19790101
0.000
0.000
0.000
0.000
0.103
0.000
0.000
0.000
0.000
0.000
0.000
0.000
0.000
0.000
0.355
0.442
0.000
0.000
0.000
0.000
0.000
0.000
0.000
0.000
0.000
0.000
0.000
0.072
0.227
2.013
0.000
0.000
0.240
0.000
0.000
0.000
0.000
0.000
0.000
0.000
0.000
0.000
0.000
0.000
0.000
0.000
0.000
0.000
0.000
0.000
0.000
0.000
0.000
0.000
0.000
0.000
0.000
0.000
0.000
0.000
0.000
0.000
0.000
0.000
0.000
0.021
2.937
0.663
0.675
0.896
0.000
0.003
0.896
0.271
0.000
0.113
0.165
0.457
0.000
0.014
0.240
0.110
0.000
1.528
3.419
0.742
1.233
0.735
0.790
1.088
1.267
0.841
0.240
0.089
0.381
0.247
0.014
0.000
0.000
0.000
0.000
0.000
0.000
0.000
0.000
0.000
0.000
0.000
0.000
0.000
0.436
0.958
0.000
0.000
0.062
1.864
0.041
0.000
0.836
0.000
2.108
0.034
0.117
0.041
0.000
0.000
0.000
0.000
0.000
0.000
0.000
0.000
0.000
0.000
0.000
0.000
0.000
0.000
0.000
0.000
0.000
0.175
0.027
1.130
0.000
0.000
0.000
0.000
0.000
0.000
0.000
0.000
0.000
0.000
0.000
0.000
0.000
0.000
1.135
0.000
0.000
0.000
0.000
0.000
0.000
0.000
0.000
0.000
0.000
0.000
0.000
0.000
0.000
0.000
0.000
0.000
0.000
0.000
0.000
0.000
0.000
0.000
0.000
0.000
0.000
0.000
0.000
0.000
0.000
0.000
0.000
0.000
0.000
0.000
0.000
0.000
0.000
0.000
0.000
0.000
0.000
0.000
0.000
0.000
0.000
0.000
0.000
0.000
0.000
0.000
0.000
0.000
0.000
0.000
0.000
0.000
0.000
0.000
0.000
0.000
0.000
0.000
0.000
0.000
0.000
0.000
0.000
0.000
0.000
0.000
0.000
0.000
0.000
0.000
0.000
0.003
4.573
0.587
0.000
0.000
0.000
0.000
0.000
0.000
0.000
0.003
0.000
0.000
0.000
0.000
0.000
0.000
0.000
0.000
0.000
0.271
0.113
2.851
0.000
0.000
9.520
0.000
0.000
0.000
0.000
0.000
0.000
0.000
0.000
0.000
0.000
0.000
0.000
0.000
0.000
0.000
0.000
0.000
0.000
0.000
0.000
0.000
0.007
0.000
0.007
0.072
0.076
0.000
0.000
0.027
0.096
0.065
0.000
3.437
0.106
0.096
0.000
0.048
0.000
0.003
0.000
0.045
0.360
0.000
0.000
0.035
0.000
0.410
0.000
0.094
0.000
0.000
0.000
0.000
0.000
0.003
0.000
0.000
0.000
0.000
0.632
5.610
0.252
0.000
0.000
0.000
0.081
0.014
0.000
0.000
0.000
0.000
0.000
0.000
0.000
0.000
0.000
0.000
0.000
0.000
0.000
0.000
0.000
0.000
0.000
0.000
0.000
0.000
0.000
0.000
0.000
0.000
0.949
0.000
0.647
2.736
6.817
5.461
0.000
0.000
0.000
0.000
0.000
0.010
4.372
3.282
0.000
0.010
0.000
0.000
0.000
0.000
0.000
0.000
0.000
0.000
0.000
0.000
0.000
0.000
0.179
0.000
0.000
0.000
0.000
0.000
0.000
0.000
0.000
0.000
0.000
0.000
0.000
0.000
0.000
0.000
0.000
0.000
0.000
0.096
0.000
0.000
0.003
0.045
0.000
0.000
0.000
0.000
0.000
0.000
0.000
0.000
0.000
0.000
0.000
0.014
0.000
0.000
0.000
0.000
0.000
0.000
0.000
0.000
0.000
0.000
0.000
0.000
0.000
0.114
0.055
0.181
0.112
0.000
0.000
0.051
0.000
0.000
0.007
0.000
0.027
0.000
0.000
0.000
0.783
0.000
0.000
0.098
0.537
0.000
1.971
0.179
0.000
0.000
0.000
0.000
0.021
0.388
2.173
0.000
0.000
0.000
0.000
0.000
0.000
0.000
0.000
0.000
0.000
0.385
15.515
0.000
0.000
0.000
0.000
0.000
0.000
0.000
0.000
0.000
0.000
0.000
0.000
3.080
0.244
2.086
0.868
1.049
0.433
0.000
0.000
0.000
0.000
0.000
0.000
0.000
0.000
0.000
0.000
0.000
0.000
0.000
0.000
0.082
0.000
0.000
0.000
0.000
0.000
0.000
0.000
0.000
0.000
0.000
0.000
0.000
0.000
0.681
0.000
0.014
0.000
1.354
0.338
0.000
0.000
0.000
0.000
0.000
0.000
0.000
0.000
0.000
0.000
0.000
0.000
0.000
0.000
0.455
0.154
0.000
0.000
0.000
0.000
0.000
0.000
0.000
0.000
0.000
0.000
0.000
0.000
0.000
0.017
0.051
0.261
0.225
0.000
0.379
0.433
0.512
0.410
0.450
0.501
0.599
1.097
0.957
0.985
0.687
0.618
1.119
0.700
1.239
0.597
0.992
0.676
1.287
1.373
0.062
0.632
1.044
0.446
0.831
0.000
0.007
0.000
0.000
0.000
0.000
0.000
0.000
0.000
0.000
0.000
0.000
0.000
0.000
0.000
0.000
0.000
0.000
0.000
0.000
0.000
0.000
0.000
0.000
0.000
0.000
0.000
0.000
0.000
0.000
0.000
0.000
0.000
0.000
0.000
0.000
0.000
0.000
0.000
0.000
0.000
0.000
0.000
0.000
0.000
0.000
0.000
0.000
0.000
0.000
0.000
0.000
0.021
0.000
0.000
0.865
0.000
0.000
0.000
0.000
0.014
0.027
0.045
0.000
0.069
0.069
0.103
0.100
0.076
0.144
0.076
0.007
0.010
0.165
0.055
0.048
0.000
0.014
0.069
0.038
0.000
0.000
0.000
0.000
0.069
0.058
0.228
0.130
0.000
0.000
0.000
0.000
0.000
1.064
0.000
0.058
0.000
0.021
0.000
0.000
0.014
9.950
0.000
0.331
1.171
0.000
0.000
0.393
0.108
0.000
0.003
0.000
0.000
0.000
0.000
0.000
0.290
0.127
3.565
0.000
0.151
0.000
0.000
0.000
0.000
0.000
0.000
0.000
0.000
0.000
0.000
0.000
0.000
0.000
0.000
0.000
0.000
0.000
0.000
0.000
0.000
0.000
0.000
0.000
1.524
18.797
0.045
0.000
0.000
0.051
2.736
1.105
0.000
0.000
0.000
0.000
0.000
0.000
0.000
0.000
0.103
0.216
5.232
0.000
0.223
0.065
0.000
3.169
0.000
0.000
0.003
0.000
0.000
0.000
0.000
0.000
0.000
0.179
0.000
0.000
0.601
0.000
0.000
4.549
0.000
0.000
0.000
0.000
0.048
0.000
0.000
0.000
0.000
0.000
0.100
0.000
0.000
2.606
0.000
0.000
0.000
0.000
0.000
0.069
0.000
0.000
0.000
0.000
0.000
0.000
0.000
0.000
0.000
5.122
0.117
0.213
0.031
1.730
0.838
0.240
0.154
0.007
0.010
0.787
0.233
1.179
0.436
0.048
3.716
0.426
0.524
0.223
0.452
0.536
0.237
0.108
0.038
0.455
0.336
0.000
0.000
0.000
0.000
0.000
0.000
0.000
0.000
0.000
0.000
0.000
0.000
0.000
0.000
0.027
0.007
0.378
0.000
0.000
0.000
0.000
0.391
0.000
0.000
0.000
0.000
0.062
0.051
0.086
0.000
0.003
0.072
0.000
3.912
0.000
0.829
0.000
0.108
9.817
4.465
1.210
0.086
0.000
0.000
0.000
0.000
0.000
0.000
0.000
0.000
0.000
0.000
0.000
0.000
0.000
0.000
0.000
0.000
0.000
0.000
0.000
0.000
0.000
0.021
0.000
0.000
0.000
0.000
0.285
0.000
0.003
0.467
0.000
0.000
0.000
0.000
0.000
0.000
0.000
0.000
0.000
0.000
0.000
0.000
0.000
0.000
0.000
0.000
0.000
0.000
0.000
3.159
0.003
0.000
0.000
0.031
0.062
0.268
0.227
0.134
0.810
0.817
0.972
0.920
1.147
1.174
1.325
1.066
1.195
1.198
1.052
1.600
1.159
1.246
1.188
1.198
1.100
1.514
0.597
0.673
1.123
0.700
0.621
0.573
0.515
0.498
0.414
0.215
0.297
0.000
0.103
0.069
0.000
0.000
0.000
0.000
0.000
0.000
0.000
0.000
0.000
0.000
0.000
0.000
0.000
0.000
0.000
0.000
0.000
0.000
0.000
0.000
0.000
0.000
0.000
0.000
0.000
0.000
0.000
0.000
0.000
0.000
0.000
0.000
0.000
0.000
0.000
0.000
0.000
0.000
0.000
0.000
0.062
0.000
0.000
0.000
0.000
0.000
0.000
0.000
0.000
0.000
0.000
0.000
0.000
0.000
0.000
0.000
0.062
0.000
0.000
0.230
3.097
0.242
0.968
0.158
0.330
0.041
0.024
0.024
0.357
0.000
0.062
0.014
0.010
0.021
0.000
0.017
0.000
0.014
0.024
0.007
0.093
0.065
0.000
0.000
0.000
0.175
0.027
0.000
0.017
2.084
0.072
0.000
0.000
0.079
0.055
8.439
0.000
0.000
0.000
0.069
4.106
0.000
0.024
0.014
2.712
0.144
0.000
0.000
0.000
0.007
0.779
0.000
2.650
0.000
0.000
0.000
0.000
1.741
0.089
0.000
0.000
0.000
0.000
0.000
0.000
0.034
0.021
0.000
0.930
1.099
0.000
0.000
0.000
0.000
0.000
0.000
0.000
0.000
0.000
0.000
0.000
0.000
0.010
0.000
0.000
1.305
0.632
0.017
0.924
1.425
0.000
0.000
0.000
0.168
0.117
0.000
0.000
0.000
0.000
0.522
5.222
0.000
0.000
0.000
0.000
0.913
0.000
0.000
0.000
0.000
0.000
0.000
0.000
0.000
0.000
0.000
0.000
0.000
0.000
0.000
0.000
0.000
0.000
0.000
0.000
0.000
0.000
0.000
0.014
0.000
0.000
0.000
0.000
0.000
0.000
0.000
0.000
0.093
0.000
0.000
0.000
0.003
0.652
0.000
0.338
0.426
0.000
0.057
0.359
0.007
0.000
0.000
0.000
0.000
0.000
0.000
0.000
0.021
0.000
0.000
0.000
0.000
0.000
0.000
0.000
0.000
0.212
3.624
0.000
0.000
0.000
0.000
0.000
0.000
0.000
0.000
0.000
0.051
1.143
2.585
3.608
2.391
5.948
0.805
0.863
0.000
0.000
0.000
0.000
0.000
0.000
0.115
0.000
0.000
0.000
0.086
0.000
0.000
0.000
0.000
0.031
0.010
0.000
0.000
0.000
0.000
0.000
0.000
0.000
0.000
0.000
0.000
0.000
0.000
0.000
0.000
0.000
0.000
0.000
0.000
0.000
0.000
0.000
1.190
0.007
0.731
0.000
0.000
0.000
0.000
0.000
0.000
0.000
0.000
0.000
0.000
0.000
0.000
0.000
0.000
0.000
0.000
0.000
0.000
0.000
0.000
0.000
0.000
0.000
0.000
0.000
0.000
0.000
0.000
0.000
0.069
0.000
0.000
0.000
0.000
0.000
0.000
0.000
0.000
0.000
0.000
0.000
0.000
0.000
0.000
0.000
0.000
0.000
0.000
0.000
0.000
0.000
0.000
0.000
0.000
0.000
0.000
0.000
0.000
0.000
0.000
0.000
0.000
0.000
0.000
1.669
0.578
0.000
0.000
0.000
0.000
0.000
0.000
0.000
0.000
0.000
0.000
0.000
0.000
0.000
0.000
0.000
0.000
0.000
0.000
0.000
0.000
0.000
0.000
0.000
0.000
0.000
0.000
0.000
0.000
0.000
0.000
0.000
0.000
0.000
0.000
0.000
0.000
0.000
0.000
0.000
0.000
0.000
0.000
0.000
0.000
0.000
0.000
0.000
0.000
0.000
0.000
0.000
0.000
0.000
0.000
0.000
0.000
0.000
0.000
0.000
0.000
0.000
0.058
0.000
0.000
0.000
0.000
0.000
0.000
0.000
0.000
0.000
0.000
0.000
0.088
0.014
0.000
0.003
0.000
0.000
0.000
0.000
0.000
0.000
0.000
0.000
0.000
0.000
0.000
0.000
0.000
0.000
0.000
0.000
0.000
0.000
0.000
0.000
0.000
0.007
1.246
0.000
0.000
0.000
0.000
0.000
0.000
0.000
0.000
0.000
0.000
0.000
0.000
0.000
0.000
0.000
0.000
0.000
0.000
0.000
0.000
0.000
0.000
1.959
0.000
0.000
0.000
0.000
0.000
0.000
0.000
0.000
0.000
0.000
0.000
0.000
0.000
0.000
0.000
0.000
0.000
0.000
0.000
0.000
0.000
0.000
0.000
0.000
0.000
0.000
0.000
0.000
0.000
0.000
0.000
0.000
0.000
0.000
0.000
0.000
0.000
0.000
0.000
0.000
0.000
0.000
0.000
0.000
0.000
0.000
0.000
0.000
0.000
0.000
0.000
0.000
0.000
0.000
0.000
0.000
0.000
0.000
0.000
0.000
0.000
0.000
0.000
0.000
0.000
0.000
0.000
0.000
0.173
0.000
0.000
0.000
0.003
0.058
0.000
0.000
0.000
0.000
0.000
0.000
0.000
0.000
0.000
0.000
0.000
0.000
0.000
0.000
0.000
0.000
0.000
0.000
0.000
0.000
0.000
0.000
0.000
0.000
0.000
0.000
0.000
0.000
0.000
0.000
0.000
0.000
0.000
0.000
0.244
0.714
0.000
0.000
0.000
0.000
0.000
0.000
0.000
0.000
0.000
0.000
0.000
0.000
0.000
0.000
0.000
0.000
0.130
0.000
0.000
0.000
0.000
0.000
0.000
0.000
0.000
0.000
0.021
0.772
3.701
0.000
0.062
0.000
3.433
6.492
0.127
3.986
13.259
1.801
5.076
0.000
0.003
0.103
0.000
0.000
0.000
0.000
0.000
0.000
0.000
0.000
0.000
0.000
0.000
0.117
0.000
0.000
0.000
0.000
0.000
0.000
0.000
0.000
0.185
0.000
0.000
0.000
0.000
0.000
0.000
0.000
0.364
0.000
0.000
0.000
0.000
0.000
0.000
0.000
0.000
0.000
0.000
0.058
0.000
0.000
0.000
0.000
0.000
0.000
0.000
0.000
0.000
0.000
0.000
0.000
0.000
0.000
0.566
0.000
0.000
0.000
0.000
0.000
0.000
0.000
0.000
0.000
0.000
0.000
0.000
0.000
0.000
0.000
0.000
0.000
0.000
0.000
0.000
0.000
0.000
0.000
0.000
0.000
0.000
0.000
0.000
0.000
0.000
0.000
0.000
0.000
0.000
0.000
0.000
0.000
0.000
0.000
0.000
0.000
0.000
0.000
0.000
0.000
0.000
0.000
0.000
0.000
0.000
0.000
0.000
0.000
0.000
0.000
0.000
0.000
0.000
0.000
0.000
0.000
0.000
0.000
0.000
0.000
0.000
0.000
0.000
0.000
0.000
0.000
0.000
0.000
0.000
0.000
0.000
0.000
0.000
0.000
0.000
0.000
0.000
0.000
0.000
0.000
0.000
0.000
0.000
0.000
0.000
0.000
0.000
0.000
0.000
0.000
0.000
0.000
0.000
0.000
0.000
0.000
0.000
0.000
0.000
0.000
0.000
0.000
0.000
0.000
0.000
0.000
0.000
0.000
0.058
0.000
0.000
0.000
0.000
0.000
0.070
0.172
0.000
0.045
0.000
0.000
0.000
0.000
0.069
0.000
0.000
0.093
0.000
0.000
0.000
0.078
0.069
0.000
0.027
0.000
0.000
3.124
1.444
0.000
0.000
0.000
0.000
0.000
0.000
0.000
0.000
0.000
0.000
0.000
0.000
0.000
0.000
0.000
0.000
0.000
0.000
0.065
0.000
0.000
0.000
4.123
0.000
0.000
0.000
0.000
0.000
0.031
0.000
0.000
0.000
0.007
1.291
0.000
0.000
0.000
0.000
0.000
0.000
0.000
0.000
0.000
0.000
0.268
0.000
0.000
0.000
0.000
0.000
0.000
0.000
0.000
0.000
0.000
0.000
0.098
0.000
0.000
0.000
0.000
0.000
0.000
0.000
0.000
0.000
0.000
0.000
0.000
0.000
0.000
0.000
0.000
0.000
0.000
0.000
0.000
0.000
0.000
0.000
0.000
0.000
0.000
0.000
0.000
0.563
0.000
0.072
0.076
0.000
0.000
0.000
0.003
0.034
0.127
0.000
1.552
0.185
0.144
2.427
0.000
0.189
0.014
0.000
0.000
0.007
0.014
0.000
0.014
0.065
0.000
0.000
0.000
0.000
0.000
0.209
0.000
0.024
0.000
0.000
0.000
0.000
0.000
0.000
0.000
0.000
0.000
0.000
0.000
0.000
0.666
9.084
2.956
0.003
3.045
0.433
0.100
0.165
4.614
2.390
0.553
0.003
0.055
0.618
0.227
0.790
0.185
0.134
0.034
0.017
0.615
0.007
0.062
3.893
2.596
0.350
10.859
0.580
0.000
0.000
1.833
0.000
1.298
0.082
0.336
6.963
1.816
0.000
0.000
0.014
0.031
0.000
0.000
0.000
0.000
0.000
0.000
0.000
0.000
0.000
0.391
0.069
0.000
0.000
0.936
1.112
6.226
0.060
0.000
0.340
1.274
0.000
0.000
0.014
0.017
0.000
0.000
1.025
0.000
0.000
0.000
0.000
0.082
6.770
0.855
0.000
0.000
0.000
0.000
1.797
0.000
0.000
0.000
0.000
0.000
0.000
0.000
0.000
0.000
0.000
0.000
0.000
0.000
0.000
0.000
0.000
3.171
0.024
0.000
0.000
0.000
0.000
0.000
0.000
0.000
0.000
0.000
0.000
0.000
0.000
0.000
0.000
0.038
0.000
0.000
0.000
0.000
0.000
0.000
0.000
0.000
0.000
0.000
0.000
0.000
0.000
0.000
0.000
0.000
0.000
0.000
0.000
0.000
0.000
0.010
0.802
0.000
0.000
0.000
0.000
0.000
0.000
0.000
0.000
0.000
0.000
0.000
0.000
0.000
0.000
0.306
0.000
0.000
0.000
0.000
0.000
0.000
0.000
0.000
0.000
0.000
0.000
0.000
0.000
0.000
0.000
0.000
0.000
0.000
0.000
0.000
0.106
0.000
0.000
0.000
0.000
0.000
0.000
0.000
0.000
0.000
0.000
0.312
0.000
0.252
1.990
0.000
0.000
0.000
0.000
0.000
0.000
0.000
0.000
0.000
0.000
0.000
0.000
0.000
0.000
0.000
0.506
0.000
0.000
0.261
0.000
0.000
0.000
0.000
0.000
0.034
0.014
0.000
0.000
0.000
0.000
0.000
0.000
7.060
2.870
0.000
2.891
0.093
0.000
0.014
0.000
0.014
0.062
0.000
0.295
0.021
0.000
0.709
0.000
0.105
0.003
3.505
4.106
0.000
0.000
0.000
0.000
0.000
0.266
2.700
0.000
0.000
0.000
0.000
0.000
0.000
0.000
0.000
0.252
0.000
0.067
0.000
0.000
0.000
0.014
0.000
0.000
0.000
0.000
0.000
0.000
0.000
0.000
0.000
0.000
0.000
0.000
0.000
0.000
0.000
0.000
0.000
0.000
0.000
0.000
0.000
0.000
0.000
0.000
0.000
0.000
0.000
0.000
0.000
0.000
0.000
0.000
0.000
0.000
0.000
0.000
0.014
0.194
0.021
0.838
0.189
0.000
0.000
0.000
0.000
0.045
0.000
0.000
0.000
0.000
0.000
0.000
0.000
0.000
0.000
0.000
0.000
0.000
0.000
0.000
0.000
0.000
0.000
0.000
0.000
0.000
0.000
0.000
0.000
0.000
0.000
0.000
0.000
0.000
0.000
0.000
0.000
0.000
0.000
0.000
0.000
0.000
0.000
0.000
0.000
0.000
0.000
0.000
0.000
0.000
0.000
0.000
0.000
0.000
0.000
0.470
0.010
0.000
0.000
0.000
0.000
0.000
0.000
0.000
0.000
0.000
0.000
0.000
0.000
0.000
0.000
0.000
0.000
0.000
0.000
0.000
1.260
0.000
0.000
1.064
0.014
0.000
0.000
0.000
0.124
6.372
0.000
0.000
0.000
0.000
0.000
0.000
0.000
0.000
0.000
0.000
0.000
0.000
0.000
0.000
0.045
0.199
0.120
0.000
0.000
0.417
0.000
0.000
0.021
0.031
3.958
0.000
0.824
0.007
0.000
0.000
4.819
0.039
4.187
0.000
0.000
0.000
0.664
13.069
0.000
0.000
0.000
0.000
0.000
0.000
0.000
0.000
0.000
0.000
0.000
2.841
0.000
0.000
0.000
0.000
0.000
0.000
0.000
0.000
0.000
0.000
0.000
0.000
0.000
0.000
0.000
0.000
0.000
0.000
0.000
0.000
0.000
0.000
0.000
0.000
0.000
0.000
0.000
0.000
0.000
0.000
0.000
0.000
0.000
0.000
0.000
0.000
0.000
0.000
0.000
0.000
0.000
0.000
0.000
0.000
0.000
0.000
0.000
0.000
0.000
0.000
0.000
0.000
0.000
0.000
0.000
0.000
0.034
0.000
0.000
0.000
0.000
0.000
0.000
0.000
0.000
0.000
0.000
0.000
0.000
0.000
0.000
0.007
0.453
0.000
0.000
0.000
0.000
0.000
0.000
0.000
0.000
0.000
0.000
0.000
0.000
0.000
0.000
8.461
0.000
0.000
0.000
0.000
0.000
0.000
0.000
0.000
0.000
0.000
0.000
0.000
0.000
0.000
0.000
0.000
0.031
0.000
0.000
0.000
0.000
0.000
0.000
0.000
0.000
0.000
0.000
0.000
0.000
0.000
0.000
0.000
0.000
0.000
0.000
0.000
0.000
0.000
0.000
0.000
0.000
0.000
0.429
0.000
0.000
0.000
0.000
0.000
0.000
0.000
0.000
0.000
0.000
0.000
0.000
0.000
0.000
0.000
2.376
0.814
2.702
2.827
1.212
0.046
0.043
0.000
0.000
0.000
0.000
0.000
0.000
0.000
1.756
0.000
0.000
0.000
0.000
0.000
0.000
0.000
0.000
0.000
0.000
0.000
0.000
0.000
0.000
0.000
0.000
4.401
0.000
0.000
0.000
0.000
0.000
0.000
0.000
0.000
0.000
0.000
0.000
0.209
0.000
0.621
0.000
0.000
0.072
0.027
0.017
0.000
0.000
0.000
0.000
0.000
0.000
0.000
0.000
0.000
0.000
0.000
0.000
0.000
0.000
0.000
0.000
0.000
0.000
0.000
0.000
0.000
0.000
0.000
0.000
0.000
0.045
0.000
0.000
0.000
0.000
0.000
0.000
0.000
0.000
0.000
0.000
0.000
0.000
0.000
0.000
0.000
0.000
0.000
0.000
3.365
0.000
0.213
0.000
0.000
0.000
0.000
0.000
0.000
0.000
0.000
0.000
0.000
0.000
0.000
0.000
1.821
1.579
0.000
0.000
0.000
0.000
1.542
0.000
0.000
0.000
0.000
0.000
1.325
5.164
0.000
3.704
0.010
0.000
0.000
1.324
0.000
0.000
0.295
0.966
0.173
0.000
0.000
0.000
0.000
0.695
0.000
0.000
0.000
0.000
0.000
0.000
0.000
0.000
0.000
0.000
0.000
0.000
0.000
0.000
0.000
0.000
0.000
0.000
0.000
0.518
0.093
5.359
0.000
0.161
0.268
0.000
2.029
0.000
0.000
0.000
0.000
0.000
0.000
1.044
0.216
1.432
0.889
5.219
0.000
0.694
0.000
0.000
0.000
0.000
0.000
0.000
0.000
0.257
0.000
0.000
0.000
0.000
0.000
0.000
0.000
0.000
0.000
0.000
0.000
0.000
0.000
0.021
1.126
0.000
0.000
0.000
0.031
0.000
0.000
0.000
0.000
0.000
0.000
0.000
0.000
3.931
-99.000
0.560
0.697
0.790
0.000
1.160
0.069
0.000
0.000
0.000
1.088
0.000
0.000
0.000
0.000
0.000
0.000
0.000
0.000
0.000
0.000
0.000
0.000
0.000
0.000
0.000
0.000
0.000
0.000
0.000
0.000
0.000
0.000
0.000
0.031
0.017
0.000
0.000
0.000
0.000
0.000
0.000
0.000
0.000
0.000
0.000
0.000
0.000
0.000
0.000
0.000
0.000
0.000
0.000
0.000
0.000
0.000
0.000
0.000
0.000
0.000
0.000
0.000
0.000
0.000
0.000
0.000
0.000
0.000
0.000
0.000
0.000
0.000
0.000
0.000
0.000
0.000
0.000
0.000
0.000
0.000
0.000
0.000
0.000
0.000
0.000
0.000
0.000
0.000
0.000
0.000
0.000
0.000
0.000
0.000
0.000
0.000
0.000
0.000
0.000
0.000
0.000
0.000
0.000
0.000
0.000
0.000
0.000
0.000
0.000
0.000
0.000
0.000
0.000
0.000
0.000
0.000
0.014
0.000
0.000
0.000
0.000
0.000
0.781
0.000
0.000
0.000
0.000
0.000
0.000
0.000
0.000
0.000
6.468
38.054
0.000
0.000
0.227
0.000
0.000
0.000
7.581
3.282
0.000
0.000
0.000
0.000
0.000
0.000
0.000
0.000
0.000
0.000
0.000
0.081
9.122
0.000
0.000
0.000
0.000
0.000
0.000
0.000
0.000
0.000
0.000
0.000
0.000
0.000
0.000
0.000
0.000
0.000
0.000
0.000
0.000
0.000
0.000
1.033
0.524
0.000
0.057
0.076
0.000
0.000
0.000
0.014
0.000
0.000
0.000
0.000
0.000
0.000
0.000
0.000
0.000
0.000
0.000
0.000
0.000
0.000
0.000
0.000
0.000
0.000
0.000
0.000
0.000
-99.000
-99.000
-99.000
-99.000
-99.000
-99.000
-99.000
-99.000
0.000
0.000
0.000
0.000
0.000
0.000
0.003
0.163
0.010
0.000
0.000
0.000
0.000
0.000
0.000
0.000
0.000
0.000
0.000
0.000
0.000
0.000
0.000
7.327
0.000
0.000
0.000
0.000
0.000
0.000
0.000
0.014
0.000
0.000
0.000
0.000
0.000
0.000
0.000
0.000
0.000
0.000
0.000
0.000
0.000
0.000
0.000
0.010
0.014
0.000
0.000
0.000
0.000
0.000
0.000
0.000
0.000
0.000
0.000
0.000
0.000
0.000
0.000
0.000
0.000
0.000
0.000
0.000
0.000
0.000
0.288
0.000
0.000
0.000
0.000
0.000
0.000
0.000
0.000
0.000
0.000
0.000
0.000
0.060
2.226
0.295
0.000
0.000
0.000
0.000
0.000
0.000
1.250
6.921
0.000
3.279
0.000
0.000
0.000
0.000
0.000
0.000
0.000
0.000
0.000
0.076
0.000
0.000
1.540
0.088
0.000
0.000
0.000
0.000
0.000
1.610
0.000
0.000
0.946
0.000
3.670
2.513
18.605
1.215
0.841
0.000
2.170
0.776
0.553
0.000
0.972
0.611
0.000
0.000
0.000
0.000
0.000
0.000
0.000
0.000
0.000
0.000
0.000
0.378
1.311
1.016
0.000
0.000
0.000
0.000
0.000
0.000
0.000
0.000
0.000
0.000
0.000
0.000
0.000
0.000
0.000
0.000
0.000
0.000
0.000
0.000
0.000
0.000
0.000
0.000
0.000
0.000
0.000
0.000
0.000
0.000
0.000
0.000
0.000
0.000
0.000
0.000
0.000
0.000
0.000
0.000
0.000
0.000
0.000
0.000
0.000
0.000
0.000
0.000
0.000
0.000
0.000
0.000
0.041
0.000
0.000
0.000
0.000
0.000
0.000
0.000
0.000
0.000
2.230
0.000
0.000
0.000
0.000
0.000
0.000
0.000
0.000
0.000
0.000
0.000
0.000
0.000
0.000
0.000
0.000
0.000
0.000
0.000
0.000
0.000
0.000
0.000
0.000
0.000
0.000
0.000
0.000
0.000
0.000
0.000
0.000
0.000
0.000
0.000
0.000
0.000
0.000
0.000
0.000
0.000
0.000
0.000
0.000
0.000
0.000
0.000
0.000
0.000
0.000
0.000
0.000
0.000
0.000
0.000
0.168
0.034
0.021
0.000
0.000
6.884
0.557
0.000
0.000
0.000
0.000
0.000
0.014
0.000
0.000
0.000
0.000
0.000
0.000
0.000
3.559
4.182
0.000
0.185
0.000
0.000
0.000
0.062
0.031
0.000
0.000
0.000
0.000
0.000
0.000
0.000
0.003
0.000
0.000
6.118
2.626
0.000
0.000
1.116
0.000
0.000
0.100
0.000
0.000
0.000
0.000
0.000
0.000
0.000
1.517
0.000
0.003
7.275
0.285
32.358
0.000
0.000
0.000
0.000
0.024
0.048
0.041
0.000
0.000
0.000
0.096
0.062
3.052
0.007
2.163
0.000
0.000
0.000
0.000
0.000
0.000
0.082
0.000
0.350
0.000
0.000
0.051
0.000
0.000
0.000
0.000
0.000
0.000
0.000
0.000
0.000
0.000
0.000
0.000
0.000
0.000
0.000
0.000
0.000
0.000
0.000
0.000
0.000
0.000
0.000
0.000
0.000
0.000
0.000
0.000
0.000
0.000
0.000
0.000
0.000
0.000
0.000
0.000
0.000
0.000
0.000
0.000
0.000
0.000
0.000
0.000
0.000
0.000
0.000
0.000
0.000
0.000
0.000
0.000
0.000
0.014
0.000
1.602
2.451
0.211
0.000
0.000
0.000
0.000
0.000
0.000
0.000
0.000
0.000
0.000
0.000
0.529
10.864
0.000
0.000
0.017
0.000
1.020
0.000
0.000
0.000
0.299
0.000
0.000
0.288
0.014
2.987
0.000
2.060
2.345
0.000
0.000
0.000
0.000
0.000
0.000
0.000
0.000
0.000
0.000
0.000
0.000
0.000
0.000
0.000
0.000
0.000
0.000
0.000
0.000
0.000
0.000
0.000
0.000
0.000
0.000
0.000
0.233
15.204
2.801
0.168
7.757
5.076
10.274
0.007
3.740
5.984
0.000
0.000
0.000
0.000
0.000
0.007
0.007
0.000
0.046
0.657
0.000
0.000
1.157
0.230
6.801
0.000
0.000
0.000
0.000
0.333
0.103
0.000
1.160
6.561
0.000
0.000
0.069
0.000
0.000
1.799
3.152
3.900
0.000
5.268
0.038
0.772
0.477
1.003
1.160
4.539
13.606
0.000
0.038
0.125
3.282
0.000
0.000
0.000
0.000
0.000
0.512
0.000
0.000
0.000
0.000
0.000
0.000
8.587
0.064
0.010
0.000
0.000
0.000
0.877
0.137
3.571
0.000
0.000
0.000
0.000
0.000
0.000
0.000
2.808
0.247
0.000
0.000
0.000
0.000
0.000
0.000
0.000
0.000
0.000
0.000
0.000
0.000
0.000
0.000
0.000
0.000
0.000
0.000
0.000
0.000
0.000
0.000
0.000
0.000
0.000
0.000
0.000
0.000
0.000
0.000
0.000
0.000
0.000
0.000
0.000
0.151
0.000
0.000
0.000
0.000
0.000
0.000
0.000
0.000
0.000
0.000
1.289
0.000
0.000
0.000
0.000
0.000
0.000
0.000
0.000
0.000
0.000
0.280
0.000
0.312
0.439
0.000
0.000
0.000
0.000
0.000
0.000
0.000
0.639
0.443
0.014
3.008
8.854
0.000
0.000
0.000
0.199
0.124
0.000
0.058
6.121
0.014
0.000
0.000
0.000
0.000
0.000
0.000
0.149
0.000
0.000
0.000
0.000
0.000
0.000
0.000
0.000
0.000
0.000
0.000
3.747
0.000
0.014
0.201
0.000
0.000
0.051
0.194
9.737
1.377
0.299
0.000
0.767
0.000
0.000
0.000
0.000
0.000
0.000
0.000
0.000
0.000
0.000
0.190
0.000
0.000
0.000
0.000
0.000
0.000
0.000
0.000
0.000
0.000
0.014
0.003
0.000
0.014
1.923
0.869
0.000
0.000
0.000
0.000
11.505
5.799
0.045
0.299
0.457
0.000
0.000
0.000
0.000
0.000
0.000
0.003
19.645
7.775
25.857
0.000
0.000
0.000
0.000
0.000
0.000
0.000
0.000
0.010
0.000
0.000
0.000
0.000
0.000
0.000
0.000
0.000
0.000
0.000
0.000
0.000
0.000
0.000
0.000
0.000
0.000
0.203
0.000
0.000
0.000
0.000
0.000
0.000
0.000
0.000
0.000
0.000
0.000
0.000
0.000
0.000
0.000
0.000
0.000
0.000
0.000
0.000
0.003
0.000
0.055
0.000
0.000
0.000
2.922
0.000
0.000
0.000
0.000
0.000
0.436
0.000
0.000
0.000
0.000
0.000
0.003
0.079
0.000
0.000
0.000
0.000
0.000
0.000
0.000
0.000
0.199
0.000
0.927
0.872
0.007
0.000
0.000
0.000
0.000
0.000
1.329
2.547
0.117
0.000
0.000
0.110
0.000
0.065
2.208
0.000
2.455
0.000
0.000
0.000
1.967
0.000
0.000
0.000
0.017
0.000
0.000
0.000
0.189
0.000
0.000
0.000
0.041
2.362
4.748
0.728
0.340
0.000
0.000
0.000
0.000
0.000
0.000
0.010
0.021
0.000
0.233
0.000
0.000
0.797
0.264
0.021
0.000
0.000
0.000
0.000
0.000
0.000
0.000
0.048
0.000
0.000
11.685
18.179
9.513
13.019
10.152
0.000
0.735
0.125
0.055
0.000
0.024
0.000
0.000
0.000
0.000
0.000
0.000
0.000
0.000
0.000
0.000
0.000
0.000
0.000
0.000
0.000
0.000
0.000
0.000
0.000
0.000
0.000
0.000
0.000
0.000
0.000
2.063
0.000
0.000
0.000
0.000
0.000
0.385
0.000
0.000
0.000
0.000
0.000
1.239
0.000
0.000
0.000
0.000
0.000
0.000
0.000
1.789
0.000
0.000
0.000
0.000
0.000
0.000
0.000
0.000
0.000
0.000
0.000
0.000
0.000
0.000
0.000
0.000
0.000
0.000
0.000
0.000
0.000
0.000
0.000
0.000
0.000
0.000
0.000
0.134
4.230
0.473
0.000
1.349
0.000
0.000
2.075
0.000
0.000
0.000
0.000
0.000
0.000
0.000
0.000
0.118
0.000
0.000
0.000
0.000
0.000
0.000
0.000
0.000
0.000
0.000
0.000
0.000
0.000
0.000
0.000
0.000
0.000
0.000
0.000
0.000
0.000
0.000
0.000
0.000
0.000
0.000
0.026
11.455
0.000
0.000
0.000
0.000
0.000
0.000
0.000
0.000
0.000
0.000
0.000
0.000
0.000
0.000
0.000
0.000
0.000
0.000
0.000
0.000
0.000
0.000
0.000
0.000
0.000
0.000
0.000
0.000
0.395
0.000
0.000
0.000
0.000
0.000
0.000
0.000
0.000
0.000
0.000
0.604
1.789
0.000
0.000
0.000
0.000
0.000
0.000
0.000
0.000
2.259
4.573
0.000
0.000
0.000
0.000
0.000
0.000
0.339
0.137
0.000
0.000
0.348
0.000
0.055
1.850
0.000
0.000
0.000
0.000
0.000
0.000
0.000
0.000
0.000
0.000
0.000
0.000
0.000
0.000
0.000
0.000
0.000
0.000
0.000
0.000
0.000
0.000
0.000
0.010
0.000
2.604
0.000
0.000
0.000
0.324
0.014
0.000
0.132
2.458
0.000
0.000
0.061
0.000
0.360
0.000
0.000
0.000
0.000
0.000
0.000
0.007
0.000
0.051
0.604
0.191
0.000
0.000
0.000
0.000
0.000
0.000
0.000
0.000
0.000
0.000
0.000
0.000
0.000
0.000
0.000
0.000
0.000
0.000
0.000
0.000
0.000
0.000
0.000
0.000
0.000
0.000
0.000
0.000
0.000
0.000
0.000
0.000
0.000
0.000
0.000
0.000
0.000
0.000
0.000
0.000
0.000
0.000
0.000
0.000
0.841
0.000
0.000
0.000
0.000
0.000
0.000
0.000
0.000
0.000
0.000
1.699
5.323
0.000
0.000
0.000
0.000
0.000
0.000
0.031
1.140
0.000
0.000
0.000
0.000
0.000
0.000
0.000
0.000
0.000
0.000
0.000
0.000
0.000
0.000
0.000
0.000
0.000
0.062
0.017
0.000
0.666
0.000
0.000
0.000
0.000
0.000
0.000
0.000
0.000
0.000
0.000
0.069
0.000
0.000
0.000
0.000
0.000
0.000
0.000
0.003
0.000
0.000
0.000
0.292
0.395
0.158
0.000
0.000
0.000
0.000
0.127
1.538
4.717
1.233
0.021
1.233
0.299
0.000
0.000
0.000
0.000
0.072
3.859
1.459
0.000
0.000
0.024
1.006
0.000
0.113
0.000
0.000
0.000
0.000
0.000
0.000
0.000
0.233
0.089
0.000
0.000
0.000
0.000
0.000
0.000
0.000
0.000
0.000
0.000
0.000
0.000
0.510
0.137
0.000
0.000
0.000
0.000
0.000
0.000
0.000
0.000
0.000
0.000
0.086
0.000
0.000
0.000
0.000
0.000
0.000
0.000
0.000
0.000
0.000
0.000
0.000
0.000
0.000
0.000
0.000
0.000
0.000
0.000
0.000
0.000
0.000
0.000
0.000
0.000
0.000
0.000
0.000
0.000
0.000
0.000
0.000
0.000
0.000
0.000
0.000
0.000
0.000
0.000
0.000
0.000
0.000
0.000
0.000
0.000
0.000
0.000
0.000
0.000
0.000
0.000
0.000
0.000
0.000
0.000
0.000
0.000
0.000
0.000
0.000
0.000
0.000
0.000
0.000
0.000
0.000
0.000
0.000
0.000
0.000
0.321
0.000
0.000
0.000
0.017
0.450
0.000
0.000
0.000
0.000
0.000
0.000
0.000
0.000
0.000
0.000
0.000
0.000
0.000
0.000
0.000
0.000
0.000
0.000
0.000
0.000
0.000
0.000
0.000
0.000
0.000
0.000
0.000
0.000
0.000
0.000
0.000
0.000
0.000
0.000
0.000
0.000
0.000
0.000
0.000
0.000
0.000
0.000
0.000
0.034
0.076
0.635
0.865
0.000
0.000
0.000
0.000
0.000
0.244
0.000
0.000
0.000
0.000
0.034
0.000
0.000
0.000
0.238
0.000
0.362
0.140
0.000
0.000
0.000
0.000
0.000
0.000
0.000
0.000
0.000
0.000
0.000
0.000
0.000
0.000
0.000
0.000
0.000
0.633
0.000
0.000
0.000
0.000
0.000
0.000
0.000
0.000
0.000
0.000
0.192
4.848
0.000
2.077
1.902
0.000
0.000
0.000
0.000
0.000
0.000
0.000
0.000
0.000
0.000
0.000
0.000
0.000
0.000
0.000
0.000
0.000
0.000
0.000
0.000
0.000
0.000
0.000
0.113
0.010
0.000
0.000
0.000
0.000
0.000
0.000
0.000
0.000
0.000
0.000
0.000
0.031
0.000
0.000
0.261
0.000
0.000
0.000
0.000
0.000
0.000
0.000
0.000
0.000
0.000
0.000
0.000
0.000
0.000
0.000
0.000
0.000
0.000
0.000
0.000
0.000
0.385
0.000
0.000
0.216
0.055
0.333
0.000
0.000
0.000
0.000
0.000
0.000
0.000
0.000
0.000
0.000
0.000
0.000
0.000
0.000
0.000
0.000
0.000
0.034
0.000
0.754
0.034
0.000
0.470
0.000
0.000
0.000
0.003
0.697
1.021
0.127
0.488
0.220
0.000
0.367
0.000
0.000
0.000
0.000
0.000
0.000
0.000
0.000
0.082
0.000
0.000
0.000
0.000
0.000
0.000
0.000
0.000
0.014
6.942
2.537
0.000
0.000
0.683
1.799
0.000
0.000
0.000
0.007
0.652
1.511
0.000
0.000
0.017
0.038
0.017
0.000
0.000
0.000
0.000
0.000
0.000
0.000
0.113
0.000
0.000
0.000
0.000
0.000
0.000
0.992
0.000
0.000
0.000
0.000
0.100
0.000
0.000
0.113
0.000
0.652
0.536
0.000
0.000
1.706
0.409
0.268
4.395
0.000
0.000
0.000
0.000
0.000
0.000
0.000
0.000
0.000
0.000
0.000
0.000
4.885
0.000
0.000
0.000
0.000
0.000
0.000
0.000
0.000
0.213
0.000
0.000
0.000
0.000
0.000
0.000
0.000
0.000
0.000
0.000
0.000
0.000
0.000
0.000
0.000
0.000
0.000
0.000
0.000
0.000
0.000
0.000
0.000
0.000
0.000
0.000
0.000
0.000
0.000
0.000
0.000
0.000
0.000
0.000
0.000
0.000
0.000
0.000
0.000
0.000
0.000
0.000
0.000
0.000
0.000
0.000
0.000
0.000
0.000
0.000
0.000
0.000
0.000
0.000
0.000
0.000
0.000
0.000
0.000
0.000
0.000
0.000
0.000
0.000
0.000
0.000
0.000
0.000
0.000
0.000
0.000
0.000
0.000
0.000
0.000
0.000
0.000
0.000
0.000
0.000
0.000
0.000
0.000
0.000
0.000
0.000
0.000
0.000
0.000
0.000
0.000
0.000
0.000
0.000
0.000
0.000
0.000
0.000
0.000
0.000
0.000
0.000
0.000
0.000
0.000
0.000
0.000
0.000
0.000
0.000
0.000
0.000
0.000
0.000
0.000
0.000
0.000
0.000
0.000
0.000
0.000
0.000
0.000
0.000
0.000
0.000
0.000
0.000
0.000
0.000
0.000
0.000
0.000
0.000
0.000
0.000
0.000
0.000
0.000
0.000
0.000
0.000
0.000
0.000
0.000
0.000
0.000
0.000
0.000
0.000
0.000
0.000
0.000
0.000
0.000
0.000
0.000
0.000
0.000
0.000
0.000
0.000
0.000
0.000
0.000
0.000
0.000
0.000
0.000
0.000
0.000
0.000
0.000
0.000
0.000
0.000
0.000
0.000
0.000
0.000
0.000
0.000
0.000
0.000
0.849
1.289
0.000
0.000
0.000
0.000
0.000
0.000
0.000
0.000
0.000
0.000
0.000
0.000
0.000
0.000
0.000
0.000
0.000
0.000
0.000
0.000
0.000
0.000
0.000
0.000
0.000
0.000
0.000
0.000
0.000
0.000
0.000
0.000
0.000
0.000
0.000
0.000
0.000
0.000
0.000
0.000
0.000
0.000
0.000
0.000
0.000
0.000
0.000
0.000
0.000
0.000
0.000
0.000
0.182
0.000
0.000
0.000
0.000
0.000
0.000
0.000
0.000
0.000
0.000
0.000
0.000
0.000
0.000
0.000
0.000
0.000
0.000
0.000
0.000
0.000
0.000
0.000
0.000
0.000
0.000
0.000
0.494
0.000
0.000
0.000
0.000
0.000
0.000
0.000
0.000
0.000
0.000
2.348
21.748
0.268
0.127
0.000
0.000
0.000
0.003
0.000
0.000
0.000
0.000
0.000
0.388
0.000
0.000
6.557
0.000
0.000
0.000
0.000
0.000
0.000
6.942
0.000
0.000
0.388
0.151
0.079
0.000
0.038
0.000
0.024
0.000
0.000
0.000
0.000
1.142
0.038
0.000
0.000
0.000
0.000
0.000
0.000
0.051
0.000
0.000
0.000
0.003
0.000
0.000
0.000
0.000
0.000
0.000
0.000
0.000
0.000
0.000
0.000
0.000
0.000
0.000
0.000
0.000
0.000
0.000
0.000
0.017
8.926
0.000
0.000
0.000
0.000
0.000
0.000
0.000
0.000
0.000
0.000
0.000
0.000
0.000
0.000
0.000
0.000
0.000
0.000
0.000
0.000
0.000
0.000
0.000
0.000
0.000
0.000
0.000
0.000
0.000
0.000
0.000
0.000
0.000
0.000
0.000
0.000
0.000
0.000
0.000
0.000
0.000
0.000
0.000
0.000
0.000
0.000
0.000
0.000
0.000
0.000
0.000
0.000
0.000
0.000
0.000
0.000
0.000
0.000
0.000
0.000
0.000
0.000
0.000
0.000
0.000
0.000
0.000
0.000
0.000
0.000
0.000
0.000
0.000
0.000
0.000
0.000
0.000
0.170
0.000
0.000
0.000
0.000
0.000
0.000
0.000
0.000
0.000
0.000
0.000
0.000
0.000
0.000
0.000
0.000
0.000
0.000
0.000
0.000
0.000
0.000
0.000
0.000
0.000
0.000
0.000
0.000
0.000
0.000
0.000
0.000
0.000
0.000
0.000
0.000
0.000
0.000
0.000
0.000
0.000
0.000
0.000
0.000
0.000
0.000
0.000
0.000
0.000
0.000
0.000
0.000
0.000
0.000
0.000
0.000
0.000
0.000
0.000
0.000
0.000
0.000
0.000
0.000
0.000
0.000
0.000
0.000
0.000
0.000
0.000
0.000
0.000
0.000
0.000
0.000
0.000
0.000
0.000
0.000
0.000
0.000
0.000
0.724
0.151
0.000
0.000
0.000
0.000
0.000
0.000
0.000
0.000
0.000
0.000
0.000
0.000
0.000
0.000
2.027
0.000
0.051
0.694
0.000
0.000
0.000
0.000
0.000
2.070
0.000
0.000
1.459
0.251
3.008
0.000
0.000
0.000
0.000
0.000
0.000
0.000
0.000
0.000
0.000
0.003
0.045
0.000
0.000
0.000
0.000
0.000
0.000
0.000
0.000
0.000
0.000
0.000
0.000
0.000
0.000
0.000
0.000
0.000
0.000
0.000
0.000
0.000
0.000
0.000
0.000
0.000
0.000
0.000
0.000
0.000
0.045
0.000
0.000
0.000
0.000
0.000
0.000
0.000
0.000
0.000
0.000
0.000
0.000
0.000
0.000
0.000
0.000
0.767
2.177
0.000
0.000
0.000
0.000
0.000
0.000
0.000
0.000
0.000
0.000
0.000
0.000
0.000
0.000
0.000
0.000
0.000
0.000
0.000
0.000
0.354
0.000
0.077
0.573
0.000
0.014
0.024
0.259
0.220
0.000
0.000
0.000
0.000
0.441
0.213
0.000
0.000
0.000
0.003
0.242
5.370
0.000
0.000
0.024
0.594
0.148
0.518
3.310
3.198
19.602
0.000
0.000
0.000
0.000
0.000
0.000
0.042
0.000
0.000
0.000
0.000
27.946
0.045
1.088
3.634
2.326
0.000
0.000
0.000
0.699
7.155
0.000
0.000
3.128
0.000
0.000
0.000
0.000
0.000
0.000
0.000
0.000
0.000
0.958
0.000
0.000
0.000
0.000
0.000
0.000
0.000
0.000
0.000
0.000
0.000
0.000
0.000
0.000
7.254
0.065
0.034
0.076
0.106
0.000
0.000
0.000
0.000
0.096
0.000
0.000
0.000
0.000
0.000
0.000
0.000
0.000
0.000
0.000
0.000
0.000
0.000
0.000
0.000
0.000
0.000
0.000
0.000
0.000
0.000
0.000
0.000
0.000
0.000
0.000
0.000
0.000
0.000
0.000
0.000
0.000
0.000
0.000
0.000
0.000
0.000
0.000
0.014
0.079
0.000
0.000
0.000
0.000
0.000
0.000
0.000
0.000
0.000
0.000
0.000
0.000
0.000
0.000
0.000
0.000
0.000
0.000
0.000
0.000
0.000
0.000
0.000
0.000
0.000
0.000
0.000
0.000
0.000
0.000
0.000
0.000
0.000
0.000
0.000
0.000
0.000
0.000
0.000
0.000
0.000
0.000
0.000
0.000
0.000
0.000
0.000
0.000
0.000
0.000
0.000
0.000
0.000
0.000
0.000
0.000
0.000
0.000
0.000
0.000
0.000
0.000
0.000
0.000
0.000
0.000
0.000
0.000
0.000
0.000
0.000
0.000
0.000
0.000
0.000
0.000
0.000
0.000
0.000
0.000
0.000
0.000
0.000
0.000
0.000
0.000
0.000
0.000
0.000
0.000
0.000
0.000
0.000
0.000
0.000
0.000
0.000
0.000
0.000
0.000
0.000
0.000
0.000
0.000
0.000
0.000
0.000
0.000
0.000
0.000
0.000
0.000
0.000
0.000
0.000
0.000
0.000
0.000
0.000
0.000
0.000
0.000
0.000
0.000
0.000
0.426
0.000
0.000
0.000
0.000
0.000
0.172
0.000
0.560
0.271
2.784
0.000
0.072
0.000
0.000
0.000
0.000
0.000
0.000
0.797
0.903
1.212
1.119
0.007
0.179
0.000
0.000
0.000
0.000
0.000
0.000
0.000
0.000
0.000
0.000
0.000
0.000
0.000
0.000
0.000
0.014
0.007
0.000
0.045
0.000
0.000
0.000
0.000
0.000
0.000
0.000
0.000
0.000
0.000
0.000
0.000
0.000
0.000
0.000
0.000
0.000
0.000
0.000
0.000
0.000
0.014
0.000
0.000
0.000
0.000
3.862
0.000
0.000
0.000
0.000
0.000
0.000
0.000
0.000
0.000
0.000
0.000
0.000
0.000
0.000
0.000
0.000
0.000
0.000
0.000
0.127
0.000
0.000
0.700
0.000
0.000
0.000
0.000
0.000
0.000
0.000
0.000
0.000
0.000
0.000
0.000
0.000
0.000
0.000
0.000
0.000
0.000
0.000
0.446
0.000
4.388
0.000
7.732
0.000
0.000
4.223
0.003
0.000
0.000
0.000
0.000
0.000
0.089
0.742
0.034
1.648
0.422
0.000
0.000
0.000
0.000
0.000
0.000
0.072
0.000
0.000
0.000
0.000
0.000
0.014
0.000
0.000
5.618
0.000
2.391
2.414
1.756
0.542
10.262
2.467
0.616
0.228
0.000
0.039
0.609
0.007
0.000
0.000
0.000
0.000
0.000
0.000
0.000
0.000
0.031
0.000
0.000
1.233
0.000
0.000
0.000
0.000
2.036
0.000
0.000
0.000
0.000
0.010
0.000
0.000
0.000
0.000
0.021
0.000
0.000
0.000
0.000
0.000
0.000
0.000
0.055
0.062
1.341
0.000
0.000
0.000
4.516
0.359
2.798
0.010
0.007
0.000
0.000
0.203
0.000
0.127
0.007
0.930
0.000
0.000
0.000
0.000
0.000
0.000
0.000
0.000
0.000
0.000
0.000
0.000
0.000
0.000
0.000
0.000
0.000
0.000
0.045
0.000
0.000
0.000
0.000
0.000
0.000
0.000
0.000
0.000
0.000
0.000
0.000
0.000
0.000
0.000
0.000
0.000
0.000
0.000
0.000
0.000
0.000
0.000
0.000
0.000
0.000
0.000
0.000
0.000
0.000
0.000
0.000
0.000
0.000
0.000
0.000
0.000
0.000
0.000
0.000
0.000
0.000
0.000
0.000
0.000
0.000
0.000
0.000
0.000
0.000
0.000
0.000
0.000
0.000
0.000
0.000
0.000
0.000
0.000
0.000
0.000
0.000
0.000
0.000
0.000
0.000
0.000
0.000
0.000
0.000
0.000
0.000
0.000
0.000
0.000
0.000
0.000
0.000
0.000
0.000
0.000
0.000
0.000
0.000
0.000
0.000
0.000
0.000
0.000
0.000
0.000
0.000
0.000
0.000
0.000
0.000
0.000
0.000
0.000
0.000
0.000
0.000
0.000
0.000
0.000
0.000
0.000
0.000
0.000
0.031
0.000
0.000
0.000
0.000
0.000
0.000
0.000
0.000
0.000
0.101
0.373
0.000
0.000
11.232
0.000
0.000
0.000
0.000
0.000
0.000
0.000
0.000
0.000
0.323
0.000
0.000
0.000
0.000
0.000
0.000
0.000
0.000
0.000
0.000
0.000
0.000
0.000
0.000
0.000
0.000
0.000
0.000
0.000
0.137
0.000
3.381
0.000
0.000
0.000
0.000
0.000
0.000
0.000
0.000
0.000
0.000
0.000
0.000
0.000
0.000
0.000
0.000
0.000
0.000
0.000
0.000
0.000
0.000
0.000
0.000
0.000
0.000
0.100
0.000
0.003
0.000
0.000
0.000
0.000
0.000
0.000
0.000
0.000
0.000
0.000
0.000
0.000
0.000
0.000
0.000
0.000
0.000
0.000
0.000
0.000
0.000
0.000
0.000
0.000
0.000
0.000
0.000
0.000
0.000
0.000
0.000
0.000
0.000
0.000
0.000
0.000
0.000
0.000
0.000
0.936
0.000
0.000
0.000
0.110
0.000
0.000
0.000
0.000
0.000
0.000
0.000
0.000
0.000
0.000
0.000
0.000
0.000
0.000
0.000
0.000
0.003
0.000
0.000
0.000
0.000
0.000
0.000
0.000
0.000
0.427
0.216
0.000
0.000
0.127
0.000
0.000
0.089
0.000
0.000
0.000
0.000
0.117
0.000
0.661
0.000
0.000
0.000
0.000
0.199
0.000
0.000
0.000
0.000
0.000
0.000
0.000
0.000
0.000
0.000
0.000
0.460
30.662
0.000
0.227
0.103
0.014
0.000
1.095
0.000
0.000
0.000
0.793
1.734
0.007
2.410
4.103
0.000
0.307
0.000
0.000
0.000
0.000
0.000
0.000
0.000
0.282
0.000
0.000
4.027
0.007
0.340
0.076
0.000
0.000
0.000
0.000
0.000
0.000
0.000
0.000
0.000
0.124
2.166
0.055
13.153
0.000
0.000
0.000
0.000
0.000
0.000
0.000
2.372
0.000
0.000
0.000
0.000
0.000
0.000
0.000
0.000
0.000
4.297
0.000
0.014
0.000
0.000
0.000
0.000
0.000
0.000
0.086
0.000
0.000
0.000
0.000
0.000
0.000
0.000
0.000
0.000
0.000
0.000
0.000
0.000
0.000
0.000
0.000
0.000
0.000
0.000
0.000
0.000
0.000
0.000
0.000
0.000
0.000
0.000
0.000
0.000
0.000
0.000
0.000
0.000
0.000
0.000
0.000
0.000
0.000
11.282
0.381
0.000
2.262
0.000
0.000
0.000
0.000
0.635
0.230
0.000
0.000
0.000
0.000
0.000
0.000
4.116
0.000
0.000
0.000
0.000
0.000
0.000
0.000
0.000
0.000
0.000
0.000
0.000
0.000
0.000
0.000
0.000
0.000
0.000
0.000
0.000
0.000
0.000
0.000
0.000
0.000
0.000
0.000
0.000
0.000
0.000
0.000
0.000
0.000
0.000
0.000
0.000
0.000
0.000
0.000
0.000
0.000
0.000
0.000
0.000
0.000
0.000
0.000
0.000
0.000
0.000
0.000
0.000
0.000
0.000
0.000
0.000
0.000
0.000
4.710
0.000
0.649
1.145
2.238
0.017
0.000
0.000
0.000
0.000
0.000
0.000
0.000
0.000
0.007
0.000
0.000
0.000
0.000
0.000
0.000
0.000
0.000
0.000
0.000
0.000
0.000
0.084
0.000
0.000
0.000
0.000
1.950
0.055
2.623
0.000
0.000
0.000
0.041
0.000
0.000
0.000
0.000
0.180
11.759
2.507
1.030
1.099
0.000
0.000
0.000
0.000
0.000
0.000
0.000
0.000
0.000
0.000
0.000
0.000
0.000
0.000
0.000
0.000
0.000
0.000
0.000
0.000
0.000
0.017
0.000
0.000
0.000
0.626
0.010
0.007
0.000
0.101
0.000
0.010
0.000
0.000
0.048
0.000
0.000
0.000
0.000
0.000
0.000
0.000
0.000
0.000
0.000
0.000
0.000
0.000
0.000
0.000
0.000
0.000
0.000
0.000
0.000
0.000
0.000
0.000
0.000
0.000
0.000
0.000
0.000
0.000
0.000
0.000
0.000
1.198
0.570
4.652
4.228
1.212
0.000
0.000
0.000
0.000
0.510
0.048
0.000
0.014
0.007
0.000
0.000
0.000
0.027
1.516
0.014
0.088
0.000
0.000
0.000
0.000
0.000
0.000
0.398
0.347
0.165
0.024
0.000
0.000
0.000
0.000
0.000
0.000
0.024
2.741
0.000
0.000
0.000
0.527
0.000
0.000
0.000
0.000
3.390
0.000
0.000
0.361
0.000
0.000
0.000
0.000
0.003
0.244
0.079
0.000
0.000
0.000
0.000
0.000
0.391
0.079
0.000
0.000
0.000
3.153
1.856
0.000
0.000
0.541
0.000
0.000
0.000
0.000
0.058
0.021
0.031
0.055
0.000
0.000
0.000
0.000
3.325
0.000
0.000
0.000
0.000
1.034
0.000
0.000
0.000
0.000
0.000
0.000
0.000
2.910
0.000
0.000
0.000
0.441
1.105
0.000
0.000
0.154
4.753
0.000
0.000
0.000
0.000
4.173
1.808
0.000
0.319
0.000
0.000
0.000
0.034
0.000
0.669
0.000
0.000
0.850
0.517
0.000
0.000
0.000
0.000
0.000
0.000
0.000
0.000
0.000
0.000
0.000
0.000
0.007
0.000
0.000
0.010
0.003
0.000
0.000
0.000
0.000
0.000
0.000
6.515
0.000
0.000
0.000
0.000
0.000
0.000
0.000
0.000
0.000
0.000
0.000
0.079
0.000
0.000
0.003
0.000
0.000
0.000
0.000
0.000
0.000
0.000
0.000
0.000
0.000
0.494
0.000
0.000
0.000
1.318
0.615
0.000
0.000
0.000
0.000
0.000
0.000
0.000
0.000
0.000
0.000
0.000
0.000
0.288
0.093
0.000
0.000
0.000
0.000
0.000
0.517
0.000
0.000
0.000
2.946
0.000
0.103
5.163
0.100
2.293
0.000
0.000
0.000
0.000
0.000
0.000
0.000
0.000
0.000
0.000
0.000
0.000
0.000
0.000
0.000
0.000
0.000
0.000
0.000
0.000
0.000
0.000
0.000
0.000
0.000
0.000
0.000
0.000
0.000
0.000
0.000
0.000
0.000
0.000
0.000
0.000
0.000
0.000
0.003
0.000
0.000
0.000
0.000
0.000
0.000
0.000
0.014
0.000
0.000
0.575
0.000
0.000
0.000
0.000
0.000
0.000
0.000
0.000
0.000
0.000
0.000
0.000
0.000
0.000
0.000
0.000
0.000
0.000
0.000
0.000
0.000
0.000
0.000
0.000
0.000
0.000
0.000
0.000
0.086
0.316
2.420
0.271
0.000
0.000
0.000
0.000
0.010
0.000
0.000
5.809
0.000
1.799
4.733
10.011
0.027
1.366
0.000
0.000
0.010
0.000
0.000
0.000
0.000
0.000
0.000
0.000
0.000
0.000
0.000
0.000
0.000
0.000
0.000
0.000
0.000
0.000
0.000
0.000
0.000
0.000
0.077
0.000
0.000
0.000
0.000
0.000
0.000
0.000
0.000
0.000
0.000
0.000
0.000
0.000
0.000
0.000
0.000
0.000
0.000
0.213
0.000
0.000
0.000
0.000
0.000
0.000
0.000
0.000
0.000
0.000
0.000
0.000
0.000
0.000
0.000
0.000
0.000
0.000
0.000
3.979
1.284
0.007
0.124
0.000
0.000
0.889
0.000
0.000
0.000
0.000
0.000
0.000
0.000
0.000
0.000
0.000
0.000
0.000
0.000
0.000
0.000
0.000
0.000
0.000
0.000
0.000
0.000
0.000
0.000
0.000
0.000
0.000
0.000
0.000
0.000
0.000
0.000
0.000
0.000
0.000
0.000
0.000
0.000
0.000
4.056
0.000
0.000
0.000
0.000
0.235
0.000
0.000
0.000
0.000
0.000
0.000
0.000
0.000
0.000
0.000
0.000
0.000
0.000
0.000
0.000
0.000
0.000
0.000
0.000
0.000
0.000
0.000
5.351
8.063
4.149
4.074
0.000
1.837
0.125
0.793
0.307
10.470
7.462
0.000
0.000
0.000
0.000
0.000
0.000
0.000
0.000
0.417
0.000
0.000
0.000
0.000
0.000
0.000
0.000
0.000
0.000
0.000
0.000
0.000
0.000
0.000
0.000
0.010
0.007
0.000
0.000
0.000
0.027
0.000
0.000
0.000
0.000
0.000
0.000
0.000
0.000
0.000
8.995
0.048
0.146
0.045
0.000
0.148
0.079
0.000
0.000
0.000
0.000
0.000
0.000
0.000
0.000
0.000
0.000
0.000
0.000
0.320
4.609
0.000
0.000
0.000
0.000
0.000
0.000
0.000
0.000
0.000
0.000
0.000
0.000
0.000
0.000
0.000
0.000
0.000
0.000
0.000
0.000
0.000
0.000
0.000
0.000
0.000
0.000
0.000
0.000
0.000
0.000
0.000
0.000
0.000
0.000
0.000
0.000
0.000
0.000
0.000
0.000
0.000
0.000
0.000
0.000
0.000
0.000
0.000
0.000
0.000
0.000
0.000
0.000
0.000
0.000
0.000
0.000
0.000
0.000
0.000
0.000
0.000
0.000
0.000
0.000
0.000
0.000
0.000
0.000
0.000
0.000
0.014
0.000
0.000
0.000
0.000
0.000
0.000
0.000
0.000
0.000
0.000
0.000
0.000
0.000
0.000
0.000
0.000
0.000
0.000
0.000
0.000
0.000
0.000
0.000
0.000
0.000
0.000
0.000
0.000
0.000
0.000
0.000
0.000
0.000
0.000
0.000
0.000
0.000
0.000
0.000
0.000
0.000
0.000
0.000
0.000
0.000
0.000
0.000
0.014
0.064
0.000
0.017
5.545
0.053
0.010
0.000
0.000
0.000
0.000
0.000
0.000
0.000
0.000
0.000
0.000
0.048
0.141
0.936
0.000
7.622
2.026
0.000
0.014
0.000
0.000
0.199
0.000
0.000
0.000
0.000
2.905
0.000
0.233
0.000
0.000
0.065
1.875
0.371
0.076
0.000
0.000
0.000
0.000
0.000
0.000
0.000
0.000
0.000
0.000
0.000
0.000
0.000
0.000
0.000
0.000
0.000
0.000
0.000
0.000
0.000
0.000
0.000
0.000
0.000
0.000
0.000
0.000
0.000
0.000
0.000
0.000
0.000
0.000
0.000
0.000
0.000
0.000
0.000
0.000
0.000
0.000
0.000
0.000
0.405
0.182
0.000
0.000
0.000
0.000
0.000
0.000
0.000
0.000
0.000
0.000
0.000
0.000
0.000
0.134
0.000
0.000
0.000
0.000
0.000
0.000
0.148
0.014
0.000
0.000
0.000
0.000
0.003
0.007
0.000
0.000
0.007
0.007
0.000
0.000
0.000
0.000
0.100
0.000
0.000
0.000
0.000
0.000
0.000
0.000
0.000
0.000
0.000
0.000
0.000
0.000
3.430
0.000
0.000
0.000
0.000
0.000
0.000
0.000
0.000
0.000
0.000
0.106
0.426
0.112
0.072
0.000
0.000
0.000
0.000
0.000
0.070
0.007
0.000
0.000
0.014
13.410
0.000
0.793
0.309
0.000
6.173
1.408
0.553
0.247
6.235
0.000
0.000
0.175
0.000
0.000
0.834
1.126
6.822
13.960
0.000
0.000
0.000
0.000
0.000
0.000
3.008
0.000
0.034
0.000
0.100
0.000
0.000
0.000
0.000
0.000
0.000
0.000
0.000
1.940
0.000
0.000
0.000
0.000
0.000
0.000
0.000
0.000
0.000
0.000
0.000
0.000
0.000
0.000
0.000
0.745
1.542
1.318
4.824
0.000
0.000
0.000
0.000
0.000
0.000
0.000
0.000
0.000
0.000
0.000
0.000
0.000
0.000
0.000
0.000
0.000
0.000
0.000
0.000
0.000
0.000
0.647
0.058
0.000
0.000
0.000
0.000
0.000
0.000
0.000
0.000
0.000
0.000
0.000
0.000
0.000
0.003
0.000
0.000
0.000
0.000
0.000
0.000
0.000
0.000
0.000
0.000
0.000
0.000
0.000
0.000
0.000
0.000
0.000
0.000
0.000
0.000
0.000
0.000
0.000
0.000
0.000
0.000
0.000
0.000
0.000
0.000
0.000
0.000
0.000
0.000
0.021
0.003
0.000
0.000
0.000
0.000
0.000
0.000
0.070
0.000
0.000
0.000
0.000
0.000
0.000
0.000
0.000
0.000
0.000
0.000
0.000
0.000
0.000
0.000
0.000
0.000
0.000
0.000
0.850
0.000
0.000
0.000
0.000
0.000
0.000
0.000
0.000
0.000
0.000
0.000
0.000
0.000
0.000
0.000
0.000
0.000
0.000
0.000
0.000
0.000
0.000
0.000
0.000
0.000
0.000
2.333
0.000
0.000
0.000
0.000
0.000
0.000
0.000
0.000
0.000
0.000
0.000
0.000
1.688
0.000
0.000
0.000
0.000
0.917
3.543
0.532
1.526
1.009
0.000
0.000
0.000
0.000
0.000
7.611
3.287
5.546
1.579
0.438
0.036
12.186
0.017
0.367
4.769
0.000
0.000
0.000
0.000
0.000
0.000
0.000
0.000
0.000
0.000
5.285
0.245
0.000
0.000
0.003
0.007
0.000
0.000
0.000
0.417
0.000
0.000
0.003
8.724
0.553
3.153
0.000
0.000
0.000
2.008
0.000
0.000
0.000
0.000
0.000
0.000
0.000
0.000
0.173
3.902
0.000
0.000
0.000
0.000
0.000
0.000
0.038
0.000
0.999
0.000
2.414
0.292
0.045
0.000
0.000
0.000
0.000
0.000
0.000
0.000
8.010
0.000
0.347
0.000
0.000
0.000
0.027
3.248
8.552
0.000
0.000
0.000
0.000
0.000
4.480
0.000
0.000
0.000
0.000
0.007
0.010
0.000
0.000
0.100
0.000
0.000
0.000
0.000
0.000
0.000
0.000
0.000
0.000
0.031
0.000
0.093
0.000
0.000
0.251
8.295
0.089
2.874
2.232
7.268
0.797
11.994
0.000
0.000
0.000
0.000
0.391
0.000
0.000
0.041
0.000
0.000
0.000
0.000
0.000
0.000
0.000
0.518
0.414
1.830
2.858
11.242
0.263
0.000
0.000
0.000
0.000
0.000
0.000
0.000
0.000
1.600
0.747
3.756
0.000
0.000
0.000
0.000
1.018
0.000
0.000
0.000
0.000
0.000
0.800
0.000
0.000
3.207
0.268
3.835
0.000
0.000
0.000
0.000
0.000
0.000
0.000
0.000
0.021
0.076
0.000
0.587
0.000
0.000
0.000
0.000
0.000
0.000
1.507
0.034
13.517
2.172
4.006
0.000
1.116
0.000
0.000
4.216
1.551
0.000
0.000
0.000
0.000
0.000
0.000
0.000
0.000
0.000
0.000
0.000
0.000
0.000
0.930
0.151
0.352
0.973
0.000
0.000
0.000
0.010
0.889
0.000
0.896
0.021
0.000
0.000
0.000
0.000
0.159
0.592
0.000
0.000
0.000
0.000
0.000
0.000
0.000
0.000
0.000
0.000
0.000
0.000
0.000
0.347
0.000
0.000
0.000
0.000
0.000
0.000
0.000
0.000
0.000
0.000
0.000
0.000
0.000
0.000
0.000
0.000
0.000
0.000
0.000
0.000
0.000
0.000
0.000
0.000
0.000
0.000
0.000
0.000
0.000
0.000
0.000
0.000
0.000
0.000
0.000
0.000
0.000
0.000
0.000
0.000
0.000
0.000
0.000
0.000
0.000
0.000
0.000
0.000
0.000
0.000
0.000
0.000
0.000
0.000
0.000
0.000
0.000
0.000
0.000
0.000
0.000
0.000
0.000
0.000
0.000
0.000
0.000
0.000
0.000
0.000
0.000
0.000
0.000
0.909
0.000
0.000
0.000
0.000
0.000
0.038
0.000
0.000
0.000
0.000
0.000
0.000
0.119
0.314
3.603
0.790
0.045
3.938
0.000
0.544
0.000
0.000
1.830
2.376
0.000
0.000
0.000
0.000
0.000
0.000
0.000
0.000
0.000
0.000
0.000
0.000
0.000
0.000
0.000
0.000
0.000
0.000
0.000
0.000
0.000
0.000
0.000
1.996
1.056
0.367
0.000
0.000
0.000
0.025
0.582
0.808
0.000
0.000
0.000
0.000
0.000
0.000
0.000
0.000
0.000
0.000
0.000
0.000
0.000
0.000
0.031
0.079
0.000
0.000
0.000
0.000
0.657
0.051
0.000
0.000
0.000
0.000
0.000
0.000
0.000
6.015
7.433
0.000
0.000
0.000
0.000
0.000
0.000
1.775
0.000
7.018
5.895
10.907
0.233
0.999
0.000
0.000
0.000
0.000
0.000
0.017
0.000
0.000
0.000
0.000
0.000
0.000
0.000
0.000
0.000
0.000
0.350
0.000
0.000
0.000
0.000
0.000
0.161
0.518
0.192
0.034
0.000
0.000
0.000
0.000
0.000
0.000
0.000
0.000
0.000
0.000
0.000
0.007
0.855
1.406
0.000
0.000
0.000
0.663
0.594
0.690
0.000
1.500
0.680
0.000
0.000
0.000
0.079
0.216
0.055
0.000
0.093
0.000
0.000
0.000
0.000
0.000
0.000
0.000
0.175
0.000
0.106
0.000
0.000
0.000
1.119
0.000
0.017
0.254
2.232
2.180
0.000
1.775
1.813
2.949
2.908
0.632
0.000
1.421
2.918
0.220
0.000
0.000
1.734
2.463
0.000
0.000
0.000
0.000
4.034
0.000
0.000
0.000
0.000
0.041
4.189
0.000
0.000
0.494
0.000
0.000
0.000
0.627
4.628
1.372
0.342
0.000
0.000
0.285
16.646
0.031
0.000
1.694
0.000
0.000
0.000
1.044
0.000
0.000
0.000
1.790
2.513
0.980
3.873
2.813
0.000
0.000
0.000
0.000
0.000
0.000
0.000
0.027
0.148
4.721
2.328
0.055
0.312
0.601
0.000
0.000
0.000
0.254
3.399
1.778
0.000
0.045
0.360
1.105
0.000
0.000
0.000
0.000
0.000
0.000
0.000
0.000
0.000
0.000
0.000
0.000
0.000
0.000
0.000
0.151
0.000
0.000
0.000
0.000
0.000
0.000
0.000
0.000
0.000
0.000
0.000
0.000
0.000
0.000
0.000
0.000
0.000
0.000
0.014
0.000
0.000
0.000
0.000
0.000
0.000
0.000
0.000
0.000
0.000
0.000
0.000
0.000
0.000
0.000
0.000
0.003
2.197
0.000
0.000
0.000
0.000
0.000
0.000
0.000
0.000
0.000
0.000
0.000
0.000
0.000
0.000
0.000
0.000
0.000
0.000
0.000
0.000
0.000
0.000
0.000
0.000
0.000
0.000
0.000
0.000
0.000
0.000
0.000
0.000
0.000
0.000
0.000
0.000
0.000
0.000
0.000
0.000
0.000
0.000
0.000
0.000
0.000
0.000
0.000
0.000
0.000
0.000
0.000
0.000
0.000
0.000
0.000
0.000
0.000
0.000
0.000
0.000
0.000
0.000
0.000
0.000
0.000
0.000
0.000
0.000
0.000
0.000
0.000
0.000
0.000
0.000
0.000
0.000
0.000
0.000
0.000
0.000
0.000
0.000
0.000
0.000
0.000
0.000
0.000
0.000
0.000
0.000
0.000
0.000
0.000
0.000
0.000
0.000
0.000
0.000
0.000
0.000
0.000
0.000
0.000
0.007
0.000
0.000
0.000
0.000
0.000
0.000
0.000
0.000
0.000
0.000
0.000
0.000
0.062
0.373
0.076
0.000
0.000
0.479
2.055
0.167
0.000
0.000
0.000
0.089
0.462
12.548
0.000
0.000
0.000
0.000
0.000
0.000
0.000
0.000
0.000
0.000
0.000
0.000
0.000
0.000
0.000
0.000
0.000
0.000
0.000
0.000
0.000
0.000
0.000
0.000
0.000
0.000
0.000
0.000
0.000
0.000
0.000
0.000
0.000
0.000
0.000
0.000
0.000
0.000
0.000
0.000
0.000
0.000
0.000
0.000
0.000
0.000
0.000
0.000
0.000
0.000
0.000
0.000
0.000
0.000
0.000
0.000
0.000
0.000
0.000
0.000
0.000
0.000
0.000
0.000
0.000
0.000
0.000
0.000
0.000
0.000
0.000
0.000
0.000
0.000
0.000
0.000
0.000
0.000
0.000
0.000
0.000
0.000
0.000
0.000
0.000
0.000
0.000
0.000
0.000
0.000
0.000
0.000
0.000
0.000
0.003
2.551
0.000
0.000
0.079
0.000
0.000
0.000
0.000
0.000
1.875
0.000
0.522
0.118
0.100
3.062
0.000
0.000
0.000
0.000
0.000
0.000
0.000
0.000
0.000
0.173
9.009
7.165
2.681
0.094
5.548
0.000
0.000
0.000
0.000
0.000
0.000
0.000
0.000
0.000
0.000
0.000
0.000
0.000
0.000
0.000
0.000
0.000
0.000
0.000
0.000
0.000
0.000
0.000
0.000
0.000
0.000
0.000
0.101
0.366
0.000
0.000
0.000
0.000
0.000
0.000
0.021
0.000
0.000
0.000
0.000
0.000
0.000
0.000
0.000
0.000
0.058
0.000
0.000
0.000
0.000
0.000
0.000
0.043
0.955
0.000
0.000
0.000
0.266
0.118
0.000
0.000
1.536
0.000
0.007
0.003
0.000
0.000
0.000
0.000
0.000
0.000
0.000
0.000
0.000
0.000
0.000
0.000
0.000
0.000
0.000
0.000
0.000
0.000
0.000
0.000
0.125
0.137
0.014
0.000
0.000
0.000
0.000
0.000
0.000
0.000
0.000
0.000
0.000
0.000
0.000
0.000
0.000
0.000
0.000
0.000
0.000
0.000
0.000
0.000
0.000
0.000
0.000
0.000
0.954
0.000
0.254
0.089
0.000
0.000
0.000
0.000
0.000
0.000
0.000
0.000
0.000
0.000
0.000
0.000
0.000
0.000
0.000
0.000
0.000
0.000
0.000
0.000
0.000
0.000
0.000
0.000
0.000
0.000
0.000
0.000
0.000
0.000
0.000
0.000
0.000
0.000
0.000
0.000
0.000
0.000
0.000
0.000
0.000
0.000
0.000
0.000
0.000
0.000
0.000
0.000
0.000
0.000
0.003
0.000
0.000
0.170
0.000
0.676
0.306
0.000
0.000
0.000
0.000
0.000
0.000
0.000
0.000
0.000
0.045
0.000
0.000
0.000
0.000
0.000
0.000
0.000
0.000
0.000
0.000
0.000
0.000
0.000
0.000
0.000
0.000
0.000
0.000
0.000
0.000
0.000
0.549
0.003
0.000
0.000
0.055
0.103
0.000
0.000
0.000
0.000
0.000
0.000
0.000
0.000
0.000
0.666
3.880
0.082
0.000
0.000
0.000
0.000
0.000
0.000
0.354
0.000
0.000
0.000
0.000
0.000
0.000
0.000
0.000
0.000
0.000
0.000
0.000
0.000
0.000
0.000
0.000
0.100
0.000
0.000
0.000
0.000
0.000
0.000
0.051
0.000
0.000
0.000
0.000
0.000
0.000
0.000
0.000
0.000
0.000
0.000
0.000
0.000
0.000
0.000
0.000
2.019
0.000
0.000
0.000
0.000
0.000
0.000
0.000
0.000
0.000
0.000
0.431
0.000
0.000
0.000
0.000
0.000
0.182
0.000
0.000
0.000
0.000
0.000
0.000
0.000
0.000
0.000
1.004
0.000
0.000
0.000
0.000
0.000
0.000
0.000
0.000
0.000
0.000
0.000
0.000
0.000
0.000
0.000
0.000
0.000
0.000
1.095
0.000
0.000
0.000
0.000
0.021
0.000
0.680
0.000
0.000
0.000
0.000
0.000
0.000
0.000
0.000
0.000
0.000
0.000
0.000
0.000
0.000
0.045
2.899
0.062
0.000
0.003
3.135
0.560
0.151
0.000
0.000
0.000
0.000
0.000
0.000
0.427
0.000
0.000
0.934
0.000
0.000
0.161
4.286
9.572
0.448
0.340
3.813
0.000
0.000
0.000
0.000
0.000
0.000
0.000
0.000
0.000
0.247
3.447
0.278
0.000
0.000
0.000
0.000
0.680
0.079
0.000
0.000
0.137
0.120
2.606
0.000
0.048
0.000
0.000
1.881
0.000
0.000
0.000
1.596
0.309
1.909
0.000
0.000
0.000
0.000
0.000
0.000
0.000
0.000
0.000
0.000
0.000
0.000
0.000
0.000
0.000
0.000
0.000
0.000
0.000
0.000
1.119
0.000
0.000
0.000
0.000
0.000
0.000
0.000
0.007
4.096
0.000
1.881
4.350
8.394
0.069
0.017
0.000
0.000
0.845
2.328
2.187
0.000
0.000
0.333
0.000
0.000
0.000
0.000
0.000
0.000
0.000
0.000
0.000
0.000
0.000
0.000
0.000
0.000
0.000
0.000
0.000
0.000
0.000
0.000
0.000
0.000
0.000
0.000
0.000
0.000
0.000
0.000
0.000
0.000
0.000
0.000
0.000
0.000
0.000
0.000
0.000
0.000
0.000
0.000
0.000
0.000
0.000
0.000
0.000
0.000
0.000
0.000
0.000
0.000
0.000
0.000
0.000
0.000
0.000
0.000
0.000
0.000
0.000
0.000
0.000
0.000
0.000
0.000
0.000
0.000
0.000
0.000
0.000
0.000
0.000
0.000
0.000
0.000
0.000
0.000
0.000
0.000
0.000
0.000
0.000
0.000
0.000
0.000
0.000
0.000
0.000
0.000
0.000
0.000
0.000
0.000
0.000
0.000
0.000
0.000
0.000
0.000
0.000
0.000
0.000
0.000
0.000
0.000
0.000
0.000
0.000
0.000
0.000
0.000
0.000
0.000
0.000
0.000
0.000
0.000
0.000
0.000
0.000
0.000
0.000
0.000
0.000
0.000
0.000
0.000
0.000
0.000
0.000
0.000
0.000
0.000
0.731
0.839
0.000
0.000
0.000
0.798
6.374
0.000
0.000
0.000
0.000
0.000
0.192
3.886
2.005
11.151
0.536
0.007
0.700
0.007
0.000
0.000
0.000
0.000
0.000
0.000
0.000
0.000
0.000
0.000
0.000
0.000
0.000
0.000
0.000
0.000
0.000
0.000
0.000
0.000
0.000
0.000
0.000
0.000
0.000
0.000
0.000
0.000
0.000
0.000
0.000
0.000
0.000
0.000
0.000
0.000
2.160
0.000
0.000
0.000
0.000
0.374
0.000
0.000
0.000
0.000
0.000
0.000
0.000
0.000
0.000
0.000
0.000
0.000
0.000
0.000
0.000
0.000
0.000
0.000
0.000
0.000
0.000
0.000
0.000
0.000
0.000
0.000
0.000
0.000
0.127
0.000
0.000
0.000
0.000
0.000
0.000
0.000
0.000
0.000
0.000
0.000
0.000
0.498
0.439
0.000
0.000
0.000
0.000
0.000
0.000
0.000
0.000
0.000
0.000
0.000
0.000
0.000
0.000
0.000
0.000
0.000
0.000
0.000
0.000
0.000
0.000
0.000
0.000
0.000
0.000
0.000
0.000
0.000
0.000
0.000
0.000
0.000
0.000
0.000
0.000
0.000
0.000
0.000
0.000
0.000
0.000
3.138
0.000
1.840
0.474
0.000
0.000
0.000
0.000
0.000
0.000
0.055
0.000
0.000
0.021
5.905
0.759
0.000
0.000
0.096
0.000
0.000
0.000
0.000
0.000
0.000
0.000
0.000
2.170
0.000
0.000
0.000
0.000
0.000
0.000
0.000
0.000
0.182
0.038
0.017
0.000
0.000
0.000
0.000
0.000
0.007
0.000
0.000
0.000
0.000
0.000
0.000
0.000
0.000
0.000
0.000
0.000
0.000
0.000
0.000
0.000
0.000
0.000
0.000
0.000
0.000
0.000
0.000
0.000
0.000
0.000
0.000
0.000
0.000
0.000
0.000
0.000
0.000
0.000
0.000
0.000
0.000
0.000
0.000
0.247
0.000
0.000
0.000
0.000
0.000
0.000
0.000
0.000
0.000
0.000
0.000
0.000
0.000
0.000
0.000
0.000
0.000
0.000
0.000
0.000
0.000
0.000
0.000
0.000
0.000
0.000
0.000
0.000
0.000
0.000
0.000
0.000
0.000
0.000
0.000
0.000
0.000
0.000
0.000
0.000
0.000
0.000
0.000
0.000
0.000
0.000
0.000
0.000
0.000
0.000
0.000
0.000
0.000
0.000
0.000
0.000
0.000
0.000
0.000
0.000
0.000
0.000
0.000
0.000
0.000
0.000
0.000
0.000
0.000
0.000
0.000
0.000
0.000
0.000
0.000
0.000
0.000
0.000
0.000
0.000
0.000
0.000
0.000
0.000
0.000
0.000
0.000
0.000
0.000
0.000
0.000
0.000
0.265
0.000
0.000
0.000
0.000
0.000
0.000
0.000
0.000
0.000
0.000
0.000
0.000
0.000
0.000
0.000
1.353
0.000
0.000
0.021
2.235
0.000
0.158
0.000
0.000
0.000
0.000
2.908
0.000
0.000
0.000
0.027
8.998
0.000
0.000
0.000
0.000
0.000
0.000
0.000
0.000
0.000
0.000
0.000
0.000
0.000
0.000
0.000
0.082
0.000
0.000
0.000
0.518
0.000
0.000
0.000
12.300
2.232
0.000
0.000
0.000
0.000
4.453
0.000
0.000
0.000
0.000
0.000
0.000
0.000
0.000
0.000
0.000
0.000
0.000
0.000
0.007
0.000
4.633
0.000
0.000
0.299
0.000
2.515
0.000
0.000
0.000
0.091
2.620
0.000
0.000
0.000
0.000
0.000
1.375
0.000
0.000
0.000
0.000
0.000
0.000
0.000
0.000
0.000
0.000
0.000
0.000
0.000
0.000
0.000
0.000
0.000
0.000
1.301
0.000
0.000
0.000
0.000
0.000
0.000
0.000
0.000
0.000
0.000
0.000
0.000
0.000
0.000
0.000
0.000
0.000
0.000
0.256
0.000
0.000
0.000
0.000
0.000
0.000
0.000
0.000
0.000
0.000
0.000
0.000
0.000
0.000
0.000
0.235
0.000
0.000
0.000
0.000
0.000
0.000
0.000
0.000
0.000
0.000
0.000
0.000
0.000
0.000
0.000
0.000
0.000
0.340
0.000
0.000
0.021
1.123
0.336
0.000
0.000
0.000
0.000
0.000
0.000
0.000
0.000
0.000
0.000
0.000
0.000
0.000
0.000
0.000
0.000
0.000
0.000
0.000
0.027
1.907
0.000
0.000
0.003
0.362
0.000
0.000
0.000
0.000
5.849
0.000
0.079
0.000
0.815
0.000
1.967
0.867
0.141
0.000
0.000
0.000
0.000
0.000
23.509
0.000
0.000
0.000
1.936
0.000
0.443
0.000
0.000
0.000
0.017
0.668
7.193
0.453
1.514
0.000
0.000
0.000
0.000
0.000
0.000
0.000
0.000
0.000
0.000
0.000
0.000
0.000
0.000
0.000
0.000
0.000
0.000
0.000
0.000
0.000
0.000
0.000
0.000
0.443
1.651
0.000
0.000
0.000
0.000
0.000
0.000
0.295
0.385
0.189
0.000
0.000
0.000
0.000
0.000
0.000
0.000
0.000
0.000
0.000
0.000
0.000
0.000
0.000
0.000
0.000
0.000
0.000
0.000
0.000
0.000
0.000
0.000
0.000
0.000
0.000
0.000
0.000
0.000
0.000
0.000
0.000
0.000
0.000
0.000
0.000
0.000
0.000
0.256
12.356
0.000
0.000
0.000
0.000
0.000
0.000
0.000
0.000
0.000
0.000
0.000
0.000
0.000
0.000
0.000
0.000
0.000
0.000
0.000
0.060
0.000
0.000
0.000
0.000
0.000
0.000
0.000
0.000
0.000
0.000
0.000
0.000
0.000
0.000
0.000
0.000
0.000
0.000
0.000
0.000
0.000
0.000
0.000
0.000
0.000
0.000
0.000
0.000
0.000
0.000
0.000
0.000
0.000
0.000
0.000
0.000
0.000
0.000
0.000
0.000
6.291
2.690
0.000
0.000
0.000
0.000
0.000
0.000
0.000
0.000
0.000
0.000
0.256
0.000
0.000
0.000
0.000
0.000
0.000
0.000
1.181
0.043
0.024
0.000
0.000
0.000
0.000
0.000
0.038
0.000
0.000
0.000
0.000
0.000
0.051
0.000
0.000
0.000
0.000
0.000
0.669
11.331
0.089
0.000
0.000
0.000
0.003
9.229
0.048
11.486
0.000
0.398
0.000
0.819
0.000
0.000
0.000
0.000
0.000
0.000
0.000
0.000
0.000
0.000
0.000
0.329
0.000
0.000
0.000
0.045
0.000
0.000
0.000
0.000
0.000
0.000
0.000
0.000
0.000
0.000
0.942
0.000
0.000
0.000
0.000
0.000
0.000
0.000
0.000
0.000
0.000
0.000
0.000
0.000
0.000
0.000
0.000
0.000
0.000
0.000
0.000
0.000
0.120
0.060
0.297
0.000
0.000
0.000
0.000
0.000
0.000
0.000
0.000
0.000
0.000
0.000
0.000
0.000
0.000
0.000
0.000
0.000
0.000
0.000
0.000
0.000
0.000
0.000
0.000
0.000
1.212
0.117
1.902
0.000
0.010
0.072
0.000
0.000
0.000
0.007
0.000
0.000
0.000
0.000
0.000
0.172
0.062
0.316
0.151
0.000
0.000
0.000
0.000
0.000
0.000
0.000
4.810
0.652
0.034
0.000
0.007
0.000
0.000
0.000
0.000
0.007
0.000
0.110
0.542
0.302
0.000
0.000
0.000
0.038
0.072
0.021
1.919
25.852
2.499
0.096
0.151
3.394
0.038
1.586
0.412
0.199
0.137
0.000
2.218
0.000
0.443
1.837
1.528
0.007
0.000
0.000
0.000
0.000
0.000
0.000
0.000
0.446
0.745
4.731
1.748
0.000
0.000
0.000
3.461
0.096
0.000
0.000
0.000
0.000
0.000
0.000
0.000
0.379
0.209
0.000
0.000
0.376
0.000
3.035
0.000
0.031
0.000
0.168
0.000
3.638
1.833
0.000
0.000
12.832
0.000
1.263
0.000
0.000
0.000
0.000
3.801
0.000
0.000
0.000
0.000
0.000
0.000
0.000
0.000
0.000
0.000
0.000
0.227
1.924
0.000
0.000
0.051
0.000
0.000
4.472
0.000
0.000
0.000
0.000
0.000
0.000
0.000
0.000
0.000
0.000
0.000
1.375
0.000
0.000
0.000
0.000
0.000
0.000
0.000
0.000
0.000
0.000
0.000
0.000
0.000
0.000
0.000
0.000
0.000
0.000
0.000
0.000
0.000
0.000
0.000
0.000
0.007
0.000
0.000
0.000
0.000
0.017
0.000
0.000
0.000
0.000
0.000
0.000
0.000
0.000
0.000
0.000
0.000
0.000
0.000
0.000
0.000
0.000
0.000
0.000
0.000
0.000
0.000
0.000
0.000
0.000
0.000
0.000
0.000
0.000
0.000
0.000
0.000
0.000
0.000
0.000
0.000
0.000
0.000
0.000
0.000
0.093
0.141
0.000
0.000
0.000
0.000
0.000
0.000
4.101
0.000
0.000
0.000
0.000
0.000
0.000
0.000
0.000
0.000
0.000
0.000
0.000
0.000
0.000
0.000
0.000
0.000
0.000
0.000
0.000
0.000
0.000
0.000
0.000
0.000
0.000
0.000
0.000
0.000
0.000
0.266
0.000
0.875
4.770
0.000
0.000
0.000
0.000
0.000
0.000
0.000
0.000
0.000
0.000
0.000
0.000
0.000
0.000
0.000
0.000
0.000
0.069
0.000
0.000
0.000
0.000
0.058
3.121
0.000
0.000
0.106
1.140
0.000
0.000
0.000
1.847
1.820
0.014
0.000
0.000
0.158
0.000
0.000
0.000
0.000
0.000
0.031
0.021
0.000
0.000
0.010
6.135
0.000
0.000
0.034
0.000
0.086
0.038
0.000
2.347
0.000
0.220
5.800
0.000
6.764
0.000
0.000
0.000
0.000
0.000
0.003
0.021
1.401
2.221
0.000
0.000
0.199
0.000
0.000
0.000
4.168
0.000
0.000
0.000
0.007
1.469
0.000
0.218
0.031
0.000
0.038
0.594
0.041
0.027
0.065
0.000
1.294
0.000
0.027
0.000
0.000
0.000
0.000
0.000
0.055
0.000
0.000
0.000
0.000
0.000
0.000
0.000
0.000
0.000
0.000
0.000
4.947
11.670
0.103
0.007
0.000
0.000
0.000
0.000
0.000
0.000
0.000
0.000
0.106
0.000
0.000
0.021
0.000
0.500
3.914
0.495
0.027
0.000
0.000
0.000
0.000
0.000
0.701
6.966
16.619
0.466
0.000
0.000
0.000
0.000
0.000
0.000
0.088
0.000
0.000
0.000
0.000
0.024
0.000
0.000
0.000
0.000
0.000
0.034
0.000
0.045
0.110
0.003
0.821
0.000
0.041
0.000
0.000
0.000
0.000
0.000
0.000
0.000
0.000
0.000
0.062
0.007
9.067
0.076
2.118
1.816
1.095
0.000
0.000
0.000
0.000
0.000
0.000
0.000
0.003
3.198
0.695
1.706
0.000
0.766
4.801
9.965
6.144
8.691
0.656
0.687
3.224
0.635
2.910
0.000
0.000
0.000
0.000
0.000
0.089
2.642
0.000
0.000
0.000
0.000
0.000
1.717
0.007
0.000
0.000
0.618
0.000
0.000
0.093
0.149
0.000
0.000
0.000
0.000
0.000
0.000
0.000
0.000
0.000
14.514
0.000
0.000
0.000
0.000
0.000
0.000
0.000
0.000
0.000
0.254
0.000
0.000
0.000
0.000
0.000
0.000
0.000
0.089
5.558
0.333
0.000
2.352
7.684
0.000
0.000
0.000
0.000
0.000
0.000
0.000
0.000
0.000
0.000
0.000
0.000
0.000
0.000
0.000
0.000
0.000
0.000
0.000
0.000
0.000
0.000
0.000
0.000
0.000
0.000
0.000
0.000
0.000
0.000
0.000
0.000
0.000
0.000
0.000
0.000
0.000
0.000
0.000
0.000
0.000
0.000
0.000
0.000
1.382
7.660
0.273
0.000
0.000
0.000
0.000
0.000
0.000
0.000
0.000
0.000
0.000
0.000
0.000
0.000
0.000
0.000
0.000
0.000
0.000
0.000
0.000
0.000
0.000
0.000
0.000
0.034
0.000
0.000
0.000
0.309
0.072
0.000
0.000
0.000
0.000
0.000
0.000
0.000
0.000
0.000
0.000
0.000
0.000
0.000
0.000
0.000
0.000
0.000
0.000
0.000
0.000
1.080
0.000
0.000
0.000
0.000
0.000
0.000
0.000
0.000
0.000
0.000
0.000
0.000
0.000
0.000
0.000
0.000
0.000
0.000
0.000
0.000
0.000
0.000
0.000
0.000
0.014
3.777
34.530
1.095
4.734
0.000
0.000
0.000
0.000
0.000
0.000
0.000
0.000
0.000
0.000
1.075
1.485
14.049
1.797
0.223
0.244
0.000
0.000
0.000
0.000
0.223
2.518
0.000
2.262
0.000
0.000
2.039
0.045
0.000
0.000
0.000
4.352
0.000
0.000
0.000
0.000
0.000
0.000
0.000
0.000
0.153
0.000
0.525
0.000
0.000
0.000
0.000
0.000
0.055
0.000
0.000
4.113
2.019
14.423
0.000
0.007
2.826
0.000
0.000
0.000
0.000
0.000
0.000
0.000
0.000
0.000
0.000
0.000
0.000
0.000
0.000
0.000
0.000
0.000
0.000
0.000
0.000
0.000
0.000
0.000
0.000
0.000
0.000
0.000
0.000
0.000
0.000
0.000
0.000
0.000
0.000
0.000
0.000
0.000
0.000
0.000
0.000
0.000
0.000
0.000
0.000
0.000
0.000
0.000
0.000
0.000
0.000
0.000
0.000
0.000
0.000
0.000
0.000
0.000
0.093
0.058
0.000
0.000
0.000
0.000
1.658
14.224
0.017
0.000
0.000
0.585
0.367
0.335
0.000
0.000
0.000
0.000
0.000
0.000
0.000
0.000
0.000
0.000
0.000
0.000
0.000
0.000
0.000
0.000
0.000
0.209
0.089
0.003
0.000
0.862
0.079
0.000
0.000
0.000
0.000
0.000
0.014
0.000
0.000
1.595
0.000
0.690
3.880
0.275
0.299
0.000
0.000
12.492
3.636
0.259
0.057
0.027
0.000
0.000
0.000
1.426
2.131
0.569
1.313
0.744
0.010
0.176
0.000
10.350
1.707
0.082
4.130
0.000
1.685
4.003
7.472
0.752
0.000
0.000
0.000
0.000
0.000
0.000
2.242
0.000
0.000
0.041
0.000
0.000
0.000
0.000
0.000
0.000
0.000
0.000
0.000
0.000
0.144
2.534
0.000
0.405
36.588
0.000
4.079
0.000
0.000
0.244
0.000
0.445
0.027
0.010
0.000
0.062
0.179
0.000
0.000
0.000
0.000
0.000
0.000
0.000
0.000
0.000
0.000
0.000
0.000
0.000
0.000
0.000
0.000
0.000
0.000
0.000
0.000
0.000
0.000
0.000
0.000
0.000
0.000
0.000
0.000
0.000
0.000
0.000
0.000
0.000
0.000
0.000
0.014
0.000
0.000
0.000
0.000
0.000
0.000
0.000
0.000
0.000
0.000
0.000
0.886
3.943
7.866
16.339
0.007
0.000
0.000
0.000
0.000
0.000
0.000
0.000
0.000
0.000
0.000
0.000
0.000
0.000
3.351
0.000
0.000
0.000
0.000
0.000
0.000
0.000
0.000
0.000
0.000
0.000
0.000
0.000
0.000
0.000
0.000
0.000
0.690
0.000
0.000
0.000
0.000
0.000
0.000
0.000
0.000
0.000
0.000
0.000
0.000
0.000
0.000
0.000
0.000
0.000
0.000
0.000
0.010
0.000
0.000
0.000
0.000
0.000
0.000
0.000
0.000
0.000
2.474
0.000
0.000
0.000
0.000
0.000
0.000
0.000
0.000
0.000
0.000
0.000
0.000
0.000
3.244
0.000
0.306
36.186
2.709
0.000
7.804
0.000
0.000
3.464
1.792
6.822
0.000
0.000
0.000
0.000
0.000
0.000
2.551
0.000
0.051
5.438
0.700
1.081
0.000
0.141
0.000
0.000
0.031
0.908
0.000
0.000
0.000
2.213
0.000
0.273
4.817
0.000
0.215
0.072
0.000
0.000
0.000
0.000
0.000
0.000
0.000
0.003
0.000
0.000
0.275
0.000
0.000
0.000
0.000
0.000
0.003
0.000
0.000
0.000
0.000
0.000
0.000
0.000
0.000
0.000
5.272
10.406
0.000
0.000
0.000
0.000
0.000
0.007
5.830
3.090
18.888
0.000
0.000
0.000
0.000
0.000
0.000
0.031
0.000
0.000
0.000
0.000
0.000
0.000
0.000
0.000
0.000
0.209
0.069
0.000
0.000
0.000
0.000
0.000
0.000
0.268
0.000
0.000
0.000
0.000
0.010
0.000
0.000
0.000
0.003
0.000
0.000
0.000
0.000
0.000
0.058
0.000
0.000
0.000
0.000
0.000
0.000
0.000
0.000
0.000
0.000
0.000
0.000
0.000
0.003
0.042
0.000
8.325
0.196
0.000
0.000
0.000
0.003
0.651
0.126
0.648
13.856
4.347
0.302
0.065
0.000
3.675
0.505
7.261
0.000
0.000
3.576
0.000
0.000
0.000
3.476
4.113
0.069
0.881
0.070
0.000
0.000
0.000
0.000
0.000
0.000
0.000
0.081
0.172
4.087
0.000
2.570
0.324
5.912
0.017
2.505
0.000
0.137
0.024
7.383
12.303
0.003
0.589
0.000
0.218
0.263
0.183
0.003
0.000
0.000
0.000
0.000
0.000
0.000
0.041
0.000
0.000
0.000
1.100
0.000
0.000
0.000
0.000
6.389
13.788
1.833
7.134
0.000
0.017
0.000
0.000
0.000
0.000
0.000
0.000
0.000
0.000
0.000
0.000
0.000
0.000
0.079
0.014
0.154
3.165
0.144
0.062
0.024
0.014
0.000
0.000
0.000
0.639
10.873
0.079
0.000
0.051
0.014
0.000
0.000
0.000
0.000
0.000
0.000
0.000
0.000
0.000
0.000
0.000
0.000
0.041
0.000
0.000
0.000
0.000
0.000
0.000
0.000
4.048
1.298
0.000
1.648
0.000
0.000
0.000
0.000
0.000
0.000
0.000
0.000
0.000
0.000
0.000
0.000
0.000
0.658
0.000
0.000
10.710
0.017
0.000
0.271
4.752
0.000
0.000
0.000
0.000
0.000
0.000
0.000
0.000
0.000
0.000
0.000
0.000
1.459
0.000
0.000
0.000
0.000
0.000
0.000
0.000
0.000
0.000
0.000
1.275
0.553
0.000
0.000
0.000
0.000
0.003
0.433
3.818
0.122
6.533
0.000
0.000
0.637
0.216
0.010
0.000
3.136
0.000
0.000
0.000
0.000
0.000
0.000
0.000
0.000
0.000
0.000
0.000
0.000
0.000
0.000
0.000
0.000
0.000
0.000
0.000
0.000
0.000
0.364
0.000
0.000
0.000
0.027
2.946
0.000
0.000
0.374
6.324
0.000
0.000
0.000
0.000
0.194
26.297
0.000
0.000
0.288
0.000
0.000
0.000
0.000
0.000
0.000
1.081
0.139
0.000
0.204
4.635
3.830
0.072
0.000
5.682
0.000
0.007
0.000
0.628
0.745
2.202
20.778
0.302
1.245
0.000
0.034
0.000
7.923
0.100
0.000
0.000
0.000
0.994
0.213
3.018
0.000
10.511
0.045
0.000
0.000
0.470
1.294
0.000
0.354
0.000
0.000
0.000
0.000
5.133
0.798
0.570
0.000
5.958
2.995
1.833
0.788
4.189
12.181
0.247
0.000
4.515
7.100
0.014
0.007
0.000
0.000
0.000
0.000
0.000
0.000
0.000
0.000
0.000
0.000
0.007
0.007
0.000
0.034
0.917
0.093
0.000
0.000
0.000
0.000
0.000
0.000
0.000
0.000
0.000
2.596
1.676
1.557
24.899
0.014
0.000
0.000
0.000
0.021
0.000
0.000
0.000
0.072
0.000
0.000
0.000
0.000
0.000
0.027
0.000
0.000
0.000
0.216
0.000
0.000
0.488
1.468
0.591
0.343
0.000
0.010
2.743
0.510
0.000
0.000
0.000
0.000
0.494
1.545
4.937
0.000
0.000
0.000
1.143
0.130
0.343
0.000
0.000
0.000
0.000
0.227
0.141
0.000
0.000
0.017
0.007
2.623
9.476
1.493
2.414
0.079
0.302
0.000
0.000
0.000
0.000
0.000
0.192
0.000
3.220
5.723
15.748
0.000
0.000
0.000
1.569
0.759
0.000
0.000
0.000
7.498
0.000
15.340
18.780
0.278
0.000
0.120
0.031
0.000
0.000
0.045
0.024
0.000
6.877
2.915
0.615
0.199
0.000
0.000
0.000
0.000
0.000
0.000
0.000
0.000
0.000
0.000
1.881
7.738
0.000
0.000
0.000
0.000
0.000
0.000
0.000
0.000
2.160
0.512
0.130
0.000
0.000
0.000
0.007
0.000
0.858
0.268
0.000
0.000
0.000
0.000
0.000
0.000
0.000
0.000
0.000
0.000
0.000
0.000
0.000
0.000
0.000
0.000
0.000
0.000
0.000
0.000
0.000
0.000
0.000
0.000
0.000
0.000
0.000
0.000
0.000
0.000
0.000
0.000
0.000
0.038
0.117
3.543
0.000
0.000
0.000
0.000
0.000
0.000
0.000
0.000
0.000
0.000
0.000
0.000
0.000
0.000
0.000
0.000
0.000
0.000
0.000
1.171
0.000
0.000
0.000
0.000
0.000
0.000
0.000
0.000
0.000
0.000
0.000
0.000
0.000
0.000
0.000
0.003
0.000
0.000
0.000
0.017
0.000
0.000
0.000
0.000
0.014
0.000
0.000
0.000
0.000
0.000
0.000
0.000
0.082
0.000
0.110
0.017
0.000
0.000
0.000
0.000
0.000
0.065
0.556
0.000
0.000
0.000
2.123
0.980
0.548
0.000
0.000
0.000
0.000
0.000
3.334
0.699
0.000
0.014
0.000
0.000
0.000
0.000
0.000
0.000
0.000
0.000
0.000
0.000
0.000
0.000
0.000
0.000
0.227
0.062
0.000
0.000
0.000
0.000
0.000
0.000
0.000
0.000
0.000
0.000
0.000
0.000
0.000
0.000
0.000
0.385
0.000
0.175
0.034
0.000
0.000
0.000
0.839
0.680
0.048
13.139
0.069
1.150
0.000
0.000
1.978
0.000
0.000
0.000
0.000
0.491
2.843
0.000
0.000
0.000
0.000
0.031
1.816
5.076
1.557
4.790
0.003
0.079
0.000
0.000
1.955
0.000
0.000
0.000
0.000
0.000
0.000
0.000
0.000
0.000
0.000
0.000
0.000
0.000
0.000
0.000
0.000
0.000
0.000
0.000
0.034
0.000
0.350
0.000
0.000
0.000
0.000
0.000
0.700
0.000
0.000
0.000
0.000
0.000
0.288
0.000
0.000
0.000
0.000
0.000
0.000
0.000
0.000
0.000
0.000
0.000
0.000
0.000
0.311
0.103
0.824
0.251
0.000
0.000
0.000
0.000
0.000
0.000
0.000
0.000
0.000
0.000
0.000
0.515
2.568
0.000
0.498
0.000
0.000
0.000
0.000
0.000
0.000
0.000
0.000
0.000
0.000
0.261
0.117
0.000
0.000
0.000
0.000
0.000
0.000
0.000
0.000
0.000
0.000
0.000
0.000
0.563
0.000
0.000
0.000
0.000
0.000
0.000
0.000
0.069
6.000
0.000
0.158
0.000
0.000
0.000
0.000
0.000
37.316
0.379
4.237
0.000
0.172
0.000
0.000
0.000
0.000
37.481
0.522
0.089
0.937
0.000
2.369
50.891
53.867
0.031
0.206
0.165
0.000
0.000
3.553
0.045
0.000
0.000
0.000
0.203
0.055
0.000
0.000
0.192
0.000
0.000
0.821
1.255
1.902
0.275
0.072
0.021
10.200
0.000
0.000
0.000
0.000
0.000
0.000
0.000
0.000
0.241
0.007
2.695
0.000
0.000
2.758
0.000
0.000
0.000
0.000
0.000
0.007
0.031
0.117
12.931
1.962
33.998
0.000
0.000
1.967
0.021
3.444
7.045
0.000
0.000
0.031
0.000
0.000
0.000
0.000
0.000
0.000
0.000
0.000
0.000
0.000
0.000
1.566
0.000
0.000
0.000
0.558
1.868
0.343
0.000
0.093
0.000
0.192
0.000
0.000
0.275
0.000
0.000
0.000
0.000
0.000
0.000
0.000
0.000
0.000
0.000
0.000
0.815
1.753
0.017
18.182
1.480
42.059
0.000
0.000
0.000
0.161
0.000
0.000
0.000
0.000
0.000
1.518
0.000
0.278
0.000
2.498
5.055
0.742
0.126
8.320
0.094
0.000
1.188
0.058
8.444
1.459
0.000
0.275
0.000
0.130
0.000
0.021
0.000
0.000
0.000
0.000
0.000
0.000
3.081
0.000
0.000
0.951
0.045
0.000
0.000
1.452
0.000
0.000
0.000
0.003
0.000
0.000
0.000
0.000
0.000
0.000
0.000
0.000
0.000
0.000
0.000
0.014
0.000
0.000
0.000
0.000
0.000
0.144
1.184
0.000
1.593
13.922
0.000
0.000
0.000
1.603
10.210
0.000
0.000
0.000
0.179
1.943
0.563
0.000
0.000
0.000
0.000
1.088
0.000
0.000
0.000
0.000
0.055
0.010
0.000
0.034
3.632
0.065
6.537
0.000
1.651
0.000
0.000
0.000
0.007
0.997
0.021
0.850
0.000
0.000
3.892
0.000
0.000
0.000
0.000
0.000
0.000
0.000
0.000
1.093
0.007
0.496
0.031
0.484
11.288
3.224
0.127
2.771
0.000
0.869
5.255
0.000
0.000
0.340
0.000
0.130
0.130
0.457
0.000
0.034
0.862
0.021
2.735
3.413
0.185
0.041
0.021
0.062
0.000
0.062
0.003
6.070
0.000
0.036
1.449
22.773
18.768
0.395
5.150
0.000
0.021
7.862
4.583
0.000
0.000
1.452
1.916
3.447
0.206
0.000
0.000
0.000
0.364
15.837
0.000
3.334
0.024
5.449
0.385
0.000
0.000
0.058
0.000
6.067
0.024
0.000
0.000
0.074
0.000
0.141
2.891
0.000
1.291
6.458
0.000
0.000
2.026
1.648
19.842
61.388
28.132
16.088
12.073
8.092
11.529
0.113
0.000
0.007
0.364
5.864
2.039
2.111
1.902
0.331
2.017
17.139
24.065
9.380
0.563
0.000
0.000
0.000
0.000
11.546
0.340
1.366
1.554
0.175
0.000
0.153
1.217
0.000
0.786
8.998
10.399
26.934
44.174
29.948
32.434
47.827
55.090
5.294
17.523
3.741
20.843
36.835
9.338
9.452
5.454
28.094
46.139
24.113
20.943
14.524
33.136
31.538
15.443
0.170
4.662
28.070
52.987
19.896
43.176
62.080
33.689
0.463
1.222
0.113
8.784
13.879
9.345
0.759
1.837
2.185
25.366
35.069
19.030
18.855
30.248
33.864
24.534
15.482
14.725
13.362
2.184
0.002
12.135
20.311
32.834
33.127
13.506
6.183
13.300
16.797
3.579
11.867
22.637
39.177
25.025
23.059
45.979
25.488
19.308
24.115
20.579
24.194
29.124
37.946
10.209
8.073
8.940
2.784
0.201
6.942
25.236
0.017
0.457
9.417
15.772
7.599
29.704
0.378
5.730
0.130
8.547
12.375
10.319
17.286
49.425
43.870
52.158
22.913
7.301
7.498
44.127
12.765
33.896
20.675
3.560
0.051
4.463
4.453
4.601
7.186
3.995
4.789
11.124
8.343
28.345
39.283
11.409
9.459
28.317
8.193
0.000
0.003
0.000
2.094
3.739
0.257
1.493
0.000
0.369
11.664
7.272
24.168
17.781
0.927
9.984
8.727
8.223
10.097
4.448
0.615
3.928
25.076
16.854
5.318
7.955
0.000
9.733
9.599
2.206
9.077
0.700
0.106
3.773
0.000
7.052
3.632
0.369
1.799
14.483
11.941
5.006
2.362
1.569
1.569
7.694
1.145
1.356
0.288
3.152
7.512
2.486
9.587
17.719
23.116
1.064
10.495
14.876
7.862
3.584
0.333
0.038
0.000
5.064
5.016
7.320
4.055
7.083
10.241
11.508
2.390
14.124
3.969
2.554
24.275
24.554
6.393
5.541
2.808
9.297
1.054
0.912
0.007
3.753
0.000
0.000
0.000
0.000
1.569
3.066
0.000
9.314
4.010
28.951
12.092
27.359
2.341
2.674
0.055
1.373
15.851
3.413
8.082
0.704
14.553
11.019
0.005
3.996
0.230
0.179
0.584
0.134
0.041
0.000
2.053
4.762
0.165
4.937
0.469
15.103
28.659
18.261
9.987
15.443
14.634
27.679
9.915
68.132
6.954
3.282
40.914
7.951
27.047
18.103
14.921
8.659
7.890
6.121
12.672
29.670
40.066
4.401
1.351
2.032
1.076
9.998
3.825
0.000
17.218
7.103
12.160
45.688
34.246
24.884
8.518
5.466
46.426
75.795
45.006
7.479
20.198
20.447
13.953
14.734
24.247
5.277
13.633
32.211
46.374
16.361
12.998
7.845
12.777
14.457
4.195
10.681
2.951
37.117
31.002
41.947
39.304
32.116
14.845
26.503
3.061
6.137
0.771
5.550
4.873
24.378
29.167
11.740
26.051
39.063
28.242
21.653
9.253
0.000
0.628
0.021
0.074
0.007
3.347
0.551
6.262
4.848
0.378
0.148
0.000
0.501
13.475
22.977
11.908
32.231
12.452
14.844
4.884
4.432
5.919
6.705
0.000
0.000
0.101
0.213
17.460
22.907
7.376
15.269
15.379
15.388
0.927
20.206
28.468
1.559
2.091
6.712
20.023
20.572
12.415
1.813
3.172
9.465
4.377
11.857
8.089
0.282
3.505
0.711
13.812
19.540
34.143
25.409
3.272
5.857
5.462
24.166
28.369
18.419
8.422
0.014
0.101
0.000
0.000
11.718
23.639
5.193
7.969
8.097
17.626
7.828
1.826
15.302
28.458
2.908
1.675
14.301
15.101
27.701
23.293
10.598
14.984
20.620
17.122
13.815
24.718
33.304
29.649
5.213
17.558
43.073
36.427
34.755
11.817
17.264
21.094
12.775
9.462
10.217
10.286
2.860
0.172
0.000
0.639
12.257
3.691
36.914
17.588
28.879
16.201
25.504
30.398
37.168
65.654
23.536
36.921
17.784
28.743
24.960
5.258
2.762
5.133
13.403
14.076
0.323
9.366
4.621
4.525
2.204
7.145
17.104
4.546
11.100
9.929
13.115
10.514
7.723
15.772
5.126
6.918
8.708
3.646
9.859
5.261
0.556
0.227
0.000
0.000
9.253
0.276
0.103
0.470
7.526
8.830
5.651
3.557
0.000
0.000
2.486
0.093
4.336
6.180
8.157
0.299
0.000
1.490
9.421
0.560
0.051
4.772
0.573
8.851
7.567
1.545
5.939
7.419
2.620
13.812
9.295
5.164
0.000
0.000
0.000
0.000
1.778
2.139
3.595
0.048
0.237
1.004
7.330
1.751
0.000
0.192
9.429
17.570
0.664
5.830
0.165
0.000
7.333
12.811
10.715
14.886
7.663
0.223
13.759
13.949
7.352
3.395
0.007
0.000
0.038
0.148
0.000
0.000
0.000
0.000
3.090
1.995
1.483
0.000
6.094
0.669
3.389
10.581
5.280
6.200
0.687
0.000
0.000
0.501
0.000
6.231
3.274
4.930
0.470
0.918
2.002
13.729
2.438
10.822
8.157
8.078
4.316
8.511
1.191
2.211
3.238
0.022
0.146
0.045
0.711
0.000
2.039
7.131
0.985
9.780
2.726
7.426
6.358
0.196
0.838
0.000
4.552
1.435
0.896
0.227
2.365
10.313
9.551
0.766
10.900
0.433
16.045
4.125
9.884
9.489
20.335
15.834
13.589
11.331
0.154
3.299
19.247
16.895
20.047
10.082
41.085
33.658
11.532
2.657
0.179
17.413
19.037
20.666
6.497
9.898
16.943
20.776
14.948
24.283
42.625
27.208
3.727
29.934
25.468
8.734
0.027
4.274
0.000
0.055
3.698
10.494
10.664
0.000
0.003
0.855
9.053
0.065
0.000
0.003
6.961
0.002
0.209
6.101
13.218
80.932
39.125
24.336
19.518
7.648
3.766
11.699
8.449
49.112
47.470
27.299
2.390
1.404
5.934
5.934
20.249
13.074
28.791
26.364
26.048
21.535
16.026
30.521
10.071
1.301
0.000
0.021
5.006
10.430
31.579
21.083
12.408
23.276
15.631
21.416
16.174
18.284
9.586
1.957
1.440
3.195
9.349
6.825
3.008
0.026
0.003
0.000
0.000
0.000
0.000
0.000
0.000
0.000
0.007
0.000
0.000
0.000
0.000
0.003
0.191
2.395
8.020
19.641
11.611
8.299
2.748
1.291
0.345
1.287
18.431
7.359
7.888
0.043
0.260
0.021
0.007
0.065
0.000
0.398
3.011
7.474
7.903
37.326
48.015
25.780
7.893
38.059
36.895
19.260
19.659
25.044
10.925
3.680
1.590
4.573
10.602
4.638
5.061
11.841
18.364
4.671
0.000
0.003
0.000
0.000
0.000
2.249
10.612
1.143
0.297
3.909
0.051
28.396
28.381
1.044
13.101
5.400
12.006
21.193
22.840
30.789
41.957
30.703
40.014
42.702
59.180
18.342
21.725
30.358
33.869
1.387
20.500
1.164
0.000
0.000
5.804
10.022
0.124
1.641
7.474
0.000
0.041
0.045
8.569
4.885
3.232
0.007
7.642
28.111
3.413
15.680
11.707
11.704
10.118
31.095
37.240
25.516
23.761
24.730
38.069
7.381
6.310
7.270
1.033
3.136
35.125
41.432
8.118
16.057
5.574
11.584
9.077
23.676
33.028
63.029
7.907
4.570
1.236
0.077
0.000
0.000
5.191
13.565
4.463
17.369
4.856
12.758
11.599
13.791
20.419
18.548
17.221
0.000
7.189
0.949
3.759
2.079
10.715
13.393
7.876
7.876
2.422
0.522
0.014
0.000
0.663
0.000
0.000
0.587
10.977
2.518
5.457
10.007
8.753
0.227
0.000
2.587
5.418
1.521
7.821
5.782
1.160
10.238
12.833
5.757
11.908
1.981
0.039
1.816
3.056
0.172
0.100
1.119
5.795
3.313
4.395
0.232
0.096
6.557
4.499
6.279
0.000
1.047
11.295
2.082
0.553
0.000
0.000
4.422
8.913
0.889
0.103
0.000
2.314
2.062
1.042
0.000
0.000
4.594
6.961
7.790
2.757
8.229
0.254
1.586
0.024
16.788
10.719
9.658
7.191
12.322
8.714
23.902
44.296
9.132
12.480
15.635
8.102
5.486
9.572
5.754
2.214
0.103
0.798
0.597
3.272
2.970
10.564
1.971
5.210
0.086
0.153
0.024
0.130
0.000
9.091
5.109
10.703
10.588
8.250
0.038
4.552
9.730
18.728
12.102
8.350
0.185
3.406
2.060
3.167
0.007
0.000
2.554
6.163
2.441
8.847
13.808
14.646
20.776
3.255
0.405
2.626
20.445
16.521
6.080
6.683
0.019
1.178
2.232
1.748
0.604
9.153
51.708
16.346
4.951
8.772
5.297
7.395
12.521
0.460
0.000
6.070
21.008
23.006
26.783
4.357
0.536
0.027
0.379
27.263
56.432
41.058
4.887
3.343
11.846
38.298
25.452
50.453
61.601
2.771
30.849
48.517
13.752
16.478
6.712
0.007
0.910
0.000
9.951
15.812
15.647
46.743
42.167
39.077
20.660
14.865
17.449
37.803
74.563
52.193
20.179
53.262
10.051
11.256
8.542
16.498
16.284
1.624
9.441
12.310
12.660
13.977
0.031
4.770
11.908
12.317
0.254
0.038
1.061
14.159
23.140
35.635
15.741
9.640
5.751
1.754
1.497
0.762
12.336
0.100
0.010
0.014
0.000
0.364
1.414
0.680
1.167
19.217
9.532
27.845
42.538
15.319
0.618
2.122
9.987
0.220
0.017
3.380
6.583
14.550
6.890
7.811
1.442
13.395
2.729
0.022
0.199
4.628
20.096
5.572
13.330
17.585
8.588
0.371
0.604
7.096
8.657
14.214
19.856
39.551
17.206
12.461
8.391
2.906
0.460
1.753
2.530
0.282
0.000
19.830
6.341
13.850
23.858
8.605
33.283
13.656
22.079
44.380
40.778
19.916
34.128
23.018
41.103
10.233
24.439
17.406
48.189
33.374
36.658
75.145
37.714
30.642
14.277
19.427
23.900
31.635
30.278
53.703
33.611
28.750
0.336
10.399
2.226
0.002
0.000
8.147
10.959
20.345
0.954
0.000
0.503
12.526
0.220
0.069
1.991
13.656
18.646
9.943
12.586
4.642
4.635
2.352
0.000
5.287
17.952
1.493
7.512
17.685
16.047
36.164
14.234
1.967
6.218
7.879
8.482
23.586
9.658
18.778
9.174
11.723
17.389
8.171
3.354
0.007
0.089
0.206
0.000
2.297
14.591
20.974
17.219
19.628
1.758
22.192
3.866
14.854
9.278
6.012
0.209
2.954
2.496
6.837
5.668
1.720
0.625
7.599
1.305
0.038
0.024
9.208
5.838
6.396
0.319
7.787
4.872
2.304
9.644
0.216
0.457
6.242
0.532
10.701
0.000
6.791
1.857
4.357
10.258
8.456
10.487
0.007
0.014
1.490
0.237
0.457
0.000
0.000
0.000
0.330
12.844
4.885
5.721
0.112
2.910
0.244
0.134
2.029
0.343
10.744
8.672
4.971
5.613
1.854
0.062
1.689
0.566
1.677
0.373
0.000
5.953
0.000
1.384
0.240
0.000
8.154
0.038
1.878
5.438
0.000
1.926
7.148
9.786
0.697
0.000
14.162
8.240
