19790101
1.377
0.134
1.257
2.963
8.671
0.000
0.000
0.000
0.034
0.000
0.014
0.257
0.759
1.351
4.439
11.557
0.857
1.937
0.000
0.027
0.000
1.905
0.235
0.000
0.104
0.000
1.133
38.564
10.898
14.890
0.021
6.755
15.614
0.278
0.000
0.010
0.304
0.700
0.630
0.822
0.000
3.291
3.260
0.118
0.663
4.920
4.941
2.997
0.122
0.263
0.409
0.046
0.127
0.934
0.000
0.000
0.000
0.000
0.007
0.000
2.424
0.165
7.302
6.571
1.754
1.574
1.480
0.486
0.709
6.640
1.167
0.347
1.861
4.704
9.496
2.015
0.755
0.021
0.151
0.766
0.615
0.199
0.110
17.966
1.905
1.085
5.054
32.647
4.860
0.906
0.714
1.205
7.052
11.089
5.946
13.657
0.426
0.000
0.000
0.000
0.000
0.000
1.991
2.293
2.111
0.003
0.000
0.000
1.981
5.665
36.217
0.350
0.058
0.594
1.456
1.095
0.141
1.123
11.937
0.000
7.986
1.899
0.330
0.034
0.244
0.199
0.076
0.000
0.000
0.041
0.838
5.013
2.149
0.357
2.994
0.000
0.000
0.000
0.000
0.000
0.079
0.058
3.159
2.620
0.275
0.549
0.745
0.306
0.000
1.809
4.219
0.886
0.221
0.000
0.000
0.894
1.272
4.980
20.280
0.000
0.041
0.000
1.487
3.246
1.995
0.000
1.205
5.531
2.086
0.282
0.086
0.000
0.000
0.053
0.573
0.640
0.000
0.000
0.000
0.000
0.010
0.014
1.439
0.000
0.000
0.000
0.000
0.000
0.000
0.000
0.000
0.000
0.000
0.000
0.000
0.139
0.910
0.278
0.252
3.924
0.000
0.000
0.651
1.282
0.618
0.539
0.000
0.000
0.000
0.000
0.000
0.003
0.807
0.311
0.000
0.000
0.000
0.000
0.000
0.000
0.000
0.000
0.000
0.000
0.000
0.000
0.256
1.260
1.166
1.699
2.177
1.112
0.000
0.086
0.697
0.863
11.780
13.515
3.098
0.000
0.051
0.038
0.000
0.014
2.468
22.570
0.553
0.680
0.000
0.136
2.290
29.680
0.000
0.172
4.094
7.689
7.785
40.210
5.243
1.655
37.254
0.100
0.479
3.325
14.476
4.053
6.206
4.508
0.127
1.778
1.056
1.032
0.685
1.545
0.762
0.000
0.000
0.000
0.100
0.051
1.174
0.302
0.007
0.000
0.271
0.000
0.000
0.985
0.120
0.192
0.062
0.053
0.031
16.723
0.426
0.021
3.680
0.062
0.007
0.213
4.398
0.175
0.051
0.934
2.084
0.000
1.699
10.624
0.316
0.881
1.875
0.747
0.167
0.000
2.240
3.940
0.000
0.058
0.237
0.010
2.678
4.639
6.177
1.797
4.242
12.869
20.380
9.622
0.000
6.542
7.805
0.000
0.000
4.128
2.733
1.686
0.340
0.000
0.285
0.209
0.079
0.151
0.000
0.000
0.000
0.280
0.000
0.000
0.251
2.668
1.281
0.343
4.256
3.272
22.745
15.679
12.763
0.570
0.000
0.000
0.000
0.069
0.342
1.675
3.262
41.360
13.681
32.976
0.072
0.000
0.000
0.010
0.014
0.000
0.450
0.000
0.058
0.000
0.000
0.167
0.000
0.275
0.027
0.027
0.017
0.106
0.189
1.531
12.174
9.867
4.367
0.000
0.000
0.000
0.000
0.546
0.197
0.129
1.991
2.053
0.031
0.048
0.194
0.616
0.893
7.687
0.489
0.000
0.000
0.000
0.000
0.000
0.000
0.208
12.234
0.024
0.203
0.014
0.360
0.072
0.000
0.000
0.000
0.000
0.000
0.000
0.000
0.000
0.024
4.973
0.000
0.007
0.065
0.000
0.704
2.788
2.532
6.635
9.407
3.843
2.565
2.321
0.625
9.598
8.411
0.000
0.124
1.854
0.201
0.216
0.342
0.503
0.764
0.721
0.443
0.058
0.134
0.374
3.320
1.463
0.000
1.555
3.440
0.505
0.000
4.223
1.167
0.000
0.240
3.516
24.647
0.076
0.027
0.000
0.374
0.000
0.000
0.072
3.862
4.247
4.614
16.050
3.042
65.643
0.930
20.697
11.430
1.311
10.329
2.788
3.818
0.000
0.027
0.566
2.295
1.275
21.727
0.735
0.395
0.139
0.045
0.000
1.390
4.443
0.000
0.017
1.178
2.709
0.506
0.000
0.000
0.000
0.948
0.165
0.017
0.010
2.688
43.614
0.101
2.184
1.868
0.536
0.039
0.027
0.007
0.000
0.000
0.709
2.340
1.763
0.024
0.000
0.000
0.000
0.000
0.113
0.072
2.057
0.608
0.000
0.000
0.587
0.259
0.000
0.000
0.000
0.000
0.000
0.000
0.000
0.000
0.000
0.000
0.000
0.000
0.076
0.105
0.000
0.000
0.010
0.017
0.017
0.027
0.000
0.000
0.000
0.000
0.000
0.010
0.031
0.017
0.307
0.058
0.034
0.024
0.402
0.671
0.000
0.027
0.000
0.000
0.000
3.777
1.171
0.759
0.539
0.906
0.549
0.553
0.076
0.000
0.000
0.000
0.000
0.000
0.007
0.000
0.000
0.000
0.000
0.000
0.000
0.000
0.426
0.076
0.000
0.000
0.000
0.000
0.288
0.433
2.898
2.173
0.000
0.000
0.000
0.000
0.000
0.000
0.000
0.000
0.000
0.010
0.014
7.028
2.019
0.130
9.359
8.408
5.354
1.596
0.508
0.316
0.000
0.542
1.768
5.617
31.558
2.081
0.783
6.952
14.433
6.695
12.366
0.137
0.038
0.000
3.162
2.978
1.909
2.307
1.555
2.551
4.820
3.931
40.830
0.007
0.000
0.021
1.263
0.021
0.062
0.072
0.014
0.000
0.000
0.010
0.137
0.079
0.398
0.390
0.000
0.505
4.523
0.000
21.413
2.915
16.359
0.000
1.658
4.730
8.135
5.373
16.564
0.000
7.581
13.202
2.541
0.000
0.000
0.457
8.661
9.151
1.433
7.435
6.315
6.940
2.091
2.602
14.758
4.140
0.563
0.118
5.517
3.529
0.076
0.000
0.060
0.673
1.233
0.522
3.392
3.897
0.038
1.641
4.971
16.572
0.240
0.051
0.000
0.000
0.189
1.466
3.244
0.288
1.631
0.446
4.734
0.282
2.225
0.697
2.087
5.782
7.323
0.103
0.409
1.723
0.000
0.000
0.024
0.110
0.240
0.285
1.485
8.154
6.118
2.554
1.394
2.887
13.317
0.748
0.252
0.422
0.021
0.172
0.041
7.557
0.007
0.309
1.490
0.079
3.200
6.963
0.266
9.000
15.817
8.092
1.332
0.539
0.000
0.055
0.039
1.487
0.000
0.000
0.144
0.127
0.000
11.639
9.843
1.363
9.484
0.924
2.427
0.669
3.871
20.304
5.019
2.153
0.666
0.445
7.829
5.958
5.172
2.238
49.540
2.420
18.488
8.854
3.162
6.265
0.007
0.144
2.777
0.553
6.624
0.069
0.604
0.007
4.589
18.972
1.456
5.612
4.427
4.032
2.555
3.699
5.454
0.089
0.362
1.916
0.189
0.934
1.514
1.167
2.424
4.302
2.789
2.074
4.901
12.511
0.000
2.688
14.553
0.735
0.000
1.013
3.069
0.000
0.048
0.003
0.000
7.694
0.124
0.041
0.336
0.615
1.054
0.573
9.574
0.400
10.609
1.725
0.177
3.720
0.072
13.297
0.058
2.347
35.819
10.372
3.711
0.712
0.000
0.318
4.331
4.913
3.890
2.563
0.000
0.000
0.278
0.048
0.000
0.000
0.000
0.000
0.000
0.462
2.177
0.007
0.007
0.000
0.350
10.039
4.003
0.000
0.824
3.639
4.398
0.007
8.236
11.879
0.000
0.000
0.292
0.182
0.000
0.621
1.555
0.148
0.000
0.000
0.000
0.000
0.000
0.000
0.000
5.088
1.528
0.209
2.053
37.872
12.157
1.239
3.303
1.342
0.151
0.000
0.000
0.000
0.000
0.000
0.014
0.014
0.038
0.031
0.858
0.975
0.348
0.316
0.014
0.027
0.027
0.264
0.045
0.045
0.038
0.048
0.017
0.000
0.051
0.007
0.000
0.000
0.000
0.000
0.000
0.000
0.759
0.889
0.000
0.000
0.082
0.103
0.014
0.000
0.275
0.120
0.014
0.007
0.000
0.000
0.000
0.000
0.257
0.000
4.202
0.113
0.268
0.055
0.134
0.079
1.198
0.354
0.000
0.000
0.824
3.557
4.710
2.338
0.330
2.424
3.831
4.364
0.000
1.888
3.214
0.031
1.277
0.247
0.117
7.385
22.656
0.000
0.000
0.000
0.000
0.000
0.000
0.134
0.024
2.335
0.601
0.669
1.796
2.740
4.340
1.693
0.003
0.865
1.250
11.803
36.354
5.119
36.567
0.000
0.003
0.021
0.385
5.569
5.191
8.514
0.007
0.000
0.000
0.000
0.175
0.113
0.000
0.000
0.000
0.000
0.000
0.010
1.641
1.847
0.000
3.430
9.798
8.899
24.438
8.387
12.796
0.000
1.813
3.536
0.244
12.761
0.687
2.712
15.650
7.313
21.904
0.415
4.415
0.639
1.476
0.000
0.021
1.334
0.000
6.348
8.096
3.395
9.665
3.196
2.537
1.586
5.325
4.127
10.341
4.594
1.366
0.000
0.000
3.234
1.620
5.682
2.427
4.559
8.645
7.890
1.957
6.128
0.076
0.000
0.000
9.798
0.148
0.076
0.000
0.055
0.781
0.707
0.288
0.707
6.516
5.260
3.238
4.384
14.959
8.154
5.219
0.000
0.000
1.150
3.268
0.076
5.562
0.000
2.293
12.494
12.401
0.000
0.000
0.000
0.858
5.208
0.000
0.000
0.000
0.000
0.000
0.000
5.054
1.796
1.739
0.154
0.654
11.877
30.362
0.000
0.103
1.028
7.414
0.515
0.089
10.332
14.116
6.111
6.326
0.953
15.975
1.179
0.000
0.429
1.660
0.000
3.423
0.575
6.346
16.282
1.954
1.159
8.992
4.530
9.877
3.940
12.839
7.697
6.331
5.849
0.000
0.000
0.022
0.142
0.000
2.687
0.407
0.405
0.227
0.010
0.051
0.276
4.472
0.252
0.117
0.821
8.465
11.546
0.000
1.363
19.376
4.340
1.387
3.864
0.017
0.000
1.351
7.737
5.560
5.443
1.439
11.321
18.006
3.166
6.789
0.910
2.443
0.431
0.000
0.000
0.014
28.198
0.000
0.048
0.071
3.845
0.000
0.000
0.000
0.000
0.738
0.748
0.000
0.000
0.000
0.000
0.330
0.419
0.000
0.000
0.007
0.189
2.657
3.268
0.048
1.123
5.431
0.000
0.000
1.428
1.566
0.093
2.534
19.700
7.721
16.957
1.840
20.929
8.144
0.522
0.542
0.031
0.000
0.000
0.000
0.000
0.000
0.000
0.597
0.158
0.000
0.000
0.000
0.000
1.627
1.451
0.000
0.000
0.000
0.000
0.000
0.000
0.000
0.000
0.000
0.580
0.000
0.000
0.000
0.000
0.000
0.000
0.000
0.000
0.000
0.000
0.000
0.000
0.000
0.000
1.226
0.522
0.000
0.000
0.000
0.000
0.000
0.000
0.000
0.000
0.000
0.000
0.000
0.000
0.000
0.000
0.000
0.000
0.000
0.000
3.502
1.396
0.000
0.000
0.000
0.000
0.000
0.000
0.000
0.000
0.125
0.065
0.000
0.000
0.000
0.000
0.000
0.000
0.000
0.000
0.000
0.000
0.000
0.000
0.000
0.000
0.000
0.000
0.000
0.000
0.000
0.000
0.000
0.000
0.000
0.000
0.000
0.000
0.000
0.000
0.000
0.000
0.000
0.000
0.000
0.000
0.000
0.000
0.726
0.069
0.185
4.637
5.133
7.657
1.095
0.000
0.000
0.000
0.000
0.000
2.293
1.013
9.850
19.339
3.763
7.057
15.067
3.488
2.511
7.572
6.339
6.777
0.398
3.277
8.389
13.283
41.297
0.261
0.572
4.781
2.103
5.555
2.196
5.661
10.075
0.000
5.902
3.687
3.478
3.088
0.259
0.165
0.000
0.000
0.000
3.483
1.464
0.038
0.203
0.474
0.048
35.949
0.000
1.294
1.425
0.000
0.000
0.206
0.814
5.359
0.000
0.000
0.000
0.000
0.000
0.000
0.000
0.000
0.755
3.821
1.893
1.013
0.158
0.288
0.177
0.000
0.000
0.000
0.000
0.000
0.000
0.000
0.024
0.000
0.493
0.000
0.848
0.000
0.000
1.049
0.419
2.910
0.000
0.000
0.010
0.209
4.283
0.000
0.000
0.263
1.208
1.095
0.000
0.000
0.000
0.000
0.000
0.000
0.027
0.000
0.000
0.000
0.391
0.000
0.000
0.000
0.000
0.000
0.165
0.000
0.106
0.000
0.500
0.103
0.045
0.000
0.000
0.000
0.000
0.000
0.000
0.000
0.000
0.000
0.000
0.148
0.659
0.000
0.000
0.000
0.000
0.000
0.007
4.849
0.975
1.852
4.039
0.575
0.000
0.800
3.074
0.000
0.000
0.000
0.000
0.000
0.138
0.288
0.000
0.000
0.000
0.000
0.000
0.000
0.000
0.000
0.000
0.000
1.191
1.305
0.961
0.000
0.034
2.771
0.000
5.236
8.514
8.374
10.619
4.415
0.257
0.106
0.331
0.508
26.175
1.531
0.048
0.000
0.021
0.031
0.000
0.786
9.277
4.250
8.834
3.856
7.412
7.378
10.415
4.010
8.072
1.205
0.584
1.765
4.274
0.000
0.336
0.989
0.041
1.566
1.919
14.447
17.319
9.527
0.000
0.000
1.202
21.451
26.481
0.199
28.849
45.974
30.581
57.280
4.717
7.545
1.267
0.000
6.890
7.684
4.587
4.312
4.288
17.255
6.630
0.027
1.291
1.844
1.390
0.324
0.831
0.350
0.000
4.357
17.980
4.745
6.654
56.319
0.000
0.034
0.257
0.000
0.000
0.000
0.251
4.762
0.709
4.745
3.080
8.248
1.116
0.240
0.656
0.213
0.000
0.089
8.003
2.760
0.954
0.021
0.000
0.000
0.000
0.000
0.000
0.000
0.000
0.000
0.000
0.000
0.000
0.000
0.000
0.000
0.027
0.007
0.000
0.000
0.000
0.007
0.031
0.388
0.158
0.000
1.603
0.738
1.517
8.731
0.282
0.845
0.000
0.000
0.000
0.000
0.000
0.048
0.000
0.000
0.000
0.000
0.000
0.000
0.000
0.000
0.000
0.000
0.000
0.000
0.000
0.007
0.051
0.021
0.000
0.000
0.000
0.000
0.000
0.000
0.000
0.113
1.875
0.790
0.433
0.000
0.000
0.027
0.000
0.000
0.000
0.000
0.000
0.000
0.000
0.000
0.000
0.000
0.000
0.000
0.000
0.010
0.321
0.000
0.000
0.007
0.024
0.361
0.048
0.000
0.082
0.000
0.000
0.000
0.000
0.000
1.892
2.209
3.021
2.599
1.184
0.000
0.000
0.007
0.841
0.800
0.000
0.000
0.000
0.034
0.007
0.000
0.000
0.000
0.000
0.975
1.945
0.371
0.000
0.000
0.644
2.860
1.241
2.031
1.337
1.706
0.161
2.094
3.498
0.209
2.802
7.385
20.740
6.551
8.674
2.369
1.835
0.834
0.000
0.000
0.000
0.058
0.000
0.000
0.192
1.602
2.735
2.982
1.706
2.352
0.000
0.266
0.747
5.387
30.046
19.530
3.744
11.096
3.969
17.528
19.693
0.000
0.000
0.000
0.306
0.000
0.771
3.021
0.681
0.316
0.079
0.000
0.000
0.402
0.333
0.326
0.058
1.586
8.981
0.793
4.110
0.000
0.996
0.000
0.494
0.604
0.336
0.539
1.411
3.557
0.034
0.000
0.192
2.767
0.824
0.191
0.000
0.000
0.000
1.037
5.040
0.048
0.000
0.148
0.000
0.180
0.000
0.000
0.000
0.000
0.031
0.000
1.694
1.512
0.227
0.000
0.000
0.010
0.000
0.000
0.000
0.000
0.014
0.680
8.214
0.158
0.257
0.038
0.000
0.000
0.000
0.003
1.792
1.711
0.160
0.086
1.645
11.003
4.892
0.000
0.120
4.659
3.684
0.930
0.141
0.257
0.570
0.227
0.000
0.000
0.106
1.967
19.460
0.014
0.021
1.208
1.009
8.181
4.728
0.810
1.634
1.833
0.869
3.086
6.451
5.267
7.539
0.096
0.072
0.000
1.751
13.891
0.484
8.998
1.360
0.439
2.815
1.775
0.343
0.000
0.000
0.000
0.683
0.000
0.000
0.687
12.919
12.349
8.078
0.299
4.958
12.154
6.547
6.465
6.097
14.135
10.592
5.720
4.690
0.941
11.120
25.093
24.712
20.050
4.810
6.956
33.357
0.021
10.938
28.183
7.107
26.875
11.635
3.759
4.463
11.800
23.871
2.668
5.812
3.783
13.987
38.717
12.703
0.041
0.000
0.000
0.000
0.158
3.459
0.990
0.069
0.312
1.732
21.640
3.617
7.974
0.000
25.675
0.288
15.328
0.000
0.024
0.458
0.692
1.596
7.078
1.650
0.000
1.130
21.602
17.939
22.453
1.897
3.536
0.448
0.065
0.038
0.014
6.684
30.391
4.631
2.541
1.167
0.076
3.395
12.421
0.055
0.014
1.449
0.742
0.000
0.457
0.000
0.069
0.050
0.000
0.000
0.000
0.000
0.000
3.159
1.710
33.603
0.426
0.201
2.779
2.547
0.051
0.800
4.099
3.698
5.246
2.262
0.082
1.401
2.160
2.733
8.592
2.513
0.003
3.066
2.352
0.378
0.000
0.000
0.000
2.777
0.494
0.000
0.000
0.000
0.000
0.000
0.000
0.000
0.000
0.000
0.000
0.000
0.007
2.283
7.642
0.912
0.017
0.024
0.599
0.165
0.024
0.542
0.949
0.326
0.000
0.000
0.000
0.000
1.469
6.478
1.023
4.576
3.619
6.198
7.592
7.769
9.320
1.032
0.230
0.000
0.000
0.000
0.000
0.000
0.000
0.000
0.000
1.699
7.172
1.806
1.171
0.000
0.000
1.171
7.299
4.776
5.909
31.055
3.514
2.206
2.647
11.277
2.125
4.098
63.683
2.261
3.291
2.470
14.318
1.318
0.530
1.907
1.217
0.000
0.838
0.331
2.879
9.161
5.824
4.063
0.141
0.537
2.977
9.730
0.184
0.120
3.183
3.069
1.727
11.086
4.075
4.522
2.668
3.553
0.290
16.919
4.784
66.472
1.310
0.395
13.852
0.130
0.129
0.618
0.000
3.418
5.976
0.347
2.208
4.836
0.295
5.493
4.151
5.316
11.098
0.450
7.714
3.189
1.509
0.800
16.442
0.786
8.520
12.121
5.982
8.734
1.883
3.799
0.604
8.439
0.259
0.577
6.959
13.127
9.230
0.000
0.024
0.017
0.582
4.165
0.390
0.306
0.014
0.407
0.000
1.143
7.007
0.784
0.173
0.000
0.000
0.179
6.580
3.428
2.258
0.488
0.024
1.037
0.007
0.000
0.352
0.208
1.035
1.610
0.000
0.010
0.010
0.000
0.000
0.000
0.000
0.000
0.470
6.853
2.805
2.699
8.650
1.778
2.462
1.555
0.000
0.522
8.684
0.021
0.175
0.000
0.010
3.624
0.000
0.000
0.000
0.017
0.000
1.576
13.273
2.053
0.000
0.000
0.000
0.000
0.000
0.000
0.000
2.235
1.581
0.031
0.003
0.101
0.017
0.754
0.000
0.000
0.003
0.000
0.000
0.000
0.000
0.072
2.383
2.249
0.017
0.000
0.014
0.058
0.288
0.000
1.032
16.933
3.008
0.161
0.742
0.041
1.207
3.924
7.460
0.000
0.000
0.000
0.288
0.062
0.110
0.000
0.312
0.000
0.000
4.044
0.024
0.000
8.679
10.372
12.349
0.427
0.817
3.976
3.735
40.625
1.487
3.622
28.492
4.132
5.905
0.536
5.603
6.204
25.842
1.212
0.058
0.357
7.464
3.083
0.668
5.297
8.562
1.092
6.818
0.632
0.014
0.429
8.356
2.307
4.491
18.443
21.094
6.482
5.917
3.776
0.063
2.024
1.404
17.481
0.000
3.445
3.613
1.360
3.105
22.168
5.466
15.252
2.051
0.961
0.024
4.333
25.360
0.000
0.053
5.515
0.017
0.034
1.088
0.893
0.924
0.108
0.000
0.000
0.443
0.213
0.256
0.512
1.351
0.362
0.000
0.000
0.000
0.000
0.000
0.000
0.000
0.000
0.000
0.000
0.000
0.000
0.000
0.000
0.000
0.000
0.000
0.000
0.000
0.000
0.000
0.000
0.000
0.000
0.000
0.000
0.000
0.000
0.000
0.000
0.000
0.000
0.000
0.000
0.000
0.000
0.000
0.000
0.000
0.000
0.000
0.000
0.000
0.000
0.000
0.000
0.000
0.000
0.244
0.124
0.127
0.065
0.000
0.000
0.007
0.906
1.066
0.299
0.000
0.000
0.000
0.154
7.632
6.351
0.628
0.170
1.150
2.355
0.031
0.000
1.427
5.493
2.522
0.014
0.007
0.000
3.430
2.637
1.298
0.247
0.000
3.006
66.272
0.855
0.000
0.000
1.614
2.803
0.786
0.000
0.000
0.201
0.065
0.000
0.000
0.000
3.268
3.945
0.827
3.958
0.836
0.676
1.507
0.191
1.492
0.848
0.000
1.526
11.242
8.813
2.561
2.041
18.725
9.398
5.397
0.000
0.000
9.974
15.992
6.762
4.058
3.751
14.330
9.631
12.171
6.266
4.147
1.306
0.000
0.000
0.051
0.031
0.810
7.663
0.115
0.000
3.203
0.987
4.355
5.385
8.756
0.000
0.041
3.284
8.430
20.076
0.151
0.000
0.000
1.360
0.000
0.144
0.000
0.803
5.380
11.019
0.000
0.000
0.378
0.110
0.045
1.037
0.436
2.427
0.625
0.007
0.000
0.498
0.676
0.000
0.000
5.464
8.753
0.000
0.000
0.000
0.254
0.017
0.000
0.203
0.268
0.179
0.700
0.000
4.463
1.929
11.498
3.773
0.072
5.898
2.032
0.000
0.000
0.000
0.000
0.000
0.000
0.000
0.000
0.106
0.882
0.000
0.175
0.000
0.000
0.000
0.024
0.242
0.000
0.000
0.000
0.000
0.244
0.041
0.076
0.000
0.000
0.402
0.000
0.000
0.000
0.000
0.330
8.974
0.003
0.000
0.000
0.000
0.151
0.000
0.439
0.412
0.951
1.325
4.405
6.496
12.639
1.933
5.871
0.089
0.113
0.003
0.000
0.000
0.000
0.000
0.000
0.512
0.436
0.268
0.477
3.591
8.253
6.568
4.189
0.824
0.100
0.831
6.283
0.920
2.527
5.720
2.826
1.703
19.439
1.981
0.797
13.225
1.382
0.031
0.000
4.726
3.847
1.655
5.936
2.807
0.000
0.000
0.282
1.047
2.407
7.665
1.203
0.000
2.024
1.047
0.140
0.503
0.683
6.022
6.226
3.172
0.271
0.000
0.062
1.119
6.329
3.219
3.330
0.000
3.749
64.284
17.921
38.830
0.000
0.288
8.092
1.737
7.817
0.158
0.354
0.000
5.277
9.654
5.586
5.878
9.774
13.548
11.316
1.840
19.041
27.902
0.000
0.000
1.854
13.671
0.000
9.204
7.783
6.039
2.348
0.089
4.522
3.924
0.100
0.378
0.433
6.825
14.622
12.353
0.481
0.391
5.692
7.629
3.128
0.000
1.040
0.367
0.089
0.000
0.000
0.000
0.182
2.094
1.813
10.131
8.233
2.326
-99.000
2.208
6.959
11.807
0.185
5.939
19.451
8.820
0.154
0.398
11.536
0.034
0.000
0.007
0.000
0.000
0.000
0.000
0.000
0.000
0.000
0.000
0.000
0.000
0.000
0.000
0.000
0.000
0.000
0.000
0.000
0.000
0.000
0.000
1.322
0.271
0.000
0.000
0.000
0.000
0.000
0.000
0.000
0.000
0.000
0.000
0.000
0.000
0.000
0.000
0.000
0.000
0.000
0.000
0.000
0.000
0.000
0.000
0.000
0.000
0.000
0.000
0.000
0.000
0.000
0.000
0.000
0.000
0.000
0.000
0.000
0.000
0.000
0.000
0.000
0.000
0.306
0.201
0.199
0.000
0.000
0.000
0.000
0.000
0.113
1.473
4.250
10.578
0.185
0.000
0.000
0.000
0.000
0.000
0.000
0.000
0.000
0.000
0.000
0.000
0.000
0.000
0.000
0.000
0.000
0.000
0.000
0.000
0.000
0.000
0.606
1.823
0.800
0.000
0.000
4.791
13.166
15.050
9.879
4.571
3.605
4.463
3.054
1.772
0.760
0.076
3.495
1.727
0.206
2.609
2.259
3.117
2.208
4.252
25.619
0.141
0.031
2.891
0.000
0.000
1.725
10.101
17.381
7.522
12.360
2.753
0.772
0.130
0.742
1.027
1.207
0.000
0.385
0.000
2.738
28.036
1.112
0.000
0.123
1.263
0.172
0.245
2.218
0.575
0.515
1.507
2.776
0.572
0.546
0.000
1.035
2.803
0.397
0.000
1.742
0.034
0.000
0.003
2.017
4.237
6.230
0.233
0.086
0.963
7.133
4.698
1.250
0.093
0.127
0.000
0.000
3.337
11.642
0.000
0.000
0.000
0.000
0.000
0.000
0.000
0.000
0.136
2.723
0.000
0.000
0.181
0.098
0.000
-99.000
-99.000
-99.000
-99.000
-99.000
-99.000
-99.000
-99.000
3.176
0.779
0.000
0.000
0.058
0.467
0.173
0.038
1.099
0.436
0.124
0.000
0.000
2.408
0.000
0.000
0.239
0.000
0.000
0.000
0.000
2.496
12.995
19.923
1.562
0.762
1.826
1.184
0.000
0.000
0.151
0.936
0.000
0.000
0.000
0.000
0.000
0.000
0.000
6.389
9.793
1.092
0.021
0.879
0.000
0.000
1.018
3.325
0.812
0.021
0.072
0.000
0.000
0.000
0.000
0.000
0.000
0.000
0.000
0.000
0.000
0.000
0.000
0.261
0.169
2.554
1.693
0.633
0.007
0.045
9.405
0.000
0.051
8.892
2.271
0.000
3.730
2.716
7.866
2.594
4.274
0.144
0.055
18.500
16.588
7.816
3.057
1.967
1.395
8.883
0.336
11.000
24.700
8.346
0.572
4.883
21.745
0.421
1.119
1.911
0.000
1.620
0.295
0.062
1.073
7.833
3.722
0.309
6.482
0.772
1.564
1.085
0.669
0.161
0.160
6.966
12.480
3.447
24.523
5.217
31.520
2.486
53.981
3.268
7.512
3.874
48.647
11.240
0.103
0.165
1.044
0.158
0.000
0.000
0.766
0.824
5.112
5.445
0.000
0.000
0.079
5.579
14.639
0.240
5.984
4.704
0.027
0.000
0.000
0.000
0.000
0.000
0.000
0.000
0.000
0.000
0.000
0.010
0.021
0.000
0.000
0.000
0.000
0.172
0.179
0.000
0.000
0.000
0.000
0.000
0.000
0.000
0.000
0.086
0.014
0.000
0.000
0.000
0.000
0.000
0.216
0.117
0.031
0.069
0.118
0.000
0.000
0.000
0.177
0.072
0.000
0.000
1.351
0.968
0.295
0.118
0.606
0.276
12.916
0.442
0.189
0.560
0.101
0.000
0.117
0.038
0.000
0.772
62.131
0.791
1.928
2.855
1.135
1.342
2.125
3.885
6.877
1.626
0.072
0.960
0.565
0.050
0.165
0.089
0.421
1.260
0.652
0.051
0.144
0.000
0.000
0.000
0.000
0.000
0.000
0.000
0.000
0.000
0.000
0.000
0.651
2.271
0.601
0.000
0.615
8.935
6.104
5.337
3.613
5.449
2.359
2.250
0.318
0.290
0.185
0.110
0.048
0.000
1.760
0.810
0.000
0.000
0.000
2.959
3.090
1.196
1.121
0.038
8.406
25.025
6.382
0.000
0.000
0.000
0.194
4.542
0.000
0.000
0.000
0.000
0.000
0.000
1.378
2.608
16.580
10.961
3.682
0.100
0.357
0.331
0.000
0.553
5.162
9.688
7.428
5.430
0.862
0.000
1.003
2.184
7.450
8.660
0.930
1.131
3.138
5.538
8.126
15.645
2.623
5.354
50.166
0.079
0.862
3.227
6.362
1.778
0.000
1.047
38.545
2.032
3.910
15.748
6.945
52.024
0.968
0.637
0.000
0.000
0.000
0.000
0.683
0.000
0.000
0.000
3.886
6.777
19.048
3.083
3.440
0.292
0.371
3.481
5.232
27.727
26.879
2.695
1.133
6.664
1.394
2.441
0.086
0.000
0.154
0.065
0.000
0.000
0.000
0.000
0.000
0.000
0.000
0.000
0.872
1.037
0.419
0.000
0.000
0.000
0.000
0.000
0.000
0.000
0.064
0.173
21.650
0.069
0.251
0.017
0.000
0.000
0.000
0.258
1.223
2.022
3.598
1.272
1.154
8.833
0.007
0.000
0.000
0.000
0.000
0.000
0.558
0.000
0.014
0.512
11.089
8.861
0.000
0.549
2.594
2.510
7.335
6.396
10.248
5.831
9.143
1.722
1.550
3.615
1.124
0.000
0.034
2.453
0.257
0.798
4.276
12.161
0.875
9.601
1.554
0.000
0.003
5.177
3.605
0.137
0.000
0.000
5.850
1.366
0.268
0.814
0.522
3.179
9.098
14.430
5.933
1.380
6.969
5.315
0.433
0.000
0.000
0.000
0.130
0.821
0.000
0.000
0.000
0.000
0.000
0.513
1.215
1.696
1.507
0.870
0.542
11.501
2.470
7.035
13.783
2.534
5.328
2.299
45.840
36.565
32.381
15.359
16.567
20.711
18.884
4.144
11.405
19.025
9.685
0.000
5.546
6.465
4.317
0.275
17.717
34.154
7.948
21.616
0.089
3.080
16.823
10.684
16.716
7.586
9.376
13.043
3.677
3.430
0.165
0.089
10.753
7.653
2.273
14.037
0.113
0.158
0.592
40.931
42.579
36.025
4.346
19.530
0.615
7.498
4.463
13.451
12.205
35.579
43.849
2.403
4.892
0.403
11.790
1.152
0.515
0.000
0.000
0.000
0.137
0.000
0.000
2.493
8.163
0.041
4.216
41.891
0.093
0.405
23.849
1.231
13.017
12.691
12.361
62.426
3.416
12.166
8.236
1.542
0.000
2.129
3.571
20.483
11.412
3.021
6.763
11.742
1.542
3.062
0.755
0.106
0.014
0.000
0.000
0.000
0.000
0.000
0.000
0.000
0.000
0.000
5.061
2.860
0.000
0.000
0.000
0.000
0.000
0.000
1.263
2.431
0.707
0.357
0.249
0.027
0.915
0.220
0.000
3.728
37.681
1.162
0.409
0.573
2.305
1.318
0.347
0.031
0.666
1.996
1.634
30.578
0.000
3.674
7.987
11.860
0.000
7.811
30.250
0.417
2.077
1.899
8.013
2.719
15.618
2.802
0.233
1.576
1.669
5.497
2.108
2.685
0.000
10.701
11.635
2.139
11.985
10.892
1.322
8.817
2.118
5.648
3.469
3.976
11.333
31.356
35.671
2.747
2.558
2.019
0.810
0.707
4.927
9.323
2.297
13.343
2.079
1.739
0.000
0.000
1.545
1.035
1.584
2.994
5.509
69.901
1.933
3.023
1.301
0.000
0.000
0.000
4.058
23.818
9.778
8.911
7.047
6.588
0.448
4.005
2.432
0.000
0.000
0.000
2.182
5.553
5.054
3.557
9.319
0.000
0.000
3.639
0.000
0.000
0.426
2.409
1.851
0.165
0.000
2.340
0.482
0.537
11.258
26.899
0.640
0.021
3.140
1.255
4.370
37.783
12.936
0.484
11.836
9.690
3.910
0.620
1.044
5.515
0.259
1.928
1.167
10.557
11.007
2.086
2.566
1.396
19.303
10.186
1.076
3.383
0.920
0.624
7.690
0.000
0.000
0.000
0.038
0.000
0.003
2.162
4.356
0.000
0.718
0.000
0.024
0.000
0.000
4.252
0.172
3.773
21.269
4.104
5.359
0.000
0.027
0.000
0.000
0.124
4.669
2.204
0.024
4.268
0.282
0.563
0.429
1.184
8.995
0.127
0.007
1.274
4.482
13.913
2.829
1.929
2.699
0.076
4.357
16.002
3.316
6.187
4.436
1.782
3.636
6.540
4.834
6.279
3.955
0.034
2.784
1.442
0.031
0.000
0.000
0.117
0.673
5.217
1.133
4.213
18.153
40.866
49.394
21.784
16.085
0.082
1.294
5.836
1.868
4.707
16.758
3.821
4.395
20.012
5.977
3.759
0.161
0.755
1.808
23.298
9.507
1.377
0.000
1.459
9.912
1.246
0.230
3.529
1.929
7.268
0.000
0.110
0.409
0.072
0.000
0.000
0.539
0.467
1.363
3.522
9.974
2.578
1.394
0.810
0.103
1.487
0.982
2.159
4.089
1.706
5.692
1.487
3.358
14.910
7.759
5.655
4.436
0.925
2.970
0.000
0.082
0.676
2.180
0.539
0.115
6.667
19.333
51.189
22.165
12.130
22.457
24.714
15.709
5.685
19.001
1.346
3.375
17.273
3.650
1.037
2.202
8.532
0.100
0.031
0.021
0.000
0.000
0.000
1.871
4.968
4.690
1.234
0.017
0.179
0.000
0.000
1.610
0.797
0.000
0.000
0.017
2.429
5.694
2.299
0.086
1.566
2.990
2.499
0.549
0.925
0.000
0.000
0.000
0.000
0.000
0.041
0.198
0.103
1.729
0.522
0.000
0.120
0.093
5.725
3.330
5.657
3.660
0.407
3.538
0.230
0.000
0.000
0.374
0.000
0.003
0.014
0.000
0.000
0.000
1.105
0.561
0.000
0.000
0.000
0.000
0.000
0.000
0.000
0.000
0.000
0.000
2.458
20.647
1.226
0.446
24.906
0.966
0.033
10.130
3.976
2.372
0.000
0.007
0.000
0.000
0.000
0.000
0.654
0.096
0.034
0.103
0.000
0.000
0.000
0.000
0.000
0.000
0.021
2.149
5.802
7.522
0.000
0.386
3.591
8.909
1.037
3.354
2.317
0.021
6.362
8.051
1.579
0.645
1.828
1.301
48.632
3.073
2.256
2.783
4.281
3.730
7.388
3.644
0.065
0.000
0.000
0.000
0.000
0.000
5.201
3.111
0.572
2.396
2.481
8.564
1.308
1.931
1.109
0.112
0.000
3.251
3.419
0.024
8.394
3.728
5.119
0.024
4.655
1.095
3.090
24.479
0.141
7.574
1.957
4.559
4.896
8.434
3.430
1.449
0.000
0.704
1.706
3.849
11.663
0.000
5.297
13.393
12.082
10.447
14.416
0.000
1.504
12.746
5.575
4.971
2.069
0.585
8.986
5.742
11.259
6.219
0.062
1.475
0.000
0.089
0.352
0.381
3.219
8.032
3.453
0.643
0.000
2.812
0.834
0.928
0.024
1.471
2.541
0.882
0.191
1.504
9.146
0.000
3.701
15.197
0.673
5.605
1.572
0.000
1.590
1.974
3.071
8.061
1.114
2.228
2.324
0.000
1.821
5.116
2.196
0.000
0.000
1.267
1.508
0.041
0.591
0.316
0.027
0.000
0.034
0.084
0.000
0.000
0.000
0.010
0.309
0.017
0.956
0.397
0.000
0.000
0.276
0.823
0.079
2.321
20.495
6.058
1.821
4.177
0.000
0.000
0.000
0.000
0.000
0.000
0.000
0.000
0.000
1.588
0.790
0.062
0.247
0.000
0.000
0.616
0.134
0.905
0.014
0.017
0.290
4.023
2.032
2.194
0.084
0.288
4.935
2.156
0.327
0.522
0.000
0.000
0.000
0.000
0.000
0.000
0.000
3.320
7.922
2.879
0.000
0.000
0.000
0.000
1.305
14.835
7.248
0.014
0.989
1.480
0.230
0.000
0.000
0.659
0.427
0.000
0.069
4.875
1.452
5.546
1.847
0.608
0.948
7.395
8.889
11.364
0.851
0.656
2.204
0.110
0.072
0.000
0.000
0.065
0.292
0.282
10.839
2.994
11.762
0.000
0.324
0.000
0.076
2.874
1.011
7.701
18.450
3.718
0.227
0.110
1.109
31.692
8.738
8.559
0.639
10.873
0.000
2.414
15.906
25.293
2.290
0.972
9.089
2.568
0.000
0.000
0.000
0.268
7.174
21.849
12.813
0.007
9.239
8.995
11.055
3.825
9.029
3.093
1.466
4.415
2.029
1.627
0.323
0.041
0.014
0.000
1.112
5.565
4.995
1.439
3.416
12.569
3.227
2.855
2.874
0.486
0.592
0.901
10.087
4.558
1.703
0.000
0.010
0.199
0.379
0.711
0.561
1.210
3.171
0.252
0.000
0.000
0.000
0.000
0.000
0.000
0.306
5.212
0.000
0.000
0.000
0.000
0.000
0.000
0.000
0.000
0.000
0.000
0.055
0.017
0.510
0.716
0.781
0.522
1.148
2.390
0.731
3.033
1.282
0.000
0.069
4.074
2.566
0.769
1.201
4.376
1.281
2.120
0.731
0.000
0.000
0.000
0.000
0.000
0.000
0.000
0.000
0.000
0.000
0.000
0.000
0.000
0.000
0.000
0.000
0.000
0.000
0.488
0.333
1.116
2.434
0.220
0.000
0.000
0.000
0.000
0.000
0.000
0.000
0.000
0.000
1.622
0.000
5.164
4.855
7.091
7.591
2.334
0.000
0.000
0.000
0.000
0.053
2.386
1.428
0.678
2.297
1.978
1.633
0.687
0.000
0.000
0.000
0.000
0.101
2.649
0.793
8.360
2.242
4.183
0.905
0.141
2.626
4.494
1.583
2.137
1.456
2.225
4.357
1.775
0.134
1.281
3.430
0.934
0.694
0.172
2.197
4.037
4.889
19.048
7.872
16.047
43.690
1.202
0.120
0.093
1.226
6.156
2.743
3.083
0.000
0.000
0.000
0.000
2.194
0.000
0.000
2.549
14.894
0.000
12.239
21.937
22.752
1.414
0.537
5.449
1.195
0.000
0.148
0.094
0.000
0.000
0.000
0.000
0.000
1.054
3.107
0.515
0.000
0.007
0.000
0.000
0.000
0.378
4.741
22.692
0.027
2.022
3.502
1.215
3.622
4.710
0.000
3.251
7.680
3.262
0.223
0.199
3.248
0.000
0.000
0.000
0.000
0.000
0.000
0.436
0.285
0.000
0.014
0.000
0.000
0.041
0.415
2.147
0.347
0.000
0.000
0.141
0.151
0.000
0.000
0.841
0.476
5.004
7.467
8.494
0.249
0.027
0.079
0.038
0.000
0.072
0.000
0.000
0.470
1.308
0.000
0.000
4.535
4.022
0.000
0.000
0.000
0.000
0.000
0.953
0.493
0.007
0.024
1.559
0.518
0.000
0.000
0.000
0.000
0.000
9.081
5.709
6.836
7.529
15.999
15.388
3.756
5.057
15.120
22.484
17.599
0.048
0.130
0.000
0.000
0.000
0.000
0.000
0.021
0.014
0.544
0.784
2.793
0.422
0.180
0.000
2.880
0.017
0.666
0.000
0.165
2.584
0.209
11.017
16.699
0.352
0.585
6.544
0.000
7.359
0.041
0.000
0.000
0.048
4.207
0.000
0.978
0.812
1.227
0.000
0.000
0.431
0.000
0.000
0.000
1.068
1.638
5.737
36.502
2.774
1.775
34.933
12.511
15.329
1.219
0.213
0.089
17.626
35.874
9.929
1.634
4.398
0.350
2.293
1.531
2.692
0.000
0.124
6.901
13.015
15.007
1.160
17.204
8.001
0.058
0.405
2.949
6.300
2.843
10.564
0.014
1.590
3.461
2.115
6.832
0.000
0.154
1.662
2.345
12.082
24.772
0.237
14.323
12.040
6.609
27.092
40.289
0.000
0.000
0.000
0.000
0.000
0.000
0.000
1.641
21.513
1.009
1.212
2.204
15.024
0.000
0.000
0.000
0.000
0.000
0.000
0.000
3.382
3.543
0.048
4.906
19.216
1.864
1.421
0.048
0.299
0.045
0.000
0.000
0.000
0.000
0.000
0.000
0.000
0.000
0.000
1.081
0.681
2.764
0.172
0.000
0.000
0.000
0.000
1.044
0.443
0.000
0.000
0.000
0.000
0.000
0.000
0.000
0.000
0.000
0.000
0.000
0.000
0.000
0.000
0.000
0.000
0.000
1.155
1.150
0.127
0.929
0.000
0.000
0.000
0.000
0.604
3.036
3.874
0.666
0.000
0.000
0.000
0.000
0.000
0.000
0.000
0.000
0.000
0.000
0.000
0.000
0.000
0.000
0.000
0.000
0.000
0.000
0.000
0.014
0.000
0.000
0.000
0.000
0.000
0.000
0.000
0.000
0.000
0.000
0.000
0.000
0.000
0.000
2.340
3.389
0.433
6.681
10.399
3.117
1.337
2.266
2.747
3.643
2.237
1.682
3.217
1.171
0.525
2.683
6.400
11.910
4.192
1.645
0.227
0.000
0.000
0.000
0.027
0.014
2.012
1.964
0.989
0.336
0.000
0.000
3.557
1.143
0.000
0.000
0.000
0.000
0.000
0.158
0.041
0.000
0.055
1.579
1.263
0.045
0.000
1.476
6.489
2.774
0.089
0.000
0.000
0.690
3.195
5.170
0.161
1.260
0.000
0.000
0.000
0.120
1.047
8.343
0.000
2.238
2.252
0.144
0.010
0.024
0.673
0.306
0.182
0.112
0.000
0.000
0.000
1.069
0.276
0.000
0.000
0.000
0.027
0.027
0.000
0.081
0.965
1.298
0.215
0.010
0.000
0.038
0.377
0.010
19.731
21.483
2.970
0.034
0.000
0.003
0.000
0.000
0.493
0.271
0.000
0.000
0.249
0.000
0.000
0.000
0.000
0.091
1.057
0.982
1.960
1.631
0.000
0.000
0.000
0.000
0.000
0.000
0.000
0.130
0.000
0.000
0.000
0.000
0.000
0.000
0.000
0.000
0.293
5.423
2.518
0.000
0.000
0.094
0.000
0.484
0.082
0.017
0.000
0.076
3.893
2.108
0.807
0.220
3.639
2.681
0.021
0.000
0.000
0.000
0.096
0.924
0.000
0.000
0.000
0.000
0.000
0.144
0.000
0.000
0.113
0.455
0.203
0.566
0.263
0.073
1.596
0.000
0.000
0.113
0.021
0.000
0.025
0.027
0.000
0.613
4.317
8.020
15.793
2.997
2.216
0.065
0.003
1.487
16.141
0.544
11.731
0.055
6.532
0.710
11.762
1.698
0.663
1.862
0.054
6.973
11.069
0.137
2.101
22.007
1.267
2.427
0.584
0.106
1.511
0.422
12.772
15.484
16.617
5.212
16.672
17.079
0.409
0.446
1.325
2.791
9.798
1.105
0.192
1.130
3.371
0.601
1.669
0.724
2.340
15.652
9.001
6.686
0.000
1.504
1.857
1.396
1.955
4.858
1.296
0.566
0.000
0.000
1.404
3.236
2.288
1.008
0.053
0.266
3.524
3.816
0.122
1.250
2.099
3.613
2.486
2.501
6.417
18.390
1.547
12.203
3.454
2.838
0.230
3.589
1.130
0.000
0.000
0.323
0.360
0.000
0.000
0.000
0.000
0.000
0.000
0.000
0.000
0.000
0.000
0.000
0.000
0.000
0.000
0.000
0.000
0.000
0.549
0.999
0.184
0.000
0.000
0.000
0.000
0.000
0.000
0.000
0.000
0.000
0.000
0.000
0.000
0.010
0.003
0.591
6.139
0.704
0.113
0.000
0.000
0.000
0.000
0.000
0.000
0.000
0.000
0.000
0.000
0.000
0.000
0.000
0.000
0.000
0.000
0.000
0.000
0.000
0.000
0.000
0.000
0.000
0.000
0.000
0.000
0.000
0.003
0.081
1.751
6.801
4.032
0.137
0.000
0.000
0.000
0.000
0.000
0.000
0.000
0.000
0.000
0.690
1.056
0.151
1.478
0.354
0.144
0.922
0.515
0.000
0.000
0.000
0.000
0.000
0.000
0.000
0.000
0.335
1.684
2.468
5.675
4.429
2.135
0.086
0.484
0.371
1.023
3.692
0.821
0.000
0.041
0.450
1.169
0.463
0.252
1.642
1.183
0.824
2.929
2.336
0.948
0.913
0.184
0.000
0.000
0.000
3.608
0.951
0.000
0.000
0.000
0.359
0.230
0.000
0.000
0.000
0.000
3.666
2.338
1.427
0.848
2.719
4.623
1.909
1.294
1.171
0.927
1.669
16.754
1.439
0.645
6.063
0.000
9.402
4.772
0.632
0.288
0.000
0.000
0.000
0.106
0.388
0.319
0.312
0.350
2.029
0.257
9.946
0.093
0.882
0.027
0.000
0.000
0.000
2.043
1.699
31.155
0.000
3.313
13.623
7.560
5.019
8.518
0.165
0.766
0.515
2.046
5.145
1.542
0.027
0.203
0.154
0.055
0.045
0.007
0.000
0.419
0.587
0.010
0.000
0.089
0.381
1.013
0.000
0.446
1.902
0.000
0.000
0.000
0.000
1.013
6.084
0.000
0.127
0.000
0.000
0.000
1.449
0.000
1.085
0.000
0.467
8.803
18.378
4.968
0.975
0.031
0.000
0.676
0.488
0.000
0.000
1.768
4.175
7.562
2.719
0.007
0.000
0.000
0.000
11.936
7.201
9.562
2.674
0.215
1.106
4.077
8.595
6.940
1.705
1.928
2.558
5.169
0.000
0.051
0.000
0.000
0.000
0.000
0.000
1.608
4.431
0.364
1.674
3.059
19.963
2.362
4.329
4.171
6.191
3.967
0.654
2.441
0.740
1.947
3.239
0.608
0.000
1.126
0.514
0.284
8.968
15.094
0.759
6.465
12.852
15.808
4.975
25.548
7.326
0.197
16.401
0.397
0.000
0.436
8.501
9.772
21.712
22.467
4.001
0.089
0.802
18.294
34.734
0.500
10.612
25.706
33.613
0.000
0.000
0.000
1.833
41.468
0.000
1.250
17.933
0.000
0.645
1.772
0.000
0.000
3.181
11.537
13.108
0.000
0.000
0.501
0.000
0.000
0.000
1.404
2.053
0.714
0.858
1.078
1.109
0.000
0.000
0.175
10.210
40.522
0.697
2.053
0.467
1.995
1.686
4.611
2.201
0.000
1.202
11.477
0.151
0.357
1.366
7.224
4.621
2.448
0.000
0.000
0.000
0.000
0.000
0.000
0.000
0.000
0.000
0.000
0.000
0.000
0.000
0.000
0.000
0.000
0.000
0.000
0.000
0.000
0.000
0.000
0.000
0.000
0.014
0.007
0.000
0.328
0.216
0.563
1.703
14.135
49.032
0.863
0.184
0.000
0.000
0.000
0.088
0.031
0.000
0.000
0.000
0.000
0.000
0.000
0.000
0.000
0.000
0.000
0.000
0.000
0.000
0.000
0.000
0.000
0.000
0.000
0.000
0.000
0.003
0.000
0.000
0.000
0.000
0.000
0.000
0.000
0.000
0.000
1.969
1.172
0.000
0.000
0.000
0.000
0.711
1.092
0.000
0.000
0.000
0.000
0.000
0.000
0.000
0.000
0.000
0.227
1.516
1.351
0.362
1.723
2.057
0.536
0.000
0.000
0.000
0.027
0.127
0.910
4.625
1.133
0.639
1.294
0.264
1.023
5.002
5.593
4.480
2.681
2.187
2.158
0.124
0.350
3.708
18.708
0.000
0.000
0.000
1.401
0.687
5.191
4.364
2.314
0.951
0.000
0.000
0.000
0.000
0.000
0.000
0.076
0.014
0.000
0.000
0.501
0.257
0.196
2.280
2.211
5.256
2.767
0.000
1.020
1.978
2.788
1.995
0.168
1.081
3.121
6.564
11.227
6.176
0.000
0.463
0.443
2.197
3.395
14.409
17.037
1.195
0.000
0.000
2.262
3.227
3.217
25.344
2.702
1.342
0.113
7.405
0.003
3.742
13.257
0.000
0.021
3.900
13.149
15.874
3.825
7.962
2.029
0.000
0.000
0.024
1.018
3.539
0.000
0.106
2.448
0.168
0.822
0.700
0.000
0.949
0.000
1.095
0.992
0.014
1.995
0.599
0.161
3.327
0.065
0.118
2.242
0.003
0.000
0.000
0.239
0.000
0.216
0.453
0.000
0.000
0.000
0.000
0.000
2.839
0.371
0.079
0.000
0.000
3.516
3.256
2.736
0.000
5.105
13.808
1.480
1.998
1.569
1.160
0.182
1.085
0.237
0.007
0.000
0.000
0.000
0.003
2.184
7.649
2.795
0.041
0.000
0.000
0.014
1.517
0.161
3.183
9.167
0.038
3.550
13.142
0.000
0.680
0.069
0.000
0.000
1.186
0.124
3.468
1.068
1.109
4.669
3.397
3.081
1.397
0.848
11.402
8.260
0.997
9.206
6.569
26.209
10.767
1.009
15.216
3.601
0.288
0.017
0.000
1.128
6.231
7.931
0.954
6.709
3.444
1.981
8.154
2.029
1.943
1.236
15.999
14.876
0.041
0.189
1.480
2.022
6.197
18.045
30.202
0.069
4.264
26.875
4.819
33.162
1.655
5.562
18.052
23.679
26.959
7.280
7.354
8.677
12.773
5.117
0.000
1.811
4.358
18.189
8.792
0.014
3.214
9.062
2.769
0.245
0.000
6.279
50.305
0.000
0.000
0.000
0.000
0.156
0.000
0.000
0.000
0.000
0.010
0.501
0.472
0.000
0.230
0.118
0.007
0.000
0.000
0.477
0.000
0.228
0.738
0.000
3.505
36.669
5.483
13.851
4.060
41.027
2.846
3.817
37.663
1.160
0.041
1.542
0.697
0.875
0.700
2.510
8.487
0.185
0.278
0.000
0.000
0.000
0.000
0.000
0.000
0.000
0.000
0.000
0.783
0.230
0.000
0.134
0.328
1.188
0.896
1.976
3.547
1.765
0.000
0.000
0.000
0.000
0.000
0.000
0.000
0.000
0.093
0.766
0.062
0.000
0.000
0.000
0.000
0.000
0.000
0.000
0.000
0.000
0.000
0.000
0.000
0.000
1.916
1.519
0.000
0.000
0.000
0.000
1.246
0.640
0.000
0.000
0.000
0.000
0.000
0.000
0.223
0.051
1.021
1.361
1.255
1.883
0.259
0.000
0.000
0.000
0.208
0.352
0.127
0.000
5.404
2.264
0.000
0.000
0.000
0.000
0.000
0.000
0.000
0.000
0.000
1.270
0.436
0.000
0.000
0.000
0.000
0.000
0.031
0.017
0.000
0.000
0.000
0.000
0.000
0.000
0.000
0.130
0.268
0.017
0.000
0.000
0.000
0.000
0.000
0.000
0.427
1.284
0.000
0.000
2.002
2.802
3.493
0.000
2.199
3.174
1.131
1.353
0.673
0.082
0.591
0.451
0.000
0.000
0.000
2.340
0.017
2.077
5.014
0.771
6.739
0.379
1.840
2.623
0.563
0.469
6.295
1.085
12.112
49.878
4.903
8.018
1.624
2.242
1.746
0.000
0.000
0.000
5.749
1.351
2.405
1.644
0.021
0.506
0.000
0.000
1.226
3.179
5.024
2.765
5.219
1.801
2.776
25.755
0.024
0.096
0.014
0.034
0.057
1.462
0.007
4.564
0.000
1.033
0.000
0.045
0.175
0.031
3.294
1.967
0.405
0.000
0.000
0.000
0.000
0.000
0.235
0.000
1.068
1.823
0.000
0.000
0.000
0.106
0.058
0.014
0.000
0.041
0.628
0.649
0.000
0.000
0.000
0.000
0.769
1.025
0.911
0.197
0.000
0.000
0.718
0.000
0.010
0.000
0.000
0.000
0.000
0.000
0.000
0.000
0.000
0.000
0.000
0.000
0.024
0.017
0.000
0.000
0.000
0.000
0.000
0.000
0.000
0.000
0.045
1.911
0.000
0.429
3.176
0.347
0.491
0.858
0.065
0.106
0.474
0.412
0.000
0.000
0.000
0.000
0.000
0.000
0.000
0.000
0.000
0.000
0.000
0.536
0.051
8.398
0.687
12.552
0.882
0.000
0.156
0.429
0.062
0.058
0.134
4.079
3.689
1.348
0.783
0.014
0.534
4.587
41.527
17.690
1.777
0.000
0.048
0.821
0.203
0.000
15.115
0.079
0.527
0.000
0.000
1.890
1.226
0.587
10.452
9.294
7.550
1.040
19.957
15.724
1.035
0.632
4.769
9.239
21.132
1.016
0.491
10.784
4.484
0.529
24.058
0.000
0.271
3.818
0.803
4.020
2.468
15.175
18.069
0.385
8.296
0.014
0.021
0.000
0.000
0.079
0.000
0.494
23.964
1.421
7.656
7.014
5.902
1.030
2.173
1.785
1.136
0.700
1.212
1.796
0.443
0.669
0.192
0.024
1.136
6.839
3.428
53.479
7.165
19.693
8.089
2.644
0.282
0.000
0.374
16.318
0.000
0.000
0.086
0.465
2.281
2.996
4.389
0.591
0.000
5.649
0.553
0.220
0.773
0.210
0.088
0.211
0.048
0.089
21.111
6.194
2.173
0.000
0.312
0.533
0.252
0.156
0.292
0.000
1.104
5.466
1.641
2.578
1.796
2.414
0.831
0.082
0.051
1.239
2.032
0.436
2.856
0.797
0.000
0.000
0.106
0.542
3.042
3.708
2.245
2.259
6.194
3.595
1.923
2.403
12.078
4.376
21.252
68.857
2.942
5.328
42.428
12.827
0.000
0.807
4.439
12.646
14.317
3.349
1.356
0.314
0.014
0.007
2.853
49.527
2.527
1.835
0.357
2.254
21.389
1.047
0.125
0.154
0.089
0.003
1.389
8.743
0.951
0.965
0.230
2.664
1.016
0.975
1.394
0.548
0.000
0.000
0.000
0.000
0.000
0.000
0.261
0.203
1.414
2.362
6.008
11.821
0.021
3.715
13.084
4.419
1.452
0.182
0.388
0.000
0.000
0.000
0.000
1.723
0.968
2.798
2.723
9.122
2.541
4.534
1.979
0.000
0.000
0.082
0.081
0.750
3.074
5.842
38.121
0.451
12.777
10.463
8.476
6.612
3.684
2.460
6.171
0.311
0.429
0.158
1.552
2.353
6.602
0.882
2.378
2.417
0.000
0.196
0.093
2.487
3.812
0.000
0.000
0.161
3.938
12.469
0.000
3.179
2.503
2.510
35.091
13.280
22.390
0.486
2.969
4.320
8.781
0.000
0.273
0.072
3.153
8.465
25.523
3.147
25.763
17.231
0.000
0.014
1.191
0.244
0.000
0.000
0.000
0.000
0.000
0.000
0.000
0.010
0.000
0.000
0.332
0.674
1.497
13.858
0.024
4.659
0.000
0.034
0.227
0.007
10.252
5.754
5.606
2.850
8.835
50.559
11.513
15.534
1.727
0.264
3.217
4.976
0.000
0.017
1.483
0.051
4.171
2.142
0.076
2.822
1.638
0.367
0.481
0.242
0.000
0.161
0.522
0.048
0.000
0.779
0.172
0.007
0.381
0.000
0.000
0.106
0.000
0.474
1.142
0.278
0.000
0.000
0.079
7.105
6.710
4.789
1.215
3.373
0.000
0.000
0.400
5.202
3.083
0.640
1.238
5.045
3.018
2.985
4.137
4.316
3.250
15.959
8.085
8.734
0.000
3.262
4.120
2.058
0.472
2.101
23.274
14.377
0.374
4.721
4.535
1.313
0.000
0.000
0.000
2.280
6.937
14.497
0.000
8.229
1.493
0.453
0.065
0.000
0.512
0.093
6.063
0.869
1.253
6.333
8.796
6.954
3.071
0.980
2.003
2.889
15.777
9.241
3.200
1.612
2.520
17.786
23.001
3.203
2.147
3.871
3.086
5.464
21.700
0.069
5.981
3.564
2.362
0.000
0.690
5.867
7.714
1.116
2.913
0.620
2.120
12.003
0.209
2.179
16.948
4.992
1.876
0.000
4.820
8.114
0.000
0.000
0.000
0.000
0.000
0.000
6.372
1.569
0.039
0.000
0.244
14.202
17.281
27.399
0.554
8.877
4.178
3.481
14.683
1.330
6.505
19.757
3.509
0.000
0.045
0.014
1.150
9.445
19.928
14.313
11.884
0.000
0.185
0.815
0.312
0.000
0.000
0.000
0.000
0.000
0.000
0.000
2.551
1.148
0.055
1.468
4.707
19.916
0.000
0.000
0.539
0.302
0.000
0.731
0.141
1.440
5.018
4.580
45.986
0.086
0.429
2.681
6.753
1.342
0.220
0.385
0.151
0.278
0.027
0.213
0.560
0.000
0.000
0.000
0.000
0.000
0.000
0.000
0.000
0.000
0.000
0.000
0.000
2.293
4.556
0.058
0.024
0.862
3.986
1.504
0.000
0.000
0.000
0.000
0.003
0.134
1.083
1.004
1.009
1.387
2.824
0.932
0.221
0.051
0.039
0.000
0.000
0.000
9.991
65.709
1.571
0.879
0.738
13.905
0.000
15.334
33.128
11.733
16.529
0.079
0.091
4.438
6.539
2.682
3.052
5.494
3.541
5.130
1.591
1.753
8.823
0.478
0.097
0.000
0.000
0.000
0.050
0.017
0.000
0.000
0.058
0.173
0.000
0.000
0.000
0.000
0.835
0.691
1.029
0.846
1.598
2.318
2.017
1.758
0.965
0.426
10.411
21.799
4.407
0.053
6.178
0.220
1.189
0.306
0.000
0.237
0.000
1.408
22.599
4.855
0.199
3.955
4.716
1.217
1.313
1.154
1.190
0.833
1.136
0.000
0.000
1.938
1.960
6.722
20.338
0.058
0.470
0.426
0.000
0.865
0.395
0.000
0.000
3.172
3.873
0.879
1.033
3.214
2.420
2.149
21.753
1.826
0.000
0.000
0.694
4.729
0.000
1.820
28.805
0.797
8.829
7.783
15.080
3.162
9.361
0.407
0.886
9.901
4.496
6.591
0.062
0.663
12.144
10.032
0.898
0.000
0.536
0.532
0.000
0.000
0.000
0.000
0.000
0.000
0.034
0.000
0.032
0.237
0.802
0.887
0.000
0.235
0.000
0.000
0.000
0.000
0.000
0.000
0.000
0.000
0.000
0.000
0.000
2.256
0.903
2.575
0.831
0.000
0.213
0.917
0.051
2.211
1.233
0.014
0.062
0.000
0.000
0.000
0.000
0.000
0.000
0.093
0.000
0.577
0.000
0.110
0.045
0.721
28.873
2.935
4.288
13.891
14.495
16.517
1.215
0.237
0.082
7.282
0.855
0.000
0.000
0.000
0.161
0.230
0.007
0.003
0.783
0.000
0.000
0.117
0.045
0.000
0.000
0.000
0.929
0.000
0.000
0.000
0.000
0.000
0.000
0.000
0.000
0.000
0.000
0.000
0.000
0.185
0.000
0.422
5.131
0.680
2.486
3.141
6.327
0.120
0.000
0.000
0.575
0.192
2.780
0.223
0.000
0.000
0.000
0.000
0.000
0.000
1.044
1.646
5.201
3.761
1.337
2.038
9.081
3.356
0.738
4.358
7.716
0.017
5.739
5.201
6.118
4.127
13.989
3.883
29.577
14.574
0.289
0.961
2.765
26.345
0.633
0.889
0.906
0.000
0.021
0.007
0.000
0.096
7.874
0.014
0.007
0.000
0.000
0.000
2.580
1.701
1.538
3.391
8.170
0.681
0.350
0.000
0.000
0.000
0.027
1.533
0.045
1.602
0.826
0.000
0.000
0.034
0.014
0.017
2.755
0.000
0.000
0.745
3.596
41.111
2.019
11.146
0.817
1.742
7.093
26.019
0.000
0.000
0.676
4.003
0.000
0.000
0.000
0.000
0.000
1.471
3.248
1.483
13.262
33.865
0.000
0.000
0.000
0.000
0.000
0.000
0.000
0.000
0.000
0.000
0.000
0.000
0.000
0.000
0.000
0.000
0.000
0.000
0.000
0.000
0.000
0.000
0.000
0.000
0.000
0.000
0.000
0.000
0.000
0.000
0.000
0.000
0.000
0.000
0.000
0.000
0.000
0.000
0.000
0.000
0.000
0.000
0.000
0.000
0.000
0.000
0.000
0.000
0.000
0.000
0.000
0.573
0.810
0.000
0.000
0.000
0.000
0.000
0.000
0.000
0.000
0.000
0.000
0.000
0.031
0.199
0.058
1.380
0.096
4.226
11.484
2.678
11.724
6.503
0.110
0.000
0.151
0.027
0.000
0.000
0.000
0.000
0.000
2.101
1.260
5.006
7.635
3.674
3.341
2.396
0.031
1.157
0.481
0.000
0.783
0.448
2.230
0.982
2.414
1.069
0.453
0.597
0.010
1.837
0.845
3.591
1.030
1.418
4.147
11.052
11.282
11.458
11.680
7.356
5.732
21.402
9.723
8.145
6.168
9.946
4.834
6.135
17.880
7.330
14.890
0.889
0.000
0.000
0.000
0.000
0.000
0.000
0.000
0.000
0.051
3.176
5.740
14.248
5.716
24.041
55.927
0.886
12.629
0.000
0.142
0.323
0.000
0.000
4.034
8.676
10.736
1.990
0.445
5.901
0.194
1.257
0.069
6.164
13.635
0.148
0.168
0.043
0.027
0.000
0.000
0.000
0.000
0.000
0.113
0.000
0.000
0.000
0.000
0.000
0.000
0.000
0.000
0.000
0.000
0.000
0.000
0.000
0.000
0.000
0.003
0.000
0.000
0.000
0.000
0.000
0.000
0.000
0.000
0.000
0.000
0.000
0.000
0.000
0.000
0.000
0.273
0.747
1.304
4.944
1.085
0.318
0.000
0.000
0.000
0.227
0.208
0.285
0.108
0.000
0.147
0.024
0.000
0.062
2.048
0.000
0.000
5.637
20.517
1.562
1.612
2.637
3.838
0.103
0.690
1.456
2.769
0.651
0.268
0.000
0.000
0.007
1.286
0.000
0.170
5.227
0.000
2.341
1.241
0.089
1.780
2.299
0.556
1.111
0.000
0.000
0.000
0.051
0.230
0.570
4.649
17.197
0.000
0.000
0.000
0.000
0.000
0.355
0.328
0.026
0.764
1.972
16.534
19.753
5.816
13.620
13.431
4.925
0.742
0.000
0.000
0.000
2.032
0.000
0.127
0.618
31.531
0.048
3.989
1.751
5.400
11.748
2.060
8.140
7.907
72.221
1.560
5.929
5.627
0.295
6.506
23.717
9.479
8.679
4.010
4.570
16.102
14.911
7.587
19.532
15.007
28.005
5.095
8.449
12.593
20.462
16.754
0.439
0.000
0.992
4.772
2.856
0.103
2.448
40.873
3.165
1.205
0.007
0.000
1.679
0.439
0.000
0.000
3.238
2.015
0.405
0.014
0.110
2.396
3.598
28.142
11.144
31.005
7.814
5.194
0.000
0.000
0.000
0.000
0.000
5.141
4.116
0.793
0.000
3.593
0.936
0.000
0.000
0.000
0.014
0.537
0.522
0.000
1.461
0.699
0.065
0.783
0.031
0.000
0.000
0.000
0.000
0.000
0.000
0.000
0.000
0.000
0.000
0.858
1.610
1.833
3.028
4.776
1.370
2.293
0.563
0.000
0.000
0.000
0.000
0.000
3.296
2.582
0.790
0.360
2.012
0.546
1.596
5.933
3.135
1.854
0.161
0.185
0.261
0.062
0.000
0.000
0.000
0.048
0.584
3.917
34.076
6.961
0.065
0.517
0.714
0.203
1.320
0.906
1.840
2.487
0.000
0.000
0.000
5.785
9.785
0.929
0.165
0.227
1.159
3.169
1.167
0.000
0.000
0.000
0.000
0.647
0.661
3.246
3.449
2.532
0.446
1.200
13.587
27.605
4.903
3.856
10.911
0.000
1.057
0.450
0.000
0.000
2.578
6.288
2.405
2.724
0.793
0.112
1.562
0.731
0.311
0.587
3.322
7.614
3.167
0.970
0.173
0.000
0.755
4.089
25.579
0.000
0.288
0.151
0.000
0.000
0.000
3.447
9.199
1.332
0.594
2.106
8.830
89.801
0.937
0.000
0.709
5.442
6.032
18.112
20.235
28.403
24.889
36.708
0.000
1.349
9.285
3.969
17.092
19.823
25.952
24.448
23.884
2.802
22.719
0.800
7.646
0.623
1.924
0.051
0.003
5.416
16.526
0.458
0.086
0.000
0.000
0.694
26.483
0.321
6.461
2.293
0.283
4.432
2.925
1.538
5.576
27.619
5.239
1.626
10.531
52.151
6.796
17.082
0.007
0.007
9.143
17.106
5.452
1.705
1.808
0.158
13.340
16.464
0.000
2.168
2.474
2.345
0.000
0.003
0.000
0.000
0.000
0.058
10.827
9.386
7.323
13.232
16.785
11.834
4.213
3.135
0.027
0.402
0.000
0.000
0.000
7.347
22.711
1.950
4.209
0.058
0.000
0.003
2.417
9.316
45.820
4.679
2.132
5.500
15.747
31.685
28.705
0.783
4.031
7.591
0.124
7.907
10.906
0.027
0.728
2.372
3.461
12.473
0.014
5.661
4.151
2.626
6.170
18.316
3.413
14.296
0.007
15.765
0.031
0.656
7.131
36.107
3.011
8.631
1.466
4.671
5.011
25.571
4.765
2.623
4.695
0.038
3.284
10.686
9.558
6.868
12.906
0.000
0.000
0.000
0.688
1.742
0.076
26.623
28.036
51.574
9.853
6.521
0.634
0.000
0.000
0.539
17.982
2.658
9.377
0.762
0.024
5.392
26.463
24.268
0.556
1.775
11.460
0.000
2.220
0.000
0.512
3.519
0.000
0.000
0.017
0.086
1.909
30.185
2.547
13.360
0.357
0.000
0.000
0.209
0.522
2.338
0.391
0.000
1.511
4.226
0.000
4.741
2.911
7.567
1.004
23.119
10.170
3.406
19.818
21.078
13.683
22.336
19.817
1.464
0.000
1.698
5.725
28.983
6.695
0.000
0.129
0.591
0.064
0.000
0.000
0.000
0.000
0.000
0.000
0.000
0.716
0.000
3.086
2.520
2.219
0.666
0.000
0.620
1.076
7.836
3.818
0.163
21.137
0.000
0.000
6.472
0.587
0.007
17.266
0.021
0.647
2.965
11.784
0.000
1.933
1.991
1.003
2.558
4.788
0.810
1.591
0.728
0.454
5.431
3.104
1.380
0.900
0.077
1.536
2.067
22.005
0.000
0.007
0.000
0.000
0.000
0.000
0.000
0.000
0.000
0.000
0.000
0.000
0.000
0.000
0.000
0.000
0.000
0.000
0.000
0.000
0.000
0.000
0.000
0.000
0.000
0.000
0.000
0.000
0.000
0.000
0.000
0.961
10.808
1.105
0.000
0.010
0.000
0.000
1.675
4.477
0.000
0.000
0.000
0.000
0.000
0.007
0.000
0.422
2.269
13.290
0.007
7.814
10.959
0.154
0.089
0.000
0.000
1.929
1.179
0.112
6.479
3.809
1.336
3.260
4.310
0.915
23.676
0.625
5.139
3.140
19.853
0.445
2.499
0.191
0.208
0.110
0.197
0.158
1.421
3.202
20.726
37.734
6.164
6.643
37.322
2.122
16.745
0.000
0.690
7.689
7.376
0.630
0.534
0.010
0.007
0.000
0.000
0.266
0.271
0.000
0.000
0.027
1.037
9.574
0.000
13.310
1.015
0.666
0.223
0.000
0.138
0.000
3.514
15.381
12.571
10.476
13.496
1.212
0.753
0.000
0.512
2.441
14.353
1.440
0.227
2.855
21.086
5.667
5.147
0.120
1.605
0.809
2.923
4.752
7.543
9.630
0.007
2.082
4.827
0.163
0.000
0.072
3.899
2.995
3.332
4.546
5.105
11.438
0.978
6.319
0.045
0.944
10.959
16.050
0.213
0.000
0.549
0.247
3.176
1.768
21.928
0.007
27.208
22.337
11.762
55.316
23.171
4.075
3.921
0.120
0.027
0.017
0.000
0.343
0.130
0.000
0.481
2.288
1.782
1.493
0.000
0.508
1.071
0.954
0.000
0.275
0.196
0.000
3.814
14.124
0.769
0.896
0.058
0.000
0.000
0.000
0.000
0.182
0.443
7.601
1.475
0.474
1.802
0.360
1.763
17.935
12.312
4.182
0.000
1.624
20.541
20.929
5.473
0.467
16.764
12.768
0.041
1.164
1.044
7.615
3.241
4.808
0.000
0.227
0.000
0.000
0.000
0.000
0.000
0.010
0.165
2.702
15.594
33.889
0.106
0.206
14.893
9.723
5.359
20.647
34.492
34.061
17.800
7.975
25.952
8.257
25.948
12.820
1.995
0.292
10.928
11.906
6.554
3.969
11.479
22.059
14.686
4.741
1.073
5.210
10.241
7.309
0.429
1.251
0.204
0.000
2.805
18.835
3.632
0.603
14.668
0.046
6.041
7.117
7.702
23.725
16.495
1.423
0.539
0.086
4.310
46.968
0.223
4.130
10.933
11.625
0.748
9.126
31.412
6.140
0.082
3.493
57.623
5.897
4.582
39.673
11.679
0.000
0.282
8.780
0.000
0.726
10.233
14.334
38.521
36.272
9.857
9.421
8.920
10.863
9.558
0.463
0.357
1.157
2.963
28.413
25.674
1.044
33.299
25.615
31.404
0.694
0.223
0.240
0.477
0.168
0.010
0.007
0.134
0.415
2.753
0.635
0.518
0.000
0.000
1.143
0.505
0.000
0.000
0.000
0.000
0.000
0.000
0.000
1.263
1.638
0.021
0.676
2.771
24.197
0.257
0.000
0.000
0.000
0.501
0.718
0.089
0.000
0.079
0.027
0.000
0.000
0.000
0.000
0.000
0.209
0.948
0.587
0.000
0.000
0.000
0.000
0.010
4.130
0.000
0.000
0.000
0.000
0.000
7.074
2.230
3.274
4.747
1.274
0.446
0.000
0.000
0.000
0.000
0.087
0.027
0.630
0.469
1.152
1.128
0.000
0.000
0.134
0.637
0.000
0.000
0.000
0.000
0.000
0.000
0.000
0.000
0.000
0.000
0.000
0.000
0.000
0.000
0.000
0.000
0.000
0.082
0.053
0.000
0.000
0.000
0.129
0.062
0.000
3.945
8.126
2.942
1.215
3.670
4.793
2.511
6.032
14.193
13.263
2.120
1.790
0.000
0.000
0.000
0.000
0.000
0.000
0.000
0.429
2.506
3.955
0.000
1.912
2.551
2.228
0.463
0.786
6.353
8.305
2.687
0.630
2.654
3.471
0.687
0.000
0.000
0.000
0.000
0.000
0.000
0.000
0.000
0.000
0.000
0.000
0.000
0.000
0.014
0.000
1.332
0.722
0.024
0.007
0.058
1.546
0.954
0.000
0.000
0.000
0.469
11.247
3.385
10.082
17.774
6.899
8.157
4.685
0.124
13.171
14.876
16.098
19.214
4.994
0.082
0.355
2.273
12.950
9.060
24.191
5.289
0.000
0.000
0.007
0.000
0.000
0.000
0.000
0.000
0.000
0.000
0.000
0.076
0.851
0.549
0.000
0.264
0.196
0.302
0.000
0.299
0.264
1.830
0.000
0.000
0.000
0.000
0.000
0.000
0.000
0.000
0.000
0.000
0.000
0.000
0.000
0.000
1.315
1.349
2.609
1.336
0.000
0.000
0.000
0.000
0.000
0.000
0.000
0.000
3.371
0.187
0.342
0.997
0.003
0.007
0.000
0.199
3.414
1.293
0.508
0.299
6.999
7.076
1.375
5.201
4.491
2.158
0.000
0.000
0.000
0.000
0.000
0.000
0.000
0.000
0.411
0.000
0.000
0.000
0.000
0.000
0.000
0.000
0.000
0.000
0.000
0.007
0.051
2.005
0.568
1.856
11.791
13.184
0.027
0.010
5.030
1.241
5.893
4.099
2.394
0.000
0.000
2.946
1.878
29.970
6.992
23.087
20.586
24.330
23.475
12.023
0.903
0.007
0.359
2.017
2.681
1.784
8.368
6.995
29.385
70.699
2.288
13.572
23.997
28.513
1.408
3.557
2.149
6.724
2.431
4.633
3.081
4.029
0.680
3.478
11.679
4.266
7.639
5.584
2.402
6.949
3.256
8.867
0.906
2.290
1.806
0.977
0.039
2.511
2.968
4.607
4.142
3.150
3.677
1.365
5.241
1.148
0.187
0.000
0.000
0.000
2.829
0.000
3.938
3.481
1.021
4.022
4.192
9.392
0.975
0.750
1.483
9.021
2.886
1.881
7.383
16.943
0.463
2.310
0.141
9.138
3.375
4.705
2.978
6.025
4.013
13.769
0.024
15.468
2.206
0.034
0.000
1.212
1.562
2.783
3.177
0.774
0.735
0.000
0.000
0.086
0.014
0.000
0.000
0.000
0.000
0.580
1.768
0.577
0.000
0.319
0.259
0.000
0.000
0.000
0.000
0.000
0.000
0.000
0.000
0.000
0.000
0.000
0.000
0.000
0.000
0.000
0.000
0.000
0.000
0.000
0.663
3.148
2.283
0.000
0.000
0.000
3.014
1.311
0.072
2.884
2.321
0.635
0.021
0.007
0.000
0.000
0.000
0.000
0.000
0.000
0.000
0.000
0.000
0.000
1.720
0.410
0.000
0.000
0.000
0.000
0.000
0.000
0.000
0.000
0.000
0.000
0.323
0.058
0.000
0.000
0.000
0.000
0.000
0.000
0.000
0.000
0.000
0.000
0.000
0.000
0.000
0.000
0.000
0.000
0.000
1.188
4.360
1.842
0.000
0.673
4.112
5.730
5.594
15.230
3.581
0.103
7.878
6.700
3.073
0.000
0.000
0.036
3.162
1.523
0.093
2.256
10.102
34.605
1.124
2.956
0.136
0.872
1.320
2.580
1.844
0.000
0.000
0.000
0.524
4.031
2.582
0.196
0.031
0.209
1.107
0.391
2.331
1.837
0.342
0.000
0.000
0.000
5.099
23.409
15.659
0.000
1.365
0.853
2.022
13.754
9.119
2.444
0.000
2.968
3.320
5.775
0.000
1.047
3.313
8.501
13.091
3.073
5.679
15.827
2.280
3.248
15.528
4.669
2.245
6.400
10.372
4.079
8.061
23.909
24.894
2.688
8.880
3.081
13.093
0.000
8.284
1.308
0.776
0.014
0.000
0.000
0.352
1.360
0.781
0.134
8.849
1.811
0.208
2.885
1.325
0.000
2.036
0.414
0.000
0.960
8.616
1.071
0.886
5.349
35.287
0.000
0.309
0.870
0.000
1.408
3.687
0.451
2.668
3.839
2.317
5.316
0.266
0.752
1.693
0.048
0.436
5.493
6.736
6.820
0.010
0.172
0.000
0.000
1.794
3.916
25.586
17.508
3.984
0.048
0.000
0.000
0.007
3.009
2.503
0.356
0.151
0.000
0.000
0.000
0.000
0.000
0.282
1.681
0.731
4.717
13.826
0.000
0.000
0.000
0.556
1.118
2.728
8.671
0.536
0.896
0.402
0.003
0.007
6.648
8.641
0.045
1.251
0.494
9.529
8.255
1.667
1.591
6.107
9.750
1.935
0.130
3.835
5.541
16.007
10.871
15.374
0.074
0.865
1.511
1.233
22.852
0.508
0.939
13.058
33.987
13.896
6.920
3.150
28.707
80.750
2.606
4.486
3.862
2.750
0.683
20.603
25.249
0.000
0.000
0.220
2.685
9.325
7.855
14.196
8.786
1.236
27.201
0.082
0.457
21.334
1.360
0.288
0.656
5.370
40.766
21.825
35.122
13.929
0.316
0.086
4.381
2.245
13.575
2.620
1.693
1.535
12.830
5.332
3.553
8.585
13.633
2.956
0.000
0.000
0.000
0.000
0.000
0.000
0.000
0.000
0.000
1.480
0.328
0.000
0.924
0.920
0.134
0.110
0.299
1.686
0.055
1.775
4.855
0.076
0.010
0.021
1.971
1.353
4.583
6.709
35.410
9.218
14.564
1.370
0.000
1.078
20.881
5.322
0.742
0.003
2.026
0.069
3.052
2.232
0.000
0.000
0.000
0.000
0.000
0.000
0.000
0.000
0.000
0.000
0.000
0.000
0.000
0.000
0.000
0.000
0.000
0.000
0.000
0.000
0.057
0.017
0.000
0.000
0.000
0.000
0.000
0.000
0.000
0.000
0.000
0.000
0.000
0.000
0.000
0.000
0.270
0.536
8.117
1.081
2.527
0.486
0.000
0.000
0.000
0.000
0.000
0.000
0.000
0.000
0.000
0.000
0.000
0.000
0.000
0.000
0.000
0.000
0.000
0.000
0.000
0.000
0.000
0.000
0.000
0.000
0.000
0.017
0.000
0.000
0.000
0.000
0.000
0.086
1.524
1.449
0.343
1.785
15.008
6.832
6.346
1.176
3.948
2.074
0.120
0.027
0.000
0.000
0.000
0.000
0.333
0.103
0.167
0.417
3.256
5.188
21.020
2.638
2.333
0.371
0.000
0.000
3.375
6.339
0.443
6.018
2.209
2.697
6.892
1.662
0.268
0.196
0.000
0.000
0.021
0.003
2.776
2.535
3.116
0.850
0.000
0.797
0.635
1.559
3.502
11.349
2.098
0.594
14.778
9.136
11.917
7.546
12.921
1.842
1.252
14.732
33.187
0.213
3.250
7.944
24.706
25.172
27.833
52.031
16.504
20.177
17.204
19.823
0.000
3.560
0.752
0.529
0.000
0.000
0.000
0.000
0.017
0.024
2.115
0.307
0.038
0.000
0.000
0.000
0.000
0.182
0.120
0.203
0.247
5.088
1.633
0.014
0.000
0.000
0.000
0.196
1.287
0.000
0.211
0.831
2.561
0.000
0.000
0.000
0.282
0.371
0.000
1.576
6.787
13.235
18.206
0.000
0.494
0.079
0.000
0.453
0.772
1.806
0.395
0.000
0.000
0.000
0.000
0.000
0.000
0.000
0.000
0.000
0.000
0.000
0.000
0.000
0.000
0.000
0.000
0.021
0.000
0.000
0.412
3.962
1.054
0.501
0.000
0.000
0.096
0.309
0.141
2.578
0.000
0.007
0.000
0.000
3.732
2.863
2.043
0.014
0.000
0.093
2.958
1.804
0.323
0.982
5.407
5.809
8.181
0.855
4.899
0.000
0.601
0.127
0.542
1.596
0.014
0.062
0.357
4.171
1.157
20.266
0.021
4.230
1.826
4.127
8.738
5.088
2.671
0.721
0.000
0.000
1.954
3.310
2.620
1.408
4.113
7.388
0.515
2.414
33.982
1.291
15.360
8.981
1.281
3.680
0.000
0.000
0.398
0.295
0.927
1.861
7.227
3.699
34.463
17.441
1.820
3.715
4.947
0.429
7.440
2.922
2.949
1.270
1.504
5.871
12.205
0.611
0.635
0.000
0.000
3.928
0.000
0.000
12.147
0.000
1.439
0.227
2.396
24.235
5.514
0.292
7.007
2.826
3.878
4.254
3.574
1.821
0.038
1.454
0.592
6.269
2.824
0.007
0.000
0.000
0.204
0.093
0.000
0.000
0.000
0.000
0.000
0.000
0.000
0.000
0.000
2.396
6.319
1.972
0.809
0.366
0.953
0.575
0.000
0.010
1.006
3.821
16.596
0.017
2.417
8.267
0.034
0.000
0.000
0.000
0.000
0.034
0.426
0.316
0.000
5.509
0.000
4.580
7.268
3.612
0.000
0.000
0.000
0.110
0.069
0.000
0.027
0.000
2.887
0.632
0.000
0.000
0.000
0.000
0.453
0.450
1.341
1.181
5.275
3.078
0.024
0.000
0.000
0.000
0.000
0.000
0.000
0.000
0.000
0.000
0.000
0.000
0.000
0.000
0.000
0.000
0.000
0.000
0.000
0.000
0.000
0.000
3.461
3.241
0.869
0.000
0.000
0.000
0.000
0.000
0.000
0.000
0.000
0.477
0.106
0.000
0.000
0.000
0.000
0.000
0.000
0.306
1.511
6.080
1.528
0.000
0.000
0.000
0.000
0.000
0.000
0.000
0.000
0.000
0.000
0.000
0.000
1.437
4.589
3.705
12.349
0.000
0.041
5.085
3.021
0.000
0.000
0.000
3.222
2.927
2.353
1.348
0.347
3.361
1.227
2.714
51.747
0.000
0.929
6.096
13.081
30.896
1.109
5.318
4.813
6.200
19.127
38.603
0.000
0.161
0.000
8.308
37.336
3.344
1.311
0.014
0.798
0.000
0.000
0.000
0.137
5.212
2.204
1.562
2.448
1.766
2.781
2.856
6.949
0.755
5.023
0.288
1.684
0.000
0.000
4.230
16.855
0.488
0.766
0.213
0.216
0.106
14.785
0.000
0.000
0.604
0.282
6.963
7.831
0.441
0.086
0.216
1.154
5.388
7.534
0.000
0.185
3.509
18.783
8.758
1.076
10.499
0.452
9.682
5.546
16.505
0.039
8.003
6.496
0.522
5.800
5.330
0.857
1.821
12.023
3.346
4.702
15.810
0.000
0.000
0.000
0.000
0.000
0.000
0.000
0.000
0.000
0.000
0.000
0.000
0.094
0.000
0.000
3.207
1.064
0.000
0.003
0.144
2.027
3.018
27.919
11.106
4.527
9.899
0.994
1.868
0.838
1.952
0.000
0.000
0.000
0.448
11.033
0.000
0.000
0.136
1.428
1.461
0.000
0.584
0.000
0.000
0.000
0.000
0.000
0.000
0.000
0.000
0.415
0.000
0.000
0.000
0.000
0.000
0.000
0.000
0.319
2.870
4.453
1.191
0.639
0.000
2.283
8.410
18.430
2.753
11.608
2.184
0.927
1.847
6.400
7.072
10.111
48.170
26.197
0.742
0.505
0.120
5.200
15.494
5.318
3.998
1.971
1.735
0.690
0.357
0.173
0.000
0.798
0.687
2.082
9.975
15.443
2.196
2.398
11.478
16.658
2.704
3.224
35.398
1.840
13.705
6.588
6.861
0.041
4.106
18.273
43.827
9.532
4.748
4.408
4.170
4.688
11.585
7.868
32.400
0.079
15.911
15.091
3.643
3.727
24.812
15.815
0.403
11.391
10.064
5.176
8.162
0.429
0.688
0.000
0.000
1.229
0.055
0.113
1.971
1.353
0.412
5.373
2.571
0.000
0.127
0.038
0.000
2.087
2.826
0.669
0.000
0.000
0.000
3.334
15.504
0.906
0.000
0.041
0.268
0.000
0.086
0.240
11.117
2.221
3.433
16.164
16.201
4.839
0.175
0.000
1.112
0.196
0.000
0.000
0.000
0.000
0.093
0.017
0.000
0.000
0.000
0.000
0.000
0.055
0.010
0.000
0.000
0.000
0.000
0.000
0.000
0.000
0.000
0.556
0.302
0.027
0.882
0.000
0.000
0.000
0.000
0.000
0.003
0.000
0.000
1.159
7.829
44.009
0.000
0.000
0.000
0.755
1.027
0.944
0.786
0.000
0.161
0.055
0.021
1.056
0.000
0.000
0.000
3.934
1.363
0.007
0.000
0.000
0.000
0.000
0.000
0.000
0.676
0.283
0.000
0.000
0.000
0.000
0.000
0.000
0.000
0.000
0.000
0.000
0.000
0.000
2.834
2.925
1.469
0.237
0.000
0.000
0.000
0.000
0.000
2.559
4.304
7.400
0.211
3.183
1.368
0.000
0.003
0.140
0.170
0.151
0.354
1.571
43.006
44.538
0.680
2.609
0.000
0.000
0.000
0.275
0.290
0.000
0.654
2.149
18.678
0.058
1.324
2.868
1.535
0.000
1.849
0.831
0.566
0.000
0.585
3.244
0.228
0.125
0.000
0.000
2.441
0.000
4.479
0.058
9.832
3.763
34.222
5.497
4.578
1.806
4.455
2.898
16.419
68.396
0.318
0.112
0.000
0.027
9.728
16.820
15.614
47.404
5.440
9.714
2.221
27.349
0.611
0.438
0.657
13.707
38.004
0.197
1.198
0.000
7.793
17.868
7.174
8.585
0.136
1.572
1.887
0.980
4.688
17.455
19.590
2.618
0.687
0.000
0.506
5.133
24.261
5.558
16.505
1.645
15.623
16.673
12.121
7.890
2.637
10.060
0.640
1.435
9.625
0.285
5.378
1.502
0.043
0.112
0.160
4.841
4.702
3.216
0.100
6.178
6.027
11.151
13.239
0.875
0.625
1.147
0.000
0.218
0.134
0.000
0.000
2.408
0.000
3.045
2.994
1.342
1.610
5.109
0.007
0.007
0.000
0.000
2.802
5.363
3.989
7.859
2.517
4.659
2.760
16.874
1.476
0.014
0.000
0.000
0.000
0.000
0.031
0.343
1.998
0.783
5.150
19.484
5.775
4.575
5.727
5.775
21.791
23.404
3.358
1.912
3.680
12.320
8.545
12.871
39.238
6.125
4.281
3.904
3.481
0.027
0.151
4.604
1.634
12.583
2.915
1.799
4.793
2.633
4.978
3.581
0.055
12.360
0.542
14.821
31.380
58.286
11.948
3.711
3.049
14.531
15.834
0.817
7.543
2.534
0.007
1.136
5.730
0.103
11.488
2.300
29.902
11.288
1.748
1.071
0.000
0.000
1.820
8.219
11.536
19.870
9.115
8.899
11.790
32.947
5.697
0.592
5.711
0.000
0.522
3.395
7.375
12.602
9.177
1.892
1.306
1.063
0.410
0.546
0.342
0.000
0.177
7.567
2.800
28.650
0.896
23.779
9.713
6.817
3.311
4.463
6.267
18.663
6.089
19.851
0.050
1.306
0.000
1.239
46.900
16.088
5.011
7.850
0.076
4.034
1.109
0.000
0.000
0.000
0.024
0.127
1.811
61.613
0.000
0.000
1.063
0.000
0.073
34.248
1.609
0.000
0.000
0.206
0.034
0.000
0.000
0.000
5.337
0.000
0.021
6.365
0.237
0.000
0.000
0.000
0.000
0.000
0.000
0.000
0.000
0.000
0.000
0.000
0.352
0.137
0.000
0.000
0.000
0.000
0.000
0.000
0.000
0.227
0.869
1.018
2.238
0.884
1.348
4.637
27.912
0.000
0.000
0.148
0.000
0.000
0.000
0.000
0.000
0.798
5.802
16.071
7.205
4.628
0.666
0.000
0.000
0.003
0.000
0.000
0.000
0.000
0.000
0.000
0.000
0.000
0.000
0.000
0.000
0.000
0.000
0.000
0.000
0.000
0.000
0.000
0.000
0.000
0.000
1.202
4.158
19.470
0.206
0.000
0.632
0.529
0.000
0.069
0.024
29.800
19.192
0.728
1.253
2.259
0.855
1.154
5.026
5.421
0.484
0.007
0.000
2.834
1.179
0.000
0.000
0.000
0.000
0.000
0.000
0.000
0.275
0.024
0.000
0.000
0.000
0.000
0.000
0.766
2.278
12.540
25.890
5.488
44.604
61.288
5.437
3.696
0.017
0.000
0.000
4.185
4.429
9.905
2.438
0.467
0.494
0.330
0.000
0.000
0.000
0.000
0.000
0.481
2.214
5.430
0.000
1.263
9.029
6.588
4.522
7.972
21.013
3.032
2.309
0.000
0.961
6.365
0.834
3.663
21.406
1.899
31.819
0.282
1.396
3.131
4.086
2.566
0.706
0.165
0.000
0.000
0.105
8.415
0.000
0.108
0.017
0.115
0.977
0.323
1.274
19.348
1.732
7.932
3.722
2.069
1.618
0.122
0.000
0.000
0.000
0.618
0.975
3.468
3.303
8.226
4.714
0.051
13.578
5.867
2.620
2.063
48.281
0.632
8.075
4.268
0.649
1.785
3.581
8.750
15.089
4.824
16.881
20.483
17.767
23.322
24.314
4.099
19.937
4.559
6.576
4.467
0.000
0.000
1.284
7.443
1.572
0.900
2.753
0.096
4.305
3.948
0.546
0.292
0.089
1.710
1.648
2.582
8.116
14.660
1.140
1.023
1.603
0.000
0.000
1.723
1.995
0.000
0.027
7.131
3.334
3.155
6.314
6.332
5.761
44.037
30.012
13.407
3.978
40.346
0.231
9.115
0.615
4.559
7.593
14.296
7.974
1.410
0.000
0.223
0.225
0.465
0.910
7.524
5.692
0.000
1.249
3.257
0.345
20.262
3.504
0.889
0.968
10.897
22.707
24.451
11.824
53.428
1.634
5.179
4.247
14.808
13.510
0.498
0.525
0.007
5.057
8.322
18.011
0.223
0.989
3.186
17.657
20.119
37.220
1.741
36.976
14.214
1.435
0.288
0.419
5.588
15.692
0.544
5.086
7.661
11.627
18.594
10.075
5.351
0.010
5.105
21.288
24.887
12.817
12.615
1.238
8.861
16.133
1.887
0.309
0.058
0.039
0.000
0.000
0.000
4.645
9.035
0.000
0.000
0.076
0.058
2.117
0.457
7.598
5.500
0.778
2.887
1.499
0.506
0.000
0.000
0.000
0.000
0.000
0.000
0.807
0.177
5.116
12.094
6.224
24.953
3.086
0.000
0.000
0.000
0.000
0.000
0.172
1.984
1.119
0.000
3.814
1.018
5.675
2.335
0.014
0.968
3.601
3.828
17.025
0.154
0.027
17.137
22.501
0.000
0.072
0.027
0.000
0.000
0.000
0.000
0.000
0.000
0.003
0.000
0.000
0.000
0.000
0.000
0.000
0.000
0.000
0.000
0.000
0.000
0.000
0.000
0.000
0.000
0.000
0.000
0.000
0.000
0.000
0.000
0.060
0.024
0.000
0.000
0.000
0.158
0.000
0.359
0.065
2.094
1.983
0.048
0.000
33.555
40.306
11.997
0.022
0.062
0.000
0.000
0.000
0.000
0.000
0.000
0.000
0.721
0.482
1.234
0.417
0.000
0.000
0.000
0.014
0.007
0.000
0.000
3.691
7.274
1.768
0.158
0.000
0.000
0.230
0.117
11.628
40.536
2.275
0.000
1.130
1.203
1.088
1.095
5.471
2.158
0.000
0.000
0.000
3.280
3.316
1.219
0.133
0.100
0.000
1.179
5.231
5.716
12.147
5.936
7.993
10.271
3.547
3.591
1.274
0.381
0.177
0.000
0.000
0.000
0.000
3.111
2.142
7.522
6.441
1.116
1.569
3.430
1.109
3.435
1.409
3.042
21.562
1.102
7.872
24.839
9.326
4.803
0.439
0.000
0.072
0.000
3.735
19.920
3.689
6.806
5.402
7.131
38.840
16.239
26.250
11.936
0.000
1.257
2.129
31.205
1.095
12.682
51.869
35.103
2.901
19.799
19.777
16.641
1.414
0.542
0.024
0.814
0.158
8.054
1.566
0.161
8.288
0.139
0.182
1.881
12.917
17.102
21.200
9.556
45.390
0.963
2.654
8.068
0.086
1.957
0.977
6.152
5.994
21.980
24.081
85.614
2.345
16.692
7.220
0.000
1.081
0.089
3.945
1.057
7.388
10.155
0.000
3.238
1.250
0.000
0.233
1.157
4.075
2.977
0.968
0.240
0.467
0.000
0.027
0.072
0.039
0.000
1.833
5.526
0.108
0.292
2.563
0.505
5.212
2.975
5.550
4.175
4.163
2.565
12.807
5.540
1.138
2.844
2.146
12.238
0.985
0.978
6.267
6.925
1.765
0.627
1.524
2.541
0.977
0.000
0.000
0.000
0.000
1.056
2.489
1.212
3.624
20.690
3.098
1.737
0.233
0.039
12.778
31.550
7.457
0.743
7.253
16.038
4.319
0.038
0.000
0.000
0.000
0.000
0.000
0.249
0.437
0.088
0.551
4.643
12.500
13.288
13.596
0.021
2.566
10.528
3.112
3.066
13.491
21.798
11.271
28.836
20.845
2.561
9.905
17.070
17.103
3.840
17.652
0.886
8.652
0.000
0.168
2.729
21.895
26.645
64.596
2.322
15.870
11.809
7.269
11.396
47.398
5.802
7.754
2.362
10.738
14.217
7.526
9.565
13.140
24.768
10.764
1.988
2.387
40.479
17.815
1.250
18.612
0.259
23.202
34.980
61.507
4.885
8.018
9.813
16.149
0.463
0.209
0.000
15.992
2.963
4.535
22.505
6.008
10.349
5.301
1.641
0.000
0.000
0.893
0.302
0.010
0.045
2.407
7.158
0.886
5.826
54.643
0.130
39.650
1.572
0.688
1.634
2.877
20.308
0.944
0.045
3.334
17.959
21.616
3.728
0.014
0.199
0.117
3.368
0.683
0.000
0.000
0.000
0.000
0.000
0.113
0.058
0.000
3.646
0.824
0.000
0.000
0.079
0.117
0.223
0.000
0.549
0.096
0.000
0.000
0.000
0.000
0.000
0.000
0.000
1.471
0.280
0.022
0.385
4.067
0.316
0.000
0.000
3.974
3.207
0.728
2.834
1.480
0.764
0.151
2.510
13.161
20.759
16.802
12.909
18.879
0.000
0.000
0.000
0.000
0.000
0.000
0.000
0.000
0.000
2.297
0.726
0.573
3.028
42.972
2.026
0.554
0.395
0.105
0.000
0.728
2.798
3.184
0.397
0.481
1.723
1.705
0.336
0.014
2.077
6.937
4.494
19.108
0.000
1.037
5.569
4.666
4.255
1.269
8.408
5.201
3.662
1.778
3.186
1.408
0.000
1.015
1.722
0.951
0.000
0.393
3.013
9.797
2.716
1.330
0.357
2.779
2.566
3.068
3.535
10.620
17.051
26.875
0.390
2.692
0.910
0.000
0.014
0.000
3.495
2.135
2.668
3.368
16.552
0.000
4.257
23.682
4.831
24.318
75.346
20.562
0.601
2.767
5.297
4.449
43.726
21.904
91.008
16.675
0.151
0.021
0.172
3.461
8.868
29.232
0.000
0.027
2.987
3.636
31.026
1.969
2.261
6.760
3.437
16.256
24.829
2.214
4.873
5.026
46.337
20.366
16.090
19.724
6.338
14.694
5.426
0.000
0.000
0.385
0.726
0.223
0.251
3.553
10.542
3.291
1.730
10.741
1.821
3.555
0.038
0.438
0.328
20.592
0.381
0.000
0.509
1.118
0.582
3.152
0.053
0.000
6.466
17.813
11.864
14.450
0.003
4.242
1.809
0.129
2.240
7.996
27.715
34.794
1.063
10.916
1.715
3.910
0.697
0.017
1.488
0.014
0.000
0.000
0.244
0.045
0.996
0.718
0.309
5.212
9.630
3.001
0.323
18.076
5.816
1.727
5.627
1.998
15.721
0.000
0.446
5.064
3.389
16.274
0.261
4.597
0.364
1.950
0.000
0.000
0.058
1.325
0.066
2.104
0.000
0.000
0.007
1.838
1.807
2.339
2.280
7.053
8.281
0.714
0.965
8.975
13.105
5.703
0.756
1.511
3.686
14.336
0.393
0.493
1.158
2.009
8.178
8.302
10.898
18.309
3.432
3.886
0.678
1.112
21.823
16.435
23.736
0.000
0.033
4.727
3.607
0.723
9.002
50.230
33.177
2.802
10.435
8.252
9.290
2.850
2.738
9.031
16.074
3.383
4.621
8.478
5.309
16.052
13.498
10.442
0.803
0.659
0.637
6.446
1.028
9.086
37.750
10.283
17.329
18.703
12.830
13.050
0.237
12.427
0.292
0.471
1.188
0.366
0.127
0.000
3.569
0.726
3.298
3.850
0.000
0.115
8.501
0.000
0.447
7.006
24.058
48.201
50.492
3.279
15.999
0.000
0.130
0.503
1.169
1.765
1.263
1.270
3.838
4.542
0.680
0.776
0.412
2.486
2.015
0.972
0.292
5.510
33.999
1.205
14.986
8.722
0.319
0.237
0.000
2.177
15.187
31.428
5.253
0.000
2.448
0.014
0.000
0.000
0.498
0.254
0.000
2.884
22.937
0.599
5.462
2.791
0.000
0.034
0.604
2.348
3.268
0.958
2.774
7.224
1.332
4.377
16.946
3.955
1.902
20.047
0.000
0.000
0.000
0.000
0.000
0.000
0.000
0.578
0.302
0.554
0.589
0.007
0.033
2.149
3.789
3.308
62.676
0.027
0.209
10.463
28.427
0.045
0.000
0.000
0.000
0.000
0.137
0.000
0.288
0.072
0.446
7.081
3.481
13.630
11.913
9.004
0.000
0.000
1.905
2.793
0.000
0.000
0.335
0.568
0.880
52.307
3.080
3.926
1.485
0.062
9.525
15.348
41.750
10.767
19.101
0.082
2.242
7.146
0.845
0.000
3.459
26.834
4.534
3.526
0.007
0.000
2.139
1.401
0.003
7.790
11.347
3.430
1.003
0.065
0.000
0.000
0.000
0.000
4.621
1.964
0.257
2.396
1.435
8.865
1.500
9.932
10.310
13.599
38.267
2.352
0.450
2.434
22.828
0.167
9.386
4.843
0.385
9.821
63.475
6.899
0.000
16.718
0.000
1.377
2.903
0.127
0.051
0.079
3.649
1.116
0.003
4.389
21.945
27.512
35.541
10.425
36.883
6.123
17.932
3.224
7.016
22.640
52.791
76.295
3.621
9.886
12.933
9.965
1.772
50.637
7.239
5.296
0.362
0.058
3.910
6.824
30.006
18.879
1.554
5.495
0.426
0.113
6.844
26.202
0.029
12.210
0.000
0.000
0.199
3.368
14.629
1.274
2.350
0.930
23.073
2.862
10.344
6.020
11.615
9.150
1.044
4.880
8.968
17.935
0.089
0.659
0.137
2.733
0.096
0.000
1.105
0.000
0.213
0.000
0.000
0.000
0.000
0.000
1.593
6.334
2.249
2.716
0.000
0.007
0.261
0.000
0.000
10.336
7.656
0.000
0.000
2.534
0.335
7.093
34.492
3.227
15.472
7.975
5.996
11.913
9.937
17.250
1.978
22.889
0.014
0.352
1.969
2.268
0.000
17.068
16.138
0.017
0.003
1.160
7.500
1.404
21.456
13.248
0.772
3.691
5.881
55.158
14.553
1.152
6.264
12.960
0.148
1.318
9.158
4.199
8.102
0.151
0.024
0.041
3.934
1.881
5.706
4.985
27.970
7.732
7.381
23.779
9.812
9.507
0.000
4.872
14.977
16.910
31.666
39.734
20.606
29.564
7.555
1.899
12.923
11.089
1.184
0.566
0.000
0.179
4.487
14.509
45.102
0.000
0.542
19.288
10.063
29.334
0.000
0.103
3.086
19.205
2.649
29.478
14.485
3.358
11.189
5.085
2.211
0.014
0.333
0.549
5.821
2.599
2.894
1.878
20.476
3.601
0.632
0.814
2.970
10.986
1.263
5.411
2.256
2.747
1.744
1.851
15.281
33.862
0.838
9.507
0.027
0.014
2.163
2.688
3.650
4.391
19.264
5.998
13.999
0.055
0.000
8.199
9.421
4.288
0.000
0.000
1.528
2.664
0.405
10.482
1.665
0.000
0.000
0.000
0.000
0.000
0.000
1.064
0.206
1.346
4.887
18.543
11.953
2.496
1.720
0.738
0.484
0.000
2.559
0.486
0.010
0.323
0.007
0.000
0.213
0.443
0.000
1.427
1.373
0.240
1.802
9.895
0.134
4.396
2.067
0.843
1.076
1.838
9.368
3.044
1.497
0.000
0.000
0.000
1.620
1.135
1.145
2.982
1.306
1.030
2.789
10.739
1.308
4.631
1.899
1.157
21.640
0.958
2.884
1.003
0.000
0.042
0.014
0.000
0.000
0.000
0.846
11.963
1.516
0.093
3.212
2.105
0.220
0.000
0.000
0.014
0.007
0.038
0.000
0.000
0.000
0.184
6.800
3.777
13.728
0.000
8.705
3.371
0.134
1.142
0.958
0.101
3.493
28.777
46.009
3.275
13.968
6.968
10.804
12.176
12.950
1.694
0.491
5.820
0.000
3.289
3.718
4.685
2.177
1.428
2.623
2.630
1.390
0.058
0.120
1.782
3.282
3.711
2.664
0.690
0.000
0.000
4.343
0.055
6.719
4.439
5.641
11.258
2.767
2.204
0.388
3.406
2.026
5.510
7.687
1.353
0.875
0.027
0.165
0.000
6.389
1.988
0.000
6.633
26.072
4.247
3.698
5.239
41.400
3.643
1.318
12.744
2.867
2.735
2.630
28.719
1.246
0.316
34.792
0.072
0.000
7.069
6.966
0.007
0.031
0.477
12.542
3.423
11.436
8.470
30.899
12.754
2.396
0.000
2.307
0.000
4.575
23.833
7.557
14.387
31.320
0.038
2.057
0.745
10.420
1.657
0.137
16.991
1.945
0.180
1.535
1.578
5.537
0.000
32.614
0.117
16.026
0.254
14.162
7.569
4.827
17.259
12.160
1.706
11.996
6.207
0.700
2.108
5.002
14.729
0.700
5.095
0.185
0.093
0.000
1.016
0.000
0.069
6.743
0.000
3.028
0.336
10.389
4.892
28.279
6.667
14.852
10.801
0.158
0.034
0.014
0.000
0.000
0.000
0.352
0.000
0.024
0.237
0.168
5.328
5.864
0.031
6.853
0.000
2.953
1.782
0.948
2.026
0.652
2.958
0.000
0.000
1.954
5.836
10.361
23.947
1.377
14.876
0.103
0.831
0.031
0.000
0.048
0.149
0.467
2.336
8.188
15.492
8.169
5.210
4.034
8.168
2.108
1.643
19.101
7.481
14.009
7.831
13.879
0.295
0.000
2.309
0.498
5.713
50.019
20.926
18.146
2.316
18.438
6.159
3.955
39.513
8.611
89.621
8.058
25.526
29.299
0.536
20.943
33.917
36.195
17.027
22.572
26.613
7.313
10.756
32.674
0.130
1.023
0.573
2.046
7.179
2.350
0.779
4.964
6.654
14.529
2.019
8.738
21.334
16.631
7.450
17.046
0.034
18.831
0.000
0.000
0.000
0.000
0.000
0.000
0.000
1.646
6.846
0.000
3.121
0.000
2.841
40.985
0.000
2.390
1.687
0.410
0.000
0.764
12.639
24.209
86.305
12.988
11.572
9.716
6.142
12.995
10.835
17.904
30.429
11.016
1.890
4.353
6.286
0.196
0.000
0.000
0.306
0.254
0.154
0.000
1.543
0.000
0.000
35.925
0.000
0.000
0.000
2.408
13.407
2.407
0.278
1.552
0.797
3.258
10.749
23.157
17.788
7.783
0.000
0.000
0.000
0.127
0.973
0.661
0.000
0.000
0.038
0.213
44.107
20.575
8.944
90.677
20.653
89.188
0.000
0.081
0.093
0.616
0.213
0.031
0.000
0.000
2.992
1.346
0.144
8.952
0.306
1.119
0.000
0.000
0.385
8.920
1.695
0.055
0.113
0.017
7.165
11.151
0.069
4.846
0.041
1.142
1.713
17.460
0.003
0.017
0.058
0.000
0.000
5.897
27.696
0.000
5.732
38.115
4.226
1.047
16.473
58.846
0.213
0.000
0.185
0.130
0.106
0.172
0.000
0.000
0.000
8.453
1.394
0.000
0.137
3.268
3.547
9.428
7.533
2.867
2.297
1.490
3.595
32.114
45.669
0.106
19.966
89.072
2.060
1.078
0.766
51.967
84.966
1.727
5.177
4.185
12.902
17.853
0.457
0.000
0.000
0.000
0.048
43.042
6.973
0.704
1.875
4.872
5.582
0.577
0.003
1.782
81.707
10.104
44.556
1.356
82.748
0.017
0.173
7.721
7.809
19.566
28.786
1.488
0.000
0.000
4.147
0.863
27.728
1.770
0.491
0.086
2.820
2.369
10.396
34.027
0.290
10.863
0.556
2.460
33.019
44.084
9.867
15.379
9.683
13.954
14.679
1.167
4.757
7.963
0.953
14.236
8.535
9.201
2.233
0.247
3.876
4.429
3.535
11.230
0.618
4.003
2.321
4.154
0.000
0.271
0.941
13.637
0.755
0.148
0.951
27.809
8.013
2.789
1.761
0.542
11.271
2.880
2.990
0.505
0.069
1.675
1.274
5.328
1.981
0.000
0.000
4.722
20.490
38.696
0.027
0.632
5.013
14.698
0.632
0.007
0.072
1.528
0.158
17.537
1.710
1.857
4.120
7.442
8.257
20.361
15.522
0.467
10.310
0.079
7.883
1.799
6.949
9.448
36.775
60.679
32.640
21.628
43.250
14.794
0.336
0.007
0.168
0.012
0.000
0.000
0.000
0.000
6.918
1.727
1.483
22.416
24.269
9.965
4.755
0.000
0.000
0.003
3.402
23.099
10.416
1.287
0.223
0.010
0.000
0.034
0.359
0.010
1.614
17.080
21.882
26.796
21.909
23.976
24.771
39.808
32.070
12.116
9.831
26.458
57.368
32.578
20.816
14.111
18.050
63.961
41.085
21.197
28.916
16.950
13.065
38.444
24.369
36.856
44.433
47.367
45.109
26.769
31.594
43.070
16.818
33.604
32.978
28.007
24.106
24.321
16.776
5.346
15.127
8.956
28.637
46.201
27.490
46.058
7.016
18.481
27.459
0.385
1.761
0.027
0.000
0.173
10.307
7.690
24.165
33.524
38.299
18.831
40.682
34.178
13.544
15.012
22.496
52.202
23.926
51.337
58.303
16.837
31.308
17.860
15.137
10.674
55.096
47.040
1.057
1.461
4.326
2.633
5.941
14.148
7.117
18.272
12.888
5.026
1.051
0.079
2.541
0.000
1.205
0.051
0.000
0.069
0.000
10.938
30.037
49.761
20.290
20.387
18.809
59.582
33.936
50.748
61.568
55.083
7.634
20.723
3.255
4.346
0.426
5.023
1.289
0.003
0.003
8.998
24.163
38.754
9.376
0.076
15.266
36.210
0.134
0.003
0.000
3.783
1.421
1.555
0.172
0.000
0.003
0.185
0.017
34.827
4.626
0.769
0.000
0.412
0.160
1.442
3.895
0.003
1.442
7.763
10.959
0.086
0.003
0.021
0.003
0.687
0.199
0.144
0.000
0.021
0.000
0.000
3.914
1.365
0.851
5.651
21.796
0.161
0.041
0.000
0.000
0.000
0.669
0.110
0.000
0.158
0.034
1.837
0.000
14.032
35.094
5.081
1.806
0.000
0.508
0.584
0.463
0.196
0.000
0.000
0.271
4.202
1.851
0.302
0.748
0.985
0.000
0.076
0.000
0.003
3.035
16.263
11.896
0.000
0.000
0.278
0.079
0.000
0.113
0.000
0.000
0.000
0.000
0.000
0.000
0.000
0.000
0.000
0.000
0.000
17.664
27.006
27.353
8.401
0.000
0.000
0.000
0.000
0.520
0.134
0.130
0.000
0.103
0.000
7.375
0.000
0.000
0.000
0.443
0.096
0.007
0.000
0.000
0.000
0.000
3.425
33.292
71.445
45.037
54.588
41.789
2.927
11.573
30.147
38.054
20.098
26.592
51.952
24.724
27.679
10.684
43.248
40.289
24.352
13.187
26.199
29.625
44.423
10.142
2.760
0.199
2.098
9.222
1.318
0.007
10.157
9.713
22.668
44.958
45.634
28.925
25.004
14.711
63.328
34.150
51.574
14.056
32.162
51.418
39.817
23.106
37.560
7.550
23.095
36.675
49.171
10.717
26.623
18.196
24.767
47.950
42.946
26.463
6.444
52.140
39.777
40.787
50.347
55.484
63.616
44.119
10.849
4.360
3.028
13.844
16.596
64.763
44.611
40.153
45.071
47.470
38.898
31.896
7.629
0.027
0.031
0.048
0.244
0.000
0.203
0.062
0.014
0.000
0.409
0.165
0.000
6.194
56.586
30.593
26.245
23.282
23.816
18.217
3.006
4.264
14.900
5.318
0.000
0.000
5.612
2.436
5.081
35.896
8.023
20.050
20.198
33.757
3.344
21.547
27.765
19.830
11.690
8.964
9.562
17.870
14.471
3.413
8.758
10.339
8.478
0.003
10.914
0.027
0.029
0.000
11.876
18.847
35.984
30.909
6.733
4.511
12.981
17.355
33.599
14.732
1.741
0.003
0.000
0.319
0.048
14.883
25.039
2.427
7.807
15.274
5.157
0.398
0.124
0.189
37.108
0.003
0.000
0.002
7.021
19.365
0.079
2.894
6.932
6.839
0.292
0.951
4.827
64.919
57.867
35.858
28.949
62.056
45.787
65.156
27.390
28.288
15.504
15.309
2.774
0.148
0.488
0.172
0.000
0.007
0.000
32.152
24.379
36.145
24.843
21.482
21.566
48.242
38.729
30.362
57.525
26.383
33.610
25.090
58.234
28.467
24.910
22.254
13.033
9.316
14.081
0.137
0.168
4.508
1.497
0.920
2.077
13.750
2.620
4.690
0.000
37.055
13.640
14.699
4.652
0.086
1.172
11.379
0.330
0.041
0.663
9.077
0.000
0.007
0.000
2.209
0.584
0.944
0.179
1.638
4.836
2.585
0.014
0.000
0.000
0.000
0.000
0.000
0.000
0.000
0.003
0.925
0.385
0.000
0.000
0.000
0.889
0.003
0.007
0.000
0.000
0.000
0.007
0.000
0.515
0.278
9.757
0.000
0.000
0.000
0.000
0.000
0.000
0.965
0.000
0.000
0.003
0.000
0.045
0.000
0.003
0.000
0.573
0.000
0.003
0.000
0.003
0.000
0.034
3.389
0.247
1.205
0.125
0.000
0.000
0.000
0.014
0.000
0.000
0.000
0.000
0.000
0.000
1.047
0.000
0.000
0.000
1.507
0.000
0.000
0.003
0.000
0.000
0.069
0.105
0.110
0.000
0.000
0.041
0.000
1.761
0.000
0.003
0.000
0.002
0.000
0.000
0.000
0.532
0.000
0.065
0.484
0.055
0.000
2.204
0.000
0.000
0.002
0.000
0.244
0.000
0.000
1.696
0.045
0.003
0.000
0.106
0.000
0.000
0.419
2.233
0.003
0.000
0.000
0.003
0.000
0.000
0.058
0.000
0.009
0.003
0.000
0.000
3.838
3.701
0.027
0.000
0.045
0.700
0.000
0.000
0.257
6.832
11.656
26.099
31.618
10.387
5.538
1.765
13.606
6.726
21.303
38.026
45.506
50.777
41.721
21.873
43.932
33.464
69.921
46.168
4.372
14.301
17.283
1.768
0.000
0.000
0.000
0.002
0.062
4.122
1.164
0.000
1.988
10.406
0.168
0.000
0.003
2.123
1.396
0.002
0.000
9.352
42.706
82.954
37.736
31.900
44.416
19.525
4.075
3.227
12.030
21.183
28.013
30.470
13.323
0.663
1.308
11.682
32.200
18.163
34.658
47.046
40.227
23.167
31.236
30.060
12.258
10.382
0.000
0.220
2.791
20.316
39.928
31.991
86.521
31.781
19.178
25.440
20.565
9.177
2.008
0.134
0.192
0.000
0.000
3.529
0.120
0.026
0.000
0.000
0.000
0.000
0.000
0.000
0.000
0.000
0.000
0.000
0.000
0.000
0.003
0.000
0.000
0.351
5.970
15.362
22.493
11.158
2.707
0.161
0.100
0.354
0.264
0.627
0.245
0.221
0.411
0.000
0.000
0.043
0.003
0.055
5.977
20.814
16.002
60.373
61.391
35.218
22.513
32.041
43.348
23.191
29.955
37.717
13.781
23.792
4.456
2.846
15.185
4.570
3.066
14.042
0.470
18.673
0.000
0.003
0.223
0.007
0.003
0.934
1.531
0.000
0.000
0.834
0.996
59.357
19.290
0.038
3.924
1.130
4.728
7.155
7.366
38.775
60.588
15.165
22.189
23.166
102.954
22.316
36.780
27.612
18.828
0.769
8.669
9.177
0.003
6.080
2.657
0.961
0.165
0.134
0.000
0.010
6.719
12.039
5.359
3.595
0.772
0.000
2.297
7.979
5.100
0.002
0.000
7.148
3.718
0.783
5.843
9.345
11.573
34.593
53.354
10.602
3.169
0.881
6.554
23.792
45.223
86.232
0.910
10.382
23.571
28.894
12.219
34.071
39.801
57.941
5.552
0.000
0.165
0.101
0.002
0.010
0.003
0.041
0.779
2.953
0.000
0.000
0.000
6.339
11.106
28.055
19.353
0.045
0.951
0.000
0.735
0.180
7.424
21.787
1.669
16.096
0.046
0.000
0.000
0.000
0.027
0.006
0.000
0.048
0.007
0.000
1.820
0.153
0.079
0.000
0.206
0.000
0.060
0.000
0.000
0.000
0.000
1.418
11.330
0.000
0.002
0.347
2.261
22.837
2.523
0.494
0.089
2.166
0.391
0.000
0.021
0.019
0.000
0.000
0.041
0.000
0.000
0.000
0.000
0.000
0.000
0.000
0.000
0.000
0.000
0.000
0.000
0.000
0.000
0.002
0.000
0.000
0.000
0.000
0.000
0.000
0.000
1.239
0.051
0.172
0.000
0.000
0.007
0.000
0.426
0.893
0.161
4.522
34.027
0.034
0.000
0.000
1.916
0.065
0.000
0.000
0.012
0.000
0.239
0.115
12.270
0.000
0.000
0.000
0.000
0.000
0.002
0.000
0.000
0.000
0.000
0.477
2.729
0.000
0.000
0.000
0.072
10.358
33.683
0.282
0.012
0.000
0.374
0.038
0.003
0.000
0.000
0.429
0.120
1.191
0.055
0.230
0.000
0.000
0.021
0.024
4.580
1.590
0.168
0.999
0.000
0.000
0.000
0.385
0.062
0.278
1.969
23.823
12.542
8.140
12.614
20.599
3.349
0.000
0.000
0.779
12.478
61.561
10.876
5.400
0.000
0.000
0.000
0.031
8.823
33.148
44.064
4.604
5.368
27.914
44.162
34.830
62.210
40.296
7.150
39.470
38.308
4.873
1.442
0.000
0.003
0.000
0.000
6.866
21.471
35.324
44.611
41.600
37.161
14.299
17.206
51.510
51.898
67.178
35.334
24.980
69.817
21.847
56.671
15.225
9.340
1.298
0.000
12.380
14.371
6.916
1.528
0.807
0.007
0.824
0.000
0.002
0.000
7.217
37.729
35.886
37.585
17.575
5.352
3.032
14.200
19.789
15.350
0.436
0.000
0.000
0.000
0.000
0.048
0.003
0.003
0.264
0.395
7.534
37.139
57.761
14.499
0.821
0.627
0.065
0.000
0.000
0.000
0.000
0.141
0.000
0.093
0.000
0.065
3.222
2.372
1.428
11.711
24.208
7.395
11.517
10.664
13.803
1.267
0.000
0.628
8.715
37.880
35.718
44.738
34.593
8.691
0.985
1.081
1.531
0.000
2.901
6.575
1.126
5.816
3.375
2.091
2.709
20.800
33.004
13.822
7.668
20.613
40.936
5.807
31.091
39.707
37.328
22.634
45.719
57.143
45.878
30.291
29.979
68.055
43.399
29.814
29.696
35.199
47.109
35.819
33.421
26.510
24.283
23.662
0.045
2.877
12.861
0.000
0.007
7.011
3.519
19.065
0.213
0.000
0.000
4.357
0.240
0.000
0.000
0.788
5.859
1.878
2.462
0.748
1.881
8.837
1.881
0.929
3.660
0.711
0.000
0.669
0.879
7.773
5.201
0.003
0.000
0.000
0.419
9.616
2.585
1.160
6.939
1.203
1.500
6.159
11.333
0.017
0.003
0.000
0.000
0.000
0.615
4.340
68.908
48.941
36.385
79.630
12.111
3.663
0.000
5.699
4.456
8.290
0.549
0.048
7.265
10.107
8.813
1.538
0.000
0.000
0.000
0.062
0.000
0.000
0.003
6.781
0.000
0.117
0.154
0.007
0.000
1.109
2.163
0.000
0.000
0.000
0.000
0.000
0.179
0.034
0.479
0.000
0.000
0.021
0.000
1.167
0.000
0.000
0.000
0.069
5.452
2.554
0.704
0.002
0.221
0.072
0.027
0.086
0.000
0.079
9.088
0.000
0.000
0.000
0.110
0.031
0.393
0.000
0.000
0.000
0.000
0.003
0.000
0.000
0.000
0.000
0.000
0.000
0.048
0.851
0.649
0.494
0.000
0.000
0.000
0.000
0.000
