19790101
0.014
0.000
0.383
4.824
2.716
1.902
2.805
0.872
0.282
0.024
0.003
0.003
0.170
1.782
2.218
0.863
0.549
0.089
1.372
0.197
5.675
7.627
2.995
3.981
0.203
0.007
5.315
15.317
6.003
0.253
0.000
1.763
0.431
0.000
0.000
0.630
0.383
1.952
3.147
2.481
0.476
0.594
0.505
1.887
2.463
1.629
7.634
3.038
0.575
0.000
0.000
0.000
1.948
2.910
3.679
7.234
8.317
5.744
5.098
5.287
2.887
4.044
5.723
13.311
9.802
17.142
23.020
4.427
0.251
2.884
5.284
0.058
0.896
4.082
8.090
4.001
5.117
6.034
7.129
4.243
7.677
54.681
27.093
7.182
5.493
0.076
3.323
7.400
0.515
0.000
0.954
4.439
8.998
6.530
7.028
4.328
0.625
0.062
0.000
0.000
0.000
0.460
2.633
8.624
6.255
0.687
0.065
1.006
5.122
4.460
33.608
6.654
12.188
21.259
21.320
11.670
16.795
13.808
11.963
4.631
32.966
6.104
6.506
4.405
5.713
0.419
0.000
0.419
0.089
0.041
2.173
3.028
0.110
1.559
2.479
10.109
18.172
3.468
9.946
13.479
43.832
12.500
15.364
4.916
0.618
3.021
3.777
4.446
5.569
2.999
5.584
10.949
6.630
2.795
4.104
1.984
8.381
4.873
4.530
15.278
2.814
0.704
3.516
7.725
1.929
1.361
7.258
2.589
0.227
1.263
5.316
0.295
1.909
2.157
2.752
0.760
0.000
0.000
0.034
0.010
0.385
4.072
2.680
1.864
0.453
0.000
0.000
0.000
0.000
0.000
0.000
0.318
2.276
3.068
5.799
5.105
3.226
12.291
5.370
5.649
1.699
0.191
5.196
2.125
0.266
0.024
0.003
0.000
1.196
0.306
2.910
3.335
3.150
0.697
1.073
0.000
0.185
0.000
0.000
0.067
0.000
0.000
0.000
0.051
0.053
4.086
6.018
1.701
5.831
1.483
6.829
1.339
3.159
4.793
5.641
1.150
5.188
0.831
17.535
14.904
3.466
10.799
6.260
2.218
2.973
2.724
7.146
6.357
1.763
0.817
13.623
14.121
8.890
0.421
4.774
9.199
16.897
10.118
2.047
2.470
5.624
2.944
8.561
7.117
2.110
6.085
4.683
1.928
0.318
0.021
1.313
0.127
8.114
1.377
0.141
0.000
0.072
0.463
0.865
0.182
3.450
5.558
2.493
5.840
1.054
0.742
0.221
2.918
1.167
10.276
14.577
7.754
6.813
15.110
4.710
0.652
2.304
5.074
3.468
5.359
12.377
1.658
5.346
14.493
36.720
0.445
2.559
6.372
7.938
19.755
0.262
2.407
31.706
22.498
22.845
21.739
2.808
0.333
8.060
5.697
3.038
7.611
5.395
5.194
6.712
0.687
1.723
2.834
1.645
6.238
2.868
0.017
5.062
2.937
4.269
3.972
0.764
0.000
2.221
0.285
0.221
0.268
0.034
0.010
0.000
0.000
0.594
11.790
14.522
5.340
10.231
38.934
24.193
3.433
1.124
1.532
6.111
3.365
6.436
27.703
0.383
1.645
9.522
8.051
10.044
7.508
8.065
5.579
0.467
0.000
0.000
0.000
0.000
0.000
0.000
1.964
1.929
1.171
3.804
7.433
11.390
4.130
8.175
3.310
0.558
0.290
0.216
4.278
7.172
0.968
0.089
0.100
0.239
1.847
2.661
1.222
5.816
19.938
9.012
22.803
6.672
11.545
3.775
0.223
0.357
3.283
0.072
0.000
0.000
0.000
0.003
1.667
1.935
9.805
8.933
1.902
4.697
3.694
3.380
2.551
1.559
0.790
2.388
4.116
8.140
8.863
7.191
10.152
1.197
0.465
0.041
0.175
0.144
0.055
0.108
0.246
6.695
2.748
6.679
3.989
2.223
5.672
1.373
6.552
0.340
1.665
0.954
1.583
0.024
0.000
0.027
1.028
2.853
1.148
0.838
0.014
0.000
4.700
10.835
2.812
2.568
5.922
6.046
1.693
29.721
11.549
1.614
6.182
5.205
4.879
19.357
1.160
5.006
0.000
0.113
1.126
3.172
8.120
8.830
5.373
9.802
9.792
20.647
19.744
3.444
7.922
4.098
2.999
7.672
8.084
17.573
13.760
8.293
6.345
1.667
6.684
8.382
3.317
14.646
18.160
12.150
4.486
3.123
0.457
2.084
5.186
0.759
1.064
2.371
0.989
3.392
7.421
9.234
1.960
1.905
3.617
3.062
1.215
4.472
6.621
4.024
5.718
4.371
4.192
0.079
0.616
3.320
4.910
8.168
8.192
0.177
0.000
0.046
0.000
4.556
6.806
1.461
4.214
5.016
0.127
0.441
0.000
0.000
0.010
0.000
0.014
0.000
0.000
0.000
0.000
0.000
0.000
0.000
0.000
0.039
0.220
0.687
1.166
2.242
0.312
0.000
0.000
0.000
0.000
0.000
0.000
0.000
0.963
1.044
0.539
0.103
0.000
0.165
0.000
1.905
0.000
0.000
0.000
0.000
0.000
1.116
2.187
3.272
0.302
1.171
0.134
4.298
2.637
1.641
1.188
0.439
0.151
3.622
2.129
0.000
2.184
3.001
0.494
0.038
0.000
0.000
0.000
0.000
2.098
0.192
0.419
0.652
2.479
3.859
1.377
4.990
4.013
0.831
0.148
0.048
0.807
1.590
0.261
0.000
0.000
0.385
3.413
1.483
5.431
7.553
1.938
8.817
2.060
5.836
2.252
0.800
0.913
0.000
0.103
0.007
0.659
7.773
16.548
4.044
9.204
5.026
1.579
10.818
1.761
2.935
4.230
5.438
9.129
10.832
1.397
0.055
6.341
5.589
5.593
3.268
5.773
9.709
0.546
0.118
0.000
0.767
0.000
1.517
5.802
3.934
1.339
4.288
1.140
3.770
0.563
7.946
0.683
5.653
4.175
1.957
8.923
2.364
2.357
7.052
8.768
2.662
1.504
8.027
7.254
1.196
5.691
2.275
2.261
4.613
6.683
2.974
9.377
6.366
4.274
6.861
7.012
3.560
2.122
3.881
6.393
4.470
3.555
6.923
5.201
7.375
0.759
0.034
3.342
6.739
0.745
1.629
3.821
5.938
2.879
6.357
2.317
6.139
3.593
6.406
5.830
2.311
0.735
3.418
7.320
5.878
11.065
15.455
14.823
7.706
14.780
15.491
0.790
2.400
0.048
0.000
0.000
0.000
0.000
0.312
0.354
0.000
0.014
0.278
0.249
0.000
1.085
0.391
0.048
0.010
0.199
0.024
0.089
0.336
0.130
0.048
0.000
0.357
1.236
4.341
1.106
2.753
3.169
4.240
3.023
6.396
17.297
5.994
2.228
2.149
2.283
2.359
0.017
4.326
11.755
4.013
6.808
14.969
8.532
14.471
11.893
2.855
8.238
5.658
6.516
23.906
9.460
6.993
7.018
1.363
3.430
10.410
8.169
6.070
4.637
8.938
33.591
5.866
9.129
12.730
14.628
3.216
1.469
9.000
6.303
0.773
2.065
5.684
0.486
2.877
3.401
0.364
0.386
4.730
0.221
1.619
3.720
2.024
4.540
1.682
2.398
0.587
0.051
1.792
1.662
3.969
3.404
4.036
3.052
3.464
1.492
1.916
6.324
6.499
5.943
16.723
15.353
12.308
14.203
13.482
27.157
5.356
3.773
18.079
24.530
5.352
4.240
11.549
7.725
6.317
7.656
9.488
13.597
12.509
4.238
12.080
20.102
28.412
0.534
7.790
49.217
35.412
26.733
3.309
11.758
3.055
11.726
6.679
9.682
5.945
6.551
1.909
5.514
3.320
4.848
5.136
0.928
4.324
4.165
4.465
1.784
8.216
4.257
3.821
3.701
9.150
0.175
0.038
4.010
8.044
3.478
12.404
15.693
6.515
1.538
5.778
1.497
3.941
0.525
6.815
1.051
1.960
0.601
2.592
0.326
9.702
8.645
0.398
0.168
6.290
4.326
2.959
7.812
4.758
6.159
7.004
8.676
8.765
6.290
0.000
5.071
0.457
0.213
0.439
0.591
0.000
0.000
0.086
5.188
3.183
0.476
0.000
0.000
1.905
0.834
0.000
0.000
0.000
0.000
0.000
0.000
0.000
0.000
0.000
0.000
0.027
0.000
0.000
0.000
0.151
2.685
1.682
0.076
0.000
2.214
0.237
2.650
4.257
0.007
0.000
0.587
0.113
0.000
0.494
1.833
3.080
3.814
1.566
1.809
1.905
0.680
0.000
1.542
1.830
5.593
4.065
1.257
1.449
0.051
2.585
9.606
6.860
6.132
6.053
7.817
8.968
4.734
0.151
3.399
5.442
6.890
3.049
0.721
10.317
1.071
0.000
0.055
0.000
0.364
4.786
0.360
5.720
8.106
4.729
0.457
0.776
4.346
7.744
17.976
5.953
0.021
9.759
5.864
6.156
2.630
13.898
7.114
10.337
9.493
12.603
0.982
3.886
4.125
3.021
1.528
2.012
4.096
4.782
5.926
5.078
2.094
2.563
7.893
12.885
3.399
7.539
12.827
7.419
5.112
9.963
10.248
6.667
5.081
1.744
6.145
2.551
4.594
3.217
19.279
13.815
7.072
4.007
5.861
1.869
15.628
9.084
6.145
0.584
3.842
0.309
4.906
0.718
3.461
2.057
8.453
51.512
5.943
5.308
8.746
5.074
19.485
6.966
1.500
4.968
16.352
11.522
2.204
5.788
4.467
8.058
10.173
2.156
1.717
8.600
14.014
11.846
9.192
1.061
1.861
0.549
1.095
2.122
0.663
2.008
7.330
11.731
72.484
7.078
10.605
10.379
32.928
2.614
5.390
3.093
2.774
12.744
0.948
2.609
2.781
4.618
4.607
0.814
1.088
5.637
0.563
0.000
0.000
0.951
1.789
2.372
4.576
4.793
11.848
4.310
6.297
3.959
2.668
0.819
1.231
5.040
1.959
6.322
14.904
12.123
10.695
4.640
7.048
4.080
1.476
4.465
8.680
10.713
34.076
14.957
9.855
7.934
10.928
7.969
6.760
6.492
9.210
0.685
6.370
9.285
4.508
8.554
5.493
4.700
1.822
2.843
5.704
3.468
2.335
3.672
2.711
3.934
0.299
2.620
1.384
9.615
3.286
4.849
11.476
2.699
2.541
10.583
0.927
0.688
4.338
3.336
6.096
14.603
12.071
3.298
4.621
8.221
4.712
10.682
2.420
16.289
20.066
13.359
14.009
32.516
28.625
3.668
57.234
23.000
1.550
0.362
0.031
0.136
2.132
5.121
13.000
15.080
8.922
1.241
8.574
7.339
0.151
3.916
0.000
15.494
11.168
8.303
28.324
52.333
30.099
2.032
5.699
9.489
15.336
8.899
5.854
5.267
4.638
0.755
4.649
4.625
4.331
0.800
10.336
2.359
3.519
3.251
2.571
6.164
14.262
18.076
2.681
6.640
4.724
7.694
6.400
9.143
3.402
5.466
0.407
0.000
0.948
0.158
7.287
3.928
15.412
5.085
2.235
0.000
1.275
0.179
0.000
1.578
1.013
1.344
1.356
4.314
8.163
3.583
0.779
1.390
2.736
0.000
0.000
0.000
0.000
0.000
0.427
0.072
0.000
0.000
0.386
0.326
0.863
1.315
0.103
0.010
0.000
0.029
5.826
9.479
1.142
0.000
0.000
0.000
0.000
0.000
0.000
0.345
0.024
0.000
0.000
0.000
0.000
0.373
1.013
5.236
1.612
0.108
0.000
0.151
0.062
0.000
0.000
0.000
2.918
1.408
0.000
0.000
0.000
0.000
0.206
0.000
0.120
3.279
2.551
0.587
0.000
0.000
3.315
0.992
0.000
0.000
0.000
0.072
3.243
1.021
0.017
0.663
0.203
1.270
0.405
0.017
0.000
0.807
0.221
0.256
0.666
2.127
1.694
4.302
1.054
6.626
0.308
2.941
1.203
8.897
1.916
3.302
1.150
0.000
0.000
0.021
0.000
0.000
1.184
3.184
7.994
8.615
2.711
6.106
2.053
5.062
5.457
1.274
4.170
4.616
8.937
28.080
4.722
2.571
7.222
2.969
3.280
6.189
3.925
4.832
2.374
0.914
0.738
1.773
2.489
2.774
2.366
9.635
0.174
1.911
0.417
0.048
1.909
2.137
3.988
4.005
1.088
3.605
5.758
13.829
3.407
1.572
3.107
3.780
6.763
1.929
3.461
1.147
0.024
4.298
1.895
2.795
0.398
0.858
1.081
8.834
4.781
1.542
2.297
3.306
7.869
13.671
6.240
0.000
0.000
0.000
2.752
3.356
0.156
0.514
3.322
0.491
7.514
6.501
6.884
21.247
0.375
4.047
0.505
0.003
0.225
0.727
1.587
1.979
18.339
0.639
0.809
0.446
0.287
1.954
0.625
2.650
2.341
0.824
0.360
0.316
0.340
1.669
2.129
0.189
0.295
0.276
0.190
0.072
0.137
0.051
0.199
0.045
0.357
0.342
0.302
0.096
0.024
0.076
0.089
0.199
0.086
0.048
0.086
0.045
0.027
0.223
0.285
0.154
0.191
0.230
0.896
0.199
0.041
0.081
0.465
2.005
0.810
3.395
2.687
0.457
1.257
0.470
0.450
0.649
1.151
0.482
0.605
0.637
0.891
0.522
0.089
0.300
0.319
2.204
1.583
0.324
0.165
0.312
0.048
0.089
2.252
1.401
0.661
0.821
3.797
7.996
2.438
5.503
3.725
2.657
1.402
0.350
0.117
0.591
1.816
5.069
2.252
0.446
0.000
0.278
0.869
0.930
10.641
10.147
8.017
5.239
4.827
2.743
3.165
4.570
5.138
3.711
15.412
2.771
3.610
5.057
5.998
2.202
6.000
10.252
58.310
2.994
20.211
18.162
3.756
12.803
2.060
0.443
1.849
5.950
23.222
2.884
4.498
10.926
4.049
18.454
7.738
58.655
16.665
16.552
12.603
30.233
20.720
5.026
4.281
7.852
7.340
3.643
0.412
0.965
4.484
0.640
13.177
8.113
8.889
13.887
15.031
6.942
12.617
48.587
6.008
6.492
3.775
8.377
2.515
3.976
11.409
8.449
8.253
4.003
3.330
4.908
4.580
2.208
0.264
0.000
0.000
4.391
10.094
3.341
0.343
7.347
8.600
5.023
7.351
5.201
1.178
0.031
0.924
0.000
0.172
2.376
0.491
0.374
0.429
1.003
1.593
5.047
0.494
1.528
1.981
4.364
0.577
0.000
0.000
4.439
2.832
8.789
7.399
8.384
3.904
0.419
0.014
0.512
1.840
3.169
3.111
1.452
2.218
3.948
0.079
0.000
1.075
1.071
0.000
0.000
0.000
0.000
0.117
2.197
1.785
3.547
2.496
0.982
0.130
0.069
5.256
1.586
0.120
0.175
1.311
1.566
2.348
0.405
0.045
0.000
0.000
0.021
0.000
0.251
5.390
2.664
4.422
1.833
1.274
0.154
0.000
4.388
1.267
2.585
1.318
3.965
0.625
0.000
0.034
0.154
0.048
0.900
1.030
0.000
0.668
0.433
1.399
0.355
0.000
5.038
2.336
6.018
4.788
1.186
0.079
0.031
0.479
1.126
1.610
0.676
0.127
3.928
0.276
0.000
0.000
0.000
0.100
0.000
0.937
2.815
3.522
0.130
0.616
0.402
2.113
1.171
0.336
4.594
2.815
3.426
1.615
3.814
40.416
6.049
0.663
1.971
1.533
3.009
17.891
1.943
0.413
0.621
1.651
0.909
0.326
2.832
2.977
36.962
0.010
1.634
0.546
0.333
0.194
0.283
0.237
0.209
2.063
1.502
5.691
4.242
2.240
4.480
4.549
4.269
5.028
0.120
0.000
4.372
0.395
0.518
3.377
3.917
6.462
2.353
4.601
3.728
1.135
21.070
15.312
3.365
7.474
9.589
8.895
3.663
23.205
6.248
11.611
3.643
4.649
5.751
3.699
1.291
2.860
1.305
0.676
0.814
1.373
1.837
0.443
0.463
0.093
0.144
0.223
1.130
2.573
0.278
0.211
1.414
2.551
1.667
1.409
2.129
3.977
3.665
2.851
1.476
2.261
0.355
2.403
1.511
2.360
0.306
0.285
0.077
0.038
0.294
0.383
2.052
0.760
8.219
5.035
0.431
1.475
3.840
5.339
0.409
1.730
3.390
0.649
0.409
1.191
0.748
5.630
1.150
3.056
5.256
3.131
1.823
0.664
0.350
0.491
0.354
2.166
3.282
6.200
4.206
1.274
0.439
0.323
2.908
2.396
3.316
2.348
5.503
3.890
3.059
0.875
4.927
3.680
4.865
9.373
1.360
0.069
0.154
2.640
5.342
2.280
3.217
2.977
0.330
0.312
0.453
2.259
5.229
6.945
5.133
3.928
2.856
1.581
0.436
6.355
4.879
3.337
5.428
1.394
3.488
1.696
6.441
4.278
5.977
2.990
2.616
2.642
2.860
3.639
2.098
19.188
5.346
5.613
12.562
7.766
2.008
15.026
26.415
14.811
15.937
4.952
3.883
0.508
5.181
8.010
14.632
40.399
4.185
7.237
23.943
8.964
7.663
4.175
27.603
6.394
11.271
12.418
0.215
0.000
2.774
1.866
16.191
6.377
5.732
3.533
4.951
8.429
15.292
4.316
3.998
2.407
0.204
4.491
10.557
2.760
0.373
15.237
27.282
6.719
16.930
22.610
11.520
5.800
8.741
3.862
1.929
13.723
19.264
0.422
2.918
6.557
7.344
12.061
0.666
6.097
1.071
0.000
0.000
1.875
1.181
0.000
5.344
2.620
1.483
1.032
1.076
2.657
6.434
4.175
5.294
7.110
3.965
2.444
10.495
6.355
4.197
4.250
10.375
6.499
5.260
1.978
6.351
6.667
9.297
2.891
1.861
0.460
0.779
8.652
3.062
0.295
1.270
1.950
5.603
7.060
0.838
0.872
0.000
0.161
0.566
0.041
2.556
0.386
0.000
0.130
4.504
0.501
0.508
8.130
5.883
1.190
1.974
0.438
0.288
0.731
0.275
2.420
0.742
2.257
2.170
4.807
4.090
4.650
5.709
0.498
8.611
6.578
5.181
5.461
4.548
3.507
2.481
3.636
4.262
0.450
0.000
1.174
1.167
0.375
0.223
0.000
2.738
4.599
7.162
5.213
1.250
0.048
0.771
9.908
9.357
8.580
6.927
6.997
7.400
1.255
2.868
9.552
5.663
5.002
8.128
6.508
4.171
3.874
9.577
3.519
7.998
3.989
1.061
3.985
6.202
0.455
3.131
5.346
10.840
3.686
8.834
2.556
3.250
4.226
11.476
4.894
4.621
0.678
3.346
12.444
8.629
5.425
6.400
2.845
7.661
9.163
1.845
11.773
1.584
1.972
17.860
9.230
4.546
2.211
7.318
0.245
4.683
4.391
6.327
12.823
8.065
3.504
10.023
15.347
11.311
19.683
19.387
1.193
0.154
4.743
9.426
7.308
4.386
3.703
7.060
3.646
7.323
5.240
3.056
14.291
12.591
7.413
6.945
6.273
10.476
0.965
0.117
0.122
0.003
2.483
4.276
5.658
2.419
2.413
5.945
4.420
1.408
1.969
1.248
7.253
30.000
6.104
7.985
1.516
0.753
1.160
1.575
1.301
0.376
0.096
0.330
0.082
0.027
0.175
0.141
0.347
0.254
0.608
0.457
1.596
0.563
1.385
0.580
0.529
2.309
5.558
1.085
0.494
1.878
0.508
0.515
0.381
1.408
0.669
2.834
8.906
1.964
0.654
0.433
1.861
1.236
0.316
0.223
0.264
3.704
0.106
2.129
0.266
0.117
0.000
0.000
0.022
0.244
1.946
0.469
0.328
0.010
0.742
0.290
0.221
0.000
0.000
0.000
0.000
0.000
0.014
0.000
0.230
1.057
3.931
3.742
0.058
0.027
0.261
0.014
1.243
1.790
5.823
3.660
4.264
0.209
6.417
7.203
7.883
22.501
6.659
1.624
2.755
6.273
0.014
2.898
6.959
6.029
2.911
7.435
1.027
0.584
0.240
2.990
12.526
34.531
9.302
15.817
4.707
7.536
39.499
1.620
5.709
1.540
10.420
9.053
8.109
6.351
10.039
10.777
0.213
0.027
3.553
4.662
4.086
0.426
0.532
10.475
4.551
7.000
4.597
2.802
14.196
4.769
6.660
10.674
1.978
2.297
2.357
6.595
8.710
7.700
0.051
1.200
5.803
1.902
7.630
7.213
19.322
17.542
12.627
10.658
12.991
14.521
6.672
19.715
7.498
3.461
0.151
3.895
6.276
0.027
1.881
6.605
5.143
4.067
0.149
2.125
1.164
2.501
11.762
7.696
0.728
10.605
1.552
2.135
1.998
2.997
0.062
0.000
0.000
0.000
0.000
0.000
0.000
0.000
0.000
0.000
0.000
0.000
0.000
0.000
0.000
0.000
2.093
0.525
0.000
0.000
0.007
0.000
0.000
0.000
0.000
3.303
0.419
0.000
0.010
5.692
1.693
0.271
0.632
0.179
0.692
0.113
1.366
0.275
1.387
0.000
0.089
0.076
0.051
3.392
9.256
6.173
2.850
8.782
1.802
0.851
0.261
2.015
6.259
1.603
0.283
0.000
1.275
2.596
5.419
5.088
6.820
10.102
0.386
0.951
3.761
5.018
4.163
2.642
2.805
0.628
0.637
0.815
5.768
4.845
2.096
3.880
3.581
5.491
6.345
18.644
9.083
3.684
0.446
3.505
0.709
0.421
0.148
2.365
6.077
7.941
6.802
3.825
6.042
6.347
7.890
4.393
1.613
2.657
4.348
1.179
0.000
0.021
0.501
2.178
5.270
7.941
9.807
10.084
7.641
2.141
8.332
1.224
0.007
13.046
19.514
7.165
5.263
5.076
7.570
14.087
2.506
8.617
1.945
6.638
0.570
1.181
5.037
1.766
0.079
6.221
5.893
9.371
3.596
3.284
2.973
3.465
5.701
11.335
9.521
1.975
34.964
7.411
7.049
13.553
5.907
0.014
0.106
5.840
29.440
12.360
0.546
17.509
7.996
3.804
10.969
8.868
2.846
4.810
18.304
2.678
3.111
2.856
1.844
0.707
1.542
2.414
18.433
25.210
20.052
4.449
1.202
2.616
0.680
2.535
4.910
21.713
4.144
2.262
1.493
1.490
2.898
12.524
5.572
9.167
2.578
3.948
4.070
1.449
0.391
0.179
0.034
0.000
0.000
0.000
0.000
1.267
0.601
0.124
0.357
0.360
1.833
0.484
2.084
4.269
0.457
0.021
1.233
0.000
3.227
3.485
0.608
0.041
0.261
0.239
0.395
0.000
0.544
0.896
0.027
1.281
0.034
2.788
10.897
4.007
0.673
0.395
0.024
0.000
0.000
0.498
0.003
1.566
0.759
0.786
0.433
5.445
10.530
1.003
3.165
38.425
6.369
0.893
1.291
0.120
0.007
2.637
2.719
0.216
11.127
4.283
1.349
2.311
4.491
4.487
11.295
8.126
2.990
9.009
3.624
12.931
4.453
32.084
9.380
10.743
1.559
8.367
6.297
5.933
4.491
4.635
1.983
0.479
2.815
1.907
2.650
6.904
4.352
11.376
7.120
5.605
5.399
3.220
0.221
0.000
0.903
1.544
1.958
0.163
0.000
0.000
1.502
2.553
1.243
0.441
13.082
3.485
10.001
9.641
11.508
7.615
27.795
16.459
28.520
7.491
12.263
2.819
11.052
1.991
0.103
2.963
15.810
5.431
4.576
7.591
18.193
9.977
42.792
14.059
18.872
0.930
11.776
10.234
16.689
13.300
9.246
11.515
5.459
4.556
2.853
9.156
9.036
6.276
5.390
1.263
5.234
5.016
12.597
6.197
8.786
8.456
4.552
8.302
0.027
4.504
2.245
7.316
1.061
3.201
2.328
2.791
1.772
5.531
3.952
9.386
14.674
-99.000
2.997
7.660
7.320
6.557
6.822
4.400
7.335
7.076
9.613
1.057
2.887
8.078
0.158
0.000
0.130
0.014
6.369
1.542
0.041
0.000
0.000
4.319
2.922
0.213
0.007
0.776
0.000
0.148
0.992
0.000
0.000
0.000
0.172
4.669
2.674
0.790
0.000
0.103
0.611
0.000
2.146
0.309
0.000
0.000
0.010
0.000
0.000
0.007
0.257
0.000
0.051
0.000
0.000
0.000
0.000
0.000
0.000
0.055
0.268
0.010
0.000
0.000
0.913
1.408
4.439
2.759
0.076
0.000
0.000
0.045
0.158
0.000
0.917
0.206
2.353
0.865
0.038
0.920
0.003
3.358
0.172
0.120
0.223
0.192
4.951
2.293
0.982
0.000
0.199
0.086
0.834
2.685
0.584
4.472
2.906
0.488
0.348
1.390
0.098
0.467
1.928
2.923
0.479
4.316
4.482
5.196
0.027
0.767
0.000
0.000
0.007
1.277
1.069
11.338
3.277
7.417
28.096
7.809
3.904
8.920
5.376
2.003
5.615
5.412
6.935
6.496
10.993
13.472
6.860
3.536
6.161
1.772
7.335
31.091
12.960
6.341
22.664
9.847
29.294
4.104
5.126
9.002
22.879
9.984
4.813
0.927
2.448
2.135
9.064
9.953
10.667
5.974
3.069
6.194
12.143
3.986
3.974
2.336
0.597
0.000
5.081
13.764
8.534
2.233
6.188
10.909
9.041
2.911
2.001
3.572
3.328
7.383
14.207
14.189
20.105
3.378
3.325
6.244
3.366
1.124
4.061
1.209
0.352
0.065
0.944
4.520
4.558
0.336
1.863
2.805
2.838
4.345
0.014
0.000
0.031
0.000
2.278
1.933
7.561
1.002
0.135
0.021
0.000
0.000
0.000
1.521
0.374
-99.000
-99.000
-99.000
-99.000
-99.000
-99.000
-99.000
-99.000
1.270
0.041
0.010
0.000
1.373
4.358
6.666
0.748
0.175
0.045
0.024
0.003
0.117
0.021
0.000
0.000
0.000
1.600
2.547
0.354
4.326
9.795
9.884
0.728
0.306
0.031
1.287
0.225
0.000
0.041
0.496
0.141
0.014
0.000
0.000
0.000
0.000
0.000
0.345
1.251
0.529
1.790
5.527
6.922
1.226
0.345
2.977
0.242
0.024
0.000
0.000
0.038
0.031
0.000
0.000
0.055
0.000
0.014
0.038
0.371
1.063
5.746
7.116
33.089
4.255
12.550
8.822
8.484
10.386
10.001
0.752
6.928
5.273
1.852
2.103
4.410
3.900
5.140
0.642
3.432
7.222
1.814
9.067
9.580
5.915
14.378
4.092
0.273
3.864
3.821
7.059
5.733
4.108
7.491
4.575
5.403
1.094
5.088
6.690
0.360
0.000
0.000
0.000
2.496
3.613
10.834
6.310
0.249
2.947
10.574
3.723
3.145
6.173
4.213
2.834
1.955
14.572
2.683
20.164
4.398
16.641
0.989
17.303
2.249
11.870
66.266
3.756
9.246
0.189
2.074
2.390
0.161
1.590
1.195
0.968
6.262
0.783
0.000
1.432
11.749
3.395
3.069
23.116
9.016
35.201
4.741
5.400
2.105
0.076
0.000
0.000
0.041
2.832
6.626
10.746
7.011
4.360
22.570
2.702
0.000
0.000
0.000
2.410
1.442
1.988
0.120
0.000
0.000
0.161
0.803
0.275
0.014
0.000
0.367
0.783
2.201
0.045
0.000
0.000
0.000
1.986
3.650
1.423
4.413
0.990
0.000
0.201
2.199
1.372
0.218
2.269
2.604
0.209
0.954
0.961
0.146
3.801
2.842
0.639
0.230
1.648
3.826
1.417
0.137
0.014
2.168
5.922
2.868
9.180
2.458
0.719
4.032
5.198
5.577
4.856
1.044
5.395
0.906
4.528
2.481
0.311
0.000
4.477
3.567
2.125
0.379
0.058
1.775
0.561
0.628
0.319
0.038
0.589
0.079
0.021
0.000
0.048
0.551
1.226
0.270
0.000
3.054
0.857
2.462
1.420
6.238
4.125
2.620
1.427
3.686
0.620
0.000
4.700
0.759
0.189
9.215
7.160
4.431
0.348
0.000
0.000
0.000
5.481
7.718
1.600
9.513
2.170
6.370
4.777
7.965
0.106
11.251
4.408
4.655
5.412
13.982
14.184
22.783
3.909
8.846
1.221
11.855
15.769
13.747
3.187
8.054
40.617
3.133
2.954
18.484
6.281
24.091
47.597
4.849
11.112
4.408
10.959
2.166
15.123
13.972
16.543
28.355
9.319
5.073
6.697
3.272
3.224
3.234
6.719
8.542
6.362
0.000
0.179
1.229
4.443
6.956
6.997
10.022
12.281
3.807
7.447
7.330
6.424
10.554
22.670
22.434
0.627
6.242
2.352
11.585
38.931
8.068
6.945
7.670
3.680
4.456
24.197
6.410
10.876
1.378
2.147
7.910
5.874
5.946
11.433
9.713
2.008
5.545
0.573
0.728
0.003
0.000
0.000
0.000
0.000
0.000
0.000
0.000
0.000
0.000
0.000
1.093
0.038
0.000
0.000
0.000
0.000
0.000
0.000
0.000
0.017
0.021
0.000
0.000
0.058
0.115
0.048
0.048
0.038
0.024
0.000
0.748
0.261
0.223
0.074
1.087
1.088
0.007
0.003
0.000
0.197
0.017
1.548
0.317
1.682
0.223
0.000
0.000
0.683
4.693
2.352
2.074
3.828
1.512
9.522
3.779
8.322
9.292
14.380
0.712
5.857
6.161
2.009
2.058
0.309
0.003
2.596
2.414
6.298
11.095
14.777
8.526
11.228
2.927
0.714
0.223
0.141
0.076
0.000
0.014
0.007
0.055
4.714
6.121
3.948
3.512
4.130
5.418
7.711
7.196
0.766
0.192
0.000
0.000
0.000
0.000
0.000
0.000
0.000
0.000
0.000
0.000
0.000
2.956
6.202
0.652
1.978
1.952
1.857
14.959
4.907
9.869
13.517
11.882
12.732
28.000
62.704
5.675
5.403
9.244
9.283
3.892
6.185
8.511
4.473
3.679
15.060
10.497
2.978
9.126
8.256
15.296
16.588
3.636
8.200
7.474
7.364
10.897
8.477
9.253
13.747
8.741
7.052
6.154
5.373
1.713
0.810
4.037
6.351
6.173
2.880
5.438
6.506
10.308
5.399
13.359
29.613
10.358
0.024
12.626
11.906
10.173
9.737
14.883
21.523
9.321
10.722
5.900
8.561
15.793
1.414
5.237
1.941
0.719
0.482
1.854
3.890
4.964
4.868
3.619
6.391
2.606
10.435
15.480
11.167
6.466
3.890
12.387
6.133
15.645
8.530
30.127
10.854
7.790
2.992
9.100
11.160
3.622
13.654
13.472
8.339
8.700
7.296
3.227
3.993
6.722
1.844
2.218
0.433
0.103
0.972
0.264
0.000
0.048
0.000
0.336
0.055
0.000
1.500
0.364
1.160
1.140
0.240
0.082
0.000
3.124
7.848
3.967
1.837
1.962
1.368
4.752
4.391
1.008
0.697
4.398
9.619
5.280
3.474
2.139
0.956
3.730
4.501
14.481
11.177
2.314
4.625
4.456
9.692
4.037
5.021
1.620
0.038
7.742
0.886
0.223
3.704
6.269
25.143
3.883
7.965
7.601
5.322
8.295
4.885
9.774
7.241
6.334
0.640
3.141
10.032
14.426
14.268
0.719
2.736
8.233
12.102
11.525
5.318
4.449
12.703
7.708
3.440
0.141
3.650
0.196
1.071
5.921
9.332
42.261
15.740
16.203
12.167
3.204
0.050
0.014
0.151
0.055
0.000
1.869
6.070
7.636
2.762
4.697
5.673
0.010
1.402
2.230
5.069
10.585
8.260
4.662
13.874
24.055
8.464
14.938
10.813
13.453
10.040
13.182
3.727
11.122
6.539
7.811
19.453
17.233
4.326
10.008
10.819
3.946
1.960
10.076
8.398
9.695
4.074
22.979
20.503
2.931
2.466
6.594
12.136
3.672
3.128
5.854
6.379
10.844
32.562
9.036
9.344
11.316
8.353
5.603
5.145
12.418
9.867
24.737
11.019
21.847
32.882
14.028
0.827
1.708
4.627
1.183
0.230
0.903
1.135
2.706
0.051
0.248
0.000
3.859
9.392
1.810
5.854
3.385
5.697
4.645
8.708
14.679
21.526
9.565
5.804
3.313
10.785
25.634
5.121
0.652
1.466
0.548
4.662
2.932
1.619
5.697
4.480
2.244
1.281
1.741
1.627
1.428
1.912
6.020
2.206
0.244
0.951
0.858
2.182
11.410
11.922
0.949
3.361
4.429
3.564
12.633
26.508
14.234
1.878
0.872
6.566
7.258
3.588
1.390
0.038
0.673
0.172
3.018
0.917
1.459
0.364
1.480
1.159
4.522
4.357
1.710
12.329
6.218
4.419
11.563
9.422
1.761
0.000
0.900
3.078
8.248
8.106
6.173
3.413
6.839
16.219
16.936
13.881
1.816
4.762
8.332
4.206
10.279
9.603
4.295
4.659
12.057
23.088
27.425
8.449
13.287
4.810
1.349
3.809
4.058
11.203
8.235
0.968
4.556
8.484
7.866
11.433
4.861
0.103
4.099
4.786
8.126
2.427
0.309
2.592
1.449
7.090
1.875
4.841
0.697
4.758
7.186
3.728
9.098
11.494
0.096
1.562
12.421
10.101
3.361
7.970
10.791
8.875
35.304
7.292
12.073
6.228
3.559
16.607
12.629
16.177
1.979
14.809
10.931
1.433
7.424
9.658
1.324
0.027
0.000
0.000
0.838
0.000
0.000
4.729
10.986
4.535
11.979
4.159
3.498
6.177
4.528
5.026
3.020
0.100
8.029
4.865
5.114
15.664
2.132
3.802
6.666
7.325
4.922
2.652
0.403
1.322
0.767
0.100
0.000
1.847
0.850
5.132
2.736
1.646
1.990
1.492
2.099
10.303
4.324
1.632
1.531
0.196
0.249
0.997
0.213
0.132
0.858
0.446
0.000
0.000
0.309
1.296
0.326
0.110
0.230
0.039
0.000
0.000
0.000
0.000
0.124
0.088
1.651
3.790
1.142
6.333
10.248
24.563
4.981
1.540
4.949
4.654
4.795
6.213
8.188
1.528
0.000
0.000
0.014
5.864
0.144
3.811
0.120
4.655
7.828
1.003
1.373
3.663
0.642
3.900
0.000
1.548
3.756
9.101
6.063
0.810
6.400
5.093
0.470
1.270
2.853
4.717
7.684
14.090
11.100
0.735
0.920
6.878
9.630
16.196
38.909
4.901
3.081
9.831
9.356
7.917
9.569
5.300
0.414
0.038
0.000
0.010
1.509
3.341
1.835
5.131
2.721
9.177
0.180
7.910
9.386
8.381
3.080
3.668
1.723
3.399
1.047
5.267
7.100
4.031
0.000
0.762
11.996
5.569
7.450
13.870
18.563
5.466
2.341
6.427
9.836
1.751
7.670
0.395
2.606
0.000
16.068
12.255
7.208
8.405
6.798
20.963
13.355
8.441
8.006
3.248
1.876
4.034
6.165
15.958
1.790
3.275
2.901
1.790
4.106
4.398
0.273
2.087
7.249
2.091
1.214
6.983
7.251
7.939
1.703
13.374
13.046
11.879
4.530
4.140
12.523
8.417
4.845
0.240
1.410
5.673
24.172
3.684
3.405
5.800
1.577
1.286
0.185
0.000
1.923
4.665
1.088
0.863
1.488
0.141
0.973
0.158
0.000
0.000
0.027
0.000
0.000
0.773
3.338
7.867
28.132
10.967
9.719
13.231
6.020
4.346
0.177
2.819
4.731
2.827
4.781
2.808
4.563
4.072
4.932
5.728
5.042
3.498
2.166
2.714
7.351
4.062
0.079
0.702
0.082
0.156
0.086
1.025
0.093
0.000
0.000
0.000
3.474
0.038
0.278
0.000
0.000
0.000
0.000
2.386
0.669
1.789
10.682
7.845
5.340
0.726
2.522
1.754
11.209
9.574
3.219
1.795
5.511
1.780
10.028
13.645
17.707
16.816
3.764
5.186
4.923
9.529
5.056
3.356
4.267
18.214
1.784
2.650
2.808
1.892
6.678
1.959
0.718
0.000
0.000
3.698
0.168
0.621
0.244
0.415
1.040
0.192
6.655
7.508
6.154
1.796
0.494
7.965
12.092
19.233
18.007
32.949
4.961
1.171
4.810
7.035
8.229
7.172
11.531
12.758
17.618
5.483
8.188
7.627
0.350
0.000
0.000
1.511
2.712
5.771
7.165
6.018
7.103
9.016
8.583
8.683
7.629
57.160
6.626
25.196
5.620
6.310
6.152
21.598
42.939
24.984
29.989
11.484
10.276
15.247
57.019
4.473
28.758
18.134
9.943
3.176
13.173
8.538
10.056
16.607
19.398
1.102
0.007
0.093
0.000
1.301
3.426
6.200
0.762
0.000
0.872
2.362
5.531
0.257
4.431
6.921
6.602
0.858
0.045
3.916
5.021
5.720
1.205
0.031
0.000
0.977
4.719
1.538
9.833
7.545
7.527
5.912
7.543
2.503
0.007
0.192
0.017
0.000
0.000
0.548
1.904
2.764
0.127
0.206
0.158
0.055
0.659
0.000
0.994
1.694
0.213
0.829
5.337
10.054
4.513
0.554
6.139
8.632
5.176
0.929
4.111
4.970
0.575
0.874
0.220
8.993
1.124
0.003
0.954
2.757
1.856
0.234
0.014
3.275
2.062
0.000
0.719
0.457
0.000
0.000
2.372
2.177
0.151
0.000
1.610
0.144
0.055
0.288
0.000
0.254
1.202
0.608
3.262
8.010
0.711
0.038
0.000
0.000
0.000
0.000
0.000
0.000
1.270
2.616
10.633
2.824
2.671
6.928
2.551
8.720
10.545
3.912
0.103
0.007
0.046
2.863
2.271
0.191
8.890
1.370
3.924
7.067
1.933
1.015
0.177
0.058
0.000
0.007
4.537
1.274
0.718
6.702
5.385
1.090
0.992
4.523
5.545
5.531
1.967
6.557
5.751
6.183
3.900
10.368
36.444
5.473
3.419
0.017
9.393
13.795
4.630
7.570
10.176
9.544
12.071
6.520
10.221
3.780
4.247
13.479
8.490
3.162
11.266
8.705
0.003
0.175
0.920
9.138
20.895
7.697
32.895
5.186
22.610
2.608
2.645
1.369
5.624
0.498
2.923
0.324
0.084
0.692
0.120
0.000
0.000
0.007
0.000
0.323
0.161
0.639
6.518
0.748
4.312
44.515
4.861
3.138
10.248
1.618
5.089
8.853
6.166
8.885
6.805
5.390
24.757
7.495
6.451
3.416
2.929
9.826
7.852
6.853
0.134
0.100
0.000
0.000
0.000
0.000
0.000
0.000
0.000
0.000
0.000
0.927
2.541
2.293
1.025
2.712
2.331
3.248
8.753
6.976
19.156
0.599
2.141
1.336
2.340
3.799
5.910
2.513
0.704
2.015
4.429
14.912
14.481
24.227
1.804
6.076
0.106
3.770
4.982
0.445
0.292
0.415
0.048
0.000
0.000
0.000
0.000
0.053
0.007
0.000
0.158
0.220
3.385
21.392
1.507
0.728
0.494
0.154
1.868
0.330
1.682
1.821
2.743
2.891
5.256
4.930
5.088
7.011
8.429
3.869
16.720
5.184
0.017
0.000
0.000
0.000
1.566
0.309
1.366
7.647
3.117
32.009
9.214
5.628
19.427
7.450
6.578
12.864
8.755
6.309
8.405
18.766
4.788
5.409
6.079
3.325
0.285
0.000
0.000
0.003
0.000
6.357
6.024
8.973
9.390
40.098
13.831
4.631
25.265
15.516
5.603
6.417
0.546
0.759
0.007
7.824
5.182
5.651
5.857
8.944
6.516
21.219
22.103
10.688
5.960
14.347
4.896
8.195
4.690
6.025
1.239
5.237
3.701
1.964
0.000
7.330
14.720
8.655
3.255
5.043
9.562
25.468
7.447
2.441
10.423
11.034
2.390
0.336
5.229
9.081
7.852
5.194
1.227
3.825
7.145
2.802
4.357
7.927
15.863
13.180
7.285
5.720
6.053
9.177
8.760
0.388
0.000
0.000
0.347
1.088
3.852
7.419
9.136
9.448
7.920
4.556
2.685
0.124
1.964
2.022
0.494
0.000
0.000
2.929
2.596
3.804
0.597
6.466
2.202
2.935
0.443
7.110
3.596
2.977
6.145
2.609
2.321
2.709
4.182
0.903
2.156
1.574
2.448
2.038
7.347
4.542
3.370
4.571
2.635
0.031
0.596
6.228
3.498
0.426
0.903
0.000
0.000
0.000
0.079
0.000
0.000
0.000
0.000
0.177
0.093
1.203
1.116
0.021
0.858
0.656
4.098
14.964
6.652
0.412
0.045
0.003
0.076
1.217
4.645
1.796
2.801
0.486
0.163
0.230
0.000
0.000
0.000
0.000
0.397
1.791
0.161
1.404
0.879
1.959
0.132
0.000
0.000
0.000
0.417
0.062
0.000
0.096
0.079
0.000
0.000
0.021
2.812
0.223
1.473
0.089
0.000
0.000
0.000
0.000
0.000
0.000
2.662
6.638
2.767
8.377
9.043
6.214
6.197
7.836
4.075
3.900
6.060
2.141
4.563
2.760
1.425
4.106
3.234
3.416
4.676
2.980
0.388
0.879
3.378
8.940
6.073
1.408
4.020
8.274
0.316
4.257
0.007
0.000
0.264
6.255
4.161
0.007
0.000
0.000
0.027
0.000
0.563
0.000
3.244
0.848
1.638
0.896
0.172
1.710
4.020
2.678
5.867
4.415
2.606
14.711
4.758
3.574
8.693
9.919
4.700
5.685
8.614
6.952
5.292
10.494
6.887
4.436
2.431
0.494
2.022
12.282
4.118
4.456
2.072
1.741
0.347
0.551
0.000
0.000
0.000
4.494
0.373
3.111
4.088
0.088
0.000
0.000
0.694
0.867
0.007
0.429
2.901
3.995
16.978
16.386
8.549
16.243
5.510
1.064
1.433
6.092
3.759
0.526
0.003
0.003
1.045
0.273
0.316
0.014
0.000
0.000
3.383
1.838
0.031
0.000
0.302
0.086
0.017
0.000
0.000
0.000
0.094
0.821
6.033
0.101
0.027
0.021
0.000
0.000
0.000
0.000
0.000
0.000
3.807
1.080
0.149
0.076
0.184
2.105
5.243
2.656
5.534
0.388
4.134
2.187
0.021
0.003
0.048
0.000
2.288
4.130
8.641
11.668
7.385
0.014
0.000
0.355
0.093
0.000
0.000
0.010
5.795
6.042
0.573
0.000
0.000
0.024
2.057
0.000
0.486
4.383
0.027
0.000
1.349
3.823
0.376
0.251
0.007
0.000
0.000
0.000
1.687
5.109
5.443
6.195
2.110
0.252
0.000
0.000
1.607
7.601
1.028
1.253
0.254
3.457
2.022
0.324
0.000
1.905
1.866
7.725
8.343
6.592
6.355
4.796
3.979
0.755
2.757
0.230
1.469
3.069
3.001
6.882
6.690
6.418
6.521
12.679
31.428
10.904
9.551
4.841
3.761
3.656
0.278
4.976
4.679
1.868
0.316
11.783
6.386
7.656
7.627
0.683
6.418
4.770
2.513
3.783
11.570
7.100
0.034
0.000
0.000
0.007
0.000
3.948
9.939
6.503
2.192
8.346
1.018
1.121
4.518
0.996
19.121
5.601
0.699
0.000
5.596
9.929
17.819
4.074
2.956
4.239
8.041
7.242
6.202
0.491
1.011
4.204
1.432
0.304
0.000
0.000
1.578
0.000
0.000
0.000
0.000
0.165
0.735
0.748
0.247
0.000
0.000
0.000
0.000
0.000
0.542
1.317
0.584
0.312
0.043
0.000
0.000
0.000
0.000
0.000
0.275
0.014
0.000
0.120
0.000
1.136
1.861
1.971
1.703
0.539
2.781
0.388
0.000
0.000
0.000
0.000
0.402
0.000
0.000
0.000
0.000
0.024
0.982
0.021
0.000
2.486
0.349
0.345
0.985
0.154
0.000
0.000
0.875
0.151
0.024
2.105
0.335
0.220
3.174
4.307
0.536
7.665
3.497
0.144
0.000
0.000
0.000
0.000
0.439
0.000
0.000
0.391
0.142
0.724
2.661
2.917
1.698
0.177
0.268
1.794
4.003
0.718
0.096
0.494
0.000
0.615
0.177
0.000
0.294
4.189
0.565
4.147
3.133
0.370
7.171
0.741
0.391
2.860
1.571
3.943
11.524
6.029
0.053
2.736
0.179
0.000
0.000
3.159
4.155
0.342
0.000
6.523
4.398
1.588
3.433
0.017
0.000
0.360
3.064
0.397
0.000
0.000
0.113
1.030
0.352
3.059
0.027
0.000
5.279
7.250
3.588
0.000
0.000
0.000
8.078
15.020
2.225
0.000
0.000
1.517
2.723
5.260
24.403
14.715
4.762
5.873
9.108
1.667
2.994
8.550
5.316
5.019
1.057
4.484
11.371
13.321
8.710
3.560
7.848
1.495
8.332
2.208
16.459
11.465
2.970
4.601
1.521
2.973
22.876
2.194
9.088
35.596
19.357
4.676
10.966
8.643
7.790
2.771
3.814
4.922
1.488
0.340
1.638
1.919
5.588
1.320
0.282
0.148
0.017
0.017
0.045
0.000
0.000
0.000
0.000
2.925
0.728
3.567
3.588
0.000
0.000
0.000
0.000
0.367
0.532
0.697
1.933
2.764
1.349
1.631
0.192
1.576
2.941
7.764
2.249
5.718
4.528
6.029
7.388
1.147
0.000
0.000
0.000
0.000
0.000
0.000
0.038
0.278
1.497
5.004
5.504
26.117
0.452
1.157
0.089
2.309
0.665
0.000
0.000
1.349
3.646
2.487
2.494
0.738
0.000
1.363
0.270
1.820
1.313
3.062
2.765
0.000
0.007
0.093
13.132
17.808
1.368
1.088
4.808
0.488
0.450
0.743
0.348
1.769
0.430
0.503
6.491
3.483
0.144
0.000
0.000
0.000
0.799
8.886
5.704
62.056
7.958
12.368
12.209
18.460
9.500
20.031
44.816
7.181
5.600
3.099
7.100
2.319
7.713
11.645
7.459
13.067
12.100
11.613
3.469
8.453
7.761
8.260
9.141
15.232
38.959
6.569
7.527
28.444
4.201
4.688
12.301
7.866
4.317
4.269
3.622
0.491
0.863
3.311
9.320
8.148
24.606
30.053
0.275
0.745
3.886
5.411
7.701
36.900
2.249
1.916
3.574
9.991
2.125
3.835
2.644
38.267
5.502
5.459
0.000
6.080
0.282
7.546
9.132
11.481
2.554
5.788
5.977
13.156
4.552
2.482
11.261
4.954
5.177
1.456
0.000
0.000
0.000
0.003
0.014
0.000
0.000
0.000
0.000
0.000
0.000
0.000
1.380
0.158
0.000
0.031
0.000
0.000
0.000
0.129
2.280
7.042
0.316
0.000
1.772
0.469
4.879
0.637
0.000
4.827
3.912
11.028
5.509
0.271
0.000
0.000
0.000
0.000
0.694
0.627
2.273
0.161
0.007
0.453
1.830
1.806
0.197
0.000
0.172
0.069
0.000
0.017
0.577
1.222
0.348
0.000
0.235
0.014
1.468
0.000
0.355
0.007
0.097
0.000
0.000
0.000
0.000
0.972
0.748
2.081
0.546
0.000
0.027
0.136
0.000
0.000
0.221
0.096
0.821
0.000
0.058
0.000
0.000
1.013
3.948
0.937
2.014
5.840
1.715
1.317
2.479
7.594
1.239
0.724
2.846
0.635
4.494
1.250
1.528
0.776
1.559
0.841
1.119
7.344
3.928
9.029
3.560
3.646
7.220
1.830
0.000
0.000
0.117
2.657
7.430
1.978
0.027
0.580
0.000
6.269
3.845
8.998
1.408
0.292
1.456
0.014
0.000
0.086
0.172
4.501
2.194
3.914
0.364
0.000
0.021
4.012
3.571
1.741
3.612
5.490
15.491
10.464
1.425
0.000
1.322
2.630
0.000
0.000
0.000
2.606
9.424
10.063
10.361
8.046
4.405
1.442
5.891
1.195
6.163
9.836
3.368
0.000
4.154
2.115
9.153
15.307
12.821
6.444
5.241
2.132
4.825
3.577
6.657
5.397
4.789
24.482
1.596
3.821
19.607
12.018
47.897
9.816
3.387
4.477
6.947
7.072
8.315
5.630
5.757
0.462
0.000
2.450
1.166
10.485
22.458
4.374
3.912
2.070
7.816
5.321
6.173
2.185
0.120
0.021
0.594
3.504
0.491
1.912
0.348
0.000
0.137
0.048
0.130
0.000
0.000
0.000
6.660
11.604
0.990
0.134
5.915
31.232
0.949
1.967
0.474
0.130
0.000
3.433
7.203
4.058
4.017
0.941
0.522
0.010
0.908
0.199
0.000
0.086
0.000
0.000
0.041
4.135
6.846
9.616
16.449
7.351
10.446
10.324
2.108
0.580
5.177
1.916
2.561
7.457
6.118
1.061
1.487
4.820
3.196
2.510
7.951
4.704
2.880
0.000
1.136
7.148
15.801
27.902
4.089
5.229
5.146
11.227
14.964
7.572
7.932
7.536
2.441
7.035
5.859
2.880
3.680
1.315
1.123
5.074
9.285
9.946
18.855
6.777
5.116
3.557
0.168
11.635
3.430
5.620
8.233
6.585
2.922
1.027
4.597
8.065
58.300
22.429
3.663
7.553
9.826
6.777
10.833
13.024
14.631
10.851
8.210
12.159
34.933
3.461
5.035
9.977
31.102
20.355
1.210
2.026
6.145
40.834
29.493
5.325
0.247
0.120
2.372
0.127
6.182
6.303
7.464
11.646
12.657
9.853
7.091
4.098
2.546
3.406
4.403
2.616
3.917
10.226
5.253
0.647
8.142
0.680
1.370
5.173
0.857
0.473
0.163
1.024
0.508
12.708
10.699
5.105
0.886
7.593
9.019
21.980
1.715
10.115
7.766
4.094
0.216
5.260
0.522
5.212
0.889
12.696
2.565
6.956
0.848
0.525
0.371
3.189
0.388
0.000
0.656
1.229
0.000
0.172
1.119
1.536
4.755
0.958
0.508
0.127
0.000
3.104
3.711
1.123
0.051
6.801
0.508
0.062
0.072
1.475
0.731
0.058
6.248
1.155
0.024
0.668
0.072
0.000
0.000
0.000
0.000
0.000
0.000
0.292
0.989
0.189
0.287
0.000
6.769
1.418
0.000
0.148
0.024
5.744
1.102
0.203
0.367
0.045
1.274
0.000
0.000
1.227
0.112
4.034
2.341
0.228
7.608
1.028
0.000
0.422
1.777
0.407
4.183
1.366
0.014
1.931
0.759
0.086
0.000
0.034
1.653
0.726
2.453
0.079
0.014
0.457
0.079
2.920
0.680
0.697
2.063
0.055
1.912
0.582
1.126
5.292
0.702
3.697
0.062
0.778
0.500
3.341
0.690
0.000
6.669
1.447
0.000
1.327
0.191
3.462
0.192
3.782
16.049
3.026
16.078
0.968
5.589
1.742
13.493
8.315
0.757
3.442
1.758
1.078
2.436
0.318
0.839
5.656
1.749
6.549
1.454
0.558
3.322
9.052
4.914
4.932
20.453
20.891
6.212
4.163
2.927
0.718
6.879
6.525
5.116
4.379
5.704
9.404
0.362
3.368
4.904
0.594
2.283
11.098
20.520
11.172
8.534
3.801
1.011
3.612
3.814
0.000
6.564
1.317
0.867
2.398
2.687
5.740
5.601
6.763
16.841
18.565
6.291
9.765
3.113
13.148
4.350
10.853
1.552
5.879
4.305
6.513
13.249
6.729
4.477
4.177
0.443
0.000
0.000
0.000
0.000
0.000
5.239
2.582
0.182
0.117
0.000
0.000
0.000
0.048
3.183
6.278
2.764
17.945
2.887
5.994
8.925
6.339
0.637
0.000
0.041
0.010
0.000
0.000
0.000
0.941
0.158
0.021
3.558
0.784
0.508
1.689
1.356
2.110
0.000
0.000
0.000
0.000
0.032
0.038
0.251
0.027
0.994
0.120
0.007
0.000
0.000
0.000
0.000
0.000
0.724
5.934
0.314
0.000
0.000
5.332
1.603
0.683
0.082
1.301
0.282
0.000
0.000
0.000
0.000
0.000
0.000
0.000
0.048
0.000
0.003
4.058
11.838
2.709
1.071
3.849
5.897
4.027
7.725
2.565
2.008
4.450
0.362
2.649
2.624
5.809
4.274
8.020
5.533
7.598
8.938
19.690
0.652
0.350
1.024
5.591
2.312
1.087
10.087
19.768
12.615
21.156
17.798
4.460
0.324
9.455
8.282
9.376
20.912
3.692
7.412
14.059
13.081
9.714
6.477
8.762
4.992
7.186
12.902
8.465
6.159
5.658
2.458
10.722
15.257
4.927
7.048
6.750
11.000
11.666
21.883
22.999
15.068
3.849
1.669
5.699
1.246
3.814
7.845
25.790
7.072
10.533
3.557
1.940
2.726
12.500
17.801
1.480
4.233
5.926
0.632
3.152
12.016
8.659
0.549
8.961
2.427
6.966
9.349
14.962
11.527
24.936
5.023
10.210
1.590
11.659
7.941
8.906
8.799
3.028
8.971
7.718
7.611
3.318
5.176
2.686
5.194
16.974
6.238
0.948
0.000
0.000
4.768
1.058
5.799
4.281
3.292
13.314
3.651
4.219
1.051
5.145
3.818
1.814
8.832
5.232
2.144
0.000
2.697
2.443
1.354
5.414
2.122
2.626
1.802
4.288
2.613
4.219
0.415
0.000
0.405
2.860
1.411
1.497
0.130
1.607
3.732
2.699
0.834
6.897
4.570
3.976
11.450
7.361
9.613
6.206
5.843
16.050
12.018
9.091
7.696
7.557
1.236
3.907
3.728
11.498
8.022
8.157
0.460
0.000
0.000
1.251
8.540
5.457
1.001
0.946
1.681
4.779
6.384
8.368
8.212
5.304
1.052
0.920
4.314
5.905
2.671
4.757
11.264
4.367
3.165
0.544
0.072
0.000
0.000
0.000
0.000
0.189
1.763
0.549
1.562
1.895
10.499
4.861
5.905
0.896
4.944
3.183
2.077
5.160
2.228
1.439
1.071
0.257
7.035
12.954
2.197
0.103
0.000
3.753
3.217
6.630
0.745
2.261
4.944
4.422
0.010
0.000
8.576
7.536
2.328
7.613
10.459
5.552
8.562
5.838
8.098
6.393
5.861
7.114
11.922
18.115
23.248
3.538
1.155
2.551
1.212
4.484
8.097
4.432
6.966
1.013
0.369
1.658
4.346
0.438
9.738
6.266
16.797
11.349
3.739
4.851
1.617
5.468
9.616
5.622
26.753
5.658
18.267
3.296
9.811
20.376
2.958
4.724
10.246
15.944
27.016
2.559
4.427
5.179
10.781
2.724
0.082
1.078
4.468
10.836
2.451
8.094
25.471
8.434
12.032
5.226
0.556
1.542
6.914
17.007
0.897
5.123
5.164
6.166
6.726
8.796
0.975
6.590
2.393
0.764
9.740
6.266
13.170
17.046
3.583
6.195
1.956
2.999
0.427
0.316
0.000
0.738
2.386
4.693
0.577
0.082
0.402
1.408
4.089
0.179
0.000
1.578
1.509
2.692
3.092
7.224
17.291
5.545
4.786
12.425
4.240
1.294
5.564
5.119
12.064
0.007
0.591
2.995
5.146
6.753
11.508
6.199
3.423
3.620
5.009
5.340
16.982
3.915
5.428
4.956
12.581
11.975
0.637
4.294
4.218
5.531
5.498
7.133
12.262
10.274
2.326
4.666
8.041
7.632
5.540
0.187
3.136
6.010
5.610
8.372
15.813
5.911
7.367
9.721
15.578
10.882
24.944
44.079
8.755
40.237
6.875
9.180
10.169
13.021
18.026
4.269
8.681
0.110
0.290
2.357
3.742
8.249
11.561
8.822
2.228
7.163
18.450
14.559
13.570
8.518
10.789
11.326
5.696
12.229
7.910
9.488
13.400
17.408
5.622
4.055
5.819
12.270
8.128
11.948
2.309
3.409
3.234
6.695
7.033
3.571
5.643
17.808
7.632
29.117
28.800
22.680
3.517
2.908
7.031
0.961
12.100
7.224
3.766
7.684
3.565
7.339
2.199
1.531
3.898
2.238
2.714
10.578
5.847
0.500
6.182
3.167
1.792
3.828
8.372
9.337
3.947
9.623
5.311
7.351
0.127
5.729
0.997
0.460
4.666
11.127
3.442
10.203
2.280
2.935
8.729
7.383
2.997
1.808
5.521
0.506
1.603
0.000
2.753
5.754
4.975
5.945
0.609
4.113
2.705
1.720
1.119
2.626
1.243
5.713
0.211
2.044
0.251
5.055
5.591
16.419
11.373
2.302
0.371
1.600
5.953
1.133
0.127
1.847
3.468
2.692
5.922
4.010
1.627
1.466
4.765
0.106
5.737
2.273
0.954
0.000
0.000
0.350
0.000
0.000
0.254
3.557
7.660
10.210
5.534
0.549
0.120
1.535
1.830
0.007
0.918
2.420
1.081
0.264
6.345
2.168
0.292
3.339
2.875
0.611
0.003
0.142
0.000
0.000
0.000
4.298
2.558
3.485
3.311
0.958
1.890
1.078
5.114
6.216
17.932
16.623
31.048
0.000
1.588
3.805
7.541
4.201
4.910
1.826
3.012
5.439
11.245
6.628
1.374
0.000
2.462
0.000
0.000
5.656
5.682
0.738
0.021
2.529
3.975
6.418
0.142
0.000
0.137
1.911
1.551
0.176
3.169
2.008
4.856
0.572
0.000
0.385
0.000
13.700
16.457
14.871
14.610
4.170
4.990
2.118
2.374
2.958
2.422
24.397
30.559
4.458
8.446
11.889
8.882
5.659
5.049
3.543
0.154
1.320
3.880
0.628
4.046
3.006
0.130
6.279
5.251
12.662
6.733
0.079
0.000
0.000
0.000
1.923
2.371
2.506
0.031
2.808
0.412
3.852
4.580
8.096
22.395
15.573
1.191
0.978
0.000
0.597
2.245
1.140
0.481
8.964
4.405
4.590
1.919
3.432
4.231
5.931
1.064
1.262
1.734
3.686
2.550
2.525
0.951
3.753
12.640
6.470
0.172
1.801
1.971
2.434
0.409
0.000
0.000
0.000
0.000
0.046
0.000
0.000
0.000
0.000
0.000
0.694
0.453
1.225
4.749
5.875
4.645
10.080
5.713
2.400
2.197
6.298
3.076
2.285
1.123
4.786
1.257
3.509
0.850
0.086
1.449
3.979
3.811
4.885
9.409
2.125
4.099
0.920
7.740
17.988
3.054
4.357
14.699
0.929
1.730
2.311
3.656
7.103
4.149
7.474
10.516
29.426
18.993
5.977
9.946
12.044
8.985
6.376
4.092
12.902
3.310
3.728
1.885
6.643
0.597
0.000
0.000
0.000
0.000
0.000
1.188
0.378
0.158
0.113
0.742
3.622
4.659
1.399
0.052
0.139
0.000
0.000
0.000
0.000
0.003
0.000
0.678
0.000
1.150
0.819
3.219
9.446
11.663
12.931
6.218
7.893
5.692
7.538
0.937
1.003
6.376
4.461
6.896
2.626
7.126
3.703
12.133
2.892
2.353
0.845
2.640
3.435
1.169
1.238
0.476
0.007
2.233
4.873
4.748
2.922
2.669
4.068
2.810
10.004
42.727
6.995
5.550
13.288
10.300
11.219
10.682
8.164
5.119
2.008
0.000
0.000
0.158
0.000
1.282
0.141
0.110
8.825
2.292
0.000
3.874
5.861
3.861
3.507
4.844
4.288
4.334
0.857
0.189
0.151
0.113
0.000
2.185
2.099
1.672
0.240
6.982
12.336
9.065
2.632
2.616
1.476
1.337
2.168
3.814
0.194
1.904
3.416
4.846
5.886
11.228
9.383
6.753
8.571
5.867
8.535
0.362
0.635
0.984
0.154
0.000
1.703
0.050
0.000
0.000
0.021
2.644
4.135
9.483
19.930
0.000
0.000
0.000
1.548
0.000
0.000
0.000
0.000
0.000
0.038
0.786
0.103
0.000
0.000
0.079
0.021
1.929
0.062
0.010
0.000
0.124
0.000
0.000
0.000
0.000
0.000
0.000
0.000
0.000
1.854
2.129
0.333
0.120
1.219
0.000
0.079
0.000
0.000
0.000
0.000
0.000
0.000
0.000
0.000
0.000
0.000
0.203
0.000
0.000
0.000
0.000
0.585
4.726
0.680
0.000
0.000
0.000
0.065
2.139
3.562
0.759
0.000
0.000
0.000
0.433
0.254
0.000
0.474
1.442
3.859
10.028
4.473
3.934
35.335
0.072
0.630
2.908
3.159
0.106
0.000
0.000
0.000
0.000
7.824
6.908
6.049
4.673
4.607
9.012
6.245
0.704
1.785
0.436
1.401
0.003
2.264
11.865
2.275
0.240
0.014
0.000
0.000
4.388
6.707
11.079
6.566
7.729
0.791
6.345
2.261
9.319
17.525
7.854
7.430
2.954
4.191
7.792
7.447
5.059
7.708
7.946
9.189
10.602
4.065
4.582
3.953
0.783
3.876
0.266
1.246
2.230
0.134
0.093
4.187
0.069
5.845
15.450
8.278
1.535
16.294
3.948
1.128
4.150
9.860
14.941
11.651
5.663
3.830
1.875
9.076
5.460
6.362
3.169
8.966
5.577
2.602
9.524
3.989
3.868
0.000
0.000
0.000
0.000
0.151
0.000
0.132
0.000
0.000
1.222
4.348
25.229
0.062
0.252
0.331
0.038
0.163
0.000
0.000
0.000
0.000
0.000
0.000
0.000
0.000
0.000
0.000
0.000
0.000
0.000
0.000
0.000
0.024
5.909
4.419
6.842
0.113
0.000
0.000
0.000
0.508
0.000
1.239
4.309
0.691
0.089
0.014
0.000
0.000
0.000
0.000
0.000
0.000
0.000
0.048
0.000
0.007
0.000
0.000
0.007
0.000
0.010
0.007
10.981
1.620
5.399
3.540
0.376
3.505
2.127
5.701
7.266
3.932
0.039
0.000
0.000
0.000
0.127
0.666
0.014
1.497
0.168
0.673
0.089
3.905
6.137
4.113
2.661
2.651
1.959
1.370
0.010
6.683
8.447
4.000
9.843
13.331
0.481
0.249
1.641
4.601
6.966
8.901
1.519
2.223
2.412
8.137
3.059
8.557
7.158
8.081
11.788
30.169
15.570
3.284
6.990
36.724
18.194
3.347
7.388
6.238
5.534
8.707
7.903
9.503
4.724
14.457
8.353
4.580
6.482
42.891
3.838
3.419
8.837
44.438
7.114
9.829
5.459
6.959
18.591
9.249
11.402
11.944
14.359
14.574
7.766
7.567
7.728
10.530
4.168
4.916
5.260
20.026
14.615
9.163
35.668
12.160
6.475
4.247
13.005
1.239
1.717
6.218
3.464
7.296
0.240
0.000
3.790
6.115
2.729
7.011
9.685
9.829
2.530
8.635
9.369
11.948
4.223
1.698
5.605
5.497
7.447
6.856
6.841
0.427
8.030
3.856
1.282
0.000
0.302
0.168
0.815
0.733
2.836
0.034
0.000
0.925
0.122
0.639
6.904
2.832
1.835
1.267
2.637
2.407
1.876
0.348
0.000
0.000
0.000
0.306
3.701
13.249
9.469
6.008
3.080
11.646
6.626
1.651
3.797
4.793
0.110
0.024
0.645
1.596
4.202
3.522
1.270
0.021
2.311
4.062
1.318
3.186
5.871
6.379
5.675
5.960
3.485
5.246
4.683
0.797
2.211
0.051
0.017
4.556
12.524
9.544
0.506
1.835
2.812
0.371
0.038
5.280
5.720
4.652
0.587
2.307
0.112
0.922
9.499
3.002
0.000
0.458
0.630
8.320
9.833
1.399
0.051
1.586
1.140
3.509
0.954
1.610
6.482
2.630
0.759
0.172
2.568
12.221
7.035
1.823
1.909
3.481
7.210
3.217
0.591
4.113
2.250
4.791
2.549
3.193
4.249
5.198
12.075
4.990
0.795
0.803
2.923
3.303
3.026
0.810
0.101
2.932
4.824
6.746
5.115
3.588
14.668
2.980
4.333
0.000
0.000
0.000
4.463
7.778
1.802
2.063
6.456
4.716
10.609
3.777
4.195
3.033
3.488
2.304
2.822
4.012
5.965
31.309
2.434
5.411
10.579
5.091
5.572
8.470
7.143
64.517
7.553
42.981
5.006
23.368
9.081
17.575
15.499
10.557
17.839
3.334
12.966
5.818
0.161
7.150
14.438
6.702
15.861
10.236
4.766
0.321
5.033
1.948
0.460
0.436
1.150
5.672
0.805
1.631
2.251
5.752
33.651
10.040
2.371
0.385
2.381
8.635
6.908
7.076
3.212
5.840
1.820
4.978
5.943
3.916
12.339
6.748
7.254
2.867
0.106
3.713
9.970
8.407
3.753
5.490
5.612
6.633
8.207
13.850
8.909
6.180
12.459
5.225
3.543
4.992
4.470
3.337
4.388
14.365
1.164
3.595
4.005
15.403
5.785
3.001
4.812
10.993
1.954
3.316
6.321
6.990
8.209
7.975
8.614
11.673
0.014
1.974
3.210
7.581
6.008
9.785
4.000
8.789
6.121
5.174
0.484
2.565
8.195
7.460
6.204
20.599
68.378
9.421
16.661
64.399
5.593
11.088
13.764
9.510
63.425
9.016
13.316
4.101
3.141
4.343
4.968
6.547
9.084
8.075
5.998
8.133
4.623
13.259
6.178
25.568
3.433
0.565
1.336
5.474
5.861
33.668
9.865
32.865
4.576
5.447
6.406
11.002
4.966
3.915
7.902
3.200
4.580
1.701
14.634
13.288
8.588
16.552
10.015
14.341
11.426
54.012
9.644
49.260
11.270
40.711
9.939
19.921
3.488
2.163
13.572
7.890
10.013
1.112
0.017
0.000
0.635
0.079
1.517
3.770
6.499
11.646
4.625
4.237
13.966
5.026
11.800
11.330
16.110
9.694
14.959
7.546
10.914
18.170
11.776
4.075
34.976
17.949
13.802
4.861
13.034
11.888
7.852
1.854
0.158
0.000
1.576
7.139
2.256
2.689
0.191
0.000
0.000
0.000
2.218
0.086
10.111
9.471
8.368
4.616
2.694
0.216
6.260
9.236
4.235
2.081
7.901
6.235
2.702
6.421
5.178
4.051
7.972
4.225
7.011
2.796
5.304
1.828
3.747
5.608
1.784
0.189
0.822
2.352
6.796
12.488
9.165
5.097
1.861
0.954
1.928
6.918
1.246
0.000
0.096
3.715
0.625
0.038
0.000
0.000
0.460
0.051
0.000
0.000
0.000
0.000
0.000
0.000
0.000
0.000
1.682
2.898
0.395
0.000
0.529
2.487
0.433
0.264
0.000
1.632
0.422
2.657
6.077
0.254
0.000
3.289
7.048
1.991
0.697
0.000
0.457
0.014
4.721
1.212
0.000
0.034
3.347
0.742
0.254
0.045
5.737
2.276
7.103
3.282
3.934
10.214
2.527
0.611
0.106
1.851
0.350
5.081
0.429
6.755
1.030
2.050
4.257
8.487
2.211
6.534
1.263
9.618
14.353
2.841
4.283
5.730
2.553
5.031
0.227
0.000
0.388
1.162
3.984
13.538
7.917
36.676
4.249
14.535
17.388
8.986
4.946
6.360
11.057
7.335
4.671
7.421
3.361
7.229
4.549
4.970
7.421
13.944
6.569
0.233
0.000
7.512
7.666
5.731
9.686
1.184
8.123
6.588
3.785
7.519
2.835
1.413
2.269
7.069
1.770
10.305
11.582
0.738
9.879
16.289
13.395
5.351
7.149
3.438
9.679
5.106
6.704
12.089
7.233
3.616
5.344
0.451
1.682
0.494
6.209
16.442
5.371
8.813
1.433
0.422
8.041
22.381
9.976
11.376
5.406
0.112
1.607
3.658
4.837
1.974
8.166
12.593
22.216
6.231
6.813
2.541
4.017
0.718
5.009
5.816
8.192
10.585
30.971
4.807
21.107
7.416
5.273
6.012
1.054
38.559
11.748
13.613
26.989
2.170
6.585
2.832
0.584
0.000
3.093
9.357
1.617
1.699
5.483
9.253
23.700
4.597
0.906
3.883
4.219
1.785
0.731
0.378
0.879
0.062
2.091
10.894
2.953
0.415
0.000
0.215
0.051
0.209
0.366
6.327
14.845
0.932
4.080
9.438
5.634
9.290
12.803
13.493
3.478
1.044
2.345
0.117
0.000
0.000
2.376
0.992
0.953
1.009
0.072
0.656
0.175
2.462
1.840
3.165
1.665
3.849
10.228
47.485
10.461
18.903
62.210
24.338
53.975
10.265
2.695
1.878
2.774
9.465
35.577
7.471
11.872
9.836
11.347
14.275
0.910
1.239
3.663
8.010
3.303
3.392
0.889
24.242
2.268
2.465
1.445
2.419
2.479
6.897
11.505
10.986
8.966
6.139
6.077
3.972
9.781
7.874
1.155
0.000
10.068
4.120
9.448
17.245
11.043
10.126
0.360
5.102
6.327
28.328
5.915
9.613
3.837
11.662
4.987
13.838
53.818
0.621
0.117
4.880
17.774
7.290
6.588
12.776
1.282
2.036
6.892
5.847
10.077
5.644
8.162
6.588
10.921
34.576
15.369
5.449
7.402
5.466
1.126
9.790
3.268
7.428
9.920
16.723
9.290
3.948
13.918
12.222
9.599
5.988
2.283
1.662
0.292
0.450
1.075
0.800
5.744
5.988
4.041
5.116
0.237
0.000
2.963
1.006
0.954
0.000
2.287
0.439
1.778
0.179
0.041
0.728
0.000
5.047
2.551
0.385
3.375
0.597
0.261
0.000
2.190
5.249
4.195
0.124
0.615
0.081
0.836
0.134
0.027
2.429
0.285
0.642
1.916
5.237
1.282
0.000
0.000
0.000
0.000
0.000
0.149
1.431
3.951
0.745
0.039
2.196
5.018
3.323
0.673
5.962
1.152
0.000
0.365
0.663
0.158
0.578
1.806
3.096
0.141
0.000
0.000
6.290
1.265
5.709
4.647
0.778
0.414
1.837
0.061
0.000
0.000
0.000
0.000
0.000
0.000
1.674
0.266
0.405
0.000
0.000
0.000
0.000
3.162
1.224
0.252
0.000
0.000
0.105
0.000
0.000
0.316
0.115
4.285
0.319
0.694
0.596
5.220
4.006
1.191
0.980
9.489
3.699
0.223
0.000
0.000
0.000
1.025
0.191
0.000
0.300
5.412
0.348
0.168
7.605
5.926
1.154
0.354
0.021
10.430
5.170
6.882
0.766
1.375
0.857
2.149
0.021
0.000
0.513
0.488
0.000
0.000
1.217
0.158
0.000
0.000
0.053
0.000
0.000
0.151
1.284
2.405
2.910
1.763
0.567
18.265
4.372
2.000
3.472
1.299
4.709
1.849
5.273
3.101
2.269
0.678
5.007
4.262
5.368
13.533
2.935
3.762
1.663
5.388
10.377
5.520
7.380
5.570
1.844
4.585
3.914
12.724
7.749
0.182
0.000
0.000
0.693
0.093
0.000
0.069
0.000
0.000
0.000
0.000
1.102
0.254
0.000
0.000
0.000
0.000
0.000
0.000
1.655
0.000
0.000
0.000
3.238
1.226
3.629
2.537
2.723
0.240
0.000
0.000
0.000
0.000
0.000
0.117
0.000
0.000
5.124
0.522
0.000
0.000
0.000
0.000
0.000
0.000
0.003
0.984
0.007
0.381
3.485
3.898
2.149
3.633
0.450
0.373
0.248
1.071
4.451
3.847
2.585
2.400
2.323
4.568
4.280
0.261
0.065
0.000
0.000
0.000
0.000
0.000
0.082
0.000
0.034
0.000
0.000
0.000
0.000
0.286
1.734
2.000
0.047
0.000
0.000
0.000
0.522
0.127
0.644
0.173
2.172
2.043
6.107
3.808
2.565
9.018
2.966
2.120
14.646
15.896
4.025
4.990
3.371
3.241
8.652
15.701
22.416
12.763
4.358
15.431
34.432
17.322
2.777
0.055
4.669
2.611
6.235
3.440
8.010
12.650
6.250
15.619
21.217
10.154
9.290
7.292
0.827
0.294
1.691
7.305
1.612
1.960
0.493
0.089
0.000
0.278
5.970
4.564
6.130
7.489
3.617
5.082
4.074
2.691
0.189
10.420
10.606
8.078
3.152
6.338
0.264
4.506
0.131
17.019
93.070
4.733
0.069
0.000
6.096
1.552
2.141
0.632
4.048
0.010
3.737
4.679
0.235
4.440
1.196
5.390
20.560
17.813
0.000
0.127
7.117
9.611
7.508
16.343
0.124
8.399
0.151
8.298
5.313
9.148
12.217
1.763
2.250
16.600
5.849
6.575
4.891
5.486
1.088
6.212
1.015
2.247
1.351
1.833
1.641
0.038
0.031
3.473
0.079
0.000
0.000
0.461
0.018
0.000
0.486
0.103
0.065
0.601
1.895
0.196
0.000
0.000
0.000
0.000
0.000
0.000
0.000
0.000
0.057
0.000
0.000
0.000
0.000
0.292
0.117
1.387
4.631
4.343
10.142
1.394
0.900
0.045
2.808
2.925
0.299
0.666
0.247
6.077
3.224
4.329
1.349
1.095
0.000
1.298
0.220
1.404
0.096
0.580
7.835
0.508
0.000
2.858
0.247
0.812
0.292
0.043
0.172
0.989
0.000
0.000
0.000
0.000
2.973
0.465
2.604
0.100
0.000
0.506
0.097
0.000
0.000
0.000
0.227
0.664
4.573
0.000
0.093
0.541
0.027
0.000
0.000
3.710
1.639
0.000
8.072
1.255
0.072
0.714
9.218
11.105
6.005
14.234
12.504
6.437
8.633
13.048
0.175
0.760
6.762
3.023
1.991
4.532
0.371
4.427
4.498
1.098
2.968
7.031
10.633
2.805
0.151
0.000
0.000
2.177
0.000
1.009
0.098
0.098
0.014
1.548
1.202
0.069
0.000
3.701
0.488
1.448
23.097
41.146
8.239
9.898
6.017
2.649
4.798
6.981
0.117
0.000
5.291
5.998
6.207
2.796
1.693
3.483
5.215
15.031
2.561
1.068
1.353
4.940
0.882
1.991
4.103
4.700
9.840
7.510
7.072
9.198
3.613
5.394
2.977
2.132
1.075
5.521
5.018
0.615
0.014
4.743
10.891
10.135
15.293
8.858
6.382
3.868
8.101
2.443
2.069
0.810
2.371
4.126
8.950
16.200
5.073
4.909
0.318
1.020
8.193
5.532
4.946
5.794
10.065
9.338
5.285
10.446
13.131
0.290
1.083
0.793
5.452
10.241
42.752
0.471
4.173
0.839
1.837
0.094
0.639
2.355
0.347
0.205
4.896
15.673
4.915
6.643
0.718
0.000
0.007
0.000
1.291
0.137
2.288
0.283
0.000
0.000
0.089
0.039
0.000
0.014
0.271
0.458
0.000
0.000
0.000
2.323
1.364
1.037
0.237
1.804
0.003
6.921
10.332
25.337
1.583
2.633
1.108
8.758
10.811
1.600
0.038
1.660
0.159
0.048
0.000
0.786
5.292
0.027
0.031
1.033
2.529
0.309
0.000
2.336
7.554
2.843
0.093
0.000
1.135
4.964
8.731
3.996
9.781
0.386
0.027
0.000
1.184
11.759
2.515
10.696
15.774
3.746
12.802
2.712
6.738
11.726
50.781
22.090
5.124
6.171
0.089
0.168
12.847
14.677
6.391
4.830
0.391
3.155
0.429
2.149
11.409
6.645
3.358
35.403
19.501
11.333
46.706
5.013
5.761
9.380
17.825
3.416
13.990
9.726
14.667
9.853
12.085
16.699
9.936
27.600
13.935
37.942
6.894
7.491
5.400
10.348
13.942
4.261
6.482
1.627
0.000
0.000
4.140
1.305
1.236
0.000
2.074
3.921
3.677
0.000
5.948
4.113
2.019
0.439
4.261
5.153
4.978
8.885
4.640
3.473
7.533
20.105
7.248
5.692
13.379
13.458
11.034
25.481
13.973
12.974
5.236
10.815
8.820
4.429
12.875
7.531
8.058
0.848
3.674
1.957
3.759
1.851
0.254
0.776
0.120
0.000
0.000
1.490
0.000
0.000
0.000
0.000
0.000
0.000
0.000
0.000
0.618
0.041
0.000
0.000
0.000
2.074
1.833
1.257
0.000
0.180
0.031
1.011
2.451
0.302
0.000
0.000
0.000
1.325
0.412
1.064
3.881
4.204
3.584
0.371
0.000
0.276
1.246
0.112
0.000
0.000
0.000
0.000
0.360
0.069
0.199
0.103
0.357
0.360
0.000
0.000
0.027
0.518
0.000
0.000
0.076
0.093
0.000
0.000
0.000
0.000
1.559
0.215
4.230
0.000
0.000
2.170
0.096
3.375
1.511
15.216
3.141
4.559
1.490
3.565
4.793
2.479
0.522
0.110
0.000
0.000
0.000
0.000
5.227
1.289
0.000
0.048
0.000
0.316
0.034
14.313
8.202
18.191
4.674
0.096
0.000
0.000
0.000
4.293
13.553
13.235
2.199
1.530
0.257
1.236
0.000
0.000
0.000
0.000
0.000
1.709
0.997
5.491
1.444
8.147
8.219
1.317
0.000
0.000
4.101
4.614
10.720
6.914
0.062
12.753
5.608
2.640
10.027
5.327
9.038
10.283
15.965
5.368
9.237
36.598
7.442
3.461
6.056
28.623
15.417
3.581
8.981
10.094
22.972
6.252
2.314
0.120
1.586
5.816
1.301
2.407
0.144
0.000
3.457
2.376
0.000
1.677
0.000
0.000
0.000
0.000
0.000
0.000
0.000
0.000
0.000
0.000
0.000
0.106
0.000
0.354
0.965
3.787
9.756
5.981
1.686
0.168
0.000
0.000
0.333
4.278
19.080
18.680
5.545
4.312
8.480
6.259
0.151
0.000
0.000
0.000
0.000
0.000
1.521
0.268
0.000
0.000
0.000
0.000
0.000
0.000
0.000
0.000
0.000
0.000
0.000
0.000
0.000
0.000
0.000
0.000
0.000
0.000
0.000
0.003
0.154
0.192
0.034
0.168
2.846
0.415
0.247
0.000
1.212
0.089
0.007
0.340
1.164
0.244
0.024
0.003
0.000
0.000
0.000
0.742
0.251
0.000
0.000
2.750
1.327
2.448
2.983
9.445
1.758
4.716
1.167
9.235
5.243
2.297
0.889
0.086
0.597
4.554
5.153
3.210
5.531
0.082
1.902
0.391
0.031
0.000
0.000
0.000
0.000
0.937
3.395
0.422
0.034
2.932
5.255
30.793
4.786
2.915
3.341
10.059
21.578
2.184
11.141
11.203
3.214
23.859
15.422
2.575
2.031
6.894
10.617
4.712
0.436
0.000
2.468
6.863
4.535
0.041
2.173
1.353
9.373
15.273
8.779
11.354
7.821
26.731
19.720
6.135
5.102
5.764
10.046
2.856
9.263
13.216
14.598
19.957
22.017
6.235
4.034
0.282
6.070
6.036
0.951
1.140
7.189
0.986
3.229
6.815
3.543
1.100
1.598
6.003
0.446
1.802
0.000
0.000
0.000
0.000
0.154
13.206
9.955
6.164
3.298
0.324
5.112
11.211
7.363
2.880
0.039
7.920
6.870
7.738
1.212
14.286
12.085
25.636
3.581
12.051
20.974
0.257
0.000
3.165
6.980
6.527
3.643
9.359
7.721
8.617
3.893
3.790
7.450
2.671
1.857
3.924
2.541
3.931
0.635
0.000
0.494
0.889
0.076
4.827
6.609
6.666
0.112
0.000
3.095
3.263
0.302
2.201
7.309
7.701
1.768
0.651
0.838
0.000
0.108
0.000
1.723
0.089
0.000
0.000
0.000
0.000
0.000
0.000
0.000
1.061
0.000
0.024
0.024
3.238
0.637
7.502
5.119
4.329
0.872
0.007
0.000
0.000
0.007
2.050
4.693
0.007
0.069
0.165
4.576
1.308
2.005
0.336
0.093
0.014
1.236
2.791
6.190
2.362
0.491
0.120
0.000
0.021
3.207
0.549
0.048
0.000
0.000
2.685
0.862
0.055
4.904
2.331
6.269
13.046
16.388
3.560
1.739
8.451
1.427
0.089
1.837
0.165
0.000
2.699
4.839
2.529
3.201
4.532
12.281
2.826
3.732
10.447
8.379
11.402
3.428
11.297
14.984
13.063
6.757
1.387
7.265
7.330
12.312
13.887
18.780
2.626
2.784
2.966
1.380
0.645
8.830
5.634
1.051
0.611
4.930
30.621
24.458
2.626
2.317
0.124
0.501
2.105
5.768
6.784
10.358
5.050
10.255
41.111
3.002
2.402
10.443
12.155
5.064
8.457
3.516
5.285
3.129
10.983
6.315
5.097
3.370
3.157
12.666
4.270
2.008
2.525
1.900
3.778
13.826
4.187
9.915
11.577
3.318
7.096
4.027
2.456
20.575
43.569
6.981
4.508
5.014
0.230
4.046
42.524
3.323
6.437
0.488
8.712
2.946
6.640
4.770
3.365
0.747
0.000
0.000
0.000
0.000
0.000
0.014
0.000
0.000
0.000
0.000
2.624
4.892
13.155
4.940
0.549
0.098
0.292
0.000
0.000
0.000
0.000
9.138
10.272
6.540
10.933
11.157
10.581
9.414
12.646
5.342
1.744
20.395
26.776
0.503
3.514
6.382
10.953
7.716
1.873
0.160
0.000
0.000
0.024
0.000
0.000
0.000
0.000
0.000
0.000
0.000
0.000
0.000
0.000
0.000
0.000
0.000
0.000
0.000
0.000
0.034
0.000
0.220
0.201
1.514
2.803
11.306
8.302
4.731
10.392
15.765
7.498
7.158
4.985
0.972
2.898
11.814
1.418
2.684
0.431
2.474
7.864
8.195
8.578
2.108
0.065
1.119
0.134
0.000
0.000
0.000
2.784
0.529
0.000
0.940
1.876
0.031
4.110
5.050
1.981
3.224
4.301
4.932
3.054
7.836
7.318
0.666
5.351
11.445
16.172
20.558
10.284
1.754
2.714
0.000
2.263
10.076
4.003
6.400
3.066
5.897
8.972
54.264
18.802
8.789
12.341
6.616
63.218
35.874
48.678
19.785
13.129
33.625
6.661
5.784
2.531
4.003
3.471
7.096
12.880
15.494
12.615
4.099
0.103
4.491
1.679
2.187
7.368
2.894
4.947
10.798
8.755
0.069
1.851
9.620
7.611
2.256
17.695
16.991
33.752
0.216
3.440
0.577
0.048
4.601
14.416
11.615
7.248
4.439
4.848
2.087
1.797
6.750
4.772
0.989
2.177
3.794
4.755
0.522
0.000
0.000
0.000
2.602
0.683
0.000
1.816
0.800
0.000
0.960
0.000
0.000
0.000
0.498
2.743
0.429
1.535
0.288
3.419
1.425
0.029
2.462
0.189
2.657
0.445
1.840
5.752
20.514
52.158
3.916
3.521
0.616
5.993
2.618
4.568
2.060
1.081
6.896
0.477
1.015
0.436
4.824
0.223
0.874
0.093
4.146
2.667
3.092
2.784
3.667
0.000
0.007
6.164
1.530
0.087
3.469
0.266
0.000
0.000
0.125
0.000
0.000
0.000
0.000
0.000
0.000
1.727
2.122
2.041
5.368
0.130
2.753
0.000
7.632
5.771
0.348
2.965
6.712
4.616
3.464
4.015
3.090
0.604
0.963
5.283
6.180
4.322
8.482
9.437
13.094
4.800
18.375
8.980
1.641
1.723
2.953
3.559
8.307
3.057
5.852
8.290
5.021
2.271
0.360
2.745
2.400
2.977
7.751
3.212
1.397
5.703
4.618
4.513
4.224
5.209
0.338
8.774
7.102
17.199
6.933
1.727
3.431
1.875
1.888
2.820
0.707
0.204
0.939
6.157
3.603
15.352
14.648
11.417
15.217
1.116
10.406
6.241
7.347
34.424
6.393
12.405
4.319
0.708
0.609
2.245
5.091
9.138
51.410
20.596
16.450
32.611
4.712
3.026
2.357
4.074
3.970
4.837
6.404
5.006
5.146
6.108
11.579
1.703
0.000
0.000
0.000
2.877
11.460
12.742
11.003
1.274
6.091
7.957
12.070
5.515
3.248
4.627
0.161
2.235
1.694
2.503
5.019
3.035
2.055
8.964
11.512
8.472
10.616
9.254
4.189
5.837
3.064
5.665
8.758
0.311
0.041
2.134
2.348
0.884
1.741
2.717
10.731
0.566
0.000
0.000
0.402
3.804
8.199
3.632
1.414
0.120
0.903
0.810
6.585
7.294
5.328
1.669
7.359
8.949
4.391
1.311
6.525
8.470
3.825
14.969
10.341
0.426
7.934
0.704
0.100
0.409
2.558
2.949
6.485
0.591
3.701
1.761
1.844
0.728
1.281
0.824
2.611
12.445
5.033
5.006
5.778
10.231
0.292
0.663
2.391
26.008
2.448
0.058
4.151
2.417
2.489
1.215
7.663
0.996
0.172
0.453
1.754
5.929
1.912
6.691
17.702
23.240
8.741
9.716
7.591
4.305
11.137
1.095
0.288
0.474
0.333
0.790
0.130
4.219
13.324
10.423
8.229
25.828
3.904
0.000
0.110
3.547
4.621
7.273
7.574
10.372
15.388
3.188
3.914
18.103
8.042
1.118
0.000
0.000
9.254
20.275
11.021
15.818
2.961
6.046
8.173
0.000
14.191
0.515
0.036
0.245
0.530
2.410
2.807
21.030
11.934
7.110
6.497
5.064
15.719
8.181
5.994
3.380
7.953
9.385
7.651
7.483
12.700
13.063
29.612
2.987
6.793
14.215
5.279
12.993
8.808
4.037
4.594
7.371
13.270
5.967
10.327
19.624
6.379
5.498
13.736
17.887
5.760
4.511
1.971
0.259
0.076
4.266
9.067
2.257
6.693
1.978
0.257
11.285
11.270
20.213
8.135
3.301
3.890
6.248
19.933
20.377
1.377
3.500
0.000
1.754
4.825
0.518
0.000
3.339
5.546
0.831
0.000
0.000
1.311
0.189
3.274
0.051
1.387
7.260
3.505
0.273
0.134
1.737
2.772
0.000
3.428
0.089
1.711
0.021
0.000
2.106
4.582
2.367
6.046
10.275
7.800
4.810
3.136
3.358
0.299
5.917
0.184
0.240
0.000
0.000
0.000
0.000
0.000
0.000
0.000
0.182
1.136
0.000
0.800
5.363
0.474
0.000
5.497
0.000
0.096
0.573
1.013
5.397
8.305
11.642
3.191
1.593
0.000
0.227
3.292
5.816
9.785
10.880
9.009
3.660
0.106
0.000
0.000
2.911
6.911
0.309
1.500
0.340
0.000
3.619
0.506
1.538
0.065
0.038
0.191
0.000
0.000
0.000
11.680
0.795
0.000
0.101
0.000
0.000
3.157
10.396
9.699
11.792
17.130
4.595
15.956
83.009
7.690
7.194
0.881
3.648
1.868
1.960
2.978
5.322
0.869
1.693
0.525
2.125
0.896
7.725
13.690
2.798
3.196
13.584
6.115
10.070
10.962
4.913
6.424
13.431
2.623
5.514
7.268
14.282
43.286
4.896
3.625
1.562
6.056
13.324
13.984
9.534
2.010
5.467
0.613
8.899
9.580
5.297
14.859
1.569
3.824
11.671
11.280
29.634
1.806
1.411
3.437
5.325
5.728
6.123
1.935
5.420
1.140
7.646
9.421
18.701
11.163
0.158
1.912
4.170
8.127
3.255
0.103
1.665
4.074
7.423
6.492
0.529
4.343
7.373
0.350
1.421
1.136
5.617
3.924
6.180
3.045
1.339
7.296
7.072
2.525
5.383
5.564
10.276
18.852
4.642
6.849
1.044
4.280
3.588
0.141
0.110
0.659
1.837
2.654
2.743
10.406
7.069
4.841
8.116
8.631
9.718
8.302
4.491
0.240
2.314
11.642
3.389
3.440
11.223
0.154
1.099
0.278
0.000
0.062
0.000
0.000
10.028
3.179
10.616
6.297
2.898
4.425
9.453
6.763
1.523
77.000
6.742
1.684
6.353
2.581
1.975
0.115
0.000
0.996
4.661
0.130
1.094
0.265
1.639
0.734
7.235
3.529
2.286
1.151
0.000
0.018
0.467
4.332
14.808
3.978
2.362
2.168
11.216
3.323
2.221
8.873
19.219
30.686
5.557
7.395
5.442
4.855
5.315
7.206
5.373
4.959
8.985
18.151
10.339
11.297
4.192
9.998
16.672
48.776
5.761
7.124
10.207
5.335
5.289
2.087
4.043
9.053
8.328
7.364
22.761
43.780
40.755
13.611
18.804
5.803
4.606
8.017
29.926
27.062
15.539
2.606
3.601
22.742
4.443
12.712
7.012
0.000
4.117
1.907
11.306
3.686
16.203
9.108
19.362
7.376
23.394
4.012
1.427
15.892
29.055
33.699
4.158
11.815
18.426
3.445
5.469
3.275
1.353
3.435
0.942
2.123
10.529
11.000
12.800
13.791
3.223
9.229
0.000
0.000
0.000
1.669
5.397
2.511
11.759
6.259
0.132
3.988
1.823
11.038
2.626
2.630
9.960
12.033
11.347
19.422
3.423
4.017
6.654
9.606
0.549
0.597
1.916
0.089
3.440
1.222
0.144
0.117
0.127
0.000
0.831
0.014
0.000
0.000
0.000
0.000
0.000
0.000
0.000
0.000
0.450
0.282
0.034
0.065
0.000
0.000
0.850
0.000
0.797
0.647
3.076
0.453
0.772
1.657
0.184
0.000
0.360
0.031
0.617
0.079
1.090
0.118
3.420
4.254
10.125
57.317
1.581
5.049
0.000
4.525
5.117
0.000
0.134
0.007
0.000
3.256
1.645
3.203
1.267
5.826
0.039
0.000
0.000
5.993
3.066
3.977
2.704
0.821
5.085
2.647
0.096
0.007
10.755
7.672
4.364
7.869
10.763
1.236
7.206
3.145
4.831
2.783
0.591
2.934
0.254
0.700
7.088
0.834
0.051
0.414
0.168
9.900
6.844
0.137
5.629
3.201
11.294
1.444
8.039
6.358
1.857
0.100
5.158
4.520
2.499
0.000
0.055
0.000
0.062
0.000
1.954
0.051
9.122
6.642
0.208
1.777
4.017
3.651
8.090
1.454
4.274
5.972
9.067
6.393
17.966
3.777
23.058
6.053
0.379
0.058
10.143
13.446
7.920
8.459
4.731
1.147
14.480
47.435
2.584
17.051
26.402
2.994
4.561
3.210
4.834
7.091
14.474
41.604
4.084
12.018
10.454
7.927
9.395
8.580
13.342
10.567
5.315
4.820
1.126
6.396
5.297
4.293
9.326
4.250
2.505
5.318
8.321
4.201
2.595
5.931
0.158
2.609
0.975
7.677
2.493
5.325
13.681
9.979
17.032
20.352
21.214
0.946
4.903
2.963
3.869
1.171
0.034
0.041
0.292
14.258
3.359
4.355
0.024
4.346
0.982
0.539
5.328
1.414
0.271
0.000
0.000
0.000
0.000
0.000
0.000
0.000
0.000
0.000
0.000
1.243
3.535
0.851
1.318
6.439
2.362
5.071
1.572
3.251
0.738
1.189
8.492
8.528
1.033
3.498
0.628
0.058
7.201
15.515
1.578
0.235
0.000
0.000
0.000
0.000
0.000
0.000
0.000
0.000
0.000
0.003
1.507
2.127
2.122
0.122
0.338
1.435
5.035
2.416
13.944
1.461
2.705
1.004
3.018
0.058
0.000
0.000
0.000
0.062
0.010
0.000
0.000
0.000
0.000
0.000
1.713
8.302
9.335
6.285
0.460
5.049
13.870
32.044
2.153
9.944
55.345
2.733
2.831
8.314
5.804
11.448
10.075
4.135
8.228
16.936
8.628
28.171
21.087
52.880
13.620
12.152
5.402
7.598
3.294
18.990
18.360
40.799
17.705
23.748
0.390
10.619
13.425
8.348
8.962
10.231
4.752
10.355
8.080
7.926
13.258
7.749
10.582
27.812
18.165
19.138
17.755
13.648
10.995
23.032
9.627
14.965
20.248
12.257
17.108
3.680
1.782
0.934
6.200
6.458
9.127
12.679
1.054
9.483
2.149
5.857
8.841
0.961
6.180
1.078
5.140
19.296
4.364
5.641
13.043
29.615
2.105
6.736
10.372
10.101
2.467
10.289
4.611
2.769
14.619
11.752
21.279
23.803
10.904
3.320
0.522
1.868
4.116
5.057
0.051
2.012
0.076
0.000
0.000
2.111
4.563
11.779
0.498
2.922
2.959
0.179
2.122
5.037
1.121
1.281
4.501
0.158
0.474
0.560
0.000
0.000
0.000
0.000
0.000
0.228
1.348
1.193
3.476
0.045
0.103
1.468
5.103
7.823
0.954
1.281
3.351
4.566
2.407
2.699
7.083
17.252
19.894
7.741
8.889
6.858
0.045
2.700
0.465
0.000
0.000
3.619
0.731
1.160
4.262
2.577
2.664
1.929
3.983
11.750
9.704
0.666
2.379
4.170
6.551
4.458
2.748
2.750
13.198
13.117
5.155
3.989
3.507
1.296
5.528
8.049
2.465
28.446
6.080
7.672
7.060
4.786
3.522
4.932
5.521
13.960
8.353
4.853
0.000
5.843
7.466
2.602
0.000
1.485
0.839
1.974
13.369
7.970
8.988
1.044
0.000
8.116
0.554
10.470
3.402
11.043
14.612
5.380
4.587
8.461
0.299
3.176
1.562
14.200
5.696
0.690
11.082
13.953
14.835
13.297
8.140
19.480
12.861
8.181
54.660
0.604
6.012
0.587
10.265
12.919
15.017
5.222
6.671
2.829
13.819
1.603
3.351
3.629
2.436
5.603
10.028
4.580
32.887
1.631
18.732
5.267
9.330
3.241
4.257
3.335
5.064
9.081
25.348
2.551
10.047
10.334
6.618
3.866
0.285
12.262
13.842
0.000
0.000
0.000
0.146
3.327
6.772
9.441
5.972
0.197
0.417
3.578
4.544
7.390
12.008
6.717
3.432
4.683
0.771
3.655
2.797
4.616
4.927
5.718
10.184
3.326
5.322
4.999
5.765
1.796
4.498
16.907
12.665
0.869
4.262
9.421
11.155
44.138
3.141
8.003
6.442
0.295
0.000
0.000
0.000
0.000
0.069
0.333
0.000
0.000
2.311
3.394
1.926
32.205
3.845
1.051
0.851
0.230
10.118
3.852
6.293
10.430
0.196
0.000
1.737
3.543
0.673
1.130
1.531
1.018
7.505
3.461
2.393
0.100
0.357
0.245
5.269
6.159
3.905
1.044
0.000
9.332
8.189
1.656
3.457
9.598
11.173
2.546
8.104
10.211
15.565
9.849
13.877
10.686
13.285
1.599
6.866
7.378
2.187
3.535
1.832
0.386
4.586
13.463
0.052
4.257
4.753
6.576
10.052
6.058
9.508
8.851
8.875
3.724
8.619
23.935
12.215
33.807
52.952
5.358
3.469
7.033
4.891
2.962
6.954
6.298
7.723
6.151
2.168
4.340
7.844
2.666
3.916
5.626
6.053
4.827
7.537
7.189
2.323
5.327
7.680
6.669
22.196
3.888
17.300
9.004
10.694
4.702
6.109
3.765
6.915
1.524
0.105
1.945
10.753
4.947
11.385
13.656
6.044
8.241
10.746
16.030
13.923
9.437
8.655
3.948
14.426
4.817
42.692
17.101
7.191
5.121
2.652
9.404
11.385
0.997
2.194
2.141
0.113
4.357
4.934
5.546
6.448
14.389
3.619
9.634
43.279
9.838
9.551
11.724
27.353
13.033
15.223
16.871
22.232
10.622
9.440
7.721
2.753
0.391
0.014
0.048
9.781
8.559
2.122
8.525
5.696
4.673
6.067
4.480
6.681
9.198
1.620
9.898
5.040
6.643
3.038
5.030
6.676
4.254
12.167
5.538
18.138
14.643
1.593
0.000
2.130
5.476
2.384
3.916
10.816
13.453
5.527
4.139
3.349
2.213
3.861
4.173
5.636
9.651
12.102
1.432
1.554
7.823
11.003
0.010
0.597
3.984
0.302
0.690
0.000
0.335
0.733
2.970
4.728
11.599
3.922
18.155
17.117
4.134
3.073
0.365
0.048
4.633
0.556
6.286
6.506
5.059
7.834
4.520
3.238
14.564
2.008
8.918
7.139
13.922
19.992
6.648
7.400
6.465
7.685
15.698
7.409
6.980
11.855
15.915
18.957
3.351
1.418
2.884
9.575
19.157
5.009
5.933
1.253
17.122
9.527
1.748
0.000
4.130
9.812
0.103
7.934
11.378
11.930
6.121
4.460
15.223
7.306
10.643
15.367
5.136
10.561
0.027
0.021
4.882
19.508
1.171
2.063
7.764
5.723
6.451
26.606
6.765
6.350
3.574
5.265
6.667
6.341
7.339
14.842
9.158
14.770
21.231
7.126
6.274
4.746
6.782
20.502
14.584
2.999
3.691
3.807
3.770
13.457
11.057
35.491
26.946
6.210
7.266
7.103
5.979
14.256
40.256
14.078
7.569
5.081
4.204
1.282
3.825
8.156
20.344
11.661
3.933
18.625
3.279
1.763
10.065
6.710
9.611
13.217
75.972
6.743
10.274
21.312
38.256
0.429
1.386
12.409
3.042
4.261
1.320
8.163
4.518
8.343
4.827
11.306
2.843
0.000
0.007
4.940
12.126
9.922
8.789
14.117
2.843
0.127
6.358
11.173
14.265
4.707
7.419
3.165
7.625
5.936
7.663
10.123
8.080
6.533
25.258
17.008
10.581
0.831
0.203
0.094
8.514
12.283
8.981
47.991
3.416
9.649
0.923
1.607
9.460
7.030
10.423
7.115
18.222
14.450
60.114
31.351
9.691
13.134
6.830
3.397
27.521
10.102
0.158
0.663
5.606
12.857
48.323
24.743
4.398
3.258
13.637
7.339
3.232
3.749
12.265
17.441
6.279
4.415
9.060
22.508
28.685
12.868
23.700
83.434
11.295
9.081
12.260
2.915
9.819
4.875
10.468
12.555
6.008
8.490
4.879
11.391
24.536
52.491
8.061
3.825
15.450
4.487
1.253
3.464
5.524
5.243
16.996
7.735
5.527
14.464
17.626
19.209
13.331
13.170
22.817
8.841
48.563
21.538
69.724
23.724
35.101
14.615
8.653
14.025
13.987
8.525
11.793
17.933
24.208
17.128
0.113
1.085
12.724
14.780
13.232
14.200
6.454
15.189
21.348
12.720
3.141
4.491
0.419
6.719
0.508
14.722
2.482
1.366
23.871
11.979
10.622
0.398
0.000
5.617
1.140
11.908
21.166
7.100
10.633
12.442
6.944
13.434
10.619
3.674
0.000
0.680
6.317
0.000
2.070
3.282
9.582
2.654
7.289
0.069
14.852
1.078
8.562
1.960
5.232
0.412
3.337
1.991
0.731
2.819
7.732
8.604
1.950
0.079
0.000
2.070
4.867
5.830
8.066
6.980
1.954
18.256
5.749
1.071
9.525
6.489
8.039
3.493
6.236
0.000
4.127
0.359
2.638
0.434
4.194
12.892
9.731
0.886
4.309
1.236
4.585
2.008
1.105
0.168
2.596
4.803
11.737
4.467
0.324
5.982
2.214
0.158
0.045
0.000
2.714
0.000
0.000
4.218
0.779
3.858
0.000
1.183
1.360
2.733
1.096
8.973
1.411
0.000
0.000
1.713
0.000
1.907
0.000
0.000
0.000
2.429
0.000
0.688
7.459
12.703
0.546
0.014
5.843
4.168
9.077
0.134
1.349
3.595
1.243
7.488
2.858
2.645
3.509
4.484
7.476
6.918
5.488
6.477
1.397
8.393
5.047
0.398
8.466
5.617
3.297
0.175
5.685
7.938
0.721
0.000
0.000
0.474
3.176
5.359
0.209
0.000
12.827
11.417
9.570
3.234
9.208
13.805
1.638
0.295
5.802
2.184
8.974
0.000
0.144
0.862
0.072
0.882
5.122
2.266
0.000
0.000
8.010
15.824
19.329
1.641
8.954
10.252
0.151
0.000
5.836
20.840
5.572
9.668
13.008
15.075
2.486
3.753
16.462
15.848
3.526
3.804
6.420
0.414
38.692
31.380
1.301
1.068
1.130
10.581
25.917
4.233
2.091
6.532
9.046
8.072
49.919
6.995
25.220
5.332
3.572
4.163
16.351
21.365
0.403
3.761
8.465
19.249
73.718
6.935
2.925
2.092
6.312
0.920
1.119
0.832
2.423
1.105
7.692
7.546
8.724
11.235
7.043
0.371
2.781
0.412
3.310
0.415
3.354
1.645
8.317
6.836
11.621
5.922
0.000
0.000
0.000
0.185
0.282
0.103
16.332
23.470
25.677
9.364
4.278
6.949
10.942
13.657
16.153
8.484
1.665
0.055
0.000
0.000
0.000
0.000
0.000
0.000
0.000
0.000
0.000
0.192
3.763
0.582
0.000
0.000
0.000
0.000
0.415
0.038
0.000
0.007
0.000
0.000
0.034
1.902
5.194
3.976
4.099
3.598
8.772
1.057
0.003
0.000
0.000
0.000
0.000
0.000
0.843
8.053
3.559
2.856
5.124
14.578
1.644
0.000
4.532
6.700
2.903
7.637
2.791
1.354
0.000
0.805
9.749
5.661
5.359
9.510
3.093
12.097
10.873
0.783
0.625
9.338
13.424
4.887
5.991
9.400
15.580
3.871
11.900
22.306
20.915
19.506
3.753
7.999
17.649
2.204
6.647
18.945
1.531
7.563
4.302
4.473
1.663
0.208
0.000
6.084
0.577
0.443
0.089
5.950
17.734
19.302
11.900
18.318
12.679
32.286
11.908
16.376
2.494
13.101
3.897
7.409
6.779
5.124
21.350
32.590
20.790
7.557
3.476
10.388
7.953
2.709
0.391
0.000
1.198
8.489
15.798
39.086
54.604
18.436
7.514
7.035
12.160
10.300
2.365
5.902
7.694
8.116
4.110
4.679
1.250
3.111
0.905
6.623
15.975
0.996
3.409
0.560
5.754
1.226
16.826
8.195
8.408
32.691
3.205
30.678
39.077
15.233
20.483
40.395
9.695
13.364
12.725
15.760
5.340
0.058
0.000
8.183
0.803
0.165
0.603
3.583
0.774
4.178
3.147
2.194
1.545
1.344
10.150
29.356
2.786
31.799
22.853
43.865
0.055
10.767
2.293
0.000
2.455
0.256
0.072
2.419
9.223
1.823
2.147
3.713
1.263
5.845
16.676
50.266
0.280
0.953
5.282
4.250
2.542
11.529
5.706
3.801
7.649
0.920
0.551
4.233
5.488
0.120
0.007
0.000
3.440
7.805
8.760
7.035
7.589
7.160
53.687
6.152
6.544
6.235
7.766
0.000
3.207
2.403
4.007
0.735
7.491
0.742
0.199
11.968
2.098
3.001
10.885
7.787
3.852
21.348
34.064
3.155
0.306
1.174
12.332
9.246
5.785
8.360
8.679
31.548
3.468
2.074
3.790
30.108
10.797
10.609
6.812
2.479
15.542
7.563
15.154
9.668
0.024
7.224
7.814
17.303
2.575
8.133
2.443
1.936
6.660
11.965
15.783
11.094
10.451
4.395
19.202
13.705
40.152
4.461
5.588
3.598
6.051
17.334
8.583
18.472
13.223
7.878
18.936
2.961
6.870
0.752
0.000
1.112
2.261
3.646
7.328
10.037
5.194
47.248
13.218
5.533
2.985
5.996
4.358
11.632
8.061
6.722
14.251
8.350
0.984
5.988
8.865
3.407
7.749
36.660
0.460
0.659
6.132
22.120
43.427
28.290
12.061
13.201
16.816
61.911
10.715
10.962
13.493
28.338
9.292
5.102
11.630
16.600
59.639
2.345
9.544
4.640
4.041
8.813
6.338
5.067
5.325
33.131
4.079
2.063
7.378
0.821
0.196
5.055
70.936
37.374
14.564
18.701
4.607
10.135
18.927
37.072
3.025
13.829
26.292
29.976
7.246
1.390
10.602
16.287
17.805
14.651
8.298
6.561
4.667
4.899
4.673
1.414
21.725
26.003
54.537
84.768
46.596
50.293
62.241
49.205
39.369
25.756
19.286
32.262
45.133
39.994
47.200
68.582
40.502
38.629
25.442
45.966
43.992
28.211
10.320
15.528
11.209
29.412
51.869
77.222
24.894
30.403
29.823
11.191
9.251
4.449
36.564
33.858
19.659
27.504
32.744
50.805
50.535
41.379
37.870
78.279
43.317
60.246
59.494
31.642
36.263
40.066
28.276
15.561
28.115
69.437
71.044
11.050
31.726
53.232
78.343
64.771
63.333
26.189
21.477
40.054
63.607
40.646
89.609
55.416
40.847
17.388
20.807
3.567
0.129
9.105
25.576
44.901
41.302
47.255
52.576
50.151
25.883
32.003
115.046
88.498
59.515
35.426
76.822
150.835
40.734
80.200
83.594
50.918
119.250
44.598
55.766
47.966
112.912
79.452
63.425
67.732
54.243
63.013
25.523
29.861
58.092
33.168
51.766
70.143
40.787
54.908
55.405
31.491
38.608
56.691
76.031
35.367
64.200
79.529
57.721
30.049
37.755
42.361
63.159
52.295
69.207
26.728
34.131
57.682
71.248
80.925
170.039
77.938
106.011
88.018
59.869
54.825
41.274
46.700
23.512
38.389
146.983
112.126
60.068
78.274
69.976
37.226
85.862
110.008
48.228
52.559
115.610
50.743
79.157
60.823
36.138
35.448
73.208
95.181
43.619
30.707
22.440
18.941
32.059
21.276
32.557
35.924
53.236
115.878
78.437
120.608
30.109
51.469
86.177
60.226
57.290
67.130
31.460
8.968
36.818
54.575
80.348
43.434
112.716
45.246
25.966
61.905
68.725
42.006
14.293
25.976
37.402
33.062
70.373
26.281
50.357
43.938
29.210
50.098
58.997
27.562
19.185
26.412
40.639
47.181
28.633
28.180
58.746
45.171
30.209
77.902
52.405
48.872
37.886
98.074
76.660
61.153
34.301
19.892
35.826
16.538
24.194
24.245
41.089
76.822
66.601
91.750
67.298
54.612
29.237
51.919
48.542
75.455
64.788
42.459
83.534
42.459
38.864
49.456
21.013
11.621
25.420
10.516
5.503
13.118
33.526
43.386
27.438
13.417
25.155
31.835
89.781
52.305
73.095
61.846
58.667
25.523
44.893
45.504
55.090
85.980
57.750
71.500
72.355
19.518
25.921
42.675
66.248
91.942
37.216
11.048
25.069
28.024
55.447
60.313
90.002
83.074
69.025
73.062
76.262
87.726
102.348
91.969
82.046
76.352
87.496
50.547
67.401
78.192
71.485
79.246
23.253
36.811
13.836
2.287
0.594
25.965
63.474
61.015
52.789
65.334
116.977
50.070
61.087
14.327
24.759
39.865
79.859
50.127
61.750
87.990
102.496
73.761
20.404
45.468
62.523
31.177
48.333
24.912
40.965
64.675
64.237
66.864
50.973
43.858
75.529
59.853
26.834
58.145
75.054
65.442
38.164
60.507
65.073
28.120
42.030
52.092
43.396
32.856
30.106
24.115
27.299
36.457
30.475
60.808
73.650
70.785
77.443
62.521
32.942
72.984
52.594
47.918
71.574
38.263
21.851
13.637
15.008
13.580
18.194
27.002
20.235
29.756
36.626
46.996
26.971
18.690
19.820
64.775
39.254
51.177
32.538
19.762
19.925
24.714
36.564
21.667
19.362
12.614
23.878
14.536
41.817
76.588
41.889
56.399
29.406
26.628
13.736
27.830
76.221
38.260
44.646
50.396
44.244
98.276
81.587
46.294
25.039
55.206
77.644
39.973
38.385
46.623
22.991
32.808
27.782
47.039
58.351
47.282
25.087
17.468
20.730
28.647
39.122
32.933
26.041
19.736
16.608
13.633
13.851
18.589
30.537
16.900
17.063
46.386
31.689
23.720
21.619
19.983
88.220
72.244
22.769
22.488
39.479
46.337
53.701
12.112
34.875
29.376
31.891
27.744
42.577
24.003
35.515
22.302
50.906
69.125
87.003
46.470
60.106
52.243
53.782
54.386
47.035
58.389
74.244
59.721
75.703
35.611
36.020
51.629
128.042
67.528
103.611
50.599
34.107
51.255
43.319
61.606
24.975
58.626
46.498
57.525
69.773
64.881
42.414
36.399
83.676
71.085
89.655
61.328
53.847
128.463
145.979
95.622
95.859
80.317
86.504
40.203
83.881
81.941
125.091
57.867
65.631
66.502
129.815
53.775
76.010
70.234
115.231
94.582
58.210
41.103
59.510
76.678
54.659
52.588
54.096
50.946
40.080
51.032
40.375
52.195
46.719
24.599
25.499
37.659
42.122
47.094
35.258
22.464
40.287
30.889
24.901
23.730
10.914
24.685
27.486
33.378
77.739
57.819
82.150
60.157
81.779
10.818
49.842
28.309
29.564
24.400
9.592
14.612
28.194
55.017
39.431
23.092
29.306
43.811
36.104
17.798
12.229
40.073
62.306
76.839
45.820
48.409
25.777
26.505
29.951
47.631
82.301
52.484
30.188
19.345
28.511
36.049
28.776
40.052
14.042
25.083
15.214
17.880
27.222
2.450
14.584
17.489
39.238
32.156
48.096
18.917
35.002
37.117
30.381
81.773
53.490
73.763
56.842
60.717
40.428
23.164
26.707
62.069
35.285
49.109
27.662
29.445
42.390
52.837
41.518
77.402
62.663
60.234
59.151
66.495
48.542
25.133
39.527
24.675
26.571
16.068
29.770
18.735
35.455
63.065
65.211
57.234
40.565
40.255
25.420
11.021
13.002
26.801
22.828
57.699
34.579
24.784
27.119
77.254
74.628
48.762
35.670
52.762
106.909
46.591
30.824
30.721
64.627
94.812
45.590
36.947
49.366
35.307
127.417
68.421
88.107
79.721
71.040
40.613
50.479
47.011
45.010
88.320
65.911
72.537
50.041
39.122
90.139
59.937
65.568
53.771
39.103
86.617
65.036
74.565
59.467
37.695
30.518
35.184
51.862
54.061
43.708
89.647
75.801
60.929
46.021
44.678
53.466
51.699
30.118
18.768
61.724
63.453
50.324
32.739
57.774
74.117
80.303
40.443
54.084
59.179
43.070
49.917
31.860
47.008
43.017
47.394
51.409
56.255
48.421
43.535
51.117
33.071
41.497
50.925
31.613
34.257
34.284
29.497
24.113
27.802
9.191
20.016
32.873
50.700
44.905
29.794
21.180
27.819
30.250
13.709
32.870
37.123
39.571
36.042
46.731
32.974
20.448
36.528
28.527
16.914
2.767
6.465
7.330
13.496
5.032
7.977
12.849
3.741
6.645
0.046
0.009
2.573
8.780
0.462
11.340
17.479
24.980
27.322
28.888
20.088
26.735
18.492
5.153
11.647
25.066
42.181
45.075
38.342
26.806
11.736
13.946
17.346
15.764
25.543
24.160
54.798
28.176
89.422
92.872
81.676
48.283
46.589
69.650
34.583
25.658
31.890
40.567
85.656
38.119
32.744
38.044
27.795
23.760
18.526
30.820
42.630
21.631
20.647
19.765
20.170
24.949
48.340
81.652
48.494
46.833
28.897
42.054
61.439
29.006
22.264
30.676
34.243
43.252
71.880
62.842
49.452
86.057
63.010
114.066
105.749
87.552
53.335
96.618
47.167
35.424
51.903
69.361
52.683
34.679
38.308
56.360
56.319
49.998
55.666
35.802
29.797
39.870
53.309
67.882
37.501
24.748
32.703
51.509
72.053
88.744
38.404
98.681
62.667
37.501
73.330
47.918
43.152
38.497
17.067
51.335
33.546
42.157
59.340
111.710
52.794
49.136
73.547
54.631
100.614
73.205
82.325
25.959
59.230
53.761
96.403
127.702
75.876
59.817
58.260
41.295
42.208
39.204
77.485
63.429
95.135
67.063
85.283
151.639
82.712
46.865
69.041
88.584
39.812
53.965
65.363
71.020
65.846
91.417
139.229
41.516
64.815
32.302
35.779
14.641
26.554
23.044
26.487
34.392
39.740
96.692
68.664
54.964
57.193
55.004
29.871
30.673
31.206
55.107
37.283
25.305
45.473
21.962
65.016
56.053
39.068
47.396
55.544
51.916
65.997
76.897
31.802
37.278
28.789
45.767
18.656
32.405
22.781
29.663
40.807
51.758
48.429
23.085
20.596
35.225
44.244
34.154
45.051
27.802
45.483
60.222
24.024
26.686
20.163
21.792
21.324
38.454
8.162
16.940
29.742
36.574
33.755
26.807
45.325
31.981
28.218
34.085
68.493
62.217
32.635
125.035
79.665
57.936
79.390
74.577
53.816
61.661
91.458
61.958
56.156
77.335
84.629
35.005
49.768
27.687
54.880
56.099
57.761
43.441
49.737
71.243
44.541
41.453
49.449
40.217
42.817
78.343
90.059
69.152
43.758
44.603
48.999
53.979
77.718
64.665
63.683
33.448
31.412
40.655
44.174
39.522
33.872
15.020
31.891
34.270
30.175
55.076
75.991
75.788
35.321
63.013
67.528
66.613
56.183
87.249
39.345
13.572
23.665
19.360
25.413
32.042
17.781
34.959
98.386
86.926
32.135
65.892
78.206
62.910
46.596
43.695
61.345
61.850
42.953
87.173
128.911
57.280
64.891
53.541
67.755
77.606
81.907
58.169
24.611
58.699
34.863
64.117
52.142
91.169
77.268
46.805
48.489
77.225
54.325
103.048
74.558
48.857
55.520
66.066
40.093
32.717
47.535
47.233
29.201
55.761
43.187
83.163
69.775
49.380
83.805
51.045
60.169
35.305
18.802
39.211
44.730
55.726
59.742
40.558
48.855
25.469
34.190
55.393
20.912
14.178
72.335
46.065
36.480
25.337
54.386
62.171
29.818
18.960
19.381
30.333
20.345
12.796
8.981
5.641
4.659
2.602
10.262
16.809
21.379
7.388
29.770
43.571
17.776
26.992
63.642
48.295
68.649
39.613
28.909
65.623
21.367
16.110
22.735
15.141
11.247
15.180
39.709
27.126
25.282
30.075
74.884
24.908
21.468
25.777
21.473
16.958
27.356
65.527
64.778
23.914
35.767
30.745
32.061
39.383
28.352
20.677
16.378
35.759
69.688
36.294
15.638
34.343
64.843
44.283
23.315
39.125
57.448
82.555
82.423
46.817
67.665
33.349
44.879
86.828
70.570
48.580
62.220
67.075
71.133
28.510
23.888
34.102
56.034
55.100
110.035
97.739
80.743
23.464
27.409
50.195
60.078
43.664
41.118
55.115
48.882
45.559
18.409
25.935
29.335
21.245
26.587
25.804
35.129
53.170
15.127
17.927
22.331
21.969
18.792
11.216
28.970
41.690
23.648
39.928
41.748
53.588
29.145
36.554
24.297
35.318
64.754
35.826
65.123
74.391
99.052
113.257
128.887
51.627
13.905
60.063
116.560
144.597
71.545
65.269
61.383
63.348
69.509
71.566
46.301
60.003
62.076
59.570
41.212
52.903
86.407
31.776
38.780
31.517
51.104
32.341
29.383
42.757
90.740
67.834
41.398
76.988
80.490
96.482
74.518
32.255
55.320
66.718
33.670
17.269
27.878
40.038
51.861
92.196
34.404
46.043
54.650
48.388
66.484
34.054
20.683
29.778
29.663
46.247
47.119
28.317
22.470
35.033
45.341
44.467
26.417
29.265
27.637
49.418
19.751
19.999
17.245
22.814
16.613
36.214
65.715
41.271
57.984
26.063
30.693
24.894
45.858
25.895
27.902
36.936
47.547
37.532
26.257
22.841
13.723
22.985
16.145
30.741
25.408
18.313
24.338
15.590
16.593
9.562
16.318
25.890
10.131
22.268
24.053
6.001
19.144
68.390
68.867
18.668
22.797
21.705
37.817
