19790101
2.196
2.983
0.058
0.021
0.000
0.000
0.000
0.048
0.000
0.000
0.000
5.397
9.319
10.768
1.804
2.247
0.000
2.541
0.209
0.100
2.416
0.077
1.516
0.000
0.024
0.177
0.003
3.758
23.726
5.376
9.213
9.352
0.010
0.568
0.000
0.000
0.058
1.789
0.160
0.000
0.000
0.783
0.003
1.705
0.258
3.838
0.000
1.262
0.000
3.102
0.482
0.000
4.669
12.377
3.662
2.525
0.714
4.903
9.901
1.178
4.896
16.366
3.430
13.067
15.738
19.870
9.774
5.819
4.734
14.478
1.957
0.237
3.200
5.449
2.390
2.613
1.562
0.436
0.165
8.638
7.649
1.140
6.266
49.222
3.189
1.535
13.451
19.343
11.537
9.836
3.972
13.098
8.202
17.295
13.136
23.284
15.618
8.659
0.470
1.497
0.017
0.797
1.195
6.163
17.207
10.200
0.014
1.933
13.774
18.131
23.789
4.937
0.275
1.586
0.354
4.738
0.385
13.414
61.132
0.021
6.990
24.647
8.545
0.000
7.103
11.405
10.252
1.401
0.051
0.817
10.784
14.255
9.160
1.875
23.480
1.672
0.920
16.854
13.390
16.727
3.663
3.801
33.910
1.212
39.547
7.381
23.123
13.987
20.332
3.045
20.526
15.247
27.656
1.418
14.279
12.535
3.074
0.288
30.854
0.345
11.462
10.851
9.424
9.230
15.151
1.456
3.208
6.273
12.871
2.762
6.374
1.715
1.572
4.211
2.804
9.598
1.365
0.000
0.000
0.232
1.945
8.791
18.074
3.770
1.147
0.000
0.000
0.000
0.000
0.000
0.000
0.000
0.203
5.819
2.156
10.296
5.819
3.406
2.219
15.927
9.924
2.779
8.631
4.774
2.999
5.313
0.000
0.017
0.185
0.209
1.881
9.500
21.056
7.320
9.400
6.635
1.231
0.000
0.476
0.148
0.000
0.000
1.507
1.603
0.944
0.647
5.921
17.499
14.215
18.910
3.610
16.100
11.139
9.289
5.299
5.466
15.807
33.598
22.484
9.222
21.487
18.193
13.257
8.432
9.204
28.134
15.262
23.022
2.475
9.326
23.960
30.563
18.610
17.070
16.196
7.817
16.648
30.990
27.294
11.894
27.802
8.525
10.507
13.671
33.912
15.879
12.013
23.887
17.549
7.457
14.553
18.545
19.197
12.044
8.144
6.297
1.239
0.755
6.142
7.107
10.993
19.336
14.138
2.953
27.181
7.546
2.057
0.014
13.043
16.164
11.443
9.670
8.925
20.932
7.680
6.836
27.991
0.189
3.471
27.545
4.580
4.446
1.456
0.623
6.199
13.642
9.780
40.907
7.169
2.987
26.880
6.381
1.775
18.972
22.618
16.715
1.622
3.277
6.552
3.157
6.928
7.062
16.789
19.254
15.468
17.920
32.137
14.646
3.213
0.057
24.491
5.193
12.988
17.889
10.331
20.486
13.175
1.302
1.777
5.419
2.623
2.312
3.320
0.000
2.671
0.065
0.476
0.000
0.000
0.244
13.779
13.238
23.394
40.112
51.459
8.692
2.863
0.268
2.452
0.000
0.000
1.011
4.067
18.891
12.639
9.119
15.985
14.852
18.931
8.202
0.000
1.380
0.010
0.148
0.062
0.731
1.851
0.010
0.862
0.182
2.230
4.199
2.101
0.127
0.000
0.000
4.056
2.884
20.074
5.019
11.731
0.014
0.000
0.000
0.000
0.477
0.527
0.000
3.147
3.504
0.786
0.027
0.017
0.000
0.000
3.759
0.000
0.000
0.014
0.167
0.000
0.000
0.010
4.633
17.214
2.214
3.629
1.380
2.175
0.601
0.003
0.000
0.565
0.000
0.000
0.000
0.000
0.184
0.494
0.446
0.024
0.000
0.007
1.305
0.230
0.518
4.124
11.287
8.209
2.136
4.483
0.239
0.046
3.686
16.871
0.615
1.274
0.893
0.043
3.133
1.442
1.481
1.931
4.865
5.596
2.304
2.221
2.139
5.449
0.343
0.000
0.168
0.055
2.594
0.199
2.520
0.010
0.072
1.923
2.565
12.720
8.930
10.125
1.274
3.028
0.927
0.257
0.642
5.438
9.888
20.647
44.333
1.157
65.338
18.337
24.527
31.587
8.502
32.183
2.448
5.946
14.097
10.114
13.721
13.791
1.523
6.983
16.062
6.060
1.844
0.692
0.007
6.685
24.815
0.051
1.907
6.242
15.743
8.883
1.813
8.839
0.978
5.291
5.553
6.207
10.610
14.648
39.005
6.824
5.340
8.557
10.942
0.000
3.385
1.409
2.503
5.941
8.326
5.546
16.595
6.983
0.000
0.027
0.007
0.529
3.169
4.106
0.900
1.464
3.934
7.086
6.920
2.618
1.669
0.443
0.000
0.033
0.054
0.000
0.000
0.000
0.000
0.000
0.036
0.039
3.103
1.524
0.424
5.952
4.813
1.233
0.034
0.101
0.003
0.038
0.014
0.000
2.584
4.226
3.456
2.546
1.753
1.566
7.072
3.662
1.675
6.278
4.027
1.425
0.007
0.385
1.020
2.149
3.979
1.229
5.620
3.011
8.229
6.056
1.112
0.000
0.000
0.275
0.144
1.071
5.854
8.779
3.581
2.177
1.579
1.336
0.137
0.000
1.095
0.745
0.076
0.014
0.989
1.044
0.398
1.899
6.190
15.364
2.002
0.000
0.223
3.169
0.762
0.000
0.000
0.065
0.096
0.544
5.473
13.317
3.413
0.137
5.517
22.673
8.118
22.168
17.441
12.336
2.063
9.081
16.292
5.322
23.583
14.469
3.584
11.979
39.822
16.790
52.824
6.152
16.878
1.033
9.143
13.867
16.373
9.877
5.454
9.407
11.120
14.347
50.233
0.000
3.073
12.282
7.181
1.679
3.011
3.444
7.000
3.234
5.479
3.128
0.460
1.612
9.036
19.889
13.860
4.755
48.930
9.012
69.785
6.791
37.340
16.661
1.861
21.883
14.935
17.085
27.356
0.091
5.103
4.546
6.724
0.000
0.000
0.000
0.281
1.834
2.637
12.889
11.908
11.349
0.446
3.371
2.196
2.484
0.091
0.000
2.280
3.049
4.709
0.910
2.364
1.648
6.654
8.762
3.112
10.526
7.938
18.551
12.662
6.077
2.324
2.132
0.034
1.806
6.207
5.524
6.451
0.000
6.017
8.205
15.654
18.546
6.317
5.026
2.211
0.021
0.106
0.003
1.250
0.000
0.041
1.493
0.127
6.001
0.017
1.837
0.000
0.845
4.271
0.003
0.879
1.734
0.124
1.311
0.644
0.556
0.388
0.000
0.000
1.112
0.000
0.000
0.000
0.000
1.881
1.802
0.433
0.000
5.102
7.927
2.170
0.000
0.247
0.165
0.494
0.069
0.000
0.000
0.000
0.237
0.134
2.664
9.129
1.725
12.887
6.684
20.579
16.445
1.324
16.229
14.262
13.585
3.447
4.674
40.466
31.191
10.835
20.962
30.175
8.688
23.890
15.973
4.607
10.324
0.659
0.000
2.206
0.500
3.728
0.615
0.125
0.000
0.031
3.993
1.366
3.516
0.546
2.783
0.191
0.287
5.546
0.000
0.000
1.469
0.000
0.858
6.190
5.081
0.913
6.472
3.128
26.062
6.418
12.940
2.060
10.719
18.828
22.803
13.678
24.318
12.428
0.697
3.842
5.438
1.717
6.774
1.370
0.093
2.256
17.892
20.146
1.051
61.982
9.383
27.658
1.924
2.472
15.012
23.875
36.883
0.544
19.096
47.732
15.855
8.255
18.808
5.961
8.089
4.734
19.916
25.892
19.957
0.000
4.328
9.459
10.035
2.941
0.031
3.198
25.076
7.332
16.866
16.658
2.328
3.651
10.863
1.181
21.664
20.908
18.292
13.716
26.906
31.589
1.033
8.854
51.363
5.534
3.801
4.257
5.287
5.570
10.265
15.309
4.123
4.844
3.320
2.341
1.603
6.118
5.950
3.344
7.004
11.333
3.989
8.928
20.153
3.299
5.486
14.313
24.276
19.763
8.717
1.116
0.659
1.171
2.733
3.783
1.449
0.230
1.298
3.287
4.906
2.293
3.488
1.782
0.676
0.941
2.925
0.944
0.106
0.105
4.679
2.029
0.669
0.872
0.007
0.220
0.869
0.855
0.027
0.000
0.439
1.943
18.200
0.694
0.055
0.563
1.274
4.116
0.793
1.222
1.888
4.374
5.994
0.000
2.019
0.879
0.707
6.214
5.297
20.462
4.298
2.386
1.964
1.033
0.429
7.900
6.657
2.571
3.193
13.489
6.846
2.359
10.914
6.489
12.835
27.124
18.584
0.000
0.683
25.519
3.512
5.359
4.340
6.012
7.804
19.724
0.546
0.000
0.014
0.014
1.445
3.873
3.383
1.641
10.911
3.121
5.823
8.247
18.927
17.214
20.174
2.420
12.871
14.612
13.214
55.812
24.942
22.553
19.573
9.524
26.168
10.993
22.647
26.460
25.567
16.445
7.550
1.555
4.539
4.628
4.714
10.574
15.298
5.493
2.674
16.359
5.061
22.268
18.773
0.450
0.797
20.156
29.145
29.136
8.865
25.935
8.185
2.228
4.686
12.803
34.954
1.923
7.491
8.961
9.486
21.022
4.484
19.384
16.068
10.413
1.933
1.782
7.460
1.998
2.729
26.796
17.008
5.219
13.012
7.014
19.477
17.973
3.859
17.163
21.784
20.922
13.592
6.564
1.754
12.205
6.702
9.836
9.706
3.461
1.047
5.212
10.228
0.357
0.000
0.000
3.711
0.014
4.844
4.528
0.594
0.208
0.233
0.093
0.601
16.677
7.169
25.955
40.833
20.857
10.245
2.287
0.000
0.096
0.058
6.506
1.040
0.048
0.027
1.758
2.614
0.000
0.172
0.000
0.000
0.031
1.126
0.000
0.027
0.179
0.000
0.000
0.000
3.807
1.588
0.400
0.551
6.562
1.200
16.068
7.623
2.522
2.335
15.482
3.936
0.929
3.171
6.059
1.269
4.092
10.042
47.866
3.759
1.888
16.921
14.207
0.470
11.733
0.400
6.312
4.851
9.562
5.809
7.816
5.124
1.796
0.975
3.349
10.540
0.124
2.429
0.000
0.000
3.557
3.697
2.127
15.916
1.193
2.874
2.970
0.359
0.299
0.362
0.491
1.665
4.018
21.888
6.729
17.094
5.356
0.633
14.671
9.877
6.693
18.460
12.178
1.590
13.866
28.855
8.257
12.960
0.330
11.436
11.448
9.389
3.013
8.023
7.785
1.852
0.000
0.007
12.971
62.509
3.524
17.437
19.914
17.091
10.068
1.246
0.000
0.007
5.167
2.493
0.017
0.000
0.000
0.007
0.333
3.924
6.461
0.000
7.550
26.381
18.560
26.666
6.750
14.481
9.273
4.065
21.849
15.824
22.388
13.029
8.346
5.342
16.552
45.216
13.740
27.840
26.041
24.249
3.145
9.033
14.141
3.086
0.000
0.000
0.000
0.106
0.635
8.494
8.935
3.660
0.000
1.875
11.525
20.296
7.367
0.036
5.232
1.269
3.308
1.423
0.039
1.651
3.462
6.654
2.494
0.482
0.000
0.989
0.755
0.635
0.333
0.000
0.000
0.000
1.756
0.397
0.000
0.148
4.498
2.130
0.127
1.451
3.208
4.468
1.519
0.000
0.000
0.000
0.000
0.000
0.000
0.000
0.455
0.144
0.000
0.390
0.213
0.000
6.636
2.867
2.412
3.143
0.000
1.856
5.055
0.500
0.000
1.253
2.105
3.318
0.947
0.053
0.000
0.275
0.112
0.000
0.000
0.010
0.000
0.000
0.000
0.000
0.144
0.024
0.000
0.000
0.000
0.027
0.000
0.000
0.385
0.307
1.179
0.932
0.045
0.000
0.000
0.000
0.000
0.000
0.000
0.000
1.681
3.207
0.500
2.954
1.040
1.420
9.524
13.063
23.104
15.686
1.878
0.364
0.647
0.000
0.039
0.076
6.667
21.657
28.845
29.073
20.719
18.388
20.555
15.705
15.520
6.774
15.060
11.889
13.182
18.191
41.345
26.111
65.521
10.954
15.822
32.510
7.000
21.156
26.261
23.348
84.277
8.779
6.681
11.819
17.922
33.927
1.020
7.318
2.360
0.299
0.180
3.897
15.278
2.098
6.094
31.126
2.266
91.145
0.307
0.488
4.419
18.447
11.498
12.366
7.428
6.582
1.281
0.948
12.730
4.542
2.808
2.987
0.000
0.000
3.670
24.026
9.508
2.819
1.624
49.528
1.433
0.000
0.113
0.000
0.000
0.367
26.664
0.487
0.187
0.034
3.811
2.771
0.314
0.095
1.340
8.190
2.844
0.000
0.000
0.000
0.000
2.542
44.424
2.214
3.825
2.489
3.030
0.419
0.603
1.013
0.000
0.000
0.000
0.000
0.000
0.275
5.004
0.000
0.747
0.966
0.292
0.000
0.000
1.130
2.390
0.000
0.027
0.000
0.438
0.230
0.034
0.007
0.000
0.000
0.000
0.000
0.000
0.007
0.000
0.000
1.504
0.003
1.723
0.000
1.013
0.000
0.038
0.000
0.051
0.810
0.285
3.877
4.024
0.901
0.680
0.278
0.065
0.141
0.000
0.000
0.027
0.333
4.021
1.032
0.486
0.000
0.000
0.000
0.000
0.000
0.000
0.031
0.021
0.745
6.815
4.346
2.160
1.246
1.109
2.836
0.769
3.485
0.000
8.844
17.386
11.580
10.406
0.000
0.786
7.211
8.657
3.787
1.281
0.038
0.189
0.889
0.041
3.924
11.141
0.000
3.742
1.023
4.597
5.459
5.558
12.837
21.087
2.747
6.187
6.297
19.381
0.144
28.956
26.704
12.439
16.143
4.463
8.029
32.919
33.850
12.452
15.228
14.873
14.032
21.894
0.000
2.661
23.566
29.418
76.504
9.057
27.715
4.412
0.027
4.195
37.172
19.604
53.806
31.593
24.575
26.096
6.575
11.474
14.897
2.723
3.910
11.189
14.904
3.529
15.982
21.918
4.934
11.419
84.986
0.453
12.291
13.395
0.014
2.759
17.070
1.298
24.506
2.391
17.273
2.674
7.814
6.763
11.069
9.086
6.314
1.033
2.180
11.477
23.003
26.456
1.205
1.936
18.804
16.988
0.319
4.250
1.057
0.000
0.213
0.021
0.580
3.255
0.632
0.000
0.017
4.625
3.447
5.572
10.192
1.064
0.900
10.221
2.503
2.163
0.467
4.776
8.968
9.084
15.614
2.668
6.607
3.845
0.000
2.245
4.175
2.163
0.522
0.003
0.000
0.137
0.031
0.000
0.669
0.134
0.000
0.000
0.000
0.024
0.048
0.978
0.288
0.316
1.954
0.570
2.403
0.628
0.810
4.576
0.000
0.010
0.100
6.242
5.449
1.095
0.105
0.000
0.000
0.000
3.104
0.927
0.000
0.563
0.185
1.772
2.348
1.432
0.220
0.130
2.729
0.512
0.724
6.072
2.700
0.901
0.072
2.086
1.635
2.276
2.546
8.314
2.699
0.881
4.776
4.025
0.342
3.267
5.464
14.531
4.944
1.897
1.353
0.007
0.784
11.889
12.579
4.101
0.117
0.522
2.977
1.595
0.010
0.003
0.000
0.110
3.684
4.336
1.523
0.431
0.177
2.065
3.073
4.733
6.860
3.485
18.744
6.424
9.677
16.794
1.221
1.902
28.777
46.752
19.571
0.242
2.917
18.992
12.788
1.817
16.363
25.782
1.150
0.390
0.072
1.360
11.426
18.482
13.348
9.915
15.074
5.610
4.629
5.400
10.813
24.625
5.926
9.725
31.392
12.191
8.648
26.623
10.689
1.578
0.628
1.444
3.645
2.235
2.542
5.924
6.604
6.243
2.201
1.217
8.690
0.292
0.704
0.223
3.107
2.486
7.656
11.543
2.977
5.778
10.825
9.884
0.536
1.233
2.386
3.577
12.490
7.385
0.045
1.075
4.068
1.342
1.773
2.541
0.956
1.171
1.023
1.772
0.759
0.656
0.443
0.000
0.860
0.000
0.014
0.010
0.021
0.863
0.000
0.233
2.060
1.718
0.108
0.024
0.084
0.000
0.000
0.918
5.320
1.351
1.224
10.705
7.963
0.881
0.000
0.282
0.273
0.014
0.046
0.616
0.814
0.738
0.240
5.318
11.546
15.559
0.900
0.268
3.131
7.680
0.762
0.062
0.000
2.118
1.023
0.783
10.794
5.617
0.807
5.778
1.727
4.257
6.273
3.821
13.228
7.268
3.993
11.721
3.097
1.356
5.988
6.932
7.872
11.555
0.721
0.930
0.254
0.000
2.465
2.839
1.500
3.093
0.154
0.154
6.750
3.145
3.656
0.683
1.222
1.456
2.256
0.048
0.014
3.667
5.287
2.499
5.462
0.151
4.930
11.494
10.736
9.984
18.282
14.025
0.247
0.055
0.000
6.266
12.171
5.016
11.769
2.077
20.778
83.256
1.332
1.315
20.833
13.606
6.794
16.603
4.511
4.158
4.896
6.478
4.985
20.404
8.185
21.320
66.066
41.611
41.705
6.690
3.650
2.029
12.900
16.335
5.182
2.134
4.722
15.463
15.142
6.530
13.062
15.832
60.641
17.801
37.233
0.728
0.000
13.726
2.075
2.359
11.803
2.563
2.153
3.933
15.189
7.062
18.424
2.644
1.095
6.326
9.797
17.528
20.023
5.672
29.866
6.472
5.836
6.654
0.731
9.531
24.469
6.097
14.749
10.820
1.782
7.917
3.296
0.000
0.549
1.248
1.387
2.765
1.226
3.584
3.993
6.200
4.175
35.882
18.907
16.581
19.231
24.860
15.424
15.171
36.918
23.325
21.883
10.543
8.137
14.196
21.901
10.341
2.901
3.392
7.335
5.328
7.611
3.474
1.737
7.972
3.547
6.470
4.934
3.138
0.409
0.560
0.041
0.048
3.907
1.971
0.000
0.474
1.655
2.690
6.282
5.736
13.592
4.492
4.650
5.668
15.089
6.746
3.646
5.620
4.183
2.711
0.249
2.834
2.729
2.034
19.717
19.219
15.874
17.144
13.918
8.040
12.706
7.656
10.413
3.325
4.795
1.523
0.048
0.486
0.294
1.336
0.000
0.070
3.941
1.978
19.971
10.561
12.085
2.575
0.726
6.727
13.893
20.423
20.165
23.895
23.468
13.802
1.263
69.381
4.623
23.495
60.148
24.827
0.324
2.946
15.783
6.254
2.214
9.910
16.323
6.800
5.049
2.659
4.200
15.883
4.331
33.182
0.721
6.992
21.286
24.918
7.628
15.704
16.661
25.020
9.447
40.265
10.047
20.366
17.879
6.796
5.962
23.063
12.334
36.277
12.790
3.587
50.574
4.479
10.703
11.668
9.024
6.746
9.783
7.045
27.904
18.344
19.271
6.398
27.507
32.535
26.898
2.905
17.714
11.580
7.970
5.452
13.263
11.309
19.906
17.690
10.930
5.246
6.578
14.732
13.317
20.689
9.247
13.862
18.337
4.793
4.870
1.991
2.862
1.110
0.000
0.905
0.010
0.153
0.003
2.853
0.000
0.500
0.786
0.366
1.607
0.788
0.024
0.886
2.419
3.861
7.366
5.854
0.010
0.014
0.936
0.154
0.076
0.000
0.021
2.058
0.694
0.000
0.010
0.216
0.233
0.257
0.000
0.676
0.048
7.230
0.402
7.337
3.811
0.000
0.755
0.027
0.000
0.927
8.449
0.189
1.928
0.254
0.017
0.572
0.000
0.051
0.148
0.000
0.038
0.158
2.789
0.766
0.003
0.158
0.000
0.000
0.000
0.000
0.034
2.422
2.741
4.056
2.034
1.184
0.664
0.117
0.000
0.000
0.000
0.000
0.000
0.000
0.000
0.000
1.408
0.189
0.000
0.000
0.000
0.182
2.523
1.102
2.362
12.171
14.411
2.826
0.666
2.966
0.491
0.570
0.017
0.223
0.000
0.204
2.923
0.000
9.750
1.439
11.941
0.965
0.048
4.910
5.634
5.394
13.125
8.300
13.359
68.447
0.992
6.348
4.518
33.385
7.278
0.436
13.343
19.470
25.512
2.695
13.328
14.722
12.308
4.477
3.011
0.261
1.143
2.513
1.552
1.634
12.566
5.859
3.056
7.330
4.621
31.486
74.178
4.697
6.939
19.281
29.924
32.061
14.520
6.800
16.711
10.336
0.807
8.732
0.734
16.543
6.551
53.670
7.958
43.684
8.272
8.940
3.167
33.182
6.381
3.512
9.107
12.171
3.823
5.952
16.331
6.800
7.642
18.431
4.434
5.749
7.655
9.718
12.461
4.704
32.462
3.943
7.179
12.270
0.364
2.776
3.613
0.072
0.000
0.000
0.000
0.000
0.000
0.000
0.000
0.000
0.000
0.000
0.000
0.000
0.000
0.000
0.000
2.192
1.327
0.000
0.000
0.014
0.014
0.000
0.000
0.000
2.338
1.595
0.216
0.000
0.000
1.260
10.859
1.806
0.000
0.230
0.185
0.000
0.000
1.102
0.247
0.000
0.010
0.000
0.014
0.869
15.048
8.360
1.741
16.122
3.323
1.847
6.358
4.213
7.018
5.114
1.313
0.000
1.200
2.050
16.507
20.120
2.111
6.266
3.368
6.580
2.147
0.446
3.468
10.284
15.438
0.767
2.070
3.155
3.171
8.702
3.991
1.172
1.959
5.148
19.775
8.660
2.868
0.000
2.468
11.381
2.087
0.268
0.000
0.560
0.809
0.445
12.576
6.240
2.757
18.656
24.688
59.329
4.413
5.088
17.963
9.565
6.355
5.121
4.833
1.859
10.056
17.815
11.106
13.314
66.733
18.749
24.665
2.465
7.417
21.943
35.603
36.045
13.125
11.843
22.481
33.794
24.743
29.699
14.790
13.415
0.666
2.415
1.856
3.974
7.581
18.042
26.098
9.049
0.149
6.681
1.402
20.083
73.578
5.467
0.518
2.934
4.338
12.984
7.143
0.216
0.034
2.341
0.000
0.000
0.000
0.292
22.021
25.526
0.000
0.062
8.677
3.601
14.687
15.111
0.257
7.519
12.545
4.079
4.345
2.110
18.351
6.274
14.945
18.114
5.155
1.099
0.000
3.193
10.773
15.862
12.746
17.269
0.786
17.880
18.323
1.040
10.382
6.561
23.988
1.926
0.000
0.621
0.000
0.000
0.000
0.000
0.000
0.000
0.000
0.000
0.000
0.034
0.158
0.014
0.051
0.089
0.000
0.110
2.067
0.299
0.000
0.000
0.000
0.000
0.443
0.000
0.000
0.000
0.000
0.024
0.007
0.000
0.000
0.007
0.100
14.564
0.299
0.268
0.000
0.000
0.000
0.000
0.240
1.411
1.679
0.055
0.268
9.970
5.368
3.629
1.665
0.141
0.288
0.003
0.724
1.245
0.000
0.000
0.000
0.635
0.093
0.687
0.855
1.030
5.059
0.038
0.340
0.000
0.000
2.657
5.788
4.062
2.063
9.673
13.505
3.189
27.768
8.315
1.669
21.241
2.764
2.911
0.748
5.625
1.492
0.100
0.000
0.000
0.000
0.000
0.285
2.438
6.918
0.237
0.000
0.233
0.767
2.802
6.340
5.565
7.122
11.506
1.784
1.941
0.266
0.003
0.223
0.113
4.853
12.809
7.436
16.294
4.415
45.590
4.947
31.459
2.111
26.426
37.865
12.298
40.203
0.395
5.939
1.885
18.515
23.936
14.756
4.491
12.686
30.772
2.146
5.867
25.354
40.447
1.270
14.389
7.110
33.230
6.327
48.213
47.924
20.510
12.727
0.687
8.439
19.576
30.333
3.358
14.210
20.284
25.512
35.403
4.195
0.062
11.512
7.979
11.453
9.107
10.564
8.487
10.298
1.933
3.207
6.145
0.463
9.143
15.199
18.454
6.321
14.061
-99.000
0.450
30.545
46.149
8.185
26.937
26.652
46.979
11.580
20.917
21.269
8.868
6.276
4.884
0.685
0.472
2.517
3.873
7.302
7.316
1.885
0.000
0.000
0.000
0.944
0.237
0.168
0.027
0.000
0.632
0.182
0.113
0.546
0.288
4.988
3.931
1.284
0.014
0.000
0.285
0.048
0.000
0.182
0.213
0.000
0.000
0.000
0.000
0.000
0.566
0.669
0.127
0.838
0.539
0.000
0.000
0.000
0.000
0.000
0.000
0.000
0.000
0.127
1.277
1.765
2.832
3.183
0.546
0.000
0.000
0.000
0.000
0.000
0.000
2.304
3.964
5.644
2.769
0.309
0.821
1.380
2.929
0.220
0.748
0.608
2.247
2.546
9.967
6.362
0.000
0.000
1.270
0.072
0.017
7.436
5.764
4.801
2.784
1.796
1.645
0.000
0.000
0.021
0.230
1.677
3.680
0.462
3.335
1.679
1.311
6.584
7.389
5.450
1.226
0.051
3.787
22.452
60.569
31.018
28.152
7.232
16.879
11.278
6.273
14.153
0.388
3.900
9.204
12.082
4.429
18.431
12.384
4.460
22.874
22.120
5.277
2.551
4.400
0.048
2.596
3.090
16.613
4.037
29.704
21.695
22.058
8.679
17.032
51.636
3.495
17.319
0.336
0.000
9.459
9.508
5.064
17.240
6.499
11.275
0.512
7.365
4.503
4.319
8.121
9.940
6.927
19.161
3.691
3.395
4.048
0.625
16.181
16.905
13.326
20.859
27.371
29.888
8.801
9.991
46.620
17.458
22.492
3.821
2.714
6.945
11.226
0.278
0.017
0.096
0.106
0.591
7.043
6.741
1.678
2.283
0.551
0.014
1.145
0.039
0.494
0.845
0.194
0.724
0.000
0.000
3.395
2.130
2.920
-99.000
-99.000
-99.000
-99.000
-99.000
-99.000
-99.000
-99.000
0.031
0.134
0.587
0.409
0.282
0.065
0.446
0.000
0.000
0.000
0.000
0.024
0.385
1.140
0.069
0.000
0.038
0.275
2.839
1.583
0.062
3.716
2.510
1.284
0.206
0.711
0.570
0.110
0.000
0.000
0.441
0.137
0.000
0.000
0.000
0.007
0.031
0.374
0.180
4.355
2.300
2.508
3.658
4.031
0.134
0.051
1.116
6.887
1.047
0.000
0.142
0.007
0.010
0.007
0.000
0.000
0.000
0.010
0.000
0.000
0.000
0.014
0.000
11.138
0.000
3.220
2.789
8.545
0.146
0.505
0.942
0.000
0.173
0.357
1.291
0.000
5.564
8.061
12.401
3.522
15.972
14.033
11.062
14.317
11.287
12.092
10.895
5.043
0.334
0.465
2.616
5.910
21.901
27.818
9.661
10.589
38.220
0.692
5.690
6.718
3.052
1.330
1.737
1.126
1.373
4.377
5.993
14.128
12.940
2.432
19.320
7.167
9.129
6.260
16.442
37.704
20.261
12.136
25.196
17.072
37.934
3.938
17.307
7.124
14.165
4.269
41.582
4.199
13.774
2.410
0.086
0.014
0.433
2.702
12.816
7.975
11.014
9.508
14.248
0.000
8.017
0.323
42.912
0.800
8.940
7.896
1.442
0.954
4.353
0.556
1.473
4.738
4.151
0.192
5.840
1.909
35.393
0.776
0.481
0.034
0.000
0.000
0.096
2.726
13.043
17.736
4.207
1.861
8.212
4.322
0.027
0.292
0.498
4.683
4.293
1.483
0.388
0.000
0.000
0.000
1.159
5.093
7.433
11.084
4.637
0.772
0.000
1.195
5.229
3.878
2.944
1.710
4.300
2.484
0.982
0.093
0.882
5.929
29.081
20.898
5.699
6.209
2.074
2.565
2.760
0.855
5.445
9.126
42.926
36.385
17.305
10.959
2.872
11.337
12.718
24.755
8.765
10.763
11.992
13.772
5.828
6.650
3.100
6.911
13.898
8.164
4.149
0.328
8.085
1.365
1.844
0.944
2.022
0.436
0.292
0.094
3.589
1.121
0.000
0.007
4.714
6.609
2.082
3.478
2.425
7.103
24.958
38.126
3.983
16.128
12.420
11.379
4.417
1.591
2.161
0.319
10.313
8.097
4.178
6.445
0.113
0.862
4.329
6.836
31.289
8.252
0.566
4.067
24.354
23.502
12.502
8.058
18.701
0.151
0.144
2.632
3.593
5.915
3.591
21.569
25.667
15.983
25.528
2.269
25.768
4.875
43.336
1.088
6.942
14.934
0.003
0.413
1.397
17.391
21.355
14.317
15.513
16.749
24.106
39.350
4.089
23.966
12.736
15.240
1.143
20.555
13.290
20.805
12.445
23.291
72.352
10.224
3.533
3.461
10.283
0.185
0.539
0.512
19.539
15.961
2.427
16.112
6.595
37.199
24.191
12.796
15.223
6.719
6.214
1.657
10.658
3.591
1.586
0.041
7.165
13.493
10.022
31.431
24.088
0.642
1.823
23.669
27.488
27.589
35.417
19.538
19.415
4.436
5.297
0.000
0.000
0.000
4.762
4.055
1.301
0.000
0.000
0.000
0.000
0.000
0.000
0.000
0.518
0.151
0.347
0.350
0.000
0.000
0.000
0.101
0.024
2.977
1.524
0.302
11.688
2.541
0.125
0.010
0.000
0.000
0.024
0.021
0.335
0.599
0.024
1.583
0.051
5.408
3.921
0.021
0.000
0.000
0.000
0.000
0.764
0.151
0.613
2.719
4.288
38.308
0.000
0.142
0.187
6.939
1.293
3.641
2.503
0.524
0.000
1.378
1.745
5.842
0.494
0.299
0.721
6.569
8.866
1.895
2.650
1.070
1.693
17.255
5.416
0.021
0.000
0.477
0.000
0.041
0.000
0.000
0.034
0.000
0.014
0.010
1.130
0.113
2.276
0.130
3.526
0.985
4.364
10.660
0.257
0.089
0.000
0.000
0.051
0.257
0.000
0.000
0.000
0.000
0.000
0.106
0.470
2.084
4.161
0.374
1.263
19.731
10.595
17.523
17.583
31.311
10.633
16.443
28.733
22.804
35.974
10.397
14.692
13.702
9.474
8.973
2.934
14.018
9.979
5.552
20.639
6.904
4.067
1.627
3.109
33.390
22.690
60.847
3.687
3.069
9.493
8.470
34.394
21.391
5.847
23.174
15.817
8.858
0.003
0.436
9.534
2.681
3.341
21.138
14.862
13.675
25.586
22.766
25.075
24.733
11.292
6.461
0.130
1.816
2.664
10.046
23.638
30.817
33.755
11.000
8.882
2.362
7.987
4.255
3.497
2.002
0.594
2.697
2.232
2.784
14.555
14.541
26.410
18.551
9.266
31.378
4.851
16.256
56.662
46.606
10.600
26.961
16.965
61.374
3.790
26.987
23.427
14.193
6.725
12.868
19.950
44.409
21.138
17.623
17.036
2.747
4.683
10.210
3.248
2.753
0.412
0.000
1.552
1.473
0.000
0.000
0.000
0.000
0.000
0.000
1.699
11.151
8.226
2.410
0.182
2.788
4.027
4.233
9.253
21.396
6.684
6.427
14.864
5.751
13.015
15.096
7.569
18.874
33.106
20.172
12.574
5.244
5.270
9.306
8.981
18.618
10.688
22.630
1.150
55.680
8.926
14.897
18.064
36.334
0.309
1.998
92.627
11.797
8.406
22.872
71.193
3.972
16.994
12.209
15.007
27.916
68.744
18.601
4.161
32.152
15.036
0.271
10.502
0.900
23.815
20.907
1.068
25.190
38.359
49.675
5.334
26.161
26.652
31.565
30.707
10.973
3.701
17.606
13.953
5.205
15.401
57.174
1.847
36.236
9.259
32.398
15.258
20.268
12.832
6.266
11.530
11.761
17.978
25.548
14.711
33.909
5.610
0.172
1.657
0.124
1.348
20.710
18.833
18.416
27.986
31.306
28.984
1.797
36.888
6.820
21.319
0.000
5.703
35.838
31.309
32.315
55.607
0.055
2.081
22.174
12.334
6.635
10.042
1.124
21.119
12.373
13.523
27.351
25.583
2.264
16.607
39.458
1.140
9.253
12.262
27.009
22.395
29.205
28.007
0.422
12.087
4.455
0.010
2.328
11.410
17.345
0.144
3.090
0.736
2.293
0.144
0.046
2.891
3.129
2.146
4.709
8.526
8.044
2.276
0.213
4.098
0.514
0.007
0.522
0.000
2.455
0.000
2.683
1.123
0.960
18.699
4.063
5.649
3.203
17.139
21.004
8.363
5.322
4.082
3.155
0.000
0.000
0.007
0.000
3.098
3.025
6.963
0.824
0.175
3.914
0.690
4.640
1.346
0.304
7.665
5.778
1.919
2.571
0.038
4.113
1.421
0.000
4.679
0.000
0.240
2.760
0.000
0.069
0.879
0.000
0.000
0.498
0.343
4.820
2.232
0.371
0.426
0.103
0.000
0.000
0.000
0.563
2.446
0.412
4.700
9.093
14.198
16.668
15.940
5.624
14.911
0.697
6.417
8.085
0.927
0.953
8.930
12.857
11.625
6.152
3.474
10.303
0.000
3.650
8.616
12.724
15.171
9.665
11.704
0.000
7.663
14.059
5.939
12.864
9.407
0.498
1.088
0.216
1.617
0.000
0.319
0.000
0.000
0.772
0.292
0.010
6.262
15.477
4.013
7.340
12.003
0.748
16.339
7.405
2.211
5.709
5.775
1.116
8.326
8.933
5.703
7.193
13.530
15.317
24.211
17.612
3.371
8.841
9.579
4.415
2.982
0.772
28.345
22.428
17.956
6.312
17.432
20.411
22.017
20.505
51.909
6.211
6.606
55.752
20.472
21.461
3.425
19.147
3.785
2.978
0.826
0.000
0.000
0.000
4.817
7.915
12.868
8.138
1.275
5.251
3.207
12.925
10.217
10.216
16.176
0.266
13.726
3.196
10.307
4.140
7.278
6.135
5.194
9.476
2.676
5.505
3.433
3.830
1.414
0.205
0.247
0.831
6.949
7.496
5.471
6.418
4.666
9.199
2.139
19.882
5.292
1.321
0.956
4.683
3.300
3.062
1.967
0.527
6.528
0.498
0.443
0.530
6.231
2.994
0.879
6.015
5.280
0.790
0.021
0.211
0.000
0.058
0.479
2.398
2.323
2.250
0.348
6.824
9.203
1.570
10.204
24.359
3.160
7.150
5.670
8.779
13.110
2.355
1.734
5.758
1.260
0.000
0.000
0.766
3.763
2.427
1.547
1.346
3.522
4.027
7.340
7.203
2.925
0.000
1.614
6.839
20.256
5.140
11.824
6.547
4.123
4.607
6.660
8.665
16.085
23.531
15.420
7.814
5.133
10.585
17.432
51.519
13.357
21.226
1.780
10.839
12.919
19.603
10.637
9.089
1.670
0.079
0.845
0.089
0.527
2.262
15.808
13.918
18.816
10.075
23.489
10.051
3.811
20.635
2.796
0.721
2.640
12.181
3.385
40.268
1.902
5.754
2.513
6.073
13.819
2.448
19.624
7.769
59.982
3.378
6.681
9.397
19.365
0.463
7.876
4.522
1.748
14.191
1.878
26.357
0.000
0.415
19.425
40.488
15.189
36.591
16.133
9.986
34.204
27.988
10.971
30.437
18.610
19.569
27.252
22.301
25.226
23.315
2.705
0.000
0.021
0.688
0.309
6.286
25.334
21.588
3.428
0.282
9.134
5.426
11.957
12.561
19.914
10.416
4.377
4.037
5.300
7.498
13.459
14.622
14.801
23.524
15.820
4.583
0.036
1.548
0.172
0.764
2.019
0.000
0.000
0.000
0.000
0.041
1.638
1.056
0.000
0.007
2.402
2.620
0.000
5.545
6.216
8.191
0.182
0.000
0.041
0.000
0.003
0.000
0.000
0.100
0.379
0.000
3.636
0.062
0.000
0.000
0.125
0.177
2.789
4.231
0.000
1.202
2.680
0.797
1.557
0.046
0.908
0.821
1.001
0.031
1.466
6.302
0.244
0.314
1.318
0.797
0.865
0.793
0.645
2.141
0.163
5.626
2.247
0.031
0.978
2.740
4.034
7.127
2.150
0.373
1.670
0.407
1.042
0.278
0.000
0.000
0.000
0.000
0.815
0.602
11.294
6.219
7.251
0.014
0.000
0.024
0.014
3.327
1.548
0.021
0.714
0.439
0.113
0.014
0.000
0.034
1.313
3.341
2.338
3.395
1.329
0.889
9.730
0.790
6.775
8.260
9.766
17.733
6.909
5.727
4.786
20.661
0.419
0.117
0.000
0.697
2.460
2.115
9.792
27.349
8.463
9.187
4.851
12.942
8.775
0.058
5.191
4.398
7.821
13.177
5.095
9.091
10.907
4.309
19.271
3.069
4.752
0.632
8.030
9.256
30.820
1.188
24.987
16.576
12.459
6.655
3.983
0.330
5.013
0.000
0.148
2.913
7.965
22.580
2.283
4.882
9.596
2.338
1.778
9.256
8.288
10.784
11.869
11.172
8.703
3.179
7.436
5.833
5.514
6.317
14.016
15.151
18.478
9.388
37.901
28.616
12.844
10.172
1.777
2.683
8.365
4.752
6.020
4.580
2.082
12.523
6.848
1.042
1.550
20.519
22.014
24.563
5.989
0.014
0.000
2.249
1.526
0.275
0.062
0.434
5.296
8.435
1.171
0.875
1.233
1.627
3.080
1.504
4.870
5.466
3.409
6.487
2.378
8.391
8.986
3.941
3.466
21.535
5.708
2.608
1.528
1.689
4.043
2.901
2.820
11.632
6.293
4.934
4.892
2.712
4.587
2.378
0.453
0.093
0.000
0.714
0.244
0.000
0.316
0.151
0.000
0.793
0.000
1.428
4.350
4.302
0.975
0.034
0.000
1.442
0.999
5.167
6.825
12.185
7.447
5.634
2.764
0.467
0.045
0.000
0.000
2.547
1.071
3.389
6.501
0.000
1.054
14.656
15.625
8.504
8.405
7.127
2.584
0.141
0.477
1.148
1.990
2.796
13.798
5.984
5.076
9.568
1.069
0.000
0.000
0.000
0.021
0.000
0.568
24.513
19.981
1.923
25.641
7.994
1.668
2.867
11.243
17.183
3.543
1.452
14.279
31.174
39.649
2.578
7.471
20.898
5.682
23.363
29.306
2.081
22.975
2.153
14.296
13.352
22.529
29.170
3.921
25.516
0.199
2.644
10.846
3.200
2.474
0.450
2.189
5.943
1.875
14.035
1.741
12.425
8.899
21.342
4.681
6.264
28.973
28.940
19.944
21.624
20.882
9.968
8.690
4.820
6.501
4.447
6.539
0.793
0.000
0.017
0.000
7.687
5.179
4.173
12.243
5.591
2.925
7.316
1.112
15.763
27.972
19.709
1.748
9.386
4.645
20.308
23.857
7.914
3.430
27.648
14.468
9.984
4.903
2.166
0.034
0.021
0.000
0.941
1.112
0.357
0.999
2.523
0.137
1.174
0.000
0.000
0.000
0.003
1.160
0.000
0.463
0.000
0.000
9.392
6.089
0.561
0.000
0.214
1.665
1.227
18.781
3.456
0.479
2.170
0.345
3.204
0.045
1.868
0.120
0.000
0.235
2.317
0.557
2.175
2.149
0.000
0.000
0.000
0.000
0.000
1.809
0.754
0.000
0.027
0.010
0.134
0.000
0.014
0.000
0.000
0.120
1.150
25.488
19.171
10.966
5.974
15.807
8.233
7.368
15.175
17.104
0.415
0.007
0.007
0.010
0.160
1.148
0.580
0.058
1.476
4.782
3.574
0.355
8.150
15.507
7.205
0.000
4.770
6.590
0.000
0.113
13.424
14.240
4.123
9.328
17.303
3.696
0.053
0.017
0.007
0.295
0.318
0.000
0.014
0.003
3.042
0.000
0.096
9.036
20.702
0.285
0.798
4.168
1.325
0.553
0.000
1.878
2.880
0.385
28.201
5.191
0.978
43.602
3.406
34.226
4.281
7.745
4.841
8.789
39.558
15.844
7.320
17.709
2.153
16.325
2.750
6.194
6.750
1.023
10.897
26.161
20.321
9.501
22.632
24.503
20.297
25.955
3.804
5.823
19.717
21.815
10.777
7.557
16.936
14.469
19.793
0.501
7.203
13.527
21.495
25.509
38.341
3.464
23.003
11.532
3.660
10.159
25.536
9.555
11.845
3.917
2.865
2.844
7.533
1.229
6.454
32.073
4.022
4.964
11.597
14.832
1.095
2.208
1.078
6.499
2.142
5.301
9.441
7.900
9.798
0.287
9.834
29.910
0.735
1.281
1.741
7.975
7.224
7.138
3.696
5.716
12.603
6.046
1.854
0.003
0.285
0.548
5.574
3.074
19.252
14.028
0.893
2.362
3.749
7.404
4.662
1.171
5.538
1.569
0.000
0.000
0.000
3.907
1.466
0.000
0.270
0.089
0.000
0.000
2.170
1.076
3.423
1.251
0.273
5.759
6.995
7.459
2.287
0.000
0.101
3.586
1.957
3.057
10.598
12.945
3.385
0.141
0.000
0.000
0.000
0.000
0.000
0.299
0.062
0.858
0.158
0.000
0.064
0.000
0.000
0.000
0.000
0.000
0.000
0.000
0.014
0.007
0.000
0.000
0.000
0.000
0.161
0.096
0.000
0.003
0.000
0.000
0.000
0.738
0.045
10.955
20.774
0.910
10.403
10.368
18.615
9.093
10.523
7.608
17.043
19.401
17.149
23.071
17.077
12.641
13.470
18.016
34.720
15.316
7.618
1.823
12.861
16.919
7.351
4.346
2.036
3.437
15.171
10.664
7.684
3.574
0.048
13.400
13.403
0.172
0.000
0.000
0.000
0.000
1.147
1.095
2.077
17.362
4.906
16.524
1.610
13.884
3.718
13.094
17.818
23.521
6.506
15.175
3.289
15.958
7.677
12.758
5.043
2.774
2.551
0.863
0.000
5.620
6.022
0.010
0.223
4.637
2.671
0.271
10.322
8.861
3.794
3.200
3.718
0.561
1.239
0.000
4.089
1.512
8.949
21.435
0.000
0.007
0.000
0.000
0.000
0.402
0.290
0.039
0.000
0.000
0.196
2.215
0.000
8.409
5.871
6.073
0.589
0.084
0.265
0.000
0.000
0.027
1.718
0.021
0.029
2.970
0.000
0.000
0.069
0.175
0.326
0.700
3.723
2.826
1.938
2.044
0.000
0.000
0.000
0.000
0.270
0.000
0.000
0.000
0.000
0.000
0.000
0.000
0.003
0.007
0.000
2.611
7.405
1.730
0.000
0.007
0.364
0.621
7.031
0.000
0.000
0.000
0.000
3.660
2.475
3.220
1.342
7.629
9.318
0.000
0.000
0.000
0.000
0.000
0.491
0.000
0.000
0.024
0.007
0.000
0.000
0.000
0.000
0.024
0.566
3.189
0.319
0.103
0.031
0.594
0.058
1.120
0.429
0.000
0.482
0.000
0.000
0.000
0.342
2.687
8.459
18.225
1.931
2.838
0.096
0.086
0.268
16.631
5.376
2.046
0.024
2.402
2.705
9.036
0.772
1.416
0.276
0.644
2.565
7.893
0.948
1.057
0.000
0.000
0.718
1.051
0.488
1.339
0.415
9.438
16.261
22.934
6.257
7.539
18.160
6.417
23.775
2.839
4.377
4.516
9.596
2.695
6.235
46.670
6.873
2.029
9.462
12.178
4.789
14.761
13.171
10.329
3.363
21.858
22.227
0.966
7.840
2.383
9.762
4.389
4.470
14.310
12.162
14.385
15.575
31.871
10.837
20.780
16.952
11.170
5.948
30.118
16.900
10.092
19.490
14.761
27.224
2.868
15.216
2.517
3.667
10.267
1.674
3.653
4.146
1.820
0.007
6.609
5.177
0.050
0.491
0.303
0.029
0.000
0.690
0.120
0.822
2.405
8.236
0.569
0.000
0.000
0.000
0.000
0.652
0.542
4.207
1.742
0.000
0.790
0.323
0.000
0.000
0.000
0.594
0.518
0.021
0.000
0.179
0.079
0.690
5.160
4.728
18.946
5.620
6.152
0.179
0.000
0.000
0.000
0.014
0.014
0.000
0.000
0.000
0.179
0.130
0.285
2.438
1.536
1.369
0.000
0.014
0.544
0.000
0.000
0.000
0.522
0.566
1.408
2.775
4.686
2.608
2.484
1.957
10.245
15.060
15.170
4.570
0.439
0.000
0.000
0.000
0.000
0.000
1.135
0.242
0.724
0.165
4.910
6.482
8.492
7.958
1.358
0.778
3.234
2.733
0.280
0.414
0.302
0.000
0.000
0.014
0.027
5.768
4.436
7.471
13.677
7.737
12.053
0.762
9.702
27.819
3.129
10.268
0.034
0.021
14.934
5.974
14.256
1.909
5.692
2.122
7.934
3.231
6.154
7.946
13.704
24.134
13.800
7.235
4.363
6.367
12.440
3.600
1.591
1.162
1.471
4.637
3.998
3.821
3.644
6.729
11.346
9.927
10.195
3.461
9.270
6.662
18.388
8.599
3.201
13.578
1.493
0.409
7.958
13.802
3.299
40.227
1.669
17.073
5.850
15.364
22.302
15.443
11.223
0.000
0.549
8.662
18.963
20.610
5.349
1.899
4.092
28.087
16.610
1.576
2.850
9.311
8.377
1.119
5.440
13.204
60.330
17.200
3.131
27.040
7.174
6.262
7.910
3.595
1.998
1.037
1.195
2.226
0.378
0.779
3.619
15.748
4.729
0.196
0.000
0.000
0.180
0.639
2.022
0.237
0.742
0.220
4.861
0.985
0.000
0.405
0.000
0.348
0.894
0.220
0.738
9.381
0.302
2.218
0.446
0.000
0.000
0.000
0.010
0.479
0.062
0.000
2.771
14.351
15.999
0.051
0.494
4.498
0.457
0.165
0.000
0.000
6.317
8.597
8.181
3.138
0.000
0.000
0.000
0.000
0.137
1.028
2.529
0.022
4.218
4.048
4.001
5.790
3.912
2.651
3.152
0.000
0.251
0.000
1.754
0.070
0.017
0.000
0.000
0.000
0.817
6.303
1.895
1.847
0.529
7.974
0.264
0.129
4.992
4.024
3.946
4.091
0.129
0.089
11.484
4.261
0.007
0.553
6.230
0.000
0.252
5.742
11.226
0.309
11.575
21.080
17.020
6.242
44.112
10.204
3.028
7.828
5.826
0.000
4.511
7.084
9.043
1.418
5.970
10.605
0.515
5.656
6.307
8.145
0.185
2.208
22.704
30.918
1.651
0.963
0.000
0.000
41.262
11.397
0.750
47.305
4.135
2.616
17.487
4.074
2.362
5.297
9.417
57.033
13.120
0.257
14.667
5.740
11.958
0.000
19.411
39.142
33.419
0.625
18.680
23.775
3.344
0.069
4.037
2.063
66.248
10.451
3.025
3.073
9.520
6.482
25.838
84.938
0.000
0.237
21.530
10.087
0.965
4.882
25.777
31.376
22.745
15.293
0.000
0.374
2.019
4.044
2.015
2.549
3.021
0.584
0.000
0.000
0.000
4.137
2.190
2.827
2.046
0.000
1.966
0.724
0.000
0.127
0.496
4.772
4.007
3.234
1.761
1.686
1.059
4.875
5.989
10.028
6.976
20.062
8.287
12.698
5.098
7.879
1.020
4.202
7.076
1.437
4.873
2.405
3.062
5.521
1.341
0.165
0.000
0.000
2.489
0.989
0.000
0.000
0.810
0.501
0.152
1.155
7.162
4.316
1.013
1.658
0.608
0.000
0.000
0.000
0.000
0.000
0.000
0.869
8.978
2.484
7.365
3.670
1.047
0.000
0.168
1.375
15.537
2.261
2.213
0.695
0.062
0.000
0.000
1.044
1.051
1.881
2.994
5.582
1.744
1.941
7.533
17.194
4.714
1.215
0.110
0.853
1.620
3.704
0.450
3.341
2.753
1.157
14.945
17.067
1.734
3.238
18.539
16.095
17.966
14.347
15.657
2.101
2.822
10.231
33.755
3.522
3.754
1.294
1.511
16.713
0.398
12.025
15.738
21.197
3.893
3.292
1.476
0.014
0.014
0.000
4.738
6.200
1.552
0.000
0.014
1.717
2.719
25.832
0.041
14.500
19.370
5.646
9.325
3.801
12.363
22.493
16.394
13.824
17.832
7.756
13.314
55.495
2.297
16.449
19.463
8.144
6.952
25.868
2.733
11.515
9.613
13.901
22.728
12.317
0.003
5.806
2.390
9.967
6.260
5.974
26.204
3.718
16.085
0.172
17.599
16.627
16.754
12.983
0.134
12.318
7.210
0.003
0.000
1.353
17.935
16.470
18.536
7.743
16.730
2.132
7.134
4.096
22.619
19.798
3.200
1.566
16.641
2.120
0.031
0.000
0.058
1.511
0.187
2.903
0.433
0.000
0.254
0.000
0.000
0.000
0.103
11.989
0.661
0.000
0.051
1.521
0.611
2.880
0.264
1.009
1.524
1.590
0.295
0.034
0.069
1.155
0.067
3.852
1.854
1.366
1.620
1.569
0.917
3.598
1.627
0.000
0.014
0.000
0.014
0.007
0.625
3.481
1.425
1.102
0.000
0.000
0.065
0.086
0.620
3.217
1.500
0.000
2.795
4.171
0.103
1.078
0.058
0.000
0.621
2.455
3.698
7.704
1.706
6.465
0.391
3.900
0.065
0.319
0.065
15.422
17.187
12.584
12.469
5.878
17.094
11.148
6.630
3.083
0.975
0.086
0.529
0.106
0.000
1.384
7.869
4.683
0.941
2.194
1.363
15.911
7.920
12.068
11.714
17.372
9.127
0.474
0.251
3.073
12.651
8.933
20.053
89.841
2.474
17.199
32.327
8.604
9.268
13.460
5.847
6.817
12.869
26.506
5.200
3.291
20.143
20.168
4.895
0.268
1.399
2.894
14.100
31.836
0.021
4.690
16.811
11.261
20.611
6.079
3.135
38.687
0.167
2.983
0.340
29.648
0.000
0.000
2.764
8.015
10.925
16.809
5.493
25.919
12.871
2.060
19.763
0.236
3.444
4.851
0.512
0.000
6.963
33.268
0.029
13.845
81.153
30.485
92.790
17.686
15.486
1.814
3.457
53.895
7.751
18.368
12.092
6.327
3.159
8.834
0.855
20.974
1.833
13.280
1.675
3.351
1.435
7.920
16.308
3.667
5.915
3.426
2.517
0.731
3.038
1.016
3.579
10.315
7.399
3.447
3.402
3.093
9.929
1.974
5.208
7.258
2.199
0.118
0.000
0.000
1.505
0.620
2.939
7.169
6.444
1.452
0.014
0.007
0.000
0.093
0.017
0.000
0.000
2.515
2.462
3.116
0.680
4.082
16.311
3.967
3.761
5.689
3.219
1.799
1.645
0.110
0.081
0.000
0.000
0.130
0.058
3.608
1.215
0.501
4.743
7.138
0.949
2.173
5.109
2.930
5.455
2.542
0.915
1.329
0.786
13.726
5.279
2.252
0.007
0.378
0.072
1.466
3.164
1.234
0.000
0.076
4.602
3.411
9.819
1.928
2.803
0.628
0.010
0.031
2.829
0.463
0.285
0.072
0.000
0.728
2.173
8.835
0.565
0.656
0.788
4.690
0.000
0.122
0.927
0.918
0.975
23.880
42.629
1.538
9.620
3.622
9.690
19.142
10.926
3.766
4.237
10.245
2.247
10.631
7.829
16.428
30.209
0.000
1.181
12.171
3.401
6.775
3.906
19.208
10.912
6.400
2.144
4.625
3.172
8.997
0.093
7.018
1.955
18.850
46.136
4.643
8.092
5.498
4.714
14.662
4.650
7.895
7.455
4.714
2.645
3.842
24.401
13.514
13.070
12.607
17.873
22.029
23.385
16.869
16.882
3.837
3.345
14.009
27.512
16.174
2.308
8.558
22.151
1.531
0.549
0.884
2.912
0.000
0.134
0.000
0.000
0.000
0.000
1.739
7.412
1.064
0.031
0.045
0.021
0.240
8.284
9.084
0.000
0.628
0.278
0.000
0.051
0.051
1.751
1.219
23.064
4.437
2.810
1.689
2.238
0.525
0.089
0.000
0.134
0.079
0.215
0.392
0.000
0.000
0.017
0.760
0.000
0.038
0.549
1.329
0.000
0.000
0.000
0.000
0.003
0.000
0.000
0.000
0.048
1.148
2.121
1.248
4.134
0.000
0.000
0.007
0.000
0.027
0.630
0.512
2.610
0.031
0.069
0.000
1.056
0.228
0.896
0.000
0.834
0.120
0.051
0.000
0.000
0.000
0.000
0.000
0.000
0.000
0.000
0.000
0.000
0.354
0.762
0.525
9.273
3.014
5.284
2.142
0.000
0.000
0.663
0.127
0.338
0.084
3.179
6.781
3.110
2.067
0.000
1.748
28.305
50.815
10.863
0.795
0.118
0.558
0.867
8.353
1.044
37.388
10.214
10.537
0.021
0.000
6.377
10.640
1.655
22.261
8.499
14.263
20.943
25.488
20.174
0.000
3.162
7.608
25.035
21.355
4.669
6.351
7.752
4.563
9.836
63.958
1.346
1.909
11.179
4.985
30.405
0.058
14.873
29.110
6.492
27.428
7.567
6.108
2.365
0.000
0.415
3.663
22.144
28.640
5.308
15.511
16.857
7.402
2.472
0.700
7.704
9.156
3.807
2.499
7.539
4.638
11.628
5.836
2.819
14.294
22.611
11.151
21.001
10.643
20.026
12.971
25.330
0.821
0.000
9.029
68.548
0.652
1.035
4.703
15.985
18.081
16.146
13.745
18.831
0.021
10.242
8.921
3.948
6.710
3.676
1.770
4.463
13.446
12.136
21.823
15.956
3.842
10.744
3.244
2.603
4.946
2.218
11.731
1.044
3.677
8.969
3.291
8.109
2.575
4.110
10.997
4.803
0.999
6.846
11.567
1.404
5.109
7.787
7.339
6.494
4.643
1.691
8.123
19.472
9.768
6.108
18.186
1.749
6.324
17.307
30.604
22.524
20.524
36.059
15.117
16.358
19.420
18.917
23.662
12.720
27.718
24.002
26.527
21.796
17.101
3.773
2.683
1.205
10.217
76.033
2.311
14.037
9.409
11.294
36.470
22.019
12.756
7.738
10.373
5.888
4.218
14.562
20.738
15.250
20.201
12.597
6.103
21.952
5.538
9.405
1.136
0.007
0.000
0.106
0.086
0.048
5.548
9.967
12.988
16.019
9.084
46.198
2.170
5.723
21.880
10.224
12.677
7.083
16.698
4.934
0.000
3.811
9.630
14.334
15.827
5.260
18.285
3.629
17.516
11.594
19.334
4.681
13.304
3.359
8.657
3.315
25.943
17.140
39.411
0.227
14.428
21.195
26.913
29.210
22.125
19.914
27.718
14.880
16.330
23.162
12.054
19.288
20.491
20.721
21.815
14.739
2.458
2.007
8.494
3.859
5.447
0.489
3.068
36.662
1.071
4.915
5.035
7.466
12.691
13.632
16.037
18.055
27.227
0.828
10.364
12.381
14.898
11.328
1.303
1.857
2.527
13.239
29.146
0.172
13.348
15.566
5.520
3.438
0.065
4.379
0.000
2.211
0.000
1.605
0.098
8.068
3.790
0.965
0.354
0.043
3.213
7.094
3.938
16.394
2.673
5.839
0.000
0.000
1.186
14.069
11.594
17.725
4.512
4.760
10.116
27.395
3.464
14.205
0.924
0.010
2.566
8.072
0.000
0.000
0.000
0.553
6.248
2.541
0.271
0.817
1.524
0.391
0.000
0.000
0.000
2.099
0.000
0.216
0.522
3.670
12.421
3.097
1.140
0.031
0.158
0.553
1.051
1.830
4.465
2.252
2.132
0.409
0.113
0.000
3.153
0.003
1.293
2.977
0.000
0.000
0.007
0.215
6.336
4.280
2.015
9.932
6.860
5.850
16.029
26.698
5.315
6.429
7.251
9.258
0.585
0.107
0.383
6.784
3.500
1.380
23.236
21.614
3.874
12.340
0.663
0.970
0.010
0.000
0.000
0.000
0.578
16.330
3.325
31.713
16.828
15.759
1.856
0.000
0.606
1.928
0.060
0.582
2.789
6.614
6.921
15.050
19.532
7.763
8.094
6.841
11.848
15.975
11.204
12.893
0.294
36.808
14.947
10.870
21.327
12.356
2.618
11.964
21.477
18.632
2.532
9.687
4.688
3.141
1.598
2.870
3.577
0.000
19.114
6.437
2.726
37.072
10.043
4.504
23.646
4.789
8.732
4.067
1.073
20.563
2.329
2.146
7.395
0.209
0.039
0.371
23.274
2.887
1.605
14.202
6.446
16.213
27.440
50.650
15.285
51.933
3.177
22.246
39.528
18.584
22.765
25.202
0.285
1.547
3.663
1.349
7.936
20.910
36.107
40.502
16.057
15.480
0.999
2.122
1.008
0.032
0.594
0.100
0.000
0.000
0.027
0.903
0.161
9.872
3.274
13.913
18.836
49.243
0.537
0.814
2.805
1.128
3.620
4.158
2.012
2.323
5.299
1.842
19.509
18.114
1.009
19.236
12.675
11.800
4.130
2.118
0.515
35.551
0.038
4.254
21.245
0.772
0.903
1.490
0.000
0.000
0.776
0.549
0.666
3.897
1.392
0.007
0.000
0.488
20.249
19.863
0.821
12.662
2.740
3.426
2.565
5.527
1.911
1.324
0.609
6.139
5.751
7.198
2.513
16.461
7.575
1.784
2.350
3.871
2.776
2.544
0.007
0.010
0.048
36.663
8.360
16.912
13.247
18.083
1.444
11.633
33.620
9.122
13.704
10.142
3.950
18.157
24.009
13.597
7.347
17.943
17.441
7.145
5.255
17.118
16.152
11.704
10.948
4.791
6.164
0.940
1.647
1.749
0.000
2.073
3.428
3.965
3.248
0.252
2.359
0.000
9.904
11.924
1.685
4.207
4.094
11.861
2.628
11.040
16.553
11.501
13.645
47.313
31.559
17.748
16.095
0.889
15.404
26.851
0.694
18.138
0.027
0.553
44.378
36.546
1.871
5.985
12.793
9.716
9.874
4.207
6.925
11.247
5.188
3.686
0.000
3.569
13.752
17.983
22.618
5.013
9.043
1.555
0.034
0.481
8.895
21.283
2.235
8.624
21.777
13.189
17.533
46.579
20.939
7.752
8.689
5.994
4.041
2.204
2.434
1.396
0.000
1.154
1.988
14.265
6.475
20.780
6.918
14.864
13.668
4.891
0.912
0.597
0.630
9.323
0.007
0.047
23.179
7.910
15.020
0.091
12.765
9.184
2.308
0.227
0.997
0.537
0.072
0.426
5.352
1.179
0.038
0.055
0.014
0.424
0.000
0.000
0.069
0.064
0.683
0.687
0.855
0.000
0.000
0.000
0.721
0.000
0.000
9.661
3.210
1.672
0.553
0.000
0.000
0.199
0.024
2.851
5.227
0.000
0.000
0.000
1.322
0.038
0.000
0.000
0.000
0.628
1.574
2.774
0.000
1.078
0.024
3.643
21.609
4.937
0.845
8.411
9.400
8.971
1.665
1.504
8.233
1.607
7.606
10.386
1.957
0.124
0.027
0.635
4.391
0.000
1.092
1.929
1.837
0.769
1.320
5.406
3.224
0.031
0.278
0.000
0.010
0.000
0.000
0.000
0.000
0.000
0.017
0.084
1.073
0.968
0.038
2.484
0.058
0.782
6.472
10.186
5.927
1.195
10.300
2.074
0.000
0.216
3.696
7.050
7.897
10.454
0.000
0.021
0.000
0.000
0.007
0.000
0.118
5.416
17.183
18.816
11.900
18.701
13.808
15.808
10.058
9.148
9.592
0.000
12.160
27.256
17.513
0.139
10.381
18.038
21.406
14.457
3.552
8.614
11.819
12.890
6.075
2.547
7.768
3.413
6.034
2.856
0.553
2.987
21.164
4.861
2.048
0.058
1.847
4.494
2.403
6.367
2.139
0.493
3.566
1.596
1.258
0.970
1.427
3.758
6.388
23.995
19.254
3.038
3.301
0.000
0.000
0.625
10.391
15.722
22.838
0.000
0.268
0.101
22.431
3.560
11.501
8.047
0.165
6.499
7.996
28.728
6.454
6.734
5.107
3.830
0.488
0.968
4.084
4.132
2.952
2.250
4.946
7.460
7.896
43.892
10.478
10.567
6.664
0.834
0.498
0.000
0.000
0.000
0.000
0.350
4.195
1.854
0.831
0.034
0.203
0.038
0.048
0.014
0.048
4.415
1.847
0.000
0.000
0.000
0.000
0.000
0.000
0.000
3.131
0.673
0.175
2.335
2.338
3.183
3.093
3.988
1.169
0.038
0.024
0.000
0.000
0.000
0.000
0.000
0.000
0.000
0.000
0.000
0.045
0.000
0.000
0.103
5.624
3.198
0.596
0.000
0.000
0.122
7.923
7.519
1.723
0.000
0.000
0.000
1.710
3.073
2.736
6.612
3.244
6.152
3.704
19.645
23.123
0.508
6.897
1.421
5.939
1.542
0.336
0.271
0.000
0.000
0.000
0.556
18.824
9.859
4.805
16.411
12.243
33.134
14.516
3.148
2.393
0.755
4.120
2.328
3.806
12.506
0.632
10.883
4.722
12.990
3.402
6.933
9.065
8.758
28.705
22.462
37.420
0.240
7.417
31.508
32.512
20.175
4.837
9.120
11.204
28.997
6.017
7.374
0.125
0.439
10.210
10.425
18.361
1.710
2.541
4.211
3.540
4.338
1.071
4.276
3.708
9.707
2.946
11.966
12.600
9.807
11.161
40.980
111.389
3.485
15.119
17.650
22.946
3.262
1.370
2.226
8.499
3.468
7.599
10.513
0.000
10.959
1.578
2.072
3.251
6.619
1.748
0.065
0.038
2.759
4.719
0.000
0.000
0.010
0.130
0.000
0.529
0.000
0.000
0.000
0.000
0.000
0.156
0.350
0.000
0.000
0.101
0.048
0.000
0.000
0.000
0.000
0.000
0.000
0.000
0.000
0.000
0.000
0.000
0.000
0.000
0.000
0.000
0.000
0.000
0.017
0.000
0.503
1.207
0.000
0.000
0.000
0.031
0.007
0.000
0.000
0.000
1.140
0.000
1.107
0.000
0.000
0.000
0.000
0.000
0.000
0.027
0.014
0.443
18.395
7.914
7.330
17.640
0.163
4.772
0.034
0.321
1.765
2.954
16.410
14.795
0.000
0.007
0.048
0.000
0.431
1.512
0.822
0.000
4.074
0.318
0.000
0.443
0.065
0.000
0.000
0.439
0.000
0.000
0.000
0.172
9.544
10.379
15.233
1.365
0.003
0.299
0.000
0.000
4.697
1.754
0.165
0.474
0.800
10.830
1.468
23.797
13.679
9.495
5.826
26.427
0.335
0.575
11.525
17.508
0.017
0.062
0.076
16.009
0.209
2.386
20.551
19.384
13.036
4.487
13.245
1.603
25.121
1.885
15.525
7.639
12.905
13.046
32.959
38.576
12.706
5.064
5.469
20.589
24.743
13.764
48.693
27.655
16.572
20.486
11.082
18.107
27.229
39.757
11.827
13.307
5.644
1.531
45.071
8.966
15.350
43.969
2.163
6.678
9.273
11.082
15.244
3.777
0.000
2.602
17.376
11.591
13.211
2.592
3.289
14.674
10.739
57.465
16.538
92.254
13.414
8.259
2.673
16.255
9.821
5.383
0.652
4.393
13.881
4.463
2.649
7.253
7.248
1.463
0.000
0.268
2.910
1.699
4.412
1.768
6.969
1.377
0.851
0.154
0.010
2.812
2.848
1.217
5.181
1.727
0.031
0.027
0.862
0.745
0.498
14.382
3.214
10.245
4.007
22.567
4.546
6.077
2.266
0.436
0.027
0.072
1.912
6.080
3.941
12.572
9.019
10.674
8.054
7.512
2.802
15.199
18.158
26.638
9.335
14.363
5.967
3.907
2.901
1.631
1.514
0.954
1.536
11.736
17.302
22.179
6.849
0.935
20.017
2.671
2.812
8.626
3.452
16.510
3.052
2.022
3.521
31.294
29.967
16.545
5.055
7.059
13.403
12.827
13.970
1.598
0.965
2.932
0.537
7.828
20.112
22.860
16.620
12.645
11.967
13.910
40.007
49.487
13.922
13.302
27.509
8.049
2.867
17.425
0.230
3.419
5.782
11.058
17.513
9.253
4.340
6.015
14.523
15.285
7.773
13.021
11.282
16.219
16.929
1.732
4.532
12.428
20.553
15.758
75.668
0.438
5.256
1.207
0.469
1.425
0.618
10.933
21.054
7.658
26.391
20.553
29.642
61.295
71.864
1.102
10.162
15.542
20.984
10.169
22.539
14.111
12.914
92.991
3.926
4.152
20.963
3.684
13.657
12.562
17.540
9.812
25.724
10.945
4.103
0.791
0.434
2.649
5.928
14.246
14.742
19.854
28.491
13.664
8.743
13.384
0.062
8.871
84.251
0.860
8.411
3.191
4.810
7.327
6.285
5.859
17.212
34.454
17.414
15.388
13.903
45.545
11.877
1.821
20.372
0.003
16.953
11.494
13.954
7.838
15.302
22.455
19.841
23.979
3.894
13.129
6.032
1.947
0.045
0.917
1.397
0.213
0.185
0.000
7.177
20.817
4.609
10.990
6.667
6.015
7.900
8.645
3.148
0.000
0.000
0.000
0.000
8.703
13.778
3.186
0.151
5.912
0.000
0.000
0.000
6.389
2.802
3.753
4.601
16.933
29.938
7.241
10.190
3.715
0.014
1.092
0.920
3.195
6.638
1.081
0.000
1.442
1.507
1.030
0.000
1.995
12.274
10.760
13.760
24.688
2.125
30.278
1.699
18.756
2.944
14.931
5.260
49.699
4.669
22.477
3.433
15.566
0.038
9.905
3.540
10.155
20.994
1.550
0.714
5.891
19.382
6.763
1.514
0.000
0.000
9.538
0.783
8.508
11.781
5.031
5.634
55.776
8.533
15.328
2.225
0.125
0.287
0.297
17.865
13.522
1.405
14.064
11.165
18.886
21.962
20.520
8.092
19.508
14.478
2.970
1.222
0.762
21.813
64.891
1.490
0.663
0.233
0.486
9.476
18.807
26.343
28.055
2.101
3.183
3.354
1.717
0.294
7.213
3.646
2.242
5.510
23.555
1.006
1.428
37.051
12.136
1.222
5.121
34.428
28.003
29.349
23.421
18.428
24.448
34.053
32.878
0.140
0.424
19.509
31.785
42.594
5.660
15.413
18.401
12.454
3.655
4.585
0.433
0.436
10.928
9.404
14.104
4.606
0.000
1.336
0.381
6.194
4.492
17.094
5.653
9.199
12.229
1.087
5.522
44.634
8.945
4.475
25.699
9.261
25.830
50.256
0.062
0.570
11.256
43.919
1.712
12.246
3.492
4.875
10.804
8.886
18.646
17.303
0.179
22.722
30.469
22.785
0.494
15.745
8.913
10.720
20.168
24.669
3.217
3.203
2.802
1.772
0.790
0.663
0.179
0.007
0.000
0.010
3.461
1.421
0.000
1.909
6.221
3.955
2.031
1.257
1.538
6.221
2.633
0.616
3.100
0.944
0.000
2.618
0.913
3.646
0.930
0.546
4.659
9.270
15.419
21.022
4.000
1.051
3.759
3.265
8.573
44.158
2.829
0.275
3.787
4.401
1.164
11.618
17.921
14.519
18.309
67.971
0.120
8.810
39.314
11.333
8.113
4.834
5.098
6.599
69.547
20.982
11.707
23.131
16.637
11.992
12.064
34.200
29.497
11.644
36.909
16.121
14.047
58.349
7.644
5.931
7.912
15.587
2.180
5.318
11.785
35.651
6.554
33.151
10.744
10.211
84.932
17.386
31.555
0.000
0.331
16.036
9.006
2.887
14.876
0.462
2.292
2.240
5.406
15.555
11.165
11.204
9.745
10.837
15.180
36.397
0.712
20.110
14.588
23.274
15.480
15.410
5.158
11.646
16.351
20.131
27.674
9.064
41.763
19.820
10.763
12.160
9.459
17.184
6.077
5.696
4.281
13.302
23.112
18.174
25.987
25.593
24.905
20.362
20.383
21.350
53.783
14.121
3.092
10.161
3.677
0.558
1.136
9.005
19.484
35.633
13.027
11.116
4.247
12.312
18.150
3.406
21.628
29.419
19.013
18.419
1.835
0.000
3.560
4.741
8.456
14.907
29.402
0.031
11.755
19.226
2.455
25.835
3.753
6.286
3.612
0.182
1.662
2.300
5.327
11.687
1.995
0.055
0.179
2.281
0.553
3.907
0.041
1.528
6.067
2.736
0.000
0.079
0.604
0.625
0.141
0.978
0.165
0.000
0.045
0.000
0.000
0.000
0.292
0.189
1.432
1.614
3.074
2.709
1.754
0.000
5.505
0.000
0.065
0.079
0.220
4.549
4.226
22.707
0.968
0.553
17.190
5.981
0.000
0.130
0.065
0.031
5.624
0.000
0.000
0.000
0.000
0.000
0.536
0.185
0.055
0.192
4.556
3.622
2.493
19.394
36.389
4.456
20.187
43.973
2.101
5.627
2.350
9.356
23.712
21.911
16.534
10.423
28.073
6.715
1.009
0.302
3.854
15.638
1.734
2.166
9.659
17.209
2.101
6.321
1.698
0.630
0.120
2.918
3.571
1.797
0.762
4.580
1.051
9.421
3.291
9.345
4.855
3.759
4.928
21.919
7.907
11.858
15.686
1.463
5.320
0.259
0.096
15.448
8.796
9.697
7.702
13.881
10.543
2.366
32.482
20.296
2.535
13.819
33.927
26.934
7.328
18.359
5.425
6.301
7.535
18.737
6.909
9.949
14.409
11.137
35.369
60.734
15.783
23.624
28.365
16.095
27.586
0.014
2.087
2.146
6.149
9.599
20.699
14.409
23.895
3.625
28.465
10.914
10.283
4.013
4.130
4.288
2.081
2.187
2.980
7.975
30.024
20.356
15.055
4.240
10.605
5.497
2.170
0.900
2.530
2.410
5.665
5.205
2.867
4.576
4.903
2.602
10.499
4.901
12.603
15.867
5.545
7.090
10.801
4.000
4.432
14.207
10.123
7.426
6.734
3.799
4.413
6.316
7.950
5.109
5.076
5.704
7.163
3.886
1.581
1.747
0.010
0.000
3.780
0.965
0.746
3.642
8.741
4.769
3.943
6.403
11.893
8.353
11.482
7.578
7.074
2.771
0.105
1.484
0.534
0.413
0.755
1.429
6.942
3.279
11.271
3.560
3.201
5.346
3.543
3.759
0.559
2.300
0.712
0.000
0.000
0.000
0.000
3.795
1.385
0.021
0.000
0.000
0.000
0.000
0.371
0.419
4.513
0.956
0.893
0.112
2.307
8.600
1.278
0.024
0.000
16.958
17.580
41.207
9.323
2.220
6.666
7.476
6.140
21.693
14.833
13.760
11.589
12.512
2.839
1.825
0.100
5.164
2.596
0.154
12.930
10.564
0.336
2.372
11.513
17.165
10.095
20.296
10.495
22.333
15.880
1.555
3.335
7.637
5.794
4.338
2.644
2.827
3.478
0.821
0.118
0.961
3.551
2.382
6.480
2.855
1.631
0.007
0.151
1.722
11.548
4.863
13.232
3.458
3.938
12.796
15.496
7.043
12.829
12.148
6.257
26.699
36.384
37.374
24.178
10.832
15.925
9.646
4.147
37.875
54.333
26.732
29.715
11.848
0.426
0.513
14.047
27.402
12.161
15.443
0.000
0.000
0.000
4.758
6.735
2.620
0.033
0.209
0.148
1.372
0.367
1.363
4.710
10.550
1.267
5.679
1.267
1.655
2.493
0.182
1.243
0.745
1.878
0.000
0.000
0.000
0.000
0.000
0.000
0.000
0.000
0.000
0.000
0.000
0.033
0.045
0.000
1.250
14.128
9.373
1.351
4.535
0.024
0.024
0.000
0.151
0.000
0.000
0.056
0.120
0.206
0.323
0.678
0.003
0.007
0.000
0.000
0.386
0.306
0.541
0.112
3.105
7.196
0.021
0.106
4.516
2.441
0.000
0.000
0.000
0.000
0.000
0.000
0.000
0.000
0.131
0.000
0.360
1.427
3.071
1.348
0.204
0.003
0.007
0.000
0.000
0.000
0.014
1.505
0.000
0.110
2.146
2.243
0.391
0.000
0.089
1.720
3.536
5.378
1.162
1.102
0.287
0.338
8.298
21.753
70.678
18.644
24.537
13.609
8.811
19.750
8.393
0.000
1.588
1.492
1.598
3.186
14.818
3.978
21.319
57.239
21.188
14.802
35.797
29.162
18.768
10.813
1.018
2.741
2.695
1.263
9.244
0.335
0.249
0.357
8.829
3.979
4.714
14.632
13.839
6.170
11.180
13.429
8.727
12.523
25.643
10.051
0.505
4.741
12.164
19.192
8.393
3.426
3.351
1.617
8.617
10.739
8.883
6.533
5.336
15.712
7.342
1.861
4.860
18.282
12.866
19.078
62.729
22.541
25.571
14.876
2.496
8.466
7.572
17.147
24.091
42.071
4.249
6.444
11.918
2.180
22.967
8.058
5.517
18.414
9.067
38.291
13.609
23.341
1.114
3.128
3.116
2.081
23.207
12.554
13.707
5.529
9.438
10.993
7.773
7.893
6.350
1.487
0.326
5.520
4.667
6.053
2.041
2.693
1.942
0.934
4.764
4.542
2.048
0.386
3.589
1.076
0.000
0.010
0.762
0.134
0.422
0.426
0.074
0.367
0.110
0.000
0.014
2.956
3.128
6.736
9.864
6.932
6.437
1.390
0.192
1.188
10.902
9.019
6.472
10.413
7.852
14.251
1.993
6.485
0.000
0.079
0.017
3.691
0.951
2.369
4.498
3.766
1.914
2.879
6.305
2.599
0.989
1.576
5.735
1.955
0.014
0.000
0.165
0.039
0.391
1.166
4.800
4.284
1.696
1.004
0.342
0.000
0.000
0.000
0.072
4.539
9.390
8.806
1.878
3.226
1.500
0.129
0.000
0.000
1.085
2.765
13.685
13.108
1.552
0.352
12.347
9.179
2.213
14.488
3.685
0.110
9.045
19.654
20.062
1.598
0.251
3.318
9.986
14.844
5.333
15.400
24.287
35.628
4.628
14.790
13.354
5.452
13.822
6.709
6.966
1.564
1.351
0.894
15.853
6.654
6.060
2.146
8.650
7.725
19.671
12.358
7.060
11.886
7.969
9.574
0.489
0.664
23.922
52.846
56.042
21.713
17.573
7.969
4.963
17.195
1.493
0.055
5.122
69.727
0.378
15.491
0.748
0.079
0.676
15.844
12.871
12.552
4.745
10.681
36.643
15.062
27.716
12.078
0.364
10.001
23.006
9.277
25.361
2.616
43.794
8.895
9.615
1.286
21.798
7.289
67.782
8.499
4.820
6.115
7.230
0.031
0.929
0.546
0.132
0.666
16.833
15.637
17.273
7.679
4.966
0.613
9.322
3.019
0.762
2.525
20.759
15.213
8.856
11.409
27.396
0.007
5.953
7.847
7.962
18.951
29.749
23.967
8.310
2.906
11.719
1.675
0.403
1.931
0.007
1.651
0.700
4.194
17.341
11.827
1.169
1.070
0.312
0.003
0.031
5.632
10.094
6.382
0.254
0.944
0.000
0.144
0.113
1.134
6.192
3.430
0.862
0.134
0.328
0.167
1.160
1.528
5.835
2.383
17.712
10.681
10.662
1.004
0.000
0.000
0.350
0.000
0.460
0.024
0.000
0.213
0.363
0.000
0.000
0.288
5.146
0.874
1.560
1.662
5.538
1.878
0.074
0.062
6.224
7.693
2.856
0.000
0.230
0.848
15.563
7.393
10.543
0.000
0.237
0.110
1.148
10.501
7.275
9.525
16.689
21.360
6.082
10.906
42.615
7.780
29.776
21.374
34.949
14.021
18.711
12.435
12.432
29.417
9.682
0.007
4.848
10.804
14.588
14.983
9.932
4.885
2.300
85.573
7.828
8.899
45.992
13.311
0.000
0.000
19.875
20.500
7.302
78.048
46.417
8.707
13.232
1.600
16.195
18.533
17.729
9.867
7.845
27.250
4.772
2.757
12.030
26.117
6.228
3.001
3.643
5.325
4.515
5.208
4.037
0.906
0.000
3.447
8.260
6.602
6.290
1.164
1.713
3.656
39.650
8.140
10.159
19.453
28.101
30.659
0.306
12.040
6.791
0.000
8.868
15.930
1.631
49.773
2.297
17.736
16.002
17.362
11.282
6.650
7.189
24.424
20.675
25.372
3.392
5.400
17.571
7.769
11.395
0.148
0.161
1.102
0.206
0.000
0.824
0.141
0.000
0.000
0.000
0.000
0.000
0.199
5.143
1.301
0.000
0.000
0.076
1.281
1.243
3.777
4.898
4.183
2.772
4.978
6.693
1.667
0.014
0.000
0.000
0.675
5.438
3.301
0.525
6.006
16.922
5.489
0.275
1.543
3.341
1.826
0.045
0.000
0.000
0.000
0.000
0.000
0.000
0.000
1.023
0.395
0.615
0.034
0.000
1.023
0.240
0.000
0.010
0.000
0.000
0.000
0.000
0.000
0.000
0.000
0.014
0.738
0.096
0.199
0.282
2.081
4.652
25.080
29.962
19.391
8.286
18.902
4.227
11.541
5.927
5.182
17.448
9.756
1.936
0.000
0.017
0.270
1.435
9.610
5.747
8.120
5.437
1.809
34.245
63.551
13.348
20.582
16.897
3.083
7.399
3.910
26.526
11.412
27.327
21.980
6.113
2.470
14.150
9.026
5.979
0.718
2.384
3.983
15.659
3.591
15.038
8.574
40.346
1.066
3.862
11.724
13.693
24.850
26.726
5.754
7.591
19.793
17.374
13.582
13.003
36.176
54.703
18.888
18.000
61.106
5.023
25.775
8.341
17.544
17.019
10.595
14.073
43.626
7.086
21.993
75.486
1.116
6.104
1.694
3.598
9.404
7.395
14.196
4.741
7.982
12.075
8.411
1.299
4.158
12.974
4.062
2.106
3.131
2.014
5.220
4.439
4.199
9.223
11.484
4.425
3.948
0.192
1.414
0.330
0.465
0.000
0.000
2.493
1.954
0.182
0.000
5.558
4.281
0.584
0.000
1.586
17.019
12.960
26.340
13.324
3.471
5.366
3.813
8.051
6.623
3.265
2.791
1.092
2.293
0.000
0.000
0.000
1.236
1.952
1.741
0.017
0.017
0.163
0.000
0.000
0.034
0.027
0.000
0.000
0.000
0.000
0.007
3.595
1.507
0.000
0.038
0.000
0.000
0.000
0.000
1.411
0.000
0.000
0.010
0.000
1.033
4.992
0.000
0.007
0.065
0.879
7.215
9.979
4.070
1.641
2.544
2.733
14.626
0.000
1.368
3.052
0.000
0.196
0.465
8.192
0.010
2.932
3.605
17.144
5.699
33.745
0.000
0.240
3.533
2.668
7.052
5.191
3.924
2.008
0.000
0.014
1.377
3.145
4.340
1.270
6.022
19.226
39.462
0.014
16.215
11.518
49.964
11.124
12.957
24.561
3.128
7.807
0.508
11.481
1.277
0.021
12.356
19.638
17.841
9.307
5.431
2.616
0.639
0.000
3.934
5.871
13.098
14.296
30.267
2.101
35.077
2.681
1.912
0.076
11.611
73.883
2.451
7.038
30.336
30.497
10.590
7.011
21.544
36.389
19.013
1.150
7.690
19.772
17.043
15.642
8.351
10.464
6.468
11.563
10.197
45.310
7.457
1.772
0.766
3.006
2.908
12.279
7.445
6.628
6.337
7.687
10.092
14.335
15.262
13.850
15.252
24.546
15.928
17.873
38.145
7.555
6.013
7.004
1.287
19.353
21.132
18.375
60.493
0.165
10.846
23.569
15.206
4.817
2.657
8.030
11.391
3.845
19.604
13.867
16.263
28.504
18.787
17.908
16.641
12.706
3.505
2.249
3.540
5.002
2.424
1.212
3.955
6.657
7.773
10.384
6.260
4.834
1.552
6.010
2.297
3.971
3.868
11.045
35.527
22.222
11.254
9.560
3.150
2.551
1.639
0.259
0.000
0.000
0.000
0.000
1.169
0.563
0.108
1.761
0.786
0.069
0.003
0.000
4.607
7.452
1.665
0.021
6.623
23.185
1.466
3.996
6.489
7.577
4.209
7.745
4.192
2.980
0.762
4.319
4.638
1.442
0.501
3.801
3.457
2.070
3.689
13.070
14.794
16.286
10.428
5.668
2.499
0.051
0.000
0.000
0.000
1.785
1.159
0.927
0.007
0.010
4.492
6.156
9.910
13.680
46.709
3.837
21.659
16.916
17.039
4.817
2.786
6.707
15.640
12.974
18.969
10.947
3.517
8.787
14.054
21.679
63.949
0.053
18.122
12.437
16.890
40.232
15.875
0.141
2.656
16.672
23.123
70.330
0.110
7.651
15.484
1.559
12.768
16.466
6.492
4.662
3.298
0.051
1.761
6.444
8.916
8.552
20.225
3.619
19.030
17.626
9.963
7.083
3.809
5.740
43.298
7.148
5.294
6.853
0.990
10.504
26.704
7.965
9.198
54.949
13.015
19.703
15.654
16.397
0.312
0.256
1.279
4.511
5.381
8.842
3.898
6.827
19.891
18.186
39.369
0.551
19.588
7.436
3.505
7.263
7.040
32.610
1.620
39.120
1.490
9.029
2.242
19.962
13.283
4.268
32.070
12.162
11.447
6.547
9.352
6.093
5.502
5.881
3.356
0.673
1.251
5.737
4.218
5.279
5.538
4.163
0.010
0.259
0.000
0.000
5.132
1.631
0.151
0.000
0.779
0.000
0.367
0.089
1.142
0.465
4.008
8.808
4.606
16.292
2.506
0.041
2.915
1.972
0.048
0.000
0.336
0.185
2.415
0.031
0.010
4.243
5.000
0.980
0.074
0.000
0.000
0.000
0.000
0.000
0.000
0.000
0.000
0.000
0.000
0.000
0.000
0.000
0.000
0.000
0.000
0.000
0.192
5.170
5.215
0.213
0.000
0.000
0.371
0.745
5.191
1.998
3.646
26.834
0.082
5.328
4.734
3.263
5.850
28.829
16.129
14.473
10.729
0.000
1.693
3.035
3.965
3.860
6.316
13.750
2.316
0.687
1.019
1.306
2.463
0.900
1.083
7.232
12.123
15.738
3.140
8.830
16.282
4.604
16.725
23.209
13.010
16.413
17.127
15.922
0.134
0.711
10.835
55.694
21.377
10.437
8.046
8.003
5.182
15.898
13.862
14.296
5.989
7.792
27.341
32.693
14.928
15.734
19.343
13.641
30.360
37.806
26.862
5.533
5.582
3.191
3.741
22.239
29.310
10.695
7.735
5.733
27.831
9.077
19.161
27.377
13.431
6.187
8.525
4.762
2.032
1.387
6.860
3.279
1.081
4.700
7.835
35.918
13.647
7.230
2.561
0.089
0.017
0.000
0.681
43.666
17.568
14.680
34.387
22.247
24.433
13.808
1.916
6.310
8.775
3.622
2.733
4.110
6.163
10.296
4.281
7.438
5.100
0.237
0.000
0.000
4.274
1.140
2.547
7.666
2.043
0.069
0.014
0.051
0.000
0.041
2.067
4.218
9.833
3.001
3.921
4.322
3.989
2.510
5.467
5.172
1.610
2.201
3.310
11.972
17.571
7.515
0.821
1.281
3.862
11.929
5.150
9.455
3.883
1.562
10.137
3.698
6.121
3.345
7.908
9.860
4.576
9.126
10.079
5.083
15.987
16.361
2.383
0.977
5.019
3.928
6.339
1.336
1.704
0.886
0.000
0.000
0.000
0.000
0.383
0.077
0.000
0.439
7.792
15.226
10.770
8.017
3.112
3.713
0.000
0.010
1.128
7.944
4.147
12.274
11.482
2.582
15.671
5.818
2.395
1.346
4.322
14.356
6.793
2.160
27.309
24.805
29.567
25.260
32.566
10.133
7.661
1.198
0.000
15.553
11.287
5.704
19.077
22.650
18.875
22.150
4.740
15.067
10.754
7.711
18.029
30.010
0.560
3.248
15.262
5.304
1.677
15.692
22.252
21.437
24.014
33.108
0.748
17.234
8.942
33.283
7.471
8.585
5.428
19.082
13.273
10.595
30.732
20.371
10.955
0.266
1.531
9.484
13.693
20.387
36.122
34.206
29.307
1.899
26.930
2.718
3.847
19.751
9.656
55.744
2.683
11.795
4.788
14.359
58.507
18.197
7.709
1.040
10.949
12.959
5.143
3.085
23.526
8.058
7.318
8.396
20.000
13.463
4.971
26.431
16.301
17.834
2.502
7.145
14.020
17.975
8.183
0.664
17.367
4.343
12.222
9.220
6.376
16.495
5.253
0.264
3.833
1.033
5.901
7.352
9.326
1.048
21.342
0.486
1.535
1.037
5.320
0.034
0.051
1.778
1.763
0.000
0.659
0.786
1.768
0.000
1.452
0.748
0.062
0.010
6.607
0.506
2.173
10.032
8.641
0.524
2.024
18.162
5.390
19.590
48.536
41.731
37.395
7.282
0.982
0.199
0.000
0.017
0.069
2.372
4.213
3.214
2.935
11.484
12.037
4.817
1.996
0.027
0.007
0.591
3.921
3.581
4.292
11.800
25.323
26.254
5.974
21.011
33.821
2.826
5.785
2.558
0.027
0.000
7.148
7.323
1.857
8.923
0.360
0.144
4.860
4.525
3.828
1.087
4.134
8.576
8.679
21.595
6.348
15.611
10.399
1.662
4.776
11.436
10.046
7.313
2.630
0.000
0.089
2.359
0.000
6.863
7.375
14.097
13.434
2.551
2.434
3.965
9.517
0.566
7.622
13.493
23.284
14.159
17.733
14.629
17.636
15.486
10.225
2.723
0.769
0.127
18.217
26.669
28.449
35.709
26.853
32.386
8.149
2.855
2.989
5.977
4.182
3.231
22.488
26.120
45.022
16.354
44.333
19.899
13.836
11.034
18.580
14.373
18.793
16.366
26.815
2.860
18.890
2.297
6.525
47.952
26.134
15.858
28.086
8.842
4.453
4.619
5.919
11.010
5.006
20.028
14.291
4.190
68.821
0.611
5.036
0.331
0.000
2.279
25.760
14.795
5.529
5.322
3.525
5.234
7.903
3.488
11.293
60.292
2.316
4.767
10.226
1.464
0.000
6.001
6.916
12.009
12.834
20.041
8.053
9.647
4.892
3.064
6.551
4.946
2.057
0.711
1.130
0.055
0.000
0.041
0.191
7.918
4.970
9.046
11.934
20.662
9.594
6.969
5.241
20.754
2.099
3.550
1.219
0.046
0.014
0.000
0.405
0.204
14.524
13.503
24.454
6.864
16.960
10.638
3.220
3.653
1.344
1.792
1.000
0.682
0.000
0.000
0.000
2.096
0.800
0.010
0.141
1.222
1.109
5.277
2.204
5.927
5.873
1.257
0.048
0.827
0.177
0.000
1.040
18.292
26.882
7.543
6.612
3.268
3.083
0.834
4.844
15.439
12.547
16.133
17.091
3.770
17.532
14.687
15.216
2.953
7.248
3.699
3.924
1.766
4.839
5.809
2.044
6.120
0.817
0.000
1.568
5.593
0.424
2.867
6.909
1.627
0.025
0.003
0.994
0.463
8.248
18.085
24.089
47.439
14.926
44.174
27.946
16.165
24.942
47.124
2.232
0.003
6.626
16.675
20.586
28.726
20.527
8.871
8.911
8.810
10.887
0.000
5.043
0.079
0.518
16.479
13.328
0.196
2.290
17.612
21.753
19.089
24.578
51.104
18.704
11.726
1.140
35.057
8.185
39.758
2.723
25.200
29.502
34.679
19.621
22.710
21.447
3.380
2.329
5.503
7.979
17.114
3.533
1.061
4.053
6.404
15.642
0.924
6.724
61.416
2.280
0.439
36.473
25.892
30.731
4.204
6.784
11.400
3.110
0.017
1.184
0.762
0.014
0.014
0.048
1.308
16.734
34.504
1.645
0.045
6.516
1.373
9.119
23.789
2.987
13.184
4.906
0.000
0.000
0.000
4.640
6.904
0.975
3.660
23.380
16.823
16.284
20.067
8.267
7.920
8.308
4.827
0.388
0.000
0.058
0.817
15.384
14.183
2.939
0.525
0.017
1.435
3.538
0.055
0.113
0.000
1.380
4.367
1.267
8.504
11.955
0.165
0.000
0.690
2.812
2.891
4.604
0.129
7.989
21.739
15.824
5.297
6.252
5.098
2.404
13.443
29.999
31.811
6.359
2.990
35.628
4.104
7.940
4.172
3.846
4.927
4.565
0.678
0.000
0.000
0.092
0.000
0.846
0.108
0.629
0.338
0.014
0.879
12.483
2.946
16.741
3.779
2.156
12.847
14.080
19.401
14.825
21.616
19.326
0.683
1.277
8.065
0.079
7.086
0.889
0.069
0.862
8.113
33.762
58.004
3.856
7.333
8.085
20.586
25.924
17.970
4.807
49.315
18.505
4.601
7.840
11.065
11.865
6.060
10.906
2.381
11.100
26.547
9.680
24.328
8.732
26.575
9.809
22.797
23.188
19.435
40.936
13.039
6.887
10.880
8.883
6.204
7.847
20.663
1.942
9.194
2.172
7.787
40.704
23.042
27.902
12.528
15.041
22.510
0.064
8.041
9.960
9.829
6.103
2.357
20.653
15.056
0.450
3.042
6.849
2.472
6.338
4.098
4.540
7.811
23.301
18.876
27.337
12.298
6.396
1.195
0.479
8.434
8.245
4.671
10.061
13.850
2.559
9.373
5.419
19.302
52.683
6.791
7.835
24.822
26.110
22.757
5.452
19.992
23.912
19.937
6.848
4.709
4.144
3.488
5.074
1.143
6.482
2.671
5.160
7.131
4.082
0.882
5.133
7.766
3.725
0.134
0.000
0.000
0.000
0.000
0.395
0.065
0.807
2.262
0.817
0.000
0.255
0.472
0.007
3.945
3.121
2.966
0.735
0.000
4.080
1.890
0.003
0.021
2.601
0.920
0.869
7.357
1.735
0.031
10.318
26.408
29.715
5.049
17.273
5.546
1.614
0.000
0.007
0.045
0.000
3.689
5.818
6.418
5.991
18.615
0.427
0.187
0.986
1.555
4.116
0.034
1.639
9.015
11.300
5.430
5.547
3.807
0.302
11.096
19.877
12.310
32.607
11.718
4.520
10.753
20.275
5.596
16.093
12.930
9.903
0.216
1.236
1.657
10.187
13.786
5.541
6.293
5.944
2.905
11.187
15.662
18.043
21.550
11.920
3.788
15.498
7.781
0.179
11.721
4.211
10.353
1.336
4.425
2.158
0.330
2.436
17.592
0.918
14.191
6.199
3.612
12.876
15.317
27.707
25.293
9.680
62.905
2.618
8.037
40.081
29.558
9.321
8.003
0.901
32.130
3.880
5.857
19.144
10.995
14.737
2.963
10.523
14.346
16.440
14.476
43.775
0.000
5.019
3.028
30.230
2.779
13.814
31.467
37.278
0.203
10.863
2.802
15.817
18.129
1.710
6.137
9.208
0.275
10.439
24.960
16.246
71.044
0.254
8.530
2.338
18.643
4.550
23.040
14.971
30.225
10.705
5.191
1.655
12.981
4.614
0.000
2.208
11.282
11.106
9.150
33.426
2.415
9.901
19.727
5.806
3.787
2.287
0.213
0.027
1.878
17.120
3.670
4.171
1.133
15.930
2.781
3.251
20.338
1.569
2.846
1.761
4.707
4.897
3.103
0.299
0.476
2.699
1.645
7.103
0.096
0.640
0.728
1.820
2.360
0.990
1.308
1.873
3.382
0.130
12.054
0.484
0.778
0.024
5.582
3.631
2.163
2.963
9.422
14.492
6.848
0.779
10.228
3.231
0.275
0.000
0.000
0.000
0.000
0.000
0.000
0.118
4.345
6.254
3.804
0.000
0.057
1.191
4.113
12.263
21.137
0.544
6.480
0.000
0.000
1.093
0.000
0.000
0.810
0.683
0.474
0.000
1.595
1.301
0.678
7.495
16.931
12.487
25.796
6.863
11.355
16.068
15.415
7.957
0.858
4.539
17.242
16.548
23.864
14.148
24.941
23.224
29.953
0.187
26.743
21.746
41.779
12.233
29.905
14.143
38.318
33.560
83.793
8.567
21.012
6.292
22.471
17.549
45.824
7.793
28.007
11.936
11.315
14.268
8.989
20.391
17.642
14.173
14.401
5.896
14.843
28.998
17.862
2.070
10.616
0.699
47.996
11.890
34.459
5.808
3.992
17.683
29.652
13.201
20.026
22.549
42.476
0.546
20.225
17.063
17.633
31.277
20.465
20.263
8.981
3.941
14.059
14.969
10.911
5.078
10.336
6.297
9.785
28.065
3.306
6.297
29.121
22.807
39.767
0.893
5.054
44.867
16.905
5.991
31.057
23.250
31.390
22.046
7.163
7.189
3.584
7.793
3.856
8.641
3.286
6.842
5.013
3.189
2.376
10.361
0.676
7.000
7.158
3.282
2.177
6.849
3.093
7.575
3.746
2.506
6.623
7.158
2.578
0.690
0.148
0.010
0.000
0.000
5.246
1.828
1.497
9.924
4.635
9.592
4.623
2.372
7.571
8.655
16.644
0.707
7.387
9.115
2.353
15.274
31.893
25.717
24.258
23.583
13.899
12.075
1.464
3.868
0.855
0.072
0.024
3.346
1.296
5.428
4.185
8.502
11.132
17.827
35.172
14.341
23.712
2.563
10.835
6.104
7.064
9.599
19.053
11.565
14.638
19.381
14.777
15.326
2.063
1.540
15.230
18.043
30.156
0.635
2.302
12.627
19.811
16.533
11.110
22.326
19.569
12.509
17.906
14.696
24.307
5.146
3.038
1.517
8.039
8.303
2.777
5.675
23.140
2.470
5.459
3.989
11.664
22.749
4.951
12.780
6.409
12.591
50.432
6.940
9.932
15.242
0.652
2.942
4.813
7.563
23.669
17.952
15.676
23.775
2.465
21.001
30.151
15.144
4.563
40.564
51.921
4.611
13.050
8.171
24.843
94.022
15.947
50.242
17.815
2.081
18.529
42.888
10.712
12.696
30.784
1.126
2.269
0.000
12.281
64.864
3.606
18.047
18.229
5.586
14.444
35.472
31.785
5.025
5.744
24.776
12.348
11.649
7.692
5.011
23.912
14.780
4.516
2.536
5.605
13.851
22.390
17.345
2.431
3.361
2.453
1.979
0.027
5.788
5.297
4.638
2.393
6.077
24.530
23.864
0.000
0.072
0.225
1.734
4.748
3.275
0.000
12.342
12.447
20.705
60.044
0.122
15.963
11.589
5.703
0.113
0.182
0.532
4.156
0.665
5.843
6.113
4.564
0.010
3.371
2.106
0.000
0.000
0.000
0.992
2.444
1.552
6.551
19.175
17.920
12.754
1.294
0.525
1.566
8.006
0.848
8.446
1.198
1.414
0.948
2.321
0.577
1.497
0.360
4.316
11.893
1.191
0.772
0.000
0.000
0.000
0.000
1.267
6.205
5.851
0.000
0.000
7.118
28.040
7.174
13.223
6.199
0.000
0.046
0.452
12.836
23.983
12.240
2.130
12.555
16.258
27.502
3.321
0.000
1.766
0.209
0.775
0.574
6.271
9.520
0.373
0.285
0.017
0.031
17.024
18.138
20.555
0.000
0.129
2.942
3.921
3.471
5.105
10.864
38.526
0.453
0.446
12.404
3.257
3.383
2.917
0.618
6.544
8.070
19.027
16.524
8.830
19.006
21.228
18.787
13.681
26.185
8.962
9.101
10.068
6.559
48.005
3.309
19.533
11.912
13.105
18.320
3.651
17.633
29.864
0.501
3.976
0.924
4.963
3.567
6.892
4.211
9.936
9.477
2.752
8.660
57.330
11.188
8.286
12.445
25.442
21.219
30.140
21.695
13.517
1.078
0.582
0.029
6.430
7.898
15.372
8.786
10.763
19.988
15.906
6.834
7.721
13.486
3.375
1.717
3.766
7.783
58.760
2.111
16.689
19.315
11.680
13.640
3.090
10.646
5.771
11.872
3.778
7.412
16.342
0.954
1.634
5.315
4.855
11.567
9.253
20.242
39.245
2.843
3.564
11.340
0.098
10.657
11.591
2.626
10.849
4.480
11.158
5.273
15.704
13.026
12.109
9.946
0.422
25.965
0.000
0.120
0.270
1.282
2.159
5.833
5.507
4.376
14.498
3.366
5.158
3.940
2.431
6.207
8.660
17.233
53.651
9.850
0.747
55.601
48.759
13.026
2.247
8.974
6.154
1.414
8.308
2.182
4.062
2.565
12.603
7.230
11.745
20.337
28.371
52.435
3.596
15.583
16.378
1.238
4.928
4.048
4.570
4.204
12.820
56.811
4.152
5.162
21.612
10.777
55.968
32.023
28.443
25.914
30.715
20.483
9.182
60.372
5.435
1.693
7.455
36.222
0.584
30.372
19.841
23.161
38.991
16.833
0.941
4.381
10.528
1.583
15.604
19.085
4.106
1.466
0.591
4.855
18.306
12.092
19.140
4.037
14.471
31.108
1.593
7.395
21.780
21.248
50.637
31.977
24.603
1.665
25.080
18.519
27.328
46.161
21.744
18.684
38.739
15.832
6.542
68.522
0.014
2.475
24.043
0.745
20.886
12.102
15.503
7.270
4.724
0.747
32.183
29.024
20.163
12.253
25.456
10.360
12.797
2.997
15.021
6.554
22.136
44.041
2.487
7.922
19.283
44.232
25.306
71.716
15.721
4.904
8.760
15.475
6.314
6.000
21.336
5.372
12.262
37.438
18.229
3.306
13.654
43.008
6.592
67.339
0.062
1.196
13.656
29.797
24.585
30.257
4.190
1.554
29.157
8.726
17.134
4.300
8.247
36.488
7.007
0.953
1.548
12.068
0.000
7.563
1.023
11.203
0.810
0.000
3.186
0.079
0.000
0.000
0.191
0.120
0.021
0.797
1.143
5.006
0.000
0.017
0.477
0.197
1.940
1.274
0.000
5.320
3.442
0.000
7.006
3.852
1.536
9.936
7.079
15.422
1.557
4.332
6.568
3.928
16.084
19.104
7.835
11.591
0.110
5.148
7.308
21.247
11.570
18.227
19.075
1.978
0.003
4.758
4.283
0.932
29.026
38.829
2.544
10.585
8.344
23.425
5.461
0.072
1.054
0.130
0.817
0.000
5.960
6.925
18.206
28.942
7.533
0.000
1.140
0.158
4.916
4.583
1.105
2.420
10.772
15.680
3.155
8.401
0.985
7.440
1.303
41.501
29.577
20.143
17.942
0.051
2.257
1.940
6.503
19.696
2.369
2.331
2.359
0.343
1.075
0.113
27.119
4.779
4.374
49.342
9.060
19.144
10.004
31.958
20.321
17.225
6.757
17.152
8.762
4.475
19.822
9.678
5.375
11.886
12.531
0.014
3.857
2.350
23.109
22.495
23.638
11.052
0.089
14.238
7.066
22.670
0.611
14.255
10.300
16.201
14.790
14.334
14.423
28.036
2.002
16.929
5.322
3.777
4.717
10.619
16.340
45.617
55.845
2.252
21.327
8.760
3.725
25.437
21.276
5.054
0.000
0.223
2.891
17.455
23.614
28.667
9.668
6.599
19.102
13.359
19.082
3.502
10.368
2.259
8.990
8.429
15.892
27.703
18.452
17.976
25.406
24.235
1.691
1.951
8.597
2.084
4.552
12.150
8.786
3.025
2.351
13.915
0.757
4.640
25.746
23.787
2.539
7.943
12.500
12.610
24.245
1.632
8.714
15.415
14.838
11.845
50.906
0.463
3.493
1.229
18.062
6.339
12.018
4.872
10.468
2.466
9.585
17.738
3.977
5.009
1.075
3.993
31.381
5.449
4.805
2.738
0.803
2.626
1.473
6.394
7.205
5.294
6.403
25.654
6.705
12.197
9.018
4.992
1.735
0.197
1.090
1.499
2.118
3.155
2.687
3.581
1.670
1.195
6.248
32.490
27.665
0.482
11.973
3.892
12.569
2.431
1.950
3.023
17.928
15.063
56.499
14.078
30.593
21.950
10.761
7.321
19.539
29.478
10.131
16.562
4.734
4.292
21.768
23.265
12.439
3.811
22.687
4.528
17.358
4.079
4.377
1.167
12.260
20.558
7.100
6.552
6.180
0.192
27.174
1.318
8.394
2.005
11.465
22.577
8.102
14.560
3.179
17.384
5.606
7.412
5.507
8.133
23.531
4.580
2.038
5.806
17.757
9.150
0.000
10.025
23.864
17.636
6.712
5.256
25.414
6.242
11.240
29.097
76.012
2.201
1.847
43.684
20.033
10.801
25.554
5.486
17.928
29.982
9.352
1.833
4.995
19.724
8.123
35.949
41.971
27.224
27.385
40.594
7.684
6.503
5.864
3.016
3.696
10.214
29.485
20.627
34.540
2.048
26.843
13.764
15.769
21.542
0.000
10.307
11.119
4.082
3.304
7.814
8.007
1.923
35.493
7.551
18.639
8.029
13.457
5.692
1.092
17.588
2.046
1.164
1.418
1.404
0.882
7.491
2.678
12.202
0.000
1.037
1.943
0.333
3.732
2.194
4.642
21.715
9.170
13.678
6.688
15.340
35.228
31.661
28.637
26.669
5.091
1.033
1.305
0.065
0.000
0.000
0.113
0.213
0.644
0.000
0.000
3.241
0.185
1.027
0.000
0.000
1.404
0.000
3.014
4.237
6.448
3.842
0.621
0.093
0.275
0.474
10.612
13.190
3.636
34.504
2.335
15.274
3.440
0.330
2.213
0.433
2.357
2.503
1.651
7.738
19.770
11.005
18.430
1.135
1.559
19.665
3.910
3.363
14.394
0.079
1.188
20.965
15.480
1.421
1.366
10.193
24.609
11.688
27.339
27.365
13.055
8.674
9.378
3.207
5.582
63.140
9.773
25.032
33.093
28.846
27.181
12.439
3.498
21.629
17.729
14.665
21.377
20.738
14.845
36.667
97.624
0.642
1.833
2.462
23.356
10.382
3.310
4.923
0.608
4.278
6.372
7.275
46.452
4.432
13.678
2.372
29.869
0.139
21.089
19.525
4.029
1.804
16.837
4.942
0.010
0.000
5.886
27.252
5.873
4.731
5.270
9.680
34.810
0.402
33.812
10.552
1.320
5.588
8.681
14.718
33.436
43.781
4.086
15.659
12.164
18.055
9.435
9.586
16.043
24.681
26.019
21.047
14.265
12.933
17.501
13.227
0.718
7.903
8.027
2.843
21.986
24.676
14.959
27.462
38.926
3.145
4.494
0.000
12.950
23.559
5.325
8.432
16.867
7.478
10.794
20.359
38.450
16.157
21.070
9.517
2.977
1.835
4.693
49.148
23.749
11.831
1.023
7.112
0.505
48.180
28.005
1.174
28.044
12.916
57.091
0.208
0.378
5.191
20.095
16.555
12.094
1.432
5.522
3.924
2.541
2.220
21.494
0.580
20.781
0.000
0.027
6.169
1.693
2.225
9.295
14.588
1.085
0.924
16.613
16.819
11.156
0.007
3.409
5.225
23.202
10.894
8.011
24.429
6.319
6.659
15.561
57.307
16.054
28.803
29.903
14.476
0.230
24.009
49.799
5.840
1.202
0.930
1.875
5.850
8.799
3.189
13.005
1.394
19.051
11.930
14.365
5.603
10.604
53.088
2.723
34.040
0.003
17.376
7.100
14.626
27.085
39.582
3.100
30.726
36.519
7.395
18.749
8.202
38.739
54.355
29.162
35.472
2.757
37.154
34.284
0.000
0.127
1.363
1.463
0.584
24.544
45.528
22.264
14.615
13.548
45.683
3.952
0.309
1.813
46.237
12.772
29.165
15.322
90.163
3.080
3.014
42.345
4.855
36.335
65.321
4.448
0.700
0.894
9.043
3.176
49.864
24.254
9.553
14.136
5.021
26.664
18.459
117.780
0.997
23.164
6.106
41.250
33.462
56.875
10.066
25.009
13.441
21.121
26.762
32.653
32.185
32.700
4.013
32.590
43.767
31.047
24.156
12.248
30.133
52.515
16.610
46.167
20.850
0.999
13.881
24.997
0.082
1.648
12.641
47.313
13.213
10.973
6.125
15.398
11.010
27.596
28.451
11.992
16.377
17.681
5.473
2.417
3.358
11.965
11.185
27.081
28.740
0.000
4.705
16.322
27.449
32.550
27.016
17.856
9.088
54.781
3.708
4.673
1.016
17.561
24.328
33.714
6.966
4.477
13.445
15.340
15.439
19.786
23.638
10.880
8.181
8.387
8.391
0.024
1.339
4.202
6.834
8.288
5.129
4.539
9.304
5.915
5.236
0.134
0.000
0.062
0.000
0.000
0.367
0.223
2.709
2.741
0.706
6.116
11.041
1.912
1.885
1.890
0.000
0.299
8.236
6.520
6.568
4.952
7.502
1.559
0.000
0.003
0.024
0.391
5.833
10.725
21.047
2.252
21.145
10.415
19.530
9.798
10.320
4.659
12.473
26.947
10.655
1.253
1.555
0.503
4.376
26.853
39.259
5.215
9.043
25.372
7.924
83.338
39.975
20.405
20.956
6.358
14.131
14.277
9.520
23.027
40.387
10.789
3.516
4.074
6.515
5.776
4.690
8.573
32.875
46.431
8.882
15.995
16.298
4.120
5.976
38.972
4.106
0.136
0.295
17.406
0.000
2.412
13.424
2.026
11.391
7.823
36.195
22.683
11.889
41.209
11.517
9.551
16.974
28.489
4.846
16.572
10.171
10.241
23.638
31.608
2.468
3.244
14.080
6.497
3.445
11.383
4.707
2.012
1.176
51.806
6.456
54.781
10.859
10.269
0.553
0.445
3.244
1.439
1.665
0.000
0.086
0.003
0.532
13.307
37.707
46.541
40.903
26.759
25.948
28.420
4.849
11.376
15.154
19.377
8.978
1.617
2.417
0.350
0.024
0.000
0.000
0.000
0.429
12.665
45.044
11.584
18.728
0.000
13.438
32.817
0.652
0.570
0.000
0.395
0.076
0.591
0.024
0.000
0.817
4.535
7.611
46.652
4.029
0.007
0.058
0.834
7.129
14.722
16.536
0.508
0.007
9.840
17.818
0.412
0.948
0.000
0.000
0.069
0.800
3.162
0.000
0.000
0.000
0.000
12.078
9.168
26.043
12.706
41.343
0.827
1.675
4.443
0.000
0.000
0.000
0.089
0.000
0.024
0.000
0.002
0.021
4.695
36.670
10.736
10.077
4.350
12.030
4.556
2.503
25.790
0.079
0.000
0.316
1.445
0.463
4.841
4.611
11.790
5.208
7.714
10.389
26.293
14.911
12.451
11.690
3.478
2.891
2.225
1.981
0.470
1.106
0.007
0.244
0.045
0.000
0.000
0.000
0.000
0.498
0.254
2.582
12.954
8.569
21.901
46.922
3.076
2.060
2.362
0.306
5.016
9.295
7.000
7.502
5.898
25.469
1.528
17.853
2.448
3.203
4.443
2.620
0.728
1.257
0.433
0.000
0.000
6.726
11.230
16.610
11.163
27.861
19.638
21.444
18.943
4.885
12.627
5.603
14.335
13.530
46.627
14.178
21.506
21.204
18.845
7.876
12.569
2.197
9.742
8.171
17.781
3.878
8.030
16.871
13.649
26.089
0.402
0.058
9.208
18.907
12.020
7.302
9.891
14.303
11.546
15.431
14.921
5.493
21.959
19.976
20.205
20.026
22.347
34.834
11.271
32.331
0.470
3.715
17.065
10.768
13.481
16.922
18.680
31.527
44.992
57.472
6.348
9.304
5.720
23.294
21.847
3.219
9.833
53.898
4.494
6.454
4.853
2.807
10.434
17.925
2.687
17.338
12.487
9.850
3.186
18.279
13.185
0.513
0.000
3.619
1.191
0.000
0.000
0.000
0.951
3.588
6.025
1.511
0.391
4.707
27.759
8.691
15.029
2.247
7.684
4.465
4.182
6.121
1.160
2.678
0.606
2.719
8.317
4.132
5.879
9.204
12.008
12.277
7.059
11.584
0.268
3.368
5.744
11.038
4.920
8.559
8.223
10.736
2.891
3.145
5.150
5.994
7.021
3.543
48.182
2.546
5.823
0.845
2.692
6.702
13.887
5.655
0.350
0.364
1.366
1.974
5.941
2.214
0.158
0.745
0.373
1.368
3.001
3.469
6.722
1.902
2.249
1.727
3.989
3.248
0.233
5.395
25.147
0.003
0.091
0.268
2.462
3.483
0.014
0.141
0.024
0.187
1.579
0.731
3.418
1.938
31.545
22.536
4.532
53.399
1.608
11.790
38.876
6.878
2.599
3.746
2.149
0.244
1.346
1.809
1.257
0.340
7.323
75.922
6.111
4.419
15.515
12.023
11.045
7.460
11.855
13.139
18.805
5.491
8.123
8.072
33.282
28.127
22.960
12.210
21.846
17.032
43.446
1.366
5.009
7.696
5.284
1.739
9.718
52.113
9.510
7.024
6.180
11.069
9.229
12.602
10.492
14.359
12.605
74.185
0.024
7.496
38.255
0.151
0.910
0.695
0.051
0.446
5.162
0.093
2.427
19.377
0.021
8.264
20.596
0.000
0.000
0.000
0.000
0.000
0.000
1.679
0.462
5.376
2.360
0.000
0.357
0.003
1.569
0.542
0.021
0.707
5.768
6.310
2.894
0.704
3.777
0.927
4.336
6.317
1.318
0.000
0.000
0.000
0.000
0.000
0.000
0.000
2.328
9.319
2.872
0.000
0.007
8.556
14.605
5.567
0.288
0.000
0.450
0.206
4.329
12.995
12.288
8.947
1.382
0.000
0.000
0.031
0.000
0.000
0.000
0.000
0.000
0.000
0.000
0.014
0.000
0.000
4.058
1.971
0.841
0.000
2.994
3.519
0.000
0.000
0.211
2.414
3.639
0.814
0.000
1.009
2.632
2.139
0.522
0.062
3.862
29.193
1.511
0.103
7.340
8.051
9.103
6.327
5.648
2.808
2.051
0.038
0.000
0.002
0.000
0.378
0.079
0.000
0.666
1.703
6.159
1.116
1.047
0.000
0.000
0.000
0.000
0.000
0.000
0.000
0.000
0.000
10.708
3.011
0.340
8.135
27.164
3.344
0.457
0.415
8.652
4.676
3.543
0.000
0.000
0.000
0.021
17.437
48.120
12.219
45.286
13.827
2.750
0.136
6.403
19.580
3.303
6.503
21.973
52.451
14.577
7.409
7.687
11.402
70.117
34.087
43.123
33.055
36.492
23.741
0.690
6.496
3.862
0.772
0.644
0.779
7.785
8.990
1.157
4.731
14.485
4.350
9.421
5.085
4.892
9.438
7.630
6.575
7.031
65.554
2.802
30.769
32.784
10.310
10.178
3.811
6.884
8.614
4.774
2.834
6.611
17.963
12.322
12.906
5.716
18.303
14.459
4.268
5.459
1.912
0.704
3.643
3.854
6.266
1.387
0.000
1.995
6.345
17.401
4.762
5.311
104.992
2.740
4.250
17.619
2.596
5.874
14.114
12.725
7.804
0.000
0.621
2.153
4.106
8.820
0.000
0.000
0.000
0.014
0.000
0.002
0.000
0.000
0.000
0.000
0.000
0.000
0.019
0.000
0.000
6.000
4.446
8.224
10.864
7.494
1.578
0.214
0.000
0.642
4.168
5.680
0.458
1.648
2.638
5.409
0.064
0.867
0.766
4.784
20.246
14.258
15.577
14.454
7.757
52.123
13.094
4.329
20.215
5.157
16.984
9.493
3.928
6.159
0.886
2.287
4.975
2.414
3.049
3.255
1.967
7.672
4.649
2.166
5.107
2.997
20.757
6.252
2.870
1.452
0.960
5.728
12.445
78.308
5.739
3.083
5.970
10.880
7.649
8.484
7.177
2.764
18.038
9.726
10.152
43.549
44.441
20.766
3.804
0.529
2.146
4.391
2.977
1.957
5.339
15.776
85.585
0.000
0.000
0.000
3.428
6.326
10.676
13.891
18.031
1.923
1.020
1.490
2.208
3.984
3.277
3.934
10.561
14.162
3.856
1.899
5.497
3.450
2.953
9.455
19.439
3.186
2.225
6.425
14.674
20.096
19.676
37.601
7.395
11.783
9.574
41.909
11.280
28.961
22.357
5.608
3.200
7.944
0.247
0.074
11.096
15.158
5.957
1.257
7.660
13.069
0.045
0.220
8.116
11.893
56.672
5.591
49.167
0.203
3.663
5.260
0.542
0.027
9.098
55.910
10.337
8.526
1.912
0.116
0.003
0.000
0.000
0.000
0.010
0.007
6.024
0.079
6.448
1.954
0.443
0.718
34.192
0.000
0.707
0.002
0.000
0.000
0.000
21.761
19.046
1.323
9.958
4.029
4.894
30.699
11.247
0.007
2.942
8.150
4.530
0.021
13.626
7.392
0.309
0.093
0.024
0.051
0.704
0.106
0.021
0.000
0.007
0.000
12.483
0.003
2.149
5.016
3.753
0.000
0.127
0.194
0.093
0.000
0.003
0.024
1.174
5.567
6.818
1.411
1.620
0.000
0.069
6.145
2.273
7.431
8.032
9.352
5.655
14.190
44.234
9.912
0.000
0.000
3.316
0.194
0.872
1.068
7.790
1.947
27.478
12.851
39.338
2.877
0.762
2.592
0.336
0.069
0.009
0.292
1.360
0.007
0.002
4.532
6.549
1.725
0.718
5.479
10.719
0.779
25.210
1.088
1.957
0.381
7.124
14.814
0.282
0.014
0.000
0.000
5.754
1.748
0.000
0.000
7.423
14.729
3.670
1.572
22.457
0.144
0.000
7.186
0.002
0.000
1.806
0.711
1.215
25.509
2.726
11.920
24.760
18.605
31.414
36.773
0.489
5.095
3.279
5.167
10.928
23.171
4.800
3.231
0.019
0.000
0.024
3.600
10.810
8.470
8.288
26.220
5.271
10.452
5.486
2.793
7.206
31.515
15.784
13.038
2.359
0.004
1.641
1.825
6.640
12.317
10.701
6.485
21.324
7.333
15.339
6.580
10.849
10.791
1.923
11.388
8.894
10.499
8.853
4.460
9.647
8.084
20.687
21.588
9.927
14.584
8.473
13.640
14.033
0.623
6.712
0.366
1.871
29.886
1.655
11.733
8.109
13.022
6.532
12.173
7.778
0.587
3.131
6.039
32.145
6.194
7.981
1.974
0.000
0.000
0.009
0.000
2.362
0.518
0.395
0.216
0.668
3.869
17.420
11.968
6.053
1.935
3.586
2.872
0.635
0.117
0.882
1.263
0.930
2.853
6.386
3.056
2.549
1.933
2.848
2.262
2.046
5.996
6.097
6.367
2.002
5.984
0.807
1.500
9.002
24.151
18.117
24.443
8.873
6.072
2.465
1.511
1.164
0.972
1.590
1.459
8.274
1.600
1.013
3.090
4.679
13.872
15.039
5.574
18.704
3.272
6.688
13.870
4.403
5.237
19.949
13.568
8.247
5.934
8.281
15.621
18.704
13.417
15.039
33.872
9.733
8.290
10.236
17.202
15.532
27.076
13.096
7.440
6.846
5.167
11.749
19.736
16.900
0.117
2.067
1.102
55.090
2.393
0.426
0.525
1.088
0.144
0.065
0.134
10.559
9.005
3.390
5.304
3.368
7.635
19.453
4.700
0.738
10.746
5.188
9.431
22.944
0.975
4.398
14.148
0.292
4.333
2.584
59.613
8.744
9.575
11.433
29.969
6.516
12.329
1.377
5.964
3.976
2.712
1.885
1.796
2.592
21.743
4.099
37.366
27.020
22.103
31.963
9.071
5.054
3.703
31.170
8.394
13.002
0.045
0.676
17.207
0.958
2.510
0.136
0.000
0.000
0.000
0.663
0.203
0.007
2.626
1.718
1.890
10.025
1.991
13.407
0.005
1.023
10.152
2.379
19.000
0.007
0.000
0.055
0.000
0.000
0.000
0.000
0.000
0.000
0.000
0.000
0.000
0.000
0.000
0.137
5.634
0.989
0.683
0.002
0.000
0.718
0.858
8.952
1.226
7.584
6.966
0.000
0.003
0.000
0.000
0.000
0.443
0.086
0.014
0.000
0.000
0.000
0.000
0.000
0.000
0.000
0.000
0.000
0.000
0.573
0.900
3.322
5.189
1.442
0.000
0.000
0.000
