19790101
4.189
0.885
2.410
3.814
0.676
1.320
2.626
2.024
0.367
0.476
0.347
1.131
1.533
0.661
1.708
1.224
0.000
0.041
0.487
0.264
2.589
5.282
2.513
5.571
0.704
2.316
9.695
9.469
16.833
5.066
1.361
6.779
0.426
0.000
0.970
0.621
5.855
6.388
3.862
5.568
7.860
5.176
5.109
6.527
8.202
6.333
7.643
3.353
6.492
2.123
3.035
6.456
9.668
3.770
13.589
61.611
4.364
2.402
6.295
5.186
5.733
10.760
8.508
9.019
9.345
26.613
23.191
6.829
7.071
12.842
10.197
0.484
6.252
4.189
7.785
3.849
5.679
32.959
11.448
9.235
14.334
24.276
13.122
8.250
5.689
9.819
6.884
8.279
5.105
0.034
3.172
13.434
9.095
10.513
8.271
16.679
5.105
11.793
9.620
0.690
1.545
6.101
8.298
2.285
3.615
0.501
9.675
16.112
15.178
44.584
51.195
21.138
43.997
45.634
50.479
47.464
42.936
40.481
29.814
16.984
38.610
6.623
12.418
8.514
11.608
2.908
3.189
0.666
0.841
1.689
7.474
7.656
1.902
4.058
15.082
9.586
29.862
7.519
48.134
33.035
56.762
47.708
39.142
13.008
7.265
16.401
13.118
27.418
22.800
6.080
19.605
16.692
17.870
7.074
14.456
3.559
11.874
18.883
33.155
22.153
27.730
6.367
8.430
6.830
21.722
5.565
6.118
4.235
5.423
5.807
10.233
1.186
3.267
7.075
7.083
4.918
2.844
1.538
0.690
0.079
2.426
7.448
10.898
4.499
2.472
0.275
0.000
0.000
0.000
0.000
0.000
1.329
11.987
7.266
10.380
11.028
9.474
27.057
9.739
10.291
3.782
0.601
9.848
2.711
2.281
1.468
0.000
0.000
0.860
1.222
8.200
9.616
9.392
1.808
6.933
0.285
0.803
0.230
0.074
1.233
0.165
0.000
0.000
1.885
0.415
4.357
3.660
9.201
3.143
3.502
8.326
9.970
8.486
11.682
31.598
9.438
16.330
4.273
34.535
14.195
17.274
6.969
16.164
15.498
8.317
4.762
16.960
19.832
6.758
10.451
11.251
13.570
16.809
1.349
15.360
25.535
14.351
12.581
5.837
14.092
19.573
8.142
12.227
9.215
9.198
9.280
6.525
6.609
4.743
1.463
8.204
6.645
20.733
4.848
10.028
0.913
1.421
15.177
2.863
2.973
6.242
4.216
1.847
9.139
7.581
10.907
6.683
5.481
4.704
38.881
25.574
20.563
14.859
13.778
9.321
2.166
3.876
11.797
9.776
8.851
25.529
13.599
14.097
17.473
34.162
2.359
8.667
16.064
12.296
10.028
3.376
10.991
33.840
16.820
54.686
35.838
15.244
2.899
6.403
9.596
7.759
10.355
10.329
6.101
13.386
5.255
4.561
7.893
2.364
6.636
14.708
1.227
18.306
17.733
5.229
12.024
4.319
0.000
11.259
0.654
0.238
0.031
0.000
0.688
6.232
0.027
1.163
10.233
11.923
12.272
9.624
41.944
52.237
17.564
2.966
3.413
5.664
0.992
1.590
9.768
3.941
6.839
8.654
12.094
17.932
18.234
8.895
16.661
2.091
3.897
7.694
0.041
2.069
0.000
0.000
2.530
0.278
2.898
7.562
7.931
7.618
7.172
10.145
5.881
8.353
1.469
1.365
8.532
14.529
1.761
3.069
2.977
9.677
10.561
12.209
5.078
2.757
16.286
17.693
9.944
5.721
5.872
5.643
0.378
1.423
4.688
0.728
6.648
0.215
0.524
0.271
10.638
14.243
7.543
4.964
3.699
5.881
7.254
2.457
3.289
3.085
1.505
1.976
4.363
13.614
3.454
7.763
4.013
1.063
0.184
0.321
0.786
0.827
0.076
2.084
7.893
18.730
29.126
10.396
8.605
6.032
7.115
9.479
8.356
6.772
1.813
2.393
1.227
12.473
10.773
1.490
4.422
2.438
0.678
11.518
8.471
1.003
7.237
9.201
2.740
6.688
9.115
4.693
16.368
14.574
17.650
3.838
4.745
7.625
7.896
6.482
6.221
9.259
0.007
3.962
1.514
8.755
9.891
11.560
7.340
8.562
32.125
12.868
34.404
11.742
17.609
15.604
45.519
18.835
11.912
24.975
14.971
6.372
5.145
13.106
8.286
13.865
9.211
42.019
23.217
30.389
9.807
8.409
4.110
5.849
10.894
4.472
3.361
3.639
0.402
8.181
15.141
10.440
4.182
9.980
9.543
7.562
13.357
9.628
12.472
9.695
20.234
5.744
8.547
2.172
3.219
7.490
10.418
13.620
18.304
1.131
0.000
0.108
0.000
10.001
6.820
3.716
8.224
9.802
5.586
5.002
1.191
0.191
0.369
0.045
0.618
0.553
0.034
0.000
0.000
0.000
0.000
0.000
0.000
0.834
2.818
4.626
4.298
4.326
1.833
0.197
1.384
0.000
0.000
0.000
0.003
0.402
2.858
3.584
6.770
1.619
4.844
4.903
11.934
14.747
6.716
9.175
0.017
0.000
0.807
10.811
16.655
17.458
5.909
10.049
11.882
5.400
10.104
8.940
2.032
2.784
3.433
11.131
8.006
0.546
9.249
8.837
3.811
2.043
1.233
0.206
0.000
0.000
6.379
0.398
2.002
6.200
8.817
10.454
5.102
14.974
10.653
5.066
1.013
0.000
1.535
4.374
0.515
0.000
0.000
1.027
6.781
11.122
10.255
7.287
5.385
16.352
14.540
21.794
16.030
5.390
5.905
0.021
6.176
1.634
7.553
15.082
41.085
19.308
18.986
8.659
20.249
16.785
33.361
10.712
7.174
10.609
9.328
9.421
4.044
7.186
8.001
11.841
7.622
9.723
27.148
25.162
9.701
7.713
0.841
8.322
0.419
1.895
14.777
8.367
8.224
26.796
9.290
6.046
7.328
13.941
7.531
5.018
21.422
23.425
44.716
18.792
7.393
4.606
12.030
7.877
4.140
9.314
16.293
6.085
7.625
3.184
5.965
7.325
5.741
16.358
15.923
32.507
20.132
7.258
12.639
11.965
9.551
7.800
16.241
11.450
7.867
8.241
6.575
28.861
4.515
7.874
7.287
13.293
7.814
8.018
14.795
21.846
19.204
7.656
12.813
18.677
8.185
10.959
9.788
11.711
3.480
6.389
12.315
12.813
13.935
17.588
5.205
6.048
8.281
4.089
3.162
2.650
0.058
0.347
0.288
5.387
3.299
13.283
6.456
1.040
0.604
0.585
1.571
0.027
1.861
0.536
0.086
0.786
0.611
0.189
0.000
0.855
1.490
0.879
4.755
3.303
2.681
4.681
3.189
4.415
11.364
10.358
5.346
11.366
8.889
4.285
5.081
4.606
6.626
4.048
3.090
4.563
44.359
10.063
28.839
33.860
28.250
4.453
7.896
5.325
8.672
2.293
15.650
70.273
1.933
1.662
7.505
2.063
10.253
13.321
13.470
14.286
6.309
14.062
41.410
16.359
8.525
8.423
54.151
4.695
6.993
6.868
6.236
0.712
3.407
6.065
1.897
4.990
5.556
0.266
2.372
4.181
6.211
5.791
1.674
4.340
8.557
8.768
4.923
4.633
2.142
5.759
14.049
10.708
2.451
5.110
8.417
8.274
7.172
7.306
12.954
7.066
19.521
40.423
44.354
41.065
29.011
25.880
36.183
13.393
9.023
26.055
46.956
8.902
14.361
20.174
25.303
26.419
27.866
32.719
18.201
16.203
8.739
23.873
18.610
46.833
2.022
11.836
34.701
28.597
63.022
29.280
48.608
40.122
5.886
9.665
14.514
19.221
18.534
32.756
5.112
6.370
11.712
12.571
20.330
22.325
23.392
20.948
15.027
11.127
14.468
22.805
13.434
23.518
8.113
0.367
9.587
18.007
21.681
12.548
20.864
36.861
11.982
7.512
6.774
15.817
9.500
9.689
10.485
7.605
3.615
2.534
0.336
13.506
34.085
16.085
7.186
7.975
14.490
12.013
12.952
16.637
9.483
8.703
15.141
11.247
10.655
0.694
11.567
7.165
10.159
2.493
9.105
1.123
0.027
2.163
17.636
13.474
2.350
2.784
4.233
6.070
9.316
0.127
0.000
0.000
0.048
0.000
6.791
3.728
0.000
0.000
0.405
0.721
0.000
0.000
0.000
0.917
10.636
10.918
0.834
0.000
3.021
1.562
9.836
6.647
0.536
7.359
6.358
1.171
0.144
2.784
8.837
15.429
15.638
5.267
12.881
1.315
3.529
1.191
4.381
12.583
19.295
20.833
3.052
7.993
1.689
4.498
8.974
11.642
13.874
14.516
9.345
16.265
10.502
8.475
12.796
13.087
9.057
2.606
0.285
16.576
6.932
0.000
3.347
0.000
0.560
7.639
10.169
5.874
4.999
8.962
1.366
6.173
10.358
21.712
17.669
14.555
5.909
35.917
56.274
9.665
10.495
7.532
4.556
35.757
13.345
42.050
15.223
23.691
12.073
9.507
15.659
14.555
11.721
13.929
6.281
21.612
9.836
9.695
12.713
5.033
12.370
15.003
15.068
9.386
4.456
10.962
18.124
14.840
52.146
14.488
10.890
9.946
18.565
8.858
8.035
17.269
10.186
12.040
11.304
7.052
16.040
8.126
11.810
10.530
8.432
17.400
16.737
5.153
8.954
5.778
20.819
64.105
4.958
8.456
19.502
18.392
44.635
9.630
6.815
9.280
21.659
23.027
14.818
12.263
17.104
14.818
22.307
6.207
7.035
10.042
13.647
5.751
4.525
5.294
3.984
0.663
2.953
8.861
10.377
12.748
10.344
18.687
20.191
4.486
5.476
23.638
50.245
5.004
6.688
3.756
4.889
30.978
4.918
7.230
6.351
10.777
9.943
4.298
3.241
8.453
0.110
0.000
0.000
0.494
0.412
0.748
1.064
12.827
19.013
15.062
3.365
3.886
8.020
11.246
9.869
6.375
7.096
10.355
5.558
23.792
12.107
6.652
6.765
8.367
5.763
11.893
29.667
12.988
20.592
15.738
10.315
9.477
6.123
6.654
7.726
8.600
4.942
1.620
4.209
6.564
4.771
7.804
6.805
11.216
5.322
6.224
13.340
5.632
6.377
2.559
3.380
6.216
2.620
5.291
9.089
9.033
6.393
4.508
4.364
5.562
4.551
3.383
5.564
4.437
11.212
13.354
12.318
14.368
24.252
6.960
13.022
4.803
8.638
15.293
14.325
15.462
13.448
60.917
39.410
39.165
31.421
16.352
47.404
52.475
5.304
1.210
0.249
1.892
4.728
16.646
41.494
15.913
7.533
8.626
5.352
10.205
4.456
5.416
7.239
36.801
40.357
33.934
13.520
35.221
35.318
8.267
12.679
25.945
13.136
15.271
16.819
12.219
10.107
8.405
10.401
11.378
21.506
14.399
12.756
48.899
23.360
16.847
17.104
28.048
10.997
40.618
10.852
13.657
7.079
8.981
19.909
22.803
18.577
5.905
3.960
0.168
1.893
2.532
7.024
9.210
29.082
16.317
7.196
4.769
8.228
4.031
0.461
4.791
3.493
1.687
4.704
8.926
9.089
6.307
5.833
5.040
5.145
1.602
0.348
1.205
1.408
2.611
1.588
0.205
0.051
0.151
1.330
0.118
1.794
4.037
5.147
0.270
0.000
1.753
9.773
10.004
1.387
0.000
0.000
0.054
0.000
0.000
0.163
2.819
0.390
0.000
0.536
0.000
0.000
3.220
2.673
9.682
4.206
2.353
0.578
0.615
5.418
2.293
0.000
0.000
3.298
5.747
0.428
0.000
0.000
0.000
0.663
0.079
0.203
7.203
2.568
1.727
0.065
0.000
3.943
4.101
0.000
0.051
0.822
0.177
5.105
0.570
0.000
0.000
0.273
3.214
0.949
0.688
0.419
0.522
3.314
0.132
0.000
2.779
4.825
11.383
12.748
8.413
1.188
11.048
10.827
12.082
8.376
6.012
5.733
1.205
0.457
0.000
0.460
4.391
6.636
4.010
12.480
42.501
12.015
12.768
24.972
7.979
11.701
8.182
9.423
8.202
20.831
47.468
10.741
9.095
9.865
10.544
11.936
12.960
11.308
6.015
11.264
7.236
4.716
21.015
10.010
18.792
6.724
29.001
2.247
2.982
1.130
2.007
10.367
12.848
9.753
12.586
14.502
13.716
42.727
30.254
4.793
8.096
9.843
8.885
15.916
19.930
4.601
8.260
8.497
8.085
3.135
22.390
12.675
11.244
11.148
26.920
8.422
4.829
9.704
8.937
15.401
46.946
9.471
3.971
0.879
2.932
5.852
7.799
13.681
5.160
9.791
10.250
7.381
12.709
4.410
59.666
4.466
12.184
4.401
3.265
2.330
3.780
8.883
4.791
62.505
5.190
16.739
6.727
3.141
7.057
3.488
5.450
3.232
3.139
5.124
1.227
4.158
3.159
4.511
4.858
6.772
4.350
1.498
0.058
0.069
0.215
0.306
0.714
2.290
1.135
0.954
1.128
0.759
0.051
0.014
0.556
0.096
0.024
0.000
0.010
0.058
1.851
2.220
0.771
3.440
2.753
2.117
0.362
0.199
0.335
2.316
4.230
8.822
3.408
1.751
2.352
3.578
1.693
1.379
5.078
4.852
1.080
1.075
3.236
3.534
2.738
0.412
2.864
1.343
3.033
1.657
4.963
2.094
0.728
0.687
0.412
2.400
4.628
4.025
3.917
7.007
6.564
3.550
3.124
4.096
3.112
5.802
1.627
7.903
10.489
8.690
5.836
8.111
4.477
0.082
2.015
9.325
6.015
10.039
12.895
6.355
21.312
32.564
5.976
8.360
3.325
5.368
4.165
3.231
4.103
11.124
18.110
63.930
9.568
35.930
9.232
34.116
14.993
45.075
14.329
13.209
38.409
11.731
13.398
11.091
10.025
72.681
9.671
12.988
13.728
6.849
19.731
5.091
33.628
38.332
38.493
29.591
27.967
30.442
15.631
5.933
22.989
24.276
18.409
7.728
5.764
6.894
0.228
7.927
13.173
8.686
9.256
47.856
11.652
20.349
47.210
14.718
23.446
12.971
18.392
15.475
10.279
19.078
22.021
23.095
13.795
10.928
17.918
7.251
13.942
14.020
1.583
1.957
12.833
15.381
8.552
10.930
44.182
21.441
10.658
9.469
5.253
7.042
0.597
7.351
0.000
1.078
5.116
1.552
11.038
0.007
2.249
8.895
7.138
2.802
10.454
5.524
6.025
4.625
2.523
1.315
3.629
11.618
10.145
11.918
15.522
7.292
0.553
1.198
0.896
2.256
9.562
7.811
4.765
5.201
10.207
1.538
0.343
1.047
2.407
0.069
0.000
0.014
0.000
0.951
5.301
7.625
6.705
5.903
4.458
1.524
3.818
8.552
6.204
1.178
0.659
2.424
2.757
4.621
10.928
7.787
0.000
0.014
2.201
0.371
1.332
7.639
3.735
8.751
8.065
2.129
0.106
0.000
5.946
6.863
13.863
8.003
6.873
1.102
2.098
2.571
3.533
4.460
5.891
12.907
1.078
6.703
8.250
5.136
1.917
0.330
8.099
3.737
6.951
64.587
9.867
5.057
1.554
7.239
5.855
12.028
7.316
5.883
6.937
0.407
0.115
0.003
0.000
0.034
0.000
0.000
3.201
8.829
0.965
1.854
0.237
8.350
11.192
8.903
8.504
12.473
28.017
15.285
11.724
52.690
12.902
4.940
5.742
6.626
16.998
31.703
4.377
5.680
3.654
17.802
14.135
2.161
11.625
16.383
46.658
13.539
12.506
13.643
22.383
11.807
13.235
12.255
12.739
6.115
13.410
8.829
7.124
20.800
28.285
12.631
11.378
3.243
0.065
0.000
12.039
8.190
6.872
6.000
6.781
1.945
3.931
13.578
16.703
5.589
29.881
14.014
20.242
11.615
16.600
5.267
9.239
21.437
13.814
29.660
2.431
6.880
19.825
12.128
5.960
12.621
23.322
4.274
3.595
4.415
3.540
5.673
12.835
8.006
7.203
2.444
3.098
4.688
6.159
9.275
9.328
11.714
5.157
3.972
4.221
5.258
6.388
0.948
7.347
6.266
2.216
4.946
4.290
4.139
5.392
0.275
0.076
5.342
13.003
4.068
10.828
6.108
5.680
18.545
2.000
5.752
3.600
2.439
4.302
6.726
5.471
3.819
0.680
2.709
5.655
34.260
2.235
22.388
5.208
3.773
4.213
3.009
4.110
2.135
4.165
5.538
4.607
5.548
4.408
3.167
4.384
2.142
6.932
8.178
11.213
7.464
6.791
6.647
5.562
7.145
8.195
6.331
8.514
12.880
7.769
2.795
5.421
7.162
6.937
7.344
8.518
5.194
1.140
3.426
2.125
5.857
1.545
2.884
8.844
9.438
6.664
5.387
1.885
7.793
8.411
15.741
8.072
7.107
5.400
9.364
15.010
12.116
9.261
8.271
5.905
3.392
11.797
6.557
10.327
12.174
27.181
9.036
18.591
20.833
1.727
13.235
32.049
5.929
11.821
9.591
9.294
7.601
17.427
13.881
32.317
31.067
10.447
8.298
14.804
49.974
10.315
8.983
61.148
28.897
17.376
25.983
6.085
10.813
7.902
9.773
13.865
20.191
21.719
3.763
14.517
39.151
37.716
4.995
5.169
5.019
10.356
7.404
20.756
7.793
13.046
15.769
12.772
9.380
20.198
21.207
12.222
20.986
17.755
14.109
2.681
15.099
21.066
2.863
9.060
11.189
22.282
14.533
13.477
9.095
11.618
3.969
4.604
4.549
4.927
5.256
5.744
5.812
3.734
5.042
1.540
14.557
11.958
10.004
25.282
11.900
14.361
7.175
12.037
47.375
15.822
17.080
21.458
12.212
15.772
8.957
15.618
12.514
10.073
8.899
14.112
8.267
11.077
11.093
6.156
6.204
3.196
4.288
8.683
11.211
2.094
0.385
0.340
1.737
11.206
0.520
4.970
5.598
3.447
1.257
11.841
3.677
12.709
18.182
30.854
3.905
7.725
2.482
2.551
8.089
4.995
9.062
6.818
6.089
7.488
2.779
11.774
8.895
6.322
15.614
22.611
14.144
11.705
16.693
18.351
11.994
13.268
5.922
10.588
2.578
0.046
4.731
6.103
2.691
2.417
0.000
4.149
6.163
50.369
8.810
10.628
3.919
3.416
10.518
11.280
11.407
8.322
5.394
12.653
5.543
6.442
37.233
23.433
15.808
25.143
5.061
6.334
11.418
12.627
12.574
9.532
6.389
3.619
8.907
16.545
3.404
9.996
11.781
19.381
13.728
13.034
10.458
13.214
21.971
11.463
5.957
17.611
20.020
7.855
16.552
9.432
11.783
24.890
9.738
8.030
44.426
5.400
19.967
5.941
11.028
18.769
10.193
36.277
12.780
39.948
2.834
5.991
12.966
14.758
34.809
24.762
8.698
22.963
23.744
10.161
9.855
14.408
22.666
11.800
13.602
16.684
14.728
5.991
12.559
11.373
8.393
13.429
22.470
12.051
17.566
24.328
19.266
10.813
7.608
9.984
2.511
4.532
3.771
0.973
3.402
2.934
3.878
5.591
9.489
3.620
3.071
5.442
6.164
4.441
13.541
55.251
3.459
4.517
3.032
6.538
6.070
5.849
3.282
3.584
3.263
3.825
0.199
1.326
0.947
1.030
1.291
0.608
4.515
1.823
2.228
1.679
4.146
2.578
3.219
3.753
2.880
0.652
1.442
1.778
0.608
1.569
2.120
2.870
2.050
4.872
16.411
4.910
2.213
3.009
3.373
0.494
1.414
0.299
0.838
4.910
1.109
2.460
2.311
0.103
0.149
0.000
0.754
2.390
9.421
8.894
4.008
8.843
1.579
6.211
7.007
0.141
0.000
0.137
0.201
0.390
1.172
0.106
7.440
6.955
6.182
6.261
0.771
4.460
1.648
4.910
10.550
8.247
13.620
16.885
10.480
6.025
9.126
6.606
11.381
39.163
19.212
4.954
8.073
23.052
5.964
21.022
5.850
1.576
3.141
9.896
4.614
3.323
5.256
13.499
13.304
69.722
4.913
53.112
25.705
11.711
40.701
4.144
6.703
6.173
13.108
23.463
10.032
11.948
8.700
15.460
10.799
4.312
9.390
10.358
13.293
9.354
11.106
14.229
12.930
17.118
55.268
4.666
20.926
14.996
17.973
8.906
5.531
4.367
3.866
8.776
11.203
6.653
4.103
10.320
6.712
4.764
16.871
11.925
39.875
28.278
17.006
20.809
11.802
14.097
29.811
61.273
22.881
5.737
6.568
6.207
11.937
5.452
6.727
7.989
8.226
12.051
3.801
4.782
3.183
12.720
11.414
7.675
10.914
27.028
12.342
4.635
3.670
7.489
0.653
0.000
0.041
0.034
0.007
0.000
0.062
0.000
0.076
0.000
0.000
0.000
0.000
0.000
0.000
0.000
2.566
0.841
0.017
0.014
1.756
6.120
0.000
0.127
0.000
5.503
0.855
0.000
0.062
14.080
9.174
3.983
3.361
0.536
2.050
1.967
4.274
1.730
4.683
4.690
0.817
0.261
0.987
5.342
10.272
10.866
7.958
12.763
13.345
4.659
5.431
11.407
9.297
8.193
1.590
1.138
1.938
10.526
8.363
5.847
42.977
14.665
6.247
8.279
9.864
15.649
8.712
9.986
6.942
10.126
2.299
8.128
11.755
6.892
8.053
7.503
11.965
8.180
10.324
25.370
15.120
11.304
9.702
2.273
4.269
1.722
0.144
8.068
14.032
7.108
9.859
18.910
45.161
17.279
15.456
13.469
26.884
6.413
6.576
4.892
0.000
0.560
2.602
10.773
8.142
12.195
6.976
13.669
10.923
14.202
14.694
26.342
0.431
17.547
27.967
16.881
8.962
5.795
22.144
11.335
25.015
6.418
22.458
14.409
8.215
7.151
2.674
12.378
6.482
20.893
31.340
16.452
25.148
6.489
3.744
3.071
6.729
25.612
20.055
26.390
30.256
21.538
13.613
21.269
9.256
1.785
1.854
17.971
22.549
8.521
4.494
12.205
23.641
14.677
17.777
14.715
21.519
10.949
55.019
7.575
9.422
7.790
4.099
1.294
10.027
17.293
57.347
30.466
18.874
8.839
4.461
5.929
8.961
8.913
10.238
51.967
5.713
3.948
5.218
11.577
13.060
22.254
5.977
13.786
10.756
7.584
8.229
7.189
0.587
0.034
0.027
0.302
0.000
3.100
0.000
5.366
3.426
0.378
0.937
0.508
0.501
4.072
17.685
4.264
0.034
0.488
5.126
0.965
8.899
6.866
6.616
3.869
0.913
0.546
5.091
0.867
7.399
5.843
0.948
9.019
2.369
4.834
15.989
11.441
10.483
5.912
2.496
5.394
3.560
2.403
3.337
12.756
17.868
3.404
1.960
4.631
22.786
1.095
4.789
27.833
20.706
3.715
4.549
0.668
3.179
9.053
4.261
6.626
7.024
8.171
7.879
4.322
6.866
5.939
35.774
7.697
5.102
49.723
3.510
8.219
19.099
52.683
7.488
31.198
3.811
5.594
3.947
5.917
7.996
12.351
5.715
6.422
4.025
3.847
4.870
5.660
7.649
6.331
11.770
6.626
7.285
6.044
8.006
0.045
0.366
9.168
40.167
8.054
3.272
6.860
8.732
7.467
7.805
15.734
11.627
17.249
9.895
42.531
39.376
25.636
31.122
17.678
34.284
27.995
40.265
31.414
10.787
16.914
4.817
22.354
38.483
5.376
5.596
7.670
50.925
36.581
43.211
14.694
59.271
2.273
9.840
11.838
9.943
68.678
24.585
51.323
7.903
4.202
4.333
30.206
29.024
15.240
12.391
16.871
18.229
22.383
14.347
50.249
4.292
17.365
7.742
11.666
0.271
6.376
8.260
27.787
5.503
8.017
10.061
6.216
10.758
6.218
9.786
40.042
21.396
-99.000
6.770
16.061
40.756
18.481
4.446
5.915
31.586
5.543
18.139
4.710
12.473
14.617
0.038
0.000
7.881
7.639
11.271
2.789
1.444
0.395
0.515
7.841
6.829
0.165
0.306
2.836
0.515
0.326
3.292
0.474
0.367
0.110
6.527
8.913
9.678
3.653
0.463
0.402
1.291
0.000
6.180
4.240
0.491
0.000
0.120
0.000
0.045
0.000
0.561
0.000
2.321
0.000
0.374
1.408
0.235
0.000
0.000
0.364
0.429
0.031
0.000
0.000
0.779
2.108
7.524
5.737
3.135
0.165
0.000
0.082
0.312
0.000
0.000
0.113
4.551
5.421
3.620
6.571
1.456
8.209
0.151
1.892
0.460
8.350
14.794
14.835
11.182
1.926
0.082
1.542
2.654
2.856
7.412
12.634
10.650
1.699
3.432
2.980
0.000
0.410
2.043
0.803
2.858
4.499
9.692
12.378
0.943
0.716
0.021
1.065
1.327
15.453
3.418
6.056
11.200
8.350
42.557
10.763
7.416
10.904
2.692
9.513
13.239
25.536
11.185
20.280
18.371
26.199
13.043
8.720
17.583
18.371
7.678
40.612
25.832
8.686
32.010
21.465
31.167
14.087
12.435
10.258
17.503
11.783
24.908
20.376
15.752
14.198
15.886
23.583
20.019
19.456
12.739
9.103
12.445
17.259
17.528
45.842
9.709
0.814
5.555
24.294
21.545
5.122
11.810
25.303
13.776
3.267
7.071
12.118
9.321
11.129
5.290
24.336
31.641
12.902
15.996
18.906
6.295
4.921
4.527
4.724
5.023
7.763
6.056
6.439
4.782
7.675
8.391
19.544
3.668
14.062
0.599
0.730
0.134
0.360
5.727
21.729
4.176
1.033
0.220
0.968
0.021
2.317
0.087
1.730
2.210
-99.000
-99.000
-99.000
-99.000
-99.000
-99.000
-99.000
-99.000
7.454
0.220
1.552
2.499
6.836
18.481
6.863
0.474
2.990
0.803
6.101
2.420
7.656
2.802
0.048
0.094
1.555
5.322
14.938
10.811
13.424
15.973
9.002
4.031
2.335
2.365
1.435
0.345
1.439
3.337
5.400
2.078
0.194
0.000
0.194
1.262
0.297
0.395
4.922
8.310
5.644
12.206
21.734
13.911
9.659
4.269
9.431
3.033
9.632
9.360
0.815
0.027
0.992
0.000
0.000
0.431
0.694
0.129
0.000
2.402
9.325
9.975
18.484
19.786
8.545
7.834
10.318
10.131
16.649
11.309
9.266
6.872
14.308
8.665
16.480
8.820
9.477
6.971
5.871
2.410
22.997
12.557
18.685
12.009
4.807
15.465
6.257
7.206
7.237
21.650
17.923
7.024
8.053
3.481
9.472
14.602
12.805
11.381
10.111
10.118
4.791
1.545
0.934
6.281
11.980
12.947
11.977
7.141
14.960
16.215
7.471
11.225
17.990
5.346
6.140
10.085
21.919
3.205
11.548
2.876
41.120
6.221
15.532
31.102
8.156
56.875
10.914
10.386
0.501
4.000
10.828
3.862
7.587
2.455
5.752
15.360
11.127
3.862
9.201
16.740
21.441
6.609
23.367
12.936
57.325
24.939
11.288
3.605
0.014
0.000
0.000
0.014
3.547
7.594
12.023
10.979
11.374
30.786
1.100
1.802
0.000
2.475
13.211
4.024
2.834
0.244
0.000
0.508
1.202
0.165
6.499
1.535
1.020
3.852
2.154
5.461
0.038
0.000
0.000
1.796
1.499
3.898
2.598
4.053
3.468
0.306
1.069
0.915
1.090
1.373
7.843
5.079
3.825
2.819
2.941
2.051
8.360
12.566
1.759
5.456
3.598
3.129
3.431
2.796
0.357
4.115
18.565
10.822
32.722
6.286
6.170
7.093
14.822
17.928
12.191
6.285
10.650
4.709
5.213
2.724
0.640
0.992
8.911
9.373
2.499
0.069
2.043
2.004
2.400
3.497
0.542
0.055
1.263
0.189
0.000
0.302
4.209
0.386
1.943
6.202
7.625
3.123
2.165
2.669
8.671
9.122
8.199
13.911
4.916
4.295
4.662
7.653
4.894
3.062
0.587
9.165
5.220
8.396
2.580
0.105
1.765
2.743
9.505
12.634
18.682
24.664
19.552
8.375
16.960
13.993
6.868
8.746
16.653
21.471
42.895
68.531
55.987
39.798
6.348
8.035
3.710
8.811
7.632
11.414
5.927
28.851
63.755
17.374
26.863
52.943
16.320
62.332
42.814
18.103
15.262
15.285
27.957
11.091
29.836
40.073
20.744
69.286
19.388
5.096
7.814
7.378
3.880
6.506
11.961
10.973
11.391
10.567
7.728
7.450
8.689
43.036
33.347
10.695
20.507
14.708
10.080
17.889
28.848
15.862
31.610
18.708
2.467
7.579
29.979
6.303
38.943
37.810
18.474
8.817
12.339
12.354
57.026
7.859
14.073
12.701
31.541
8.072
4.424
5.153
14.495
10.166
13.283
15.798
13.005
5.552
0.055
0.089
0.000
2.712
0.000
0.000
0.000
0.000
0.000
0.000
0.666
6.024
5.466
8.518
5.407
1.959
0.663
0.285
0.064
2.987
5.517
6.232
1.299
5.732
1.449
3.050
0.209
1.054
0.172
1.634
8.253
2.968
3.102
6.643
2.012
2.802
1.576
0.312
0.403
0.367
0.740
1.313
3.780
6.871
8.516
1.504
0.014
1.943
6.329
45.489
9.136
7.357
9.232
5.231
16.514
19.473
13.881
7.096
4.165
1.229
11.909
8.780
3.565
0.752
0.879
0.297
2.408
1.943
6.491
3.577
12.597
6.546
21.725
13.057
1.478
0.875
1.305
0.779
0.000
1.150
0.769
0.800
6.060
9.428
10.478
9.139
4.305
6.557
13.935
12.305
0.439
2.455
0.010
0.000
0.000
0.000
0.110
0.318
0.000
0.000
0.000
0.597
5.613
10.782
8.202
10.545
11.664
11.295
6.321
55.347
16.362
21.671
54.616
6.501
12.799
20.869
43.394
13.516
31.668
11.004
13.647
7.531
9.543
10.372
15.965
13.414
14.816
35.987
6.916
7.246
6.254
27.157
20.811
10.871
14.437
35.235
37.882
24.355
55.584
9.338
26.711
12.365
12.195
8.233
6.899
5.562
7.145
16.970
44.979
4.068
4.772
7.922
9.208
12.773
14.507
11.556
28.940
13.239
6.142
14.792
12.126
15.858
34.531
21.743
19.968
23.576
6.709
16.358
26.371
29.335
8.305
7.448
8.986
6.966
10.957
9.067
6.805
4.080
5.452
14.406
4.058
6.221
18.419
47.617
9.836
12.909
14.881
6.800
16.152
22.235
14.279
32.317
12.341
41.263
10.422
11.939
12.863
4.649
17.715
11.457
15.237
14.382
10.952
14.512
11.012
11.131
6.612
9.531
3.008
1.202
2.365
1.624
0.058
2.802
0.367
0.419
0.141
0.000
9.974
5.996
2.959
6.602
2.362
9.241
0.199
8.449
15.264
14.929
5.430
3.892
5.737
8.918
4.834
4.106
8.703
7.974
7.154
10.600
4.621
5.146
7.033
9.503
6.489
24.578
9.326
9.795
11.014
24.002
21.832
10.655
21.066
30.413
4.781
19.173
9.017
4.316
7.229
19.956
39.031
10.811
11.728
37.786
14.409
9.235
7.804
11.553
13.403
21.022
5.459
11.745
22.223
22.373
32.315
12.502
6.334
2.901
23.909
29.237
16.098
15.738
15.566
29.158
19.672
13.815
4.738
0.409
5.528
15.547
35.335
43.868
12.773
42.004
18.730
6.198
0.294
8.526
4.460
1.626
2.104
6.802
5.395
28.911
42.637
15.225
33.534
12.987
9.793
4.415
12.006
11.272
14.104
22.046
9.628
50.250
30.502
7.687
17.837
21.911
9.551
33.359
11.117
12.706
14.819
11.349
65.781
31.860
18.951
21.861
52.037
19.432
10.386
12.488
12.389
16.715
17.466
44.683
26.192
6.167
6.358
16.528
24.529
8.267
4.554
11.759
28.443
11.223
37.190
10.456
10.449
8.880
7.201
9.512
14.099
5.090
5.458
30.987
5.133
8.434
23.906
8.574
0.917
4.010
4.776
7.314
6.974
4.320
0.584
2.426
1.305
0.057
0.000
6.463
9.538
5.988
11.230
10.181
9.783
16.328
16.867
61.208
36.831
4.971
12.373
8.077
15.123
19.791
5.972
5.193
5.297
4.704
4.777
3.577
2.865
13.302
10.830
9.919
9.555
6.600
7.598
7.108
7.680
7.402
11.582
7.381
5.219
4.017
2.400
7.208
3.507
2.544
2.692
1.318
2.036
11.254
13.537
5.898
0.996
5.219
12.080
5.850
3.025
2.269
2.472
5.816
6.575
3.728
0.103
0.522
0.120
1.239
3.256
12.042
13.479
19.638
8.731
5.548
4.782
10.430
41.017
9.979
1.617
8.782
9.191
8.698
4.116
6.448
4.178
4.487
8.308
3.502
6.195
1.150
3.054
2.225
8.882
13.681
13.668
5.936
5.603
7.752
8.940
21.248
7.745
4.487
5.201
5.624
10.501
7.224
9.489
7.194
17.997
7.896
8.032
8.782
8.823
14.323
8.590
5.632
9.263
11.742
13.863
10.763
9.586
10.107
13.657
5.297
9.201
8.243
7.728
13.208
13.970
15.578
13.623
6.135
5.840
12.744
29.989
11.072
28.764
8.940
34.397
22.658
8.959
20.443
28.970
14.586
9.922
10.952
44.175
17.046
8.214
26.621
5.517
21.499
15.685
8.792
1.051
0.000
0.000
0.901
0.000
0.000
10.389
7.314
6.603
14.384
12.236
18.689
10.293
6.354
9.702
9.342
4.255
9.129
8.471
11.810
11.403
14.327
11.771
11.057
13.980
9.795
10.557
3.380
8.353
2.915
4.721
0.712
0.000
5.388
6.722
3.076
11.841
8.827
5.764
4.899
16.280
6.501
9.144
7.327
0.488
4.607
2.836
0.633
0.460
7.071
4.836
2.065
1.373
5.929
5.986
3.050
0.525
0.961
0.096
0.000
0.000
3.007
0.000
0.007
1.069
5.536
4.542
7.316
19.207
14.715
32.743
18.583
10.420
12.301
13.648
8.727
12.930
9.043
6.374
0.158
0.021
0.130
7.139
1.603
8.830
3.835
5.256
11.834
2.079
2.537
8.700
5.490
5.730
0.168
3.783
7.986
12.998
20.349
22.319
9.318
6.185
12.480
8.425
6.214
14.111
11.742
25.842
24.709
6.540
3.243
8.101
12.315
27.579
24.541
11.577
7.012
12.418
11.814
15.504
13.883
11.582
2.479
0.342
0.968
1.885
6.513
7.816
4.163
10.533
14.217
7.505
1.562
17.468
12.648
13.342
22.937
6.259
6.623
6.018
10.863
5.970
10.221
11.838
1.064
7.021
17.489
9.627
9.929
23.988
22.124
18.934
11.247
11.357
24.805
15.736
10.588
2.166
11.089
2.880
11.700
8.921
10.707
10.489
12.487
8.226
18.519
17.489
18.093
11.240
14.672
22.658
9.047
9.546
11.495
5.689
4.207
4.679
5.923
3.821
1.494
4.484
5.830
5.054
7.354
6.362
7.655
10.931
6.657
18.124
53.589
6.597
16.255
10.205
9.816
20.166
13.215
2.779
9.457
17.614
32.411
5.489
4.586
24.414
3.676
2.632
4.396
1.255
5.849
8.394
2.748
0.508
1.224
0.390
0.258
0.122
0.007
0.041
1.479
0.657
0.027
1.407
5.105
13.022
27.708
8.633
5.373
4.298
4.427
0.853
0.443
2.899
11.925
10.736
11.712
9.613
10.192
7.932
9.785
4.510
7.838
4.770
7.415
4.364
7.395
8.519
6.184
6.650
7.581
7.201
6.954
5.055
3.725
6.466
7.939
1.195
7.383
1.394
8.617
5.425
7.728
0.772
0.287
3.040
5.421
12.339
27.549
6.750
3.342
2.221
2.807
3.557
7.177
15.757
3.426
2.286
5.809
0.239
1.367
7.393
27.914
11.469
4.979
8.229
7.247
11.021
6.678
1.979
1.548
2.075
13.117
3.804
6.619
3.801
4.618
4.391
7.117
6.214
2.499
10.863
0.580
3.842
7.955
4.595
8.466
6.824
7.381
17.243
9.541
4.226
9.824
15.580
10.471
12.251
37.302
20.399
7.179
3.656
5.953
20.189
9.029
3.837
4.968
6.434
3.260
5.679
14.341
15.546
10.401
0.062
0.851
5.033
8.047
11.937
7.639
30.611
30.755
7.179
10.811
15.041
8.202
78.913
7.474
33.268
11.694
18.533
8.607
27.583
54.300
37.711
53.792
16.806
31.016
35.235
32.513
19.247
57.742
16.116
28.098
8.566
14.512
10.622
36.282
15.934
70.288
1.569
0.240
3.553
0.319
3.643
8.010
13.953
4.360
4.676
5.727
4.566
7.038
9.242
10.672
11.882
27.740
35.438
7.792
8.508
7.496
9.371
14.983
0.513
0.017
1.143
9.294
8.992
12.669
12.806
9.107
9.529
23.590
16.334
4.118
0.283
0.154
0.481
0.554
4.262
2.611
10.437
0.127
2.578
1.463
0.678
1.710
3.080
2.958
4.084
0.815
2.491
11.618
16.759
7.974
6.592
16.210
9.941
12.921
6.758
9.994
7.289
5.433
3.643
5.897
20.227
10.970
6.630
4.707
7.615
2.062
1.375
0.165
5.332
7.536
1.253
4.280
7.469
0.074
0.577
3.306
3.347
0.225
6.956
3.866
0.827
0.618
0.481
3.025
0.412
1.998
3.258
4.422
12.555
0.591
2.170
0.237
0.000
4.027
0.000
0.000
0.000
2.293
9.726
13.740
58.986
8.209
8.308
11.932
21.173
17.348
14.894
3.910
0.364
0.000
7.102
8.521
3.437
6.800
8.087
6.191
8.932
4.760
4.817
0.132
0.573
0.675
1.584
13.853
7.074
6.173
30.988
12.538
12.718
11.640
10.212
11.445
10.240
5.977
7.472
12.212
10.794
23.991
12.257
52.908
12.322
16.871
8.573
12.119
28.348
9.556
8.861
9.162
16.655
16.916
7.725
18.055
8.284
31.738
25.914
9.836
9.699
33.079
11.244
9.937
18.818
12.209
39.807
36.282
19.645
69.262
5.199
14.721
35.989
8.344
8.779
3.727
7.330
11.700
10.443
2.450
2.023
0.704
2.592
1.768
1.627
0.201
5.237
1.100
7.441
14.334
8.050
38.540
76.280
7.314
19.969
15.898
22.165
6.517
4.379
6.229
13.551
10.825
13.029
37.989
32.235
2.798
5.325
7.859
9.335
5.026
7.766
2.784
2.350
5.799
0.000
0.000
0.045
0.000
5.064
0.117
0.000
0.000
1.057
3.653
10.265
3.076
5.522
6.674
11.927
5.505
4.587
25.171
8.526
4.364
3.646
9.371
6.262
7.478
39.975
1.444
6.935
5.085
4.173
5.269
3.308
5.934
12.303
0.697
3.897
2.237
0.984
0.335
0.072
0.000
0.000
0.003
0.000
0.000
3.459
2.043
1.212
0.694
0.429
2.973
6.815
4.219
1.459
2.122
1.023
3.498
0.110
2.781
6.418
7.567
10.114
12.494
13.280
9.706
9.455
6.166
11.934
19.418
5.376
0.518
0.597
0.192
0.000
3.447
4.480
13.405
12.414
11.496
37.653
52.932
2.900
9.163
41.130
7.423
10.849
15.956
6.224
17.595
18.409
20.026
4.975
7.605
0.577
0.014
0.395
0.000
0.065
0.961
5.993
2.656
1.836
12.085
63.757
13.848
6.250
8.712
7.508
2.503
4.456
5.050
6.606
2.077
10.367
7.435
11.852
11.656
55.711
6.592
34.998
34.768
24.809
10.052
39.568
9.453
9.991
6.345
14.038
12.054
23.353
15.927
9.435
9.462
15.439
18.981
23.960
44.134
14.176
52.134
54.705
12.274
48.769
13.551
9.208
5.490
3.859
13.146
7.299
7.701
8.782
3.407
2.894
9.685
7.124
18.793
47.152
40.174
16.926
51.227
9.050
11.402
8.748
10.684
9.266
5.802
0.512
2.458
13.094
17.650
11.663
10.952
12.837
12.373
16.854
5.356
1.878
2.180
4.192
2.784
0.783
2.190
10.955
4.223
10.554
3.965
9.218
11.153
8.176
6.999
11.182
5.179
15.710
14.457
11.632
8.425
7.907
12.432
6.743
3.593
3.849
2.518
11.942
14.234
6.540
9.560
6.345
6.815
2.326
6.939
7.234
6.061
13.498
2.886
0.055
0.649
0.038
4.705
0.000
0.000
0.000
0.000
0.335
0.606
1.789
7.507
0.494
1.047
4.154
16.982
23.054
25.983
3.890
0.498
0.057
9.675
7.084
14.543
14.025
17.168
1.451
0.894
2.288
0.065
0.010
0.031
0.000
1.142
3.689
0.498
8.281
5.794
8.209
1.440
0.031
0.000
0.154
0.369
0.039
0.283
2.103
0.566
0.034
0.000
1.408
2.692
0.000
2.379
0.048
0.000
0.000
0.000
0.000
0.000
0.000
5.557
20.615
30.422
8.449
11.769
11.440
10.337
11.268
10.258
10.176
8.669
11.855
14.926
11.975
1.239
5.294
10.219
12.009
12.542
5.291
0.306
10.341
13.225
16.380
18.800
7.862
16.449
11.618
9.390
10.485
0.597
6.159
9.376
9.802
7.242
2.589
0.000
0.000
1.387
0.000
0.989
6.794
15.379
15.388
2.856
8.422
0.199
15.535
13.966
10.451
42.527
28.389
11.282
45.808
17.726
9.513
25.698
24.623
14.042
19.700
42.483
5.287
6.473
13.640
6.307
7.272
7.934
7.819
6.465
5.809
18.225
19.908
19.664
9.332
1.905
5.121
2.113
0.594
1.966
9.117
4.233
11.738
3.669
4.450
3.783
2.340
5.569
9.919
4.913
8.149
8.231
6.681
30.654
21.525
4.990
5.432
2.914
4.056
5.787
3.023
2.759
0.730
1.717
0.860
7.048
9.666
8.263
3.695
2.335
4.219
8.720
10.826
0.414
2.118
8.420
6.886
7.004
0.000
0.000
0.021
3.029
2.145
13.690
3.319
0.278
0.391
0.000
0.000
0.079
0.695
0.699
5.838
6.309
4.355
0.516
1.721
1.420
3.001
4.685
3.517
5.517
0.390
2.190
2.798
0.312
9.816
2.324
2.599
6.854
12.789
7.519
8.161
15.137
1.191
0.714
0.822
0.460
0.000
0.240
4.927
13.340
4.758
2.681
0.371
0.000
6.743
7.162
7.127
4.872
9.726
0.669
4.875
3.725
12.148
6.882
12.990
1.583
7.987
0.112
0.000
5.805
9.950
9.603
51.658
7.522
1.262
0.048
1.710
3.205
7.648
0.592
4.128
0.051
2.786
1.185
0.781
2.565
7.591
8.266
6.666
9.764
8.339
6.825
7.962
10.513
8.175
8.813
2.338
14.330
20.004
36.972
16.224
12.567
37.996
3.042
16.043
23.437
15.844
47.976
10.396
9.338
10.519
6.194
8.312
12.535
14.797
3.828
7.495
7.781
10.979
15.362
2.715
18.138
20.033
8.592
8.447
8.993
3.227
7.981
0.000
9.319
10.016
0.000
1.320
8.780
14.392
5.538
18.515
11.814
7.471
12.911
0.745
15.868
5.488
3.361
0.457
16.181
17.731
24.194
7.259
8.681
12.437
19.291
11.321
9.998
6.729
9.768
14.574
8.672
6.226
0.348
0.014
4.247
4.060
0.000
0.000
0.187
0.000
2.817
1.941
0.628
0.014
0.000
0.000
0.000
0.366
2.287
7.011
4.961
2.668
0.458
0.014
0.000
0.000
0.007
0.062
1.480
0.604
0.700
0.319
0.000
2.695
8.837
10.526
9.953
9.496
8.099
1.404
0.000
0.000
0.000
0.045
1.964
0.041
0.000
0.000
0.278
0.412
5.950
1.088
0.024
4.353
1.800
0.508
0.551
0.000
2.369
0.088
0.779
0.256
1.517
4.534
0.872
0.273
1.730
5.194
9.987
22.711
9.316
3.287
0.000
0.000
0.000
0.000
4.125
0.000
0.000
0.484
0.292
2.750
6.331
9.290
6.109
6.449
7.886
1.602
1.741
6.699
2.146
1.711
0.000
0.728
0.869
0.273
1.504
19.537
9.949
20.709
14.365
10.523
12.476
4.156
7.641
11.048
9.718
5.938
8.887
28.292
5.011
4.236
0.457
0.137
1.754
13.106
6.789
3.419
2.958
12.334
8.550
13.101
15.925
5.043
2.766
7.210
7.588
0.488
0.000
0.000
2.429
4.925
4.019
5.079
2.220
4.215
9.546
5.305
8.784
2.386
4.257
7.593
9.239
13.082
4.891
5.836
2.626
7.302
11.343
11.185
42.057
35.434
11.810
12.082
13.498
11.735
13.208
40.164
5.114
19.882
13.719
13.661
22.694
7.520
9.332
6.743
14.298
10.538
8.895
33.404
8.817
18.560
21.513
6.588
4.000
8.690
16.524
9.122
20.665
76.561
45.978
3.825
4.329
7.361
9.713
6.370
5.507
6.228
3.438
10.327
4.137
10.715
2.731
0.113
1.208
0.673
0.539
0.086
0.058
0.014
0.000
5.685
7.646
8.271
0.470
9.924
7.203
1.047
0.154
0.000
2.371
7.060
4.918
7.752
6.865
2.087
3.655
3.236
0.585
2.879
4.692
40.933
7.357
5.100
3.440
8.727
6.787
5.600
0.889
1.828
0.110
0.000
0.000
2.403
8.659
6.612
8.169
6.770
9.008
41.842
1.439
5.256
0.564
4.151
6.000
1.911
6.774
8.156
4.880
4.204
2.609
1.481
0.184
0.191
0.126
0.034
1.725
2.036
1.135
0.000
0.000
2.278
9.285
6.631
1.811
1.140
4.544
0.826
1.226
2.005
0.805
6.788
5.498
7.165
11.211
14.485
10.202
13.444
0.000
5.946
6.966
14.452
19.636
37.454
10.003
7.620
59.395
22.846
25.516
64.787
47.209
11.692
16.873
37.218
3.682
4.037
12.428
13.869
6.993
8.486
10.300
7.625
6.298
5.411
25.384
21.846
15.039
10.334
58.063
14.680
12.851
15.463
9.912
3.093
16.359
29.989
6.774
14.921
2.829
0.177
5.116
5.426
13.585
22.311
18.718
27.914
5.720
13.850
16.843
12.181
6.297
18.598
7.048
6.420
7.508
2.596
16.349
4.092
5.562
73.488
7.709
4.072
2.211
11.017
6.921
8.700
5.885
11.900
9.702
10.526
18.258
45.270
38.953
25.523
60.291
15.843
9.266
7.807
1.313
0.000
0.000
1.286
0.144
0.898
0.908
0.223
0.077
0.014
2.125
0.218
6.978
3.758
2.493
0.675
0.000
0.764
0.503
0.263
6.042
11.040
7.896
0.554
0.527
9.160
4.439
5.155
5.435
11.548
16.600
8.087
11.767
6.545
1.777
0.000
0.000
0.324
7.048
5.634
5.799
0.548
2.853
1.464
6.424
3.517
0.434
0.000
1.777
2.067
0.213
0.340
5.847
3.507
2.747
1.342
5.546
1.457
3.555
0.158
0.544
0.000
0.417
0.000
0.000
0.000
0.000
1.068
6.121
7.038
4.864
3.851
1.576
1.512
0.118
3.589
8.041
14.600
11.337
1.284
0.000
0.000
0.000
0.867
3.066
3.056
2.753
5.958
6.281
5.308
8.229
8.889
4.546
4.745
3.674
4.899
5.253
2.005
8.133
7.515
9.301
1.960
7.567
20.720
15.923
12.906
4.786
14.052
5.260
12.928
3.677
6.182
4.370
9.153
12.277
26.014
0.336
3.437
0.000
14.008
7.282
9.421
5.888
9.071
6.317
2.716
0.000
1.905
0.597
9.287
4.501
10.193
2.994
0.000
2.031
11.211
15.134
12.978
5.164
11.714
14.384
22.309
9.301
5.193
13.625
6.667
2.776
0.673
5.153
16.455
24.304
19.065
21.708
11.515
10.564
9.266
30.878
16.586
11.525
28.130
18.502
9.424
6.097
6.104
12.112
38.040
16.261
37.982
10.641
9.742
6.825
7.496
8.336
5.821
8.648
44.738
4.542
10.277
24.929
13.103
50.510
21.863
25.516
31.548
11.064
4.515
12.089
21.029
10.727
0.275
0.000
8.212
7.072
12.137
55.115
7.817
12.545
24.172
9.856
4.128
5.301
0.151
4.413
0.714
4.151
5.119
0.735
1.911
0.257
0.000
0.204
0.481
0.373
0.076
0.000
0.165
10.955
6.283
1.608
1.926
6.479
10.396
7.376
6.812
1.775
4.037
0.051
6.121
7.941
7.653
6.636
5.119
2.911
0.556
0.690
1.377
0.539
0.062
0.000
5.085
3.117
8.247
5.073
6.327
2.154
10.959
5.900
3.377
0.213
4.243
7.543
4.923
5.620
8.096
4.879
2.022
6.609
7.145
58.557
4.542
4.662
9.194
13.364
2.875
10.863
10.301
8.653
46.419
10.749
6.990
4.782
6.856
8.114
9.273
13.663
10.262
15.886
7.629
8.137
4.168
3.495
6.173
12.926
8.873
13.735
9.529
24.678
7.749
7.845
5.493
9.591
16.411
13.033
9.459
9.292
4.700
5.126
7.570
6.884
23.825
63.376
14.279
23.730
23.981
6.887
8.173
8.920
10.426
7.630
15.858
8.843
12.655
14.564
13.290
8.772
7.682
53.171
21.737
2.635
6.245
13.783
28.533
47.138
16.072
3.576
2.802
7.366
10.909
17.015
13.676
21.319
28.125
33.337
9.634
41.564
30.046
2.683
9.939
8.420
3.500
7.076
14.560
14.002
8.665
13.062
5.704
6.102
13.920
7.409
1.530
4.156
4.764
20.876
14.669
13.534
16.419
0.946
20.041
8.990
19.628
33.761
14.201
34.645
7.938
0.675
9.204
8.566
12.092
4.635
17.111
8.405
7.584
0.429
2.043
0.680
1.614
0.893
5.788
2.486
3.574
0.357
0.985
8.150
0.826
8.858
9.299
3.160
5.843
7.780
14.732
8.875
5.802
1.023
8.645
4.408
1.334
1.727
2.863
2.687
7.781
9.503
8.064
1.513
3.617
3.217
0.877
0.021
0.000
0.079
0.000
0.000
1.473
0.469
0.330
2.934
9.809
11.438
2.352
0.373
4.820
0.079
6.516
5.270
1.670
0.415
0.148
2.017
0.000
0.000
3.759
0.882
5.610
5.682
8.104
11.127
8.161
0.462
2.848
2.446
2.910
6.721
9.670
0.230
5.400
11.404
0.841
0.000
2.573
9.017
6.216
4.467
0.580
0.844
0.010
0.529
8.387
3.231
8.099
7.608
2.550
3.183
0.968
3.651
5.538
0.223
13.609
0.724
0.348
0.527
2.716
1.607
3.256
7.938
1.481
0.017
0.474
1.107
8.281
9.702
15.012
29.679
29.440
54.800
9.083
5.347
3.967
9.913
7.651
7.838
13.228
7.670
3.287
12.660
17.088
8.104
13.301
17.705
33.805
7.405
10.208
10.336
5.794
11.858
25.882
66.720
53.694
12.568
7.040
2.261
3.557
7.896
9.110
7.387
4.487
10.068
10.439
10.016
5.277
4.549
1.001
3.736
21.411
61.556
22.813
12.236
14.175
8.441
8.444
9.975
0.853
15.046
10.396
12.986
11.633
9.012
12.607
9.708
10.324
24.295
32.864
18.652
40.571
19.631
33.299
11.627
13.566
4.633
7.405
4.243
22.079
30.511
6.956
10.034
9.931
6.628
0.508
7.821
5.359
8.751
0.669
11.549
11.827
7.339
0.738
0.000
2.420
1.892
7.783
6.630
4.558
5.438
4.712
3.076
1.796
4.173
5.179
1.195
0.014
1.861
0.041
0.743
0.160
0.000
0.484
1.130
1.390
1.172
0.201
0.390
1.464
2.187
1.780
0.000
0.000
3.825
0.052
0.003
1.351
2.137
1.885
11.034
7.979
0.191
0.141
0.048
0.000
0.242
0.719
3.353
7.514
4.789
4.350
0.017
6.842
1.270
4.082
0.690
1.452
3.914
0.302
0.000
0.000
0.000
0.000
0.000
0.003
0.199
0.000
0.546
12.197
12.164
5.696
9.057
7.522
8.609
4.250
7.321
4.693
4.585
5.098
4.528
9.948
8.102
11.515
5.879
7.576
6.762
9.095
7.222
8.647
1.957
1.378
4.117
5.564
7.426
8.853
21.145
32.348
24.434
64.771
19.595
4.395
0.048
6.576
18.799
34.350
9.119
3.679
6.525
8.813
8.037
10.236
9.951
15.154
18.457
11.494
22.955
34.466
8.707
5.861
7.268
7.505
6.908
4.580
6.726
42.363
9.201
8.233
7.859
13.197
23.528
16.473
15.108
5.212
1.499
15.395
21.708
38.768
4.566
28.152
22.996
2.620
7.515
13.740
36.540
12.147
6.582
9.919
8.030
12.009
23.775
21.791
12.404
24.500
24.180
13.136
20.126
34.408
9.618
17.475
12.861
15.872
7.244
30.260
35.273
12.116
19.250
7.515
7.639
9.143
6.368
7.102
15.810
14.795
18.502
50.029
4.931
5.253
1.452
0.446
1.652
5.758
8.463
15.851
6.463
17.497
19.736
9.053
5.691
10.384
10.142
12.683
7.191
17.345
39.736
1.562
5.189
3.830
1.574
14.849
7.450
15.762
6.108
8.923
15.336
13.118
3.976
1.871
2.630
4.185
9.048
2.190
0.027
9.970
7.121
11.965
5.527
9.270
4.353
11.556
13.201
15.848
30.858
19.245
16.346
13.805
23.137
6.933
9.337
17.571
11.457
13.062
13.273
13.010
15.752
13.692
1.171
0.000
0.000
3.787
10.634
28.473
8.719
8.126
14.277
15.242
8.406
13.894
9.499
10.938
7.102
3.394
11.592
5.828
12.677
8.454
14.487
28.454
4.076
3.263
1.289
0.000
0.000
0.000
0.000
0.316
1.564
0.336
4.350
14.986
12.336
12.274
7.979
4.810
8.034
8.806
10.499
4.985
2.113
0.505
12.306
3.996
20.592
30.412
12.803
2.032
5.627
7.213
9.445
14.111
12.789
6.581
13.908
8.619
2.017
4.302
6.439
9.170
3.535
13.899
12.797
20.613
23.638
5.297
14.808
6.096
3.315
11.688
52.563
33.776
46.264
18.443
8.964
11.302
5.740
5.713
10.573
18.292
16.026
5.927
1.818
5.424
22.122
11.790
14.751
31.987
17.006
13.462
11.788
11.851
38.819
15.220
22.416
18.102
47.679
25.177
50.906
21.256
18.250
71.902
34.372
6.488
9.495
26.482
34.089
15.590
6.978
11.611
6.222
7.613
6.690
3.267
6.650
4.682
4.891
10.657
62.687
8.671
19.221
3.915
2.565
2.724
10.628
33.070
6.364
13.251
6.298
5.569
9.186
7.816
16.110
13.202
8.269
7.860
11.838
16.534
32.762
28.255
4.875
9.011
8.937
10.476
2.055
3.902
1.236
5.243
5.105
6.183
6.842
0.875
4.889
10.410
9.859
3.741
0.826
7.052
19.882
6.530
8.597
6.544
33.963
8.161
13.184
34.253
17.842
16.607
6.302
6.176
5.703
0.185
0.719
0.748
5.189
5.404
15.068
10.782
5.665
4.795
6.233
17.933
36.892
13.897
6.738
6.373
7.998
14.375
10.634
9.281
11.369
17.195
13.470
2.220
6.952
6.837
12.456
9.508
9.026
10.609
8.599
5.071
8.985
11.783
32.010
22.103
15.626
38.724
4.370
14.523
23.998
28.154
16.933
37.165
10.636
51.143
9.206
7.093
6.081
5.546
6.777
10.288
3.974
0.587
0.718
3.320
4.825
4.209
13.494
13.508
45.683
9.883
18.139
8.389
5.897
6.813
6.775
8.058
10.928
95.778
13.118
16.299
81.335
15.817
14.346
7.821
11.745
11.618
11.848
26.304
10.095
11.070
7.857
4.647
7.196
6.039
9.177
16.970
23.777
53.957
22.830
15.280
3.040
7.826
8.441
0.669
18.073
25.184
14.838
5.354
18.975
27.188
11.606
19.008
25.814
9.582
9.239
29.449
22.477
5.577
14.878
11.337
3.646
2.896
9.654
34.594
16.190
15.072
11.709
10.368
6.341
20.680
8.863
3.746
12.267
32.765
9.005
1.286
5.299
14.531
22.328
14.368
10.155
6.121
9.057
0.730
3.104
0.000
8.552
4.077
6.863
12.280
4.726
4.137
13.499
20.079
3.773
2.994
6.691
7.593
0.007
6.424
5.349
8.671
24.240
21.559
7.211
9.695
2.163
9.980
9.417
4.010
2.317
8.913
10.489
8.075
18.212
19.751
6.671
7.175
9.785
7.368
11.196
5.273
2.558
0.374
0.038
4.975
1.179
0.508
1.205
6.369
23.971
15.446
5.562
9.589
1.226
7.042
6.077
0.918
1.598
4.927
3.739
2.039
4.444
1.828
3.262
15.868
3.792
0.764
0.093
2.793
0.151
0.031
0.179
3.469
8.281
5.490
5.452
4.297
10.068
15.528
14.777
9.737
23.200
7.275
16.263
4.072
7.455
21.949
17.728
11.489
17.303
6.897
13.756
10.434
9.210
19.977
10.180
2.814
3.108
0.000
0.674
8.514
7.865
1.834
3.147
11.074
8.949
6.167
2.362
0.033
8.136
6.833
9.483
4.211
6.249
12.088
3.492
0.118
0.700
8.171
1.567
6.746
9.189
55.960
17.334
5.845
13.752
4.439
5.414
17.935
8.834
33.340
46.186
8.738
25.128
14.450
24.220
13.433
15.043
22.126
3.428
10.491
16.801
9.483
15.819
30.947
13.382
10.336
20.754
19.700
25.255
2.482
1.411
0.100
7.828
6.307
6.703
3.871
10.717
10.440
3.452
9.809
10.921
20.723
31.895
11.882
5.327
0.900
0.024
3.704
10.245
1.147
0.288
8.150
11.824
16.061
45.327
7.146
10.796
9.258
8.060
10.725
4.570
1.674
5.007
7.261
13.640
22.170
12.513
8.447
9.341
11.367
7.272
10.709
8.223
0.000
0.000
0.000
0.151
6.889
2.333
0.000
0.051
0.112
0.407
2.130
4.546
1.897
7.155
4.119
3.574
22.103
3.488
2.929
1.974
3.766
8.133
2.450
7.639
7.114
5.304
4.202
0.173
0.161
5.500
6.348
1.758
5.962
2.184
1.270
7.718
4.590
9.543
12.916
2.970
21.719
12.897
7.297
3.962
3.825
0.985
5.656
7.419
8.614
25.382
25.076
26.868
7.059
5.970
12.737
79.131
39.266
9.690
11.206
12.020
13.911
11.625
12.964
10.605
0.817
1.188
2.431
2.468
8.130
8.171
1.610
8.707
3.008
7.454
8.097
5.670
0.148
0.039
0.000
0.000
0.000
0.000
0.003
0.041
0.307
8.619
11.489
8.669
4.364
6.049
6.665
6.242
15.884
7.773
11.944
6.453
15.673
3.450
1.408
7.560
6.394
5.275
12.796
9.223
6.579
10.602
4.086
4.655
6.518
7.920
8.255
4.750
6.479
5.158
2.338
11.553
13.510
12.162
12.524
12.075
7.501
13.592
6.460
12.358
8.851
22.820
16.685
23.552
40.267
5.981
9.218
10.818
10.820
8.853
0.669
5.691
3.529
3.160
3.395
9.040
12.981
0.270
0.021
5.091
10.190
12.236
22.379
17.504
10.264
13.630
7.656
13.886
6.697
3.032
0.197
11.409
4.451
8.813
6.142
26.335
19.483
33.917
8.046
10.410
6.290
7.234
6.013
15.294
2.681
10.210
9.472
14.268
15.721
17.024
12.183
11.649
12.816
17.255
53.891
1.871
9.699
13.699
3.114
0.218
3.220
0.244
0.139
2.798
4.395
4.903
11.846
15.124
40.775
6.578
0.000
3.565
6.197
0.532
0.000
0.000
0.000
0.728
0.460
3.121
1.689
0.103
0.000
3.663
0.045
3.605
0.927
0.299
3.831
0.161
0.000
0.000
0.000
0.000
0.000
0.000
0.034
0.989
4.621
6.654
3.502
10.035
4.776
0.311
0.282
0.000
0.000
0.000
0.010
0.000
0.000
0.000
0.182
0.000
0.105
0.409
0.309
0.000
0.000
0.000
7.036
11.160
1.239
0.000
0.000
0.000
2.020
10.895
16.255
3.189
0.000
0.000
0.000
10.176
11.501
0.869
0.398
5.534
17.583
26.844
19.425
14.512
73.653
9.464
1.289
4.762
3.165
0.917
0.000
1.260
0.000
0.000
15.472
21.877
8.750
19.279
29.128
36.416
17.406
1.366
4.796
4.013
4.834
7.431
10.847
9.096
9.469
3.025
1.140
0.058
0.369
4.461
11.094
29.565
23.332
15.105
3.485
4.074
3.572
17.431
42.035
13.623
12.413
4.515
6.507
6.486
21.250
11.984
9.610
13.817
27.383
29.400
15.712
13.244
14.703
13.881
9.333
5.327
10.142
9.122
5.227
5.742
13.978
7.627
8.203
16.019
12.324
6.367
16.959
20.457
2.892
7.992
8.111
36.420
13.697
13.426
7.555
4.420
8.063
25.130
24.472
25.694
30.383
7.704
5.093
19.090
6.534
9.555
3.124
8.300
0.769
0.347
2.144
0.406
6.935
1.366
0.194
3.873
5.630
19.101
3.754
3.042
1.696
5.807
1.148
2.272
1.406
0.000
0.000
0.000
0.000
0.000
0.000
0.000
0.136
0.000
2.172
0.000
0.000
0.017
0.000
9.584
7.769
4.688
0.776
0.762
0.055
0.264
4.237
1.739
4.666
10.098
1.767
2.868
0.469
4.180
1.641
0.093
0.522
0.185
0.000
0.000
3.064
2.876
2.803
4.407
6.686
3.984
0.000
2.403
13.664
9.218
7.042
7.165
3.753
0.362
1.435
2.108
5.426
8.288
14.262
0.129
0.273
0.000
0.439
0.000
2.774
1.059
8.856
9.057
8.415
8.768
10.794
8.853
5.548
4.482
6.070
5.074
11.457
0.280
11.968
12.358
11.771
27.983
29.380
0.254
8.885
3.991
10.509
11.223
11.640
8.072
8.739
7.129
16.173
18.352
5.485
13.092
8.088
11.106
11.728
39.489
7.105
4.286
32.780
25.445
3.097
8.528
4.992
23.064
13.513
8.106
13.839
6.777
16.596
27.995
7.436
22.817
58.681
6.430
9.805
14.344
21.882
11.185
17.825
29.818
12.006
17.218
15.480
12.435
29.028
21.865
25.293
7.749
3.080
4.755
4.302
17.829
20.606
8.350
25.732
24.681
59.189
67.030
49.473
10.629
11.501
19.157
4.267
7.436
9.472
4.226
10.245
0.338
0.000
8.676
8.724
4.062
6.478
13.822
7.615
10.753
10.087
14.045
36.231
25.337
8.870
17.750
6.645
8.683
14.830
12.643
1.427
5.903
6.492
4.932
2.767
4.362
3.317
1.105
2.175
5.843
0.585
1.544
0.530
0.810
3.545
11.165
12.227
3.674
4.266
3.425
4.043
5.210
4.386
0.652
0.000
0.000
1.006
11.749
16.277
13.664
12.538
9.651
12.943
18.811
6.520
8.020
7.443
0.357
0.000
2.228
5.421
9.325
9.860
5.184
4.213
4.058
9.987
11.505
7.481
9.555
10.907
9.163
7.042
6.228
7.872
7.752
1.562
1.517
0.048
1.332
4.782
8.399
6.470
3.044
6.376
9.135
2.771
8.185
6.067
11.989
11.881
8.822
6.053
11.822
6.583
11.175
10.739
0.405
4.228
11.129
12.021
14.217
3.395
1.116
1.497
4.784
4.144
13.242
11.750
9.074
6.564
1.425
5.304
10.636
12.457
20.050
9.179
10.622
21.861
9.575
11.017
9.265
4.249
3.710
12.025
10.312
6.403
9.743
14.959
15.925
13.225
5.529
4.429
7.397
7.093
3.123
0.781
2.455
8.300
8.566
23.006
24.783
11.517
24.546
7.891
5.388
0.051
0.031
2.438
26.954
34.440
8.456
6.698
18.320
7.826
13.317
10.543
12.475
8.314
6.042
16.991
8.974
8.784
13.568
34.061
9.400
4.398
10.162
11.774
8.805
6.012
9.963
36.828
9.949
41.735
8.480
18.201
14.311
8.992
9.016
7.877
34.147
8.887
9.322
15.911
7.006
24.922
77.042
6.896
10.140
5.669
6.417
4.140
5.071
5.102
6.010
4.530
4.443
7.383
4.053
11.455
7.566
8.609
52.019
30.844
11.223
3.900
15.132
6.144
6.691
11.992
9.525
13.965
6.333
12.257
22.779
8.698
14.303
6.400
12.004
2.103
5.091
9.529
20.610
46.210
19.013
9.805
14.370
11.541
13.185
18.533
11.278
7.110
14.711
5.205
1.061
7.989
6.056
6.142
9.132
11.965
6.681
2.805
4.204
9.053
6.688
3.332
12.861
10.046
5.428
17.417
9.970
24.439
8.037
10.540
5.819
5.373
5.009
6.496
4.477
2.901
7.563
5.466
8.587
9.678
4.346
8.981
5.435
3.547
11.570
12.318
18.388
7.896
39.930
25.933
12.579
60.528
7.814
20.326
7.769
15.776
20.163
7.979
9.019
3.993
10.471
7.735
6.170
13.947
8.665
9.280
2.820
12.203
11.234
8.198
3.148
8.197
9.151
2.777
11.366
12.054
15.940
47.396
12.094
9.436
6.868
6.383
8.199
8.503
7.342
4.877
8.647
16.912
7.160
3.830
13.759
12.590
13.338
7.505
6.176
19.629
28.025
90.623
15.669
26.638
6.904
48.965
6.104
22.802
11.738
17.509
16.043
12.744
21.495
4.022
0.484
0.000
1.349
7.653
4.817
5.421
12.899
11.972
28.863
23.768
48.824
15.178
11.132
23.161
23.571
4.561
9.076
7.606
13.031
19.602
8.210
27.792
64.634
40.828
36.832
12.720
6.250
8.588
7.574
2.493
5.153
0.465
2.834
9.060
7.850
2.652
0.007
0.000
0.053
4.448
7.478
7.213
13.415
10.459
12.241
6.226
6.092
3.972
16.239
18.109
12.464
6.472
12.454
6.465
20.429
7.274
7.896
6.849
10.480
5.921
26.077
28.851
26.695
30.666
8.097
6.321
2.925
11.457
5.450
9.268
17.029
24.987
11.817
8.810
0.563
12.092
14.462
11.831
8.039
4.688
1.978
6.527
3.200
3.189
0.453
0.525
0.405
0.045
0.000
0.000
0.000
0.000
0.000
0.000
0.185
0.010
2.843
10.212
0.889
0.446
1.274
4.573
1.116
0.639
0.000
2.913
1.466
4.597
10.245
0.786
0.601
8.041
17.764
10.550
4.343
0.494
1.979
1.878
7.471
10.169
0.378
0.405
5.809
1.837
3.753
4.149
6.770
6.812
11.518
45.259
18.354
10.372
17.681
3.842
3.018
1.593
0.213
5.934
14.306
11.440
7.365
8.746
7.677
13.663
5.898
5.370
8.895
12.178
15.760
4.355
9.333
14.178
10.773
5.498
0.089
0.039
2.063
1.447
21.046
52.708
17.933
62.517
7.024
5.775
28.855
12.638
27.895
13.031
14.428
21.504
16.839
6.861
16.778
6.073
4.194
9.491
6.157
18.887
15.388
0.584
0.000
6.346
15.163
14.797
18.672
9.953
6.339
8.846
12.006
14.464
45.372
23.574
16.313
10.020
11.421
36.191
20.589
3.338
10.086
12.308
9.608
16.296
15.186
14.170
25.850
4.996
5.699
7.726
23.573
12.439
13.022
2.209
3.545
5.909
23.458
40.894
23.324
6.848
7.785
3.419
7.586
20.284
31.793
7.514
0.544
4.963
4.765
2.771
9.448
4.671
12.566
16.280
16.287
4.264
5.366
6.085
9.143
8.648
10.564
9.352
17.001
11.955
18.522
6.956
10.846
46.252
5.643
4.954
4.346
5.699
5.006
0.290
13.690
3.121
3.323
7.412
18.706
0.294
7.962
9.175
6.630
0.642
8.957
13.115
15.880
6.846
5.455
6.097
5.754
3.601
2.911
0.443
0.247
0.000
0.336
2.798
3.347
0.144
3.078
8.880
0.412
1.154
2.456
11.749
4.916
2.529
3.092
3.725
5.720
7.718
6.327
38.408
7.550
7.876
9.435
1.456
0.000
5.661
0.251
2.582
1.933
1.806
0.093
0.580
0.573
0.457
2.002
1.016
2.946
6.846
5.030
18.560
7.193
12.445
39.946
8.308
42.850
7.323
5.709
7.615
9.944
16.912
50.705
12.330
35.187
14.818
7.347
8.219
1.099
3.172
6.722
8.051
9.970
6.221
8.056
25.507
2.348
3.559
0.644
4.820
2.544
6.540
6.688
11.510
10.281
15.700
4.267
8.957
14.189
15.504
8.461
1.016
10.583
35.436
5.024
4.716
7.923
10.984
0.190
3.547
6.159
34.024
8.017
42.199
5.430
14.387
7.936
9.816
25.936
6.350
2.137
10.480
18.747
70.778
14.068
14.542
13.389
5.613
8.015
28.168
5.119
12.936
11.337
12.054
12.068
74.961
6.600
13.038
5.150
13.257
11.663
14.880
23.164
19.156
7.780
18.131
25.701
10.770
16.843
23.119
22.824
9.771
0.618
1.126
0.415
1.802
2.753
9.675
9.647
9.562
5.273
9.809
12.765
0.000
6.290
2.815
7.553
6.794
25.021
8.271
1.023
0.055
0.621
8.456
2.994
14.584
11.755
7.527
9.481
5.589
0.405
0.343
4.254
8.501
11.567
8.477
1.516
0.182
0.560
5.328
0.000
2.609
0.961
4.106
2.434
5.366
1.931
0.196
0.000
0.000
0.000
0.000
0.000
1.198
6.551
0.532
0.237
1.399
10.767
7.766
4.757
8.925
7.869
0.045
0.672
6.247
1.272
1.214
5.141
7.936
0.834
0.851
5.147
4.003
8.317
11.050
6.846
3.974
10.578
2.484
1.283
2.593
0.407
0.000
0.000
0.000
0.000
2.182
0.599
0.215
0.000
0.000
0.000
0.000
0.839
2.838
2.937
0.007
0.000
11.548
4.954
4.824
4.482
3.143
7.974
9.321
2.537
2.273
14.762
8.253
6.089
7.550
14.021
7.372
0.822
1.028
0.563
0.000
0.000
0.000
0.000
5.400
11.742
1.253
8.205
45.255
31.417
9.292
1.439
7.486
8.501
9.795
17.206
8.245
5.342
2.796
5.010
0.417
0.007
6.832
1.902
0.165
0.000
0.685
0.745
0.185
0.000
0.000
0.086
1.196
0.989
2.685
8.053
7.763
10.300
41.745
51.340
19.617
8.581
8.211
8.957
4.159
9.344
4.983
3.866
15.365
3.625
10.379
7.230
9.769
8.948
5.703
9.400
13.772
30.393
8.387
7.420
5.557
5.004
8.837
19.905
24.156
14.729
5.948
0.055
0.000
0.000
7.846
1.560
0.165
6.772
1.234
4.170
0.000
0.000
1.912
1.265
3.758
1.095
0.024
2.300
0.323
0.127
3.505
5.840
2.697
0.419
0.120
0.208
0.000
1.816
6.266
3.660
1.744
0.000
0.000
0.000
1.463
4.080
4.999
2.393
8.787
15.266
6.091
3.224
0.000
0.000
1.342
0.010
1.830
3.704
0.058
0.602
6.509
2.529
2.623
3.396
0.443
2.229
0.131
0.781
8.435
6.463
9.115
9.877
6.382
3.314
6.357
1.603
6.056
0.106
0.007
0.000
0.000
0.000
0.081
0.000
0.000
1.325
0.000
0.000
0.007
1.533
3.859
7.256
1.837
0.027
0.000
0.000
7.273
0.930
3.486
2.448
4.154
2.237
8.447
9.188
3.746
2.299
4.259
2.747
8.087
8.466
6.096
5.177
6.945
7.848
6.326
7.720
27.241
9.239
9.714
19.322
16.399
28.537
10.854
5.615
15.651
10.135
8.403
4.203
13.021
41.332
6.084
16.524
27.299
21.578
48.369
10.101
8.417
7.278
6.432
13.872
9.026
9.534
2.338
6.197
0.467
5.708
9.661
11.367
4.122
37.519
60.591
11.269
4.102
14.203
21.804
24.779
22.261
13.677
8.813
11.699
5.807
7.484
7.950
13.213
39.820
5.847
0.381
2.388
10.670
5.287
10.052
13.273
14.092
8.065
12.291
9.989
0.776
9.386
9.290
17.326
26.365
1.732
3.323
4.013
5.524
16.782
20.294
27.699
3.004
11.635
19.154
7.783
15.089
6.044
10.400
22.522
4.025
42.678
24.992
5.299
13.711
8.080
4.752
7.555
7.084
6.032
4.643
6.401
12.939
4.801
1.763
6.207
0.515
0.007
2.304
8.025
2.378
6.626
8.908
0.340
0.716
6.030
5.699
3.047
0.000
0.000
0.000
0.173
0.000
0.000
1.740
0.266
0.889
0.172
0.000
0.247
0.000
1.857
0.196
2.486
10.567
10.111
10.664
9.486
9.160
1.239
4.724
6.293
4.659
11.659
0.412
13.712
13.565
7.553
3.505
4.082
0.000
1.703
7.127
4.625
0.388
9.768
9.139
0.185
2.592
5.213
2.237
3.574
7.340
1.279
0.858
2.678
0.000
0.000
0.199
0.000
3.329
9.002
7.169
1.559
0.165
0.712
0.143
0.628
0.000
0.000
0.125
4.036
13.848
7.986
2.326
0.522
0.000
0.000
0.000
2.429
2.738
1.730
6.842
1.217
0.129
6.621
16.769
12.006
8.849
18.179
27.639
35.302
18.095
21.933
2.949
0.101
11.064
12.547
9.132
11.572
0.461
19.266
15.177
2.386
8.372
3.299
10.358
3.433
2.245
7.622
9.527
7.850
0.065
4.870
7.344
4.108
7.057
10.387
5.509
2.139
0.000
5.322
8.245
8.382
42.586
76.410
23.158
13.179
18.417
15.681
32.719
10.671
2.084
0.017
3.710
10.947
6.727
5.608
14.214
22.206
9.798
12.840
6.540
3.670
6.619
11.433
0.752
2.571
10.162
32.901
20.486
8.703
20.232
31.926
15.450
9.218
10.537
11.690
10.028
5.158
9.041
8.974
3.859
9.488
17.090
20.872
8.707
8.897
6.980
2.120
4.211
1.130
4.485
1.162
1.983
7.914
11.079
13.568
17.294
14.157
8.825
8.636
7.940
5.140
5.213
10.676
6.897
9.783
26.324
3.971
10.731
12.926
5.682
6.695
10.384
12.988
23.442
6.621
12.491
4.426
4.911
0.062
2.163
5.794
1.011
0.000
5.924
9.429
3.943
4.958
0.096
0.177
2.808
3.655
8.296
6.920
5.491
4.499
0.875
0.000
0.596
3.032
7.074
6.767
8.004
4.466
0.786
0.034
0.817
10.743
12.230
9.034
0.580
8.746
4.480
4.197
6.355
7.378
25.893
4.999
5.928
10.540
8.157
7.145
5.643
4.128
0.330
0.264
0.141
5.126
9.422
8.525
1.687
7.885
9.469
6.878
0.076
7.131
8.487
5.914
0.000
0.000
0.089
2.331
4.123
9.996
7.687
0.403
0.055
0.000
6.849
14.464
37.321
16.009
12.725
13.206
16.016
14.025
43.530
6.571
35.295
26.330
4.899
12.752
11.778
2.932
6.157
8.446
9.819
11.235
3.831
7.824
7.807
45.185
12.140
13.393
2.874
44.821
7.962
10.870
43.746
4.776
4.954
12.500
14.646
6.897
11.258
16.153
110.159
24.781
12.136
2.673
10.722
10.801
31.016
42.294
12.391
14.214
3.049
8.830
7.711
8.195
16.213
5.988
6.307
5.256
3.595
6.362
0.666
0.100
3.214
3.282
4.937
0.271
8.308
7.381
7.845
11.639
11.834
13.184
15.879
8.264
12.185
13.230
24.870
21.550
37.673
8.473
7.584
1.988
8.681
21.485
10.207
20.919
13.256
12.075
23.682
19.968
23.476
13.067
11.536
1.047
8.302
7.680
17.705
1.799
0.467
1.782
0.350
0.354
0.106
4.199
0.227
0.000
0.240
0.000
0.000
0.000
0.000
0.000
0.937
0.316
0.000
0.000
0.000
3.747
8.175
6.755
5.157
0.283
0.039
3.227
3.783
0.594
0.000
0.000
0.189
2.644
1.706
7.749
9.362
8.477
18.587
7.224
0.148
6.549
2.798
0.287
0.000
0.000
0.000
0.000
0.900
2.204
0.460
0.175
0.615
6.990
0.010
0.467
0.130
2.983
0.086
0.000
0.312
0.203
0.021
0.000
0.000
0.518
0.275
1.229
3.406
0.007
0.000
2.582
2.201
8.453
3.052
16.229
23.497
23.487
2.414
8.226
11.613
4.151
4.242
0.738
0.158
0.644
0.000
0.000
1.861
0.580
0.203
2.824
0.223
2.807
5.128
5.778
21.360
34.782
11.849
0.742
0.151
0.000
2.206
6.951
45.398
30.168
8.035
1.713
2.743
5.227
0.307
0.000
0.000
0.000
0.000
5.272
2.178
10.398
7.546
14.283
11.326
6.624
0.378
1.047
9.869
9.543
14.598
21.532
3.243
17.957
45.952
5.656
10.011
9.469
13.132
8.154
29.927
6.762
11.881
33.323
15.153
12.665
5.957
6.245
41.849
11.038
19.734
13.142
42.524
11.440
8.405
3.210
12.433
24.215
31.181
3.849
2.149
0.900
21.358
10.797
1.105
5.184
0.268
0.000
6.353
6.259
8.600
0.038
2.899
0.261
4.511
5.550
0.062
3.200
0.021
3.310
8.447
9.750
6.815
11.235
6.599
5.802
4.432
2.577
3.783
28.585
28.413
38.452
4.570
6.300
13.022
4.618
0.683
1.332
0.065
0.007
3.801
0.089
4.477
0.330
0.374
0.000
0.000
0.000
1.768
0.295
0.000
0.000
0.000
0.000
0.000
0.000
0.000
0.000
0.000
0.000
1.061
0.072
0.175
2.077
1.377
0.055
0.130
2.578
12.274
1.789
1.215
1.130
2.939
1.208
0.124
2.170
7.127
2.005
0.203
0.000
0.000
1.463
0.553
4.923
11.773
7.690
7.138
17.540
15.913
13.498
11.659
9.213
12.020
7.984
11.409
8.696
4.652
5.957
2.767
6.338
4.554
12.512
15.944
9.297
7.969
7.072
5.728
6.441
0.235
0.000
0.000
0.000
0.886
2.575
7.371
10.011
4.209
13.541
19.611
43.307
5.682
9.108
7.014
18.227
11.992
5.215
17.135
6.870
6.365
22.486
31.242
3.402
4.954
11.680
10.264
7.078
0.048
0.000
4.623
20.977
12.346
9.805
5.037
19.092
29.450
54.012
3.969
36.382
25.821
55.165
48.185
11.117
8.370
6.520
8.693
4.144
31.898
17.475
23.349
8.439
13.300
10.753
15.367
0.996
11.951
9.402
0.386
6.209
13.954
11.875
12.545
9.417
6.949
7.205
18.898
9.844
4.091
4.090
1.217
3.576
0.000
0.463
1.856
14.801
11.706
8.165
7.688
1.823
6.406
8.138
15.443
15.290
7.007
15.352
13.745
9.797
2.843
12.154
12.416
42.974
8.909
10.835
15.752
1.178
0.000
2.987
8.006
6.791
12.693
13.269
10.949
7.455
10.693
4.669
8.957
7.385
10.307
3.505
4.855
4.494
0.323
0.017
1.057
1.926
5.119
3.437
3.610
11.163
6.285
0.000
6.660
3.936
5.471
14.744
14.272
27.725
5.804
3.375
6.532
1.086
1.430
0.177
5.109
0.740
1.061
0.038
0.000
0.058
0.276
0.000
0.000
1.435
0.031
0.204
0.187
7.481
2.491
8.485
9.517
8.700
11.673
1.366
0.645
0.000
1.099
12.263
7.694
0.024
0.000
1.967
4.405
1.075
2.139
0.494
0.000
0.000
5.646
10.399
8.751
7.910
10.727
1.478
0.367
1.531
0.669
0.604
0.017
0.000
0.000
7.321
1.504
0.000
5.280
4.128
10.981
11.458
6.142
18.956
3.912
5.627
2.561
0.927
6.849
5.079
1.057
2.975
2.172
4.145
12.339
6.448
13.693
5.334
9.067
7.261
23.492
17.978
12.263
17.041
30.252
16.256
12.878
12.754
17.077
16.619
48.899
18.656
29.055
20.191
3.365
6.224
4.065
17.492
23.947
10.590
33.179
11.852
17.331
24.160
31.538
8.889
18.294
7.296
5.428
16.038
16.991
13.724
22.179
28.806
16.569
47.138
5.447
8.944
13.608
9.913
27.416
29.398
20.536
9.635
5.370
35.455
7.947
11.191
12.229
7.953
13.554
18.169
19.137
13.740
7.323
5.736
23.451
32.990
16.256
33.466
13.663
7.677
13.185
14.705
35.390
42.497
20.658
4.487
6.804
4.788
8.035
23.782
8.217
7.163
8.145
16.335
8.034
8.834
9.128
13.166
8.116
0.000
0.000
6.772
0.230
0.651
10.446
0.014
0.698
0.553
11.840
9.386
10.545
13.131
3.189
1.375
0.151
0.014
0.000
0.031
0.480
7.196
6.640
10.344
2.166
4.111
4.346
4.376
7.902
4.970
0.158
2.122
11.694
27.608
1.904
4.015
3.869
4.666
2.760
4.326
0.179
0.233
0.243
0.065
0.350
0.000
0.000
0.000
0.000
0.000
0.505
0.017
0.000
0.000
0.000
0.000
0.027
0.381
1.075
0.841
3.763
7.165
8.363
4.202
0.961
7.752
10.839
7.272
6.424
8.714
8.689
8.655
8.466
4.518
3.924
7.618
14.607
9.290
7.841
6.817
10.420
16.479
10.731
15.825
13.489
2.724
10.763
2.293
3.223
0.150
1.851
11.769
6.724
6.393
9.672
5.255
7.151
5.411
11.213
12.793
18.040
12.548
49.826
5.960
4.880
4.106
1.299
6.501
13.082
16.623
42.730
34.530
6.648
8.005
0.702
11.264
19.611
24.527
6.834
4.365
7.070
24.489
53.593
25.210
6.530
11.096
11.633
46.391
24.344
77.170
39.808
21.145
37.908
7.060
23.265
14.204
11.206
3.993
28.537
37.338
21.815
17.025
25.330
9.747
7.965
4.563
6.932
6.190
7.704
10.695
13.551
13.877
1.566
10.032
19.295
20.026
8.253
32.622
17.643
28.122
13.009
10.451
2.084
5.636
11.151
18.182
34.497
28.963
9.771
6.578
3.522
5.737
5.682
9.713
8.054
5.164
8.027
6.369
1.662
0.278
0.532
0.639
5.548
1.116
0.024
2.520
5.297
3.577
6.915
2.633
0.000
0.000
7.320
3.591
1.167
2.674
1.778
6.183
4.149
1.523
9.189
2.403
4.140
4.338
2.517
2.983
28.930
61.299
11.266
2.862
3.227
17.497
17.817
6.691
4.305
4.321
6.947
4.415
5.203
7.103
5.818
3.179
6.121
7.359
3.195
4.480
3.358
5.625
5.297
4.849
0.539
8.116
5.754
1.028
9.498
1.321
0.000
0.000
1.793
0.165
0.000
0.000
0.942
0.000
0.855
3.424
4.834
9.342
11.606
1.033
8.427
0.175
8.751
9.680
5.752
6.494
13.330
19.269
5.730
6.422
10.478
2.266
2.707
5.459
11.364
24.539
10.890
22.428
14.713
12.511
6.036
17.705
9.484
11.525
6.027
6.587
11.651
11.100
6.020
12.526
13.803
8.901
3.749
3.657
3.236
27.989
6.715
5.364
7.541
21.346
19.564
17.101
8.678
10.987
10.442
23.571
21.513
22.409
34.604
32.329
11.249
9.318
15.206
9.525
6.903
7.112
14.207
17.441
9.333
19.927
19.870
46.067
13.960
12.948
41.525
9.172
9.998
31.873
27.815
11.437
18.135
11.106
10.435
24.845
9.955
13.657
69.383
44.334
53.462
59.072
15.226
3.719
2.832
5.850
4.403
4.774
7.787
7.859
8.191
10.027
7.299
7.371
0.678
0.000
7.424
9.184
13.632
13.386
14.750
0.943
6.825
9.978
6.858
7.469
2.439
10.507
8.435
8.265
6.307
11.021
14.169
5.667
12.771
8.593
6.884
5.313
8.973
12.009
6.804
15.555
5.679
7.008
12.646
7.208
0.034
0.076
4.444
0.096
0.100
2.108
6.001
2.985
0.359
6.590
4.092
5.387
3.782
4.032
8.617
7.038
13.537
26.072
8.659
17.669
14.421
9.064
4.446
8.245
5.867
3.526
3.045
1.275
2.275
7.488
10.087
0.700
5.285
1.195
0.100
10.974
9.321
2.819
9.898
4.417
6.846
3.440
2.249
1.188
3.444
8.525
9.517
12.689
13.026
2.496
3.667
9.033
2.046
6.812
4.827
23.794
2.946
0.192
11.803
6.128
4.885
1.351
6.269
4.589
0.906
3.200
6.981
9.946
7.193
10.231
9.788
14.224
35.688
5.407
8.291
11.651
13.252
6.633
0.010
6.283
1.710
0.481
6.787
7.979
12.219
10.286
9.253
79.984
43.101
0.165
3.677
16.689
6.829
14.993
26.237
21.506
8.017
11.881
9.191
11.479
17.700
31.048
2.242
0.790
7.508
10.492
20.120
14.879
22.730
14.497
22.791
8.274
7.641
2.474
7.208
0.127
11.546
6.384
35.642
30.164
29.239
7.471
1.366
4.861
9.496
8.532
12.712
6.551
6.987
28.716
23.064
18.329
19.803
22.955
5.093
9.550
8.587
5.931
9.083
8.911
9.534
2.129
16.401
8.508
38.536
33.472
52.100
44.263
6.139
11.337
36.507
13.177
3.388
3.420
7.349
6.033
0.292
1.799
16.255
9.021
10.550
6.710
3.001
6.727
34.576
19.166
21.271
32.841
10.391
9.409
4.506
13.829
1.451
4.266
0.144
1.040
1.981
0.041
2.671
4.075
5.632
4.328
0.476
0.000
1.027
0.340
6.528
7.828
8.755
16.816
8.297
0.402
5.861
6.939
18.713
8.823
4.901
0.702
9.436
0.318
0.014
6.393
10.701
7.351
12.506
12.094
15.507
9.103
7.333
7.687
1.298
9.625
0.390
1.602
0.159
0.000
1.293
0.125
0.266
1.064
0.220
1.562
2.702
0.000
3.210
8.211
0.748
0.000
12.481
0.268
0.117
0.639
1.775
8.566
14.996
31.730
7.534
8.521
1.226
4.758
7.127
9.785
19.971
24.441
14.375
8.789
0.106
5.078
0.542
8.459
19.860
2.331
3.790
1.306
0.000
12.494
10.348
7.260
0.675
0.609
2.287
0.302
0.187
0.007
8.473
2.405
0.112
0.000
0.000
0.000
1.813
10.138
12.085
22.868
42.404
9.047
14.555
33.941
12.766
13.893
9.141
15.119
12.930
14.804
13.750
14.162
6.932
13.414
8.676
0.851
3.632
28.592
44.302
15.065
16.730
37.297
5.994
23.212
11.003
10.657
10.849
30.302
8.799
6.478
16.941
35.335
53.673
15.889
6.101
6.279
9.052
17.846
6.983
23.303
5.667
6.703
6.015
22.240
18.517
19.201
15.525
6.827
11.010
35.429
31.852
18.760
10.518
4.016
6.130
7.490
7.020
8.176
4.060
7.480
9.730
22.956
14.655
10.839
6.935
1.973
0.980
4.312
2.287
1.469
0.292
1.401
12.742
16.562
16.201
1.061
9.222
5.416
0.388
8.944
9.884
10.753
15.092
8.223
6.413
2.829
10.001
6.127
7.757
7.296
7.957
7.639
7.920
4.195
26.347
3.452
8.777
9.301
0.062
0.803
2.551
2.132
8.677
14.320
20.661
9.105
7.931
12.106
7.793
5.670
6.434
5.984
5.902
7.508
5.006
7.443
12.806
3.361
0.906
0.137
9.716
1.233
8.892
6.180
5.577
12.174
4.923
14.306
12.523
8.391
11.024
6.825
17.909
9.671
32.198
9.010
4.502
7.545
18.929
0.637
6.631
4.235
7.707
2.219
0.105
0.133
0.072
5.933
9.731
0.127
1.103
0.385
1.313
1.980
6.460
5.476
6.521
52.350
9.268
7.979
9.646
9.613
1.363
3.323
6.557
10.396
23.768
5.994
6.767
6.468
6.441
6.358
1.892
3.624
3.516
40.388
45.216
8.150
17.861
3.584
8.998
47.355
33.522
7.000
9.627
26.192
11.347
14.202
26.961
11.646
6.468
14.054
4.875
62.782
28.190
24.029
7.260
12.401
6.012
5.400
8.827
52.369
23.812
32.643
6.789
1.528
16.940
30.441
14.741
23.051
0.400
5.695
1.303
15.644
12.790
25.953
32.719
32.583
18.218
19.190
7.831
7.239
16.794
40.631
41.274
18.888
21.347
37.578
11.815
19.025
42.938
16.764
4.826
2.199
2.518
19.652
11.493
22.646
22.922
12.704
13.644
0.218
0.000
0.673
3.159
7.385
6.298
13.257
7.660
2.420
5.873
2.753
10.231
16.600
21.341
13.438
13.839
13.874
19.575
10.341
5.328
7.596
14.224
3.419
4.285
6.908
0.807
2.118
3.289
0.247
1.686
0.343
0.014
2.156
0.024
0.000
0.000
0.086
0.120
0.000
0.000
0.000
0.000
2.422
0.831
0.230
0.000
0.000
0.000
1.204
0.172
4.373
0.997
2.532
0.491
1.723
3.323
0.307
0.000
0.978
0.000
1.089
0.118
2.772
5.007
11.069
16.236
13.533
34.591
15.412
6.425
0.412
10.765
7.158
0.000
0.558
0.000
0.000
3.804
4.477
9.695
3.644
6.952
0.105
0.000
0.364
12.758
9.366
7.862
7.299
2.462
4.964
9.491
3.557
6.657
10.768
25.472
19.195
9.455
15.345
7.442
7.404
8.756
9.309
5.596
24.975
9.250
1.794
2.582
11.855
5.438
6.217
3.833
1.322
18.757
17.406
1.397
17.401
15.019
13.985
5.054
15.142
15.585
9.230
36.626
16.019
18.967
6.539
0.338
0.175
0.000
0.354
0.000
12.040
7.678
13.693
14.068
3.887
2.664
6.715
5.373
15.339
7.093
12.722
10.581
9.062
20.617
18.757
14.100
24.815
7.036
8.446
6.027
7.448
9.520
9.859
14.184
20.622
44.292
19.091
67.647
2.741
11.646
36.045
7.723
9.440
4.288
7.938
13.328
9.661
17.118
18.138
5.245
9.282
7.759
46.984
43.710
38.550
35.821
9.136
36.936
9.234
5.174
12.051
16.418
12.887
8.322
9.812
6.780
9.452
9.804
7.080
23.613
5.604
9.915
8.205
14.754
3.574
8.406
13.192
14.538
16.425
12.717
27.706
4.463
11.838
7.704
4.316
1.770
4.746
2.884
2.946
11.385
36.658
12.255
11.251
12.391
21.557
12.871
6.067
4.576
3.011
0.000
0.443
3.838
0.237
0.017
0.136
2.410
4.870
0.134
1.631
11.580
3.952
8.134
7.148
11.877
4.008
11.307
3.758
6.048
3.201
6.869
8.231
11.431
6.499
8.398
7.215
6.190
10.365
62.395
12.923
0.261
0.000
2.044
13.660
0.000
0.000
0.000
0.000
0.000
0.003
0.155
4.860
7.011
13.445
4.738
1.195
6.008
1.469
4.573
8.998
2.175
6.048
3.272
5.550
0.000
0.000
0.024
0.000
2.870
2.937
0.051
0.000
0.933
0.489
0.604
13.335
10.495
16.981
25.334
11.491
14.852
18.421
52.053
10.085
6.207
17.702
8.068
4.266
8.595
4.619
14.109
8.005
38.905
8.326
25.341
12.715
6.128
16.629
31.170
3.787
7.143
4.956
10.161
11.588
27.881
25.528
49.084
47.969
33.312
10.208
10.270
10.985
4.869
8.702
13.498
11.061
6.297
12.583
5.612
22.873
12.979
24.165
29.449
20.310
26.841
13.244
46.033
11.879
25.668
15.229
14.629
13.974
27.946
8.964
24.402
5.926
6.564
4.566
16.631
28.482
7.381
9.112
10.866
5.610
8.356
8.738
5.531
9.998
12.118
6.753
6.902
12.260
5.740
34.494
31.888
3.351
8.611
8.281
23.718
13.946
17.499
14.643
15.875
15.312
18.467
13.149
26.455
16.715
19.707
7.443
5.898
3.869
8.559
0.076
2.287
0.220
0.124
1.480
5.232
11.405
10.942
8.109
7.385
6.643
3.804
3.655
15.388
8.243
8.944
13.146
2.273
2.805
9.488
0.858
0.230
0.000
0.000
0.000
3.560
4.643
3.280
7.069
12.634
1.039
3.174
7.306
10.504
7.523
27.948
4.240
12.413
17.873
15.347
12.736
13.970
46.688
10.737
10.895
14.263
19.995
6.286
6.513
6.042
0.000
8.449
3.538
1.770
7.023
8.363
7.333
9.529
11.910
18.809
27.528
8.981
4.403
15.297
10.835
12.631
8.605
13.611
24.397
19.092
12.815
13.489
11.300
6.350
12.700
20.441
13.063
39.817
8.605
9.153
9.701
4.389
5.868
10.748
4.556
13.050
7.823
2.317
5.109
11.465
7.251
3.126
1.514
1.650
8.959
7.546
13.189
17.521
9.259
4.777
1.826
17.273
7.769
12.439
9.493
19.528
26.518
5.802
15.753
12.405
0.051
5.189
0.695
45.600
17.822
3.124
14.571
40.814
9.074
56.095
17.441
62.955
10.430
14.849
51.461
5.998
17.094
26.789
7.323
12.598
39.492
14.773
13.376
3.591
27.322
8.264
16.857
5.119
5.212
8.307
39.419
7.677
70.913
8.731
17.724
7.214
6.887
9.845
16.649
18.052
6.930
27.698
29.900
3.890
7.122
8.514
11.910
22.278
3.066
10.054
51.051
5.333
0.317
1.677
8.305
4.374
47.262
4.836
7.115
2.384
13.680
8.671
5.433
3.923
5.709
3.056
8.138
8.387
3.667
4.704
12.709
15.781
8.133
9.814
43.291
3.264
7.905
6.094
12.120
11.829
21.875
25.516
7.167
7.517
8.027
4.731
7.690
7.302
16.142
16.498
20.962
12.218
5.519
3.919
0.180
0.000
0.330
2.712
0.694
5.165
10.622
9.352
8.909
12.322
6.777
1.284
7.090
0.821
6.849
11.481
15.278
16.510
10.183
0.000
3.969
13.400
7.045
5.121
5.593
6.762
11.316
1.270
0.488
0.000
0.027
0.172
1.795
0.810
4.620
3.239
0.751
9.852
26.841
12.038
15.969
24.650
17.565
11.976
17.175
20.653
23.868
9.937
14.412
7.371
8.668
6.728
10.781
14.505
7.307
7.224
7.723
1.366
6.992
19.243
0.021
3.649
15.286
19.882
11.052
27.698
6.247
4.111
6.611
3.020
16.095
48.146
5.296
12.205
78.815
7.390
6.099
17.070
13.267
18.348
9.045
8.528
21.604
6.233
13.511
13.424
13.977
5.193
5.507
24.766
22.575
6.544
9.634
5.069
3.737
7.100
27.775
8.157
9.388
5.239
4.844
69.490
8.075
8.851
16.269
16.756
10.336
8.923
0.117
7.325
14.107
58.126
22.004
46.170
7.984
31.339
34.423
12.010
58.194
8.859
51.109
16.917
19.724
19.707
52.422
28.381
2.506
9.991
12.190
7.720
20.072
8.693
6.489
9.809
7.412
5.169
11.824
8.786
10.464
62.231
21.842
5.644
27.572
8.883
7.502
12.174
46.603
28.043
33.261
33.769
41.607
11.690
19.674
11.264
8.137
3.368
0.525
2.791
9.840
8.559
10.131
18.313
39.667
13.575
12.020
8.353
13.613
11.182
6.787
9.809
12.586
28.317
22.961
17.688
24.817
13.929
20.819
11.309
14.093
17.094
5.720
0.900
4.470
13.747
6.406
8.133
15.276
31.466
17.639
4.679
3.886
10.871
9.208
10.289
10.840
23.701
13.861
5.330
3.972
17.951
9.843
2.539
2.920
9.119
5.593
4.602
0.007
3.609
12.147
5.938
7.287
14.038
22.656
34.985
38.937
16.353
6.247
6.157
5.653
13.396
1.219
10.634
9.462
13.205
9.192
12.736
9.503
10.308
4.324
5.833
18.593
23.442
28.997
14.765
15.613
7.989
35.285
26.904
20.335
14.243
24.249
41.341
6.972
13.393
8.779
8.068
16.201
38.720
19.892
21.976
7.917
20.352
11.625
10.650
0.484
9.994
12.799
8.552
13.197
21.722
25.257
15.786
11.113
22.446
15.503
14.131
20.915
15.892
5.500
8.823
2.180
12.270
49.404
7.309
7.814
30.255
9.150
16.344
46.783
3.174
7.296
18.134
12.124
16.138
13.645
11.056
51.351
26.400
12.747
18.016
27.900
19.250
14.524
27.950
15.352
21.229
23.464
14.756
14.275
9.646
15.959
17.915
50.892
23.641
7.576
14.136
7.721
39.068
36.203
25.075
13.160
14.193
16.739
13.093
4.010
7.160
10.623
9.641
17.952
29.069
37.999
34.233
8.029
16.457
7.721
14.410
20.338
51.788
29.028
60.351
22.515
52.546
13.012
16.353
11.541
14.272
6.350
21.327
14.076
8.487
13.424
5.593
9.009
1.828
3.193
5.122
11.992
12.421
6.581
3.138
10.670
0.179
0.000
5.455
24.846
17.496
8.356
7.605
10.125
8.387
4.964
8.126
3.689
4.127
7.629
33.076
43.671
8.777
1.701
2.668
8.863
18.749
22.246
12.337
24.314
10.349
7.201
9.455
11.106
9.687
9.397
12.555
26.302
32.253
8.681
50.190
40.612
12.650
10.619
11.136
9.563
27.660
12.646
3.763
11.431
12.162
14.730
41.295
29.934
14.176
17.714
18.375
13.510
7.972
3.864
14.984
60.123
10.296
15.499
17.990
20.580
32.094
5.624
20.308
57.373
10.161
21.495
10.720
11.041
23.648
18.074
18.337
16.291
16.610
4.245
6.468
21.624
22.216
14.018
16.823
12.761
14.581
13.024
12.342
14.615
29.553
8.013
16.790
14.856
4.594
18.931
22.786
67.056
48.120
47.557
39.740
9.847
60.291
53.919
71.411
29.285
20.943
12.162
7.060
3.828
13.197
18.042
24.994
16.052
9.503
5.792
0.549
7.040
12.650
8.662
28.053
22.141
59.443
12.366
17.237
11.364
18.697
10.193
17.475
18.306
10.636
18.557
9.414
9.431
52.959
22.100
14.948
8.164
1.439
8.782
32.956
31.421
40.680
13.692
35.453
24.817
7.426
44.960
10.705
14.876
0.007
6.307
2.503
5.600
19.882
13.736
22.107
26.848
8.655
7.848
15.432
2.798
7.217
9.215
17.358
8.686
7.474
11.350
13.029
23.966
32.829
60.308
8.595
3.476
0.000
2.815
13.669
5.981
18.579
11.299
8.279
7.508
13.855
6.714
10.665
22.658
13.336
10.609
18.962
0.918
23.510
11.354
14.468
5.847
13.843
33.537
12.809
2.038
7.254
4.523
4.346
6.940
9.540
2.791
7.399
12.888
20.254
11.216
1.943
8.353
7.687
1.334
4.975
2.770
9.216
0.707
0.000
11.091
7.630
7.733
0.024
4.447
9.280
5.921
29.355
13.843
7.388
1.275
7.107
5.857
11.587
4.319
0.259
3.531
1.672
10.214
0.458
4.015
12.490
15.104
2.719
6.988
4.580
1.191
10.142
3.833
8.993
13.043
5.404
18.751
20.132
16.500
11.905
29.778
14.718
15.898
24.369
31.502
7.902
24.805
8.202
8.770
15.170
24.203
47.793
6.149
7.416
35.496
6.448
0.137
0.000
2.674
8.435
6.585
4.151
0.532
10.504
14.485
13.367
18.872
39.671
32.094
9.730
10.303
16.734
1.119
12.778
4.197
0.752
2.455
4.192
2.184
8.054
2.249
0.000
3.756
11.052
33.381
22.412
7.182
13.364
11.347
0.817
0.000
12.942
60.061
14.993
10.997
24.592
22.184
6.935
10.337
36.969
50.997
5.893
17.300
9.764
3.512
34.119
34.363
2.853
7.804
5.878
10.904
74.748
12.809
8.521
37.923
28.070
13.099
53.061
31.071
49.725
6.362
9.551
10.332
9.812
33.532
18.009
15.793
21.016
36.970
79.881
10.104
9.132
7.477
11.503
5.721
6.379
17.118
5.857
0.282
15.573
10.947
8.483
10.343
7.244
3.272
7.143
2.633
7.148
4.951
9.531
10.547
14.265
6.897
10.341
12.344
5.081
0.000
0.041
5.452
11.125
15.645
43.578
28.060
38.923
9.558
5.867
6.853
7.083
13.994
14.461
6.616
8.528
5.023
0.000
0.000
0.000
0.000
0.000
0.261
0.045
2.496
3.464
8.535
4.218
0.841
0.000
0.000
0.000
0.000
5.356
1.909
0.000
2.983
0.541
0.000
2.057
3.571
9.989
9.949
7.333
12.926
9.033
7.893
4.453
0.000
0.003
0.000
8.216
0.000
8.824
16.246
9.578
6.336
8.911
11.258
3.302
1.793
9.503
5.129
10.888
8.471
8.878
0.268
3.401
3.977
40.613
11.846
14.111
9.253
10.509
16.814
15.979
6.242
1.421
21.061
44.601
9.325
9.029
10.787
16.129
7.107
17.211
20.922
18.083
21.095
15.347
78.317
1.142
8.964
13.551
74.508
11.110
18.200
17.379
53.709
0.558
0.113
1.540
11.776
6.671
16.136
7.411
16.153
15.983
26.764
18.611
70.242
20.433
29.951
34.554
18.449
19.039
16.219
9.194
10.943
13.467
9.201
19.025
78.247
16.842
12.978
8.081
10.179
14.856
16.758
0.110
0.000
9.108
22.630
28.048
80.878
20.510
15.468
7.299
10.909
16.696
53.256
20.637
6.434
12.071
11.134
11.371
25.172
8.542
7.090
25.028
18.047
15.686
9.156
6.592
8.018
22.352
8.113
10.880
15.460
12.071
79.414
18.265
56.324
61.005
28.578
25.948
26.599
5.927
17.690
14.408
65.266
21.430
9.141
0.142
10.514
5.478
8.393
7.507
13.105
4.504
11.043
18.115
8.937
6.163
14.605
25.413
31.823
10.588
29.438
30.956
35.738
3.411
19.968
4.261
2.908
5.574
9.119
5.256
7.972
17.060
6.892
8.128
13.127
6.585
10.868
53.005
39.911
9.298
5.792
6.029
19.526
17.712
24.772
10.990
36.051
47.221
10.729
4.170
9.483
8.454
6.861
9.452
0.024
6.139
12.114
20.737
14.825
28.321
21.169
55.201
20.786
30.288
50.640
27.449
4.096
10.372
15.302
8.974
3.989
17.115
2.664
10.942
17.441
8.930
8.988
6.020
18.687
20.658
23.088
75.500
12.930
1.380
11.103
7.587
20.009
22.110
15.031
14.923
18.352
10.111
8.549
16.579
52.358
11.724
35.489
29.189
13.091
17.588
7.783
22.601
20.393
14.207
38.902
28.736
18.052
11.755
18.220
12.385
10.451
11.886
12.099
9.689
18.292
18.215
9.582
32.677
23.840
42.493
35.417
16.687
8.600
13.513
39.516
11.860
44.445
39.410
24.628
46.258
11.385
12.796
2.228
0.048
6.508
14.795
39.722
15.721
13.949
12.359
53.315
5.771
13.376
9.172
16.931
7.899
26.551
13.161
15.919
15.321
16.619
17.530
6.830
8.276
14.816
10.976
34.030
4.752
6.657
4.357
21.557
53.119
30.456
7.090
22.711
28.630
64.988
42.531
27.274
32.643
18.780
8.142
3.995
9.900
18.612
27.105
10.713
33.151
5.059
8.902
8.597
24.462
35.620
12.078
51.639
5.861
9.867
37.419
0.985
5.267
49.198
62.087
31.157
11.268
13.709
8.947
22.402
23.555
66.905
5.490
10.303
11.855
42.847
3.562
0.654
5.546
6.533
12.466
15.177
6.925
10.749
10.598
9.651
7.327
4.364
7.677
17.413
29.912
36.722
22.972
17.425
26.374
20.593
13.578
22.515
19.113
21.269
22.594
21.921
21.832
44.199
16.867
17.305
10.567
21.166
20.023
14.746
5.534
20.864
12.157
20.819
24.386
39.364
14.701
14.605
21.272
7.265
8.468
5.567
22.186
20.967
14.447
31.325
16.699
20.781
18.785
18.040
16.720
93.674
21.568
25.897
12.020
19.405
16.790
14.674
13.081
13.587
13.333
29.172
59.783
13.779
11.367
19.001
26.266
17.937
16.536
10.882
15.619
22.551
23.159
17.695
15.144
23.906
14.590
12.334
7.977
0.750
1.298
13.671
13.154
16.689
22.441
24.960
50.458
65.477
24.345
19.676
50.824
24.130
21.945
41.897
46.156
54.286
21.801
26.002
20.876
17.025
24.036
18.744
10.246
9.719
60.315
59.232
43.724
31.364
19.767
21.938
18.690
19.678
45.878
70.309
31.716
37.616
14.722
32.252
28.935
10.341
26.336
28.197
44.599
15.738
17.997
10.272
29.478
25.105
29.103
24.563
79.732
54.944
62.512
21.660
20.174
40.031
13.223
46.901
140.759
31.136
25.063
41.144
5.174
16.957
13.158
13.657
7.297
18.323
52.295
63.422
13.357
19.935
32.959
17.681
29.519
33.829
22.398
23.298
24.314
16.002
24.688
21.207
20.043
4.944
14.227
22.404
27.957
12.751
12.191
5.730
10.729
15.645
16.315
12.890
31.970
49.638
33.501
38.807
20.086
22.575
32.365
11.474
21.823
40.129
11.786
8.353
23.504
22.584
72.841
28.613
41.830
16.830
17.338
32.743
28.599
20.742
5.112
9.634
13.142
12.675
15.199
20.314
15.209
10.485
29.225
19.508
21.595
2.438
13.705
11.464
18.769
12.778
12.631
12.511
38.473
17.194
13.273
26.510
30.587
25.039
18.790
37.941
73.941
24.546
12.154
11.230
11.965
5.191
12.603
5.933
20.009
22.340
15.132
13.451
20.673
10.602
11.227
23.639
10.640
33.472
26.323
25.782
62.330
14.327
20.840
14.691
5.237
7.124
14.962
7.575
4.151
2.517
25.052
21.259
19.114
6.547
13.022
35.697
21.344
14.605
18.002
23.466
16.177
10.506
22.213
13.304
10.900
62.553
34.555
27.378
23.959
13.283
10.887
51.426
34.446
23.603
12.754
8.724
16.277
6.619
28.911
27.955
26.079
20.654
8.827
37.173
33.666
44.632
44.608
47.736
41.084
30.133
66.615
45.150
22.845
51.797
14.294
21.403
9.338
11.893
0.364
0.007
0.017
14.474
15.144
16.370
17.985
13.741
10.966
26.103
36.626
13.081
12.978
17.741
19.135
18.452
25.943
37.388
93.363
44.354
7.721
15.237
17.815
6.255
18.376
21.911
40.119
10.758
8.193
18.011
28.520
22.022
54.465
37.959
19.652
9.326
19.205
24.484
17.635
16.864
4.116
2.906
6.643
6.194
12.054
16.538
36.665
35.865
36.210
44.526
24.549
30.914
31.902
32.545
45.971
38.474
15.135
36.464
29.696
19.477
30.331
26.130
15.223
11.405
14.868
18.533
15.079
13.857
12.609
20.043
20.908
24.103
16.291
17.166
20.895
46.987
16.945
16.607
22.108
13.623
4.384
9.853
16.181
10.588
11.714
10.976
20.139
14.243
17.060
44.489
32.197
20.883
12.130
11.639
14.135
14.553
36.245
33.265
24.554
54.496
27.782
27.819
26.971
18.303
19.720
26.086
32.346
32.233
19.811
19.847
14.469
15.947
8.686
16.850
10.440
12.246
12.789
7.467
4.216
7.105
16.287
16.356
9.294
6.503
5.873
8.645
8.966
12.452
12.784
15.005
20.079
71.626
23.137
23.289
18.200
24.033
59.239
38.401
18.093
21.277
21.439
30.168
22.814
20.445
26.312
18.126
26.932
20.153
9.857
20.711
18.816
24.112
34.430
43.166
45.058
18.881
33.292
37.743
26.594
19.789
20.980
34.689
16.967
24.122
27.919
19.133
23.257
36.210
89.367
26.707
58.839
24.194
20.138
20.323
27.047
23.617
25.354
17.764
20.028
27.188
30.710
42.668
27.509
27.977
45.952
22.936
75.019
27.268
26.147
19.592
56.700
54.564
29.272
63.959
28.286
17.829
39.551
37.045
24.750
37.633
35.137
23.967
85.515
44.184
28.942
30.762
36.011
30.103
22.031
19.149
23.749
26.053
21.391
19.157
14.394
20.009
24.977
22.737
14.306
23.428
26.762
11.786
14.691
6.444
15.055
15.384
15.401
1.990
15.429
14.698
7.938
12.099
2.547
13.352
12.082
8.058
33.297
16.847
27.157
31.665
5.960
24.273
20.414
11.024
14.365
6.530
0.821
9.984
16.747
28.420
20.860
14.574
17.839
17.575
14.481
3.763
12.710
12.370
20.699
53.668
25.761
17.935
5.802
11.223
14.293
19.044
43.564
41.782
27.181
8.851
15.601
17.990
13.592
20.816
7.299
11.989
7.919
8.377
12.964
0.819
12.497
11.608
17.801
12.991
11.405
5.318
16.689
16.157
1.730
33.649
27.785
19.151
21.106
25.990
14.088
6.475
15.525
36.287
40.691
16.346
12.744
21.616
14.804
18.526
16.716
61.218
30.113
17.503
15.470
29.141
17.757
9.023
16.352
11.062
12.890
5.061
12.686
12.672
13.216
46.476
31.637
18.430
18.442
11.282
16.026
3.983
11.457
16.797
6.413
20.637
13.201
13.259
7.124
25.557
20.527
15.425
15.644
16.710
16.910
30.719
25.385
19.089
29.186
43.808
31.915
18.151
18.488
15.425
73.591
30.113
23.291
32.509
26.209
21.092
9.211
20.067
19.116
18.587
21.725
32.097
22.024
19.607
30.120
23.416
24.280
36.066
19.734
58.075
14.231
20.831
17.087
11.536
21.883
16.677
22.460
10.205
21.859
65.568
34.550
26.566
17.346
15.601
15.333
19.001
16.183
10.391
23.758
24.575
15.333
20.438
18.787
34.727
49.777
16.771
33.934
19.799
18.927
23.337
20.102
22.943
37.190
18.325
19.564
29.685
16.526
17.441
6.430
21.087
23.061
18.261
10.870
15.944
16.936
13.211
12.452
15.316
5.692
14.775
15.230
23.210
15.314
17.307
10.815
14.478
13.771
17.554
17.884
16.414
24.881
24.503
20.251
9.416
14.306
21.494
15.398
22.601
5.479
8.212
7.474
9.920
8.149
11.579
8.621
3.965
3.271
1.147
0.000
1.281
8.322
1.353
13.668
20.691
22.369
22.937
24.113
13.396
9.641
7.708
6.448
6.216
22.714
20.151
33.244
33.586
21.509
11.942
14.323
9.869
14.001
17.721
16.538
21.077
15.185
29.835
35.040
27.538
6.647
9.332
16.591
9.596
24.108
12.190
16.565
26.532
17.643
15.335
9.558
16.122
16.558
18.883
20.730
15.523
11.500
13.060
15.994
15.257
12.157
37.316
21.708
26.487
19.255
18.570
24.235
16.265
17.044
17.221
17.183
24.695
20.301
29.421
33.285
23.476
66.229
29.704
21.324
18.752
17.328
31.938
37.951
15.613
13.565
19.751
24.472
19.281
21.980
24.628
40.809
26.810
28.887
24.215
15.367
13.740
12.713
17.099
18.165
16.521
7.258
16.912
14.179
43.501
53.891
18.682
36.430
28.867
13.324
56.463
17.091
28.623
22.721
10.310
15.707
14.406
16.358
33.822
79.635
41.429
43.811
8.909
21.293
13.441
16.473
22.900
40.270
41.727
20.273
23.358
35.685
11.958
44.457
23.028
19.403
21.897
22.924
50.300
69.396
51.280
42.241
36.945
41.214
25.205
40.663
55.205
41.147
15.031
21.753
19.020
25.509
13.937
30.183
71.868
24.203
25.060
5.973
11.754
5.943
14.174
2.753
13.107
14.959
20.380
31.852
23.216
17.745
19.672
15.863
13.187
3.729
19.988
10.983
12.142
12.300
18.188
6.564
20.986
33.162
24.035
23.691
23.348
18.586
20.529
12.610
8.035
15.513
46.716
36.090
20.936
19.611
11.826
22.347
21.379
12.315
18.100
11.033
14.768
21.289
14.650
7.124
17.741
16.090
22.896
18.364
15.194
16.967
8.525
8.920
12.766
13.132
5.322
4.412
16.778
7.368
6.506
11.786
19.638
11.251
15.453
23.064
23.772
25.557
6.949
96.312
50.008
18.512
25.093
27.658
12.658
34.662
31.908
26.721
25.830
22.664
14.481
2.733
23.421
18.357
17.777
18.213
22.155
13.458
18.203
15.242
13.309
19.971
18.248
18.018
20.084
28.734
47.518
27.148
17.297
19.202
21.300
8.159
35.500
25.835
26.693
15.101
13.002
19.060
20.879
15.192
19.717
13.513
18.357
15.577
14.914
24.541
11.508
48.522
29.926
39.359
33.532
23.011
36.766
40.811
14.104
3.727
11.927
10.609
6.279
13.609
11.872
18.776
36.104
57.259
14.911
32.204
35.390
21.840
21.478
28.286
31.256
30.369
41.065
23.332
54.894
29.380
12.658
17.801
30.020
44.938
19.140
1.687
8.727
13.611
17.719
25.583
27.217
26.008
19.163
29.502
19.312
11.434
21.958
30.321
16.943
28.965
19.540
14.685
12.481
5.337
14.220
13.302
15.029
23.882
20.703
34.100
16.541
21.231
36.210
23.076
18.970
20.524
20.738
22.081
18.297
21.763
18.182
19.125
18.605
2.777
14.157
24.477
17.602
7.984
52.405
22.575
13.105
14.202
23.466
19.793
21.930
19.214
10.818
14.801
9.577
10.736
3.728
5.404
10.121
8.847
12.322
16.881
15.989
2.081
11.570
17.455
15.637
5.186
51.910
37.038
42.316
28.410
28.370
26.426
12.694
6.466
10.348
10.962
12.511
12.360
17.805
23.624
27.102
25.701
44.713
15.468
14.804
16.050
13.125
12.269
17.661
16.071
10.823
12.758
14.878
20.826
26.393
21.526
10.887
28.678
25.057
15.092
24.455
27.620
17.355
20.165
21.362
19.535
14.131
18.708
20.551
21.272
35.517
35.091
24.340
21.458
20.538
23.337
26.429
19.588
18.304
48.898
37.029
17.374
22.081
24.870
28.942
28.173
53.093
56.509
30.576
14.844
10.087
22.644
40.922
18.589
18.553
21.648
28.255
20.785
10.629
8.988
12.298
6.561
18.601
10.904
16.572
17.427
9.496
9.235
9.081
10.614
18.093
6.331
21.035
13.618
18.776
24.477
14.560
17.389
12.648
23.428
18.766
20.038
31.888
13.184
28.702
49.404
60.861
58.293
41.872
43.089
8.113
34.894
59.417
39.654
41.111
40.670
34.411
48.984
30.109
11.422
37.354
34.892
51.258
25.928
21.643
31.891
65.262
56.652
13.460
16.569
17.959
2.311
13.511
23.494
28.231
45.669
19.604
44.469
63.813
34.907
22.398
20.562
52.975
57.628
13.393
9.069
17.406
22.532
5.479
24.149
16.837
11.488
14.303
20.647
20.713
9.184
9.174
14.665
13.843
18.670
17.161
14.687
14.032
22.323
25.323
6.396
4.183
10.152
11.834
24.070
7.330
13.002
12.174
12.888
11.299
17.328
70.965
32.022
17.956
12.380
20.438
25.440
16.340
14.581
12.439
18.126
24.558
21.004
9.915
13.355
9.826
14.849
7.308
13.396
10.931
10.138
17.867
9.737
2.966
8.741
9.235
12.315
9.469
12.954
17.595
6.997
11.153
43.629
15.819
9.939
10.210
21.056
16.318
