19790101
6.863
6.516
4.269
6.010
3.486
2.314
4.686
3.572
0.831
1.947
2.867
3.934
1.830
3.996
4.863
3.610
1.832
2.321
3.674
3.490
9.637
10.425
8.489
7.351
6.012
6.424
9.469
7.182
21.295
4.702
5.203
3.928
2.656
0.280
1.595
1.538
7.531
3.979
4.994
5.748
18.424
4.161
8.738
11.335
13.828
4.719
5.144
4.479
6.377
7.273
9.217
10.749
13.688
4.671
21.107
54.157
5.653
4.846
9.912
7.417
7.574
12.988
10.399
13.177
17.125
29.679
29.237
7.984
10.116
17.698
10.901
4.230
5.205
2.994
5.778
17.082
18.874
34.028
15.602
11.872
24.118
31.562
22.946
7.059
9.218
4.178
8.006
6.806
10.324
7.498
11.381
17.015
20.953
11.647
12.380
9.790
11.028
21.897
20.910
7.845
9.788
10.607
10.327
5.776
10.801
14.396
22.117
36.296
23.425
43.437
31.778
18.951
41.758
51.598
75.813
55.234
47.990
34.319
25.739
19.435
23.531
7.735
20.874
16.898
15.704
3.399
3.646
6.393
4.865
3.825
11.858
14.808
7.660
10.447
20.448
8.787
66.735
16.607
34.991
16.888
37.556
53.524
43.832
12.751
8.696
13.637
17.439
36.344
28.338
4.796
19.913
24.862
38.099
16.193
8.116
1.684
6.130
25.842
34.145
36.459
40.572
7.977
12.742
8.657
16.131
12.672
8.702
4.041
9.996
6.142
5.382
9.069
5.989
11.063
10.595
9.029
11.409
10.550
11.109
7.323
5.330
10.176
2.035
7.714
9.088
6.108
2.584
0.781
1.720
3.535
4.049
3.466
14.933
8.923
8.344
14.483
13.657
40.660
9.599
14.854
8.667
2.796
13.202
4.952
4.523
1.806
3.742
0.506
3.469
12.978
8.089
7.387
11.834
4.194
5.527
0.906
9.512
1.684
2.432
5.194
1.897
0.148
9.452
15.920
5.824
10.763
4.952
9.323
4.800
4.094
5.874
1.023
9.046
22.654
51.433
12.785
19.220
7.273
58.816
23.595
14.025
7.515
15.506
15.709
7.308
24.470
16.303
39.575
14.425
8.116
14.009
10.180
14.353
2.989
23.751
19.619
25.993
23.399
9.289
21.467
13.725
24.688
15.570
14.202
20.936
11.213
8.480
6.350
5.471
3.076
13.779
2.031
30.240
7.481
5.514
5.795
4.079
21.214
6.259
6.482
4.456
6.688
5.215
12.614
23.991
10.046
6.422
5.533
6.779
30.676
20.060
21.643
14.735
13.400
8.161
3.656
4.690
3.821
6.262
6.482
24.808
15.192
10.059
11.268
20.611
1.060
6.125
10.339
17.861
12.391
3.583
9.050
26.079
27.392
64.071
32.945
14.023
1.983
6.466
12.954
5.617
10.138
10.448
5.342
11.419
1.241
7.054
7.890
7.455
3.861
11.603
3.186
25.753
19.901
10.626
9.481
5.330
2.801
11.592
6.669
5.596
10.003
0.312
7.298
4.578
1.440
2.861
11.448
13.141
16.440
17.921
53.842
58.710
25.802
7.740
6.769
8.217
4.446
6.418
14.226
9.071
10.612
8.699
8.619
17.731
29.869
6.674
23.785
4.273
4.628
6.238
3.131
2.822
3.777
2.190
8.405
1.476
5.758
9.915
8.556
12.001
12.655
12.741
5.517
4.817
4.769
6.513
14.622
13.445
3.639
5.543
4.051
17.225
14.244
17.650
5.371
5.594
20.157
22.247
14.888
7.517
6.410
6.085
3.002
2.693
6.483
3.763
6.830
5.473
2.120
3.766
14.555
14.739
9.392
18.032
12.334
7.112
6.199
4.498
5.473
8.786
4.438
9.524
14.459
21.463
6.899
12.360
8.871
5.053
1.507
1.459
2.365
2.867
1.196
6.738
14.075
17.562
32.786
6.350
9.283
9.145
7.330
10.557
7.466
7.670
6.029
7.352
6.786
15.271
9.651
12.245
8.046
9.422
8.891
11.528
10.228
8.792
6.592
7.718
5.431
8.209
13.208
4.395
17.957
10.272
7.886
4.807
5.469
8.961
8.017
5.013
13.050
14.183
2.814
10.708
5.030
2.405
12.737
12.384
8.659
9.026
36.990
11.309
34.494
6.533
9.623
15.353
42.048
18.234
49.348
33.189
12.363
10.307
6.521
11.364
7.183
10.080
16.411
61.671
32.283
40.672
9.445
9.398
9.223
12.507
20.455
6.585
7.002
11.576
3.852
13.788
20.826
12.531
3.945
14.226
18.174
7.685
19.892
13.692
17.757
7.504
19.485
17.659
9.491
6.274
3.601
5.091
6.513
12.725
9.156
3.567
3.510
6.611
7.127
10.293
9.309
6.762
20.697
9.511
8.401
5.116
8.257
5.594
5.653
5.912
4.601
6.460
2.975
2.086
3.238
3.365
3.607
2.347
2.515
6.805
6.010
13.070
4.743
7.714
4.403
6.084
5.838
6.437
3.732
5.356
8.142
8.403
9.287
4.570
7.800
1.478
6.065
3.758
8.825
6.339
8.764
6.128
7.111
6.513
3.804
4.738
30.535
22.666
7.742
7.584
10.502
2.482
9.912
10.228
5.826
5.426
3.478
14.739
4.649
4.807
4.762
13.029
5.376
7.759
2.729
4.309
1.233
7.601
5.459
11.419
5.747
9.201
4.944
3.619
2.235
9.136
14.825
6.070
3.510
8.219
7.883
4.628
9.853
0.371
0.299
12.363
3.389
12.996
16.102
11.635
8.346
28.328
12.579
13.407
20.067
3.244
7.515
1.888
2.561
0.879
18.854
8.442
45.092
19.171
19.504
8.892
23.734
20.174
44.330
12.415
14.287
13.589
11.779
12.054
1.233
5.830
3.869
10.423
6.647
10.907
21.032
21.338
15.479
9.040
9.857
10.725
7.404
8.514
14.505
8.518
5.368
39.029
19.075
13.463
10.688
12.868
14.335
6.460
26.589
21.252
37.432
10.270
5.387
12.657
11.965
7.517
3.547
17.913
31.320
6.698
4.219
3.449
8.602
6.104
5.889
11.035
18.279
20.364
30.928
8.275
11.383
6.432
11.743
13.520
11.482
17.293
5.014
7.368
7.787
51.112
3.196
9.960
16.576
29.454
14.155
8.149
21.931
27.838
36.428
10.325
26.995
33.587
11.762
13.918
13.826
11.496
3.801
4.398
5.579
11.062
33.356
20.768
5.617
5.842
18.529
21.767
3.183
3.608
0.422
1.620
3.553
5.881
8.422
16.720
20.982
5.438
2.081
2.144
3.133
0.333
5.297
4.971
3.598
3.886
2.963
1.648
1.857
5.091
4.400
7.258
9.023
5.735
5.253
12.258
5.929
19.490
16.977
6.540
4.643
9.332
13.589
5.219
3.502
5.400
4.961
3.567
8.140
9.651
61.285
16.806
20.112
13.199
20.196
8.731
9.053
5.091
16.387
8.216
19.860
88.443
2.796
5.926
12.397
7.186
18.653
20.162
13.910
14.977
13.774
21.336
53.950
20.146
13.573
13.017
67.162
7.858
8.108
6.420
7.326
2.474
4.870
7.254
4.959
12.578
6.596
2.558
3.120
6.073
3.758
5.901
3.872
3.662
8.607
10.990
8.995
3.806
4.374
7.496
9.592
13.908
9.776
10.820
18.006
11.407
5.567
7.014
21.008
7.526
17.781
65.825
41.068
32.585
25.323
30.851
23.058
13.108
7.708
11.670
36.313
12.830
19.863
28.877
51.001
30.813
29.285
25.701
14.040
18.364
8.339
24.312
29.812
48.616
6.005
17.824
44.023
47.320
65.037
29.117
41.771
60.152
10.708
17.410
16.337
33.637
21.001
63.716
7.139
9.398
7.273
12.857
39.560
39.065
33.124
27.789
22.136
30.054
22.802
51.169
17.695
42.239
9.459
4.631
19.937
15.604
54.969
20.905
30.309
39.758
14.749
13.335
10.701
15.158
12.600
14.880
10.458
12.803
11.546
9.809
3.773
17.681
53.764
22.259
5.323
6.853
11.555
11.975
7.387
14.794
8.216
6.812
10.495
9.143
5.323
13.767
12.871
2.863
6.880
5.291
20.567
6.520
1.675
4.679
8.423
9.730
9.277
7.893
14.052
11.567
6.334
9.445
7.512
2.812
4.401
2.784
6.825
5.370
0.051
2.489
4.679
9.733
7.718
6.437
3.365
5.239
7.888
3.826
8.628
0.106
2.273
7.620
10.018
4.549
4.618
4.825
7.052
4.309
3.310
4.480
16.236
23.332
20.479
9.342
13.376
11.961
9.115
5.596
6.745
11.364
34.339
26.089
6.293
6.719
7.708
6.056
6.578
11.271
15.614
15.692
7.665
14.866
13.335
21.159
13.307
17.001
16.023
6.849
4.824
18.622
11.570
3.416
5.747
6.001
7.975
1.445
9.847
6.949
13.208
10.293
4.971
6.753
2.005
12.133
20.175
17.528
9.975
46.165
54.458
11.065
13.348
15.202
21.358
31.311
14.560
33.302
22.937
24.628
15.072
9.460
26.202
27.962
18.066
15.879
13.031
22.374
11.769
15.587
21.784
11.464
13.795
13.190
17.437
12.809
10.966
9.706
7.764
20.424
59.865
16.795
8.751
23.885
22.203
10.616
9.089
21.320
9.641
15.491
11.215
6.209
15.669
6.197
9.235
9.287
6.866
21.204
22.622
14.174
7.282
4.103
16.521
61.949
7.031
14.423
16.625
30.267
39.705
12.638
3.210
9.713
21.909
43.801
29.797
9.253
10.492
16.682
27.141
5.217
6.192
12.682
23.748
11.443
23.801
4.473
4.583
5.483
7.520
14.293
8.149
13.913
18.406
14.890
21.667
11.845
12.765
51.148
59.858
8.638
5.771
6.025
9.362
27.291
4.424
10.255
3.016
8.154
6.750
5.177
4.607
8.207
1.229
0.251
0.536
2.853
1.212
1.826
7.364
11.151
19.037
11.839
4.752
3.591
8.308
15.168
13.887
11.052
10.270
15.000
11.045
47.990
15.472
9.131
11.077
9.409
5.411
10.804
17.199
31.532
21.981
16.943
10.943
8.853
11.259
6.698
6.739
7.829
5.893
2.405
6.025
5.715
4.609
5.019
6.147
7.805
3.831
11.649
10.349
3.629
3.680
5.447
5.103
6.678
7.366
12.766
11.989
7.320
9.309
5.177
7.958
4.786
7.466
5.598
7.220
5.483
11.867
10.264
12.603
20.102
35.084
27.169
9.322
6.626
4.731
12.320
18.924
37.367
43.890
85.419
30.400
28.746
38.586
21.262
45.365
37.198
7.841
0.268
0.017
0.793
8.587
11.695
35.153
20.601
11.051
9.900
9.406
19.263
32.573
13.077
12.334
67.327
76.856
19.799
28.683
36.646
38.425
17.029
18.763
28.015
29.979
28.249
22.776
18.155
22.210
22.402
20.354
16.493
26.050
48.415
14.782
63.604
34.257
20.397
25.475
38.214
23.318
47.523
14.471
19.762
14.258
13.889
29.852
40.797
26.003
5.483
5.206
6.157
10.023
2.781
15.149
11.795
47.232
29.188
8.399
5.665
5.749
6.769
8.505
4.190
9.100
7.115
9.347
6.904
1.263
6.521
3.852
5.629
4.705
4.848
6.290
5.090
3.938
7.158
3.805
0.587
3.521
3.270
7.435
4.848
3.365
6.674
3.980
3.112
0.724
0.978
10.634
12.243
1.845
0.589
0.463
3.333
0.180
2.383
4.525
4.829
2.096
9.634
8.554
3.102
3.608
10.415
10.011
7.044
3.196
5.536
4.429
5.991
11.561
6.715
0.850
3.174
5.390
6.880
5.237
0.100
6.039
2.935
7.944
2.355
5.043
2.438
3.734
6.120
3.904
0.345
8.368
3.365
2.417
1.749
5.546
7.447
4.448
5.618
1.643
2.188
6.273
3.675
3.368
7.792
6.245
4.825
5.088
2.069
2.633
3.413
13.166
14.329
8.354
3.219
6.402
3.646
3.577
11.673
8.835
20.953
21.039
6.580
7.441
7.167
6.604
6.171
7.725
6.453
14.311
67.769
19.847
10.308
24.302
12.976
14.447
10.346
19.717
7.139
29.490
57.055
13.915
13.390
19.884
23.055
16.783
14.772
7.999
3.090
19.957
16.445
13.413
38.317
16.816
21.756
17.376
47.651
4.510
9.236
6.710
5.989
15.241
17.313
16.496
16.038
27.201
14.677
30.655
21.413
6.849
6.981
7.186
3.845
24.874
29.073
9.587
7.100
10.131
9.637
2.091
32.017
18.694
12.923
20.498
28.317
8.897
7.778
12.300
5.620
13.891
52.776
16.912
7.948
4.690
4.402
4.877
14.291
9.780
9.196
12.415
41.097
9.500
50.613
9.495
57.307
6.146
6.446
2.925
4.268
4.770
8.239
14.370
10.111
71.042
6.078
5.917
3.991
2.985
5.667
7.016
7.022
5.441
3.092
4.075
2.213
2.805
3.993
6.542
4.235
3.577
3.828
7.267
0.276
1.061
3.406
3.292
1.346
3.409
1.893
2.379
1.554
1.919
1.140
0.402
1.583
1.243
1.938
0.264
0.185
1.154
2.602
4.633
3.387
6.908
4.418
3.073
0.760
0.821
1.171
3.377
5.205
5.970
3.635
3.632
4.007
5.356
5.591
4.554
7.721
5.131
2.525
2.069
3.311
3.192
3.466
2.983
4.889
2.850
2.041
3.203
7.929
4.734
4.309
3.388
4.992
4.309
7.747
5.462
9.726
5.740
4.875
4.209
4.463
6.973
5.610
4.942
5.615
11.536
9.204
8.248
8.408
4.041
4.813
0.275
2.331
5.335
7.426
14.390
10.095
4.982
30.333
61.074
3.881
4.552
2.808
5.045
4.082
14.313
8.631
7.670
15.302
46.678
6.983
23.770
19.072
51.069
26.695
40.033
22.486
25.215
32.628
9.685
17.520
10.288
10.468
84.873
9.266
7.708
8.760
5.491
19.374
5.637
28.762
38.030
29.862
40.025
60.727
35.232
27.747
23.037
33.378
41.339
17.949
9.222
6.731
6.829
0.403
12.528
17.829
12.978
13.438
51.275
12.064
29.426
52.570
12.140
18.522
21.176
21.574
21.708
16.050
26.673
17.527
24.733
19.995
9.249
17.621
5.527
15.353
17.309
11.910
5.263
19.044
32.393
6.667
9.663
60.878
38.153
16.224
10.423
5.988
20.565
3.413
3.650
7.793
6.969
4.199
3.934
13.300
5.160
5.013
5.167
3.866
5.826
5.375
3.227
5.322
5.624
4.872
9.101
8.157
8.899
8.775
8.578
10.451
3.842
4.566
6.987
6.691
6.170
8.748
5.071
9.744
5.661
7.076
8.930
4.896
7.179
4.776
1.631
0.137
0.803
1.154
4.834
5.404
8.302
5.744
6.877
4.062
7.807
5.205
5.775
5.943
5.273
7.737
5.356
7.426
5.466
10.046
5.795
0.082
11.283
9.373
5.407
10.197
7.632
5.043
4.309
3.622
4.443
2.022
0.096
6.588
9.925
8.463
3.880
13.657
7.567
5.313
2.711
3.226
3.117
6.133
10.823
1.768
6.096
9.251
12.276
6.563
5.806
2.184
3.066
5.143
45.063
12.593
8.732
5.297
3.643
10.457
9.076
9.270
3.732
5.370
3.238
7.905
6.008
3.595
5.340
1.076
6.503
9.563
10.068
5.673
7.726
4.345
12.948
12.269
11.718
11.903
11.058
45.025
15.153
18.054
53.996
14.004
3.284
6.166
11.803
27.471
48.147
7.435
4.584
11.621
25.743
18.920
4.796
10.887
23.224
60.657
13.987
16.495
32.339
47.145
16.569
10.349
7.138
8.568
6.689
14.750
6.959
7.883
34.458
23.312
21.719
7.066
3.831
3.218
2.918
14.826
6.456
4.281
9.680
6.048
7.033
5.301
15.645
23.003
11.587
44.292
24.132
50.698
14.959
32.636
13.287
16.504
13.874
13.798
19.205
9.613
7.282
18.478
22.955
4.882
8.518
31.850
8.054
2.699
3.777
2.451
3.207
5.620
2.633
2.295
2.596
1.988
3.200
3.378
7.672
19.827
36.739
5.594
4.515
6.496
9.656
6.394
2.027
7.804
9.234
2.235
5.215
6.147
5.086
3.485
0.445
2.099
5.921
6.431
4.772
9.204
7.294
11.882
14.663
2.731
4.372
5.067
3.377
4.280
6.686
4.927
2.618
1.905
2.362
3.577
30.290
2.898
33.313
6.836
4.896
4.662
3.370
2.571
2.190
2.874
4.810
5.758
11.749
8.810
5.550
3.416
2.008
5.414
4.827
9.572
4.872
5.582
6.798
6.266
3.873
9.321
8.923
11.797
10.143
4.470
2.841
2.784
3.378
9.975
6.331
7.570
4.721
4.027
2.970
4.051
3.643
5.706
6.911
13.386
10.818
13.256
5.644
4.443
3.917
7.193
5.977
6.750
4.494
4.724
5.066
9.414
5.692
7.131
4.189
6.533
3.989
5.157
3.354
3.176
4.940
25.708
4.219
8.339
36.279
7.601
13.997
45.346
8.332
10.052
4.621
3.210
7.711
9.486
10.760
23.816
26.525
12.318
6.482
17.417
42.867
9.368
13.925
72.379
20.836
35.888
26.232
4.999
13.685
13.803
11.706
28.525
34.567
15.583
7.641
13.593
20.586
24.671
5.955
5.552
3.078
11.319
10.075
19.734
10.991
6.460
12.262
21.480
7.893
33.913
28.961
29.764
16.627
13.869
14.778
2.970
19.954
26.261
4.340
13.376
15.213
28.177
17.626
18.509
6.104
5.737
7.423
11.790
6.767
5.744
4.216
9.356
9.208
4.853
5.747
7.792
9.023
5.967
13.980
29.220
18.119
16.555
10.489
15.753
51.007
21.344
23.603
15.769
15.298
19.690
3.382
13.317
11.573
10.743
11.980
6.204
7.584
11.572
8.526
7.440
5.442
7.127
8.030
6.777
5.514
6.581
2.475
4.328
9.462
11.879
4.343
5.241
10.439
6.901
20.153
13.649
5.759
10.059
18.100
26.817
7.608
6.949
3.571
8.011
10.628
9.649
10.811
5.823
3.472
1.778
9.408
14.387
10.356
11.869
20.747
26.286
12.228
11.427
20.289
36.895
13.055
10.372
8.775
6.633
3.751
6.961
5.648
7.426
6.142
7.490
7.042
12.581
4.067
37.199
6.683
40.145
13.221
6.331
8.568
14.581
12.633
9.762
5.421
21.277
8.940
4.927
27.262
21.592
6.235
22.850
6.036
5.232
15.390
9.215
16.564
4.338
3.437
5.598
15.439
29.701
6.374
8.525
42.347
23.106
37.366
13.014
5.861
11.124
15.545
20.989
5.926
23.499
32.270
11.378
30.585
18.446
12.773
41.140
11.476
14.218
35.723
5.731
15.512
8.520
12.354
34.725
13.505
25.856
16.459
23.165
5.663
4.769
9.797
11.697
36.221
22.330
6.945
22.283
18.249
8.236
11.376
14.722
18.208
7.541
7.897
13.575
16.692
4.564
12.325
10.260
10.525
18.493
38.823
9.057
25.744
32.901
33.272
16.033
10.532
9.337
9.934
2.868
2.625
3.995
3.634
4.427
9.344
7.009
8.211
3.431
2.379
2.456
4.717
6.142
13.587
47.856
7.060
17.820
3.184
3.058
6.121
7.392
4.491
4.655
5.752
3.013
2.022
3.124
3.121
1.741
2.506
1.703
6.067
4.796
2.005
4.522
4.661
3.457
5.902
5.110
3.440
2.063
3.368
3.545
1.576
3.299
3.426
3.270
3.114
8.303
20.606
6.132
3.545
3.502
7.675
4.748
3.924
1.675
3.739
5.500
2.507
4.237
4.408
1.950
2.503
0.173
3.772
5.045
7.568
8.703
5.884
8.795
9.749
10.669
8.169
2.748
0.500
3.883
2.135
4.697
3.830
2.975
6.300
6.587
12.596
4.680
4.076
5.675
4.480
5.764
10.890
3.280
10.928
18.388
12.655
13.829
14.928
16.328
15.810
24.554
16.186
12.638
16.183
17.983
11.738
31.359
9.452
7.103
10.358
11.922
5.359
4.110
4.923
11.055
13.939
58.461
10.916
83.273
10.258
15.113
28.032
5.709
9.103
3.392
11.187
29.097
11.810
9.445
7.787
7.206
11.599
7.175
13.287
5.874
10.207
6.578
19.772
22.771
14.262
26.213
85.206
11.103
14.203
14.632
12.411
9.719
5.905
4.285
3.097
8.081
14.896
23.031
6.353
12.066
6.256
3.434
22.230
17.358
57.810
41.034
23.449
10.748
22.108
32.830
17.893
56.698
30.935
8.466
6.233
4.348
7.318
4.369
10.734
10.719
10.336
10.498
4.777
6.205
5.119
15.444
11.173
13.051
19.272
46.100
22.060
6.920
8.978
9.827
2.873
2.815
3.086
3.555
2.755
6.469
4.149
2.474
2.312
2.113
1.416
0.446
0.360
6.080
0.419
1.763
7.617
5.639
4.465
6.137
7.055
7.007
5.675
6.338
9.136
3.615
4.820
1.160
9.932
14.262
3.147
2.812
4.168
6.695
8.859
5.799
7.234
5.067
5.277
4.422
10.035
10.420
5.346
4.772
12.085
13.750
18.479
9.695
5.236
7.313
6.739
10.313
7.333
6.448
7.574
3.370
1.524
12.087
3.830
7.169
40.049
13.724
6.248
11.115
5.836
12.761
6.957
10.001
6.927
7.301
3.771
13.898
2.202
2.710
11.915
4.137
11.908
8.295
5.890
21.097
11.062
6.865
13.424
10.835
8.061
7.393
4.688
3.392
13.951
6.772
8.387
26.228
53.406
24.560
16.402
17.358
40.370
14.653
6.200
3.350
7.836
4.248
9.319
8.120
5.424
12.911
4.944
19.114
16.764
14.195
23.027
31.339
5.582
30.115
51.656
31.878
5.682
10.145
18.353
10.277
66.660
14.072
15.201
12.900
7.649
8.490
5.515
39.989
14.437
15.886
63.063
20.251
50.505
11.316
4.779
5.709
7.004
41.434
21.957
18.264
22.406
25.758
12.912
32.674
7.078
2.050
1.785
12.159
12.032
5.418
2.414
15.995
45.401
12.943
14.193
21.815
38.953
17.012
42.088
16.493
18.912
11.539
6.388
4.980
14.641
24.338
71.960
76.661
30.331
10.981
6.273
7.615
9.884
14.856
12.164
54.908
6.403
3.941
6.736
9.294
15.000
20.438
8.260
12.238
15.292
7.927
9.093
10.914
2.173
0.862
1.634
1.428
0.429
3.746
4.707
6.714
4.309
1.425
4.788
2.111
4.209
6.503
14.715
5.773
1.665
2.352
6.956
4.022
3.866
16.744
12.109
4.532
4.611
2.407
5.062
4.427
9.639
4.001
6.192
10.252
2.870
13.671
24.166
14.279
16.658
6.096
5.589
8.475
6.523
3.025
5.061
17.521
29.812
6.254
4.273
11.515
30.175
4.161
12.370
41.439
21.830
8.470
8.274
1.500
4.958
11.048
9.853
5.874
5.297
7.998
7.646
9.469
5.287
6.273
34.236
6.276
7.522
52.690
6.561
15.108
38.044
32.825
6.492
25.869
3.612
7.404
5.757
8.264
7.802
5.907
4.350
3.897
2.803
3.902
3.840
7.953
6.030
7.239
12.255
10.696
7.867
4.276
5.424
5.024
7.206
9.342
41.570
2.482
2.642
7.841
9.125
4.237
7.309
16.264
18.658
28.194
11.148
50.214
34.013
42.387
23.363
52.082
28.613
25.042
50.262
50.077
15.910
52.580
6.822
38.902
66.399
15.247
8.732
19.338
51.090
38.291
50.170
11.388
29.045
5.050
13.005
14.560
11.731
97.270
50.032
39.534
14.928
4.412
4.724
50.846
40.763
22.573
17.355
29.658
31.421
23.993
16.679
82.542
6.980
15.425
10.628
16.215
4.882
15.935
13.160
50.233
8.041
6.276
5.998
13.587
14.287
6.180
14.133
30.590
19.387
-99.000
21.265
34.130
55.934
16.181
12.816
4.149
28.405
8.439
18.321
10.660
19.072
25.833
7.426
9.901
9.374
15.494
6.254
3.986
6.758
3.670
4.752
1.638
3.093
9.253
6.793
5.998
4.467
5.895
3.148
5.943
3.402
9.043
10.530
2.977
10.245
5.696
12.730
6.537
4.776
4.226
5.023
6.660
1.730
0.700
2.410
6.973
7.196
7.749
2.961
7.302
2.208
9.531
5.689
4.096
4.053
1.167
2.070
4.971
7.182
4.007
3.224
2.125
5.109
7.388
4.075
6.125
3.777
4.800
2.668
3.083
6.887
3.849
2.571
6.456
10.744
3.217
3.162
9.295
8.439
3.643
7.306
4.130
4.233
11.232
18.385
11.858
6.890
0.948
4.566
7.110
10.197
9.091
10.667
12.121
18.237
5.845
8.612
3.919
5.742
8.988
8.394
8.868
10.610
5.933
5.891
3.093
11.477
4.297
0.292
7.983
2.800
3.116
8.731
3.655
18.180
10.485
47.756
11.726
6.017
20.991
19.217
9.601
13.158
24.426
22.292
36.313
37.824
58.818
26.721
11.330
17.451
22.749
12.614
58.310
32.904
10.241
33.017
27.377
27.416
8.348
13.214
27.555
41.621
13.915
58.023
19.875
33.295
31.012
19.889
67.688
47.554
24.568
22.944
13.596
8.865
15.161
32.818
36.571
9.756
3.351
9.953
39.880
33.539
6.608
14.239
42.400
16.564
5.088
11.278
12.775
12.679
28.745
16.037
39.788
62.258
18.630
18.268
13.710
8.501
4.867
6.397
6.545
5.524
7.213
6.778
6.647
10.602
8.562
12.602
17.582
3.564
14.421
8.731
8.317
2.638
4.479
14.573
37.184
5.354
2.878
1.231
3.426
0.520
5.704
0.773
5.182
2.005
-99.000
-99.000
-99.000
-99.000
-99.000
-99.000
-99.000
-99.000
6.231
0.762
3.976
5.402
6.051
16.545
5.318
1.768
4.769
3.468
3.897
3.255
8.106
2.570
1.353
1.231
1.991
4.113
21.313
16.490
24.443
20.804
5.524
4.137
3.234
3.509
4.147
3.133
4.281
5.617
5.720
3.167
0.913
1.033
7.057
4.504
4.601
6.003
4.405
3.545
5.241
12.989
30.823
13.598
9.609
9.359
11.028
3.655
8.790
4.698
5.559
1.542
2.941
5.635
0.269
3.662
0.884
0.158
0.604
4.810
3.486
15.736
31.711
19.803
14.731
6.537
19.708
14.435
25.680
9.632
5.764
9.304
18.471
6.202
11.745
7.512
11.119
9.516
7.929
5.131
24.863
10.195
10.234
6.903
17.103
11.385
2.832
3.593
7.942
21.853
16.107
11.235
11.706
22.706
21.116
11.651
18.359
12.155
8.309
9.257
7.648
7.774
4.636
7.962
7.852
12.421
12.991
13.244
13.626
23.284
19.391
17.357
21.588
7.088
10.583
36.645
62.035
5.435
12.572
7.848
34.775
9.980
18.155
31.984
9.778
68.287
7.829
10.231
3.176
5.304
11.309
5.146
6.159
6.204
7.469
13.033
16.627
7.000
13.676
34.494
50.575
7.488
18.268
9.871
43.980
32.344
14.416
7.100
3.310
1.610
7.299
5.812
9.884
18.876
12.930
16.761
20.960
51.636
6.432
6.266
3.490
4.829
22.755
11.179
8.391
4.297
2.853
3.996
6.590
5.610
10.039
6.762
5.335
3.526
6.873
2.937
4.592
6.046
0.271
1.658
4.817
6.252
9.577
6.927
3.907
7.301
3.296
5.289
5.205
7.467
9.907
4.449
5.515
6.046
7.695
5.193
11.738
10.067
8.121
5.913
6.484
3.790
3.466
3.126
2.750
1.499
22.424
13.635
27.279
14.559
22.584
9.519
13.944
20.229
17.954
10.999
7.083
4.855
7.482
5.931
2.977
7.953
14.959
19.696
9.081
2.571
5.570
8.440
6.331
3.799
3.025
4.358
7.560
7.696
9.089
15.092
16.476
8.018
12.214
7.153
15.312
11.930
5.993
4.855
14.960
11.743
6.183
23.821
8.512
3.983
4.954
11.056
2.399
8.265
7.016
8.956
5.146
16.486
4.537
3.792
5.131
3.723
10.140
15.798
13.733
30.827
47.082
11.120
25.775
11.676
6.583
18.188
16.486
24.409
52.072
76.496
64.703
46.668
37.388
11.316
19.559
18.584
13.697
16.646
6.074
31.016
54.520
24.558
52.860
44.708
17.381
46.959
43.720
20.796
18.242
20.198
17.468
35.319
39.995
81.639
35.653
57.821
22.211
3.886
11.484
6.973
5.249
2.702
17.314
12.023
10.245
16.668
9.563
5.751
12.991
62.268
29.107
14.038
30.140
10.883
9.798
23.662
44.443
13.901
39.214
35.067
8.671
13.393
27.723
11.905
35.168
19.564
7.557
6.633
32.272
16.449
66.495
8.459
11.288
6.121
28.897
7.866
5.325
5.476
10.708
7.841
10.135
8.889
7.155
3.728
1.492
0.501
0.755
8.137
0.120
0.130
0.000
0.000
0.055
0.000
1.614
10.967
8.326
15.571
8.832
6.303
3.571
1.045
1.958
7.359
9.647
7.277
6.209
4.642
2.994
2.532
1.507
2.843
2.180
4.381
7.018
2.875
4.219
6.621
5.720
5.833
5.024
1.614
1.081
1.581
1.971
5.181
6.836
13.305
16.655
3.056
1.339
3.713
10.291
35.385
11.060
12.001
12.032
16.090
16.577
46.594
8.941
10.876
16.596
2.537
8.688
5.882
5.193
1.950
1.514
3.030
5.979
2.106
6.036
5.025
11.680
15.309
26.518
10.437
1.967
2.353
1.875
1.559
0.336
1.895
2.929
2.932
7.931
13.273
27.050
16.346
8.322
10.077
19.398
14.385
4.525
4.631
5.467
0.007
0.038
0.048
1.900
3.783
0.141
0.000
0.137
3.313
6.993
7.871
11.367
13.642
11.393
10.818
11.829
52.178
18.919
60.370
73.234
12.061
18.840
64.083
61.635
27.747
33.044
25.485
28.740
8.334
7.151
9.426
14.556
13.134
17.132
42.776
4.104
9.737
6.199
19.463
39.110
6.662
21.998
40.062
44.618
24.860
51.825
9.210
37.381
19.595
13.393
8.859
10.476
6.509
8.689
21.598
28.094
7.800
20.347
9.996
17.073
22.927
15.662
8.940
20.555
10.557
10.892
14.325
34.703
33.453
46.448
34.422
30.096
18.962
5.909
24.101
52.897
32.801
29.268
6.444
14.208
11.252
8.562
13.469
2.525
5.727
15.099
22.149
6.039
10.207
23.315
62.430
7.079
19.829
13.348
5.455
5.088
35.534
16.994
35.000
15.317
44.901
9.436
14.442
18.210
9.582
15.062
15.728
19.944
17.650
16.342
18.622
12.638
5.356
5.905
10.101
9.822
3.505
4.388
4.274
8.635
4.752
9.386
4.082
7.388
5.442
5.098
12.782
9.146
9.143
8.020
8.549
2.716
1.943
10.087
14.195
6.127
9.282
9.434
8.729
6.822
5.807
11.852
10.214
6.143
7.836
4.111
10.071
11.264
14.188
7.060
22.915
7.443
19.908
20.817
42.313
21.533
14.281
30.164
28.568
5.531
21.150
10.343
7.327
10.722
34.773
60.488
10.828
23.961
59.793
12.765
16.689
16.562
18.419
27.222
22.944
9.931
11.601
9.421
17.717
44.471
14.622
14.519
16.819
33.292
39.252
20.417
15.570
15.099
25.117
28.863
10.077
2.561
7.162
6.478
29.977
53.277
43.892
20.115
89.515
33.690
19.422
7.476
8.001
10.159
10.537
5.150
11.666
4.206
24.982
41.832
13.583
28.808
14.995
9.477
6.396
9.850
9.568
12.687
15.872
7.577
46.251
27.425
7.728
58.488
48.504
12.095
16.825
24.903
17.290
12.294
12.944
101.226
28.044
17.987
30.895
59.197
70.359
33.608
15.085
12.221
13.620
28.152
55.658
41.559
9.753
10.513
13.778
10.908
8.171
5.404
18.138
46.433
11.913
50.470
11.800
14.323
15.304
15.820
32.808
33.908
5.318
14.987
57.497
7.757
20.589
45.761
8.875
5.411
3.365
4.404
6.895
6.678
8.679
2.326
3.025
2.099
1.449
1.269
12.377
11.271
25.451
11.788
9.677
17.962
19.964
24.985
58.181
22.238
7.289
22.972
15.693
21.181
43.878
5.201
9.064
6.331
4.985
7.424
8.986
10.233
16.019
23.028
18.261
16.205
7.493
8.865
7.206
8.971
8.341
8.247
8.765
8.231
9.836
5.833
9.124
6.710
3.565
7.265
3.375
4.700
20.344
32.171
12.706
2.187
4.185
11.791
4.741
3.938
3.159
4.113
7.574
6.087
2.434
0.493
0.961
0.762
5.047
5.220
11.527
11.388
27.957
18.210
13.596
9.187
24.719
45.617
14.881
5.023
13.012
11.613
8.875
6.767
7.855
5.198
5.071
5.548
5.098
10.109
3.625
4.209
5.033
21.897
37.954
18.193
11.371
6.437
9.356
12.765
22.412
9.232
4.477
8.010
5.720
8.441
8.600
10.907
5.873
9.925
9.397
7.799
13.166
11.611
12.569
10.955
14.531
10.210
13.778
13.084
7.828
7.440
8.514
17.904
3.038
7.457
4.710
6.757
10.815
13.757
20.596
10.866
13.283
7.433
19.827
29.979
16.274
16.680
12.686
33.697
34.044
13.244
22.496
40.196
11.747
14.770
34.003
33.316
11.888
11.199
25.967
12.914
34.341
23.022
8.269
2.839
3.050
1.057
5.812
3.529
2.961
3.267
6.006
11.529
17.068
29.244
46.450
15.170
10.843
13.748
16.164
12.359
15.946
10.078
26.932
11.055
23.686
11.486
7.706
15.868
13.786
12.972
24.192
14.795
5.371
4.501
0.065
2.681
3.444
6.490
3.316
9.422
11.201
7.906
12.687
16.569
9.860
9.738
8.724
5.009
8.712
13.792
5.225
7.971
9.838
8.889
8.497
7.294
7.946
3.785
4.853
3.802
6.559
2.446
1.566
2.542
6.127
1.150
3.080
6.763
4.041
4.369
14.450
21.252
17.470
21.774
41.766
13.891
8.835
15.483
6.209
15.363
10.420
7.733
0.216
4.831
2.201
9.319
4.772
8.511
8.762
6.709
8.374
4.834
7.028
6.829
4.796
4.374
3.512
4.940
14.196
9.404
18.399
10.979
5.047
7.364
8.418
27.006
9.469
26.182
29.670
42.167
29.848
10.027
5.964
13.893
7.575
38.368
33.244
9.156
9.630
16.576
13.805
28.809
25.018
15.437
6.135
4.798
2.585
5.601
4.087
8.329
4.209
18.613
34.147
8.920
2.671
21.718
22.477
12.553
18.272
10.605
5.917
10.186
21.004
8.683
14.299
18.059
1.233
11.477
16.047
8.841
11.117
61.767
33.203
24.644
19.343
15.322
27.363
21.981
11.852
5.270
21.506
6.884
20.550
7.943
14.195
14.370
25.904
11.371
23.847
31.745
15.793
18.903
17.961
34.085
11.206
10.703
10.858
5.960
4.163
7.491
9.665
4.148
1.003
3.052
4.182
7.527
8.889
7.330
8.334
17.245
7.211
24.176
62.862
5.970
17.573
10.507
12.966
20.870
11.833
7.100
21.095
14.841
46.872
4.421
4.770
29.639
5.359
1.979
3.426
6.090
7.455
5.147
10.197
2.863
1.811
2.252
1.481
1.380
1.003
2.031
2.760
3.584
1.495
3.719
6.176
34.240
41.553
16.332
10.046
5.822
6.139
4.731
3.512
6.089
23.931
12.634
14.275
9.206
10.723
6.178
8.760
6.163
7.031
11.579
15.060
12.300
14.117
9.252
14.774
13.674
12.600
12.715
8.284
9.630
10.008
8.379
8.707
3.500
9.752
4.837
13.942
8.444
11.802
5.356
3.253
3.814
7.390
19.670
34.401
4.293
5.993
6.526
8.279
6.724
19.183
14.516
5.709
8.117
7.522
2.961
7.670
9.888
24.829
7.411
4.778
8.561
9.206
22.274
11.234
8.070
5.158
4.968
8.774
11.185
7.656
5.596
3.464
5.624
6.149
9.840
3.574
10.894
2.060
6.003
9.956
5.083
11.752
13.237
14.802
23.027
19.267
9.768
12.451
22.692
17.394
24.484
33.615
21.083
8.662
5.881
10.691
16.698
6.509
5.435
9.380
6.482
4.885
5.603
16.023
17.388
11.790
2.935
1.342
5.716
5.323
10.073
7.979
54.386
48.412
5.538
28.444
31.823
17.818
72.966
5.670
10.952
6.499
51.454
24.702
28.417
67.902
59.522
44.623
23.641
22.041
27.871
38.716
23.250
47.226
27.517
47.183
4.494
42.332
30.587
36.210
23.058
78.267
2.705
3.821
6.606
5.696
5.998
8.645
4.590
5.534
11.611
10.540
13.676
7.069
12.257
17.178
8.973
23.284
38.085
3.027
14.567
5.495
10.476
17.918
3.833
2.673
5.165
18.227
26.571
12.162
6.939
17.292
12.986
40.406
36.633
5.797
4.468
6.105
9.163
5.958
7.417
2.374
11.508
0.271
3.652
4.281
4.653
7.005
6.812
4.106
4.937
6.472
9.525
26.554
20.203
15.824
17.156
31.902
12.925
7.658
7.272
8.358
11.078
6.755
7.167
4.208
17.786
20.601
6.741
8.140
13.000
5.946
7.359
6.801
5.569
6.700
5.558
6.454
12.049
4.408
6.393
7.114
4.563
2.307
9.180
3.553
2.863
2.098
8.916
8.281
6.025
6.194
9.029
4.576
6.918
4.930
5.751
6.993
6.260
5.304
1.981
0.000
1.027
4.312
9.764
7.680
48.002
15.511
7.629
13.295
15.743
14.050
16.353
8.338
4.795
6.607
11.156
7.273
7.505
5.565
10.219
7.266
5.148
1.686
7.641
5.452
4.731
3.195
3.205
17.403
8.732
5.570
48.209
13.901
10.593
26.252
17.758
23.224
10.420
11.491
14.193
19.429
11.021
20.047
20.294
66.608
18.309
39.808
8.624
18.690
75.946
11.822
10.835
9.232
16.552
9.816
8.926
19.090
11.127
31.450
28.139
15.724
16.871
19.401
19.611
18.418
21.125
19.810
43.254
24.990
18.083
55.066
6.018
24.816
39.886
10.842
6.546
5.059
7.565
11.006
9.162
5.120
7.272
2.705
3.983
6.196
6.446
2.032
40.141
16.867
13.358
20.249
10.846
46.603
97.449
11.297
43.823
18.407
32.630
7.345
6.089
8.320
13.517
21.296
12.027
29.927
25.505
5.067
4.250
7.454
9.949
9.768
8.216
5.850
2.081
2.613
0.086
3.782
6.743
6.331
8.332
6.434
0.206
2.465
5.404
5.891
10.973
3.998
6.370
13.565
18.306
9.546
6.451
24.458
5.415
3.682
4.894
10.005
5.861
10.255
42.919
3.856
5.643
6.319
9.160
10.459
7.182
9.119
17.394
1.890
5.953
5.704
3.820
1.444
1.349
0.007
0.134
1.286
1.069
0.151
4.995
3.411
3.406
1.152
3.159
7.175
6.159
3.979
3.783
4.223
3.241
5.692
2.774
7.701
3.473
8.712
7.927
12.394
7.714
5.579
6.149
5.445
13.884
23.706
6.849
1.974
4.944
0.103
1.047
4.376
12.531
14.919
7.478
18.763
25.714
20.258
4.409
9.186
38.164
12.231
14.069
16.397
7.463
40.413
16.976
37.463
4.511
6.393
5.124
0.795
1.032
0.031
1.619
4.669
6.149
7.984
5.968
24.714
44.900
16.080
10.995
4.884
5.338
5.404
5.881
5.449
3.828
9.043
9.850
10.411
9.074
11.185
74.450
6.777
38.073
30.291
15.875
14.474
41.178
10.291
6.801
4.116
17.173
12.452
41.726
22.992
11.570
10.406
20.847
15.712
33.515
33.117
20.378
50.716
68.244
20.702
84.406
32.035
20.369
4.178
5.939
21.478
6.853
11.161
14.124
8.454
4.717
10.361
12.480
17.935
52.549
31.984
15.031
74.089
9.246
15.044
16.490
6.334
14.011
7.206
3.471
1.356
27.026
27.195
8.532
14.244
25.948
19.999
22.385
7.900
1.253
2.671
6.400
5.733
6.915
8.116
4.618
7.179
16.085
15.504
11.884
14.018
8.689
8.401
11.924
13.584
11.086
7.567
14.893
9.582
8.181
14.811
7.189
8.454
6.248
4.206
12.312
21.803
9.390
12.691
8.825
8.152
4.832
11.003
6.295
5.011
16.826
6.039
4.267
5.787
3.960
9.441
3.777
3.083
7.653
6.144
6.458
8.648
5.675
5.862
5.903
6.300
6.212
29.390
25.787
26.401
6.947
7.787
3.358
6.224
4.885
13.052
18.435
12.136
5.751
7.567
4.446
3.301
1.279
1.142
2.199
4.269
4.413
6.854
6.937
8.822
4.139
6.484
4.987
0.237
4.453
5.337
4.771
3.471
5.809
3.416
2.942
2.256
2.808
5.689
0.003
10.887
0.189
0.000
0.910
2.008
0.385
0.426
0.000
6.592
25.317
35.582
12.425
6.571
21.856
26.151
15.769
16.136
16.548
7.172
22.961
23.906
10.066
6.739
6.300
15.774
13.003
15.123
3.605
4.340
33.810
15.652
15.927
34.281
15.559
52.379
23.387
6.518
12.288
3.608
11.735
10.813
13.091
13.211
4.084
1.337
0.378
4.199
3.241
5.376
1.751
25.057
23.960
7.460
3.849
0.453
18.531
22.865
16.146
59.735
28.767
10.131
69.931
38.322
10.974
26.027
61.441
26.642
24.671
81.062
9.345
12.166
12.126
7.241
7.217
9.146
11.596
3.533
8.705
38.222
29.564
39.614
19.624
7.816
4.566
7.591
4.666
7.070
18.450
12.653
16.234
10.039
5.814
6.875
7.732
7.290
13.475
6.837
13.981
13.434
21.935
28.486
9.495
7.824
9.360
6.047
3.560
5.016
6.908
6.555
3.558
5.181
5.091
7.078
9.155
11.724
6.472
5.708
7.589
14.270
12.519
2.522
5.430
12.197
10.899
9.386
0.896
0.484
3.550
5.672
7.514
19.302
6.339
2.221
0.524
0.000
0.095
2.604
3.979
5.668
10.296
9.385
5.568
2.538
3.317
4.086
5.146
8.501
5.950
9.311
2.463
6.070
5.301
4.473
8.672
3.371
8.006
9.510
8.291
11.927
13.249
17.149
3.035
3.073
2.026
3.917
0.175
2.944
11.103
16.325
7.115
5.322
1.737
1.040
10.070
7.124
4.261
2.855
9.927
7.731
7.411
7.340
12.352
7.640
11.927
3.571
7.203
0.245
0.024
5.394
5.003
6.817
34.355
5.119
0.501
0.072
2.482
3.438
7.884
4.317
3.571
3.871
6.712
5.103
2.760
2.547
7.872
8.629
7.842
6.396
5.720
4.171
2.891
3.739
2.781
8.950
5.909
2.287
15.463
34.236
23.404
9.148
16.196
4.925
39.963
58.365
9.524
50.719
11.295
14.531
3.699
14.876
18.114
19.830
17.724
12.844
12.380
8.744
8.065
13.697
6.990
25.378
44.625
13.695
12.602
15.321
7.857
7.021
0.846
7.678
10.928
2.939
6.319
7.969
31.368
12.694
21.897
21.873
12.950
43.683
4.573
33.251
6.794
10.324
2.880
40.371
28.887
16.298
4.290
13.819
12.449
21.801
10.133
11.216
7.117
9.682
12.857
6.228
5.380
3.856
6.439
6.551
4.698
2.281
1.126
1.792
3.988
4.099
2.309
10.681
1.013
0.079
0.000
5.072
3.571
4.497
2.405
5.327
3.562
5.186
1.099
0.505
2.019
2.015
4.292
6.317
8.221
4.429
3.392
3.100
6.092
4.704
10.777
6.554
9.352
4.302
2.026
0.199
2.832
4.235
3.902
4.388
2.980
0.433
3.004
3.591
7.297
5.361
4.096
4.185
7.393
3.108
1.993
5.613
2.218
7.110
3.256
4.001
6.623
4.865
13.221
4.434
3.662
6.775
4.422
6.983
19.923
12.588
3.918
5.572
4.019
6.199
6.121
4.724
0.316
0.000
4.678
6.664
1.289
8.442
15.135
4.424
9.069
8.458
3.852
7.206
5.234
6.180
2.520
4.415
4.506
1.900
8.264
6.635
38.136
13.803
59.623
27.933
10.102
10.229
3.680
8.981
12.325
19.082
9.572
7.492
48.757
8.099
24.806
8.461
1.521
3.579
27.700
14.564
1.991
5.047
7.872
7.515
13.757
28.436
17.044
7.589
15.016
11.270
0.947
0.079
1.093
18.684
8.164
8.377
7.145
5.914
4.828
15.704
13.760
13.104
5.169
6.842
9.695
16.833
16.473
4.334
6.099
2.929
12.978
12.456
15.178
68.977
66.735
8.672
7.855
7.975
11.893
14.008
29.706
8.923
24.702
8.710
12.349
15.244
5.430
5.634
7.919
10.552
7.270
9.325
71.279
10.228
13.058
40.004
10.773
5.572
6.231
12.888
9.206
21.904
82.315
30.865
4.607
5.181
6.171
8.636
13.283
14.196
11.803
2.462
9.774
6.573
21.399
4.341
1.459
2.905
1.054
0.975
2.709
0.309
0.906
0.034
6.142
15.322
6.688
5.181
15.910
15.477
7.083
3.831
0.833
6.451
14.972
11.709
8.356
8.798
2.417
7.582
7.381
4.158
4.487
9.047
50.068
11.615
7.103
6.183
7.282
5.507
6.787
3.952
3.445
4.072
1.469
3.806
2.709
6.496
8.556
9.101
7.318
10.364
29.285
2.942
5.229
3.644
5.931
8.685
6.628
8.058
11.091
3.838
3.004
2.595
3.428
1.761
4.388
2.174
2.753
5.677
4.271
1.960
0.000
0.373
7.841
12.015
7.428
4.642
4.115
7.591
4.655
3.947
2.810
2.244
4.661
5.650
6.441
5.227
7.363
10.313
9.449
2.886
4.285
6.909
12.702
19.619
52.026
14.845
6.029
56.971
47.648
54.331
54.987
61.330
9.788
20.663
44.845
7.713
5.217
9.754
9.999
2.930
6.272
11.583
17.758
6.018
4.515
30.415
25.737
26.535
5.260
55.332
15.702
11.386
11.953
8.693
6.168
20.903
24.971
8.118
9.136
5.447
16.234
7.852
2.384
19.743
41.521
24.000
36.409
4.726
17.139
24.108
35.434
8.047
54.825
8.130
18.598
15.230
6.025
26.906
4.189
8.674
61.300
9.656
7.368
7.893
6.877
11.797
8.140
13.197
7.258
7.969
9.792
32.877
49.164
37.714
18.533
61.438
10.516
5.356
3.361
5.385
3.421
0.877
6.990
3.282
7.016
6.326
7.864
8.207
3.716
5.431
3.233
7.701
6.030
4.975
1.871
4.165
10.161
6.441
3.419
27.128
14.988
9.239
3.960
4.547
9.975
7.848
6.930
8.025
14.663
20.632
6.279
8.169
6.867
2.702
1.796
0.216
8.753
18.000
11.065
6.911
7.091
10.394
5.304
7.057
5.758
0.021
1.830
6.252
7.378
9.505
9.376
8.762
4.870
4.576
5.536
2.557
11.367
8.279
10.446
6.631
0.580
7.684
0.570
0.961
2.036
0.321
4.252
4.491
24.560
5.723
3.447
7.958
5.622
3.310
3.787
1.717
17.309
9.598
6.049
3.172
0.039
4.546
8.590
4.645
1.804
7.165
4.546
10.308
3.121
8.523
7.035
5.739
6.365
6.142
8.264
10.301
21.715
28.393
13.678
11.151
3.907
6.468
14.773
35.177
19.703
7.993
19.508
5.895
11.112
3.299
7.766
6.540
5.397
13.726
24.273
0.649
4.868
2.748
18.931
13.352
10.583
7.957
10.567
7.241
3.365
4.733
4.717
6.070
7.684
3.674
4.391
3.856
0.192
5.507
7.833
17.315
17.032
8.405
7.405
15.573
50.043
18.028
7.711
24.886
15.848
2.961
5.376
6.121
24.592
29.608
45.418
22.841
12.900
16.455
11.367
63.676
25.842
9.943
66.878
45.010
13.894
10.200
6.554
13.098
38.854
23.907
29.447
11.131
12.540
2.460
6.137
7.629
3.933
14.495
45.943
4.580
6.920
21.049
11.613
51.601
23.878
20.333
21.590
8.408
7.684
24.131
34.519
10.740
5.110
4.065
11.455
11.668
19.645
48.254
11.392
31.878
54.731
14.375
3.830
8.113
3.632
1.971
4.855
3.416
4.916
3.445
5.792
0.529
0.510
1.855
3.773
5.261
1.409
2.721
2.177
10.135
5.981
4.932
3.444
10.871
17.535
7.649
8.418
4.247
3.406
0.525
5.019
7.048
5.737
4.837
6.901
4.237
2.733
1.651
3.440
1.826
0.306
2.644
8.432
5.555
6.401
3.734
10.695
6.715
9.960
8.130
8.516
3.845
7.625
5.854
6.406
6.628
6.293
6.084
3.598
15.892
9.977
65.408
5.342
6.080
13.963
17.743
8.025
12.202
8.468
10.562
49.569
6.533
7.927
6.530
11.069
11.553
5.799
11.563
13.307
17.097
12.033
7.591
6.190
7.079
8.243
19.061
5.965
23.545
20.555
26.789
10.506
10.430
4.542
14.473
34.906
21.149
6.221
8.528
6.375
5.850
9.407
12.737
33.596
67.056
14.038
17.609
20.036
8.803
9.865
6.837
6.084
6.659
7.517
5.817
7.884
21.530
12.425
11.457
7.304
37.408
29.448
4.242
11.276
10.221
58.699
73.228
22.069
17.990
7.517
9.924
13.146
69.717
17.108
21.719
34.648
25.059
8.334
17.278
41.698
2.017
12.384
10.583
12.123
5.782
25.548
17.667
29.120
19.489
13.714
11.135
16.722
4.767
12.647
22.739
6.267
19.396
13.948
10.964
34.193
1.487
21.925
15.153
27.964
36.217
21.685
49.723
10.298
5.958
13.881
16.572
16.390
14.663
19.418
14.121
5.823
11.165
4.776
6.389
4.092
4.463
5.394
5.967
3.341
7.361
9.840
7.412
7.335
8.985
4.728
6.185
7.587
9.235
19.865
6.266
9.761
11.972
10.094
4.515
4.041
7.642
6.757
4.644
13.566
13.008
10.817
7.768
8.901
4.001
4.613
2.398
1.068
2.982
3.605
0.371
7.381
2.369
3.677
3.675
13.781
18.651
7.633
7.141
4.314
5.728
9.877
7.787
6.243
6.600
6.569
5.246
4.748
5.835
6.606
5.503
6.255
6.187
16.284
12.001
11.980
4.434
3.747
6.600
11.213
5.007
9.163
5.428
6.856
9.485
5.474
8.231
4.837
8.827
4.455
3.641
4.261
5.815
9.634
6.925
5.004
4.158
7.407
13.875
3.243
5.819
9.525
4.111
5.146
10.574
7.023
5.931
8.899
3.133
4.631
2.539
4.994
6.396
2.886
0.136
5.189
2.271
12.203
8.780
21.814
56.387
35.711
70.469
22.591
7.843
4.837
12.722
10.650
12.480
12.687
12.756
6.186
14.499
45.006
16.248
17.949
21.410
67.514
17.049
29.994
19.592
11.068
10.048
29.691
66.043
49.448
16.432
9.797
3.734
4.480
4.737
10.904
10.161
8.976
11.489
9.744
4.472
7.169
5.649
9.179
10.814
20.117
57.143
26.536
11.839
16.936
12.300
11.397
8.041
9.696
24.767
21.260
11.701
10.289
7.224
10.325
11.472
6.125
23.084
41.998
22.772
40.978
11.767
28.873
16.536
21.840
20.342
11.125
6.525
14.203
41.659
5.668
7.201
5.649
8.394
6.149
10.763
4.010
11.740
8.061
15.232
13.851
6.370
3.972
0.912
4.386
4.813
12.521
11.036
4.599
4.666
4.800
3.698
4.491
5.037
6.032
1.172
0.244
1.868
1.411
1.725
0.692
0.548
2.984
3.088
1.963
2.585
1.143
2.101
2.206
3.675
2.944
0.539
1.147
5.958
2.773
2.535
5.174
5.111
5.745
11.470
5.951
2.535
3.292
3.115
1.840
2.323
3.675
3.759
11.551
10.358
7.038
1.984
6.437
4.721
3.320
1.109
3.086
6.029
4.312
0.716
0.474
1.155
0.000
0.000
0.378
0.759
0.783
1.411
20.361
11.658
9.853
13.923
8.669
13.693
6.805
6.360
5.236
7.145
10.009
6.873
7.442
4.964
8.326
5.933
5.647
10.042
20.692
12.494
14.517
3.219
2.541
2.214
4.985
7.244
8.389
23.645
40.782
20.919
54.380
18.902
4.952
1.167
9.237
21.920
57.973
5.842
5.146
4.657
18.004
8.552
9.666
12.485
10.059
10.949
13.214
35.476
53.085
4.810
6.472
4.992
9.558
7.031
6.849
8.456
60.439
10.028
10.811
13.467
23.652
31.040
21.612
44.320
7.079
11.361
21.794
38.198
47.272
6.973
46.963
27.946
14.818
5.747
12.363
61.795
21.513
11.786
6.365
13.125
17.451
51.124
25.021
7.931
48.597
31.174
23.085
32.616
38.555
7.943
13.153
8.089
23.676
12.298
53.874
48.666
30.219
57.349
11.488
8.504
5.488
15.001
9.781
23.107
28.016
25.073
61.204
13.022
19.745
2.295
2.498
5.849
6.225
12.478
36.837
14.129
10.140
16.203
12.385
7.929
9.888
9.769
10.769
6.288
17.099
32.942
7.591
6.508
8.583
4.261
11.403
7.158
18.018
10.605
6.509
14.787
19.957
7.208
5.184
5.294
6.042
7.170
6.001
7.151
15.872
12.325
9.474
9.119
11.409
3.763
8.209
13.029
23.500
41.020
33.345
28.975
10.135
13.357
7.380
4.839
23.559
14.248
9.050
14.253
9.656
18.345
14.191
5.469
2.779
5.799
31.752
14.054
26.414
5.469
9.268
18.538
20.234
9.189
34.782
28.419
19.526
10.724
3.893
12.446
17.817
18.606
5.412
16.795
58.009
6.396
7.759
6.022
3.337
3.272
2.894
2.479
8.027
3.711
4.233
6.581
48.851
22.247
20.232
10.183
7.560
11.666
11.206
26.947
9.462
9.658
4.254
9.920
2.602
41.576
39.740
23.288
7.234
7.841
10.609
12.775
13.853
15.240
11.872
12.761
4.146
5.763
3.138
13.717
15.721
5.483
11.804
13.605
16.186
24.199
6.769
15.307
6.388
5.835
24.441
60.772
52.161
58.432
16.703
11.264
13.628
11.788
11.699
17.831
55.644
45.583
13.396
16.210
7.383
18.410
31.162
32.389
34.476
29.840
13.195
10.755
16.945
32.325
11.603
18.588
20.941
38.284
29.578
35.774
31.669
24.600
79.855
26.398
13.826
12.974
53.431
33.264
16.932
7.982
9.436
11.676
6.513
4.779
5.203
9.725
7.627
7.069
9.314
61.690
14.278
6.987
4.988
2.694
5.538
30.959
19.411
9.988
13.869
9.879
12.109
13.835
7.102
12.633
11.762
14.972
11.456
10.983
9.136
31.507
34.506
5.685
8.839
11.240
9.848
5.323
9.292
5.847
4.633
5.426
5.191
8.545
8.096
12.296
13.592
7.958
9.539
6.726
13.252
28.453
9.299
11.869
16.991
16.181
8.957
17.983
34.226
11.045
9.821
8.327
10.482
5.555
1.641
4.309
1.493
3.663
11.189
39.431
10.947
6.101
5.450
6.276
16.019
22.290
3.488
10.037
8.193
7.478
9.845
8.901
5.709
12.363
20.853
9.798
3.684
6.913
10.782
13.005
12.770
9.586
13.824
11.724
6.484
21.183
20.498
33.953
23.898
22.421
25.028
6.775
24.475
29.526
21.997
10.128
26.386
20.652
59.421
8.605
11.855
8.795
7.790
6.530
6.278
2.975
2.565
4.568
7.781
7.519
6.709
22.282
11.323
55.637
7.139
9.651
6.307
4.307
4.351
8.191
8.071
18.019
77.666
7.629
19.530
58.058
15.946
11.455
8.139
19.456
35.402
10.827
23.022
9.115
8.566
6.152
5.733
8.001
6.920
13.779
23.885
28.571
38.044
37.091
29.937
7.110
13.951
23.166
8.441
25.018
41.471
17.746
13.772
32.176
63.570
22.211
40.074
23.564
13.103
15.843
39.798
43.942
8.180
13.788
9.142
4.855
7.031
19.596
37.247
19.270
6.966
8.241
10.185
23.169
48.255
23.106
4.470
12.245
30.113
12.191
5.310
7.416
34.921
44.318
22.390
14.679
5.958
9.327
9.400
5.550
7.031
10.039
4.456
6.370
20.425
14.832
13.348
14.414
25.488
10.525
7.047
7.836
5.624
5.531
9.134
3.862
12.246
35.882
26.798
8.332
16.474
6.139
25.081
15.556
9.198
8.346
13.383
18.241
6.451
21.901
25.564
26.347
21.094
11.800
8.518
10.519
7.052
6.791
7.625
6.132
6.499
5.162
9.359
1.699
14.591
44.429
18.699
5.751
9.338
5.443
11.711
4.872
5.095
7.038
13.390
5.613
3.883
4.149
3.232
4.098
16.998
8.628
3.672
3.404
4.645
6.036
11.948
11.462
7.194
6.484
4.401
10.166
7.859
16.701
26.790
14.208
6.437
21.247
9.806
30.041
6.973
3.581
29.609
12.572
15.896
29.201
14.244
27.739
16.302
13.744
25.588
10.845
3.780
3.262
3.049
4.266
7.130
4.479
3.309
4.236
21.959
15.666
4.752
6.509
5.756
7.312
16.086
7.361
5.302
5.060
12.124
6.063
4.968
6.623
12.531
2.772
9.867
12.885
64.583
26.376
8.315
11.143
4.976
4.093
11.852
10.567
27.643
48.882
15.504
18.081
7.555
17.441
13.408
16.811
50.619
8.113
17.561
12.717
4.729
10.741
19.442
19.932
18.333
20.122
23.641
55.721
4.412
9.450
0.573
8.398
9.414
13.934
8.647
17.506
14.993
5.814
16.249
12.600
37.247
40.842
8.690
4.666
0.508
0.244
2.626
0.542
0.340
1.332
8.477
7.014
9.033
32.243
4.587
8.128
5.922
7.555
6.142
2.786
4.456
5.727
3.863
20.966
51.984
17.516
16.406
12.794
17.140
12.051
25.913
22.999
2.378
2.123
0.999
4.618
8.138
9.696
4.346
2.302
1.792
2.879
6.175
10.295
13.032
9.465
7.393
8.611
11.567
5.730
3.016
5.751
6.293
9.857
4.657
13.235
6.939
4.738
5.806
3.056
1.013
6.338
7.845
7.824
14.311
10.763
7.067
9.771
4.724
10.583
9.505
5.649
29.220
11.046
6.705
6.533
3.955
5.098
7.417
5.488
10.355
29.200
25.313
20.658
10.942
4.848
13.053
83.786
64.661
10.092
9.108
10.828
16.184
11.896
19.820
12.394
2.225
6.183
6.695
5.244
10.573
13.091
4.820
12.013
9.483
12.308
3.983
5.867
1.842
0.061
0.807
0.014
0.027
0.000
0.010
1.010
3.443
12.849
13.039
9.263
8.602
7.773
8.400
9.912
15.702
13.812
12.337
8.995
15.676
5.073
3.349
11.400
12.675
10.790
19.015
8.878
8.104
11.033
6.072
10.969
5.354
6.482
19.463
13.985
11.745
7.603
8.568
12.984
15.575
15.335
24.002
11.089
3.521
14.941
12.677
20.361
17.472
23.137
18.360
31.515
47.995
5.792
5.936
8.617
6.135
6.724
3.040
7.035
10.633
6.890
5.016
7.467
14.277
5.521
4.360
2.805
13.006
21.760
42.392
21.921
7.881
8.868
8.362
12.303
8.846
6.437
8.353
9.944
4.092
12.317
21.659
47.441
18.612
52.249
17.873
20.792
11.372
9.641
7.689
14.983
10.779
15.156
11.462
6.789
29.182
35.711
11.065
12.445
10.372
17.801
40.809
5.517
16.771
26.201
11.984
1.778
2.405
3.050
3.238
1.966
6.025
5.895
20.598
24.031
35.839
8.296
1.773
8.229
7.488
1.593
0.106
1.160
3.100
4.619
3.547
7.649
10.307
2.005
3.526
4.813
3.135
4.752
3.056
5.881
4.666
7.780
4.539
0.000
0.824
0.268
0.000
0.213
2.194
8.020
11.927
5.593
3.519
10.873
8.950
4.120
6.594
0.024
0.690
0.000
2.098
2.053
5.950
0.141
4.199
0.584
2.666
4.132
9.280
0.000
2.252
0.038
3.457
5.933
0.192
3.704
1.262
9.225
2.685
3.897
3.789
2.705
0.000
0.000
1.816
5.014
9.290
2.856
4.340
7.924
18.922
39.764
32.465
21.046
62.251
15.860
4.951
7.907
5.723
7.402
4.206
4.374
5.129
5.294
23.135
17.860
13.961
42.587
41.116
43.269
23.603
19.154
11.196
8.089
6.763
6.660
12.543
21.799
14.610
6.904
2.108
1.900
3.794
9.110
14.650
74.561
21.502
15.410
7.466
6.930
6.497
19.842
34.808
7.500
5.114
2.561
8.945
5.478
15.568
13.431
6.700
13.546
13.819
24.894
15.716
11.412
21.355
20.156
16.430
7.057
7.567
5.423
4.668
9.762
16.823
6.012
7.920
33.459
24.943
8.447
41.250
32.071
6.630
9.892
16.991
26.506
18.673
7.072
5.917
3.543
8.425
25.428
30.552
24.077
23.326
16.133
6.485
15.257
5.641
4.772
2.297
4.625
8.386
5.869
3.111
3.837
10.693
3.136
3.504
6.697
6.266
12.027
6.760
2.661
4.015
4.352
3.688
5.596
3.943
2.498
0.000
1.293
0.007
0.000
1.081
4.084
5.400
0.014
7.670
0.000
0.000
0.007
5.376
11.294
14.811
5.313
7.141
5.370
1.459
2.506
5.267
2.747
7.337
10.146
3.238
3.172
2.128
5.273
0.275
1.214
2.301
4.922
0.393
1.008
7.577
5.566
5.974
7.230
1.909
7.552
0.007
5.064
16.701
10.085
2.232
6.921
4.434
0.493
2.460
4.803
8.391
6.381
13.106
0.969
0.789
2.165
2.859
2.486
6.235
4.304
5.672
6.827
6.873
3.979
7.998
4.391
5.648
7.035
4.711
3.557
12.995
8.299
14.789
9.210
13.578
28.420
24.766
1.245
7.970
3.765
6.920
17.788
19.389
6.575
3.692
8.226
18.339
50.832
6.609
22.451
18.919
15.494
17.413
29.138
6.861
7.454
28.077
13.656
1.723
7.093
6.897
38.521
15.230
23.360
16.524
5.205
7.993
41.024
9.362
18.200
46.458
8.655
6.386
12.250
19.441
6.454
16.445
29.419
12.586
19.514
11.903
13.836
34.521
34.993
37.638
6.077
8.044
15.137
9.318
22.110
27.531
14.001
23.645
16.363
38.607
43.715
43.053
11.450
10.492
13.692
4.940
11.364
14.214
9.386
14.220
5.246
6.949
4.522
8.902
7.361
11.450
21.959
12.682
13.623
7.605
17.472
43.660
18.632
10.616
60.085
7.666
8.945
20.568
14.680
3.427
2.650
7.680
2.961
6.785
4.096
5.157
8.066
4.501
12.143
6.283
5.748
5.067
3.574
3.674
8.846
13.129
10.787
6.655
6.606
5.157
6.202
7.651
4.627
0.000
1.298
2.661
8.937
10.118
12.500
15.065
20.373
15.158
12.366
5.026
7.697
5.603
1.030
6.379
9.191
5.318
12.572
12.559
4.506
2.503
4.903
14.567
11.426
8.779
8.559
15.350
16.558
10.423
7.505
6.327
10.169
6.442
5.124
4.815
11.251
6.611
6.128
5.919
5.177
3.289
9.167
5.462
10.087
6.310
11.898
15.712
7.904
10.147
16.898
9.392
16.395
11.980
6.834
3.771
19.096
16.637
13.065
8.278
5.773
9.546
4.170
5.764
19.207
21.077
14.490
9.946
4.523
3.526
11.165
10.550
21.525
13.487
16.435
20.620
12.300
20.146
10.744
7.218
5.033
19.080
9.805
10.598
8.544
34.174
32.734
16.649
9.047
5.844
6.113
6.454
7.965
3.869
5.543
7.454
15.156
18.385
29.823
9.410
45.561
12.893
3.124
3.893
5.352
9.762
39.657
36.907
8.475
12.500
15.367
16.861
15.456
9.996
14.868
12.518
6.206
12.059
9.721
4.702
10.643
31.793
8.746
15.189
11.089
8.394
5.291
6.298
7.713
30.842
13.743
44.157
9.994
27.682
31.663
8.629
6.669
6.385
16.842
12.452
7.770
21.710
12.838
34.327
67.690
8.587
11.545
8.077
8.144
4.034
7.932
4.908
6.846
6.496
6.499
8.260
3.567
5.734
8.800
10.825
49.852
28.671
8.971
5.672
10.986
11.724
26.740
10.504
9.515
19.940
12.281
11.532
18.253
10.143
11.997
12.923
10.111
6.152
11.462
13.276
30.070
34.615
18.333
8.020
5.800
8.569
8.633
19.453
15.796
13.585
17.554
4.539
3.334
5.761
8.820
20.242
11.553
13.366
3.416
4.103
5.364
14.025
8.508
4.637
18.565
8.137
8.439
17.540
8.679
37.824
13.530
17.424
7.948
5.651
9.002
6.255
3.876
12.119
15.583
11.501
18.162
15.398
10.561
13.973
10.186
13.997
21.923
20.850
15.625
18.206
39.015
48.455
29.031
73.291
7.680
24.997
9.489
35.500
28.537
15.607
21.319
8.296
22.685
18.347
9.129
11.965
5.098
8.777
3.150
10.396
8.552
11.650
5.184
7.980
17.199
12.173
14.164
13.225
23.056
46.028
9.630
16.931
7.618
7.132
11.082
8.764
6.436
4.144
18.572
24.897
11.391
7.950
15.553
13.930
16.335
12.097
8.813
25.440
38.665
69.222
17.509
16.294
12.126
51.725
5.929
24.654
23.076
25.368
27.823
12.370
25.449
11.168
1.342
2.098
8.439
10.379
9.033
7.430
20.950
21.574
40.509
17.564
36.372
28.853
23.952
19.932
21.617
9.726
7.186
11.965
5.957
13.700
6.796
31.211
63.053
33.005
23.006
11.225
19.127
20.997
13.935
9.179
5.425
5.704
4.419
7.979
7.466
8.455
3.905
5.301
8.102
6.274
6.490
21.955
10.653
18.238
20.362
18.610
10.147
6.197
20.423
44.335
4.407
14.153
13.698
6.908
23.487
8.937
5.842
11.030
20.483
38.902
37.587
45.254
39.213
35.726
10.166
7.203
4.817
12.429
6.487
22.695
30.221
35.491
22.201
29.487
7.158
13.390
23.463
17.923
5.951
9.271
8.484
9.719
6.286
9.218
3.766
3.509
5.867
0.120
0.000
1.099
8.511
3.289
1.868
10.052
7.368
5.713
4.261
6.338
5.102
7.720
8.305
5.054
5.189
5.109
6.396
9.361
7.931
28.211
14.141
5.109
5.507
11.783
18.735
11.800
8.889
8.906
5.191
4.738
7.879
6.190
1.826
5.194
5.926
10.701
10.008
8.077
7.526
10.066
15.491
50.822
30.525
17.760
24.712
3.823
8.346
8.339
2.633
7.354
7.704
26.159
14.102
2.860
12.232
14.868
5.291
5.678
20.311
29.014
19.479
6.535
9.965
17.500
15.604
7.388
0.960
5.857
3.897
4.268
33.622
51.750
22.101
70.155
5.019
7.148
47.883
10.569
23.256
23.221
29.940
34.791
22.121
11.163
30.554
7.845
5.821
11.707
13.844
9.812
20.090
5.240
2.764
19.317
16.291
10.428
30.281
13.672
9.999
9.728
18.555
18.563
50.127
49.528
16.722
7.371
13.994
34.169
14.275
7.160
9.463
13.158
14.509
28.436
7.895
13.332
46.715
6.265
3.249
7.539
23.269
22.325
11.494
8.478
4.744
2.991
19.389
60.157
21.771
8.075
7.011
3.176
7.060
24.803
32.157
9.181
3.191
6.103
5.194
7.977
22.919
4.223
9.989
28.506
41.068
5.352
5.905
13.956
9.244
14.653
10.815
21.180
19.473
18.852
33.615
12.634
18.539
37.477
6.446
5.979
10.210
15.309
6.453
5.474
17.398
4.724
4.432
10.025
27.124
2.142
6.908
7.879
5.438
7.210
14.550
25.097
20.869
5.349
5.201
5.806
8.871
3.962
4.789
2.661
0.553
0.010
4.652
2.657
5.565
1.301
5.045
4.171
4.681
8.286
8.506
13.839
13.681
3.531
6.281
7.920
12.236
19.415
9.510
35.963
7.412
12.940
6.709
7.817
5.895
7.611
1.995
4.745
3.959
3.646
2.894
1.662
3.032
1.978
3.275
5.898
5.136
8.017
8.260
14.059
12.868
28.808
49.899
12.239
44.733
7.182
7.735
6.743
5.395
11.790
44.356
17.879
29.026
18.114
9.925
5.771
2.604
4.868
6.063
4.999
9.455
3.625
10.367
22.160
8.410
3.940
2.674
4.060
3.056
9.101
9.610
11.409
11.876
12.538
3.682
6.595
7.645
14.783
4.340
5.157
10.452
50.638
6.389
5.103
13.613
10.937
5.872
5.910
8.904
24.651
7.586
27.827
4.110
9.494
6.841
7.401
40.382
5.079
9.187
12.471
30.463
70.846
25.662
24.490
13.931
6.801
14.331
18.737
17.448
12.506
8.108
25.135
19.810
56.078
8.066
18.236
2.898
17.724
22.508
24.333
52.291
21.612
9.601
34.404
35.115
12.154
14.914
29.076
27.181
22.367
4.861
9.012
12.442
5.964
3.028
12.097
17.125
17.794
5.548
12.734
13.486
6.269
10.791
18.090
7.584
6.365
48.041
21.750
7.620
3.447
7.172
5.270
7.318
33.604
15.175
5.205
13.992
7.349
9.606
4.690
5.739
12.401
7.296
10.042
4.880
4.204
13.546
4.867
3.663
2.683
2.896
4.877
7.937
2.942
1.962
4.576
6.303
0.045
5.606
0.316
7.316
11.813
1.936
1.308
7.290
8.006
9.433
9.433
5.255
9.153
11.343
0.105
1.792
9.676
3.641
8.817
4.223
7.893
2.223
3.912
8.106
6.460
8.257
6.832
3.459
1.605
11.930
3.644
5.073
10.065
7.811
1.681
3.121
3.104
1.047
4.024
6.540
3.354
0.000
3.699
0.000
8.823
5.744
2.590
4.406
0.024
0.308
2.516
5.461
9.580
6.339
3.054
18.993
14.475
4.999
1.799
24.076
23.605
5.284
14.782
9.713
9.612
4.103
3.919
4.346
4.856
1.485
0.141
1.524
8.253
15.744
10.265
12.033
56.281
39.863
12.408
5.964
10.264
13.160
16.883
15.055
6.109
10.538
4.468
5.934
6.563
4.580
4.487
3.234
4.264
2.501
2.864
10.068
3.751
1.368
3.880
13.968
10.652
6.727
8.568
4.255
9.730
15.458
58.461
66.599
20.830
6.721
7.495
14.318
9.686
11.249
13.256
5.790
16.643
11.165
12.827
6.290
9.134
6.724
6.518
8.697
8.289
27.959
13.455
9.793
15.549
7.316
8.913
22.647
38.332
11.783
5.847
5.380
0.512
0.470
4.529
8.265
7.458
6.300
5.671
0.906
6.091
0.347
0.927
5.141
6.273
7.028
1.514
4.810
7.601
0.628
7.179
6.437
5.241
5.037
5.304
4.070
1.222
5.692
7.045
11.309
6.496
0.896
0.000
0.000
5.485
2.886
7.148
1.634
8.835
11.663
9.723
5.304
5.042
2.099
3.507
5.139
3.571
2.238
3.347
5.420
6.650
8.101
5.212
4.251
2.953
3.934
5.660
5.273
8.246
4.112
3.474
10.489
9.481
7.819
5.364
5.970
5.874
6.521
6.635
4.082
1.648
1.655
4.760
4.638
5.253
5.519
5.243
0.364
1.430
6.144
5.457
11.014
6.472
5.617
1.301
1.684
7.641
1.480
2.841
3.608
7.383
4.044
8.106
7.653
8.197
5.115
4.698
3.612
15.644
14.596
7.084
8.454
8.638
11.366
9.431
7.270
44.179
4.891
13.539
10.382
10.525
36.013
7.800
9.706
16.846
10.813
15.683
12.595
16.570
47.627
8.645
13.673
26.401
34.032
62.251
15.546
9.139
4.194
2.652
18.088
7.653
5.385
5.612
3.068
6.317
9.410
8.934
22.397
12.885
36.002
55.527
16.994
10.425
16.540
28.497
44.898
46.652
19.689
18.421
14.797
12.607
6.278
11.689
27.982
63.063
7.963
3.435
4.233
12.403
8.097
9.006
26.638
33.534
5.236
9.527
21.901
3.338
17.797
24.269
33.381
43.446
3.483
4.690
6.109
14.389
31.136
39.015
34.616
16.661
12.802
24.005
20.831
21.030
7.069
12.451
37.910
4.331
71.516
40.649
5.093
24.549
6.623
5.936
8.041
7.136
7.160
7.677
7.563
19.739
6.106
6.604
7.292
6.408
4.278
7.658
12.530
7.224
7.220
10.413
1.572
6.686
7.060
12.102
7.780
3.292
8.882
4.439
4.063
0.422
2.379
9.328
3.586
4.183
1.339
0.031
3.062
2.747
5.414
4.669
4.199
33.501
16.318
18.091
11.881
7.284
6.643
8.542
3.962
5.756
4.437
1.493
11.773
16.177
9.259
4.032
5.679
4.446
7.690
5.699
3.107
1.875
5.064
5.943
5.006
12.923
6.267
9.165
8.506
7.763
5.359
5.933
13.002
2.283
0.010
2.420
0.786
8.336
5.914
5.280
1.043
3.787
2.036
0.241
4.367
3.617
0.055
1.620
3.758
4.705
3.708
2.396
6.741
4.079
1.279
0.000
6.067
2.659
4.036
4.147
8.578
5.414
3.398
16.780
9.871
10.010
14.310
25.318
63.748
28.570
26.498
6.103
4.810
6.492
17.889
11.712
19.712
3.179
28.987
29.083
1.299
12.966
7.658
19.680
7.986
1.610
8.365
9.265
8.229
9.263
3.432
3.971
2.639
8.265
7.881
4.772
3.569
0.197
3.455
11.779
22.772
55.653
85.261
41.514
12.948
27.320
27.492
22.649
38.862
4.482
3.459
4.925
16.260
8.530
7.150
10.442
18.660
9.211
7.948
6.060
6.633
11.913
6.609
8.501
7.217
6.733
46.984
21.774
16.184
33.749
23.030
23.557
8.961
16.988
22.522
15.867
6.412
8.001
21.348
8.542
12.818
21.907
37.022
8.042
5.181
4.535
7.660
8.538
2.431
6.709
4.496
10.820
15.845
23.912
22.058
55.701
12.098
6.084
10.269
18.569
5.280
7.536
13.791
8.343
18.486
46.783
6.336
14.870
18.253
5.852
6.705
13.029
18.337
22.639
9.737
12.704
9.406
3.941
4.199
4.819
11.851
4.118
3.747
7.663
9.429
7.340
5.074
0.371
1.238
5.791
4.581
11.372
9.021
2.798
2.388
1.672
4.202
6.892
5.714
8.429
10.498
11.375
8.776
6.175
0.324
4.154
14.366
12.686
10.909
2.539
17.468
7.771
17.370
8.418
12.722
23.991
2.745
6.070
12.251
5.593
3.236
7.375
6.087
2.507
5.845
4.496
5.669
8.908
9.776
9.834
10.799
7.444
3.457
7.268
9.749
3.461
4.570
5.284
0.393
5.033
2.729
8.756
10.717
10.578
5.722
1.783
1.654
5.632
12.866
51.210
27.341
12.358
9.628
14.020
21.722
45.138
11.517
38.310
18.103
4.873
13.060
12.366
5.143
5.797
13.544
13.645
10.272
6.707
16.009
15.944
65.887
12.263
10.274
4.415
28.369
8.319
22.989
56.861
6.743
5.723
3.945
7.272
2.966
8.944
12.696
85.989
20.431
8.456
4.910
16.843
17.025
34.466
34.173
10.468
13.142
3.766
20.235
9.074
12.353
12.971
8.741
10.238
10.320
6.012
12.665
1.020
6.578
5.030
7.088
4.346
6.987
7.381
7.520
10.489
9.187
15.772
20.641
29.340
9.527
17.587
23.845
29.141
37.323
44.385
1.682
1.006
5.485
10.034
26.365
14.323
22.021
4.552
24.963
31.630
17.417
32.942
13.420
10.516
3.392
26.848
20.040
17.393
5.009
7.711
5.912
10.760
7.213
3.347
8.120
1.988
3.210
2.175
2.111
1.552
0.783
3.231
5.359
5.977
3.430
0.165
1.181
0.184
12.719
16.562
5.952
4.332
1.467
3.983
5.346
9.611
0.362
1.377
4.358
2.932
3.641
9.383
5.507
5.658
7.507
15.908
10.305
4.439
9.476
4.781
0.628
7.524
1.811
3.560
2.597
2.609
4.770
7.268
9.417
5.239
5.469
3.831
2.585
4.498
5.929
3.117
2.149
2.805
2.795
2.019
1.909
3.595
2.276
5.799
4.829
5.943
0.106
2.383
5.610
5.946
1.136
4.820
22.450
31.222
34.298
6.916
11.405
19.242
11.977
4.355
2.232
3.246
4.834
0.158
0.000
3.334
7.836
7.174
3.866
2.582
3.366
3.813
6.180
19.242
25.636
34.858
7.514
0.692
0.223
4.242
6.091
55.880
41.101
5.644
1.329
6.104
5.854
0.348
1.598
3.672
0.010
3.898
12.701
3.028
10.590
13.215
19.105
17.230
5.790
4.140
4.317
20.222
17.482
32.501
47.546
13.625
18.162
67.504
10.746
16.854
8.653
12.205
18.737
24.699
11.021
8.755
22.640
20.421
9.682
7.302
6.949
32.334
5.126
15.577
16.552
41.659
5.958
9.840
5.503
14.371
33.488
28.540
6.297
4.803
6.111
21.612
9.479
5.043
2.935
1.641
0.287
8.904
7.484
6.503
6.635
5.675
6.551
3.536
8.580
0.645
5.569
2.527
3.595
6.039
12.106
6.760
9.979
5.819
9.249
9.795
5.426
7.569
18.117
37.807
39.633
8.765
8.792
9.713
14.499
2.613
7.536
0.771
5.273
7.587
6.231
9.448
4.051
2.953
0.357
1.068
0.038
5.840
2.932
3.203
4.432
0.000
0.233
0.000
1.236
0.000
0.089
0.165
2.877
6.341
5.019
4.831
4.827
4.285
0.110
0.254
5.569
18.361
3.323
3.337
2.832
3.210
4.597
0.000
5.112
9.132
5.467
6.513
0.007
0.000
5.994
8.367
7.520
13.759
8.887
10.969
26.903
19.429
20.529
12.741
11.582
15.343
13.927
12.106
10.439
4.511
5.661
6.159
7.800
5.885
13.357
16.081
9.841
7.217
9.053
5.557
5.778
6.911
2.705
2.211
1.579
3.021
5.435
6.161
12.075
8.212
24.386
36.051
23.906
9.448
9.788
7.666
19.398
13.510
5.177
18.076
8.707
8.116
22.098
15.281
5.359
3.207
13.554
9.122
10.949
1.468
0.000
9.689
12.627
9.678
11.288
19.494
19.662
24.172
35.925
5.445
78.569
57.050
49.998
51.653
9.029
14.526
6.739
10.392
8.126
69.513
28.185
56.614
23.562
23.971
14.330
28.376
8.054
11.172
6.600
7.508
7.835
18.485
11.399
18.385
17.099
13.240
8.600
25.516
17.446
11.323
4.714
7.855
5.077
4.062
7.208
6.194
18.425
13.433
6.260
5.838
3.498
13.302
12.924
42.373
24.530
5.770
17.597
19.588
17.261
7.151
28.485
31.179
58.444
14.639
11.762
18.818
8.156
8.617
5.541
9.328
22.000
8.676
20.047
17.867
5.279
13.400
10.918
12.358
5.002
10.839
6.533
11.429
6.310
3.509
2.716
5.091
4.817
10.949
4.473
8.113
18.565
7.429
6.513
5.013
6.478
7.249
12.861
13.982
19.053
7.922
10.679
5.912
5.279
4.001
8.295
8.291
5.703
7.026
0.530
1.255
0.793
2.331
0.048
2.731
12.469
4.589
2.388
8.525
11.271
3.780
5.976
3.962
16.007
6.357
6.573
4.786
0.000
5.655
23.775
8.810
4.103
6.561
4.601
8.267
3.842
6.856
0.268
6.681
4.710
4.036
5.409
7.807
15.371
10.157
3.504
6.599
14.413
5.939
11.021
9.088
9.483
8.281
5.129
6.949
2.884
6.073
4.127
7.198
12.379
9.554
54.241
7.663
11.979
4.960
12.061
9.881
6.801
5.955
6.429
3.402
13.760
21.082
10.727
23.028
23.327
6.717
13.019
14.926
24.239
7.560
7.460
30.003
18.660
30.103
23.028
30.799
21.961
42.030
14.152
53.670
17.568
4.810
4.072
4.779
33.965
43.379
12.581
33.103
16.497
27.284
33.251
44.399
14.977
21.121
12.988
12.777
15.520
15.843
11.053
22.752
22.692
12.531
27.466
5.446
12.276
5.379
7.635
17.358
32.868
19.571
9.055
12.655
63.013
12.199
9.893
8.767
9.816
9.529
14.183
29.665
20.795
8.504
34.016
40.739
57.452
16.349
65.268
24.216
7.963
6.398
10.307
38.766
42.525
15.503
7.191
15.095
11.520
11.192
12.394
6.999
6.525
7.357
20.177
7.594
7.014
7.829
11.567
4.017
0.239
0.000
12.964
3.540
3.830
12.939
1.818
4.690
4.286
13.141
11.438
15.194
17.195
5.500
2.329
0.621
0.000
0.000
2.717
2.588
8.997
12.263
14.157
6.709
15.527
10.177
5.320
15.175
6.197
8.865
3.313
14.061
37.771
3.414
6.300
6.615
6.638
7.215
5.629
0.718
1.993
1.377
1.723
2.184
1.097
1.147
0.294
0.137
0.017
5.097
0.618
0.941
0.000
0.117
0.879
2.848
4.879
0.889
2.633
5.660
2.623
4.031
2.613
1.778
12.322
7.867
8.065
6.417
10.125
11.560
11.690
4.618
3.289
4.147
8.408
16.425
9.707
13.489
12.042
6.118
12.463
8.629
22.103
16.980
8.360
14.826
10.669
12.021
3.482
5.043
7.903
11.706
3.995
6.407
3.854
5.087
10.042
7.325
9.957
16.049
12.461
56.786
12.605
7.972
7.121
1.951
7.584
14.241
20.017
60.737
53.246
12.621
6.506
9.653
15.198
6.922
30.602
5.986
3.444
26.311
35.730
56.384
19.348
5.691
10.784
17.397
46.386
24.401
73.816
38.167
25.423
41.853
9.679
36.545
24.063
19.942
8.113
40.914
59.177
33.501
36.049
30.933
22.089
4.326
6.915
6.674
13.136
10.957
13.110
20.641
18.059
3.605
20.987
36.698
50.801
19.456
44.498
34.113
53.524
26.896
12.380
20.872
7.110
20.304
24.939
41.264
24.470
17.228
3.567
10.308
7.766
8.552
8.099
15.439
3.907
7.543
7.747
7.660
0.158
7.117
6.746
7.944
9.816
7.141
6.420
8.628
5.452
4.343
7.682
0.484
3.674
5.538
7.625
3.032
5.596
8.569
9.644
5.742
4.611
18.424
5.236
7.807
2.856
5.148
7.828
39.048
63.930
19.993
6.870
6.247
19.930
26.635
9.002
5.285
4.666
4.247
4.740
3.988
5.889
9.174
6.297
5.637
7.783
7.371
9.174
3.600
7.732
4.242
7.181
5.852
8.808
4.312
6.412
7.159
2.793
3.828
4.655
8.967
2.027
0.553
2.218
2.841
1.198
7.121
2.845
12.397
5.249
4.520
5.317
8.269
5.564
6.051
3.332
3.536
7.828
8.645
34.885
3.014
11.235
9.285
5.297
5.028
5.691
12.521
21.183
15.302
37.644
13.338
9.843
8.029
24.578
7.570
16.993
13.362
6.999
16.924
6.709
10.214
12.227
18.140
11.464
5.163
3.128
2.980
56.980
19.750
7.678
15.302
44.383
23.797
18.836
9.073
15.987
5.622
34.672
41.319
22.925
15.127
44.786
13.379
15.214
10.765
9.734
8.624
4.018
13.640
15.863
4.920
18.965
25.119
65.332
13.862
5.879
25.687
7.379
13.951
35.912
23.029
11.736
17.594
6.115
11.510
48.470
13.352
14.885
69.499
56.033
62.315
46.910
17.228
6.742
6.377
11.245
9.392
6.607
9.422
9.204
10.682
10.435
10.770
6.461
4.051
2.441
11.146
12.706
8.307
11.266
30.799
3.643
4.758
8.740
9.143
8.984
9.424
14.845
8.463
8.696
16.893
12.500
14.495
6.321
35.224
14.832
10.004
8.560
9.701
16.286
7.726
17.281
4.753
6.004
7.968
2.798
2.602
1.401
8.176
6.118
0.252
4.976
6.778
4.175
2.544
7.359
3.986
10.025
5.373
6.988
11.225
9.785
23.016
46.603
20.984
29.455
15.647
10.962
9.974
10.502
13.115
4.518
5.337
3.250
3.260
8.957
8.061
7.660
5.150
10.983
0.539
11.778
7.237
9.077
9.623
2.838
6.760
2.867
2.094
2.367
5.040
7.110
12.227
13.625
15.892
3.083
5.778
4.326
3.725
10.852
16.126
45.022
4.642
2.359
8.794
7.151
9.359
2.458
10.252
8.698
3.701
9.750
13.589
14.083
8.123
7.153
7.066
20.953
24.572
12.840
10.907
12.028
9.888
2.719
0.601
3.811
7.423
5.854
5.867
2.620
4.329
2.341
7.503
106.011
41.992
3.203
5.136
11.810
14.179
8.381
15.583
16.220
4.432
4.350
5.984
10.834
11.227
29.816
6.760
3.828
16.289
12.166
33.977
15.944
19.442
28.206
24.225
13.419
9.151
9.792
12.647
0.208
11.148
13.314
41.618
23.095
39.618
9.601
3.949
5.548
9.761
7.587
19.942
5.581
5.031
64.007
42.127
12.619
29.905
37.218
7.023
12.073
17.406
13.611
22.098
8.293
8.676
4.491
14.864
17.944
46.703
65.832
68.196
36.274
7.052
7.710
55.625
26.377
5.099
6.066
12.772
9.755
6.616
4.973
15.551
8.303
21.509
9.350
4.891
12.972
68.871
27.952
30.031
61.419
20.889
9.055
8.277
43.677
7.763
8.365
4.629
8.744
6.279
7.376
7.888
10.042
4.468
6.859
1.097
4.604
4.700
8.696
8.487
3.323
9.947
20.687
11.663
5.404
10.185
8.983
14.919
9.827
8.005
3.171
4.688
5.122
0.690
5.157
8.705
10.183
14.164
13.318
19.052
8.140
7.249
3.971
8.333
10.303
1.351
5.600
7.784
0.000
6.192
6.353
9.531
1.926
3.056
8.777
5.174
1.627
5.521
9.045
5.311
1.370
12.099
3.907
4.199
5.198
8.508
6.053
13.929
32.657
6.664
11.827
5.253
3.553
4.281
4.511
17.424
30.612
12.404
9.726
2.159
4.535
10.485
15.168
17.324
5.297
10.440
7.950
0.906
13.949
6.800
6.236
5.481
4.765
5.426
0.549
6.455
6.388
4.813
7.613
0.211
1.336
0.848
9.371
5.921
14.325
27.006
41.243
62.323
6.693
7.175
23.945
14.119
18.330
13.753
16.322
27.413
27.718
29.090
21.852
14.921
24.764
7.526
5.006
8.240
28.750
44.620
21.691
9.596
15.355
7.186
15.084
14.413
8.738
9.189
27.246
4.336
5.328
15.604
35.180
56.892
19.799
8.992
5.236
10.557
21.634
16.023
38.378
16.909
8.861
16.729
17.540
12.626
16.523
17.633
13.002
15.871
37.172
24.831
14.153
14.178
0.766
5.881
5.733
6.146
6.302
4.725
6.600
15.285
17.729
10.656
9.718
10.055
5.453
4.738
6.211
10.372
6.619
1.576
3.924
23.476
24.383
12.971
2.043
8.429
5.672
3.547
10.138
12.572
20.383
54.884
9.699
6.767
7.423
10.180
7.352
13.441
15.535
5.960
7.292
22.017
4.556
17.667
5.778
17.879
16.037
1.751
2.111
6.698
6.595
11.029
16.552
17.214
6.722
13.688
18.024
9.558
9.268
9.538
3.426
6.365
8.384
9.208
17.221
16.462
5.215
4.000
1.502
12.655
4.084
10.856
12.415
7.133
18.148
8.631
36.811
28.652
15.614
7.891
4.061
18.244
18.051
36.127
8.125
8.399
10.205
25.481
3.289
4.976
6.097
4.440
5.857
0.746
2.527
3.652
9.469
8.784
8.019
4.728
3.308
3.769
3.528
8.723
10.562
9.372
25.383
9.198
14.911
5.098
6.259
2.908
2.379
10.708
18.670
38.420
13.788
9.671
10.629
6.887
6.468
6.626
6.587
3.577
55.210
43.372
9.167
37.457
4.782
15.800
37.498
36.406
10.866
24.877
49.274
20.156
23.858
30.765
12.902
8.569
21.885
9.857
47.293
32.427
19.870
18.620
36.401
5.882
7.189
15.333
38.514
24.924
18.016
4.252
1.825
24.596
38.596
16.555
21.537
2.182
9.922
5.689
24.635
25.990
29.299
35.098
25.289
15.269
32.199
15.546
12.016
26.642
56.583
47.456
28.982
32.225
72.501
37.779
27.637
55.877
13.999
8.813
6.039
6.783
32.293
14.766
34.508
30.010
7.800
11.530
3.226
0.027
6.108
9.065
5.356
4.307
20.293
8.780
5.263
9.302
6.698
20.462
18.279
32.283
16.236
14.785
26.728
21.830
34.243
6.070
4.958
10.279
3.452
3.234
7.611
5.699
6.448
7.158
7.536
5.524
7.335
8.664
6.647
6.324
4.130
4.158
3.931
9.053
0.055
0.000
1.045
1.166
5.579
4.619
7.812
6.866
2.709
6.829
7.617
2.635
11.951
7.569
4.144
3.428
4.089
5.780
5.723
1.792
4.604
2.592
6.937
0.426
5.043
8.169
22.115
22.608
10.982
30.135
16.148
6.662
0.848
5.929
7.656
0.062
5.579
4.269
6.248
3.577
10.562
12.387
4.068
7.496
0.000
2.966
7.792
7.672
9.584
10.920
9.345
8.590
5.517
12.162
8.851
4.348
5.993
38.135
32.518
4.678
13.678
9.651
9.951
8.327
9.994
3.459
24.201
5.369
8.926
3.181
9.546
13.628
7.975
5.634
7.440
18.448
24.902
3.782
17.621
12.658
14.183
4.740
23.215
22.280
10.920
30.707
20.852
22.242
6.744
3.977
5.528
9.943
4.563
0.556
17.242
18.751
21.859
23.574
4.187
3.346
4.125
3.365
7.884
27.250
21.947
12.262
13.832
20.314
28.199
21.353
16.061
5.215
6.698
2.223
9.196
6.345
7.198
10.933
20.053
54.286
16.530
111.077
3.277
12.112
25.552
7.891
7.067
5.176
8.105
10.823
9.460
39.942
26.657
5.595
6.645
7.599
38.433
41.913
41.456
24.463
8.972
36.938
9.869
8.538
18.836
24.439
14.011
8.540
6.568
7.187
9.935
43.063
5.877
20.317
3.292
17.341
26.254
23.538
3.910
8.149
8.853
26.232
30.436
28.382
22.622
3.674
8.288
4.710
4.422
5.936
3.069
2.472
3.797
12.645
25.353
13.769
9.874
9.606
39.547
21.595
9.081
4.649
7.086
0.154
5.390
6.698
5.871
3.868
1.287
6.728
7.582
3.492
3.684
20.105
5.177
11.387
11.706
14.397
11.060
12.955
4.983
10.212
3.203
11.913
16.684
12.677
4.645
6.106
4.717
7.848
23.149
68.798
13.923
8.250
6.713
6.468
11.396
0.021
0.000
0.000
0.000
0.355
3.058
2.715
6.562
4.678
8.897
12.813
1.868
6.480
6.884
5.057
10.665
3.419
8.835
6.751
4.679
0.278
0.218
1.039
0.017
3.045
8.744
1.415
2.275
4.309
2.335
2.628
14.492
9.465
30.914
22.488
36.439
15.084
31.943
71.681
7.993
6.333
31.967
8.339
7.369
12.815
7.098
21.147
7.577
56.377
14.160
29.842
28.786
9.615
20.860
13.704
5.670
6.408
16.425
18.304
14.399
22.937
17.281
42.492
42.306
23.559
24.459
21.244
8.381
5.861
5.491
7.527
6.489
3.984
15.301
5.703
18.444
15.255
30.129
31.162
27.949
23.238
28.629
83.446
13.732
21.876
22.976
19.215
21.017
21.949
16.847
44.146
6.005
13.002
7.261
23.308
33.637
18.996
14.955
8.811
7.618
13.778
3.732
8.930
21.650
9.196
6.406
23.641
20.088
19.267
39.304
29.776
4.140
8.576
7.890
26.522
27.135
27.411
34.679
15.280
20.297
12.696
10.798
43.166
13.831
14.184
10.894
6.911
12.322
6.372
3.402
3.797
0.992
0.580
8.542
5.524
14.090
9.970
8.916
4.690
8.655
7.174
2.312
18.172
10.422
6.437
10.605
6.067
6.376
8.830
6.386
2.630
1.069
1.210
2.309
9.678
6.532
7.711
2.647
12.372
5.430
2.568
5.687
15.817
6.865
25.653
19.573
15.618
15.441
23.912
15.189
21.295
50.618
7.060
6.528
22.268
31.375
3.818
9.016
6.453
5.823
6.745
7.220
12.260
6.436
7.675
3.334
9.774
16.519
19.683
21.986
15.590
9.756
17.533
12.088
12.243
10.660
23.265
33.870
28.755
19.614
20.127
22.163
6.714
8.368
25.277
20.381
27.177
7.970
7.776
9.522
4.968
9.404
5.914
12.224
21.222
10.545
3.782
7.184
29.021
17.001
5.172
5.864
6.730
8.949
8.008
13.204
29.152
14.849
8.724
6.801
32.968
7.050
17.044
15.676
19.134
36.420
16.576
26.106
22.131
3.219
1.840
11.294
66.268
33.385
6.496
16.569
53.950
9.191
46.163
31.672
74.659
11.302
25.821
54.242
7.206
9.201
12.820
10.168
21.470
68.280
11.910
14.141
6.794
21.334
8.727
12.778
5.517
6.305
9.584
26.465
6.537
49.984
7.536
12.893
5.188
8.331
8.578
20.469
25.339
9.455
52.223
47.528
4.093
5.739
8.231
12.076
22.620
2.549
12.427
54.821
11.766
3.086
8.363
15.232
8.998
57.498
12.420
4.116
7.569
17.858
11.458
5.975
3.715
9.271
6.465
9.646
11.659
3.897
3.377
7.192
15.369
9.385
19.599
30.328
6.995
10.525
7.981
17.438
12.873
31.582
33.299
11.005
7.987
8.690
3.663
7.852
5.335
16.204
25.111
23.092
11.554
7.330
5.349
4.820
0.093
1.555
6.952
4.662
6.700
10.221
12.203
31.792
18.205
13.568
4.755
5.102
3.330
14.186
20.630
22.906
25.911
5.043
1.152
2.517
11.512
7.076
8.344
16.191
9.513
10.597
2.953
0.944
1.164
3.965
1.719
8.235
6.292
7.955
7.887
1.767
20.387
43.363
15.902
14.482
29.830
13.877
11.877
15.051
20.843
28.065
21.788
23.583
12.045
21.749
5.658
11.683
16.526
2.868
5.442
8.861
6.490
10.623
31.083
7.670
5.278
12.068
23.549
8.432
37.638
6.976
6.075
4.832
7.563
47.843
36.864
8.403
26.196
75.155
5.037
4.207
12.732
13.069
14.168
4.889
9.101
22.779
8.602
16.498
16.075
9.477
7.514
8.355
37.743
31.019
7.038
5.928
6.017
8.940
10.897
14.869
6.593
8.605
4.302
3.236
50.602
10.662
13.506
15.522
34.288
21.372
17.072
8.290
3.268
11.323
43.638
31.218
60.481
11.647
24.450
21.415
17.790
68.688
12.523
45.241
9.793
19.957
27.758
48.196
29.328
6.935
13.105
15.448
3.725
29.376
13.561
9.280
17.340
11.481
7.843
8.628
5.067
9.850
75.023
48.299
13.915
32.437
17.739
16.068
15.448
29.471
21.811
49.353
53.122
36.111
6.327
15.903
13.544
14.172
11.223
6.108
4.007
19.054
11.882
14.629
22.831
44.484
13.304
15.975
9.414
6.170
8.645
8.528
24.012
9.840
25.667
19.178
22.615
31.601
36.399
26.814
21.107
19.758
30.872
4.377
7.330
4.334
7.625
4.834
15.628
17.356
45.612
19.344
13.606
10.799
14.924
11.716
10.878
10.428
26.601
9.138
25.212
22.440
15.352
12.636
6.106
4.846
7.859
8.482
4.559
11.704
3.100
11.730
3.086
10.696
8.763
23.269
24.434
38.760
16.542
6.787
5.762
3.236
18.505
9.378
11.082
10.648
10.815
10.433
10.775
10.149
9.967
8.985
12.614
26.534
32.288
42.570
22.161
32.647
9.917
43.423
29.689
53.067
13.386
31.174
53.658
17.013
8.662
10.557
6.115
19.082
22.673
24.754
29.660
12.586
43.691
9.483
13.626
6.877
11.543
18.780
6.132
20.881
14.021
45.593
19.176
16.040
43.135
49.372
20.356
20.764
13.170
4.549
15.003
2.393
9.764
53.438
5.744
4.504
18.201
11.003
10.356
46.376
5.145
8.691
19.429
16.208
19.211
16.414
7.184
48.853
33.761
11.864
13.117
33.972
19.945
13.132
31.532
14.337
9.551
18.979
17.664
6.025
5.986
13.880
28.115
41.542
17.563
14.329
15.579
12.365
21.698
27.232
34.277
20.004
15.470
9.979
15.676
10.042
10.628
6.927
8.390
27.044
21.380
37.750
57.457
9.471
10.164
9.035
16.536
27.722
64.822
41.882
46.975
21.329
65.075
7.797
11.228
9.278
20.900
6.475
29.730
12.416
7.495
15.412
6.214
10.372
3.181
5.287
9.283
12.523
27.950
7.388
5.304
7.893
1.802
0.154
10.461
21.145
14.691
7.567
4.171
19.631
14.190
4.326
11.512
12.111
10.444
15.597
45.298
52.051
7.974
3.819
6.188
12.694
33.615
16.599
11.775
49.840
19.109
12.526
11.088
13.244
12.332
7.030
16.047
39.724
30.461
12.457
60.011
41.434
19.466
10.284
12.627
9.491
28.015
22.718
6.072
17.286
12.262
25.536
40.558
39.372
11.240
8.162
18.654
12.581
7.634
3.229
24.908
77.237
6.091
28.702
17.043
34.428
30.460
9.833
29.176
69.605
23.215
36.049
23.650
8.703
19.133
14.983
10.729
16.112
41.209
7.148
16.112
42.534
18.867
9.960
28.278
20.592
17.911
21.176
21.770
41.339
43.945
14.176
17.485
11.560
5.541
51.529
28.657
63.858
54.987
75.418
60.342
16.153
77.739
47.827
54.581
49.614
23.281
8.187
12.234
5.960
6.650
15.525
30.123
14.952
25.059
8.926
3.296
10.010
27.212
23.641
27.102
19.463
73.183
14.021
12.396
15.731
19.940
15.412
6.674
17.832
16.270
24.489
10.361
14.965
39.546
24.808
48.687
10.293
6.400
17.393
59.354
37.834
65.705
14.083
23.655
23.126
19.399
70.177
15.518
15.546
0.076
7.491
5.406
4.072
32.073
13.208
31.641
35.170
18.907
10.118
29.309
7.632
6.200
30.425
19.775
12.600
14.246
7.424
21.334
39.563
40.897
47.650
18.843
4.728
0.000
8.327
4.824
16.265
23.087
12.243
7.817
14.784
30.930
7.122
12.986
33.040
13.853
16.394
39.356
3.914
47.577
18.085
19.123
9.318
18.639
34.133
21.671
0.596
9.512
6.255
1.281
11.379
13.432
7.551
9.737
28.135
27.826
17.565
3.033
11.061
4.134
9.409
7.886
2.355
11.813
11.486
4.211
11.013
7.973
7.443
8.571
6.381
17.111
6.103
22.793
15.408
14.244
6.238
8.399
11.165
5.023
11.549
4.782
5.495
6.197
12.988
2.070
17.870
7.610
21.049
9.658
5.442
6.626
2.458
13.082
17.587
7.991
22.223
10.277
14.330
22.534
25.071
13.942
32.188
13.524
19.573
17.491
20.737
11.465
28.643
10.131
14.576
10.686
19.286
49.493
12.909
10.495
33.749
7.388
4.333
0.045
8.219
4.202
8.338
7.649
2.365
9.179
11.185
14.723
51.797
75.102
31.033
12.116
13.549
21.502
18.598
31.517
5.644
1.672
12.301
7.636
10.835
6.647
11.103
8.044
15.257
25.619
60.229
31.531
11.079
8.295
20.249
9.527
0.165
16.330
66.455
17.465
16.479
21.231
24.160
5.050
9.060
83.064
46.870
7.908
7.752
13.723
10.046
27.534
26.662
7.320
20.431
4.079
26.947
83.132
17.654
13.103
30.798
20.650
23.892
44.776
27.940
38.823
4.808
7.127
17.261
11.987
64.529
21.787
17.467
18.237
56.882
71.615
6.123
6.633
18.335
7.788
12.730
7.939
19.519
2.768
5.219
33.409
19.453
9.853
11.855
6.935
4.570
9.210
4.281
6.846
5.716
11.340
15.803
10.990
11.793
6.709
17.424
5.785
0.000
3.186
8.768
16.710
15.075
53.733
33.821
64.023
12.082
15.542
8.782
10.557
20.970
10.028
8.302
7.948
6.324
2.807
1.555
0.034
0.010
0.189
1.559
1.174
4.029
9.139
7.478
5.507
6.163
1.023
2.075
0.182
0.082
6.777
4.904
4.657
7.960
7.141
0.000
4.928
4.429
10.828
13.321
14.021
20.017
11.297
17.592
7.536
0.000
0.000
1.318
7.421
0.109
4.922
28.171
14.004
18.429
8.104
12.319
10.008
3.883
8.360
10.765
17.652
10.662
4.960
0.948
10.475
10.018
36.960
21.121
18.454
7.977
6.537
21.499
17.323
2.680
12.813
15.298
38.469
7.124
13.582
6.283
17.235
11.980
27.030
24.256
11.649
8.207
9.962
103.757
7.246
4.848
21.870
59.007
15.436
19.535
19.367
46.287
6.866
4.987
5.732
14.378
4.254
20.119
9.314
7.529
22.017
29.552
32.944
64.564
23.312
45.741
25.399
13.015
25.687
39.413
13.065
27.562
17.013
8.537
20.467
63.750
21.653
11.173
7.364
9.295
17.739
15.886
3.035
4.683
17.307
14.032
19.157
68.786
31.172
23.286
5.802
6.267
22.151
34.724
14.512
6.523
11.000
8.113
20.120
32.262
16.569
11.906
24.645
18.721
20.538
7.069
14.171
11.972
23.236
7.993
15.793
40.797
9.143
43.499
26.467
56.267
63.831
25.660
15.992
25.517
8.956
31.593
16.560
51.974
9.524
14.521
4.072
8.899
5.455
7.012
5.069
8.607
12.517
17.377
22.735
19.066
10.404
13.875
20.332
40.229
6.353
27.945
34.708
35.228
11.304
24.878
8.193
8.156
11.343
15.577
5.004
10.483
24.680
6.894
11.221
25.425
27.919
9.268
43.050
37.424
13.091
13.441
8.005
33.213
25.703
24.554
18.316
34.682
61.479
19.624
11.778
7.488
3.691
4.419
7.508
4.321
7.217
12.799
23.777
16.256
40.572
32.327
61.273
12.978
27.819
66.227
38.765
4.051
12.308
18.838
14.773
10.990
24.541
10.502
13.850
20.692
7.890
10.475
8.928
23.047
19.847
39.750
78.727
25.746
10.070
14.989
10.403
23.490
44.127
20.950
19.104
14.674
14.523
17.685
14.842
46.096
8.964
43.286
29.347
10.540
17.111
13.043
23.899
19.669
12.761
36.687
28.966
31.963
8.250
25.196
26.168
15.278
21.973
22.223
23.830
23.459
13.992
10.921
23.291
25.660
45.463
28.832
20.354
13.438
14.842
32.354
13.271
42.124
23.870
24.462
27.946
13.913
9.744
7.682
9.905
8.300
19.167
26.534
13.704
9.974
21.635
44.949
4.348
10.408
8.114
17.360
8.945
21.379
9.285
17.166
19.188
14.837
39.795
8.336
7.138
11.362
10.293
27.390
1.892
9.891
4.872
25.821
56.089
27.521
18.921
25.475
34.854
57.792
43.132
20.438
22.213
25.214
7.529
7.272
12.051
16.562
24.036
7.661
14.976
7.999
9.057
6.987
32.701
23.761
10.111
44.141
10.760
6.585
32.520
9.472
8.758
42.558
42.023
27.250
16.819
20.884
8.954
19.161
19.899
72.925
4.165
11.409
11.591
49.679
5.680
1.215
6.496
9.318
12.524
25.720
20.342
11.635
23.272
8.957
8.367
3.574
18.735
21.574
43.674
21.102
32.461
5.088
8.442
17.849
20.788
19.085
21.521
14.684
14.231
12.394
9.764
34.397
18.848
14.541
14.102
15.221
14.986
14.773
6.351
3.147
6.987
15.894
13.400
4.513
13.743
13.415
16.227
12.169
8.669
7.236
14.789
13.558
12.305
7.948
12.217
14.111
6.703
11.065
9.138
62.095
17.039
22.821
0.209
3.368
7.402
10.530
5.699
5.294
4.412
29.296
38.816
12.480
17.128
9.690
10.264
2.892
11.699
0.481
8.633
16.825
14.586
9.980
25.560
23.373
2.360
2.850
2.134
0.002
0.000
1.032
20.744
23.861
8.617
14.962
18.600
19.779
3.169
8.262
37.352
9.295
2.046
38.004
37.594
56.672
27.461
29.823
30.810
31.500
28.048
15.300
2.429
2.760
45.705
34.058
22.450
2.666
1.076
3.148
4.506
15.041
31.472
32.241
5.047
33.689
1.102
7.917
6.303
0.831
15.019
22.400
15.932
1.358
21.799
2.623
1.639
11.560
14.650
6.042
47.619
20.919
38.414
31.139
17.849
98.987
26.053
21.372
61.659
10.440
21.801
23.360
0.196
3.687
2.396
0.251
0.645
11.615
35.558
31.936
1.361
8.334
19.487
25.808
22.683
42.715
10.943
16.431
38.614
0.865
10.756
12.380
7.292
0.268
3.605
5.509
35.053
26.807
33.333
17.293
26.261
17.846
35.211
21.756
24.980
60.648
55.289
20.503
8.171
31.920
42.615
12.191
11.161
26.736
2.647
0.000
18.378
24.266
27.710
0.347
19.518
20.290
13.517
33.151
35.900
9.249
10.279
17.891
24.513
30.360
26.460
5.644
0.132
6.753
5.749
21.152
24.067
0.869
18.320
11.882
36.794
18.989
13.760
16.469
56.796
35.367
14.602
12.445
13.987
2.949
2.221
33.464
60.033
14.502
18.776
12.899
18.560
22.649
27.198
13.139
22.024
21.399
16.170
20.304
26.400
23.597
6.015
25.600
3.529
29.567
28.678
4.003
24.424
2.764
6.077
18.780
3.701
1.620
14.128
13.530
13.259
12.130
43.063
23.645
23.042
13.771
30.813
34.698
15.051
0.158
27.859
34.566
32.217
8.961
22.821
5.449
2.396
43.406
21.822
17.767
11.197
26.017
2.338
30.830
28.238
56.573
12.545
15.779
25.227
17.087
33.591
30.554
37.141
48.062
2.232
13.199
13.527
18.357
19.707
32.914
8.264
13.681
49.727
25.051
8.875
59.292
9.546
10.382
1.191
1.981
0.003
0.000
0.000
13.396
35.053
28.849
20.785
25.432
13.379
16.756
13.235
3.619
9.524
19.171
0.034
6.724
23.640
30.693
53.016
28.513
0.268
0.000
4.340
0.446
6.269
18.816
19.600
4.369
6.374
11.100
15.546
9.484
25.248
14.281
5.620
0.566
18.684
27.576
13.148
6.767
0.889
1.634
4.978
26.786
16.970
17.068
10.569
26.611
3.777
11.537
12.145
30.254
4.934
17.058
20.859
3.505
1.974
10.938
16.229
24.036
8.729
11.644
22.769
16.380
7.297
9.967
17.116
17.001
14.365
17.609
8.405
12.777
11.340
14.282
40.801
2.973
19.873
8.509
15.180
3.165
8.494
6.242
21.784
13.733
5.184
15.242
5.498
20.431
22.915
21.358
9.979
22.999
5.449
5.696
7.086
7.828
20.512
5.294
19.044
24.180
26.360
8.212
5.222
22.124
22.900
30.096
27.934
24.652
18.110
6.042
11.016
8.727
4.149
16.334
30.794
20.314
9.132
8.504
8.199
5.503
3.938
12.687
11.776
8.027
5.775
8.974
12.195
19.370
19.727
15.831
8.319
61.542
15.853
5.855
3.825
28.436
30.444
13.249
15.117
22.366
5.974
0.000
9.107
2.585
14.553
3.474
13.247
7.004
0.100
5.929
18.783
6.063
11.028
23.535
21.439
18.828
24.517
12.262
14.474
14.409
10.979
12.109
7.546
20.695
13.867
21.890
17.403
38.287
42.349
22.652
26.065
7.292
12.059
14.232
14.438
0.230
3.686
19.092
24.244
10.636
2.063
13.558
7.316
17.279
9.596
9.913
35.917
8.272
20.344
35.929
44.780
25.200
29.857
49.976
12.511
1.500
14.492
25.210
10.427
12.425
17.365
10.190
33.174
6.398
16.708
36.687
51.085
37.450
24.335
31.565
43.623
32.789
23.837
35.939
42.546
33.768
14.399
37.331
24.009
29.285
39.729
18.890
18.546
8.257
25.629
29.364
19.770
3.028
40.351
25.299
16.376
23.861
1.710
29.158
36.519
9.435
33.596
19.655
19.978
22.776
0.312
12.318
33.910
15.714
26.714
5.253
3.567
25.299
26.800
26.711
38.133
14.979
23.459
23.150
21.238
2.372
18.114
14.255
36.753
36.773
16.114
25.986
12.509
25.148
31.730
20.144
7.124
40.897
24.984
10.988
12.047
23.016
8.823
39.238
5.586
15.096
27.833
17.194
23.892
9.304
8.281
19.614
35.287
36.282
10.513
12.868
19.748
16.847
2.105
36.536
45.504
22.876
41.437
44.968
9.307
18.739
12.957
38.102
87.388
23.727
29.203
37.856
16.929
14.502
26.381
67.041
39.355
24.908
8.137
11.203
19.566
22.100
27.435
17.115
26.827
18.454
20.373
6.379
18.260
54.856
40.268
21.557
10.325
5.198
20.510
20.589
1.250
24.038
14.825
20.091
25.045
20.091
14.320
21.482
28.118
33.069
10.018
13.896
6.705
23.828
3.385
0.292
21.918
20.325
14.965
26.937
29.375
18.541
142.702
47.217
15.082
21.756
1.428
16.727
21.284
30.394
22.848
28.039
9.761
25.615
19.278
15.171
17.547
7.649
10.550
10.063
13.836
41.168
9.251
9.955
6.207
5.708
17.743
20.541
18.859
1.681
3.117
68.354
61.702
34.679
29.400
20.381
20.551
19.640
18.632
25.775
25.794
47.464
7.955
9.407
6.108
26.724
25.713
0.149
11.989
2.709
13.108
22.905
15.628
18.826
19.226
34.708
16.346
35.646
31.078
16.160
8.185
12.566
12.329
14.131
6.513
5.864
0.618
4.343
7.781
18.718
18.330
27.670
32.739
21.803
21.894
0.003
8.044
12.028
11.391
2.946
9.465
17.152
18.804
17.927
22.785
9.896
3.287
24.450
31.768
33.816
5.033
0.958
5.545
11.785
11.791
2.220
8.035
8.089
0.010
0.000
0.021
1.239
4.403
0.064
5.545
0.811
4.789
4.103
7.422
3.973
5.927
0.845
0.560
0.197
11.798
9.285
19.228
8.508
8.041
5.716
6.456
5.914
8.396
12.574
18.471
4.508
10.255
23.102
18.670
33.536
20.792
12.445
15.654
16.685
22.119
12.947
23.377
18.577
31.115
23.545
14.330
7.351
23.404
17.501
14.320
20.071
16.977
14.162
14.940
10.918
16.627
23.971
16.256
26.535
11.252
9.805
11.534
10.952
22.963
9.956
10.708
23.250
16.761
4.444
31.201
12.459
31.630
18.254
5.061
31.136
6.662
22.896
25.801
10.363
13.911
20.577
12.665
34.356
29.824
27.301
76.702
14.965
23.948
30.951
3.643
21.859
29.303
26.081
12.751
29.697
9.802
13.709
13.798
21.368
45.504
28.729
40.821
20.946
20.908
30.257
1.576
22.055
1.607
0.000
6.990
14.904
12.597
33.627
44.350
19.720
8.305
8.600
13.160
11.553
10.411
16.040
22.924
26.640
12.401
25.614
44.649
15.137
52.480
38.612
32.647
15.134
35.956
24.973
27.445
16.134
38.765
38.426
25.650
12.627
12.821
44.448
29.399
26.934
23.241
19.175
21.739
22.062
52.418
133.226
4.855
45.267
20.328
17.209
7.026
28.913
3.430
21.342
20.656
31.962
23.397
22.654
21.997
18.275
17.413
20.390
0.905
33.040
19.072
29.984
21.868
28.195
4.602
7.677
28.597
22.443
33.057
19.696
27.471
59.684
29.742
28.673
24.369
54.264
35.551
13.963
19.072
25.341
51.780
24.922
28.906
25.097
21.463
17.281
22.385
19.442
18.388
46.259
40.325
39.180
39.520
24.613
22.803
16.402
27.143
8.825
27.510
27.481
16.651
22.412
12.772
3.359
19.363
37.693
27.991
20.177
37.261
20.225
10.032
1.543
53.280
19.793
12.088
13.671
44.193
25.993
28.544
57.441
13.391
15.111
33.876
19.847
20.186
30.810
30.566
32.897
38.394
28.959
22.457
13.417
27.770
35.103
30.592
33.254
19.449
13.271
43.120
78.578
8.669
37.170
19.446
25.509
6.997
33.244
22.282
46.841
27.849
29.395
31.941
18.407
22.664
29.986
12.119
14.523
28.444
8.168
23.950
13.616
36.605
14.590
33.690
24.125
13.125
61.628
106.842
4.449
0.441
17.104
16.009
3.907
23.487
8.717
11.857
30.230
18.364
7.848
10.945
13.009
11.077
13.558
37.268
63.185
36.475
13.829
20.229
91.183
33.295
20.823
20.843
37.249
72.832
7.972
0.060
0.000
5.378
3.361
0.891
3.243
0.132
3.126
11.239
20.423
45.140
33.301
41.676
22.742
32.863
34.471
29.476
9.555
5.340
0.003
0.726
12.976
20.653
4.202
9.060
3.955
16.788
33.237
16.752
8.102
5.035
4.134
2.249
3.430
13.390
21.152
15.302
13.990
0.000
7.972
16.830
19.806
2.575
26.771
29.047
27.728
1.061
17.987
9.107
8.894
4.697
9.277
3.938
3.541
3.164
0.251
0.002
0.649
4.316
9.960
9.857
14.488
1.912
5.627
0.172
13.276
3.255
13.704
22.405
19.247
13.671
38.787
5.948
10.334
0.367
10.186
4.642
2.175
1.993
16.620
15.450
9.623
13.019
15.395
15.388
11.848
13.211
10.073
5.155
8.168
26.668
5.770
2.438
12.617
24.249
18.891
19.569
18.249
19.470
6.015
10.906
10.955
7.721
5.193
16.763
10.883
12.391
11.790
14.485
22.882
16.504
20.052
6.966
16.237
21.914
18.289
12.978
23.281
12.015
15.688
30.751
17.080
8.614
6.842
10.609
3.866
7.814
23.914
16.140
36.746
4.182
0.766
19.410
33.306
21.353
12.360
15.789
4.498
15.999
17.702
20.342
10.442
17.497
19.061
8.562
16.198
16.037
6.808
12.533
12.248
13.723
10.073
3.934
14.560
2.355
10.926
13.403
17.667
11.299
21.698
26.855
19.085
5.907
27.995
7.114
17.099
42.318
10.894
38.917
28.324
20.857
7.055
17.994
18.979
43.375
28.647
40.507
20.246
37.026
46.064
37.865
23.284
20.798
24.706
32.952
45.875
14.114
35.161
9.364
3.213
0.954
14.365
0.426
13.445
13.022
27.038
22.136
28.671
23.006
45.871
37.843
24.510
11.184
26.010
32.647
9.431
15.192
20.362
16.486
3.679
23.991
17.204
29.469
42.884
30.408
23.305
1.947
16.421
28.431
22.264
21.540
23.940
10.077
18.000
20.479
37.728
39.159
1.710
22.186
17.513
11.968
9.373
18.059
22.007
29.333
21.842
15.151
65.255
40.014
22.719
5.059
14.675
41.542
35.383
7.169
27.564
21.542
19.350
30.061
9.826
18.910
8.961
33.179
9.871
12.715
23.700
9.307
8.652
13.726
15.343
9.891
16.304
23.147
9.376
20.778
20.974
12.047
19.439
121.104
42.109
17.350
15.697
16.658
24.170
