19790101
5.838
3.104
0.397
0.000
0.328
0.000
0.000
0.000
0.000
0.000
0.021
1.949
6.175
6.279
8.425
4.631
1.008
0.936
0.158
0.000
8.245
10.195
10.212
9.479
7.042
9.352
10.205
24.491
12.567
17.733
19.798
12.881
5.045
2.868
1.500
3.160
12.377
12.246
6.402
0.700
4.556
6.853
7.805
9.993
2.681
6.978
12.622
4.990
6.430
5.344
7.006
6.283
5.473
12.238
20.146
12.375
13.187
3.174
4.391
6.094
6.516
20.019
23.391
35.300
28.503
11.481
9.888
13.369
32.152
43.530
13.657
12.811
8.442
8.981
15.219
21.772
15.475
5.917
12.375
14.293
9.932
8.968
10.401
5.699
8.974
23.449
15.391
9.483
26.056
28.983
32.581
42.218
102.983
18.780
37.563
16.874
46.331
32.495
65.764
47.305
15.257
26.705
35.678
11.240
21.671
37.735
27.686
24.898
14.629
2.372
9.707
0.350
10.876
15.669
17.877
11.790
14.547
15.594
2.788
4.353
0.591
8.792
44.237
95.492
42.898
17.506
27.562
22.443
36.214
14.938
18.134
15.498
0.910
21.852
53.023
1.586
21.331
44.168
3.636
1.517
15.566
19.501
13.826
12.737
9.235
16.486
19.418
35.991
13.269
4.268
35.596
61.117
117.396
28.813
9.002
1.095
4.070
12.404
13.007
25.329
31.757
48.877
49.735
31.363
21.537
42.625
13.010
0.736
34.550
35.290
20.452
19.377
21.681
27.866
50.060
32.205
21.350
24.800
20.269
24.168
24.383
35.896
7.120
23.097
31.440
11.888
5.038
2.386
6.976
23.748
21.614
14.476
31.821
38.638
6.695
39.671
52.745
81.017
9.855
48.348
99.368
36.045
36.473
24.063
29.510
16.794
35.335
15.237
27.929
28.617
15.192
7.182
27.651
34.063
25.217
20.585
30.303
20.132
12.348
17.331
3.797
0.621
14.674
24.096
20.055
34.523
29.291
40.524
33.234
13.822
2.669
0.410
8.521
56.162
153.910
59.211
7.786
6.178
34.852
13.911
3.562
11.949
9.225
2.067
18.263
108.521
53.464
46.814
17.152
0.065
3.462
20.526
45.264
28.861
51.943
149.811
15.000
21.909
7.258
9.766
19.741
100.485
65.300
34.796
67.070
8.650
10.025
17.650
10.581
1.945
14.184
10.152
36.651
10.763
14.474
22.422
30.075
53.730
48.314
36.614
24.894
17.647
22.419
19.717
26.597
5.898
1.112
9.520
16.217
6.705
1.713
7.024
1.936
8.758
8.199
1.669
7.725
3.656
9.534
13.091
11.395
2.853
2.321
0.148
0.084
0.056
10.123
0.105
55.306
1.123
0.000
0.034
0.800
16.619
9.987
13.034
1.861
0.076
13.497
13.865
8.916
9.938
3.056
5.471
13.470
1.535
0.203
2.144
0.893
0.409
5.289
17.192
11.385
41.473
20.872
17.454
32.235
9.914
10.351
24.084
15.269
47.905
39.056
16.417
7.702
2.764
8.635
7.764
5.951
0.781
28.206
51.983
13.925
8.971
0.261
0.561
0.031
0.000
6.583
4.522
22.326
15.908
25.073
16.205
5.706
12.655
6.616
4.518
29.670
16.308
7.045
4.120
6.465
4.992
0.652
0.048
0.106
5.091
17.182
10.159
1.569
3.773
12.926
10.622
0.245
8.072
38.940
31.747
76.321
8.056
16.502
8.291
13.896
7.399
16.356
11.714
3.081
0.000
1.605
2.451
0.937
6.638
1.680
3.759
2.511
16.017
8.375
14.268
3.296
1.579
0.505
0.209
0.041
20.599
32.376
38.020
18.586
7.157
6.128
0.645
8.489
6.661
7.157
12.041
4.915
1.523
7.962
11.414
4.255
1.641
1.253
0.206
0.034
9.902
6.936
22.374
24.618
35.848
17.349
14.664
4.752
6.096
2.467
7.002
2.281
6.485
1.432
0.532
13.326
12.404
18.078
17.187
22.232
24.742
34.172
114.823
13.475
17.056
22.838
8.439
12.562
6.554
12.277
3.320
9.325
0.154
0.934
0.766
0.604
3.464
3.708
28.451
15.934
21.499
17.959
21.739
13.853
29.224
24.623
27.229
39.098
16.631
11.714
9.939
6.571
17.286
10.173
7.146
14.090
91.928
25.552
11.074
30.077
12.027
3.670
15.148
33.366
79.991
55.701
25.892
0.867
1.617
33.329
47.421
5.758
20.029
33.251
40.957
35.250
39.300
31.380
64.447
30.844
16.431
56.722
35.246
18.277
33.184
46.254
40.197
38.382
27.946
29.771
21.243
20.591
24.474
27.771
23.648
21.690
12.986
15.031
8.283
16.955
17.449
38.224
28.086
17.563
32.092
53.775
15.297
26.432
18.335
19.570
14.555
15.583
8.576
8.969
2.834
6.619
15.389
6.305
4.551
3.318
16.224
5.602
14.769
29.246
4.997
24.862
17.590
18.479
14.883
6.273
7.785
11.654
19.702
20.798
34.818
7.088
31.454
9.426
17.499
24.386
24.738
24.707
22.384
25.694
15.537
16.425
2.832
15.456
47.955
28.561
32.478
37.336
40.778
21.664
17.921
30.199
4.419
11.769
23.106
35.630
10.386
16.026
21.969
18.718
23.463
25.972
21.083
13.733
8.707
12.590
18.416
14.972
8.253
6.262
5.006
21.434
19.954
0.336
39.753
35.316
20.239
24.990
17.321
2.383
14.948
10.749
8.065
19.810
17.887
17.573
18.289
26.547
22.500
107.213
32.286
3.056
29.153
11.357
23.281
13.683
19.896
5.030
34.219
55.385
12.614
4.231
7.790
11.810
14.677
19.738
35.057
21.142
21.749
10.337
24.500
18.531
1.432
31.105
12.909
10.870
26.453
22.927
8.106
19.295
41.470
17.952
25.208
26.482
27.734
23.578
23.301
21.962
20.059
81.601
38.964
23.976
11.970
4.764
7.127
10.913
0.862
15.506
10.246
10.991
7.699
15.815
15.422
13.562
7.457
31.845
44.258
12.413
9.512
10.078
24.846
16.730
11.507
32.817
44.028
16.609
29.871
13.066
40.119
27.921
8.150
7.244
29.510
22.192
14.483
14.969
16.644
89.439
3.028
6.226
33.019
68.853
44.550
11.752
4.745
25.279
40.318
12.051
11.577
23.446
4.982
11.735
4.439
5.488
8.998
6.297
8.817
30.061
3.541
2.716
1.421
1.790
16.479
16.528
6.324
4.896
0.065
3.466
12.459
11.209
13.342
24.355
68.464
6.273
0.443
0.112
0.003
0.003
8.236
6.767
3.512
1.796
0.563
1.088
7.714
2.362
4.934
6.815
32.334
0.000
15.298
37.915
15.182
38.692
50.819
38.432
9.479
17.188
1.487
0.570
14.759
13.366
4.395
19.710
11.565
23.784
47.725
4.158
4.992
5.067
3.804
15.343
4.374
8.164
47.741
5.795
9.141
8.700
7.869
15.007
27.569
37.498
31.611
41.570
20.677
9.191
22.235
7.728
15.316
32.290
66.744
17.722
41.907
26.094
21.571
17.338
4.657
8.485
0.623
2.249
4.810
10.174
6.986
3.624
9.826
17.895
11.508
17.497
9.471
14.318
17.515
23.906
18.996
16.280
8.288
9.604
8.343
4.381
17.690
12.140
33.055
11.091
4.400
6.537
35.414
67.710
11.086
77.807
8.370
12.027
17.925
9.527
1.778
7.059
0.621
5.469
6.822
5.730
20.144
23.789
69.715
18.745
13.319
4.132
4.944
12.423
1.287
13.105
22.695
14.092
13.111
7.455
14.577
28.781
30.914
7.953
11.700
22.955
2.942
22.273
21.032
34.325
34.186
63.808
25.981
13.622
9.567
2.800
9.046
49.715
41.564
22.702
11.537
122.815
19.403
54.734
20.987
13.005
21.396
24.553
27.402
11.179
70.944
33.031
54.509
21.926
24.527
38.576
32.715
51.104
19.406
31.661
13.578
59.858
38.569
22.817
3.828
21.083
78.786
37.484
27.948
19.617
38.715
23.748
28.111
44.368
54.118
35.537
30.394
34.092
4.128
44.532
30.748
17.846
17.297
24.467
57.536
13.664
13.093
14.794
10.126
19.048
28.674
24.781
60.583
21.612
19.147
20.069
8.549
12.765
13.881
12.209
19.226
19.470
4.947
2.757
6.288
12.260
19.333
17.259
22.644
22.122
10.749
21.593
9.610
13.187
16.253
32.015
49.545
10.180
15.522
15.377
30.041
2.894
17.980
17.994
24.946
69.375
95.423
31.424
35.208
72.901
26.789
23.301
20.709
27.476
68.649
41.236
25.282
26.748
28.911
25.399
37.592
25.876
70.470
30.288
22.136
2.862
17.729
15.187
11.587
45.267
35.493
23.112
31.672
56.487
27.548
4.865
17.650
26.511
25.471
29.382
35.671
17.796
3.571
16.526
21.128
30.511
15.123
9.392
26.403
49.360
10.015
22.611
15.092
24.410
22.714
26.261
39.788
22.034
12.229
16.586
29.529
18.694
14.720
12.627
33.028
43.480
23.040
38.480
25.844
8.902
13.716
32.841
5.462
11.910
0.457
12.600
6.657
10.135
2.235
14.141
15.341
43.377
100.017
1.840
29.557
67.648
23.727
6.664
15.104
10.262
8.806
5.637
9.510
20.131
20.548
1.160
4.971
1.366
0.642
10.241
34.768
56.123
10.797
1.390
7.378
11.230
12.288
9.891
26.228
59.594
5.838
18.756
3.636
24.173
39.764
29.811
23.559
18.745
22.285
76.005
9.251
14.320
21.193
18.649
3.983
25.339
103.658
0.014
3.047
8.319
20.963
7.378
14.394
6.767
21.686
27.105
18.261
21.113
36.423
72.063
71.861
9.603
0.158
2.702
7.096
4.714
0.386
21.811
12.538
20.417
17.925
1.136
1.778
10.401
2.194
0.367
1.270
0.230
0.000
5.692
13.764
10.011
2.194
3.023
5.874
1.665
19.909
31.227
9.428
0.784
0.509
4.534
11.973
40.176
1.015
9.752
10.118
14.063
9.486
12.245
24.880
20.642
12.600
11.906
3.107
2.070
10.142
9.122
0.644
0.997
0.132
1.509
14.881
10.878
8.258
11.633
18.819
7.841
5.076
15.547
17.104
6.873
10.339
2.436
3.219
4.746
9.349
9.742
0.551
9.977
12.413
2.841
4.043
9.539
14.440
6.377
1.269
2.573
4.655
1.460
1.245
1.878
9.069
15.693
2.767
32.708
15.244
13.814
26.099
55.694
46.445
51.835
15.808
4.688
7.697
13.851
10.700
5.500
2.417
0.000
0.000
0.000
0.034
7.105
10.612
14.912
14.468
35.027
36.136
38.172
67.461
10.492
11.824
35.079
52.537
4.566
27.425
13.513
9.012
6.018
15.566
7.000
6.317
43.276
58.351
25.234
52.800
86.346
25.143
9.074
17.285
85.899
0.154
59.151
51.310
27.387
38.603
110.019
34.820
12.744
17.403
46.596
3.883
20.924
19.782
20.610
29.591
18.169
12.230
19.942
55.780
43.240
17.231
46.070
20.982
5.345
32.077
16.397
29.735
37.269
36.704
19.489
31.503
24.601
8.030
6.252
14.260
44.582
40.047
5.900
24.532
24.094
13.288
17.068
13.882
22.991
11.282
1.595
7.780
9.117
13.369
12.303
16.500
24.132
5.189
11.283
1.708
4.995
29.986
39.513
39.300
0.134
11.347
12.734
6.806
11.474
12.703
14.945
8.504
23.606
13.422
2.484
18.514
19.571
42.685
27.491
9.838
18.554
2.491
13.366
13.124
1.111
6.144
9.532
23.633
18.519
13.007
16.941
8.207
8.933
10.705
3.771
3.162
6.091
6.012
7.248
8.614
2.038
3.696
17.012
7.415
5.962
4.034
15.041
19.172
4.953
9.446
7.809
16.692
13.257
5.967
11.908
18.354
13.475
0.671
7.438
11.774
11.807
49.104
26.623
32.939
14.562
22.742
41.678
39.602
24.357
5.564
76.506
127.683
26.178
20.299
28.722
30.156
3.972
8.018
16.165
39.608
128.490
8.699
14.054
21.071
32.441
63.617
12.124
40.828
32.647
23.827
30.956
1.081
27.233
68.465
42.746
69.145
6.518
14.476
8.487
17.702
10.786
20.689
11.568
32.691
17.630
16.467
77.759
14.068
40.869
13.306
6.506
17.929
14.687
23.088
11.385
11.275
4.395
0.635
0.072
9.484
0.539
18.388
7.093
24.458
21.399
13.918
6.228
7.460
13.651
11.879
18.435
10.482
5.953
23.710
1.651
0.000
12.276
20.081
27.050
8.597
24.235
0.566
0.000
3.358
3.080
5.512
14.227
17.149
8.295
16.324
90.491
19.018
51.296
0.082
7.542
14.757
15.825
7.642
6.151
5.082
9.665
7.088
6.154
11.496
10.086
11.524
9.074
9.203
8.084
5.708
2.406
0.076
0.147
0.000
1.087
2.541
2.335
1.615
0.076
1.624
2.491
0.853
0.812
0.110
0.683
1.445
0.027
0.007
0.045
0.007
0.038
0.000
0.000
0.000
0.000
0.062
0.031
6.949
1.487
0.079
6.664
15.092
15.570
0.003
0.271
0.158
0.017
0.035
0.237
0.216
0.197
8.823
9.438
2.202
0.247
0.048
5.073
0.165
0.007
0.000
0.209
0.007
8.971
0.000
0.000
0.000
0.000
1.876
4.879
9.879
10.267
7.706
5.383
0.697
14.416
15.875
3.801
0.769
10.403
14.114
3.725
12.068
0.124
9.496
5.905
0.467
0.031
9.819
11.989
14.770
5.074
11.869
0.810
0.233
9.077
6.211
7.611
15.685
36.674
3.675
29.311
86.315
10.986
0.560
0.185
9.064
10.540
19.113
24.973
16.004
25.619
4.031
7.931
1.274
15.075
13.681
10.169
6.561
11.649
27.461
5.126
8.480
8.980
1.780
31.565
63.975
44.155
44.409
1.461
12.741
4.782
0.968
25.574
5.806
9.754
18.148
31.764
19.954
33.635
39.352
96.868
130.432
37.621
47.955
20.654
13.009
1.435
26.031
18.004
7.917
32.365
98.973
12.181
22.436
47.300
0.000
4.463
8.837
16.627
33.828
1.305
22.656
4.130
3.430
6.925
7.083
62.481
69.111
22.470
51.272
119.085
28.300
25.145
117.564
0.343
25.512
98.719
7.811
16.019
31.517
13.033
72.592
7.752
10.540
23.411
46.197
25.344
14.825
22.761
13.891
19.302
22.961
20.771
14.509
17.180
9.730
20.503
12.068
15.477
28.844
58.310
28.734
48.827
15.405
34.137
13.637
11.034
7.848
14.123
31.181
16.891
17.197
20.411
1.078
0.851
5.809
5.006
22.131
4.700
3.141
3.008
5.315
6.853
10.653
4.982
16.847
22.611
31.543
16.677
22.182
17.200
24.039
10.293
10.159
7.886
14.009
17.348
12.648
17.760
18.975
12.234
10.883
1.274
3.169
10.104
10.283
16.308
23.401
6.355
13.793
8.738
12.595
3.718
21.276
5.922
19.113
39.534
28.798
22.716
11.476
18.948
16.523
44.076
54.599
33.831
13.079
34.808
38.766
27.390
27.097
30.121
29.529
15.796
34.891
39.774
41.117
12.785
22.740
38.209
7.375
22.828
33.843
12.825
8.521
29.168
7.652
12.543
17.727
7.629
12.490
69.887
49.289
11.687
27.922
9.237
18.910
39.310
32.498
48.288
14.407
63.070
12.907
13.050
17.003
0.220
8.386
16.883
48.836
50.866
57.453
47.458
26.709
9.620
18.112
17.691
9.107
13.544
26.360
25.212
22.321
57.702
63.504
88.974
33.167
44.776
29.275
14.657
17.805
29.655
16.086
17.767
41.422
21.662
36.622
7.819
11.276
8.952
18.776
37.129
27.969
18.506
15.068
13.114
9.397
15.812
3.123
5.553
19.274
5.804
22.622
61.530
19.281
42.133
30.968
35.575
2.537
0.120
9.232
1.318
9.507
5.939
3.959
17.029
31.098
29.855
10.973
3.533
1.452
3.560
8.162
10.073
6.005
4.800
9.764
18.210
9.388
16.541
26.041
44.395
72.894
7.270
4.724
7.488
10.332
1.971
0.501
0.845
11.395
10.353
2.798
3.775
3.989
6.271
0.628
7.468
8.710
36.819
36.166
29.212
29.761
10.387
0.843
3.136
5.572
3.078
0.560
9.774
21.344
1.619
9.780
7.776
14.384
19.003
11.761
0.141
3.334
3.715
6.454
21.540
22.484
9.235
4.813
11.309
8.885
9.692
11.958
6.200
17.152
21.677
19.003
27.095
26.769
18.584
41.964
20.187
7.354
12.178
13.022
11.189
25.516
27.909
44.199
21.695
20.641
11.999
5.981
31.184
50.880
13.678
6.654
5.449
3.914
7.206
8.755
4.769
9.544
7.296
1.929
0.103
0.000
2.929
20.620
20.294
0.027
10.986
6.195
14.330
24.783
27.267
16.267
7.263
6.973
7.749
7.189
8.494
2.626
11.790
17.863
13.510
14.553
11.711
13.142
4.343
6.274
13.647
19.686
21.015
19.763
14.787
19.638
17.674
15.309
14.190
3.090
10.296
4.532
16.208
3.756
2.273
12.916
30.743
1.658
21.120
39.606
39.005
26.862
25.653
27.524
63.669
36.622
0.381
12.881
2.975
2.508
2.142
6.473
15.216
3.737
36.251
26.304
51.753
119.334
21.166
28.164
2.184
16.984
38.598
12.830
52.721
16.412
23.657
36.724
24.276
47.856
14.983
9.390
28.372
26.086
16.902
27.686
14.011
33.357
5.473
18.905
39.640
25.179
19.363
40.828
28.431
19.243
8.676
23.294
27.263
35.937
18.315
43.362
42.654
13.743
20.290
41.209
54.614
34.525
26.635
33.628
19.854
29.169
45.235
2.386
33.072
46.431
16.558
58.640
20.695
33.163
37.111
37.295
30.412
67.456
25.945
28.098
20.905
20.641
31.363
15.800
18.517
32.166
9.428
10.363
14.643
10.864
4.927
84.991
25.797
42.242
27.931
58.220
46.255
37.722
34.451
11.936
27.123
23.469
30.185
33.544
22.680
19.193
17.695
17.443
32.648
35.427
24.973
37.196
95.160
13.428
19.003
63.500
91.628
118.273
13.364
31.790
23.820
3.674
26.024
17.029
11.973
20.856
14.705
15.886
60.282
21.188
24.209
31.373
113.470
68.287
33.093
51.892
24.446
34.677
9.014
22.905
58.406
114.414
36.248
12.515
5.124
21.219
7.805
7.054
10.379
41.170
30.925
46.050
11.730
27.431
9.202
12.850
46.422
30.219
25.847
67.073
25.591
69.859
3.177
19.247
38.273
0.842
39.601
12.658
55.716
56.339
16.775
26.872
7.404
27.148
43.514
22.496
17.710
75.955
13.475
3.215
4.695
8.155
71.436
2.297
0.982
7.623
0.218
0.984
2.345
5.021
11.515
30.806
6.612
0.000
4.400
11.785
4.225
12.207
11.033
1.045
9.558
15.071
19.932
62.045
7.550
30.822
21.022
9.812
0.889
26.754
1.334
6.903
39.082
43.577
21.288
26.186
31.024
31.713
9.813
4.108
3.619
2.081
3.555
1.219
6.736
3.087
3.043
2.074
6.453
3.248
5.965
11.688
24.457
24.728
30.092
12.612
7.033
18.109
17.386
1.420
9.349
7.191
9.975
2.487
0.663
0.130
0.330
2.101
2.911
1.926
13.719
0.192
2.616
3.023
3.205
2.863
0.192
0.585
0.014
0.065
0.233
0.103
0.270
0.573
2.479
9.112
13.477
4.206
4.820
5.703
5.134
13.827
3.622
7.687
1.401
6.709
9.132
3.486
3.629
7.792
4.444
0.319
0.000
0.000
22.422
25.363
11.585
26.075
17.742
16.809
18.306
4.724
0.024
0.021
2.934
0.191
0.060
0.086
0.402
8.966
0.664
0.055
0.000
0.007
0.021
2.678
16.778
21.200
19.727
12.857
11.103
10.976
0.000
17.482
44.405
9.644
1.789
1.219
7.385
1.509
0.733
4.309
7.002
4.422
2.129
2.733
6.030
0.845
1.105
4.233
15.999
28.424
23.861
7.922
7.557
18.254
13.142
0.360
0.000
5.117
27.298
33.144
18.306
55.608
12.356
36.904
13.915
13.161
31.548
20.108
12.178
10.028
16.557
14.227
13.271
6.475
13.994
12.741
9.702
6.128
12.435
13.599
3.691
4.408
0.000
0.489
2.150
26.372
19.729
26.235
27.480
0.788
0.966
22.428
25.693
23.552
36.001
32.176
8.338
18.653
41.518
12.476
48.259
64.900
24.547
27.960
7.841
9.665
20.313
21.528
13.001
15.272
21.198
18.119
15.948
18.320
28.257
39.062
29.951
36.349
38.821
27.492
26.147
24.875
27.557
10.676
14.471
11.376
4.623
6.118
11.054
20.962
9.246
9.447
4.352
1.871
3.111
4.866
11.635
3.526
10.646
17.008
19.956
10.847
10.370
16.760
16.349
9.507
8.439
10.962
17.460
14.456
11.220
20.871
38.239
24.410
18.690
9.843
5.922
18.426
22.316
19.480
6.908
17.005
15.923
13.558
18.806
10.682
7.059
21.602
63.309
63.779
34.966
9.215
20.414
30.707
24.132
10.983
18.268
27.164
14.710
5.103
36.111
15.317
16.572
67.084
22.280
8.938
25.566
27.328
35.663
20.716
20.156
27.047
25.991
15.971
30.214
43.468
7.144
47.857
16.658
40.263
13.081
9.170
30.020
38.982
23.542
37.704
29.040
27.892
20.522
22.053
3.220
27.311
7.060
1.080
48.711
41.664
31.278
62.661
24.572
16.316
36.404
44.945
0.617
14.837
18.636
22.888
25.882
0.609
35.694
17.671
36.756
58.231
3.706
46.640
76.347
14.425
44.762
61.214
14.904
23.108
46.812
62.657
31.083
63.562
3.382
13.984
27.576
11.930
34.724
31.488
99.290
99.723
25.689
126.659
27.430
82.804
15.328
8.188
3.699
11.524
28.939
11.781
0.338
1.816
17.563
12.819
110.110
0.220
0.000
0.000
0.000
0.000
0.000
8.212
31.397
49.178
26.978
49.253
34.404
106.739
0.031
1.497
19.952
6.077
7.430
30.417
10.319
22.779
36.299
36.839
73.495
39.717
9.259
3.147
1.710
5.806
17.410
22.371
15.784
10.286
3.931
1.923
0.896
10.494
0.676
17.633
42.981
40.794
30.779
25.875
22.076
5.514
1.772
0.412
0.192
0.034
0.000
3.337
4.870
0.076
0.549
8.576
6.709
3.361
25.725
20.944
8.030
0.803
0.007
5.723
4.431
8.281
46.572
73.718
0.869
11.769
6.717
10.722
0.046
6.063
3.097
5.474
20.637
6.884
12.353
6.145
0.378
0.000
0.003
2.551
10.550
12.257
5.050
2.771
4.997
7.802
0.065
0.360
3.086
10.176
0.872
5.074
10.207
8.324
1.919
7.375
0.520
2.690
2.650
36.406
16.957
16.164
7.009
23.768
23.658
11.628
21.780
26.041
1.112
1.181
6.293
11.522
23.313
82.387
1.497
0.041
2.204
7.512
12.571
3.387
2.451
39.999
35.179
9.642
12.226
10.016
0.870
6.322
5.725
1.521
11.143
18.664
21.471
3.026
3.557
8.108
9.326
29.378
19.421
10.045
5.788
0.069
0.000
11.647
7.776
12.751
2.481
12.529
30.684
17.245
21.046
3.814
2.407
19.185
34.198
11.525
16.534
3.615
30.099
28.290
100.274
7.802
33.800
68.263
19.151
17.109
15.235
20.349
2.774
9.812
3.426
10.602
22.800
19.999
9.754
15.401
25.272
43.420
16.068
33.714
67.332
8.150
37.172
24.513
8.144
10.660
9.074
12.967
7.886
18.982
14.406
6.029
7.169
17.430
21.059
40.129
65.168
103.639
57.203
35.500
32.937
2.242
28.729
43.832
22.821
10.248
17.750
2.644
-99.000
25.584
23.226
57.644
24.647
66.735
5.900
27.711
33.347
2.530
26.862
30.144
47.823
19.885
20.776
13.014
36.330
10.533
17.509
18.457
9.960
10.042
23.988
8.178
14.406
8.120
10.269
11.381
16.124
18.570
33.977
16.754
17.108
4.601
6.310
36.797
8.865
15.020
9.661
20.974
8.284
3.461
17.180
11.896
11.076
12.825
16.227
23.305
14.117
4.532
21.626
17.623
13.836
8.322
0.534
1.246
3.715
9.072
4.243
9.057
9.833
8.590
12.353
16.953
17.032
7.672
8.720
6.077
6.784
0.834
9.242
6.973
8.432
25.562
5.198
25.941
10.344
23.028
36.112
28.324
17.039
13.994
25.262
6.032
16.819
44.579
39.396
35.026
24.333
8.818
9.822
19.082
16.064
23.648
23.356
32.338
2.204
6.372
6.642
8.695
18.122
14.064
13.608
17.309
13.779
10.725
1.761
30.984
12.147
19.617
34.226
9.654
11.021
44.831
19.875
48.730
73.576
9.998
34.732
54.425
15.333
72.026
18.848
48.589
18.253
20.778
38.878
29.495
79.634
37.048
12.871
2.814
10.804
11.381
21.763
10.351
16.826
2.396
7.333
5.054
1.394
20.565
57.285
54.042
25.104
132.579
27.675
48.999
73.979
32.935
44.934
83.414
4.480
20.644
15.589
26.148
23.353
18.363
2.602
6.175
20.293
19.114
24.767
32.025
9.247
2.427
14.985
18.306
19.641
18.486
6.671
16.516
47.844
14.612
32.462
31.179
9.445
11.383
0.130
0.000
0.880
0.000
0.112
1.024
0.570
0.163
0.027
13.089
29.963
31.376
22.749
8.386
54.305
63.662
17.063
10.013
11.086
19.863
76.012
1.517
0.141
0.007
0.503
5.506
4.062
2.027
13.379
5.232
-99.000
-99.000
-99.000
-99.000
-99.000
-99.000
-99.000
-99.000
4.659
0.522
0.000
4.456
1.439
0.244
0.058
0.000
0.656
2.918
4.885
9.019
11.450
5.641
0.900
0.206
3.619
5.407
18.701
20.462
20.462
6.242
17.430
11.034
2.616
4.748
2.554
0.017
6.224
6.949
11.567
0.160
4.036
0.000
3.383
8.794
5.653
13.096
11.086
2.381
12.760
9.865
22.611
10.822
9.427
9.818
49.818
11.719
18.470
11.077
7.655
5.761
6.709
0.038
0.000
0.000
0.000
1.358
3.401
1.402
4.604
23.863
20.239
16.690
6.355
19.305
28.248
6.391
3.750
2.890
7.208
8.611
3.615
3.732
18.727
12.497
17.812
30.019
30.830
7.368
25.933
29.548
20.141
33.146
30.010
35.072
5.862
13.935
17.491
9.839
0.566
13.941
15.482
69.827
126.631
19.156
10.878
20.144
9.931
17.456
24.446
7.644
11.371
15.548
22.095
33.968
34.250
31.912
13.685
9.120
19.858
14.131
34.270
23.715
11.633
43.781
39.607
0.745
19.563
12.858
2.760
20.431
7.605
5.153
11.649
11.781
0.546
0.206
28.788
47.052
23.552
40.035
18.848
27.634
35.010
2.784
18.776
46.725
39.741
53.418
123.277
6.207
0.645
0.034
1.370
16.620
0.724
19.950
14.626
14.468
14.371
26.844
27.734
44.457
15.570
7.577
4.748
3.533
3.632
8.676
17.585
13.568
37.613
32.896
29.567
21.296
18.876
24.517
24.215
26.814
7.852
19.858
23.713
21.368
17.291
7.081
20.680
7.793
10.361
4.034
17.134
26.551
41.624
30.710
7.090
24.287
13.652
12.615
25.248
26.487
49.891
17.721
21.561
15.724
33.867
27.383
52.630
31.402
16.196
12.502
20.574
20.141
11.855
24.784
21.430
3.686
37.489
10.252
12.765
25.938
108.059
38.967
47.732
53.012
90.100
18.804
23.240
44.726
33.019
17.439
14.686
28.124
34.537
33.168
16.605
31.405
23.866
22.983
25.622
5.605
29.404
16.637
9.486
24.645
18.301
25.454
31.105
19.266
35.949
30.688
17.291
53.541
37.173
26.002
48.916
47.391
18.891
84.615
16.156
19.097
7.460
42.035
25.008
11.129
19.447
23.289
5.294
3.050
26.072
10.398
13.463
19.331
4.897
24.850
17.322
12.670
81.596
23.966
48.496
71.410
43.076
12.383
15.477
29.133
36.856
26.036
15.051
22.148
68.211
85.302
19.255
26.031
0.215
2.839
6.944
18.615
5.747
23.495
72.934
48.764
9.146
8.106
12.579
20.524
45.736
59.089
17.542
108.260
34.997
83.793
7.084
12.782
2.404
0.139
5.443
6.187
0.127
2.307
13.386
17.813
13.939
28.716
47.827
19.006
34.398
45.954
17.822
20.467
6.633
17.338
3.255
20.174
27.025
9.081
21.109
23.294
24.156
7.007
7.189
2.879
4.168
0.374
1.370
4.940
6.530
22.477
17.956
13.074
1.665
1.749
4.108
4.443
16.660
0.573
17.561
11.182
31.050
27.462
17.214
7.859
1.402
0.318
7.237
18.279
5.655
3.111
0.882
0.000
0.137
0.024
4.209
7.278
3.728
13.802
5.378
16.177
6.047
1.897
3.205
13.006
19.559
10.738
9.275
8.099
2.808
1.219
0.524
0.058
0.000
1.847
5.964
5.877
7.342
0.750
1.344
6.671
1.829
1.594
0.990
0.127
0.000
0.000
0.220
11.741
23.447
4.568
4.062
9.431
3.756
11.687
4.300
12.082
7.747
24.060
24.385
83.884
8.258
12.175
11.204
8.049
9.338
14.523
8.497
3.351
0.673
2.341
5.641
3.058
17.157
17.718
23.768
12.468
6.142
0.010
0.000
0.034
0.000
0.165
1.418
3.419
6.647
1.868
8.998
12.737
20.919
5.527
1.861
7.381
22.889
17.122
10.677
6.808
1.521
1.971
3.557
0.985
8.532
10.770
3.468
0.000
0.007
0.062
0.010
6.872
14.596
4.171
3.445
14.083
30.209
20.079
27.869
95.935
16.183
6.145
11.628
59.204
42.107
35.101
14.531
25.970
20.019
20.464
14.813
13.678
24.369
19.152
15.230
10.451
8.684
29.222
19.423
20.132
57.395
9.349
24.608
19.341
45.806
14.244
7.502
11.664
64.524
53.847
36.028
49.665
30.700
70.515
62.828
12.095
2.046
7.694
45.521
12.253
22.589
24.007
29.591
20.047
6.660
0.755
18.230
10.204
97.459
82.349
39.211
23.940
4.803
4.776
6.681
42.510
84.588
14.365
18.842
14.971
25.559
16.228
35.773
31.649
14.021
13.599
15.321
39.238
61.815
18.292
28.381
62.768
0.127
16.413
6.813
2.304
15.829
42.570
12.521
13.966
18.045
34.089
30.745
76.439
8.020
27.521
7.009
1.552
13.091
9.833
23.542
53.188
30.782
28.079
25.760
18.921
14.299
2.510
16.675
18.024
10.262
18.169
24.311
18.876
20.726
18.457
24.506
31.687
27.253
18.625
15.573
23.736
9.932
35.122
20.095
67.985
27.147
22.819
34.176
35.290
16.001
24.951
20.474
18.636
3.881
17.099
10.386
31.375
43.108
48.541
24.218
13.261
2.257
18.361
48.235
77.692
20.709
16.528
48.999
38.971
9.189
11.558
8.051
37.256
49.097
41.197
45.305
3.062
35.342
75.658
16.126
38.239
13.908
2.431
28.156
10.976
8.411
6.928
12.130
13.815
39.130
28.465
47.585
29.924
25.729
30.594
19.875
28.873
59.319
48.209
94.781
17.805
22.385
30.453
29.581
66.797
117.536
19.190
18.884
87.001
37.269
49.760
27.745
19.514
41.051
37.592
30.539
22.967
7.062
35.266
37.123
10.816
6.588
5.096
6.293
6.614
10.727
7.404
24.899
21.051
17.990
14.109
10.134
20.462
106.241
46.811
8.375
17.338
36.833
18.035
55.424
15.366
22.024
6.892
21.083
12.534
15.371
71.477
93.858
26.232
40.955
6.422
1.615
24.374
105.014
6.662
9.612
14.679
5.431
6.667
10.777
0.558
13.980
12.131
12.979
23.375
22.539
20.811
9.416
23.183
38.777
1.873
18.297
18.953
11.215
25.418
28.770
2.237
9.405
9.429
19.549
17.304
22.026
14.799
3.339
6.222
1.132
1.855
1.799
1.073
4.860
4.330
4.161
11.593
24.214
11.040
5.026
12.715
4.850
3.251
13.853
55.556
32.001
44.884
33.591
33.810
14.557
1.988
3.014
1.040
7.270
24.101
46.120
45.494
18.073
4.310
4.782
2.144
7.423
11.903
21.667
19.415
15.173
32.231
5.433
3.929
0.117
0.594
0.000
2.450
4.655
17.885
12.602
2.620
3.450
5.823
15.293
28.630
8.157
0.045
0.000
0.027
0.027
8.041
0.076
0.000
0.000
0.000
5.898
11.910
29.934
27.922
24.256
18.388
6.321
32.897
92.108
22.989
21.293
24.606
23.252
28.928
11.494
16.445
3.193
0.481
1.710
4.309
0.350
0.027
0.680
0.000
32.413
62.361
26.511
1.991
2.139
1.504
8.343
7.138
0.601
6.053
5.002
9.232
0.755
8.720
0.000
0.127
0.264
0.797
5.167
22.704
19.487
32.217
17.554
51.794
37.398
26.776
8.823
21.269
3.948
13.901
14.742
8.501
15.425
9.884
8.796
17.115
9.764
8.449
4.120
17.561
26.498
38.679
7.917
27.205
9.730
13.647
10.770
22.342
12.039
25.360
13.458
21.451
6.796
73.536
19.746
0.043
11.949
2.517
8.926
69.813
37.990
29.667
32.602
11.426
13.146
12.435
13.452
8.444
14.267
11.877
35.298
36.197
31.466
60.420
16.199
14.529
13.252
9.529
34.316
26.874
22.029
56.269
5.376
18.117
33.630
139.832
45.870
59.668
32.959
98.177
69.262
12.207
26.086
8.778
16.764
6.314
22.434
22.269
31.440
32.710
9.639
53.234
40.399
21.866
25.157
31.906
21.487
11.043
39.369
13.455
21.693
32.614
24.676
16.905
22.125
14.533
20.968
3.191
2.434
9.771
8.918
11.220
5.907
0.443
4.134
16.555
22.107
27.153
21.595
77.570
40.116
20.223
12.033
35.249
39.937
38.495
41.340
19.294
36.183
45.940
34.993
19.185
19.988
14.790
4.522
12.675
9.174
36.221
18.625
31.617
1.311
10.238
29.910
16.037
0.422
11.134
17.063
27.215
35.064
40.282
32.712
5.912
9.486
35.352
148.882
91.650
52.885
99.203
46.761
29.289
32.466
30.523
19.267
6.539
21.832
12.200
29.668
46.955
40.215
53.479
34.142
41.640
28.387
19.166
20.373
26.642
29.593
2.709
30.182
18.908
20.774
41.753
1.176
14.666
61.657
49.188
5.060
0.821
9.666
12.033
28.798
78.020
29.540
10.931
5.503
3.179
9.534
16.607
9.277
10.636
136.327
44.165
8.308
8.267
27.301
23.449
27.559
15.676
18.213
29.886
66.426
58.876
17.736
10.380
22.364
14.643
2.317
5.177
7.702
2.942
30.775
51.603
72.070
14.226
11.131
7.437
0.342
1.900
13.699
4.276
0.076
0.000
0.642
12.481
24.125
11.409
4.341
17.961
24.939
23.375
18.151
1.303
18.975
45.291
45.740
27.903
25.936
45.152
20.393
31.695
8.549
17.451
15.990
3.868
26.281
2.980
2.290
18.933
19.917
20.950
11.338
19.025
11.761
5.814
5.473
0.584
2.834
9.323
8.747
0.899
0.427
3.699
2.139
2.027
8.696
26.074
35.777
25.112
0.437
4.549
1.148
4.413
8.341
22.654
6.942
12.737
10.607
1.321
7.440
1.133
6.813
9.318
6.994
2.674
19.957
14.767
20.949
17.758
5.793
5.016
10.301
11.069
11.201
14.612
6.398
4.963
6.343
4.120
8.737
14.421
23.619
15.335
4.228
5.394
7.459
3.244
9.344
8.139
2.939
4.752
0.081
13.479
12.506
12.789
7.116
9.053
6.599
7.803
4.273
5.679
8.909
13.007
4.091
11.385
21.195
22.270
17.495
13.603
4.674
4.491
1.116
3.615
14.550
13.081
8.291
2.513
1.897
12.435
3.749
9.541
13.362
12.123
10.003
9.883
14.804
26.741
33.929
32.525
16.249
19.896
5.356
8.171
1.660
3.311
5.836
8.906
8.995
2.211
0.000
0.010
4.690
0.803
1.001
7.141
8.384
1.495
26.360
59.182
27.023
53.912
28.293
29.478
21.859
43.108
15.597
14.691
83.771
66.378
3.907
47.725
73.238
46.050
7.876
8.830
6.664
9.067
67.116
32.554
9.850
30.134
48.340
11.910
12.586
7.649
8.514
19.295
16.696
20.251
27.095
71.631
19.604
64.582
126.120
11.264
20.462
32.444
6.365
23.991
32.269
24.414
18.021
5.040
5.771
20.912
31.672
42.270
37.899
60.706
21.519
57.986
69.693
24.477
44.980
8.245
44.776
25.490
11.864
42.534
0.007
6.736
30.569
121.658
113.137
38.287
7.393
23.774
49.061
52.346
107.048
8.731
9.574
22.394
19.695
28.432
12.979
22.920
23.614
15.863
18.653
15.024
23.292
22.766
19.827
14.227
24.101
26.776
37.330
58.950
17.872
37.589
120.448
76.980
96.056
27.967
40.486
27.896
13.485
30.887
30.307
13.294
24.125
55.695
29.890
30.319
26.044
21.329
24.148
19.575
21.276
4.558
10.921
10.143
16.332
5.507
5.874
34.294
21.650
11.371
9.256
6.339
19.526
17.865
20.448
16.098
17.921
12.332
19.508
22.239
11.155
16.751
26.319
19.906
18.730
2.791
15.649
10.059
13.870
14.732
16.126
13.582
20.883
98.575
29.447
52.963
55.728
61.542
38.492
13.481
9.588
20.794
22.556
8.587
19.647
10.410
15.896
38.599
31.766
15.594
12.267
15.466
15.776
5.251
7.744
39.616
19.592
17.135
53.220
6.672
31.438
65.738
57.106
37.136
12.853
29.016
34.674
31.757
5.562
11.326
22.295
5.823
23.607
65.396
19.772
42.902
90.864
0.718
5.198
10.363
57.452
34.010
7.244
21.550
12.095
5.919
19.484
66.666
71.367
0.141
6.813
4.597
15.453
16.531
9.177
0.062
9.929
30.065
19.238
25.685
9.555
7.769
1.825
13.793
25.331
22.589
51.655
17.152
32.174
32.729
25.035
33.010
28.113
11.002
78.144
114.117
24.687
35.455
36.726
24.481
42.296
10.154
48.544
4.734
22.022
14.219
14.902
31.087
18.042
8.587
6.877
3.856
1.102
3.217
0.003
7.738
7.090
12.689
12.191
17.547
1.794
4.841
1.059
8.228
10.822
7.814
8.470
7.869
1.899
0.000
0.065
1.596
0.196
0.000
5.581
7.831
20.009
7.881
10.578
7.460
3.575
7.932
11.572
7.607
15.791
17.448
33.874
8.667
11.951
2.929
3.444
8.868
7.460
9.417
13.409
2.614
1.500
5.157
7.918
0.525
0.003
0.000
0.000
0.000
0.000
0.000
0.000
0.000
0.706
3.600
1.133
0.213
0.027
0.007
0.000
0.000
0.010
0.089
0.323
10.753
2.364
8.889
29.186
31.435
39.990
10.149
0.048
0.000
2.692
6.053
0.024
0.034
0.271
2.932
0.762
8.458
31.012
23.974
11.016
4.372
14.602
2.345
2.970
5.115
2.892
6.592
6.909
2.146
6.160
24.827
20.860
47.883
7.533
21.153
5.346
4.051
2.331
0.518
0.000
0.082
20.491
16.395
4.014
10.573
6.362
10.356
5.455
3.311
0.010
4.388
0.000
0.000
0.213
16.490
41.353
38.215
34.617
30.137
38.596
1.102
8.549
13.263
29.632
18.306
1.950
17.743
11.742
8.394
32.166
64.507
64.761
83.987
4.285
15.951
43.334
34.320
40.825
13.184
18.562
11.364
10.392
15.563
41.467
49.974
68.915
10.935
37.717
47.633
14.832
17.410
25.907
48.764
0.615
17.784
12.154
33.010
43.060
3.612
10.262
51.529
2.019
18.752
34.209
7.131
26.388
30.085
30.319
17.303
41.927
60.710
5.311
22.690
34.085
38.950
35.335
31.438
13.352
8.432
17.537
17.685
11.357
22.168
27.136
7.684
34.717
131.163
21.389
11.062
23.827
41.662
44.759
38.837
33.144
33.659
39.362
65.279
62.711
58.049
15.789
42.498
25.641
20.896
26.666
48.556
19.082
28.271
40.129
24.294
9.668
25.624
28.115
21.787
35.119
22.302
7.064
3.871
14.336
7.114
3.739
16.617
16.727
11.747
11.747
17.635
16.684
16.210
7.565
16.811
25.979
94.199
39.892
19.030
33.163
25.725
13.331
16.062
38.354
32.367
60.492
22.040
24.968
11.848
11.529
3.986
3.047
0.972
14.746
19.341
7.172
19.971
19.259
13.293
16.225
6.839
6.999
5.433
15.801
7.248
10.153
11.565
25.699
7.016
2.386
4.798
6.564
17.712
6.763
24.225
0.282
18.845
16.128
4.669
9.150
4.195
6.400
20.349
41.683
65.067
20.105
9.263
54.801
130.500
32.722
43.756
18.076
14.567
49.389
65.750
8.082
40.310
32.176
14.883
18.986
38.033
47.186
29.794
102.877
32.125
5.023
45.494
52.480
91.925
51.646
13.530
13.832
28.170
0.000
9.653
23.586
20.714
5.545
4.037
1.631
5.184
12.837
11.721
0.958
29.718
22.464
42.304
11.848
1.998
8.022
43.957
64.301
70.261
22.041
7.254
16.653
29.847
18.984
13.558
51.052
8.906
9.428
47.705
6.448
27.102
39.506
8.710
4.910
10.961
28.171
55.316
1.516
35.010
7.375
12.154
48.968
7.807
8.870
35.676
38.888
19.514
17.925
21.849
3.176
6.630
7.652
2.247
5.164
15.970
17.594
6.721
10.930
5.036
5.742
4.376
0.014
8.126
4.823
11.338
4.250
4.960
0.072
8.617
3.176
0.414
5.200
6.834
5.313
14.025
10.961
4.937
7.195
7.447
5.628
0.632
6.985
17.932
9.957
5.447
4.449
0.057
1.232
0.300
1.313
6.615
8.192
0.021
0.000
0.000
0.000
2.941
2.395
0.580
10.741
6.388
2.173
0.110
0.048
0.074
5.267
12.296
6.557
7.423
3.248
0.058
3.680
1.432
1.730
0.378
22.151
41.247
17.715
11.543
17.848
14.214
0.240
7.757
3.373
6.978
0.000
0.000
4.357
0.350
0.000
5.596
5.462
1.239
8.631
6.454
1.675
0.393
0.048
0.000
0.917
0.194
11.840
6.461
3.255
9.235
2.346
0.083
0.000
12.027
4.613
2.108
4.170
0.122
0.000
0.000
0.000
15.805
2.657
0.021
0.216
0.628
0.072
1.357
0.283
0.041
6.283
15.942
17.961
12.734
10.969
11.038
8.363
1.061
0.000
0.048
6.139
5.273
43.399
70.694
3.327
6.678
0.714
6.176
27.212
23.545
27.085
11.488
8.847
13.637
8.969
26.043
26.685
14.083
2.728
10.952
18.454
3.250
22.452
22.556
16.462
69.303
136.461
0.742
41.001
24.366
26.669
4.606
4.338
11.977
80.348
9.457
12.672
9.016
38.929
8.211
29.624
27.179
19.944
119.598
47.363
28.934
6.144
43.834
7.751
75.763
29.349
2.160
0.220
24.779
33.588
34.126
53.524
15.675
30.659
20.903
16.878
3.809
23.788
34.126
22.344
19.013
6.579
6.775
10.731
4.261
9.694
26.884
19.830
20.510
8.453
5.112
4.865
14.743
15.256
13.698
12.300
21.973
14.378
7.344
31.946
8.741
11.858
5.541
3.625
16.212
7.575
10.839
7.059
10.749
15.774
28.468
22.882
1.995
37.388
31.799
5.449
9.168
9.774
11.457
7.546
10.736
5.057
6.465
5.967
25.015
28.697
16.270
15.223
18.340
19.650
0.766
0.309
14.571
2.867
9.002
15.968
21.595
28.449
13.069
26.797
16.179
11.156
39.721
13.918
4.889
35.335
30.842
16.138
25.347
15.724
18.453
5.658
3.074
3.904
3.073
13.506
11.172
15.004
28.810
80.013
63.149
21.998
24.951
24.469
12.102
19.507
20.139
9.158
17.860
7.610
8.588
17.909
23.328
58.406
24.826
70.422
66.896
22.828
36.220
10.930
17.183
15.104
27.751
3.416
20.900
34.488
26.487
81.551
57.519
8.636
22.952
32.170
40.909
20.694
32.533
11.790
12.839
29.572
50.166
28.575
18.267
27.359
15.381
10.925
3.033
10.382
116.014
44.467
27.692
18.872
37.560
32.481
23.468
10.311
12.578
44.253
27.599
44.228
26.419
23.616
14.181
16.514
2.898
10.557
31.778
15.518
11.697
49.686
0.865
18.962
27.337
23.356
5.085
12.011
8.883
17.043
5.421
4.607
6.029
3.373
3.203
2.753
14.835
7.313
6.391
37.329
17.516
1.554
78.995
3.763
0.014
12.617
16.881
0.225
1.147
6.128
2.856
5.807
16.747
22.766
12.897
30.810
18.993
0.977
1.969
8.346
18.716
20.387
12.131
0.951
0.014
0.000
0.306
0.038
0.999
5.950
0.244
2.668
6.039
1.229
1.178
3.746
1.854
18.557
3.684
3.471
14.329
24.644
10.622
1.198
8.964
0.488
13.566
17.818
8.449
14.251
9.180
0.529
7.714
10.399
4.978
13.039
26.168
7.666
10.502
4.791
9.177
19.164
4.400
4.573
2.259
4.316
0.929
2.053
5.310
0.000
0.704
5.814
1.823
4.889
6.721
13.100
23.888
19.767
6.374
3.601
4.659
0.038
0.000
0.220
0.038
0.000
0.000
1.009
0.165
0.000
3.138
2.844
22.424
15.010
8.336
18.026
10.808
4.088
2.959
1.804
14.449
12.062
4.228
12.631
16.968
19.837
16.955
0.409
12.636
7.412
6.418
14.935
21.228
22.218
18.091
10.902
4.511
39.546
64.550
10.657
6.395
1.138
17.988
8.811
4.960
10.986
7.157
29.688
15.870
21.896
24.972
65.424
3.902
1.911
24.767
8.144
10.094
5.473
0.568
0.098
8.645
19.444
23.270
8.700
15.432
9.144
0.148
15.062
17.940
44.912
6.204
16.330
17.633
40.904
3.540
10.377
7.860
8.724
38.243
113.794
15.961
47.890
7.471
6.348
6.678
15.783
31.685
3.062
16.655
5.709
3.334
2.702
36.969
59.597
36.080
21.063
13.729
0.766
0.158
16.572
14.763
30.981
43.908
0.529
22.474
35.642
0.000
11.309
5.746
9.459
14.747
14.696
16.071
21.741
10.820
10.679
19.559
21.386
17.115
3.560
20.652
10.636
32.442
11.024
9.762
21.506
12.784
16.290
71.480
21.121
32.698
22.240
31.450
49.473
19.224
22.613
47.327
37.659
31.260
6.772
0.000
37.982
24.088
31.183
13.669
33.898
75.431
68.915
18.860
22.290
24.451
20.639
3.728
23.327
8.463
4.951
6.034
14.718
17.711
19.973
26.422
26.137
9.967
15.261
18.818
26.626
16.437
18.624
2.122
3.600
8.653
12.348
6.108
16.921
3.560
9.735
15.244
117.509
30.484
13.883
20.304
19.538
25.443
27.214
9.356
67.516
69.040
9.685
14.499
15.887
18.538
40.885
43.738
13.638
33.453
2.728
11.611
13.057
8.523
9.275
18.740
16.552
18.924
39.932
12.924
48.851
132.856
67.348
43.578
27.648
20.577
3.234
20.901
37.178
19.968
43.245
71.892
19.369
24.362
22.103
30.813
26.779
23.356
7.213
10.101
30.321
24.632
22.434
7.471
7.553
22.941
38.572
14.849
23.058
17.614
21.049
22.709
19.793
0.426
21.166
1.318
19.923
26.130
6.515
54.437
50.661
8.271
8.645
10.368
36.554
15.096
23.591
61.012
24.060
23.540
21.921
24.565
54.654
78.521
77.419
7.121
16.146
14.002
46.108
100.844
67.813
14.102
80.235
120.372
58.317
5.222
0.518
14.893
12.270
28.496
12.559
5.572
1.258
10.926
8.789
7.052
6.952
8.954
5.407
5.390
5.576
0.666
16.229
3.715
1.336
0.106
0.000
0.172
0.324
18.941
24.036
17.994
8.885
7.836
20.951
12.766
23.157
15.513
12.463
6.324
58.530
14.705
7.134
5.742
0.007
0.348
8.724
6.872
6.787
8.109
5.335
0.985
0.309
0.000
7.970
7.872
0.371
0.000
1.442
5.201
12.119
7.131
2.709
13.915
15.281
9.017
7.464
1.600
1.068
2.070
1.600
19.818
7.821
8.130
12.665
9.826
1.176
0.000
0.000
0.000
0.000
0.000
4.010
1.408
3.234
6.571
7.327
3.790
2.523
1.315
5.593
10.015
7.531
2.767
12.373
8.923
14.526
3.382
6.018
13.190
18.739
20.040
5.400
1.799
1.233
1.533
9.984
1.542
9.872
6.285
2.772
4.429
6.300
12.016
12.085
9.017
20.390
29.548
32.451
5.637
6.427
4.631
2.026
2.235
0.618
12.239
12.591
26.398
19.101
7.206
2.510
14.076
12.308
31.428
38.799
19.923
12.109
16.776
16.783
13.410
4.312
9.335
23.495
9.220
2.252
6.032
7.977
1.085
7.993
19.885
13.965
16.550
12.368
16.164
30.509
46.525
30.154
25.691
19.592
0.038
4.878
1.681
15.745
27.450
39.110
26.842
25.706
35.215
22.270
19.662
24.427
63.834
8.372
7.811
25.293
10.887
5.629
3.184
14.275
19.446
8.367
21.320
46.436
29.272
17.163
32.595
62.189
28.072
60.384
2.640
30.179
14.088
8.258
95.862
1.140
10.181
6.775
14.206
18.828
0.821
23.135
8.446
31.781
42.234
21.090
48.261
2.910
24.632
46.445
29.780
38.074
49.895
18.124
8.391
17.994
26.748
23.332
14.643
12.469
19.291
13.273
18.436
20.486
23.519
25.626
8.641
24.496
39.338
35.901
32.247
31.742
26.137
65.343
44.278
35.414
48.433
10.863
22.201
12.588
20.361
19.415
2.153
58.089
86.286
0.603
40.345
21.537
4.115
2.704
6.094
3.397
5.771
6.707
15.173
15.139
14.727
12.454
16.439
36.092
76.848
39.507
25.028
23.435
23.423
32.077
15.273
16.376
25.717
21.977
20.605
15.868
6.933
9.575
13.324
26.288
17.858
38.574
20.697
16.322
17.904
8.787
23.301
36.933
23.760
10.348
12.555
44.102
13.893
24.863
29.213
21.416
23.540
2.031
13.709
6.677
5.630
24.748
19.744
32.447
27.965
40.864
52.894
15.971
27.850
14.800
19.551
21.715
15.757
12.088
25.776
24.781
21.145
23.595
13.084
22.335
33.304
17.237
12.790
17.357
1.030
19.254
1.826
30.824
33.483
19.762
11.412
56.307
32.293
15.719
14.837
29.467
28.779
62.718
23.145
22.455
34.210
77.922
37.537
22.659
23.713
60.152
22.774
13.824
47.603
63.510
9.282
21.144
23.542
7.508
2.249
11.761
0.185
3.742
1.600
1.202
25.107
19.597
21.082
35.498
21.701
27.718
19.587
40.548
77.784
4.870
29.339
6.275
10.679
7.833
13.158
7.466
12.330
31.637
28.089
9.663
26.928
16.031
0.182
19.434
22.761
11.066
5.138
31.627
8.612
6.575
0.524
2.199
14.226
31.318
57.867
27.041
7.670
10.930
13.214
8.068
8.434
7.946
15.498
26.216
28.441
8.508
18.265
9.349
10.325
23.942
9.685
0.113
3.924
0.014
1.390
12.435
21.259
6.911
0.539
1.588
0.549
1.596
0.014
0.041
0.000
0.000
0.000
1.674
0.673
0.704
0.072
0.000
0.000
0.000
0.000
0.863
0.100
0.000
0.000
3.840
4.484
2.190
0.187
3.255
6.097
2.553
8.812
10.789
8.913
14.208
7.013
0.113
0.000
0.000
0.000
2.472
7.133
7.740
5.435
3.972
0.529
3.440
0.000
0.000
0.000
0.100
1.768
0.000
0.007
0.144
0.079
0.989
0.215
3.492
9.510
0.000
0.000
1.875
2.479
0.007
1.682
4.154
8.478
2.582
7.775
12.394
0.802
12.413
9.596
11.397
13.319
11.484
15.513
20.809
12.420
6.223
13.652
5.687
0.209
0.000
0.000
0.067
15.164
11.223
19.624
15.098
11.019
1.060
2.537
0.154
1.929
14.756
25.598
22.201
27.931
24.620
1.196
4.978
42.623
60.311
27.546
14.557
20.366
12.277
42.342
21.324
20.373
15.693
14.646
6.396
2.311
0.869
20.318
22.422
0.752
21.818
16.025
29.478
42.816
29.965
107.381
21.832
38.969
128.849
35.379
8.432
29.529
48.388
23.576
46.967
64.229
9.077
23.487
58.712
27.919
11.738
30.140
40.378
102.770
82.511
1.562
57.218
7.653
83.060
102.578
40.169
21.774
17.781
29.701
36.770
36.736
16.754
25.042
29.121
67.267
8.734
23.737
22.826
62.274
92.498
42.840
74.178
30.743
5.790
20.205
41.540
8.590
11.112
21.565
22.176
13.522
76.559
72.579
17.072
27.562
35.640
40.335
42.368
30.463
42.997
20.462
28.034
33.994
24.687
32.039
29.545
41.525
51.225
24.108
49.806
37.652
22.385
25.677
38.655
35.098
15.322
19.422
24.788
21.502
21.109
20.685
57.005
38.840
16.957
34.926
76.382
9.919
50.331
51.351
44.105
80.526
54.091
52.340
13.661
1.111
2.851
9.932
37.481
137.645
19.066
48.873
33.462
47.930
13.101
19.415
12.967
13.494
108.418
35.953
2.866
25.825
31.314
38.064
121.893
11.227
62.952
64.889
60.761
76.623
0.137
28.710
42.565
44.515
28.872
18.692
104.389
39.176
8.938
18.119
24.033
13.530
18.131
3.433
16.442
15.340
16.105
22.464
101.376
110.193
54.193
84.118
15.261
3.522
18.608
73.859
129.522
20.196
36.406
17.044
11.179
39.582
14.801
14.691
14.526
22.934
80.355
25.907
34.501
26.086
19.437
24.843
29.565
24.307
27.147
6.957
23.979
29.958
36.196
11.567
4.192
14.493
2.053
4.310
21.010
30.812
20.635
24.851
14.416
28.764
9.883
14.179
25.004
11.755
41.642
15.799
55.699
142.711
34.216
55.598
70.894
12.014
36.880
30.724
11.608
39.298
39.159
40.052
15.951
6.841
9.686
48.779
60.632
4.504
2.238
23.308
21.186
24.152
7.756
3.047
1.432
10.144
15.633
2.469
16.234
21.530
10.616
1.012
7.347
9.143
8.356
7.807
2.447
1.201
13.228
10.492
8.023
0.000
0.589
9.901
19.080
51.353
1.078
0.027
6.206
16.318
29.479
12.248
9.725
20.972
24.609
22.024
21.838
46.508
6.750
22.853
8.986
8.068
20.119
19.158
25.648
26.340
9.747
24.245
15.110
18.878
35.184
30.113
16.449
23.988
8.260
3.957
17.242
15.058
17.485
4.559
6.901
16.624
11.766
3.080
3.934
2.551
2.290
2.757
4.144
11.936
10.410
7.066
3.255
2.038
2.180
9.716
6.393
23.267
6.870
11.652
3.662
0.803
6.315
9.465
0.007
4.947
5.807
14.473
52.665
60.674
29.491
28.393
55.728
17.096
9.304
26.592
23.039
21.336
8.942
3.466
9.544
3.910
5.691
33.077
123.222
1.926
15.771
5.172
11.612
20.769
26.242
10.926
29.301
9.998
10.902
15.332
2.522
0.000
4.726
12.524
0.357
0.254
6.283
0.774
0.853
6.151
10.473
24.079
8.842
40.938
42.285
98.264
10.887
40.021
5.941
7.241
16.311
6.594
16.647
33.654
21.860
26.747
54.949
4.831
42.739
22.828
27.771
27.477
58.071
6.144
1.107
9.907
3.498
11.482
13.225
8.883
11.683
5.775
28.594
25.720
10.593
7.878
14.520
21.015
7.416
28.025
79.265
30.457
67.704
33.735
24.845
12.346
61.263
53.854
51.536
25.559
48.963
48.544
67.463
111.638
5.165
7.436
19.794
5.016
4.695
13.310
23.241
9.980
15.574
19.157
7.275
21.380
45.443
46.081
15.801
35.769
45.568
27.665
7.455
7.703
56.722
93.760
16.970
25.260
7.431
26.868
18.200
8.159
19.341
16.191
23.681
6.035
24.838
51.023
29.941
16.363
15.264
13.175
28.592
28.108
12.674
21.705
49.657
31.011
25.426
70.450
44.905
12.930
29.593
39.822
58.672
128.859
45.212
25.852
56.248
38.452
1.909
43.434
66.333
68.524
105.664
8.343
20.232
15.233
16.390
9.201
7.635
11.848
19.413
9.634
19.133
0.790
31.582
88.584
4.189
16.957
23.020
30.159
39.166
23.312
25.471
26.504
58.219
21.127
26.743
29.782
14.145
28.786
55.181
93.806
22.728
2.832
27.703
23.530
42.332
37.118
15.456
16.847
14.734
30.913
31.756
30.672
85.756
27.030
6.097
2.476
17.952
17.537
31.059
6.257
24.220
12.734
29.454
71.006
8.870
93.234
67.187
27.035
11.682
18.912
40.407
25.945
23.221
19.987
6.187
16.935
9.782
21.155
43.478
36.682
35.593
18.906
22.404
26.560
36.410
27.268
31.280
7.858
5.559
11.529
25.171
32.818
34.902
1.615
13.062
19.727
44.595
13.869
14.390
4.316
10.027
13.584
6.933
9.258
8.707
15.765
19.113
5.524
7.538
10.928
39.078
46.900
53.890
17.745
25.592
28.255
26.769
20.333
7.948
0.336
14.938
15.589
28.812
79.915
11.779
18.515
31.126
0.220
1.809
1.203
0.000
10.207
7.771
32.774
10.858
1.315
81.264
20.792
11.337
0.117
0.014
0.196
0.189
0.000
0.000
0.086
26.312
28.396
11.189
4.271
7.922
22.371
23.863
17.017
21.065
8.817
15.141
13.466
10.010
21.511
92.513
33.431
54.648
11.394
41.968
39.017
24.070
62.241
9.218
10.431
11.582
14.151
8.863
5.982
2.672
2.973
3.905
7.974
9.196
5.574
4.667
0.220
0.350
6.599
3.286
0.906
1.627
0.875
6.152
19.164
12.305
9.376
5.150
4.738
3.632
0.839
0.168
11.172
9.229
19.590
17.800
24.512
15.314
3.948
13.060
12.610
0.058
2.281
5.304
1.181
1.420
2.977
1.260
3.368
6.312
6.025
20.919
4.031
9.771
10.646
3.917
0.045
6.969
19.425
30.182
24.050
42.860
27.591
42.727
5.162
6.166
2.111
5.967
24.726
12.514
10.976
9.716
28.427
21.260
16.504
41.798
33.551
23.343
3.141
2.623
0.000
0.000
0.000
0.000
0.000
0.000
1.412
7.623
9.886
2.238
5.009
16.922
13.692
16.486
12.674
8.089
14.789
0.735
0.045
1.176
0.003
0.031
0.870
7.660
2.906
7.570
1.933
3.049
0.518
3.521
7.606
10.847
7.531
16.807
21.992
4.805
0.862
14.893
14.191
7.350
27.138
50.791
18.557
6.192
2.695
9.361
34.020
28.068
32.841
31.303
11.034
30.465
0.871
20.754
6.451
8.743
13.330
21.125
24.644
19.340
31.211
6.557
12.361
8.839
11.276
2.791
0.476
20.201
18.251
66.811
37.166
20.809
19.448
20.556
20.214
19.218
8.894
19.660
24.881
19.523
26.874
33.337
38.697
16.109
2.896
25.564
27.888
32.022
39.322
62.933
16.596
6.604
3.145
12.162
5.651
68.198
105.551
36.734
23.327
28.916
19.629
2.589
7.951
21.808
33.323
27.940
20.144
11.192
17.486
11.582
21.018
22.964
19.608
74.710
57.930
15.650
13.185
12.045
17.559
18.189
9.661
5.297
5.843
5.473
5.572
9.122
11.597
23.586
12.641
11.148
6.012
10.372
8.233
16.891
12.703
26.776
24.973
9.716
11.989
11.759
2.832
0.278
1.243
5.751
8.882
27.764
4.587
7.272
15.625
29.843
19.391
25.523
0.000
8.202
8.720
5.588
6.341
19.157
6.813
10.228
1.277
15.348
9.752
12.250
7.018
8.865
14.464
23.009
29.549
0.254
5.515
13.614
15.748
18.030
20.317
32.706
4.218
8.762
8.305
10.844
17.174
31.120
2.661
27.308
24.905
24.647
47.979
40.715
14.354
10.677
4.391
23.969
35.215
22.446
17.087
3.416
18.045
3.550
23.782
22.198
11.642
22.915
98.115
41.188
32.564
31.520
29.330
6.279
20.795
17.461
18.209
44.699
37.247
8.986
20.773
21.001
14.686
18.429
34.720
9.718
42.833
9.927
10.860
3.498
5.344
6.121
19.161
14.099
0.765
22.022
13.645
4.627
9.821
11.192
16.054
23.502
56.741
38.128
14.590
2.244
5.284
12.360
51.722
18.248
18.658
17.733
19.533
7.621
26.731
1.665
6.963
21.110
77.316
118.118
6.151
41.188
11.357
16.258
5.411
12.670
2.652
2.197
1.342
1.083
9.304
12.698
5.711
36.459
0.336
0.021
3.488
11.774
11.824
8.290
6.652
9.212
7.630
26.000
8.458
8.552
6.918
25.766
6.012
0.656
7.957
3.576
0.000
0.000
0.000
4.525
0.046
0.000
0.070
1.116
0.000
0.000
2.537
3.256
1.399
1.838
1.487
7.141
0.000
0.000
0.000
0.000
0.000
0.000
4.258
8.164
2.245
4.293
0.017
0.000
0.000
2.343
4.700
4.540
28.770
7.114
0.000
0.000
0.925
0.165
0.142
4.499
12.979
6.091
0.000
9.575
0.371
0.000
5.347
0.168
0.034
0.000
2.166
12.672
6.751
0.704
0.000
6.424
0.000
0.000
0.048
18.733
14.854
1.808
0.000
0.054
4.233
5.758
7.352
8.871
8.636
11.594
8.980
2.262
0.010
10.907
7.773
10.592
18.852
18.371
1.353
5.706
16.359
6.688
11.094
34.492
16.871
8.851
0.000
0.048
0.000
0.000
13.005
35.343
0.512
2.700
5.098
24.204
110.510
7.989
65.592
7.321
4.657
5.382
1.535
5.888
9.129
8.926
0.220
0.000
0.010
2.197
21.307
4.213
25.574
6.204
5.119
33.574
60.662
13.623
28.194
12.833
16.047
9.410
17.382
0.985
9.170
10.643
6.722
1.099
22.728
19.532
5.452
18.436
34.092
21.035
2.520
32.887
93.088
7.011
14.179
20.462
40.732
24.500
2.032
11.038
1.174
1.624
38.500
22.597
12.995
17.921
23.816
37.003
16.126
18.776
12.979
23.047
19.885
15.810
25.718
30.298
20.465
19.734
12.511
0.240
1.311
27.576
1.054
16.272
110.957
16.840
18.587
35.324
14.529
5.967
8.171
54.690
25.052
27.591
38.761
24.657
16.201
14.821
32.645
31.483
8.526
23.964
9.347
20.366
29.488
54.908
45.451
32.100
18.912
20.762
28.961
30.099
6.887
9.354
10.258
4.542
25.107
14.705
22.014
25.420
73.615
60.397
41.123
20.967
24.376
22.869
23.212
20.970
17.048
33.062
37.855
17.698
11.045
25.315
26.216
35.321
26.583
24.232
26.597
17.430
26.250
29.309
25.018
20.891
20.253
14.672
18.194
21.657
41.721
21.906
1.756
15.827
34.375
12.490
7.997
19.674
29.545
22.584
10.027
26.012
38.996
31.157
29.862
22.519
22.676
6.082
15.580
9.682
87.418
30.528
7.994
26.755
34.952
34.183
4.951
25.945
41.396
72.362
40.790
22.029
33.622
18.428
21.161
25.042
20.084
48.972
30.204
6.370
10.957
28.204
5.412
22.814
23.521
33.239
49.234
43.478
26.462
60.279
69.930
9.026
13.726
7.929
12.337
2.963
31.083
28.623
22.575
20.290
10.310
9.493
4.457
0.402
9.273
31.002
35.594
16.485
17.566
13.296
32.283
20.634
39.846
125.852
25.136
62.083
2.986
1.090
2.329
8.453
5.248
4.595
4.539
3.754
10.207
4.183
23.540
18.744
10.387
15.022
2.587
16.790
17.909
17.822
14.905
12.125
5.227
27.698
41.187
36.602
10.190
10.726
11.697
3.404
9.363
14.137
16.633
39.978
12.523
18.495
17.295
11.137
5.797
0.003
2.760
2.556
0.536
0.860
1.505
2.455
1.639
0.953
0.101
0.750
6.396
5.454
4.860
0.021
0.017
26.498
43.624
24.232
32.343
53.431
21.629
11.365
17.911
16.385
35.803
24.984
21.140
15.024
8.157
20.996
16.737
4.919
0.024
13.879
10.042
19.717
27.371
27.490
9.695
1.954
3.430
11.587
5.267
6.630
2.063
2.932
15.824
2.132
0.000
0.000
0.203
5.519
9.067
7.419
37.055
25.083
16.756
29.608
19.508
30.683
28.654
31.534
10.997
13.403
2.537
11.120
3.801
8.075
24.843
32.272
40.546
56.013
9.452
21.691
3.004
22.652
16.903
10.986
8.889
19.010
16.629
39.010
24.692
17.204
13.372
1.875
5.964
16.140
10.464
2.592
44.546
18.163
36.567
31.198
13.633
0.525
3.200
13.319
3.325
22.319
25.166
32.754
10.492
11.453
3.393
3.893
6.044
20.812
50.565
4.319
1.895
3.016
3.910
11.525
14.150
4.062
4.973
7.590
29.961
41.508
20.284
13.134
22.831
32.688
19.200
16.040
10.904
7.654
14.783
4.923
15.027
9.812
12.162
15.965
3.392
18.842
36.291
45.425
57.634
8.882
7.103
33.505
35.939
13.156
17.812
19.607
28.655
4.944
52.635
45.435
25.554
7.752
4.923
15.092
19.053
18.860
6.351
25.851
4.654
6.990
13.427
23.186
16.235
9.597
24.970
10.215
6.118
6.446
34.731
78.036
28.915
25.568
20.329
20.067
20.500
20.277
17.036
42.757
42.981
35.627
27.184
21.798
14.664
104.343
19.096
19.180
15.680
38.181
30.544
22.746
29.158
131.922
1.394
25.696
8.452
16.803
45.222
50.783
1.264
16.035
30.348
79.541
39.758
36.118
59.304
62.280
26.570
62.960
24.693
37.105
36.624
93.446
87.211
34.869
5.187
5.956
20.331
29.835
73.008
58.106
1.384
22.754
22.642
11.762
24.973
24.747
20.620
34.106
22.124
3.814
15.427
15.147
10.646
19.779
9.747
19.885
29.701
13.400
20.373
21.901
13.314
9.850
15.216
23.765
9.706
4.364
23.198
10.720
19.449
37.027
7.272
15.443
35.748
32.413
26.141
23.246
26.189
28.613
5.316
24.280
46.888
22.004
5.459
1.154
24.281
19.415
22.203
13.293
21.190
2.276
13.177
18.160
85.529
91.080
36.938
23.816
25.272
33.337
31.354
3.502
9.762
70.812
39.595
18.967
35.096
29.218
2.656
12.136
48.423
87.099
6.395
3.694
7.325
7.948
45.504
62.559
29.296
18.663
12.859
18.374
36.400
11.694
30.121
41.076
0.079
11.636
13.507
14.536
3.595
19.860
57.591
78.724
22.534
19.101
43.674
5.342
16.967
43.089
56.798
14.347
64.121
22.490
25.826
51.269
74.673
7.210
16.507
19.499
73.392
13.460
19.820
1.461
11.178
43.530
10.646
10.118
18.172
5.797
4.822
20.084
10.147
14.895
17.234
30.549
19.449
22.808
49.076
0.870
5.481
19.252
53.130
30.878
0.393
3.557
2.579
6.610
7.296
33.249
11.019
0.027
0.051
4.005
0.297
3.670
34.259
14.226
4.849
15.750
10.070
1.007
10.664
0.232
0.518
8.892
32.121
4.319
7.656
12.837
19.219
22.407
21.777
8.501
12.627
20.139
10.207
18.701
21.846
11.041
15.789
23.173
13.616
10.695
2.451
11.079
4.832
2.115
0.000
4.613
7.735
4.654
12.428
6.444
7.309
10.753
15.141
17.135
6.660
0.034
5.565
10.300
9.829
9.634
5.486
5.919
0.244
0.000
0.000
0.000
0.000
0.141
3.699
6.894
9.012
24.803
24.486
13.366
2.359
0.455
12.227
8.693
20.994
42.071
31.376
37.937
21.097
27.473
17.283
9.112
3.960
3.526
0.082
1.432
0.477
0.014
0.560
1.356
2.860
5.462
9.428
10.983
6.911
12.356
10.028
12.325
16.486
18.759
11.621
14.361
22.570
4.099
1.785
5.311
0.007
2.527
25.475
34.957
12.109
22.278
27.981
17.695
3.826
8.998
3.759
11.752
12.102
7.914
27.217
15.621
21.815
6.305
4.393
5.284
0.055
0.848
0.591
2.230
1.188
0.409
4.568
10.128
25.085
21.688
12.766
19.116
28.223
127.144
2.703
0.527
23.974
6.727
7.492
24.390
23.463
3.555
7.766
1.875
14.679
36.478
7.500
26.323
18.587
21.660
69.703
15.692
50.292
43.151
71.559
80.236
15.319
23.095
33.092
18.672
20.623
37.577
14.014
107.522
107.766
10.461
21.794
28.882
16.740
30.389
71.552
21.480
63.257
1.802
9.088
57.222
136.237
30.226
0.961
70.539
45.322
54.101
7.828
31.799
40.026
11.440
6.932
33.434
45.494
46.362
2.520
32.447
54.214
19.250
39.283
79.268
46.970
24.333
92.920
65.842
24.197
17.077
23.535
16.751
14.909
154.547
73.914
21.501
47.444
19.427
37.264
35.026
25.509
35.575
4.721
28.765
24.530
16.601
46.513
17.430
13.360
13.751
45.700
31.555
20.423
10.753
11.043
22.761
25.892
25.729
19.616
6.077
9.874
33.588
9.068
2.961
32.332
37.990
53.261
22.107
23.245
17.453
13.344
16.607
20.923
5.476
21.249
15.895
5.845
20.577
1.613
9.962
18.948
14.291
35.503
36.102
4.640
7.716
36.960
18.024
23.844
6.067
0.043
10.998
6.963
16.253
9.199
23.494
12.004
20.964
10.470
7.869
5.097
8.006
16.780
2.348
30.922
14.837
15.505
12.327
15.321
33.639
7.417
15.278
22.026
39.967
10.584
0.330
49.190
102.156
35.987
21.070
36.588
29.101
15.593
23.483
6.887
38.262
25.622
16.607
6.530
17.405
30.631
10.176
10.324
39.549
45.822
13.376
24.572
28.376
44.623
27.720
22.604
14.378
24.906
23.557
26.177
24.450
22.434
22.867
5.322
8.892
21.904
16.342
19.964
14.615
12.203
24.565
12.211
10.670
6.418
17.507
1.603
25.391
24.669
36.760
29.610
12.053
12.118
40.100
38.361
56.623
13.508
20.241
2.557
58.951
13.815
15.849
0.395
12.906
15.066
10.858
1.765
1.645
8.446
0.021
5.328
22.276
21.033
31.572
46.451
93.525
22.709
8.010
1.030
6.204
5.970
25.142
21.804
23.353
22.008
19.029
16.042
16.004
16.188
13.997
20.132
21.937
23.174
13.760
19.537
22.810
20.071
18.587
2.750
8.533
6.530
6.897
4.369
3.056
5.984
3.368
10.761
0.096
0.141
2.644
8.923
3.814
16.143
23.064
13.355
4.630
13.814
20.232
3.148
16.318
1.050
0.306
5.535
1.925
0.000
0.000
5.202
9.762
21.341
18.206
5.592
4.183
3.037
0.142
5.749
6.491
2.168
13.944
39.650
32.041
14.193
4.002
5.370
5.443
7.835
3.121
0.120
0.799
5.340
8.089
0.000
3.272
2.175
0.421
4.618
0.000
3.334
3.212
0.510
0.173
0.000
0.000
0.000
1.590
5.945
6.058
2.944
0.575
0.783
0.000
15.341
8.447
1.980
0.381
9.050
5.555
14.323
3.366
5.466
3.608
15.384
3.641
22.441
29.558
8.950
23.588
7.775
29.491
3.226
4.930
20.745
41.687
13.302
21.238
21.111
12.753
9.778
24.781
5.500
0.884
36.361
82.736
27.625
23.894
4.741
3.593
56.637
28.679
19.336
11.664
15.709
6.376
7.048
5.249
51.953
23.440
43.120
30.235
13.117
23.425
68.045
92.814
41.837
76.303
29.850
10.463
3.842
26.903
5.819
12.100
29.538
27.025
6.341
5.462
2.455
22.768
25.917
45.452
35.743
29.122
10.713
29.454
61.644
6.537
15.449
10.149
26.856
17.418
11.307
14.720
16.370
10.334
47.902
71.382
31.642
17.391
36.336
68.412
18.356
28.005
0.527
39.613
206.500
14.416
49.887
33.536
3.174
70.376
27.171
22.691
17.952
4.255
12.497
17.345
30.585
71.297
33.227
17.336
21.427
29.897
19.992
26.333
7.660
13.314
25.330
26.826
11.621
23.473
12.327
35.745
35.572
23.609
3.535
21.852
5.820
1.691
7.162
17.312
21.354
17.618
22.824
15.441
6.139
6.849
27.653
16.418
23.761
37.120
33.543
14.912
10.276
22.335
11.649
29.910
3.725
5.534
12.456
21.411
33.357
41.901
31.452
26.910
9.448
9.792
21.089
0.405
6.183
7.388
7.598
28.485
2.096
26.058
12.821
13.299
31.747
6.913
11.355
24.627
24.249
2.458
5.114
15.808
10.355
9.574
16.522
18.792
14.055
11.079
18.737
13.636
20.237
0.014
5.615
14.333
23.751
16.689
18.723
27.596
15.039
18.452
4.764
7.582
26.189
17.484
5.031
44.809
17.300
12.615
15.632
26.521
20.874
15.425
38.160
20.543
62.036
31.987
12.353
12.645
64.636
47.536
17.327
14.852
30.341
6.303
42.739
45.071
17.847
21.881
2.577
25.897
23.322
5.931
17.309
23.904
35.567
2.362
7.220
3.476
20.064
12.050
38.622
29.531
10.513
19.369
8.173
8.233
34.740
25.051
25.758
56.941
6.662
33.566
81.776
12.694
63.873
11.137
16.425
16.874
7.383
3.106
5.454
2.841
6.365
1.095
0.014
0.000
2.654
30.951
31.191
26.419
46.349
11.845
28.513
19.628
13.568
23.154
12.250
3.934
31.036
70.694
72.812
15.779
12.718
23.849
41.254
20.974
37.448
7.848
2.941
1.722
10.277
12.782
5.323
2.862
0.870
7.635
11.635
31.804
24.320
29.424
37.613
95.957
3.875
24.213
20.706
13.451
0.065
0.504
1.353
11.537
14.878
17.406
11.615
20.126
0.690
2.317
7.294
6.077
12.135
4.740
9.812
33.680
27.160
8.350
13.172
10.995
20.687
10.614
7.323
6.660
23.868
19.748
6.781
1.059
2.337
2.556
9.289
11.578
24.865
18.460
6.393
3.104
5.929
4.625
10.041
14.898
9.202
27.359
32.597
5.409
3.370
0.000
10.368
6.643
4.650
5.370
21.073
17.523
8.628
0.069
9.213
27.452
0.031
9.374
27.219
10.181
2.190
6.535
1.354
0.604
0.086
0.745
1.594
1.584
10.178
13.030
10.607
15.591
0.021
0.972
6.130
3.921
0.000
0.000
0.209
6.676
11.609
2.898
12.495
0.041
0.010
0.000
3.026
4.952
8.341
20.031
16.928
28.662
6.338
19.698
30.472
18.313
10.313
20.330
2.913
0.297
23.052
20.526
18.316
5.414
10.626
0.311
1.808
8.586
8.559
35.668
46.585
26.570
21.772
50.846
2.757
2.269
30.786
24.747
4.343
5.723
2.832
0.807
1.572
9.023
30.714
31.768
5.503
11.172
35.939
40.162
22.100
13.269
19.281
2.959
6.671
6.430
9.177
16.177
36.876
32.688
25.619
15.233
26.086
22.694
30.813
9.459
17.592
9.853
16.725
11.144
4.897
9.484
35.982
22.398
24.884
4.855
26.968
13.177
18.031
31.191
3.898
13.314
9.572
21.495
0.000
0.000
1.490
1.581
11.184
32.968
73.141
32.997
41.528
32.046
2.293
15.436
1.243
30.260
20.884
71.373
141.504
43.513
54.993
0.910
18.313
27.983
28.086
7.302
16.734
9.584
4.765
6.757
13.589
1.387
8.600
4.518
10.756
16.205
9.373
6.781
8.641
23.785
83.784
98.528
44.496
0.974
7.742
14.096
3.440
30.593
16.751
13.420
20.186
8.114
20.479
22.141
25.531
19.894
15.077
9.256
45.673
29.064
22.367
21.583
15.638
5.089
15.846
8.202
1.310
21.962
2.599
16.737
10.173
18.148
10.502
10.804
6.025
3.622
5.500
12.926
5.572
12.583
15.178
12.881
7.121
8.641
7.962
13.046
3.272
15.450
14.588
18.787
18.284
11.440
4.322
12.552
16.843
35.264
47.705
15.666
34.008
59.571
116.170
15.950
21.804
25.221
20.233
32.429
25.011
21.123
18.023
17.911
25.784
17.077
7.867
32.348
10.971
35.992
13.947
8.320
33.488
30.990
25.555
12.420
2.925
15.849
11.726
19.837
0.839
38.971
34.499
10.137
19.782
15.733
19.557
7.706
24.083
17.966
10.629
30.180
24.070
30.224
6.432
8.358
39.535
37.573
31.330
29.376
83.159
11.476
24.520
74.824
8.303
19.623
24.999
0.000
16.130
22.459
2.036
4.455
11.513
10.183
16.881
16.631
3.272
1.221
3.680
6.235
13.596
7.138
9.847
20.167
17.192
16.013
29.622
11.288
10.931
12.013
12.816
11.845
22.828
27.883
21.696
12.054
3.735
15.278
10.952
4.309
10.130
13.225
32.344
33.174
22.034
14.912
7.608
1.717
12.423
20.742
13.374
18.153
20.483
8.518
3.536
7.320
15.982
1.487
5.363
31.601
2.204
0.048
17.012
19.882
22.625
6.362
9.071
4.362
2.990
18.478
11.776
27.270
9.740
5.105
2.530
0.834
6.173
5.651
5.524
2.403
2.959
0.000
0.000
0.000
6.420
0.000
4.216
0.463
2.702
2.146
0.000
1.342
0.041
2.534
0.000
0.000
2.331
10.722
0.810
0.707
3.217
1.923
2.135
0.000
0.000
3.650
1.298
0.034
0.000
0.000
2.558
0.000
12.681
14.694
11.637
12.397
1.401
0.597
6.703
2.709
26.079
20.047
7.368
7.148
3.845
7.440
3.629
1.813
15.130
11.991
30.255
19.037
7.781
22.694
19.394
13.776
14.471
6.180
9.098
12.480
3.248
1.476
2.307
0.199
5.383
5.205
22.113
14.461
3.395
11.906
6.245
3.111
14.948
3.584
17.077
10.351
0.041
6.176
5.047
5.016
1.559
7.311
35.022
59.366
24.494
2.975
0.000
9.258
3.880
4.079
7.706
61.650
60.892
8.211
1.219
1.360
92.162
136.388
7.072
13.956
4.113
1.682
9.925
4.652
11.628
107.354
18.653
60.593
49.974
7.694
1.981
84.626
46.833
37.295
35.778
12.705
27.050
37.764
0.205
24.486
18.922
44.141
5.095
65.681
41.773
25.651
21.867
20.079
19.759
21.128
24.045
18.288
27.225
23.737
23.573
6.668
3.480
11.930
16.450
75.727
78.679
23.121
29.177
51.227
28.135
16.207
52.882
59.936
40.176
0.089
3.286
0.803
12.964
18.234
7.533
24.922
25.176
16.418
37.460
59.405
3.917
28.240
115.027
0.230
0.639
34.167
112.023
27.703
33.261
7.388
23.191
16.964
20.376
22.773
22.010
18.242
0.455
16.064
17.635
27.100
17.233
35.668
37.487
23.329
17.209
17.748
40.191
13.628
2.564
6.101
22.373
23.208
2.206
9.163
8.149
5.675
6.674
15.041
9.277
14.121
16.069
17.518
6.499
13.928
28.231
13.439
16.069
6.386
55.862
7.534
27.672
28.304
14.365
20.713
53.212
32.705
20.936
10.234
22.656
10.900
16.970
16.517
10.427
8.652
18.124
17.221
21.585
4.508
30.030
8.830
14.227
26.800
53.672
37.168
28.144
18.062
10.928
25.138
22.302
11.798
9.115
13.819
2.983
8.398
15.455
20.976
58.378
18.991
27.310
25.401
33.383
16.641
13.788
27.723
35.096
15.915
45.912
53.012
11.901
45.531
102.238
0.184
11.484
21.331
50.262
21.812
10.957
6.604
4.861
34.398
46.445
45.545
54.695
2.479
17.801
43.935
0.230
4.504
8.284
20.634
41.940
135.468
8.375
3.258
19.394
3.135
8.243
17.595
35.649
3.471
24.637
48.323
76.693
19.207
0.699
1.009
3.838
1.902
5.023
0.000
0.512
4.340
25.267
39.381
88.277
2.103
9.213
19.257
56.330
17.333
5.302
8.730
36.288
32.227
49.340
37.692
11.324
22.963
82.507
80.826
110.720
11.711
84.022
66.699
10.255
21.454
8.180
21.089
4.259
1.749
2.456
32.568
4.079
5.950
1.227
0.000
20.191
25.847
44.468
18.188
21.262
28.538
48.924
13.136
13.784
10.976
24.282
18.687
9.778
8.173
5.749
16.587
8.586
11.132
5.796
15.249
8.578
5.819
0.687
0.024
0.000
0.000
2.070
0.410
8.765
0.024
4.779
28.305
39.625
15.798
11.563
6.686
0.203
0.436
2.057
13.786
5.184
1.492
0.000
1.841
4.162
12.351
7.471
0.264
0.616
1.318
3.596
0.772
0.906
1.349
2.044
1.943
3.179
5.394
3.317
2.359
0.470
0.045
0.000
0.000
0.000
2.232
8.181
9.956
2.022
6.537
1.545
0.000
1.222
6.025
4.436
0.505
17.788
24.469
9.507
2.468
3.289
3.854
5.042
7.677
0.096
27.360
16.740
10.883
23.904
15.786
29.133
15.177
21.645
39.980
28.187
16.716
13.662
11.531
26.709
33.481
15.166
12.477
8.097
9.673
7.366
2.409
5.151
12.761
5.415
55.000
3.723
1.735
1.272
0.295
9.618
27.960
31.272
49.317
42.960
17.137
3.049
35.905
39.486
37.096
51.442
12.391
6.305
35.442
40.386
4.738
6.158
8.719
13.522
27.894
18.690
18.557
8.247
13.534
14.526
24.158
0.711
4.915
25.502
76.872
79.924
35.936
53.407
19.847
51.416
66.941
60.305
8.679
20.792
21.454
25.375
28.240
54.561
32.767
8.020
23.013
19.133
20.342
80.228
110.629
26.027
13.304
24.826
22.718
19.336
41.285
85.065
79.397
105.338
41.140
1.674
32.156
22.769
34.013
29.133
25.996
1.655
0.872
8.973
19.679
19.496
29.576
18.388
13.321
16.449
9.295
5.788
5.433
16.950
10.852
4.934
3.859
7.306
4.913
13.819
6.527
22.105
19.123
35.122
28.262
26.113
12.082
16.984
29.256
29.409
21.519
10.046
19.151
25.844
21.622
36.461
44.697
125.495
31.304
37.628
65.319
22.802
1.164
15.700
16.758
36.809
23.789
7.197
27.484
7.211
26.383
22.821
22.142
22.358
2.765
9.227
0.257
0.000
9.189
25.725
9.017
32.281
26.522
2.973
0.546
0.778
16.280
14.644
5.735
11.518
3.670
4.142
19.732
11.944
24.072
12.428
1.142
11.429
17.887
16.196
17.794
2.365
26.214
28.834
14.507
93.121
14.531
17.075
19.590
11.112
18.368
20.869
13.366
0.675
14.389
79.381
5.572
10.564
15.001
22.295
13.232
47.976
9.481
0.536
40.354
31.261
19.992
9.174
22.186
19.113
27.135
24.792
0.235
37.325
48.711
25.638
18.605
47.924
17.806
18.363
13.773
25.404
0.518
56.233
78.118
10.507
15.516
17.676
20.038
35.690
0.445
39.455
25.994
34.851
49.119
16.620
13.863
0.786
15.228
23.482
8.954
1.991
0.970
28.654
29.004
4.034
9.020
0.051
12.943
16.634
44.472
103.330
10.712
17.756
21.830
44.653
28.115
8.732
7.182
1.355
0.000
0.000
0.690
0.661
18.339
8.756
4.408
8.204
4.415
23.691
16.775
30.911
50.784
25.281
9.644
14.574
9.844
7.752
5.792
18.188
15.666
21.522
13.159
25.466
26.462
13.415
47.998
50.982
1.735
11.676
15.534
1.988
11.180
8.469
31.328
11.312
13.510
11.243
5.128
14.237
15.294
12.921
9.368
6.214
5.704
7.211
0.027
1.897
1.280
6.952
5.340
10.458
6.853
7.464
1.495
4.049
16.540
6.413
21.856
140.594
26.323
24.058
16.596
24.867
4.513
16.684
11.659
2.067
0.220
0.472
0.127
0.045
8.889
4.673
1.181
2.105
7.400
3.655
16.201
34.569
11.422
7.129
5.967
0.302
2.190
0.870
0.141
0.882
2.851
2.920
2.791
1.785
3.258
0.821
5.871
14.433
27.327
22.440
13.626
3.105
8.226
9.400
15.237
7.471
15.710
3.526
5.400
13.740
36.147
17.441
23.964
28.321
13.098
35.479
10.427
4.518
28.832
32.454
0.402
6.334
9.277
4.024
4.982
11.254
14.111
10.049
16.407
7.526
15.510
167.394
94.664
11.079
28.008
35.201
76.221
4.283
34.219
2.493
12.706
13.795
24.431
22.041
19.887
9.315
12.439
11.244
17.044
3.873
43.303
20.385
3.361
12.578
0.057
23.413
6.391
31.484
16.181
4.267
13.237
12.130
15.104
9.477
0.000
0.227
0.014
3.720
8.935
22.044
44.541
25.068
18.824
77.677
49.778
8.138
28.990
31.644
1.135
5.117
43.024
47.935
30.877
47.796
21.875
20.409
13.407
34.430
2.662
57.632
31.309
15.944
5.873
3.200
29.208
16.290
7.851
16.126
39.661
41.717
20.099
21.272
22.251
12.509
27.569
17.993
12.436
36.502
104.938
30.015
30.393
150.300
43.909
56.171
14.771
38.556
23.171
29.811
18.448
25.694
25.381
34.727
33.223
32.441
19.355
36.251
25.161
21.041
28.662
38.469
29.278
7.987
30.078
58.653
16.346
25.679
24.311
15.617
28.429
5.190
29.811
3.790
9.036
29.756
26.879
1.536
0.822
14.541
48.635
34.756
91.695
46.400
20.886
13.887
25.766
26.714
13.041
20.678
14.644
2.041
11.606
18.927
18.860
11.467
22.005
17.305
0.227
7.696
7.066
27.298
14.028
15.753
14.670
25.013
4.189
7.327
30.703
10.440
29.206
22.663
0.232
0.803
10.083
4.992
12.318
25.801
5.538
10.348
59.127
45.113
10.344
31.536
22.446
48.546
40.632
35.110
22.338
20.642
12.451
22.340
34.078
24.482
21.820
9.593
18.043
23.695
4.753
12.011
13.214
37.166
24.426
13.142
7.661
33.840
19.151
19.056
50.913
94.784
18.067
2.702
24.127
38.770
45.557
40.095
15.707
37.336
89.513
46.139
77.193
16.672
25.605
69.440
20.575
26.173
15.879
5.318
16.528
2.856
0.017
17.197
1.442
13.326
5.682
1.023
24.958
34.995
0.055
3.454
7.263
2.932
6.077
0.055
0.000
5.873
13.477
3.756
45.487
11.000
27.538
10.919
22.930
53.325
39.130
22.168
18.793
28.053
14.725
34.358
29.955
12.090
2.103
2.981
9.867
9.258
3.914
11.973
12.019
17.147
14.033
0.740
0.969
8.319
12.194
7.526
6.896
7.872
16.535
17.084
2.922
4.113
25.121
19.611
0.240
3.341
17.441
21.363
12.881
31.139
47.766
28.674
113.640
6.303
3.444
7.402
31.472
21.782
35.788
28.980
0.862
20.641
80.348
6.176
0.731
6.214
24.199
25.210
10.543
0.999
6.705
18.145
21.487
3.680
2.087
0.014
5.751
12.655
4.556
11.385
9.623
5.383
9.665
3.821
16.936
44.333
30.168
12.181
1.363
0.148
5.867
7.196
16.579
10.289
12.399
42.792
38.373
60.559
87.043
34.919
26.377
9.371
3.786
34.762
12.633
8.853
8.166
7.759
13.122
1.755
1.330
6.395
1.742
0.090
0.010
0.353
0.220
9.442
5.354
0.072
0.000
1.059
1.487
3.363
22.573
19.867
5.165
1.154
8.508
20.826
22.572
0.000
4.134
4.916
4.319
2.046
9.047
7.790
16.459
47.526
8.051
4.103
5.160
16.543
16.078
51.114
31.177
16.050
38.813
29.162
63.000
13.647
4.910
20.284
19.950
65.145
23.912
46.484
123.490
22.026
31.776
18.951
14.021
9.345
22.936
6.437
28.273
108.778
4.007
16.875
20.016
21.291
8.501
1.730
0.007
9.496
40.023
53.028
9.251
29.134
72.827
32.241
17.503
23.380
84.619
13.577
11.699
4.010
12.557
13.853
13.462
17.918
39.295
29.224
24.161
12.088
32.103
60.571
143.399
1.672
35.879
10.792
27.482
35.391
20.405
70.921
19.260
58.673
89.915
16.171
36.052
24.886
19.529
15.406
22.029
5.926
0.757
39.848
20.886
21.209
34.264
59.623
49.579
44.639
85.707
54.430
25.600
53.119
29.246
63.824
11.824
14.804
28.534
48.403
23.046
1.730
14.121
23.143
12.658
10.087
12.473
24.860
9.175
27.610
8.935
11.182
23.696
10.782
0.275
5.150
4.820
3.662
9.683
17.810
9.891
14.212
17.843
18.905
26.349
15.309
21.161
20.979
25.072
20.304
23.547
2.913
10.490
25.438
2.982
17.118
21.518
32.270
7.745
20.923
20.359
60.447
18.170
13.965
13.899
25.708
2.040
0.139
22.134
6.652
15.225
8.606
4.492
7.048
17.116
40.737
41.344
21.996
11.946
9.477
15.944
18.669
3.789
15.335
35.090
5.225
26.414
35.368
41.576
23.141
24.778
20.589
36.525
51.262
1.377
2.417
24.908
31.261
26.965
13.208
19.398
17.178
6.951
11.864
12.830
22.614
42.133
34.173
27.511
29.097
38.666
36.627
12.227
30.410
33.704
108.914
1.765
35.855
64.093
37.248
20.578
17.096
58.028
20.364
7.411
5.018
14.710
4.031
4.070
38.178
78.453
16.553
15.547
11.983
19.408
22.333
25.881
6.471
43.672
25.176
17.463
3.538
8.010
4.104
12.605
2.745
0.000
0.000
0.000
0.910
3.402
12.363
30.722
92.537
59.316
26.479
92.235
0.554
14.989
3.425
8.104
14.833
8.195
12.936
26.535
8.423
66.218
37.123
4.647
19.909
29.490
19.446
18.011
11.644
5.936
0.000
5.064
7.052
1.293
22.101
12.150
4.345
4.086
14.504
6.008
13.875
107.996
2.467
4.410
17.498
48.536
119.037
1.339
14.354
5.527
16.459
71.557
10.949
56.837
2.942
9.560
12.737
4.697
6.767
12.033
5.169
3.526
3.378
7.622
26.005
33.426
30.947
36.917
90.582
42.006
3.241
2.599
4.007
7.857
12.301
2.860
9.005
7.737
5.951
19.505
24.218
3.917
1.904
10.125
0.215
8.037
1.610
0.163
5.677
2.341
0.000
1.687
2.647
11.306
11.637
3.895
4.249
13.249
5.557
7.539
15.381
16.028
7.435
9.743
2.140
0.318
6.410
2.839
6.183
1.869
2.374
0.113
2.584
0.082
1.392
0.127
0.000
7.567
5.466
0.625
2.072
16.311
9.020
0.578
7.797
6.314
0.000
0.652
0.932
0.439
0.230
4.199
16.080
20.889
18.788
8.126
9.798
20.750
14.811
47.023
31.086
11.522
47.469
37.760
81.661
105.539
17.142
31.821
22.434
8.485
23.603
24.936
12.993
36.737
12.181
37.388
10.338
22.450
36.061
3.535
10.332
5.962
11.060
4.515
39.558
44.019
29.074
28.946
2.026
7.871
4.183
13.110
51.451
80.283
33.335
4.342
11.172
16.269
9.676
14.661
51.533
32.228
30.005
29.185
7.542
4.136
9.847
1.976
41.058
145.181
4.629
2.196
41.071
66.291
57.661
2.301
10.386
33.323
11.687
41.315
17.873
53.527
16.467
28.434
56.061
2.276
23.823
28.770
10.722
13.695
50.187
49.025
3.533
22.611
56.714
53.953
23.866
7.189
10.207
0.642
10.928
5.776
33.002
82.820
85.820
18.522
48.048
6.259
8.961
10.876
41.582
19.065
33.344
27.208
30.666
18.962
22.855
22.714
23.009
21.444
27.184
17.746
48.687
30.628
21.320
19.854
23.758
26.096
29.030
33.065
55.157
36.049
30.683
26.896
11.254
12.863
16.122
11.412
5.249
6.345
2.870
22.244
20.207
28.637
21.272
1.957
13.711
19.285
18.615
24.136
23.544
33.472
79.138
104.554
79.908
61.467
110.212
31.891
40.890
0.034
26.280
39.470
43.181
14.253
21.648
10.756
16.088
10.231
6.602
29.620
17.661
3.646
22.604
18.088
30.954
30.382
17.722
48.014
31.817
67.775
31.182
15.099
52.367
88.426
67.645
45.041
17.067
43.358
71.693
21.610
35.940
107.472
4.961
2.616
23.542
42.998
17.140
7.210
16.223
50.316
31.668
57.584
90.891
9.311
8.710
82.734
48.877
23.979
33.802
27.298
42.726
43.042
56.557
53.153
14.016
12.518
21.716
60.324
9.297
32.242
59.481
36.033
36.560
35.338
19.592
32.011
16.183
14.778
30.824
52.927
32.842
23.466
23.833
23.706
8.027
11.484
39.860
43.204
24.455
50.678
26.051
3.516
14.921
3.632
12.195
54.736
32.279
1.682
15.680
3.845
8.078
2.087
8.679
6.173
5.994
2.283
13.451
1.023
11.718
1.404
8.264
2.046
3.964
33.326
24.778
22.160
16.548
42.436
31.272
0.836
3.208
29.668
32.303
10.859
4.156
22.767
42.129
30.828
26.995
30.858
15.853
12.382
17.239
4.427
27.264
31.100
42.826
15.827
8.640
4.993
15.776
11.261
21.830
0.916
0.000
18.987
25.396
28.116
16.347
31.366
1.634
2.214
5.804
4.055
12.343
20.271
15.927
24.292
14.792
18.428
4.748
19.617
27.534
5.761
10.436
28.564
68.935
37.482
10.834
17.707
11.414
2.812
0.148
0.003
0.000
11.285
9.939
9.007
35.002
12.291
14.049
0.003
0.007
5.576
32.447
66.412
28.197
33.184
7.965
9.980
8.391
12.827
7.625
8.750
10.808
16.713
5.414
0.700
0.000
0.065
3.880
4.534
5.332
0.916
4.265
2.585
4.839
27.050
55.620
1.834
4.364
6.135
2.474
22.256
25.901
69.986
20.504
3.725
2.538
19.064
13.362
0.516
13.759
1.363
7.786
22.990
22.928
10.508
24.596
26.461
7.345
17.721
7.356
4.293
14.759
54.202
0.400
2.252
9.297
19.963
39.772
10.121
11.338
21.597
43.113
1.380
15.597
38.267
34.727
11.205
5.258
10.578
9.246
1.373
14.543
41.565
8.300
16.512
27.243
24.930
27.655
1.947
2.644
2.269
3.706
8.068
2.838
26.209
8.331
2.695
8.957
10.669
8.323
13.597
5.285
30.908
29.095
9.199
22.846
13.372
28.604
36.825
2.599
17.738
19.066
3.540
4.448
5.134
1.791
10.127
7.900
3.531
2.420
2.204
0.992
13.996
12.447
11.640
36.557
12.756
30.094
47.955
10.605
16.121
33.041
31.004
14.729
1.626
19.621
28.547
73.680
21.114
6.324
5.534
10.588
12.133
0.652
2.719
37.323
34.638
7.162
19.508
28.954
43.461
14.787
41.206
23.241
20.270
32.300
18.423
16.510
40.097
58.128
37.941
37.759
30.034
2.309
13.657
15.628
64.225
71.095
52.858
21.461
54.502
41.120
63.408
43.286
36.138
1.188
10.870
5.273
23.669
6.094
21.095
2.827
40.409
75.715
63.314
31.866
41.475
91.313
13.541
34.269
61.798
16.727
32.331
2.468
53.630
59.258
0.154
17.824
32.696
15.247
22.127
7.625
22.800
28.156
12.427
8.799
10.616
46.809
55.682
17.928
27.322
8.540
8.221
12.107
35.028
1.964
19.173
22.925
57.749
27.251
19.896
8.193
2.692
16.601
22.161
7.519
14.792
10.629
53.133
147.526
56.127
126.108
7.538
7.167
4.096
49.469
18.102
41.985
47.765
10.628
10.761
18.972
1.830
17.839
22.457
0.954
24.863
36.974
87.705
5.696
30.903
28.286
23.068
34.346
20.826
26.247
26.178
59.743
31.431
16.315
4.302
45.291
18.210
51.639
15.566
4.055
28.836
21.691
3.732
18.018
0.154
22.512
18.739
19.066
26.197
12.512
2.693
6.806
9.574
43.037
83.623
48.968
1.994
12.349
12.107
5.487
11.510
9.910
25.653
22.213
11.160
5.449
18.844
26.335
50.681
17.224
0.409
31.502
48.357
32.487
15.156
33.356
32.375
11.287
0.613
14.281
12.311
2.580
19.039
8.368
10.888
14.093
22.531
9.112
28.081
16.691
1.059
1.756
18.881
7.270
6.408
0.167
3.262
4.775
35.471
12.112
0.371
46.084
54.542
2.499
0.433
2.173
4.614
3.419
6.830
34.106
10.715
22.659
21.583
27.974
17.144
13.486
21.190
12.356
24.795
1.150
5.519
1.126
8.487
4.336
1.174
2.168
1.734
0.391
3.869
18.330
43.496
23.871
8.226
7.536
8.267
24.263
8.841
9.623
6.087
2.438
5.603
20.922
58.356
38.886
13.799
73.852
38.126
62.088
45.611
47.020
69.995
24.288
19.707
30.006
12.241
2.721
23.763
15.147
19.413
34.000
31.381
9.570
18.062
7.383
7.654
30.921
31.237
12.598
21.457
30.933
15.319
3.071
24.228
30.530
8.326
1.940
6.609
18.697
1.133
54.389
87.489
30.568
6.200
6.606
11.560
17.685
23.279
52.285
23.523
19.185
27.407
25.471
8.013
19.178
22.652
23.844
26.439
48.438
3.682
0.491
12.581
17.667
6.166
22.103
23.270
52.954
46.585
2.039
2.868
5.857
0.625
59.378
45.658
57.491
3.632
27.813
18.083
14.169
11.168
9.895
4.692
24.451
9.877
4.092
29.873
5.219
11.319
17.789
24.307
0.333
19.875
6.822
0.086
22.022
24.215
22.793
14.886
28.530
19.638
23.147
27.074
14.447
27.661
33.505
25.674
41.576
24.925
12.463
25.907
30.642
2.786
17.489
38.689
36.838
6.822
3.677
105.060
34.121
12.068
2.262
4.829
5.157
19.514
51.550
15.755
1.854
7.450
26.299
0.809
12.267
21.739
4.748
8.974
17.005
5.850
6.321
19.418
25.749
1.425
46.276
47.554
15.026
26.894
61.980
6.624
26.374
53.026
37.618
14.620
5.987
19.849
28.290
8.506
34.954
26.899
27.591
22.273
3.790
8.046
16.522
2.345
56.243
7.938
15.558
82.278
38.064
52.256
46.328
29.201
50.362
8.308
2.642
33.607
0.628
24.422
12.239
24.630
19.854
27.506
50.886
36.773
109.405
86.960
35.891
32.803
34.563
20.165
32.775
13.628
8.391
3.359
32.022
12.821
28.722
10.813
29.673
20.697
24.597
15.285
0.017
7.232
32.847
29.854
24.512
29.514
27.797
5.867
40.270
15.167
8.741
11.242
23.044
32.075
53.107
23.833
56.540
50.525
5.625
18.471
11.264
24.251
33.301
16.788
75.038
62.160
21.834
41.364
57.563
33.745
51.665
8.479
28.696
17.741
13.185
28.195
28.192
27.353
43.082
42.258
61.266
18.274
7.931
25.299
29.255
26.223
23.803
21.550
24.321
9.077
18.218
24.651
47.221
9.613
0.443
19.892
71.878
86.092
6.290
9.383
18.476
15.896
49.356
82.779
15.364
27.874
48.209
35.565
43.794
16.826
18.601
11.628
18.369
19.710
50.101
28.338
13.469
30.619
23.971
30.278
26.220
28.281
12.610
21.550
26.704
21.650
5.637
16.478
33.704
90.984
20.620
1.984
14.159
5.557
6.751
7.934
19.216
8.181
32.945
14.526
8.659
22.330
20.441
9.412
5.606
2.870
22.961
17.729
14.384
3.490
9.076
7.284
10.444
9.743
50.407
31.060
38.021
32.169
53.125
27.871
9.901
36.396
26.680
4.128
36.284
32.545
12.874
0.216
11.608
66.172
62.068
3.729
24.960
29.648
13.664
19.477
15.858
18.673
14.674
9.771
24.493
9.821
34.706
7.430
48.948
37.800
21.717
16.950
19.566
16.074
3.756
7.127
4.364
10.437
7.064
4.051
5.514
6.921
21.816
32.949
19.123
13.218
16.407
6.733
2.630
0.089
7.371
1.957
3.598
2.419
2.577
5.246
5.311
1.787
0.021
0.000
0.000
2.479
2.992
3.042
2.800
1.528
2.125
7.505
12.332
10.605
22.206
14.172
15.940
16.874
15.223
7.484
11.405
4.542
3.921
0.060
0.021
0.000
0.007
3.950
28.938
20.471
16.102
14.777
32.172
23.724
12.163
16.924
17.734
10.696
55.972
13.429
2.120
9.646
21.564
40.917
21.363
18.117
1.569
1.507
38.886
81.523
6.659
14.808
29.069
34.737
5.188
10.904
1.514
9.936
7.375
10.506
20.508
27.528
17.752
13.420
106.603
23.895
4.638
18.471
9.232
8.367
34.418
32.262
32.997
8.298
11.376
10.756
33.443
9.685
19.703
22.567
2.939
50.125
70.691
61.941
8.822
20.014
52.875
39.829
6.255
14.289
32.561
9.824
32.192
0.299
4.801
6.159
17.527
17.537
11.888
13.557
38.801
35.192
15.333
18.073
34.947
58.835
24.570
16.878
33.759
18.270
28.106
16.800
20.071
15.892
21.053
4.371
0.227
25.382
24.639
32.906
21.828
17.671
18.479
28.479
51.759
31.218
61.630
47.377
38.500
65.240
50.125
18.594
87.664
0.580
2.626
19.930
25.557
11.621
1.466
0.096
22.222
42.630
67.070
32.392
27.940
15.899
39.928
12.401
25.090
27.532
50.625
31.412
5.927
8.381
28.079
29.794
22.618
27.785
9.901
22.359
47.212
8.779
3.550
9.589
8.768
27.589
18.401
33.833
46.167
19.223
24.201
30.448
21.847
36.080
11.628
14.563
29.452
116.682
0.007
3.312
9.091
16.476
37.160
6.568
57.211
46.500
29.562
16.656
13.415
18.697
9.937
14.346
3.165
0.893
13.316
27.909
18.359
22.732
18.019
17.758
78.204
82.552
117.658
9.934
11.496
37.206
98.427
20.428
34.099
34.513
29.392
12.102
15.274
31.297
44.337
12.916
27.613
1.411
26.371
18.757
30.556
48.536
38.020
14.825
25.461
84.787
11.240
9.582
46.527
111.467
5.723
49.861
25.397
37.755
18.838
51.292
8.772
20.774
64.098
11.048
25.605
53.617
33.697
0.158
1.483
1.772
20.040
6.760
14.299
5.861
18.577
15.350
30.587
47.653
12.744
16.397
23.887
4.420
7.800
13.451
68.548
47.646
8.969
17.782
5.586
31.299
0.163
16.037
50.800
10.135
3.814
9.089
23.554
28.165
38.818
42.986
33.581
37.992
33.706
28.625
0.800
32.105
7.910
19.708
16.922
22.493
9.644
12.000
16.991
2.510
15.066
25.475
5.399
31.414
8.209
10.834
9.519
12.617
11.337
4.444
3.347
5.050
12.799
22.046
7.364
14.766
29.000
34.202
21.159
38.620
5.174
5.112
8.047
6.611
2.103
21.365
8.240
0.652
6.228
5.170
7.440
9.908
2.287
23.483
10.094
8.343
1.524
36.389
2.695
18.337
15.271
18.612
52.542
16.847
4.515
13.177
9.524
3.790
1.432
1.847
25.184
15.278
17.077
26.745
6.211
4.048
0.000
8.938
6.207
25.396
53.072
57.095
20.249
42.229
39.139
31.991
12.621
7.042
26.618
48.865
7.788
24.681
22.640
12.485
21.907
19.257
26.254
31.756
37.935
30.952
47.384
23.315
57.318
16.318
33.362
24.506
13.156
17.388
23.698
8.429
21.042
23.590
18.896
19.624
24.791
22.026
22.016
20.649
26.086
34.789
19.641
13.494
14.299
20.084
32.324
25.818
21.018
17.103
19.286
12.720
19.137
14.107
29.059
36.243
26.173
9.356
17.427
12.428
11.206
20.793
18.694
26.652
9.556
19.511
20.639
25.751
53.043
42.677
29.119
12.763
19.746
22.132
15.484
26.063
41.968
20.296
26.527
3.263
0.005
0.024
7.040
18.943
22.163
33.474
4.716
25.186
23.147
12.988
15.510
33.163
17.494
2.980
16.533
34.346
45.514
16.117
11.467
17.906
32.011
32.976
11.175
6.841
8.041
19.226
26.668
12.193
82.255
18.733
21.169
14.509
15.405
25.255
36.952
10.423
73.102
4.213
87.534
46.977
4.748
17.619
17.149
17.460
3.081
2.002
2.065
26.511
10.962
38.813
16.625
35.060
25.883
31.318
42.167
37.204
70.913
44.804
8.588
23.567
64.806
46.486
35.966
3.117
3.780
10.787
5.074
3.952
10.983
13.561
17.578
7.217
1.662
4.161
27.881
28.262
32.677
16.258
6.798
23.957
12.857
15.793
5.933
6.273
2.372
6.769
5.155
13.469
19.078
60.030
23.837
35.925
17.327
30.854
12.526
25.390
31.273
47.713
58.792
5.037
15.520
94.561
29.546
31.587
25.203
0.918
0.930
31.095
11.374
24.079
1.236
20.599
18.459
45.271
51.385
14.289
12.545
18.464
15.058
15.755
15.051
12.748
26.911
12.238
7.550
4.041
31.191
17.825
22.549
15.295
4.889
39.784
36.550
15.745
29.313
41.082
29.924
11.288
30.202
2.378
3.787
3.193
22.196
23.291
34.700
20.877
17.108
49.995
6.290
34.137
19.360
5.390
37.309
16.517
22.663
24.699
22.378
19.350
13.939
11.515
17.376
23.425
18.828
54.231
11.858
7.965
27.140
27.147
6.190
27.452
39.623
24.685
30.848
25.348
27.147
32.523
32.375
30.003
23.458
57.586
0.203
11.781
28.575
18.818
10.355
42.407
33.982
15.137
42.021
45.212
17.374
16.644
24.826
31.260
17.870
12.044
10.526
10.197
23.665
42.469
29.529
27.552
20.962
17.032
131.850
80.156
4.201
13.105
43.492
21.890
29.358
0.990
5.682
18.519
25.952
41.085
229.254
27.855
150.324
5.476
1.761
0.419
0.065
0.014
0.010
13.434
26.196
21.470
5.538
9.235
4.616
48.810
3.011
10.574
29.536
11.848
21.851
26.971
34.329
30.793
156.112
3.100
29.545
7.162
48.093
2.687
11.409
38.342
0.560
28.389
97.725
83.850
5.404
13.093
1.344
4.779
4.194
14.008
12.416
10.101
9.476
7.893
38.552
9.819
28.599
40.454
21.755
9.326
19.413
81.800
12.964
12.466
26.551
37.747
7.395
28.333
21.665
65.003
26.553
7.668
21.341
7.989
5.962
22.331
20.229
25.880
22.539
23.753
41.896
17.951
29.217
36.378
27.962
15.515
11.958
52.357
19.700
20.944
34.410
20.939
8.315
16.871
14.461
18.958
13.304
15.444
22.956
6.660
30.963
18.172
26.757
16.569
29.273
5.555
11.414
13.364
8.751
24.393
6.303
13.441
14.825
27.057
17.444
43.588
28.812
46.905
12.425
29.620
9.373
19.238
8.133
16.335
43.096
103.009
20.124
31.282
30.717
22.402
15.137
7.254
10.773
9.908
26.154
18.601
13.245
11.613
15.278
17.839
21.161
42.198
18.991
17.455
20.836
46.089
17.377
15.425
33.556
51.121
14.085
28.237
27.117
18.100
12.864
17.482
12.530
24.671
25.033
26.137
39.001
17.918
34.028
38.246
46.266
29.442
39.359
44.328
36.880
35.874
39.918
38.099
20.153
25.433
36.241
30.295
41.521
105.081
24.508
38.177
111.123
26.439
9.311
3.557
18.272
19.811
12.916
20.471
9.496
8.889
17.602
21.962
14.452
16.950
5.854
9.208
7.062
0.029
8.138
70.817
23.741
27.747
43.324
35.371
25.396
17.961
71.300
57.108
4.563
11.426
30.044
22.788
4.791
56.150
16.528
21.487
35.582
27.826
27.610
13.834
5.886
9.895
29.929
36.009
29.965
6.636
17.513
11.810
24.127
4.849
37.252
205.575
23.377
24.256
13.084
19.284
8.473
21.880
21.156
25.301
8.265
31.263
25.701
14.227
33.752
22.131
13.863
19.333
88.145
8.523
21.066
40.673
27.105
31.205
7.845
20.143
28.583
32.111
96.748
0.573
16.916
37.233
9.510
36.736
13.685
28.183
26.559
21.976
15.565
26.712
38.768
11.048
73.782
50.870
24.166
24.649
37.717
22.910
21.938
3.334
30.202
20.816
32.017
18.987
24.754
19.633
49.926
8.597
9.901
39.798
4.333
28.654
11.003
27.732
42.589
40.340
17.317
22.958
1.792
21.557
41.209
23.123
13.077
59.965
16.387
23.289
14.062
39.468
20.905
23.545
22.985
176.283
6.705
17.369
41.966
17.376
3.227
32.959
34.023
21.444
20.409
19.714
22.211
13.925
18.347
36.094
7.009
19.417
7.224
32.629
14.941
24.089
73.959
34.995
41.065
18.754
25.741
20.771
22.828
15.752
26.431
204.471
50.403
11.371
26.899
28.353
34.542
32.901
12.006
41.849
19.654
27.476
13.668
10.701
4.195
16.428
26.010
25.327
16.926
27.442
19.451
79.441
58.835
46.156
7.713
1.001
6.762
16.397
24.527
16.795
16.397
5.981
19.113
32.554
28.194
0.954
5.895
22.769
2.184
19.952
34.142
14.105
1.995
5.078
0.460
0.360
16.098
33.604
58.655
27.912
25.639
68.352
14.859
24.654
28.789
22.357
25.105
21.827
25.414
39.259
144.618
28.667
2.451
10.379
33.316
37.297
11.058
8.583
6.760
18.097
27.538
197.308
88.435
18.011
30.686
36.160
23.916
22.774
15.740
34.597
10.073
9.462
19.841
10.918
8.326
23.899
18.625
11.623
20.462
26.436
21.598
150.561
20.253
12.222
7.151
12.439
12.461
21.629
8.772
11.759
14.179
22.278
17.249
37.980
24.239
9.838
15.281
25.914
20.917
24.136
18.430
12.552
12.176
17.920
34.111
17.401
23.750
10.401
2.605
5.658
15.587
12.931
0.336
17.729
10.675
3.768
10.871
11.212
5.678
5.412
4.247
1.514
4.688
14.124
5.996
19.029
12.133
18.576
21.758
11.194
11.314
7.265
13.858
9.884
31.618
22.680
31.198
17.257
20.115
23.260
21.150
16.504
13.050
18.028
35.321
8.899
11.992
15.113
17.851
19.477
11.340
26.863
24.321
38.545
44.174
34.411
30.583
37.099
20.414
15.693
22.416
75.727
31.036
38.047
0.275
26.141
33.177
30.691
20.091
41.549
39.458
31.696
38.729
66.996
29.636
12.548
24.534
25.358
29.303
4.561
7.373
52.110
8.245
13.819
12.923
18.824
33.728
37.103
52.710
46.946
35.139
26.460
43.767
20.773
8.562
12.173
12.868
18.375
42.486
15.177
20.203
27.119
26.650
28.262
33.469
34.875
27.538
20.575
40.828
6.113
16.401
1.112
18.704
6.899
19.116
14.117
26.432
65.746
25.758
29.848
24.376
32.703
12.679
3.045
18.048
27.627
47.094
19.858
8.176
36.715
50.256
22.800
25.838
23.181
38.442
36.859
153.620
9.479
16.323
20.150
36.397
84.023
31.843
6.485
12.842
19.106
22.779
30.897
8.767
10.382
8.648
16.533
77.660
9.936
26.253
27.831
27.068
17.340
15.479
22.867
23.111
22.120
23.397
44.337
13.488
5.431
17.887
21.990
30.068
39.101
17.935
38.188
12.680
32.978
27.382
14.014
19.590
17.453
17.691
35.263
58.847
10.210
29.249
3.517
12.124
16.136
17.041
27.473
23.425
22.628
14.347
47.076
58.118
17.091
32.290
47.693
27.332
40.114
36.739
32.475
37.901
57.458
16.370
37.714
15.831
46.997
30.200
24.237
22.400
16.438
29.208
15.453
29.145
26.922
7.277
10.561
36.801
21.434
18.454
42.720
91.228
19.243
0.577
24.517
37.786
7.131
0.793
16.332
46.555
20.362
17.870
29.941
30.933
24.359
12.384
9.819
9.356
76.707
14.471
65.341
16.922
27.833
22.718
17.882
5.540
27.198
33.831
10.667
4.446
9.182
38.811
0.858
20.768
29.328
12.380
12.533
4.968
12.971
25.451
23.099
23.990
39.621
8.722
18.739
19.648
25.914
21.307
22.628
28.410
10.698
211.875
19.902
35.958
17.338
19.006
13.817
19.897
96.305
16.277
0.184
23.303
16.617
33.189
37.814
13.606
2.789
20.191
30.779
9.232
1.112
4.992
8.686
17.362
37.590
53.757
53.644
26.460
19.666
58.049
18.514
13.575
20.572
7.623
65.580
32.114
10.538
19.028
1.978
3.215
2.170
2.151
5.955
23.974
3.040
8.538
25.311
31.452
30.887
25.770
25.721
15.281
23.397
14.763
84.452
0.656
0.442
9.668
18.510
20.416
20.227
9.187
5.237
14.806
12.370
19.154
27.488
16.320
19.470
45.952
16.035
23.130
22.474
17.400
2.578
8.480
29.871
18.893
26.264
38.799
14.481
13.190
14.943
28.269
14.222
12.911
6.113
8.796
28.832
16.591
15.359
5.682
0.402
0.505
5.974
10.262
33.074
27.504
6.609
8.714
4.130
16.673
89.760
25.607
29.564
11.870
11.388
70.773
9.859
14.672
10.906
19.137
12.511
3.390
3.713
15.343
39.520
20.493
24.532
25.674
12.662
16.655
26.014
21.434
7.871
12.761
21.097
26.082
11.934
16.588
33.374
35.300
24.728
18.721
24.848
4.683
17.307
17.750
38.394
20.045
29.797
32.904
25.229
20.915
19.803
24.757
12.576
15.372
16.830
17.031
20.229
30.846
32.176
20.489
19.674
25.100
21.437
13.376
0.367
4.652
14.183
14.306
12.401
20.455
28.333
34.665
10.813
1.741
19.109
38.258
13.216
20.738
25.351
21.269
6.441
23.147
30.635
89.738
20.416
26.529
18.986
15.862
27.764
14.677
18.416
28.297
19.813
5.203
11.573
26.608
24.012
23.296
27.454
27.092
124.894
24.654
38.768
28.128
19.036
20.198
16.517
22.810
41.999
40.093
36.974
34.349
21.313
10.732
17.015
21.988
40.395
18.749
8.465
11.992
2.863
35.208
52.144
12.215
21.530
16.953
11.838
43.781
31.507
14.075
33.007
2.874
15.395
6.108
17.156
8.871
10.236
31.750
9.232
13.743
4.384
25.154
42.845
36.403
12.150
13.743
62.361
16.095
20.187
29.591
33.601
38.706
27.703
17.640
31.673
20.498
13.043
12.947
10.073
17.927
26.336
47.399
6.254
19.382
11.464
32.853
39.444
24.403
174.435
3.713
14.739
40.114
22.749
11.845
48.491
27.970
41.460
13.263
19.920
28.067
15.110
27.088
9.222
20.642
43.770
47.445
21.552
27.179
31.265
35.627
45.480
25.955
30.769
44.519
29.114
40.622
34.138
32.782
36.073
13.510
23.313
40.358
17.654
23.051
41.343
23.071
35.163
24.036
18.454
32.310
43.600
27.722
10.871
33.769
28.283
43.849
