19790101
0.999
2.993
0.163
0.000
0.000
0.000
0.000
0.031
0.438
0.031
0.000
3.668
2.032
9.033
2.091
0.293
0.007
0.935
0.402
0.000
2.023
0.402
2.494
1.389
0.209
0.039
0.601
3.888
15.212
1.116
9.354
10.619
0.021
0.089
0.000
0.000
0.379
1.674
0.048
1.148
1.025
2.788
2.978
5.209
0.174
5.251
0.974
2.043
1.250
1.560
0.409
0.031
2.466
25.384
3.778
11.052
4.446
3.471
19.557
3.749
2.596
12.651
5.222
6.654
3.498
6.870
11.999
9.371
2.942
7.004
5.270
0.165
3.488
3.330
2.956
4.899
2.350
6.030
0.323
4.171
1.679
7.371
22.927
25.159
7.217
1.497
15.422
8.072
8.374
11.251
6.581
20.531
8.126
9.057
23.336
32.901
36.694
22.793
0.973
14.792
7.562
5.335
7.076
82.085
18.090
18.951
15.175
10.852
23.676
17.245
7.266
38.236
4.576
17.458
1.899
4.072
0.271
32.801
104.993
1.099
12.772
42.905
1.411
0.227
16.112
19.353
17.503
7.011
8.346
0.851
13.850
14.821
41.810
3.402
19.988
12.397
0.834
14.955
30.130
32.070
27.263
12.744
103.066
0.072
13.826
16.239
31.253
22.618
49.106
3.201
32.538
28.594
28.286
0.920
11.785
17.661
5.474
0.069
25.572
0.371
16.191
15.542
15.510
21.274
63.829
3.454
6.557
30.176
18.122
18.509
11.489
11.101
10.173
10.458
9.307
18.318
10.135
2.771
10.502
4.599
7.452
18.900
22.202
11.675
1.064
0.017
0.000
0.000
0.000
0.000
0.000
0.196
0.134
12.979
10.487
14.294
15.645
8.185
13.534
16.340
15.137
14.248
13.838
11.359
4.175
8.145
0.053
0.525
5.325
2.824
1.912
14.426
21.655
17.772
14.677
18.212
4.425
1.530
0.927
2.417
0.850
0.307
0.158
1.641
4.034
11.278
11.222
38.230
26.506
47.497
3.428
25.329
21.200
18.636
11.185
16.883
7.632
17.061
13.364
10.391
22.347
29.052
21.760
34.010
6.358
8.432
9.211
36.322
0.021
11.755
57.513
13.925
26.455
28.706
15.901
29.893
4.499
9.059
68.797
6.678
53.151
9.826
11.949
23.396
37.661
10.204
16.799
25.969
21.300
14.236
21.928
16.160
22.644
13.465
11.278
14.729
2.146
5.541
5.823
17.582
30.734
42.665
15.364
11.230
40.838
1.559
26.470
3.143
18.260
60.758
22.673
14.172
63.309
11.985
33.855
15.305
65.121
5.888
11.067
31.960
16.603
33.828
0.865
3.435
11.941
32.198
1.504
55.129
19.235
4.697
43.843
13.007
16.976
7.364
36.439
33.762
8.236
16.361
28.888
5.347
12.387
17.233
8.550
10.277
19.544
13.817
24.177
16.792
19.149
9.270
23.530
17.487
18.804
28.678
21.279
41.660
6.365
2.721
10.907
8.418
8.648
2.729
1.250
10.027
3.716
0.106
0.455
1.854
12.755
0.915
6.662
55.944
27.138
27.886
15.952
0.642
0.433
0.191
11.427
0.000
0.000
2.762
4.151
13.659
2.905
3.186
9.658
12.916
14.143
9.682
0.772
2.262
0.182
0.621
0.312
1.380
3.423
0.010
4.223
6.137
1.421
3.924
4.106
8.336
6.779
0.402
2.805
8.487
14.509
5.098
2.429
0.378
0.062
0.470
7.169
10.492
12.080
0.924
2.908
6.533
4.088
2.016
0.391
1.231
0.659
8.429
0.295
0.003
0.003
0.994
0.000
0.000
0.082
0.302
14.976
20.704
8.408
1.176
8.311
2.086
0.448
0.620
7.114
0.336
0.149
0.098
0.024
8.710
1.039
0.545
0.118
0.076
0.038
1.073
1.112
1.905
1.519
3.612
7.351
1.419
2.495
0.204
3.411
4.860
15.372
2.417
1.542
0.518
0.101
4.467
12.444
2.087
3.816
5.939
5.924
0.580
0.834
2.036
9.071
3.330
0.003
2.177
4.422
3.747
10.835
18.364
0.803
0.172
1.078
4.673
3.969
15.298
12.734
7.982
6.890
4.432
2.019
0.261
20.160
18.670
55.347
42.943
1.476
75.256
16.455
22.673
17.842
33.781
7.582
1.945
9.871
26.577
16.007
27.433
23.147
1.579
9.091
19.399
6.875
3.907
3.643
0.213
1.469
61.438
0.568
4.889
14.845
22.874
19.540
12.966
16.085
1.116
11.814
17.182
20.122
21.204
18.569
51.493
3.310
5.729
19.260
25.208
0.630
6.319
1.971
1.196
5.201
18.466
16.045
29.644
20.733
0.000
0.086
0.076
1.538
3.886
31.783
19.624
4.637
5.061
5.322
9.706
10.072
4.242
1.648
0.089
1.119
0.918
0.000
0.371
0.525
0.105
0.000
0.021
0.276
6.064
9.788
8.508
6.194
4.851
2.930
1.414
0.790
0.565
0.132
0.076
1.660
3.692
4.915
5.766
2.257
2.208
6.159
8.259
11.287
5.249
9.055
9.572
9.654
0.124
2.293
2.788
1.121
8.212
8.075
18.042
13.142
21.760
18.574
2.280
1.311
0.017
1.267
2.297
8.738
9.908
19.631
12.040
4.391
13.599
3.928
1.356
0.031
0.203
1.916
1.112
3.698
4.295
6.015
7.141
32.241
1.442
37.932
14.715
0.227
0.484
4.728
1.748
0.110
0.000
0.364
0.985
11.072
17.451
19.729
22.539
1.699
18.756
48.319
10.101
39.389
14.938
21.610
10.895
18.018
22.829
18.131
63.353
20.527
1.215
20.088
66.175
15.086
96.766
3.310
67.712
1.864
15.436
18.196
25.588
20.115
19.080
16.840
21.729
25.255
60.512
0.021
1.881
15.261
26.585
8.823
5.854
12.768
13.441
4.649
14.957
16.414
4.298
0.704
5.095
25.093
39.956
0.797
71.035
20.879
98.056
7.637
36.334
16.171
3.045
5.080
28.923
22.761
25.766
0.345
10.526
23.001
5.701
0.000
0.652
0.889
4.145
19.753
6.671
26.416
13.367
3.395
2.093
20.491
10.386
3.085
5.037
0.146
0.831
3.224
2.875
6.664
6.611
3.777
2.674
7.872
12.545
11.525
7.599
3.438
4.405
15.230
21.677
3.018
3.653
2.880
8.530
7.213
2.187
3.910
5.464
1.351
4.142
1.219
7.385
3.955
2.499
0.031
0.014
0.000
1.346
0.251
2.465
7.100
1.608
5.761
1.109
8.568
0.838
2.496
6.128
1.154
8.252
7.817
1.596
6.527
5.437
3.419
7.944
0.168
2.554
2.194
0.007
1.715
1.929
0.536
1.003
0.996
0.290
2.767
2.935
3.790
4.525
0.714
2.156
6.420
1.785
1.349
3.323
0.378
1.325
2.170
0.589
2.043
11.532
2.446
22.191
18.217
10.533
12.960
1.027
14.337
12.559
14.959
17.415
21.374
53.773
22.194
10.597
21.279
14.114
6.509
8.722
4.132
6.422
2.872
3.449
0.007
15.638
5.925
7.034
12.222
0.894
0.388
1.469
2.321
0.829
10.725
5.316
2.857
2.292
4.791
4.973
0.673
0.443
1.052
0.034
0.985
3.684
3.807
1.833
1.222
13.766
37.903
10.228
9.404
5.078
13.695
8.411
60.679
29.117
95.382
11.292
11.391
17.698
11.292
7.670
28.104
29.179
0.642
3.018
31.905
28.307
19.631
53.450
9.330
34.825
11.156
6.731
24.865
9.616
40.812
12.186
36.806
37.728
26.872
12.018
42.274
16.733
22.636
2.630
22.585
32.423
26.918
0.000
0.058
12.217
20.883
7.083
3.471
7.014
41.556
2.826
20.014
23.770
23.367
1.926
28.664
3.351
12.143
15.367
23.344
19.058
23.833
52.793
1.439
20.385
84.693
14.244
13.620
20.551
20.551
23.806
21.962
79.555
6.046
14.701
14.152
17.341
4.978
15.559
30.935
4.305
14.705
19.944
17.709
12.890
17.825
9.307
3.437
41.484
56.353
46.870
17.805
3.440
0.817
0.735
6.314
16.050
3.090
0.639
0.652
6.842
7.126
2.953
9.510
2.242
0.003
0.227
3.492
3.296
0.000
1.885
7.323
7.175
6.805
1.524
0.086
2.029
9.829
8.408
1.711
3.196
3.560
9.678
30.669
12.185
2.424
1.394
2.115
12.250
0.491
4.257
11.975
13.403
16.727
0.508
1.864
6.418
15.024
22.333
7.955
30.539
12.119
3.275
9.359
2.245
2.740
24.046
55.766
4.072
6.942
19.068
16.792
19.999
21.746
15.405
13.388
44.670
32.326
0.007
1.708
46.513
5.387
14.193
12.803
17.135
22.694
45.923
1.614
0.601
1.579
2.232
3.028
25.828
16.492
18.546
4.659
9.297
5.071
22.635
17.801
25.835
25.835
11.010
14.936
26.680
13.874
67.171
26.762
23.236
50.750
13.712
92.034
25.729
19.762
20.730
25.468
17.987
18.728
5.531
8.968
21.123
9.376
14.258
22.398
59.369
3.454
71.325
8.305
33.350
31.871
33.227
2.015
20.706
32.549
29.572
10.351
11.209
18.124
15.147
41.559
8.176
19.672
3.574
2.063
7.749
2.024
27.895
9.057
6.091
23.624
17.561
6.420
12.672
7.639
2.922
5.593
25.735
27.830
3.255
0.930
18.253
26.814
27.392
1.967
9.939
1.675
15.360
8.573
5.641
6.132
9.074
31.054
24.024
2.822
4.580
6.091
5.349
7.962
3.591
0.604
0.539
0.223
1.003
6.647
10.265
5.483
10.289
18.938
3.711
0.209
3.296
3.742
30.260
73.905
19.442
6.939
4.240
0.017
0.154
0.694
8.262
2.105
7.182
1.425
4.357
5.716
0.189
0.391
0.003
0.649
0.062
5.685
2.620
14.608
10.478
0.213
1.318
4.075
4.062
4.328
3.049
3.744
9.250
2.855
8.245
2.300
2.311
4.053
8.022
4.606
3.353
6.139
2.687
3.765
2.661
10.562
29.019
10.267
4.218
14.967
13.719
2.432
0.529
0.664
2.262
5.165
2.432
5.957
6.690
18.610
3.619
5.013
2.820
9.337
9.141
7.809
0.659
0.027
3.528
6.624
7.589
24.941
2.826
1.540
7.800
3.323
0.975
3.076
0.661
0.724
7.548
33.021
20.108
9.860
2.863
0.826
9.908
15.494
15.010
21.224
24.039
2.273
20.980
22.402
43.575
14.874
5.167
9.598
9.011
21.357
43.379
40.388
22.301
16.771
1.943
1.675
4.326
62.677
0.485
9.356
39.813
27.330
11.120
2.120
1.638
0.014
7.859
20.297
0.146
0.096
1.826
0.007
4.831
6.430
14.488
0.323
11.735
40.485
22.240
27.504
5.301
16.236
27.287
4.518
11.216
13.249
4.686
26.597
9.016
17.386
31.139
68.016
14.430
33.587
28.434
23.300
5.067
40.282
9.143
4.443
2.390
0.702
1.238
11.340
10.051
14.614
8.350
9.716
0.527
4.673
25.143
24.891
15.278
0.733
7.886
5.570
4.884
5.836
6.295
8.962
7.553
19.533
12.622
5.952
1.899
1.825
1.531
1.775
4.033
0.482
0.000
0.043
4.290
2.721
1.490
0.582
3.459
6.724
4.754
4.872
4.325
5.758
10.094
1.457
0.072
0.000
0.017
0.103
1.875
2.376
2.022
0.846
0.223
2.108
2.069
2.880
6.911
8.698
7.266
5.521
0.000
4.722
10.435
4.506
1.306
1.684
3.270
14.705
4.987
0.062
0.774
1.138
0.458
0.010
0.989
0.797
0.000
0.118
0.130
0.000
1.085
1.559
0.237
0.079
2.599
0.810
0.245
2.791
2.906
1.756
3.598
3.900
1.631
2.872
1.311
0.201
0.199
0.027
0.187
0.374
2.853
0.889
6.576
12.629
7.123
13.160
19.933
23.866
31.489
10.174
9.785
2.019
8.204
1.536
0.556
5.406
16.304
62.346
16.293
39.878
10.524
15.997
50.141
13.537
10.264
20.766
17.691
18.521
16.974
8.255
32.602
9.110
50.752
11.765
31.455
36.114
8.674
15.371
66.299
4.352
106.008
1.334
9.476
50.419
13.084
65.815
2.340
17.813
23.715
1.605
2.879
6.157
20.095
9.682
13.997
64.751
4.566
104.569
0.630
4.204
8.185
18.289
16.960
15.498
17.788
8.178
5.466
1.442
14.244
19.796
6.884
16.737
2.709
15.424
2.412
13.695
4.812
13.228
14.165
97.418
1.487
0.000
4.475
0.058
0.196
5.469
48.537
3.733
4.665
4.968
1.396
8.490
19.207
2.469
7.680
17.569
3.049
0.057
0.064
1.402
5.382
5.256
81.805
2.082
22.957
5.110
10.070
3.196
1.226
25.667
1.360
7.011
3.886
0.151
1.466
2.647
10.052
8.013
1.917
2.743
5.294
0.206
0.268
2.894
11.203
0.086
2.585
0.113
0.391
2.216
0.264
0.007
0.000
0.010
0.000
0.048
0.127
1.686
0.251
0.398
2.237
0.347
2.554
0.000
4.219
0.003
0.730
0.043
3.880
4.014
3.088
10.877
17.214
5.246
10.614
2.336
1.221
0.364
0.000
0.000
0.051
1.099
9.120
3.866
0.702
0.240
2.409
0.591
0.360
3.742
1.016
0.031
1.188
2.197
24.239
8.381
3.581
2.791
11.470
10.640
5.685
0.948
0.385
1.675
3.691
8.947
10.911
0.766
7.914
14.576
4.455
6.997
2.043
1.785
8.813
5.699
1.535
7.320
10.035
4.322
8.998
1.983
3.547
2.729
9.675
16.346
13.953
2.719
18.383
25.087
67.885
2.161
55.728
43.365
14.468
14.706
3.653
10.013
42.454
66.290
16.517
17.903
49.756
17.472
34.126
2.493
19.408
87.861
26.419
89.400
20.304
7.277
19.487
3.931
1.782
28.767
8.044
66.519
6.636
28.465
34.628
15.237
25.107
39.163
26.604
26.039
11.357
25.993
17.970
13.997
24.156
6.945
11.927
75.249
7.989
21.602
18.445
0.048
8.626
52.985
4.734
73.505
5.733
16.538
13.544
26.129
16.126
19.154
7.896
17.479
4.920
10.485
34.133
27.353
34.684
3.268
5.596
22.378
33.536
0.748
5.795
2.633
3.313
6.022
1.150
0.790
4.923
1.099
0.110
1.363
11.343
3.351
8.468
32.216
3.066
2.335
26.151
9.884
3.510
2.087
15.719
18.814
20.284
22.900
18.011
13.151
13.197
2.549
1.414
6.060
10.804
0.989
4.758
2.266
4.621
3.021
0.618
1.847
0.975
0.000
0.000
0.470
0.817
0.457
4.261
2.008
1.116
6.825
2.894
5.301
1.569
6.393
12.645
0.268
0.137
0.683
16.296
4.889
10.952
0.134
0.021
3.639
0.017
4.731
3.814
0.058
3.553
9.781
3.560
5.606
4.374
6.787
4.144
7.673
1.672
7.450
19.159
14.313
3.751
0.740
9.601
7.652
12.590
8.612
16.816
19.748
6.772
12.737
18.224
0.550
6.515
20.314
22.234
15.455
19.574
6.345
4.949
0.292
21.169
14.123
13.844
2.152
10.701
9.840
8.691
2.944
0.034
0.000
2.678
8.746
2.498
2.017
4.183
11.548
10.688
17.422
13.315
8.324
21.501
17.140
40.416
28.267
20.519
8.875
0.357
17.635
38.498
15.565
0.193
0.867
11.252
45.529
2.527
20.447
77.200
1.617
7.581
2.573
0.014
9.347
14.310
21.612
8.728
26.280
14.063
10.431
18.703
11.058
9.256
5.603
17.274
85.378
4.348
15.745
13.060
0.924
3.172
5.989
7.323
3.741
10.313
13.604
1.986
12.531
11.251
34.143
6.238
42.339
1.040
0.687
0.724
7.539
3.008
11.251
22.817
1.349
16.160
3.097
26.350
1.682
4.515
7.447
12.483
38.195
13.352
0.285
25.998
18.749
8.288
4.946
7.330
4.132
5.091
4.793
4.807
2.297
1.439
1.610
0.587
10.267
3.835
2.674
1.361
5.002
9.500
0.884
3.363
8.756
1.696
0.597
1.210
4.944
0.021
0.000
2.848
6.302
9.101
6.343
17.266
10.480
5.478
0.316
0.961
3.006
0.551
1.562
2.098
12.094
6.921
0.051
3.783
11.433
24.958
8.889
1.734
8.147
4.913
6.200
1.940
2.022
4.707
3.399
2.242
16.778
12.037
6.770
9.246
7.412
6.204
8.648
3.313
21.032
17.345
21.719
12.195
11.773
1.301
20.702
7.155
12.435
4.956
6.853
2.571
0.951
4.278
8.542
15.501
7.512
18.014
6.303
1.112
6.389
6.170
13.970
10.358
1.816
6.400
4.831
3.718
0.285
2.795
5.232
35.860
8.964
1.425
3.629
4.274
7.581
10.118
17.750
12.195
9.421
1.411
0.711
10.454
12.816
10.180
26.614
13.249
11.196
79.441
9.471
2.700
16.788
23.095
12.167
8.226
24.098
8.041
8.501
8.686
33.670
4.209
3.807
23.518
69.368
75.593
52.420
27.028
23.696
4.321
18.833
21.588
16.004
5.098
12.255
30.896
14.109
9.400
31.833
4.413
64.694
12.471
43.169
1.057
0.417
8.974
13.585
0.968
14.383
8.097
7.869
9.524
18.442
3.224
26.669
5.982
5.797
9.653
15.034
25.028
48.865
15.474
20.143
5.740
17.489
14.529
10.265
11.501
28.983
3.052
44.687
14.758
13.340
8.398
4.923
0.007
1.490
6.726
9.864
1.047
3.385
7.931
12.399
7.914
21.471
36.691
28.825
22.754
26.487
23.837
51.043
23.651
70.707
32.056
61.091
11.532
21.980
24.870
36.107
22.173
21.641
14.468
9.977
1.905
11.786
2.723
7.515
9.332
15.662
10.530
8.837
12.675
4.724
8.171
3.045
1.111
3.780
7.445
0.546
1.229
3.014
2.003
21.350
16.994
15.287
11.862
6.890
12.773
15.443
10.631
6.753
7.133
14.126
8.006
0.863
1.193
12.597
12.706
39.522
22.196
21.770
27.982
38.399
18.335
16.648
9.307
16.028
12.526
15.232
4.839
0.846
0.941
1.107
10.767
0.775
1.464
4.147
3.993
25.245
14.307
20.282
2.872
8.144
7.639
22.924
21.015
36.265
13.079
25.950
21.298
6.255
96.471
1.941
28.510
59.682
8.298
3.253
23.306
13.529
11.853
3.248
16.128
35.128
13.083
9.598
6.963
21.441
15.066
2.153
71.016
5.212
14.811
25.694
52.466
11.769
18.761
19.412
36.875
9.927
35.958
2.101
24.465
25.769
28.642
1.409
17.575
11.618
42.183
52.257
11.366
38.953
14.107
55.812
20.213
38.517
9.666
19.516
3.227
15.489
27.869
44.483
6.860
25.926
38.696
16.533
0.992
4.362
15.834
11.077
10.259
4.523
22.992
27.023
22.357
25.627
13.321
18.737
10.567
19.894
35.525
20.682
22.172
8.805
3.944
10.691
7.670
1.277
0.554
0.036
4.092
0.168
0.060
9.349
29.907
0.817
2.153
2.905
6.285
8.616
17.429
0.697
1.064
2.698
5.116
8.522
15.343
1.284
2.417
0.821
0.211
0.409
0.000
0.003
1.172
1.253
0.120
0.089
12.088
10.313
2.328
0.827
1.275
0.000
1.555
1.171
12.966
3.907
0.027
0.134
0.278
0.007
1.517
11.647
1.171
8.693
9.822
4.185
0.027
0.532
1.679
12.294
0.233
1.487
1.260
5.644
0.735
1.358
5.054
0.000
0.000
0.000
0.041
2.541
12.814
5.814
2.646
5.964
2.487
7.048
2.044
0.000
0.017
0.003
0.000
0.000
0.000
0.245
0.136
5.410
0.934
0.000
0.014
1.147
1.315
5.013
4.007
3.037
5.016
14.212
5.449
0.906
3.437
0.254
4.456
1.940
1.028
0.069
1.948
13.970
0.000
3.401
1.016
28.530
3.698
4.673
0.419
4.803
3.011
11.003
7.430
12.861
101.862
3.088
14.478
6.496
24.084
14.402
1.390
2.887
18.594
9.654
3.406
72.427
10.863
9.620
7.756
4.487
0.213
1.212
11.855
6.746
5.682
14.160
18.747
12.459
7.220
13.836
41.813
57.115
2.173
4.322
15.075
15.563
28.491
29.818
4.686
32.561
5.121
3.329
15.311
0.630
20.615
10.125
102.163
0.302
37.191
4.837
1.936
2.599
25.062
41.666
19.968
5.888
13.424
20.490
21.446
20.271
13.220
13.687
24.634
15.393
18.174
14.092
20.400
21.756
13.079
91.839
1.025
10.652
22.452
0.455
17.020
15.434
0.990
0.000
0.000
0.003
0.055
0.663
0.294
0.055
0.024
0.414
0.137
0.000
0.000
0.014
0.000
0.014
2.884
5.237
1.227
0.000
0.553
0.191
0.000
0.000
0.381
0.999
4.099
0.695
0.429
0.179
9.980
18.539
9.479
0.148
1.658
1.081
0.917
0.336
2.057
0.494
0.065
0.834
0.735
0.179
12.782
19.278
12.888
12.978
20.754
9.064
6.753
5.562
4.017
2.496
13.532
6.331
0.642
1.838
6.302
23.128
29.234
8.422
15.379
24.177
23.763
3.802
6.103
14.148
22.486
27.395
2.412
11.340
0.929
9.603
21.058
11.359
4.757
8.082
17.015
24.972
18.680
1.540
0.376
0.506
20.168
5.838
1.212
0.324
1.207
4.189
1.006
24.800
61.620
5.897
50.304
33.497
52.740
6.961
13.335
33.864
14.600
19.901
14.282
4.990
8.316
14.730
27.488
9.054
17.765
71.658
7.048
45.701
2.565
6.415
9.522
28.264
28.722
20.448
13.632
17.439
27.483
3.623
40.201
18.848
27.337
12.600
2.510
13.925
18.174
12.969
36.488
14.131
36.505
5.790
72.656
3.565
10.351
79.798
3.952
4.185
14.733
9.709
27.551
69.229
6.645
1.033
3.694
0.000
0.244
4.508
7.550
18.303
21.399
0.000
6.904
12.535
19.264
20.390
9.369
0.007
6.712
15.010
5.291
15.990
19.128
53.500
8.267
36.035
24.094
3.440
3.117
1.236
3.495
11.767
24.149
37.206
26.810
25.093
63.316
57.795
1.902
7.738
10.813
27.485
6.812
0.051
2.420
0.185
0.014
0.505
0.000
0.000
0.000
0.103
0.031
5.373
8.956
0.419
3.008
0.175
11.670
0.000
1.895
2.393
0.628
0.000
0.319
0.460
0.700
5.486
1.003
0.007
0.000
1.574
0.203
0.000
0.014
1.888
1.686
10.461
13.791
9.644
0.546
0.062
0.175
0.189
1.148
3.160
6.087
6.595
0.573
5.989
10.830
3.722
1.998
7.800
8.748
1.773
1.748
6.640
9.937
0.103
0.000
0.354
0.836
0.903
0.786
1.181
3.052
4.262
2.043
1.305
0.206
1.758
3.282
19.957
0.388
3.526
3.677
7.366
9.970
66.368
7.471
6.726
16.740
3.123
26.910
8.722
4.946
9.854
1.885
5.495
2.496
0.010
0.477
1.406
2.369
8.267
8.440
2.513
6.602
15.786
3.540
3.896
14.268
10.313
37.480
4.375
0.628
1.203
0.292
1.567
3.744
3.283
5.764
16.969
31.936
1.620
24.187
2.046
17.939
1.270
33.598
56.150
4.209
92.632
1.926
7.251
11.924
19.559
24.112
15.450
1.880
1.332
65.880
0.470
2.517
8.487
51.162
6.712
10.324
12.799
11.680
4.192
19.645
25.866
21.581
18.752
4.446
14.523
28.894
60.329
0.367
6.705
14.742
30.278
48.484
12.820
0.213
24.884
16.404
23.974
19.254
20.400
33.841
11.191
3.612
10.379
35.608
9.780
11.870
25.141
24.857
16.768
7.965
-99.000
0.165
25.684
62.780
8.556
42.545
16.181
41.261
24.223
39.812
27.658
6.279
8.221
6.233
6.424
7.289
7.526
5.876
11.064
20.980
8.312
1.054
0.374
1.954
3.368
1.854
2.345
1.003
1.085
2.455
1.586
1.373
3.193
2.589
7.814
7.443
4.686
1.088
0.536
2.115
0.800
0.000
1.631
2.287
0.233
1.432
0.360
2.020
3.200
4.326
1.857
0.821
5.315
2.067
0.000
0.000
0.000
0.000
0.000
0.007
0.003
0.000
0.893
3.220
2.740
4.927
7.048
1.875
0.196
0.254
0.302
0.024
0.007
0.003
5.253
10.930
17.396
11.852
2.932
4.429
10.773
6.183
2.331
0.948
9.153
7.048
9.955
17.774
12.622
0.000
0.117
9.071
2.125
2.537
13.475
55.110
7.253
7.538
4.865
9.167
0.017
0.021
2.350
3.730
3.437
14.375
0.893
11.685
2.637
3.359
14.202
17.054
13.863
1.907
2.081
12.075
39.377
53.939
9.392
56.968
7.388
11.736
1.954
20.308
80.010
3.323
9.321
29.852
16.284
1.854
52.697
15.954
55.220
22.398
37.563
31.040
11.041
7.606
0.470
2.990
2.007
14.351
0.948
45.937
16.455
24.798
18.996
5.394
60.262
1.167
47.652
1.857
0.014
2.084
26.510
10.101
26.365
11.644
31.224
15.891
3.783
7.321
9.943
12.564
2.852
5.751
16.052
3.097
10.192
2.908
0.000
11.898
21.061
12.267
8.752
43.652
60.327
37.839
12.918
45.089
22.811
47.986
16.415
8.902
7.261
4.338
0.172
0.319
1.021
8.574
14.768
26.492
15.012
19.897
9.205
2.631
2.148
7.526
1.522
1.645
3.716
5.426
0.027
0.017
0.027
4.535
7.129
5.216
-99.000
-99.000
-99.000
-99.000
-99.000
-99.000
-99.000
-99.000
4.298
1.984
1.174
1.373
9.028
5.004
9.043
0.843
0.542
0.158
1.057
0.505
0.100
0.124
0.034
0.089
0.299
0.601
5.558
5.826
0.203
3.229
4.247
3.941
0.309
0.621
0.961
0.089
0.292
0.055
1.389
1.196
0.000
0.393
0.153
0.093
0.093
0.951
5.368
2.978
9.656
5.888
7.323
25.565
2.963
4.480
8.020
12.327
3.996
0.120
0.373
0.079
0.049
0.000
0.021
0.024
0.151
0.633
0.122
0.204
0.410
0.098
1.440
47.221
0.000
5.271
11.417
28.255
6.075
6.346
0.994
0.242
0.706
0.981
5.018
0.680
6.691
14.002
14.564
15.412
15.251
24.043
39.590
18.969
16.977
26.657
38.984
3.586
3.823
10.939
0.760
0.676
3.753
16.528
25.464
0.743
32.532
0.137
3.485
19.992
22.237
2.281
1.555
0.191
7.493
6.672
1.360
17.746
22.252
4.225
17.806
18.859
20.249
21.363
25.363
57.955
8.185
0.122
15.451
0.759
23.270
1.404
16.898
12.658
9.745
5.485
32.209
5.476
18.069
8.391
7.608
0.680
0.415
10.626
19.130
25.499
5.991
20.687
16.661
0.000
8.041
2.390
78.315
5.246
6.345
11.299
3.183
0.433
15.429
2.959
11.131
18.155
20.527
8.755
25.639
8.157
74.954
0.429
0.381
2.184
1.016
1.842
2.697
3.322
26.390
26.084
3.426
11.529
6.286
13.348
0.062
1.032
4.429
13.283
12.993
2.230
1.655
0.058
0.045
0.264
0.525
15.745
20.013
18.043
14.581
1.729
0.412
2.925
9.689
6.391
9.371
0.673
10.205
16.687
7.706
2.582
0.402
19.280
29.624
17.241
18.625
12.456
4.392
0.685
14.421
1.231
6.365
12.219
16.861
24.374
30.362
19.897
15.537
18.324
17.999
39.542
10.731
15.925
20.373
23.296
17.340
16.495
13.093
14.933
18.773
11.153
10.537
2.252
13.015
13.647
12.584
3.955
4.552
1.693
0.920
0.582
4.987
2.997
0.450
0.422
1.699
16.385
10.945
9.783
18.079
17.600
30.827
65.721
0.357
19.290
22.038
19.063
21.088
10.516
7.294
1.394
21.602
21.078
14.235
12.426
3.455
7.606
10.222
13.786
36.032
23.159
1.510
2.242
25.538
14.995
19.464
2.070
54.099
7.541
1.947
2.959
10.991
20.146
3.426
45.919
44.519
44.129
18.150
0.927
7.941
9.306
82.320
1.272
11.034
81.752
2.439
14.303
7.790
18.885
18.827
26.250
31.924
29.486
7.654
74.685
0.649
26.491
8.984
27.138
3.341
12.133
21.990
26.652
18.728
12.104
52.364
20.237
4.302
17.008
15.738
11.426
1.037
10.851
11.391
18.896
18.495
13.946
15.530
47.880
24.120
16.656
7.368
12.318
26.226
11.630
59.227
34.991
27.864
20.345
7.021
3.536
7.934
16.761
17.152
4.559
0.175
18.261
23.918
4.261
21.114
4.062
10.973
1.202
16.212
0.268
0.120
0.000
1.390
3.117
1.905
0.000
0.000
0.000
0.000
0.000
0.000
0.027
0.577
4.484
0.117
1.313
0.000
0.000
0.007
0.173
0.654
2.551
5.054
0.385
12.320
3.806
1.954
0.000
0.000
0.589
1.770
4.008
0.569
1.217
2.575
2.733
6.232
3.704
6.769
0.223
0.000
0.000
0.000
0.010
0.609
0.553
0.316
1.138
2.570
38.521
0.570
0.712
2.172
3.559
3.419
3.246
0.903
1.918
0.259
0.290
2.171
4.901
6.295
1.150
5.177
9.726
17.065
3.397
1.959
7.477
8.844
8.728
11.201
3.401
0.124
0.920
0.213
1.003
0.031
0.845
0.144
0.419
0.223
2.448
2.046
0.467
0.580
0.762
4.092
7.333
5.692
4.377
0.203
0.055
0.000
0.000
0.319
1.281
0.000
0.000
0.000
0.000
0.632
2.719
10.004
6.805
4.173
9.742
19.592
36.777
7.682
8.415
1.155
23.531
22.786
19.676
23.605
8.062
38.696
0.537
3.160
9.251
4.705
7.301
3.213
8.786
18.090
13.187
3.819
8.077
6.697
6.981
14.583
38.267
20.345
44.191
1.291
5.026
13.719
8.017
40.828
8.691
12.631
29.127
20.036
15.316
6.928
0.412
27.998
20.366
0.786
10.028
15.038
6.544
23.567
19.343
26.668
21.471
12.531
13.795
4.916
7.718
12.950
16.315
10.997
21.780
15.226
20.512
17.856
8.281
1.929
5.988
12.978
9.437
0.496
9.495
14.631
9.826
22.941
17.971
30.147
13.857
8.041
37.268
36.687
28.302
61.779
38.296
11.580
46.498
20.720
33.943
3.672
36.642
19.916
22.232
17.864
17.060
24.573
35.108
35.661
17.108
23.559
4.978
17.836
11.886
11.484
7.677
3.430
0.027
2.506
7.948
0.069
0.106
0.378
1.057
0.738
0.093
1.099
17.444
16.665
8.562
0.896
4.484
7.327
7.824
25.255
28.013
0.601
16.667
23.192
16.931
23.267
21.631
15.110
17.455
34.496
32.149
29.795
15.618
22.922
23.483
20.745
60.849
2.113
25.850
0.484
103.520
6.873
14.093
23.040
39.506
0.072
1.160
101.692
13.884
24.045
21.471
79.419
10.461
14.238
14.650
34.775
21.180
105.215
14.499
0.110
78.655
5.859
9.565
24.784
0.937
51.936
8.391
0.220
44.618
19.453
64.030
4.868
34.823
20.064
17.180
11.858
23.377
7.793
25.955
18.807
19.528
18.519
94.462
0.220
22.975
1.907
60.619
6.021
22.941
13.120
14.177
17.699
17.753
34.358
21.459
33.699
41.030
23.682
4.655
40.491
6.734
24.469
23.463
26.012
20.816
23.473
44.991
5.974
1.996
49.119
3.644
54.983
9.922
1.562
22.076
6.168
41.056
53.273
0.295
7.939
39.223
17.162
16.047
4.863
0.242
22.704
26.092
12.016
6.813
37.570
8.101
12.431
21.804
4.958
6.461
11.225
11.349
7.004
8.599
24.409
0.929
9.081
0.814
2.860
3.032
13.951
30.379
1.231
2.762
0.534
3.687
0.000
0.007
2.867
2.336
5.584
2.142
3.217
8.157
6.075
1.778
4.259
1.388
0.776
4.122
0.700
4.911
1.947
3.661
6.529
10.298
9.830
5.375
16.805
1.274
17.652
4.994
0.498
2.628
1.174
4.419
0.086
0.000
0.000
0.196
1.531
4.082
2.815
1.037
1.317
1.265
4.007
5.519
2.472
8.063
5.677
7.241
0.196
4.522
0.021
2.117
10.317
0.000
2.880
0.000
1.112
2.451
1.148
1.075
0.137
0.069
0.209
2.534
0.357
1.284
2.602
0.893
0.948
0.154
0.000
0.000
0.000
0.560
4.060
1.866
3.924
24.554
2.832
0.374
0.505
2.836
12.971
17.645
6.664
9.702
6.123
2.752
2.496
13.314
7.687
5.177
4.144
8.727
3.001
1.538
4.758
4.501
2.705
3.636
21.180
0.165
3.502
3.914
5.194
8.532
3.361
1.051
4.377
4.528
4.657
0.683
14.698
0.216
0.165
1.868
4.031
0.463
21.059
19.923
3.100
8.250
23.442
3.471
18.495
11.690
9.881
3.049
2.575
5.249
13.081
5.342
9.781
4.889
10.883
20.235
19.024
19.374
6.145
13.372
6.757
6.018
44.268
0.062
2.311
7.634
5.965
2.712
4.779
20.225
14.993
20.618
98.844
4.910
0.275
56.197
14.165
14.277
5.500
29.210
4.975
14.236
11.378
1.626
0.620
0.247
5.546
11.752
19.236
20.201
7.776
5.236
2.334
24.851
16.128
23.888
14.134
2.920
23.948
7.460
21.162
20.169
18.364
16.272
14.563
17.252
3.989
22.802
2.693
10.581
7.574
1.097
1.329
5.361
12.612
8.258
3.068
10.042
20.071
4.097
17.621
32.132
16.727
15.447
6.285
1.814
6.799
7.079
4.952
3.492
12.102
0.244
0.781
1.444
9.592
15.338
2.764
5.469
11.457
3.799
2.417
2.980
0.752
3.938
3.176
7.526
1.047
2.953
17.836
18.016
30.770
2.201
9.630
12.300
16.081
9.727
15.389
16.861
21.528
6.626
7.426
10.015
8.477
0.271
0.014
14.667
4.467
4.508
8.274
5.140
12.916
9.170
22.972
20.713
10.911
4.621
15.027
16.582
32.938
8.552
19.381
16.201
15.216
10.959
14.832
11.680
20.496
23.459
18.854
13.566
24.223
4.643
2.462
46.058
3.371
42.697
9.706
20.627
35.803
36.647
14.390
18.081
12.658
2.915
12.102
0.110
4.111
4.607
14.818
22.189
4.331
19.071
26.665
25.845
3.083
65.909
3.322
0.494
2.829
25.039
0.621
87.125
1.315
17.527
1.566
4.518
21.684
11.330
8.161
2.767
78.147
6.269
9.170
12.933
25.828
3.344
8.940
20.297
11.982
24.711
0.913
33.045
1.490
4.443
24.685
36.365
6.008
44.028
0.450
3.708
13.499
4.412
1.004
40.542
6.830
8.343
38.317
41.311
26.795
15.214
4.590
0.704
0.335
4.424
17.954
13.373
26.024
12.618
5.334
4.386
4.056
4.614
12.341
26.323
17.188
7.428
10.427
2.117
12.918
5.023
16.721
10.382
30.422
28.218
1.885
3.538
0.318
2.453
3.299
1.746
3.289
0.340
0.045
0.000
0.000
0.698
1.489
0.000
0.000
0.045
1.244
0.605
0.194
10.513
4.839
3.608
0.577
1.274
3.244
0.257
1.916
0.304
0.177
1.329
4.970
2.839
11.723
4.661
3.955
0.024
0.233
0.170
2.070
1.762
1.018
0.807
0.223
1.988
1.404
0.932
5.486
0.350
0.673
0.465
1.015
6.966
4.436
2.180
1.123
2.147
0.779
0.405
4.180
4.607
2.418
3.663
3.912
1.157
2.503
4.434
5.061
15.232
8.992
0.901
3.296
1.614
1.734
0.309
0.536
3.176
0.530
1.281
24.541
4.443
6.487
1.262
2.323
4.389
0.508
4.642
0.278
3.629
5.733
0.790
0.769
4.401
1.140
0.038
0.024
0.577
2.022
0.726
0.477
11.529
0.867
1.490
4.638
1.658
2.486
4.204
2.276
3.088
1.495
0.783
5.037
25.753
7.711
5.682
0.309
1.875
11.702
5.632
9.665
16.570
6.743
1.802
12.238
9.150
5.167
0.742
0.491
13.841
7.611
19.968
16.370
5.167
16.970
2.905
9.112
7.526
4.087
4.793
1.325
5.661
51.220
0.395
5.222
17.417
17.945
10.475
15.978
36.512
25.313
0.038
2.228
9.127
4.058
15.099
1.133
9.393
14.097
33.519
5.411
13.654
7.399
22.762
19.030
20.122
17.063
14.842
1.233
4.614
8.363
23.926
20.598
21.914
23.312
25.835
49.571
27.001
21.418
12.482
6.921
8.104
10.422
12.073
25.555
11.318
1.241
16.140
10.787
0.476
21.372
29.941
26.319
27.656
20.728
0.446
0.366
6.233
14.301
2.726
4.364
9.663
6.745
17.300
5.248
15.695
6.540
5.311
4.690
3.076
10.215
9.515
6.333
14.378
12.597
11.539
22.719
11.084
13.242
19.425
19.175
12.267
8.765
13.560
8.514
11.477
13.786
19.045
16.838
12.410
14.234
14.165
5.916
16.977
13.603
1.440
3.088
7.337
3.701
0.024
0.333
0.388
2.022
10.358
2.101
1.624
4.964
5.521
4.281
1.967
0.731
3.042
2.328
16.057
13.729
24.929
17.207
10.499
8.995
2.922
0.985
0.268
0.000
3.831
3.799
14.526
39.026
0.000
7.752
23.095
25.765
8.607
5.766
19.724
14.667
3.833
5.431
2.707
2.285
18.545
14.914
16.619
20.000
16.502
4.559
1.567
6.767
0.362
0.244
0.007
10.665
40.409
9.713
3.407
24.039
7.277
12.053
1.588
25.138
31.107
11.843
18.155
20.314
42.306
68.021
1.444
4.968
19.769
5.109
29.337
33.591
0.680
40.423
1.706
12.881
18.526
28.523
27.222
0.206
50.079
0.680
3.313
20.301
3.341
3.464
4.419
1.651
43.032
1.729
31.826
1.154
25.639
22.083
6.851
39.637
0.578
17.266
12.796
14.391
28.240
31.016
6.099
20.175
19.490
9.661
16.511
13.153
4.819
0.676
9.424
4.875
15.044
13.331
19.133
36.909
4.120
3.516
1.883
2.140
13.529
6.360
7.430
1.634
7.344
25.423
24.063
95.615
13.596
3.159
18.073
13.451
15.288
16.150
2.482
0.185
0.285
0.074
1.325
2.668
1.258
10.300
9.599
2.606
1.150
0.031
0.038
0.072
0.007
1.955
1.370
3.296
2.661
0.336
23.804
27.950
2.997
0.723
3.607
4.357
3.145
7.878
0.853
1.147
11.235
8.712
14.674
0.910
4.551
2.269
0.858
2.817
5.232
1.966
1.790
3.713
0.007
0.000
0.000
0.000
0.000
1.483
0.762
0.000
0.017
0.045
0.130
0.336
2.465
0.038
0.639
2.115
2.197
6.684
29.407
2.959
7.246
4.055
1.723
4.230
5.376
1.837
4.748
0.089
0.347
0.031
1.274
1.478
5.019
0.968
0.343
0.354
1.140
0.954
6.067
21.035
35.161
0.718
1.675
4.211
3.001
0.242
10.822
16.425
24.201
9.843
53.076
2.716
2.365
1.066
1.614
0.165
1.686
0.000
0.000
1.380
0.623
0.163
0.161
7.993
49.028
4.355
6.178
7.244
7.852
13.829
0.000
1.071
3.842
1.143
41.278
21.537
5.198
33.440
13.572
38.476
19.940
14.660
2.081
0.209
27.473
4.216
0.910
19.312
29.553
41.779
3.938
9.489
5.658
0.295
14.921
24.517
9.235
1.255
36.615
12.056
4.480
5.521
4.961
6.928
18.165
35.009
15.123
21.931
37.378
16.543
26.175
1.181
15.017
36.749
30.453
6.056
31.057
9.002
48.306
13.984
4.147
0.285
22.785
9.644
5.960
15.913
15.499
18.811
17.032
0.422
14.375
19.896
9.062
8.106
16.545
26.099
3.440
4.889
7.876
5.634
6.959
4.082
16.181
13.589
21.825
1.674
1.505
22.610
1.329
11.721
14.804
4.903
3.722
16.401
4.499
17.159
16.435
10.530
5.194
1.993
1.152
3.253
11.391
7.938
25.924
31.531
18.572
10.926
13.860
9.804
12.557
6.975
2.831
3.255
0.439
0.589
0.024
4.104
4.116
0.403
1.040
1.388
1.507
0.558
3.817
2.750
6.345
5.419
1.851
14.919
23.986
23.854
13.433
0.027
0.525
6.487
3.600
4.764
20.696
20.014
17.221
1.531
0.134
0.000
0.000
0.010
0.168
2.693
7.416
5.830
6.491
1.729
1.459
2.343
0.669
0.096
0.333
1.196
0.034
0.299
2.245
0.625
0.000
0.000
0.130
4.837
0.515
5.459
3.028
5.354
0.000
0.024
0.000
1.469
0.690
31.024
41.247
0.618
18.927
14.828
23.319
20.512
32.509
10.262
32.815
26.975
29.622
27.716
24.661
20.167
18.512
12.852
24.101
21.616
10.567
12.356
43.477
19.851
2.747
15.728
16.311
9.095
16.598
22.137
16.181
23.312
4.748
8.209
30.975
0.045
0.022
0.000
0.596
1.919
3.691
13.723
16.524
8.082
2.784
28.187
13.640
7.678
9.726
22.649
28.935
77.677
10.054
9.592
16.589
23.813
16.651
26.851
3.468
0.748
9.871
26.208
1.109
6.468
3.124
1.027
0.237
5.593
10.976
33.596
4.649
10.149
6.741
11.886
7.625
6.939
9.186
8.664
6.707
16.342
23.988
28.352
0.470
0.591
0.139
0.106
0.100
0.383
0.505
1.212
0.010
1.528
1.268
6.250
0.215
0.980
6.851
6.863
4.177
1.293
1.610
2.047
2.350
1.184
4.101
3.619
5.534
5.066
1.138
0.290
3.995
4.067
6.096
16.646
19.573
8.631
4.813
0.367
0.000
0.203
0.264
0.089
3.082
0.202
1.753
0.084
0.000
0.000
0.029
0.065
0.270
0.328
4.551
6.139
15.629
0.112
0.000
0.371
1.586
1.159
12.308
0.000
0.100
0.251
0.316
4.302
4.999
2.558
2.867
4.370
30.961
2.029
4.075
0.124
0.000
0.010
0.869
0.000
0.000
0.426
1.538
0.271
0.031
0.027
0.000
1.904
1.941
1.023
0.659
0.663
0.280
0.757
1.224
1.591
1.713
1.144
2.230
0.461
0.206
0.036
1.555
5.128
12.849
10.990
5.842
0.963
0.086
0.137
3.203
8.607
7.060
0.360
0.031
2.865
3.305
4.328
0.924
1.184
3.702
5.073
8.267
12.380
3.571
5.349
2.012
3.203
2.980
0.776
0.271
1.857
10.073
18.555
6.194
9.951
1.236
0.948
6.528
24.956
45.943
0.343
5.358
5.004
19.686
14.536
32.042
75.308
10.114
0.055
68.893
0.354
28.096
10.070
22.228
16.279
6.314
10.506
28.199
7.589
4.688
1.392
15.999
23.391
18.603
24.841
29.816
26.153
19.702
8.097
12.878
31.217
17.458
16.352
10.071
31.831
21.899
28.453
33.421
5.351
13.443
3.093
9.582
6.430
6.866
22.464
8.763
12.051
13.178
9.628
11.819
14.341
18.100
8.185
7.709
5.701
1.929
0.065
0.434
0.077
1.603
3.054
16.490
0.310
0.086
0.000
0.577
0.101
0.173
0.409
5.976
13.990
0.534
1.013
0.319
0.000
0.103
0.340
2.582
2.077
0.142
0.000
0.446
1.250
1.864
11.251
15.910
15.980
20.167
10.777
2.939
0.199
0.041
0.000
1.160
0.426
0.000
0.069
0.240
1.284
1.071
6.324
13.249
1.880
18.832
0.700
1.557
3.946
0.903
0.397
0.007
2.252
0.285
0.055
11.617
13.920
6.190
6.491
18.321
18.067
18.914
22.485
2.571
5.239
0.014
0.137
0.124
0.000
0.000
3.172
1.087
0.000
2.949
16.811
15.611
20.465
14.600
2.468
1.866
4.655
11.973
0.312
5.397
3.988
2.757
0.319
0.549
0.403
9.407
8.044
14.842
20.785
18.800
20.641
11.850
15.575
37.781
0.505
36.893
1.399
0.316
10.735
13.867
21.719
14.638
16.181
5.679
15.609
10.379
10.446
29.924
10.310
13.805
28.122
13.392
2.729
16.021
16.026
4.395
4.391
5.268
1.742
7.508
33.500
17.913
18.962
2.218
45.648
4.619
10.097
15.740
15.919
17.147
24.403
10.094
7.960
19.384
7.622
8.631
15.219
21.313
23.552
52.958
0.106
16.943
15.638
21.053
96.680
9.596
21.468
1.538
4.446
6.032
56.461
19.851
0.723
5.304
16.304
9.302
31.464
14.650
6.070
15.250
38.191
5.376
17.776
14.141
45.743
36.296
0.216
23.016
6.571
3.917
9.939
5.926
6.743
2.290
0.623
2.419
1.174
0.797
12.869
29.910
8.051
1.607
0.000
0.000
0.328
1.092
1.346
0.319
2.381
4.745
2.146
6.928
1.861
0.680
1.215
5.210
7.308
8.954
4.412
5.407
6.760
10.422
10.145
0.488
0.209
0.058
0.034
3.011
1.766
0.484
2.057
1.933
8.638
2.719
4.906
4.233
1.198
1.208
0.000
0.302
13.194
14.069
14.349
15.343
16.754
3.533
0.786
3.201
0.900
0.800
1.292
3.936
7.067
11.743
1.126
10.608
6.925
5.405
5.533
0.201
1.214
2.348
6.702
5.006
3.365
1.463
0.000
0.039
5.229
8.509
4.280
5.582
1.208
4.837
1.349
1.808
4.851
4.203
11.998
7.781
5.485
0.209
4.527
8.192
6.531
2.693
20.684
1.641
0.000
17.932
12.878
2.747
5.792
7.411
16.083
4.077
23.974
4.394
26.362
4.631
6.492
0.459
0.010
3.362
7.069
14.174
7.753
15.569
3.895
7.646
16.843
10.600
0.630
13.786
42.064
30.993
8.947
9.089
0.240
13.475
49.717
19.964
1.538
27.284
9.031
12.712
18.991
2.062
0.716
3.339
14.069
40.794
18.328
10.566
97.861
18.543
36.245
0.021
25.351
73.969
29.007
0.000
25.457
13.359
18.539
0.292
17.444
3.660
51.783
4.669
4.590
3.557
10.938
12.185
16.170
136.799
0.000
0.783
26.371
53.500
8.037
6.578
20.088
25.124
28.413
18.124
0.031
0.088
4.770
5.013
2.687
7.119
5.900
1.004
0.031
0.082
0.270
5.603
6.351
15.156
19.053
1.498
4.673
8.492
0.069
0.884
3.347
19.073
16.140
10.846
4.868
6.724
4.985
10.138
20.536
16.916
27.229
15.376
14.705
21.523
15.086
12.827
4.760
5.525
7.833
2.858
16.825
13.295
6.280
4.920
2.338
4.911
0.306
0.838
3.819
4.772
1.207
1.526
5.670
8.365
2.434
1.639
7.478
17.547
5.200
4.343
1.887
0.000
0.084
0.021
0.000
0.014
0.252
8.968
11.937
12.373
19.713
10.904
3.380
0.297
2.299
13.716
25.353
1.353
14.071
3.013
0.489
0.352
0.304
2.281
9.055
7.538
1.595
2.532
16.303
1.226
10.744
29.933
21.135
8.278
6.485
1.548
9.599
8.841
12.918
5.703
1.219
10.284
48.505
44.526
0.882
19.841
18.354
26.594
21.355
23.257
18.833
7.196
13.819
21.255
57.253
6.767
9.081
5.706
6.125
27.555
1.051
19.611
22.210
55.986
13.417
10.394
14.989
2.032
2.977
1.085
2.877
16.737
9.386
10.976
8.401
6.010
13.153
37.769
24.342
19.769
25.289
10.415
14.212
18.412
20.819
24.189
19.360
16.881
23.706
20.565
21.959
100.995
1.078
16.378
28.489
20.143
14.114
49.054
5.033
19.525
7.570
52.662
43.599
47.780
0.021
4.377
27.641
16.268
31.804
9.026
27.553
1.315
7.709
2.561
26.559
7.134
9.661
19.018
1.169
23.332
11.127
2.194
1.491
0.702
19.547
14.414
24.216
13.337
11.481
10.995
12.770
10.082
49.073
5.843
1.846
0.977
3.153
4.982
2.407
0.941
3.612
0.261
0.482
2.784
0.130
0.021
0.635
0.000
0.000
0.000
0.079
9.910
0.000
0.000
0.089
4.274
19.775
3.162
0.711
3.454
3.083
6.842
2.177
1.454
0.742
4.395
1.270
9.747
7.941
3.389
2.942
3.090
2.949
2.923
2.048
1.583
0.364
0.000
0.089
1.490
2.944
9.616
3.749
4.103
0.357
0.374
0.874
0.584
4.358
8.892
4.165
0.151
0.920
3.886
0.676
2.880
0.000
0.189
0.014
4.762
6.775
5.407
6.369
4.055
12.535
8.998
3.399
7.296
4.482
1.332
2.760
0.414
4.312
1.469
6.983
17.612
14.196
0.960
3.910
1.586
2.668
2.053
2.795
11.900
3.674
4.170
1.085
1.820
3.811
4.932
18.670
12.054
13.087
13.923
12.315
0.209
1.651
6.523
15.425
11.659
23.988
88.649
13.451
4.427
14.732
15.980
24.117
20.917
9.481
9.483
8.689
12.938
8.940
10.698
13.649
40.606
22.452
3.032
13.992
14.315
5.549
73.448
0.275
8.916
2.491
15.884
31.057
25.418
3.505
59.745
1.078
36.025
9.292
62.006
0.055
1.044
9.488
19.564
23.490
31.551
6.659
30.985
25.437
0.887
56.555
0.298
7.796
26.384
1.272
0.125
12.276
80.391
0.000
21.759
100.185
40.519
84.140
9.264
13.093
18.682
18.667
67.504
8.343
45.276
19.099
15.934
1.923
26.402
1.119
50.067
2.870
21.386
3.018
10.035
6.894
5.629
20.627
9.404
5.170
10.475
4.206
8.566
17.757
4.628
28.992
12.990
4.674
4.525
1.409
0.961
17.444
8.528
5.874
15.364
11.867
1.473
0.273
0.031
2.408
6.810
17.624
22.870
10.568
2.376
0.079
0.074
0.017
0.544
0.257
0.000
0.149
3.708
4.222
5.462
1.675
16.028
12.930
9.002
8.495
7.172
5.934
35.587
10.943
2.484
2.884
4.364
3.607
1.032
3.229
10.763
5.411
2.901
27.407
12.876
7.883
17.755
6.351
14.366
7.608
9.907
8.231
13.538
0.846
17.674
27.078
13.651
0.917
1.892
3.038
4.458
16.273
4.912
2.752
1.046
3.713
13.486
18.687
12.164
33.778
14.064
0.350
3.124
10.931
4.482
0.924
0.086
0.000
3.569
2.252
23.102
1.257
12.888
4.410
14.615
6.190
0.532
9.778
10.125
4.920
43.626
41.463
2.633
18.505
7.373
35.288
16.122
4.976
19.403
18.577
39.750
3.485
17.873
15.498
18.340
47.282
0.221
10.169
11.932
0.833
10.133
17.108
24.893
13.587
19.393
6.399
4.604
15.786
46.812
15.614
32.306
1.993
6.784
33.464
8.770
17.581
13.810
13.846
19.212
19.645
26.180
22.999
8.344
6.056
1.479
34.769
18.070
5.569
23.816
11.528
30.397
9.513
28.719
17.912
7.831
15.546
15.304
7.466
18.800
22.262
2.899
39.501
9.552
1.814
5.732
18.792
0.014
0.411
0.254
2.669
0.518
2.843
5.370
11.934
8.089
1.954
1.533
5.212
2.149
5.469
4.760
2.057
4.815
3.275
0.366
0.333
0.889
2.376
10.384
33.189
3.950
1.155
4.542
10.276
2.760
0.134
0.113
0.930
1.857
0.156
0.220
0.191
0.024
0.065
1.003
0.000
0.096
1.265
8.389
0.014
0.228
0.161
0.000
0.177
0.208
0.158
0.061
2.396
2.839
10.063
14.802
1.591
0.121
0.048
0.191
0.053
0.294
2.072
3.529
3.209
0.141
3.608
3.114
8.686
2.645
6.887
0.000
1.239
1.514
0.395
0.000
0.000
0.000
0.000
0.000
0.000
0.000
0.192
0.000
0.130
7.768
4.676
0.625
1.188
1.480
1.929
3.866
1.691
1.073
1.824
0.359
0.884
0.391
3.013
6.377
2.113
6.140
0.187
1.857
15.990
22.306
7.704
0.831
1.318
1.847
1.967
32.566
12.831
25.850
18.113
12.143
0.221
0.213
3.395
17.001
6.271
14.708
12.425
6.717
4.889
16.054
2.468
3.595
6.513
8.961
21.557
14.217
21.660
1.463
9.562
10.255
22.948
60.128
15.618
5.438
41.463
18.550
45.569
1.500
6.829
52.758
2.942
49.759
8.786
18.553
15.271
3.145
0.086
0.045
20.431
37.546
3.533
18.206
18.313
12.569
29.934
0.872
6.846
16.068
6.128
8.930
18.361
23.590
18.066
32.049
3.025
34.789
37.463
13.129
14.193
20.345
14.203
13.245
65.839
1.030
0.007
6.527
95.049
1.748
1.857
14.232
46.043
17.552
19.092
36.469
22.050
0.041
4.370
10.234
5.169
15.893
5.342
4.995
5.510
32.395
8.430
38.526
25.179
16.093
16.155
9.103
9.956
16.045
12.593
23.791
3.715
7.067
13.101
19.020
14.281
5.500
14.684
20.301
27.057
15.398
14.165
20.979
14.952
13.973
20.064
6.781
11.434
4.561
11.010
3.152
33.668
23.123
20.071
33.330
12.828
10.523
23.511
73.135
21.241
12.590
40.080
24.826
10.569
12.011
19.954
39.211
27.679
30.398
31.227
31.725
23.047
20.079
12.413
7.344
11.376
2.293
65.685
4.185
24.065
16.967
11.234
46.486
20.629
15.880
9.407
14.919
16.656
15.834
24.965
15.326
15.559
15.111
8.582
23.543
15.146
16.315
23.959
2.932
0.127
0.062
0.058
1.015
0.378
10.149
27.775
31.393
23.730
21.406
71.384
1.222
11.240
28.331
18.124
28.784
13.173
26.106
16.929
0.470
0.762
32.015
17.575
19.367
17.434
21.516
18.004
49.123
13.034
28.822
6.758
23.433
9.677
16.217
1.142
10.667
10.321
68.939
1.897
9.368
41.932
38.159
1.682
13.271
26.084
11.781
8.199
15.300
17.386
7.095
25.282
25.169
17.903
7.483
14.663
4.776
8.284
24.142
1.330
12.540
2.226
0.244
64.055
1.911
5.267
15.704
19.592
49.153
20.499
5.261
10.044
47.543
1.458
1.851
15.470
10.524
24.002
20.603
11.476
8.556
8.930
18.896
8.403
2.456
7.969
10.821
3.363
6.171
3.074
3.547
7.177
5.180
5.093
11.048
9.691
4.987
1.313
7.930
0.436
2.479
48.871
13.279
2.038
2.390
4.921
5.206
0.051
0.736
13.426
5.150
29.400
13.358
4.022
22.618
8.298
3.275
13.390
3.402
8.334
5.404
13.343
0.027
0.481
0.259
7.090
8.473
3.282
0.889
6.472
7.237
0.179
0.290
0.554
6.164
6.683
0.618
6.736
24.158
19.284
23.888
14.643
3.244
21.818
2.046
1.428
3.098
5.603
1.119
6.827
5.847
1.686
1.267
0.860
1.075
1.006
10.164
4.099
2.947
4.132
0.041
0.096
5.637
4.661
4.444
11.314
1.725
2.201
24.001
33.958
0.129
10.181
8.338
5.744
8.236
2.804
1.938
5.624
2.242
4.805
15.528
22.767
1.490
36.852
0.391
6.092
1.325
2.446
0.038
0.069
0.791
3.917
8.128
20.941
15.322
21.274
18.867
0.086
6.415
19.296
1.717
0.417
4.398
2.088
3.765
10.475
17.999
22.434
14.471
20.493
7.172
9.701
3.680
9.610
5.016
26.031
0.489
24.498
50.491
33.282
12.837
22.344
7.316
29.691
4.549
9.589
11.340
3.837
5.534
3.984
8.751
2.642
18.042
5.486
5.023
67.995
10.442
8.964
11.769
5.759
26.714
22.502
1.054
28.770
17.829
2.623
23.087
0.628
0.542
3.754
45.477
1.059
2.233
7.610
7.927
6.736
54.413
34.984
20.992
66.000
11.496
21.587
24.169
14.536
20.679
44.580
0.000
1.440
6.527
2.573
16.528
26.259
32.190
32.091
14.262
34.324
3.095
1.909
2.347
1.404
3.867
6.303
4.958
2.252
0.374
0.994
9.752
21.791
9.158
26.613
27.294
47.945
3.948
2.129
16.667
11.797
8.980
9.834
10.979
9.850
24.726
6.976
30.811
2.180
1.888
27.845
14.217
19.034
17.242
12.737
8.422
71.188
0.220
3.959
29.464
1.116
1.452
12.658
3.983
6.183
3.069
5.521
2.355
6.113
2.578
0.803
0.154
1.730
20.232
44.136
0.371
33.986
16.857
5.146
6.763
13.276
9.126
4.031
5.397
16.418
16.680
12.640
15.607
20.302
23.137
2.594
8.065
4.116
8.096
5.651
1.555
0.179
6.650
19.916
7.316
23.203
18.939
18.757
0.278
21.239
43.008
3.334
7.551
13.014
20.186
20.027
64.305
24.911
25.408
11.996
7.966
26.607
24.562
13.864
3.972
16.952
17.800
18.457
16.433
0.115
5.891
14.713
7.337
10.955
1.402
25.664
12.357
2.649
0.593
14.991
9.271
17.868
15.559
14.129
4.766
20.585
21.147
22.984
43.983
4.867
2.855
44.356
2.630
22.956
8.049
0.039
22.930
70.292
4.449
64.689
8.449
0.098
48.117
23.906
1.547
5.127
18.878
19.935
10.588
13.827
20.721
17.681
8.617
33.816
0.131
4.484
18.088
10.080
24.177
7.464
13.841
6.025
0.213
8.964
37.537
27.960
19.980
4.498
15.147
20.012
36.433
46.774
32.959
6.163
9.009
9.884
35.201
31.256
16.878
1.154
0.000
2.036
5.339
17.403
41.884
24.845
6.406
7.376
21.511
14.952
13.807
2.983
8.094
7.030
0.426
8.068
16.764
13.735
14.539
0.225
15.044
23.710
10.708
4.242
5.515
7.623
1.975
4.618
1.596
0.017
0.233
1.243
0.115
2.802
0.079
0.089
7.441
3.541
4.473
4.734
6.176
0.182
1.497
0.395
5.907
8.192
2.039
43.568
0.089
7.066
6.477
0.130
0.299
2.798
13.757
8.121
5.152
0.000
0.062
3.114
5.948
1.742
0.333
5.194
0.271
1.341
16.232
10.653
5.936
15.656
1.648
3.536
6.001
3.141
1.164
1.233
1.222
2.544
26.563
24.163
7.021
2.829
5.979
9.438
8.530
13.081
0.089
0.628
2.050
0.601
1.888
1.239
2.582
2.980
1.653
3.486
2.638
1.658
1.596
0.809
0.000
0.000
0.000
0.000
0.000
0.000
0.014
2.117
1.093
3.737
3.011
10.166
1.911
6.406
1.463
39.891
14.777
1.126
10.034
6.834
0.340
0.093
5.033
18.129
13.043
26.803
4.973
2.517
0.760
0.024
0.175
0.098
3.521
6.983
16.617
23.837
9.884
10.585
8.035
4.024
20.021
5.007
9.829
0.233
12.571
25.353
30.281
0.283
19.107
7.907
16.838
7.665
0.639
3.229
4.522
15.587
13.640
3.423
6.454
6.497
9.680
10.221
6.478
6.602
31.776
3.387
9.719
1.887
12.524
15.068
8.791
12.816
12.262
13.476
12.833
1.935
6.020
4.087
5.550
18.486
22.944
47.312
40.115
1.863
20.110
0.755
0.261
5.239
23.042
25.087
12.709
0.189
4.183
4.549
49.492
1.941
8.641
16.873
0.161
18.476
17.334
13.616
10.447
8.882
8.310
11.081
5.855
5.244
14.447
13.697
10.693
10.528
17.077
21.475
27.307
74.475
14.454
15.762
17.496
3.464
1.909
0.007
0.247
0.062
1.116
0.934
3.605
3.615
1.679
0.288
0.996
0.367
0.879
0.845
0.784
5.830
9.719
3.001
0.553
0.014
0.000
0.000
0.000
0.000
5.328
3.680
1.016
2.139
11.549
2.187
11.209
9.476
2.778
0.086
0.352
0.010
0.942
0.277
0.000
0.627
0.184
0.014
0.189
1.344
2.259
2.949
2.824
4.467
4.896
12.675
6.099
0.031
0.069
0.263
17.515
2.467
1.042
0.007
0.000
0.027
13.477
4.546
6.760
15.803
4.013
10.636
21.121
49.717
35.692
1.596
4.705
8.034
18.488
4.037
3.251
5.953
0.014
0.014
0.038
2.726
67.484
8.574
14.682
16.534
18.835
48.556
48.453
3.275
6.578
12.384
4.360
10.943
11.452
22.043
0.034
30.829
10.461
17.358
9.567
9.591
11.956
6.242
75.292
11.033
26.099
8.394
12.475
55.067
26.636
9.998
7.069
3.688
14.885
20.019
17.005
7.043
0.000
1.566
19.480
18.275
8.787
2.378
5.455
11.373
8.130
8.384
1.123
21.707
24.637
22.711
5.311
28.369
13.103
8.918
23.018
38.135
60.066
0.867
9.326
20.944
46.391
0.259
27.428
5.241
0.414
3.713
14.990
83.017
5.806
1.905
3.165
11.604
5.684
0.627
3.620
0.319
0.680
2.563
11.834
4.233
0.810
0.606
0.594
1.663
0.371
0.328
5.178
0.000
0.453
0.597
14.298
1.872
0.566
0.515
0.584
0.951
0.021
0.031
0.010
0.051
0.041
0.482
0.120
0.264
0.000
0.000
0.000
0.000
1.393
1.753
9.474
0.014
1.772
0.642
0.421
0.326
2.680
0.807
0.321
0.003
0.144
0.343
0.350
0.014
0.024
2.723
5.255
4.757
0.103
0.354
1.366
0.273
6.551
0.606
0.371
0.021
0.000
19.001
7.332
6.664
16.096
4.017
15.970
0.000
0.580
10.530
5.546
40.911
14.890
0.127
0.946
2.598
0.000
0.017
0.905
1.911
2.293
6.880
3.699
0.127
5.399
1.087
1.040
1.554
2.789
0.079
0.807
1.799
5.994
6.398
27.979
26.048
9.992
3.505
1.270
0.000
0.033
6.264
8.892
1.725
1.627
4.772
11.201
4.422
4.121
18.598
4.487
8.217
61.232
1.459
42.792
12.732
16.510
0.024
0.010
1.586
13.863
0.532
1.978
25.303
12.597
24.376
8.586
33.687
0.347
10.162
3.655
9.562
22.955
26.853
29.787
4.923
6.173
12.174
9.005
13.307
26.024
32.986
26.798
22.017
18.505
18.357
11.412
8.562
0.989
3.419
28.266
1.384
20.222
49.322
13.881
82.593
8.827
17.702
53.366
11.264
23.373
16.953
29.361
20.531
9.095
0.230
3.591
47.657
20.836
26.989
26.237
9.853
34.631
15.910
26.336
25.059
108.926
15.805
9.198
1.809
21.186
14.217
14.268
11.403
14.287
20.316
20.668
11.604
5.478
14.229
12.638
1.370
1.780
0.772
5.113
12.282
11.400
19.844
12.298
7.704
5.182
0.381
2.371
6.576
6.798
4.879
2.015
0.515
0.034
1.360
1.943
1.517
12.064
15.130
28.448
22.186
16.675
23.226
8.552
10.430
1.703
0.333
0.137
1.439
10.355
28.468
17.588
14.574
6.283
14.588
13.396
0.704
20.067
21.540
40.066
9.012
17.388
15.292
5.555
12.938
3.701
10.180
6.664
2.618
19.346
5.843
23.518
20.704
21.131
28.630
23.698
6.030
4.590
7.678
14.541
13.314
4.053
16.476
34.032
44.932
17.048
12.535
15.602
18.354
19.442
16.241
5.486
6.832
4.067
0.997
5.967
25.957
24.798
23.379
13.834
18.433
22.919
23.031
42.896
17.374
17.472
73.399
5.766
0.982
58.085
0.402
11.891
20.222
17.022
21.744
27.464
10.358
9.254
27.080
25.375
22.266
20.495
15.098
26.757
13.486
14.303
27.795
12.984
10.047
28.403
83.865
0.451
6.235
10.900
0.522
6.568
11.254
18.256
31.093
15.444
38.900
19.652
22.000
39.578
88.677
0.189
14.660
15.920
73.437
13.319
12.059
4.571
6.966
70.007
1.971
12.803
29.227
14.071
12.773
9.210
8.830
23.974
18.660
12.210
14.746
2.305
4.539
7.610
42.382
7.668
9.369
3.205
22.170
32.905
2.819
50.496
4.788
7.291
83.984
6.823
6.096
10.949
1.348
2.745
2.295
4.482
8.756
16.596
48.318
11.144
1.763
42.205
1.919
4.963
62.983
0.106
26.791
12.648
4.140
5.818
24.760
17.645
5.793
25.492
0.588
10.216
3.191
2.065
0.441
0.357
4.468
2.320
22.972
0.021
0.400
12.138
2.178
14.464
10.423
16.727
2.983
5.610
2.606
0.000
0.000
0.021
0.165
2.180
6.468
2.764
0.189
11.376
6.029
0.038
0.635
8.691
4.597
6.307
7.162
6.358
4.985
3.011
5.335
6.276
0.494
0.762
1.239
3.358
9.968
1.830
0.797
2.005
5.280
3.258
1.572
1.504
7.852
18.466
10.018
29.691
0.251
9.007
0.666
14.711
16.267
52.882
1.447
20.047
0.831
42.912
7.227
11.280
0.953
2.465
10.619
16.112
29.943
5.397
0.973
1.964
8.188
7.987
1.845
3.703
2.240
8.066
2.233
8.954
24.815
10.288
9.534
44.491
7.048
8.020
13.050
0.103
1.728
3.892
7.134
23.982
12.476
17.238
31.330
29.884
5.287
13.520
6.890
4.714
12.492
4.971
20.211
2.108
8.988
70.398
9.301
1.559
5.349
1.289
1.397
19.638
34.240
25.766
5.388
6.187
9.884
10.149
4.576
22.306
19.432
7.265
9.520
36.258
1.016
6.029
71.905
9.383
2.719
2.225
65.582
19.363
15.374
16.133
26.299
6.830
56.906
26.602
11.918
15.886
101.030
11.191
54.164
14.516
20.186
24.417
16.184
15.573
12.006
4.518
0.082
15.532
11.802
17.529
7.309
2.257
8.676
2.445
19.519
14.811
26.266
13.893
16.300
12.133
3.746
8.556
28.379
6.431
22.645
28.703
22.353
27.516
39.898
0.122
7.696
6.901
29.976
3.070
52.803
11.270
29.291
22.402
18.396
26.669
20.277
0.697
36.753
43.484
16.855
1.682
20.036
17.012
17.135
24.472
11.009
7.749
13.111
12.504
13.427
1.442
4.676
4.013
2.932
0.512
1.167
6.187
12.986
0.992
1.682
11.294
13.946
3.964
2.925
5.325
9.510
8.054
2.958
1.322
12.106
7.649
13.105
3.304
5.809
2.153
0.216
9.992
18.395
22.062
35.936
11.041
6.825
1.689
10.289
10.228
106.540
5.926
2.022
6.805
6.630
2.067
25.650
19.260
1.270
21.866
95.351
0.106
0.316
67.164
6.207
15.855
22.484
17.616
15.707
97.167
21.434
20.696
21.652
18.124
14.153
29.545
2.869
19.911
8.346
55.421
11.033
22.108
102.589
2.829
20.349
19.087
20.168
7.328
14.633
22.149
75.149
0.182
24.413
9.948
0.021
90.950
22.687
15.585
0.208
0.027
9.040
19.133
5.293
54.528
0.000
6.329
16.074
21.053
11.391
19.526
19.623
18.481
21.725
23.454
30.877
0.106
8.848
29.394
15.129
11.963
9.949
5.202
4.949
11.915
31.129
20.460
24.526
67.976
13.592
9.029
1.226
10.924
24.016
4.232
4.851
6.340
21.527
3.183
8.569
35.670
19.907
12.451
16.567
27.229
13.472
29.105
10.140
11.409
2.822
2.801
4.340
2.230
10.308
23.698
43.616
4.146
4.192
5.473
3.581
18.806
0.721
22.431
27.850
17.183
5.758
2.527
2.032
2.108
3.148
5.253
8.061
39.942
0.683
4.219
7.996
1.040
5.067
0.532
2.977
2.503
2.777
5.260
5.648
18.455
13.644
9.187
2.269
0.930
2.927
2.578
6.341
0.992
1.140
2.935
4.034
0.481
7.285
3.244
1.555
0.343
1.006
0.003
0.203
0.000
0.000
0.000
0.000
0.354
0.838
3.859
2.736
8.973
5.122
3.323
0.165
7.551
0.501
0.860
1.432
0.076
1.229
15.357
26.923
9.589
7.965
15.398
4.779
0.021
2.558
4.770
3.529
7.416
0.021
0.007
0.017
0.000
0.127
4.813
1.686
0.139
2.369
9.778
25.667
2.678
1.294
63.765
1.480
7.369
29.907
1.784
1.981
3.059
2.695
15.254
2.484
3.828
13.132
7.244
1.528
1.730
1.263
5.165
16.212
5.957
6.691
5.524
18.249
10.737
7.744
5.208
1.390
0.996
2.795
6.829
3.502
1.651
20.850
3.344
5.030
7.857
15.889
5.203
0.604
9.826
33.041
3.389
23.985
18.388
0.572
2.838
0.970
5.785
21.631
16.773
17.097
1.588
7.451
18.038
6.060
10.478
7.756
2.563
15.789
10.214
43.054
1.389
3.138
8.798
5.313
15.092
34.895
37.927
3.977
14.013
10.193
24.675
48.584
6.291
19.810
35.839
34.260
18.086
1.461
3.505
9.029
31.193
23.514
16.991
21.760
26.467
15.467
10.657
28.891
24.245
14.783
16.785
24.015
11.855
7.060
16.095
15.889
30.648
40.169
15.978
2.987
21.325
6.125
10.705
2.777
14.344
17.719
8.813
8.054
8.010
16.847
18.258
13.932
13.173
4.856
20.502
10.355
6.166
19.010
18.793
4.127
21.787
14.935
10.319
16.608
15.190
12.832
8.906
6.206
20.215
7.642
8.986
8.727
17.771
19.581
10.593
9.144
0.010
0.000
4.805
1.095
1.348
6.284
15.579
11.797
9.611
14.335
18.285
16.660
7.981
10.627
13.211
8.178
2.418
1.003
2.767
1.961
13.229
7.831
9.390
9.297
14.001
15.681
4.594
27.783
7.082
10.928
8.857
10.104
3.054
0.752
0.000
0.000
0.024
5.176
6.410
0.072
0.072
0.021
0.000
0.000
1.069
0.975
11.366
6.523
10.411
5.859
11.970
4.850
5.151
0.834
4.116
10.230
21.653
13.704
15.672
19.145
17.055
20.229
10.440
24.069
21.971
15.199
23.341
10.571
9.380
4.882
8.657
13.618
16.035
2.149
14.832
22.268
6.897
1.123
13.840
25.596
2.544
31.713
27.318
24.412
27.409
16.802
13.154
10.106
11.776
16.970
14.856
8.458
14.459
6.975
0.771
8.484
10.008
13.305
17.022
17.721
6.139
3.349
3.292
2.587
10.751
21.348
27.995
8.843
7.931
13.717
11.163
17.322
7.158
29.855
17.005
9.115
10.293
10.396
3.895
2.087
4.623
21.229
7.986
60.716
97.852
7.427
4.613
12.109
0.538
1.308
11.065
42.072
7.626
9.206
0.000
0.000
0.000
6.976
17.693
8.637
0.163
1.613
1.378
5.975
7.605
12.569
13.338
3.466
2.577
10.367
2.122
9.507
3.203
2.585
0.134
0.472
0.996
0.000
0.000
0.000
0.000
0.221
0.000
0.000
0.151
0.000
0.465
0.510
6.099
5.116
2.578
1.665
18.198
17.868
1.595
7.938
1.876
0.239
0.079
4.856
0.173
0.000
0.096
0.309
0.690
1.159
0.139
0.031
0.468
0.636
1.777
1.799
2.042
0.415
2.209
5.028
8.398
1.610
3.959
3.665
1.418
0.003
1.324
0.000
0.000
0.000
0.000
0.000
0.000
0.285
0.122
2.564
5.057
5.485
2.906
0.772
0.021
0.076
0.031
0.000
0.000
0.003
1.473
0.045
0.637
2.432
3.400
3.856
0.000
0.783
3.469
16.109
16.131
2.810
7.321
0.848
1.210
1.282
3.068
100.901
3.062
0.961
7.548
5.117
9.780
3.186
0.003
5.303
5.274
7.405
1.868
4.978
19.801
16.763
74.111
27.886
8.132
22.302
4.997
23.924
17.604
0.496
7.915
12.684
4.527
7.344
4.477
0.438
2.934
10.586
11.330
14.418
14.226
14.672
11.467
17.896
9.503
14.505
28.013
60.189
9.145
2.077
3.395
13.003
13.487
12.215
0.251
8.169
3.627
3.073
9.400
15.437
6.399
4.517
58.487
30.200
5.993
20.014
30.307
51.703
5.423
65.231
14.445
17.401
34.658
6.801
13.300
21.305
25.360
9.671
78.190
1.023
26.095
34.293
0.474
38.615
25.734
3.349
22.304
16.356
21.952
24.321
20.012
0.987
6.010
3.085
20.613
98.949
9.011
32.319
15.874
6.851
12.221
12.813
12.936
14.250
4.916
6.690
8.574
15.550
8.072
2.175
3.368
6.525
5.534
9.210
5.200
9.872
3.811
4.462
1.859
0.184
2.105
5.643
1.832
1.349
2.434
1.703
1.954
0.731
0.113
3.327
2.729
19.559
8.593
15.523
17.863
26.563
7.694
4.415
14.516
17.415
1.734
6.056
40.649
19.823
18.000
6.853
11.992
0.003
2.592
5.112
8.518
7.007
6.636
3.430
13.546
8.956
8.106
9.393
12.177
2.884
1.891
14.313
4.475
0.295
0.000
1.056
0.460
1.425
0.599
6.887
5.239
8.858
2.353
2.287
1.378
1.442
0.213
0.621
6.836
3.069
9.682
1.154
18.725
11.271
1.586
0.057
0.374
2.836
13.120
21.247
19.420
2.985
6.285
13.126
18.495
4.638
12.837
43.720
1.176
25.595
21.968
25.081
6.770
3.304
13.961
8.188
20.095
9.784
15.805
20.177
9.660
8.068
18.987
15.175
17.116
31.208
18.478
26.448
23.753
9.872
2.807
16.680
16.328
5.564
10.162
36.732
19.603
21.667
17.118
17.084
9.216
6.374
15.824
8.297
1.046
7.351
49.722
71.878
11.326
5.852
23.818
22.773
22.017
17.103
6.242
33.615
132.823
6.976
34.020
0.494
1.682
0.845
9.984
16.356
21.911
7.591
29.962
32.454
12.535
25.969
22.618
0.373
2.764
22.931
21.382
27.447
1.542
66.117
1.047
6.739
3.080
13.291
18.042
110.406
1.826
7.306
19.980
8.427
0.307
0.784
0.875
1.899
2.420
2.898
9.076
6.719
2.920
1.500
8.938
18.765
10.894
17.582
1.255
23.382
26.932
11.524
6.575
31.339
0.685
1.954
6.111
17.147
9.525
10.198
18.951
10.930
13.143
12.555
4.437
2.468
2.942
1.600
0.336
1.366
16.328
17.566
8.578
3.426
9.911
11.242
0.342
2.729
7.234
6.642
4.070
3.159
0.014
0.000
0.216
0.501
2.944
6.068
9.483
4.352
0.000
0.211
0.223
4.154
1.948
3.414
10.176
32.617
9.685
2.554
3.686
1.452
0.961
3.294
0.954
1.128
4.163
0.119
0.167
0.238
1.969
0.154
0.431
2.681
1.107
1.325
1.263
2.128
2.563
0.014
2.565
5.619
6.494
0.730
0.000
0.082
3.287
6.513
4.120
1.234
0.000
0.275
3.313
2.650
5.272
4.245
12.793
9.771
8.552
10.092
6.180
107.966
2.795
26.098
35.373
12.682
17.909
18.560
53.306
17.650
13.230
36.996
8.983
3.040
17.547
17.156
34.535
17.108
22.893
24.269
24.984
4.786
17.533
17.791
23.446
1.998
1.535
7.704
9.270
2.565
45.792
68.441
9.029
46.513
0.673
12.713
9.036
8.171
39.801
30.092
39.688
11.374
2.122
3.639
18.567
20.170
11.762
16.347
6.441
7.440
5.531
13.290
5.874
16.843
4.690
6.479
8.307
18.594
4.243
4.710
11.673
44.059
4.611
7.000
5.778
45.150
3.238
1.576
10.331
12.013
0.196
11.082
2.819
0.500
62.758
6.223
18.484
30.370
23.730
3.189
10.677
3.210
17.300
26.587
33.471
3.694
24.208
27.912
24.146
26.707
1.291
1.006
10.281
7.217
1.641
1.037
0.230
0.000
1.717
0.405
0.065
0.082
2.870
8.123
3.538
0.488
0.392
0.536
4.805
4.757
18.524
7.325
15.412
17.300
5.665
6.333
2.774
0.290
0.045
3.653
1.921
11.038
7.455
2.474
7.510
48.590
6.735
7.249
4.752
4.007
4.556
1.267
0.383
1.590
0.728
0.000
0.154
0.158
3.248
2.630
4.772
3.145
2.882
0.134
1.509
1.202
0.470
0.814
0.627
0.397
1.868
2.949
0.666
0.209
1.389
2.434
6.695
0.680
2.661
3.390
15.154
28.855
24.973
53.577
18.124
20.126
9.653
22.231
24.355
22.937
13.058
25.492
18.479
22.903
1.468
0.161
5.049
0.443
14.255
13.257
16.210
11.953
15.158
35.881
61.994
9.813
25.066
19.987
5.883
18.040
16.981
29.989
23.497
11.968
81.316
14.219
8.870
22.805
15.305
17.418
9.880
10.399
16.274
31.907
6.564
10.964
22.803
87.515
1.945
10.707
6.394
29.007
24.681
22.400
18.088
10.683
7.515
26.925
22.867
5.564
14.171
84.258
3.424
4.338
33.189
5.976
35.755
26.311
4.961
13.790
7.780
11.781
83.338
18.011
3.749
120.259
2.702
2.731
2.142
2.896
7.248
27.280
20.750
19.078
20.205
51.677
4.662
2.554
7.807
21.279
25.358
7.376
6.341
1.418
5.612
11.460
9.134
9.527
11.719
8.013
2.647
0.096
1.224
0.615
3.600
2.384
3.809
2.280
4.422
0.230
1.377
13.987
20.479
2.946
7.024
0.316
12.881
7.944
6.503
5.067
4.199
6.353
8.698
10.605
2.108
5.030
0.772
0.031
0.371
0.041
0.007
2.008
5.479
7.294
3.445
0.446
1.105
1.950
0.079
0.041
0.192
0.996
0.704
0.086
0.000
0.117
0.913
14.667
8.137
0.014
2.456
0.910
0.257
1.263
0.021
1.404
0.257
0.010
0.570
0.879
2.723
11.536
0.388
0.141
0.347
0.484
7.260
4.619
1.845
1.717
7.031
3.869
11.731
2.053
9.747
10.509
0.409
1.174
1.785
8.308
1.205
3.629
7.766
10.672
16.050
48.415
1.768
0.625
5.778
3.299
12.435
2.554
4.807
0.851
0.000
0.793
1.250
3.854
1.967
1.658
4.841
9.429
69.664
1.535
8.449
19.322
59.694
2.681
3.584
36.657
0.800
1.782
4.350
12.071
7.519
2.438
12.239
25.821
6.054
6.712
3.725
1.469
1.157
8.892
6.022
7.817
35.197
79.481
9.812
0.800
30.906
2.434
1.569
5.246
24.922
131.352
34.264
15.621
5.181
24.263
3.868
5.730
21.701
16.850
35.870
5.603
10.289
19.092
15.079
26.965
12.310
11.476
20.108
22.098
12.140
44.045
5.395
16.092
10.773
24.144
15.799
22.606
21.989
21.229
14.601
10.056
11.074
28.020
12.954
30.563
10.959
18.902
16.284
28.298
53.437
7.932
17.921
21.483
4.086
28.844
22.900
7.546
59.189
0.209
23.500
34.315
16.617
5.311
5.473
7.141
24.534
5.701
24.767
17.163
27.452
21.095
39.232
13.469
37.978
11.886
12.957
2.688
2.341
15.848
12.782
3.073
8.772
13.481
15.501
16.243
28.001
0.163
5.764
9.979
11.663
16.617
16.062
19.873
92.395
12.657
20.747
11.280
5.540
5.282
4.101
4.690
1.181
0.930
0.513
0.263
0.441
0.647
0.802
2.185
2.105
2.360
1.790
3.725
8.533
10.497
3.262
3.540
23.815
31.788
13.225
8.837
9.369
16.342
15.134
11.045
6.921
6.578
7.896
5.133
6.636
9.780
7.042
9.301
14.073
7.804
6.492
24.829
17.279
17.070
14.188
22.237
16.057
2.451
1.027
0.203
0.014
4.728
3.946
2.666
0.517
0.177
3.061
16.976
29.438
5.692
66.645
4.616
25.317
15.723
24.448
6.135
2.206
11.647
24.239
19.243
20.548
8.648
1.444
13.254
22.285
29.127
57.841
0.000
22.371
10.609
26.240
22.124
15.755
3.409
5.327
12.905
20.951
98.266
0.470
16.315
32.276
8.013
5.939
13.352
21.568
8.947
15.625
10.193
2.891
11.501
12.373
20.362
53.558
1.408
10.722
22.134
16.720
16.802
18.929
15.896
55.117
10.114
27.107
54.961
30.194
31.555
31.701
12.700
21.653
93.892
20.507
23.564
2.547
18.878
3.577
10.973
1.511
2.466
17.891
15.712
12.566
4.800
12.607
9.498
45.085
7.036
28.178
10.325
1.976
7.896
5.308
65.537
8.780
61.745
0.826
11.985
22.357
20.215
10.011
4.547
5.998
16.397
25.336
19.566
8.219
10.296
9.029
7.789
1.015
0.809
2.669
8.427
12.176
14.783
17.764
9.411
0.007
2.740
0.475
0.838
6.145
4.592
3.950
0.077
0.611
0.007
0.900
0.223
1.797
6.238
0.949
5.646
1.313
4.028
5.392
0.359
2.558
4.904
1.732
4.180
3.953
6.171
1.114
0.294
1.049
4.331
13.369
1.277
0.448
0.076
0.072
1.303
0.841
0.233
0.000
0.010
0.000
0.000
0.069
0.000
0.000
0.010
0.000
0.000
0.000
0.014
1.267
4.276
2.053
2.142
0.151
0.093
1.971
4.693
2.935
10.104
1.044
14.945
3.615
4.439
12.610
14.133
6.163
17.245
9.167
10.461
5.440
1.272
4.947
4.369
1.353
1.585
2.674
12.088
9.744
4.679
1.423
0.376
2.968
5.692
0.963
5.018
8.683
6.897
5.047
1.969
6.209
9.067
26.092
18.550
42.086
4.705
16.320
8.568
0.098
1.121
3.044
29.636
23.677
13.232
30.286
18.261
19.374
28.068
25.853
15.726
8.041
2.967
22.276
99.200
23.128
5.946
5.188
6.447
57.728
23.651
28.257
18.935
1.476
14.220
0.783
24.410
15.329
23.561
25.131
24.228
43.562
8.065
34.075
31.812
32.684
9.822
19.841
4.532
0.220
12.198
9.855
8.964
3.444
19.048
0.103
31.242
15.460
24.757
22.076
5.565
1.188
0.319
0.453
22.663
24.891
20.201
47.440
47.245
23.296
24.857
7.488
9.538
13.299
11.106
7.821
13.810
11.477
19.001
11.120
14.638
18.004
3.825
0.254
1.638
7.375
4.449
3.454
10.598
7.364
0.829
2.812
1.651
0.560
0.326
4.281
5.037
10.643
8.913
5.627
6.537
12.686
12.749
16.649
4.286
3.174
13.366
15.508
10.780
11.470
3.306
1.423
2.905
11.710
11.853
18.024
24.966
8.097
3.213
16.193
16.914
20.999
16.219
9.731
16.730
14.632
15.597
13.535
15.201
25.666
62.353
6.300
6.690
7.498
4.429
16.054
7.964
5.057
1.996
1.258
0.223
0.000
0.282
0.681
3.605
1.339
1.940
18.946
19.478
14.296
12.700
6.604
14.437
1.227
1.339
15.456
16.895
18.905
11.307
25.694
15.161
18.260
16.768
18.850
6.829
8.827
22.644
17.190
1.332
45.928
6.104
43.693
8.175
83.268
5.991
13.889
2.098
0.055
16.213
16.595
11.144
46.396
27.444
21.690
29.221
6.248
29.828
23.793
9.877
32.222
96.604
7.627
7.788
7.105
6.374
17.303
67.391
46.604
53.442
15.286
44.685
2.314
19.823
26.410
26.149
2.903
15.534
9.297
28.199
36.215
23.039
12.812
25.531
17.333
4.298
4.556
34.507
7.919
17.106
16.342
35.712
18.340
1.020
6.298
3.368
8.621
29.749
8.299
45.665
1.756
69.368
9.031
14.591
63.128
6.632
4.425
10.606
1.270
1.061
27.454
0.029
2.329
2.681
17.667
18.627
10.729
21.609
11.225
19.355
13.160
14.550
14.625
11.000
10.647
11.213
11.055
1.913
6.933
3.516
11.347
8.883
13.024
14.135
5.294
5.855
1.228
0.036
4.548
18.644
8.830
4.658
18.871
5.660
7.255
2.232
9.936
1.911
1.814
21.731
11.072
3.164
3.325
1.344
0.302
0.211
7.663
0.954
0.048
2.240
2.192
1.018
0.536
16.582
39.860
0.633
10.600
19.446
8.659
25.739
52.446
10.897
21.722
11.237
2.640
0.319
0.199
0.515
0.151
7.205
15.803
6.915
6.676
4.649
7.680
3.543
3.564
0.941
1.562
1.971
4.044
4.439
1.794
4.884
36.427
32.362
3.897
5.737
8.954
4.340
2.613
0.906
0.597
1.342
3.241
2.432
1.703
7.224
0.845
1.030
6.331
10.307
2.808
0.887
4.872
9.101
9.733
5.047
3.100
7.872
2.211
4.408
3.727
7.430
6.551
3.049
1.202
0.165
0.776
5.212
0.117
8.384
6.128
14.783
19.360
12.507
2.561
2.345
19.793
3.488
13.747
23.603
18.987
2.486
10.186
11.319
8.715
20.284
34.601
12.303
6.175
1.265
18.593
14.495
17.111
48.256
14.941
24.814
14.729
11.568
13.807
19.609
17.892
0.721
19.520
18.696
64.886
8.561
23.452
17.640
35.076
23.451
16.843
21.094
21.739
19.240
21.586
3.656
58.805
12.215
13.628
24.536
27.304
19.614
72.946
1.403
7.591
12.895
5.018
16.751
16.704
19.038
17.365
0.702
51.244
13.047
28.600
1.203
3.107
5.079
5.188
27.889
13.746
9.236
23.501
14.090
49.028
16.991
33.995
82.332
1.681
9.055
12.736
2.530
0.158
2.134
11.343
27.926
16.982
18.596
17.849
18.817
10.343
8.986
8.480
8.434
4.044
5.510
10.070
6.350
1.106
0.740
3.135
15.740
8.790
13.725
26.199
23.407
21.966
5.807
12.568
22.999
14.986
6.163
4.254
0.620
0.299
0.240
2.022
9.011
9.852
10.925
22.606
12.739
10.360
18.294
2.966
20.412
1.744
8.865
3.692
3.395
0.000
2.705
4.084
3.299
4.638
4.156
0.388
9.943
3.488
10.842
9.850
10.919
16.200
15.717
0.711
3.189
2.695
5.164
4.446
26.137
34.054
23.131
4.765
18.141
9.424
0.288
3.378
71.312
1.095
20.074
33.416
19.415
20.594
20.754
22.539
15.547
28.573
6.257
3.910
9.924
16.061
20.790
8.326
15.398
4.697
4.752
12.193
9.241
2.077
20.960
20.484
15.479
1.220
3.684
2.760
1.027
7.332
16.945
23.241
48.041
3.969
21.044
7.965
21.641
17.556
82.319
4.261
1.902
10.257
15.951
16.850
17.695
19.576
10.612
11.925
19.453
13.029
0.980
17.025
4.470
5.418
61.022
18.845
1.178
0.100
18.905
34.538
11.048
27.239
53.337
26.429
26.077
0.591
50.249
21.156
68.450
16.337
20.352
48.424
16.311
34.214
27.947
14.147
18.282
21.746
26.077
18.845
20.218
4.449
8.465
3.977
20.774
55.264
49.875
9.598
42.783
2.196
3.316
15.892
11.505
14.979
6.110
10.296
3.267
6.702
2.244
1.995
0.520
0.443
0.350
0.800
1.130
18.491
43.458
1.861
1.662
1.662
0.216
2.918
18.097
14.852
19.978
1.710
0.182
0.597
1.047
6.841
0.443
0.474
1.632
8.415
5.067
2.547
14.873
1.931
2.939
1.713
1.871
0.206
1.009
0.048
0.264
28.922
34.171
3.972
1.088
0.573
0.635
5.835
1.737
6.235
1.497
0.628
12.377
3.959
7.605
10.612
0.309
0.000
0.000
0.673
4.144
11.062
15.086
18.625
19.669
9.448
10.298
8.003
1.421
1.445
11.384
16.606
21.464
6.376
1.557
17.654
5.203
7.657
3.529
3.433
7.796
7.090
0.992
0.000
0.000
2.399
7.030
6.339
0.118
0.000
0.000
0.101
7.358
2.178
0.388
12.513
1.610
5.239
10.705
6.214
5.558
5.174
9.452
5.984
3.339
1.576
7.587
1.112
17.753
4.958
8.837
2.542
5.651
52.769
55.213
3.572
6.049
6.152
22.021
5.641
12.243
3.914
39.321
15.292
5.177
14.088
17.887
13.228
2.875
19.039
3.238
8.435
24.112
12.937
17.097
25.814
44.837
1.665
1.360
36.967
20.259
42.230
8.928
7.054
28.779
17.020
7.562
3.674
25.208
2.892
6.999
7.316
20.057
52.858
9.220
51.789
6.420
40.220
13.800
0.031
11.927
43.581
17.520
5.181
2.586
14.874
41.242
3.064
4.647
5.126
13.118
20.242
3.052
14.329
21.964
19.254
22.407
40.841
15.684
6.890
3.648
0.627
6.157
5.800
10.252
17.204
51.756
5.770
10.597
20.618
5.799
85.450
3.251
3.440
25.221
35.496
16.921
16.236
34.315
25.727
19.233
13.930
6.777
18.848
19.659
6.715
3.189
8.504
4.501
5.881
9.934
13.613
2.779
6.420
4.333
16.057
1.851
0.014
0.000
0.000
0.000
4.048
3.244
3.742
4.345
4.808
4.703
1.666
12.703
7.927
6.022
7.876
4.250
7.716
1.389
1.794
2.700
5.981
9.026
5.069
3.528
2.208
15.489
5.510
2.323
21.755
22.974
29.946
7.405
24.203
11.816
7.110
0.051
0.350
1.741
0.716
4.637
7.711
3.805
14.982
15.132
7.062
4.643
3.788
16.050
13.506
0.333
12.040
13.213
24.479
20.376
6.583
3.030
0.338
22.985
22.431
24.318
20.826
25.729
7.069
28.080
27.680
20.115
26.491
15.653
23.227
2.803
4.111
7.637
15.386
16.498
10.765
18.281
13.100
4.655
23.761
16.105
18.294
38.272
17.300
2.844
19.516
22.725
12.269
15.165
3.097
22.182
6.046
6.468
11.968
1.943
8.609
34.679
1.593
9.836
12.534
1.780
13.625
20.565
29.298
27.946
2.846
72.417
0.961
0.628
49.713
16.673
1.519
3.054
10.974
44.680
14.739
6.679
4.609
9.865
23.722
15.492
20.960
16.366
19.348
1.857
48.326
0.225
7.682
0.683
6.274
0.470
4.973
5.751
46.304
1.775
5.474
0.886
14.002
36.574
11.058
24.139
10.563
0.664
7.163
40.893
15.000
89.860
0.343
10.597
10.289
6.989
0.758
20.266
2.993
16.683
5.661
7.532
4.401
9.881
9.771
1.289
2.206
11.041
1.984
3.663
20.798
0.220
18.313
18.570
6.437
0.227
6.475
0.000
0.718
2.002
24.582
3.960
2.115
2.771
25.406
4.398
15.175
2.939
0.439
10.636
3.955
4.570
4.413
3.519
0.031
0.032
2.002
1.686
5.229
0.410
2.435
1.318
4.223
0.524
2.951
3.251
3.411
2.400
1.689
4.467
1.844
2.288
3.449
1.451
4.878
0.934
6.942
2.764
8.911
10.592
1.324
5.526
12.251
0.000
0.000
0.000
0.000
0.000
0.426
0.014
1.152
5.584
1.478
3.545
0.077
1.239
1.837
4.607
3.848
45.547
0.003
5.449
0.050
0.003
1.007
0.000
0.000
2.209
0.882
0.273
0.137
0.034
0.405
1.571
18.656
18.115
12.967
7.836
4.690
11.060
17.901
12.080
6.909
6.163
3.996
7.136
5.735
5.746
1.263
15.379
3.337
8.159
2.364
3.613
2.740
23.845
16.905
45.490
12.693
17.755
13.517
81.440
6.487
21.821
36.068
21.866
11.888
19.749
3.205
9.637
6.982
14.217
16.734
11.004
15.960
23.038
19.251
18.528
16.985
14.069
43.682
10.538
4.131
7.661
0.049
42.549
7.310
22.843
9.344
3.999
19.631
48.260
4.463
13.762
43.475
33.618
0.721
19.734
33.788
2.918
45.834
16.917
20.644
17.317
1.411
16.655
30.339
16.579
21.070
21.066
3.684
8.044
30.430
13.565
0.779
17.901
23.439
37.223
0.360
2.479
61.379
14.541
0.505
20.397
24.084
47.729
28.326
39.566
17.455
1.881
19.096
14.852
15.216
6.434
6.303
15.734
11.824
15.621
19.504
1.298
6.530
9.706
6.194
0.755
19.782
7.574
13.348
10.248
12.236
13.544
9.208
17.345
3.526
4.738
2.602
0.505
0.101
5.121
2.949
2.077
26.747
7.687
12.336
11.451
6.947
15.967
19.926
20.387
2.681
10.995
12.269
4.698
28.092
25.761
40.809
11.997
12.114
18.795
12.502
14.936
7.884
1.926
0.264
0.505
6.477
3.030
2.307
4.424
27.480
22.817
17.072
20.802
26.934
31.121
14.406
19.314
4.587
12.811
26.668
15.111
16.068
26.117
13.115
23.797
14.181
1.535
6.533
38.478
57.117
35.718
0.891
2.417
19.526
24.065
27.424
37.944
17.765
22.556
31.665
24.604
19.696
27.437
14.632
21.482
12.809
18.442
15.686
5.004
8.135
36.763
1.952
12.032
13.489
23.464
28.189
20.265
20.629
13.027
58.761
61.439
8.446
36.591
22.929
9.740
16.037
7.546
2.822
28.202
29.564
18.574
8.885
3.488
9.843
44.828
4.758
1.847
16.850
16.620
0.106
59.247
1.387
27.847
77.155
14.759
87.238
16.277
0.573
5.847
62.691
8.456
6.722
17.156
29.886
7.134
1.816
21.077
62.505
24.584
29.428
38.742
14.425
16.272
4.012
36.384
1.739
3.719
1.528
7.083
26.487
23.111
4.949
5.004
24.146
6.725
12.042
19.278
18.109
39.880
14.274
1.516
7.193
1.667
7.558
4.060
6.308
7.625
8.497
5.830
9.258
37.220
40.426
1.416
2.589
6.868
3.521
5.066
0.908
0.359
2.173
2.637
21.071
82.840
0.264
7.266
6.597
4.020
8.564
0.216
1.392
8.212
4.333
4.764
8.091
4.765
2.853
6.552
2.917
0.000
0.000
0.000
0.920
2.264
1.215
6.980
53.205
17.923
7.972
3.643
7.045
1.682
4.147
2.067
3.711
6.022
3.996
0.409
14.083
2.630
1.336
1.730
6.417
10.705
0.714
1.406
0.520
0.240
0.000
0.017
0.663
1.814
6.643
0.000
0.163
12.722
43.379
13.033
11.577
7.045
1.851
3.096
5.796
13.748
31.902
10.101
3.357
23.751
13.136
23.983
7.864
2.282
3.417
1.263
6.966
0.552
1.389
4.330
0.115
1.346
2.985
2.281
8.782
20.280
6.635
0.273
1.608
3.971
7.896
14.912
0.488
9.400
12.351
0.958
2.392
4.625
13.371
1.711
7.704
1.674
7.932
4.396
4.525
26.228
12.708
8.470
7.414
21.550
18.189
37.403
38.905
12.119
13.015
0.091
30.698
2.208
7.344
7.611
3.924
8.554
0.599
17.377
56.441
4.511
5.005
1.648
9.374
8.305
15.661
34.229
15.551
11.635
22.426
11.391
84.670
31.417
6.435
0.980
9.095
12.366
43.671
16.761
37.374
10.602
2.748
0.129
29.962
25.790
24.314
21.502
21.135
19.487
18.179
8.267
3.934
18.119
5.836
7.852
13.692
4.573
60.030
0.561
10.121
25.543
15.223
36.739
4.576
16.112
1.785
1.734
4.776
16.981
22.192
0.827
5.150
1.301
19.168
17.149
21.416
20.946
28.259
5.888
4.247
16.133
9.119
11.209
25.293
6.908
10.619
8.439
14.320
23.597
51.730
17.945
9.328
28.341
1.710
16.370
4.055
2.712
1.710
4.515
2.942
9.556
32.521
15.374
19.106
8.932
22.950
16.886
3.651
8.217
14.983
21.587
33.502
17.776
2.269
37.778
73.653
14.888
7.617
22.513
16.665
4.345
10.851
7.766
8.605
19.957
17.739
17.523
16.661
24.879
54.888
80.223
2.697
20.272
25.028
11.081
6.317
13.775
6.983
23.494
26.813
33.858
5.383
11.343
20.874
21.298
72.587
20.356
26.602
36.907
44.136
18.476
7.486
86.777
12.957
0.398
18.828
69.799
0.664
40.097
26.020
41.848
26.731
50.427
3.205
5.836
13.429
10.976
25.011
27.109
17.506
4.048
4.233
9.476
23.250
25.327
37.503
9.479
36.282
34.785
2.438
32.235
23.449
26.336
20.884
7.972
46.771
5.002
30.199
24.587
55.285
55.278
33.301
16.095
19.987
7.220
2.010
42.117
0.597
13.381
98.561
3.730
84.037
62.948
6.134
15.070
34.085
2.455
33.050
34.123
4.911
23.922
6.551
12.270
23.547
32.945
12.824
5.184
7.757
12.159
0.433
11.323
28.422
74.505
27.744
48.808
9.531
11.742
20.268
28.281
0.309
14.219
18.954
11.935
16.464
101.026
46.527
4.796
2.249
65.369
6.259
81.081
6.081
4.031
6.319
12.059
26.683
24.716
14.377
16.547
61.946
4.106
14.104
25.801
3.890
36.045
7.368
2.319
10.701
6.793
6.317
14.615
12.646
20.586
1.658
0.216
3.886
0.711
0.539
0.045
0.039
0.127
0.587
6.623
8.490
4.920
0.343
0.206
0.419
0.144
1.871
1.099
0.264
3.378
5.656
0.000
10.022
13.803
3.942
16.185
1.287
28.897
1.406
12.679
0.752
0.287
10.640
9.165
20.507
20.168
0.527
5.313
4.813
20.256
18.272
38.066
19.705
3.545
0.024
2.094
3.430
0.369
16.881
63.975
5.201
2.671
7.266
2.623
7.625
0.874
0.515
1.727
0.917
2.094
1.229
1.178
15.583
20.630
5.503
3.361
7.224
0.570
3.086
4.985
1.696
13.542
14.859
13.881
5.665
9.431
0.855
2.650
0.870
11.010
5.806
8.885
3.725
0.450
1.461
0.632
1.308
3.780
3.474
22.302
3.433
2.565
2.297
2.829
33.079
59.312
2.335
57.702
3.876
13.716
34.779
21.367
8.092
9.222
5.770
13.901
15.020
23.197
30.686
13.369
8.176
9.445
17.564
0.553
2.352
2.657
21.955
11.749
24.438
52.982
4.302
4.571
4.360
21.207
3.615
18.481
16.232
15.961
20.387
14.396
35.270
42.225
22.704
9.846
7.618
12.586
21.217
14.495
29.574
18.309
53.335
10.827
22.400
20.697
3.687
37.384
30.738
0.244
0.645
0.639
3.488
19.686
17.921
4.062
1.456
2.194
7.357
15.542
72.235
6.702
30.108
24.568
39.525
10.142
20.167
23.921
30.729
16.050
27.892
24.899
4.171
2.105
13.118
11.282
17.058
19.890
23.219
4.312
11.584
19.878
0.282
3.250
31.187
57.098
0.544
15.760
17.036
27.232
32.714
18.375
20.646
15.872
4.431
9.219
103.360
0.024
14.866
7.581
24.637
29.513
16.922
6.185
11.898
9.795
24.339
27.605
26.641
20.958
1.830
16.425
28.325
9.335
6.314
7.890
1.298
3.635
2.178
10.365
7.660
18.488
11.141
65.290
9.313
5.895
16.553
8.508
1.396
2.063
7.896
3.486
12.960
8.496
10.317
16.183
6.111
4.346
21.913
61.592
11.541
0.086
18.689
17.537
16.785
14.087
12.147
18.172
2.082
13.343
50.058
24.227
18.050
27.251
10.247
8.679
35.481
40.466
16.430
33.011
17.034
20.785
33.709
19.810
9.359
7.807
24.002
16.232
25.021
13.084
15.793
1.723
21.192
23.610
21.135
32.478
26.372
2.558
21.732
0.227
9.129
4.201
12.066
21.612
16.843
27.596
13.702
17.209
16.291
17.966
8.216
31.091
32.351
14.258
6.964
16.253
22.024
23.713
0.034
1.469
17.008
25.935
4.978
20.414
38.564
3.893
12.988
18.460
54.721
1.342
0.312
18.251
23.456
3.536
31.260
12.572
10.095
3.162
5.545
9.987
14.900
13.548
10.145
78.817
25.457
7.605
33.805
47.832
9.276
7.395
19.372
0.045
1.554
1.916
22.615
22.862
38.577
1.595
32.973
16.634
15.675
16.116
0.657
5.969
9.795
12.610
9.283
12.622
11.699
15.827
17.204
12.923
5.229
14.797
1.217
3.308
4.899
14.588
3.045
2.541
7.193
1.449
0.326
4.171
5.167
8.480
0.086
1.552
5.083
1.143
10.605
1.730
5.119
14.900
26.017
10.612
2.606
9.218
13.166
20.102
16.030
10.928
7.635
3.262
1.051
0.065
0.000
0.000
0.391
1.579
1.940
0.069
0.000
4.947
3.416
3.567
0.130
0.254
0.130
1.121
1.414
3.292
6.224
3.615
0.000
0.034
2.616
6.145
11.294
4.189
5.970
29.131
9.709
2.666
8.827
0.270
7.052
7.745
1.809
1.734
0.185
10.371
8.523
13.249
18.859
1.863
2.470
6.071
2.892
6.870
10.113
2.098
4.942
15.422
7.532
1.673
3.789
19.181
84.684
0.536
18.246
28.122
33.278
19.382
19.104
7.581
15.007
102.890
5.079
31.905
18.656
29.333
35.611
33.848
3.941
17.987
25.971
43.449
38.033
7.828
8.339
6.636
161.341
1.964
1.548
17.286
20.060
9.304
6.818
10.863
4.312
3.965
6.939
21.054
98.616
15.530
28.781
6.322
57.290
0.168
7.529
20.110
6.029
8.046
42.182
43.714
0.216
1.418
8.659
46.610
19.976
9.035
18.778
14.699
8.716
1.651
27.749
11.927
3.277
8.035
25.095
26.407
14.164
13.345
1.378
8.949
22.113
33.268
19.652
28.685
6.623
7.944
21.413
29.342
20.366
14.063
13.323
31.344
0.312
22.797
18.608
13.558
32.883
23.976
33.986
65.791
65.297
5.431
26.384
0.733
7.572
21.612
20.489
18.697
12.188
11.716
5.716
21.828
49.772
26.199
26.283
9.685
19.008
6.945
20.711
42.275
26.448
19.247
0.177
5.867
0.170
27.445
33.668
2.589
17.803
24.747
79.687
2.832
1.088
5.167
23.960
32.295
18.371
11.058
13.699
5.100
1.620
3.696
52.245
0.070
29.443
0.101
9.222
2.007
3.529
1.837
11.642
25.521
1.773
0.608
24.992
29.838
62.603
0.948
5.706
7.459
28.664
29.399
1.112
82.983
16.847
15.607
17.006
50.541
50.323
10.617
31.793
38.576
0.604
23.991
35.129
4.971
0.017
3.986
26.391
13.654
15.010
12.219
20.205
8.920
13.383
16.579
19.518
26.920
21.451
128.928
0.144
30.432
1.253
36.584
18.828
40.430
12.689
57.153
6.726
11.366
23.010
15.384
64.043
19.072
18.981
26.813
24.122
71.336
5.219
35.122
38.208
0.069
6.667
10.114
21.870
3.258
19.511
48.360
23.203
5.301
5.823
57.356
12.827
1.923
10.622
58.408
34.658
20.798
23.209
45.995
13.122
5.649
30.607
3.220
16.325
40.445
26.644
5.977
18.539
45.731
0.256
26.135
27.195
23.178
19.554
31.654
97.955
16.644
119.511
1.322
9.874
12.945
82.639
16.929
11.149
2.099
19.748
6.842
2.089
37.347
46.417
20.567
25.451
1.941
15.707
19.460
60.167
60.796
33.179
48.439
52.731
8.738
44.275
35.033
2.383
8.971
21.866
8.223
10.375
9.857
17.015
22.371
26.632
9.421
5.823
19.319
54.614
11.704
12.651
8.652
16.545
9.345
11.508
2.348
10.080
37.182
44.158
60.816
0.072
5.426
26.352
19.985
14.983
45.748
11.103
26.621
37.824
1.864
11.803
1.737
12.318
7.196
23.861
1.555
0.436
14.339
14.425
11.347
14.701
24.489
13.057
3.983
3.986
2.832
3.265
7.004
14.148
15.453
19.288
6.760
17.604
10.011
12.305
5.854
0.000
0.000
1.699
0.003
0.010
0.024
0.587
11.271
3.553
3.631
0.838
6.097
0.312
0.333
1.979
0.000
1.081
11.635
4.563
1.514
2.609
5.021
0.161
0.026
0.357
2.051
3.540
10.787
25.162
10.430
12.607
19.382
17.317
6.760
20.702
18.594
10.677
21.437
24.213
9.064
0.227
0.364
3.054
11.026
31.153
56.576
5.655
6.829
1.160
15.577
71.107
26.760
18.121
19.803
15.470
16.934
17.118
17.508
13.966
21.645
13.420
1.320
0.445
3.354
10.408
7.917
18.445
34.837
51.071
39.800
24.578
8.126
15.734
28.013
55.666
10.530
2.731
0.000
9.088
0.000
0.022
12.974
3.595
13.560
9.294
37.196
19.226
32.207
7.939
15.865
15.899
32.178
23.088
18.752
23.773
9.821
21.489
19.501
12.566
23.267
21.403
22.137
0.582
25.705
13.208
15.065
20.433
9.395
41.928
27.025
64.907
25.591
29.208
4.161
11.170
17.733
0.130
9.582
0.340
3.941
0.196
13.070
53.854
70.220
26.649
54.520
64.311
51.571
39.348
4.192
2.901
17.012
34.909
26.300
0.838
12.737
0.000
0.000
0.055
1.863
0.000
4.669
35.675
102.454
31.033
68.050
30.892
25.413
19.916
0.027
0.000
0.003
0.003
0.000
0.048
0.003
0.000
4.199
17.774
16.363
67.008
5.361
0.000
0.772
5.857
7.208
13.738
23.464
0.340
0.000
16.270
30.001
10.585
12.178
0.010
0.000
1.504
0.264
3.241
0.000
0.000
0.776
0.172
8.259
23.173
48.832
12.130
28.607
2.475
0.003
10.083
0.058
0.014
1.150
0.165
0.000
0.752
2.513
0.002
1.926
38.929
19.394
33.924
21.283
10.138
15.199
11.675
8.322
36.159
0.000
0.000
0.000
2.094
0.093
6.568
6.430
7.526
0.000
6.736
4.257
13.565
31.115
0.769
27.298
25.971
0.388
1.384
2.410
3.378
4.395
0.498
0.000
0.000
0.003
0.000
0.000
1.727
0.309
0.000
1.143
16.378
26.987
30.951
61.278
0.834
0.000
3.052
0.000
0.336
15.738
9.592
7.165
8.010
29.891
0.000
32.746
4.278
2.403
3.801
0.601
0.000
0.000
1.143
0.000
0.058
3.976
9.754
18.612
33.103
35.956
28.994
34.195
46.476
12.415
10.609
1.710
16.076
16.845
39.788
26.036
21.166
29.893
19.027
16.016
23.597
6.042
12.535
8.968
10.252
20.464
4.772
13.826
15.853
49.236
4.003
4.554
16.366
42.201
21.322
10.780
22.364
28.997
14.337
13.003
9.678
7.206
20.441
60.296
11.517
10.693
21.156
28.568
11.337
7.577
2.956
12.734
17.455
8.163
29.720
17.970
39.128
49.287
49.679
59.124
15.036
16.462
0.786
15.940
17.595
7.028
20.081
28.734
12.734
13.247
16.541
10.717
19.109
14.258
21.659
12.720
12.339
5.996
9.977
19.583
17.449
0.070
0.000
3.886
0.748
0.003
0.007
0.000
2.702
0.014
0.367
0.439
0.172
1.919
23.468
16.770
8.741
1.267
1.772
0.113
6.279
1.136
0.426
5.047
0.515
7.342
5.701
4.535
6.176
10.784
3.313
5.186
10.193
4.020
0.017
8.037
0.488
12.143
13.534
7.629
14.169
1.270
12.823
9.108
8.363
7.261
5.776
7.466
69.238
0.051
20.189
0.999
25.703
6.231
3.165
1.171
0.000
0.000
0.373
5.953
1.844
1.528
2.182
0.000
0.055
0.807
0.621
5.605
21.978
0.034
8.518
11.472
8.123
1.710
0.961
5.155
21.839
0.227
6.539
11.767
8.331
1.093
0.058
0.072
0.673
14.988
8.518
1.760
1.694
14.917
18.969
20.419
17.822
26.487
13.405
29.608
42.818
29.943
15.752
12.418
16.404
7.986
5.915
1.665
0.000
0.009
2.705
67.034
13.994
20.723
36.554
15.134
14.541
20.469
10.561
18.723
9.846
12.317
4.103
23.717
39.743
30.602
28.576
39.237
23.792
27.514
50.295
2.233
13.793
37.764
13.602
1.802
21.643
87.067
26.735
15.147
0.845
34.971
23.712
37.978
20.692
22.349
7.052
22.134
0.000
9.845
21.264
0.007
0.003
0.529
0.742
2.920
4.887
0.000
1.239
35.829
0.088
5.246
9.194
0.000
0.000
0.000
0.000
0.000
0.034
0.271
4.702
0.161
1.440
0.192
0.477
0.151
0.247
0.148
0.003
3.437
5.232
17.678
1.088
8.830
39.242
2.106
3.262
9.397
8.528
0.000
0.000
0.000
0.000
0.000
0.007
0.000
0.000
5.473
1.435
0.000
0.010
0.814
14.361
14.686
0.000
0.000
0.000
1.476
6.091
13.517
13.874
6.770
0.221
0.000
0.000
7.759
2.177
0.000
0.010
0.000
0.000
0.209
0.017
0.000
0.000
0.000
0.855
15.714
0.982
0.000
0.093
3.316
5.328
0.203
0.003
0.051
0.000
0.000
0.014
7.114
12.696
0.072
0.027
0.000
0.000
69.526
13.829
0.034
12.136
1.548
7.208
4.309
2.190
1.936
0.072
3.917
0.536
0.002
0.000
0.388
0.161
1.205
0.752
1.562
4.261
0.556
0.779
3.790
0.779
0.209
0.089
0.041
0.024
0.000
0.120
0.014
5.957
11.999
3.231
6.192
14.045
3.268
2.031
1.253
16.256
0.161
2.283
0.065
0.254
0.000
0.010
9.960
97.672
19.703
50.673
12.399
15.371
12.265
5.503
14.234
5.648
11.879
20.148
69.794
28.348
43.317
15.139
18.426
60.057
19.154
50.568
77.665
32.573
23.023
1.802
7.072
2.259
0.034
0.750
23.744
19.746
3.703
0.000
8.020
2.978
5.260
0.882
6.130
0.975
4.805
3.771
3.104
17.774
38.408
13.070
29.272
26.616
12.226
17.856
1.545
12.409
15.082
16.220
9.023
12.360
5.210
6.262
6.769
11.972
3.931
8.901
7.021
12.813
0.429
0.275
4.964
0.826
8.403
5.517
0.621
3.732
9.641
14.912
9.218
12.524
17.561
8.063
5.812
17.146
7.052
9.956
17.146
16.548
11.973
0.000
0.000
3.107
5.418
3.262
0.000
0.000
0.000
0.146
0.189
0.000
0.015
0.033
0.000
0.000
0.000
0.000
0.000
0.000
0.280
5.702
5.529
10.705
5.679
5.181
0.263
0.132
0.326
1.638
8.547
9.196
14.488
11.386
5.019
6.300
0.455
0.225
0.005
4.201
15.436
20.217
20.723
20.270
6.837
44.941
4.800
10.806
13.417
11.299
3.375
0.532
8.360
2.396
9.386
5.002
10.588
5.249
0.340
3.601
2.571
3.270
3.862
5.033
5.443
1.075
30.020
12.511
14.873
0.000
12.269
8.480
8.020
19.983
4.280
1.184
8.144
16.854
0.484
26.432
10.363
17.736
14.011
15.137
17.509
31.043
31.289
10.573
9.366
0.000
2.980
17.662
12.494
0.058
0.409
18.297
21.799
0.007
0.021
0.858
0.161
3.066
4.896
9.187
15.652
10.128
1.119
2.062
11.900
14.603
21.827
2.906
13.966
23.212
6.101
7.948
15.425
1.672
9.895
16.009
32.102
8.937
1.851
10.056
30.118
32.750
20.795
38.033
14.071
3.746
27.363
24.963
24.501
33.912
17.904
10.696
2.898
17.722
3.419
0.014
1.620
12.380
6.825
15.237
5.019
14.406
0.007
0.000
8.998
29.150
32.712
15.032
46.359
0.007
9.383
77.572
8.837
5.603
2.324
44.625
7.478
11.561
1.720
0.530
0.000
0.007
0.002
0.002
0.113
7.654
28.304
0.486
7.660
10.248
1.996
2.331
36.518
0.000
0.002
0.003
0.002
0.122
0.002
16.678
14.608
2.529
15.137
12.150
15.389
48.525
27.991
0.058
2.142
7.007
7.821
0.113
13.331
27.596
2.826
4.333
1.181
0.419
0.137
0.227
0.117
0.007
0.051
0.000
43.803
1.469
0.481
1.545
2.355
0.323
0.000
0.721
0.978
0.000
0.117
1.068
6.125
0.666
12.006
1.068
7.790
0.000
0.378
13.788
11.240
14.176
9.874
39.166
17.712
50.880
6.214
12.147
0.000
0.000
9.939
6.351
1.451
2.414
7.553
0.017
67.008
7.181
45.408
0.000
0.055
12.473
0.000
0.000
1.294
0.041
4.480
8.235
0.000
12.833
22.807
1.914
0.848
0.076
8.283
11.161
19.738
10.907
0.542
0.038
1.308
31.778
0.024
4.237
1.380
0.003
0.360
14.924
0.000
0.000
15.425
36.840
16.074
6.279
14.928
0.216
0.000
12.875
0.000
0.000
0.134
2.053
0.439
34.315
6.757
17.441
39.688
25.231
7.304
21.382
0.807
1.905
7.316
4.539
17.685
31.218
8.126
19.525
0.000
0.003
2.664
3.131
15.827
5.737
8.356
24.199
12.555
33.773
7.941
0.851
22.201
29.634
16.569
23.808
1.672
0.069
9.529
27.806
7.055
20.411
8.423
4.159
16.570
12.871
20.252
10.090
12.236
10.396
23.796
12.792
9.822
12.253
2.450
3.531
7.443
11.175
5.502
43.485
21.068
21.980
0.838
21.571
61.094
17.654
18.249
0.041
6.890
16.026
0.759
6.461
0.803
15.989
0.043
19.599
0.978
0.041
9.005
14.505
37.905
3.207
16.117
1.061
0.076
0.000
0.000
0.680
5.243
0.347
4.110
0.082
3.466
5.424
17.930
12.054
7.302
6.029
2.616
7.826
1.366
0.017
0.031
5.045
0.343
2.517
5.437
1.236
12.303
24.187
0.433
3.636
8.305
2.922
3.835
5.988
5.545
5.452
0.112
0.491
5.730
34.114
3.196
13.033
3.049
3.473
8.049
2.266
1.651
9.603
1.233
8.521
9.395
9.249
0.738
9.235
7.096
14.426
17.137
10.332
14.418
5.775
14.861
12.401
7.505
1.056
26.673
14.217
4.982
2.481
7.011
13.699
2.753
18.038
15.268
42.620
2.741
10.210
15.559
9.630
7.071
18.327
13.575
8.920
13.719
6.722
6.300
2.774
21.272
1.123
28.087
5.517
24.012
0.007
0.086
0.000
0.451
5.328
0.124
0.772
5.836
5.244
5.891
0.742
18.548
0.254
14.392
1.336
1.897
9.836
14.076
9.386
35.575
7.340
0.072
3.667
0.000
11.446
6.865
63.029
29.268
31.963
15.429
51.735
10.149
4.377
4.583
9.496
11.745
14.907
0.124
4.906
5.023
19.230
12.437
42.678
31.153
36.931
28.197
24.024
0.738
0.500
19.981
8.772
25.550
0.268
0.003
15.123
0.000
1.346
2.920
0.000
0.000
0.000
0.000
0.850
0.261
1.071
0.445
3.581
38.940
0.120
12.226
0.007
2.022
28.352
0.027
47.054
0.014
0.000
1.133
2.060
0.321
0.007
0.000
0.000
0.000
0.000
0.161
0.000
0.000
0.000
1.191
20.174
0.608
3.450
0.015
0.345
0.051
0.141
34.063
0.872
2.757
18.728
0.000
0.000
0.000
0.000
0.003
0.012
0.000
0.031
0.000
0.000
0.003
0.000
0.000
0.000
0.000
0.007
0.000
0.000
0.000
0.000
8.956
3.191
0.261
0.000
0.000
0.000
