19790101
4.122
1.814
0.000
0.000
0.000
0.000
0.000
0.000
0.000
0.000
0.000
0.130
0.412
6.024
1.389
0.283
0.000
0.000
0.000
0.000
0.007
0.010
2.783
4.589
3.524
3.630
10.169
1.960
6.406
4.209
8.871
10.504
3.411
0.000
0.057
0.994
4.380
4.897
4.658
1.108
3.828
6.540
3.413
5.354
4.187
2.740
11.672
3.902
3.255
4.218
0.000
1.097
7.479
19.913
13.467
4.535
12.226
2.329
1.844
0.815
4.405
6.084
10.234
14.694
14.293
14.428
10.797
5.943
15.403
12.499
3.128
3.028
3.735
5.709
0.879
8.092
2.822
0.673
2.925
4.887
1.631
6.750
1.605
2.019
9.156
16.078
14.790
17.386
16.950
7.996
20.634
31.517
44.388
6.791
25.660
8.822
16.596
5.713
9.670
29.814
16.656
23.782
21.798
1.778
26.086
7.783
9.689
9.867
5.277
14.032
11.067
2.527
8.271
9.857
5.424
4.161
8.363
1.020
1.296
1.864
6.025
6.475
35.932
110.557
35.127
13.184
12.875
9.510
31.737
7.004
8.738
9.253
10.866
7.972
22.512
3.280
12.851
6.588
2.537
3.389
4.896
16.071
2.311
9.939
3.873
10.804
15.482
16.795
1.250
8.267
10.016
33.555
49.952
34.991
3.425
0.536
1.205
9.047
2.532
22.093
7.613
36.370
48.227
21.068
74.247
13.417
20.041
2.235
26.498
22.790
12.063
12.588
22.584
15.661
34.813
22.069
23.015
15.968
9.984
14.838
16.952
29.117
9.740
22.467
21.020
1.227
10.531
10.789
9.924
11.570
16.788
14.904
22.922
22.797
1.907
11.131
25.045
71.370
29.325
21.116
56.190
31.179
61.599
28.652
13.143
7.328
18.713
5.562
18.852
13.664
13.705
1.023
11.436
33.599
14.183
36.206
35.503
10.365
14.751
21.810
20.248
13.920
7.611
8.959
30.134
12.674
17.031
30.040
47.897
27.728
42.002
0.829
38.836
16.907
91.272
61.980
0.306
1.770
11.874
1.794
2.498
4.539
11.448
0.779
22.630
44.975
22.321
17.518
15.697
0.000
0.752
8.212
7.258
10.945
22.036
104.506
12.995
2.230
8.186
8.040
16.652
65.844
73.746
4.795
5.948
16.548
8.080
16.965
18.309
2.369
5.136
6.932
18.629
8.408
11.814
30.099
20.126
41.285
81.314
17.854
3.636
16.263
12.123
14.327
9.963
13.414
0.841
5.843
10.056
9.891
6.547
1.212
0.474
1.222
9.977
0.192
2.661
8.995
8.593
11.082
11.927
0.549
0.257
1.552
7.948
2.990
10.025
1.160
47.073
0.127
0.000
0.353
0.103
5.766
6.283
3.710
1.693
0.199
8.167
5.146
2.898
4.162
0.442
1.505
2.798
0.151
0.410
13.956
1.346
3.497
7.328
9.295
6.441
18.246
14.277
9.991
21.458
6.250
5.651
17.813
8.749
21.296
23.396
2.104
6.317
1.196
5.181
6.727
10.159
2.031
16.869
22.302
2.421
3.979
0.021
0.530
0.089
0.498
1.935
5.018
6.317
8.871
20.735
0.395
3.526
6.369
11.817
2.506
20.749
7.955
1.590
7.078
9.472
1.971
0.000
0.000
0.000
0.601
5.117
2.484
1.560
3.900
14.207
17.231
4.058
6.913
15.371
7.821
100.923
2.228
7.306
5.775
22.583
7.488
19.811
2.891
2.388
0.180
3.286
2.995
0.364
2.525
0.245
0.003
0.003
3.363
10.519
3.078
0.021
0.045
0.007
0.230
0.125
14.873
11.459
15.623
13.570
3.037
2.784
0.000
0.153
2.954
2.196
5.297
0.041
0.295
3.928
1.863
0.190
0.417
0.110
0.045
0.180
4.583
10.308
18.730
22.258
8.070
22.378
8.921
0.275
5.272
4.029
4.748
1.227
0.350
0.003
0.000
11.991
11.113
17.132
18.110
10.056
15.352
23.064
108.747
3.979
8.765
9.266
2.887
2.160
6.894
14.509
0.113
2.280
0.954
0.000
0.024
0.082
0.110
0.000
24.486
22.141
21.107
14.172
11.333
21.950
24.311
13.239
22.268
63.782
9.441
6.805
4.250
10.028
14.526
5.488
10.380
13.959
28.674
6.353
7.098
17.053
8.674
0.972
12.255
14.081
85.060
97.335
26.125
4.654
5.936
15.649
89.296
1.789
7.519
60.806
14.124
17.726
15.389
12.461
37.498
21.715
5.699
30.830
19.363
8.427
38.260
89.985
17.907
34.204
11.062
6.830
10.641
13.836
8.197
18.636
39.939
8.338
1.056
11.841
0.402
5.545
5.534
24.367
15.609
9.132
7.327
22.604
16.619
10.198
22.478
28.097
14.763
6.360
12.202
9.156
10.377
6.412
5.122
14.162
9.234
10.516
14.598
22.868
28.150
34.143
6.992
21.622
28.177
30.307
8.940
10.636
11.197
18.550
19.119
8.190
11.767
14.780
22.826
46.170
3.201
13.342
25.476
76.338
8.595
6.491
22.725
18.763
7.684
13.966
29.378
18.201
24.506
31.333
33.716
15.048
1.837
17.973
42.878
0.148
5.644
25.245
10.207
2.891
53.280
4.903
25.063
14.196
19.930
12.263
19.899
18.567
26.477
15.872
8.171
15.024
2.029
17.980
10.756
3.133
15.038
20.486
0.113
12.981
18.690
11.738
10.610
18.824
12.775
21.770
22.683
13.795
4.697
18.598
12.008
52.449
37.532
0.937
20.538
43.921
16.881
11.328
25.100
0.663
18.110
20.847
34.710
0.944
3.313
6.091
9.671
12.893
5.243
8.240
39.455
10.773
13.736
21.823
20.857
19.672
68.337
6.860
7.244
13.723
10.676
14.660
46.924
15.110
42.457
12.348
27.665
11.089
22.797
16.734
15.801
60.081
81.450
5.308
7.117
5.957
1.227
12.013
0.757
9.089
3.536
3.371
6.230
4.970
6.307
6.769
7.194
18.321
21.561
2.185
4.190
3.155
7.993
3.540
8.904
21.219
33.008
2.211
3.929
0.836
17.350
23.885
14.825
1.195
18.740
12.978
3.080
4.760
2.685
39.583
1.229
3.950
6.674
63.631
24.122
6.434
8.286
16.773
32.499
7.709
9.136
17.269
1.130
1.868
2.973
0.958
1.960
8.296
11.072
8.865
1.397
1.164
1.377
1.682
5.603
7.416
0.457
0.158
0.000
1.368
5.950
5.349
5.170
11.961
32.236
21.252
0.467
0.000
0.388
0.069
2.699
3.155
0.476
3.636
0.000
0.000
3.265
3.691
5.467
6.554
24.733
6.266
7.481
9.520
2.819
11.958
15.477
18.090
1.979
15.686
3.337
0.944
11.536
6.430
10.320
8.611
7.114
22.410
17.945
6.969
9.795
9.174
3.517
6.702
13.843
15.070
26.295
26.659
3.929
8.847
7.790
11.625
18.670
24.330
19.604
16.320
49.938
4.475
12.578
58.758
4.843
10.499
33.191
15.781
12.089
10.222
6.133
12.966
2.111
3.910
0.233
1.289
0.113
7.009
5.867
0.561
4.305
12.893
6.346
5.550
7.405
5.285
14.739
11.494
8.753
14.183
6.829
9.543
6.592
30.875
9.096
7.045
13.530
0.591
7.891
10.155
11.608
48.570
14.526
41.758
7.368
10.914
16.301
13.905
0.683
1.751
0.000
0.275
8.738
2.438
15.278
31.878
24.352
9.877
11.266
1.303
11.613
17.599
1.133
9.047
20.605
4.429
16.495
1.854
7.340
33.175
8.878
3.091
4.930
1.869
2.769
17.178
15.237
13.273
20.773
20.823
17.741
15.648
1.778
4.970
14.725
121.304
12.964
19.911
11.678
128.325
14.947
50.906
13.819
7.045
10.729
17.925
11.225
14.797
61.379
16.620
47.897
12.185
18.715
70.264
13.668
40.049
2.300
23.106
9.242
23.466
24.379
33.311
10.423
11.481
70.367
30.810
15.207
27.514
31.907
89.964
8.686
17.338
33.659
28.825
34.954
16.098
15.185
21.389
29.955
11.161
9.256
17.834
44.905
18.062
20.392
14.900
21.185
57.347
10.422
27.339
35.927
3.282
11.189
22.917
8.322
4.908
4.731
7.158
11.247
25.735
11.728
7.172
7.472
13.963
14.279
15.396
12.427
37.614
22.507
61.149
4.357
10.272
26.450
8.353
21.595
16.383
10.670
5.497
22.165
14.540
6.722
8.940
10.607
46.153
152.167
14.572
12.603
61.983
22.206
29.073
23.660
20.102
51.878
25.687
18.553
33.309
10.104
7.423
52.032
24.973
130.940
4.309
56.633
0.561
13.558
6.693
9.682
12.785
26.508
11.385
14.444
44.625
45.247
2.795
26.541
14.741
19.872
14.368
25.917
27.093
0.793
16.655
21.121
13.705
56.600
5.265
2.520
34.204
6.034
15.549
10.712
1.607
11.936
0.697
12.130
4.381
16.703
11.711
20.551
9.448
7.452
5.976
25.835
87.710
7.558
58.331
8.291
8.854
6.901
21.344
10.353
15.566
1.349
12.349
7.931
9.325
3.574
7.663
8.586
12.267
18.361
0.589
14.111
34.360
18.809
9.984
11.354
10.619
5.696
11.065
2.997
8.889
0.463
5.840
3.766
1.181
0.000
0.790
15.182
13.467
4.322
3.512
3.035
5.400
7.021
3.725
16.928
15.144
1.851
17.475
7.121
9.668
88.258
41.545
17.832
13.081
15.704
13.551
13.194
5.814
10.346
7.131
5.548
1.703
80.027
0.045
1.253
1.936
9.083
5.775
7.495
8.897
12.133
20.970
3.303
13.978
7.675
33.014
13.987
0.958
0.082
1.116
1.226
3.354
0.270
18.622
8.444
5.407
11.810
0.625
0.642
5.064
0.244
0.000
0.000
0.000
0.000
2.070
11.594
7.416
10.749
4.134
1.236
1.864
13.479
9.361
9.999
0.000
1.931
5.893
7.241
26.777
14.322
4.693
7.881
12.344
11.361
5.521
15.640
10.310
34.279
14.607
2.814
1.330
3.191
7.450
1.020
0.632
0.082
0.088
4.954
3.486
7.330
7.019
19.793
15.362
0.014
4.377
5.025
7.957
3.032
2.127
0.021
4.982
4.260
0.797
0.038
4.482
8.530
1.354
2.735
1.408
1.469
0.501
0.077
0.096
1.681
16.169
19.264
1.990
0.256
1.850
12.941
41.082
34.636
6.679
1.528
31.795
31.016
14.516
9.898
8.846
13.357
37.886
0.381
15.463
1.217
0.000
0.000
0.000
0.673
6.358
5.850
6.727
12.234
19.109
16.479
20.373
19.561
5.025
8.624
14.289
13.026
2.429
19.441
31.805
1.370
15.189
21.619
6.715
6.073
21.983
146.688
0.319
17.482
36.193
35.522
26.721
1.281
20.445
3.660
30.206
10.073
3.104
21.495
50.534
36.543
3.042
21.863
51.873
0.906
49.107
40.581
5.991
17.482
6.676
15.636
19.914
31.486
86.684
6.020
43.665
71.421
2.025
8.794
12.636
12.919
19.332
36.560
6.915
24.934
19.981
27.809
15.934
34.392
28.235
81.388
5.627
23.758
21.166
15.827
22.403
10.361
26.244
13.373
21.702
10.583
7.840
12.978
25.348
14.895
6.096
14.044
14.882
23.079
9.810
20.956
15.839
44.342
5.555
10.435
16.495
13.524
5.804
14.332
8.624
8.818
25.736
9.002
10.320
26.863
18.658
19.643
44.652
5.667
12.222
6.314
20.132
19.466
34.893
16.854
16.195
19.173
14.574
4.548
14.442
20.451
17.947
11.240
11.590
16.529
13.867
5.831
12.598
8.480
19.964
3.313
10.583
16.366
5.272
14.490
33.283
12.886
5.779
7.101
11.203
23.986
30.908
3.976
7.874
26.398
7.998
2.544
4.020
10.075
3.100
66.100
45.711
30.083
48.589
34.207
21.010
143.269
58.288
1.808
12.169
70.666
21.556
31.467
16.395
28.686
19.041
4.077
0.189
11.642
58.171
13.690
11.096
25.608
20.780
54.931
0.738
13.599
5.776
20.532
13.441
4.437
17.222
15.571
16.461
90.486
0.660
11.138
2.625
10.621
5.956
7.568
8.435
18.213
16.263
16.216
18.777
9.913
28.683
11.437
6.159
14.661
7.526
12.437
14.384
15.353
7.615
11.697
1.466
9.093
0.728
9.575
7.134
9.012
29.066
4.134
2.170
0.076
15.855
18.138
12.389
11.972
3.830
34.463
1.356
2.994
3.356
4.257
12.401
7.649
17.973
2.053
0.000
3.692
1.603
5.356
15.425
13.098
2.023
6.100
13.075
6.236
13.276
3.076
24.279
7.775
28.123
6.563
1.684
6.976
14.644
12.322
4.089
5.315
9.042
2.400
12.277
2.836
3.174
4.003
4.218
0.834
0.048
0.127
0.034
1.699
0.021
0.165
0.306
1.789
0.924
1.542
1.035
0.148
0.048
3.382
2.427
0.031
0.285
0.051
0.711
0.000
0.000
0.000
0.000
0.021
0.003
4.896
0.185
0.086
1.143
3.917
5.564
0.110
6.642
0.160
0.544
0.232
0.118
0.397
0.017
3.212
6.484
3.514
0.709
0.017
1.157
0.510
1.162
0.000
0.045
0.007
3.296
0.055
0.000
0.949
0.103
4.684
4.899
2.850
13.918
3.651
1.947
0.034
13.372
26.371
0.592
0.000
9.215
10.410
12.785
1.854
0.254
4.142
0.079
1.533
0.189
0.347
2.918
16.795
8.569
3.286
1.844
6.424
7.467
0.144
5.792
7.127
68.994
0.347
6.563
16.953
0.161
0.065
2.805
1.037
2.386
5.449
23.349
8.144
25.073
20.071
6.990
0.412
2.135
19.302
5.031
2.753
3.114
20.263
0.000
4.631
10.664
1.854
8.089
24.249
13.572
4.961
0.233
12.686
3.141
0.292
18.739
45.871
9.678
13.293
12.174
16.854
15.247
12.569
49.782
70.961
33.965
22.975
33.311
33.096
31.335
12.421
11.886
2.180
17.561
43.526
2.826
20.744
67.875
3.567
0.742
1.984
10.626
9.345
3.529
18.701
5.929
3.329
7.066
3.322
29.876
40.962
11.117
47.507
73.344
13.115
21.598
48.371
1.792
9.484
143.873
5.140
10.010
48.869
7.927
99.361
6.757
5.926
13.393
10.303
12.428
15.611
12.902
10.327
22.553
14.911
32.671
6.743
7.483
4.779
19.659
18.783
34.143
25.579
26.357
15.607
24.517
16.421
20.929
25.928
6.908
9.723
8.526
31.908
18.471
21.097
13.012
4.961
0.690
6.602
10.234
7.835
7.110
17.389
17.410
5.322
9.318
19.724
25.804
1.116
26.920
6.851
0.743
18.471
16.462
18.842
1.960
4.807
5.486
7.969
13.015
10.827
18.835
22.646
12.940
23.138
16.919
10.509
3.880
50.874
13.781
12.006
1.744
23.023
29.083
6.200
1.105
12.538
9.994
82.040
14.406
19.326
30.990
81.713
12.123
16.544
21.131
120.635
22.342
39.424
24.211
39.710
12.231
20.160
30.105
18.723
58.085
34.785
12.518
27.426
112.198
16.872
19.481
1.768
14.564
45.197
15.901
24.177
35.135
81.097
11.707
13.590
14.032
24.809
80.265
95.972
12.421
19.166
17.996
8.471
17.384
36.300
33.927
32.945
39.333
18.478
12.481
10.531
2.680
8.597
8.475
72.038
80.042
18.471
22.618
23.716
13.983
17.661
7.661
1.986
7.050
19.353
26.022
17.511
21.813
37.994
42.658
8.497
6.365
6.430
17.401
6.235
14.554
8.921
5.176
11.540
9.440
0.846
4.340
7.864
2.826
17.326
12.962
14.093
12.537
10.166
11.058
19.234
11.876
23.073
6.108
0.429
7.035
8.284
15.666
7.296
10.633
12.713
12.281
1.401
7.898
4.467
0.615
6.372
3.874
1.521
3.588
29.687
16.311
0.209
5.874
3.886
1.336
2.578
6.746
3.123
4.480
6.571
25.131
3.615
6.516
11.994
10.533
36.605
3.081
2.147
3.907
6.051
0.357
0.453
1.727
7.404
17.683
6.130
2.870
1.691
6.822
6.049
9.568
7.764
15.242
22.965
17.867
21.058
14.021
5.739
1.245
9.110
0.827
0.927
3.425
12.725
0.771
1.753
2.947
7.697
16.071
41.188
0.237
0.498
1.892
2.462
12.051
19.442
10.543
9.816
7.399
7.474
2.705
15.079
6.513
12.049
19.267
14.032
9.730
12.133
15.982
33.035
15.024
6.801
7.196
2.537
12.167
6.379
24.036
32.152
16.098
6.976
9.527
28.400
15.027
19.230
5.016
2.822
0.560
1.315
4.020
3.172
0.721
1.483
0.244
0.041
0.000
0.000
0.055
3.574
12.106
0.065
2.410
3.385
5.984
6.533
17.039
23.178
23.615
7.605
5.291
1.785
5.273
2.623
5.136
11.409
8.741
17.825
47.382
0.271
4.757
3.001
7.210
8.638
9.047
7.927
10.379
4.669
31.273
11.165
10.403
2.022
15.199
9.476
11.621
2.517
0.875
9.716
35.848
6.121
14.533
13.384
28.141
15.776
16.698
12.880
45.039
31.517
2.113
9.254
9.578
7.467
8.451
10.921
24.659
13.206
23.940
33.323
20.932
157.779
9.153
23.360
3.119
4.331
18.685
5.577
43.025
24.359
10.997
18.469
36.118
7.007
2.317
5.531
19.535
24.242
27.517
9.840
7.203
30.367
29.838
15.122
26.826
14.770
13.808
19.137
17.135
19.436
105.815
13.857
20.098
79.438
39.302
67.835
36.107
0.776
11.343
26.656
44.050
13.506
10.437
5.593
0.333
11.024
26.285
9.884
21.571
38.469
9.867
23.080
6.499
17.058
30.681
54.030
28.880
141.782
8.715
24.666
32.331
17.906
14.495
35.249
9.318
23.037
6.549
5.208
7.974
26.608
19.044
42.227
28.461
24.415
25.269
47.851
84.129
19.847
34.837
5.505
24.054
39.178
42.277
22.915
21.957
16.292
12.921
10.669
28.667
58.489
12.847
10.440
76.142
42.530
0.187
45.327
30.152
120.317
14.011
21.367
21.779
1.088
18.183
50.762
2.695
4.119
11.208
12.500
37.977
10.470
60.155
7.971
146.455
54.640
10.492
20.912
13.015
16.704
1.639
14.268
35.716
163.506
24.048
18.589
5.100
8.547
19.216
5.074
15.777
45.307
23.585
30.588
34.863
5.189
37.724
5.691
16.157
15.983
11.342
33.210
5.663
113.001
3.363
2.352
21.652
3.468
13.931
3.607
14.673
20.986
18.775
8.786
2.516
10.638
16.981
6.211
19.165
82.595
12.103
5.989
10.806
11.889
59.124
3.298
0.318
4.940
0.007
0.740
1.869
10.142
7.570
13.975
1.584
0.000
3.454
7.454
1.277
2.141
4.122
0.300
8.811
6.835
16.092
70.220
2.347
13.420
15.499
1.887
2.843
10.497
5.921
10.401
11.508
8.820
4.988
6.583
13.743
16.601
7.969
1.798
1.299
2.590
0.366
0.735
2.026
3.467
3.879
3.868
2.870
5.253
7.876
17.463
13.010
3.763
4.152
7.634
3.984
12.238
6.748
0.148
0.197
3.016
4.178
0.561
0.199
0.039
0.463
1.576
1.219
0.996
10.701
0.055
0.237
0.177
0.906
0.333
0.106
0.021
0.000
0.000
0.000
0.000
0.003
0.093
2.870
3.255
7.510
3.189
0.439
0.021
2.590
11.438
4.923
1.847
0.038
0.738
0.700
3.699
3.794
2.841
0.373
0.160
0.783
6.396
16.610
17.287
8.583
19.896
17.779
16.402
11.630
6.676
0.000
0.000
0.759
1.500
2.062
0.256
0.069
4.552
1.187
0.896
0.000
0.930
0.297
10.035
18.876
9.448
86.208
10.121
14.308
0.136
0.076
8.264
3.919
2.489
0.776
1.790
1.095
5.273
0.082
1.315
1.564
1.988
0.000
5.782
7.294
0.100
1.528
5.668
23.191
33.337
2.170
4.604
14.864
18.811
8.676
3.316
0.010
2.369
9.422
9.531
14.605
32.296
0.299
17.781
22.549
9.522
24.857
13.960
6.832
11.337
9.678
10.224
10.835
11.908
0.165
9.603
3.423
5.953
14.344
8.830
4.964
0.079
0.014
0.000
0.769
12.675
12.195
13.659
54.605
6.608
6.480
23.315
17.552
13.733
58.226
9.295
10.870
20.467
36.524
11.774
99.869
29.335
7.954
9.980
6.025
6.480
8.158
19.303
15.379
8.611
12.252
14.310
13.850
22.659
17.162
22.048
6.062
14.028
38.243
27.619
25.255
33.432
43.997
15.127
17.985
8.437
1.693
10.669
3.270
17.818
0.925
4.824
10.967
12.325
17.867
13.608
1.756
9.050
18.564
9.776
11.094
6.454
17.291
8.057
4.910
5.339
9.366
6.671
2.498
8.394
27.969
21.235
34.384
12.748
18.440
24.424
7.752
15.058
15.015
13.795
4.456
19.264
4.834
5.643
18.586
13.771
46.270
11.673
33.937
28.432
29.370
27.219
15.827
33.755
24.187
11.158
9.911
37.659
23.524
24.309
23.428
46.131
4.922
79.708
32.889
11.132
11.375
19.125
19.017
14.634
16.746
32.530
89.015
11.687
23.361
23.785
6.534
42.166
58.301
31.543
63.290
11.489
15.401
41.444
50.443
51.013
16.752
19.638
17.010
19.259
20.218
34.993
61.918
2.412
16.940
31.993
21.834
84.545
10.671
5.257
24.369
58.778
0.076
8.741
23.907
24.862
25.703
0.690
16.047
16.485
15.167
42.344
1.100
12.301
63.170
5.584
25.373
11.582
1.432
4.789
27.792
29.434
23.875
14.340
19.041
1.686
8.617
22.968
21.992
24.444
23.857
103.814
12.310
130.782
13.585
56.491
7.661
1.318
3.934
15.446
13.242
12.633
1.066
2.699
12.066
6.108
101.692
1.152
0.010
0.000
0.010
0.505
1.366
7.608
6.691
16.916
24.369
27.085
17.410
51.238
0.031
1.222
3.924
6.127
11.177
20.802
9.932
31.495
13.520
29.368
10.578
22.005
9.445
5.988
4.051
8.398
10.964
12.370
19.944
7.927
4.151
0.467
2.719
26.532
3.965
12.308
15.022
9.671
4.903
6.933
14.447
0.223
0.065
0.130
0.189
0.024
0.000
0.000
0.007
0.000
0.124
3.282
0.398
0.062
4.147
11.237
1.785
0.014
0.021
6.993
6.394
9.543
28.623
65.372
0.010
7.886
3.821
2.983
0.000
2.671
0.110
3.081
7.405
6.413
0.058
0.034
0.932
0.000
0.034
0.000
1.380
6.679
4.467
3.021
6.391
8.810
3.660
0.522
1.463
6.671
0.048
0.467
9.380
13.640
1.057
3.193
1.881
0.259
2.654
6.465
13.929
14.104
6.909
13.297
5.449
10.162
8.820
22.443
1.116
2.640
1.432
4.734
7.649
28.729
2.633
0.034
0.000
5.047
6.904
2.408
0.980
22.062
33.353
5.229
7.052
2.269
0.000
0.000
2.983
0.000
0.106
9.368
1.301
0.180
2.278
6.817
4.228
16.739
51.316
13.408
2.623
0.000
0.000
0.470
3.311
3.596
1.452
9.608
62.121
12.452
17.362
2.980
11.343
13.348
11.278
5.603
2.386
3.076
15.141
26.508
35.187
14.687
19.947
26.491
8.051
8.039
11.697
11.120
0.124
1.727
5.600
7.934
20.023
13.111
21.743
13.012
19.254
11.347
54.166
16.970
92.488
2.293
23.009
29.550
14.121
13.510
3.852
2.499
2.216
10.499
1.332
3.783
0.041
12.082
24.766
72.407
26.297
126.109
63.916
28.492
18.771
14.648
24.130
17.614
56.178
20.910
11.213
1.990
-99.000
1.789
12.658
21.070
19.085
74.172
4.810
14.323
25.069
6.245
14.808
12.480
56.130
14.392
6.001
3.152
22.203
10.530
20.017
30.721
10.379
9.747
11.975
6.025
9.414
19.573
6.145
4.693
17.369
11.391
14.485
40.459
15.793
12.147
3.691
16.105
31.191
21.317
18.121
12.030
0.752
10.039
9.750
12.830
2.939
8.786
12.603
23.509
14.227
4.350
15.371
31.469
6.358
3.921
3.595
5.062
3.385
12.356
5.479
2.623
6.432
14.795
18.824
16.873
18.615
1.579
26.491
4.484
10.039
11.055
9.455
14.299
16.703
17.594
12.181
27.754
117.396
5.040
12.938
13.396
75.929
11.601
24.755
6.410
14.464
27.742
7.948
40.886
47.476
19.312
11.021
43.949
21.592
13.472
28.683
23.080
3.667
11.936
3.821
14.238
27.635
8.889
9.235
9.238
16.977
9.067
7.151
20.484
24.877
10.291
21.039
19.939
5.627
27.021
65.389
29.192
124.190
4.118
30.444
77.677
4.613
20.613
6.444
79.840
13.805
17.070
13.163
7.697
37.153
32.647
8.854
9.282
20.486
5.500
6.993
4.034
10.334
3.200
6.345
2.975
4.868
20.689
41.264
12.085
5.878
64.581
39.352
16.565
10.686
67.521
3.184
16.895
4.216
13.287
9.386
11.133
11.536
9.017
3.704
2.241
18.904
13.055
33.983
45.774
4.662
0.405
7.510
6.678
21.974
14.703
3.251
8.708
22.202
11.213
21.865
32.667
0.843
3.766
0.373
0.027
0.000
0.000
1.032
0.753
0.168
1.087
0.065
2.201
12.784
16.982
11.802
5.981
10.530
13.652
5.665
1.126
5.078
4.846
26.303
2.228
0.007
0.000
0.000
4.802
0.180
0.568
5.330
2.500
-99.000
-99.000
-99.000
-99.000
-99.000
-99.000
-99.000
-99.000
15.872
0.666
0.000
2.156
2.848
1.147
0.093
0.000
0.000
1.586
4.436
3.114
5.651
0.460
0.000
0.838
0.065
4.776
7.278
30.185
10.670
2.094
18.254
5.538
2.424
2.341
7.721
0.031
0.017
0.529
4.643
0.038
0.034
3.627
0.675
2.192
8.471
9.479
33.778
2.422
10.662
5.236
15.134
7.371
5.412
6.627
34.523
12.072
11.914
0.279
4.963
4.790
0.137
0.000
0.310
0.669
1.059
1.629
1.832
0.460
7.170
14.025
1.044
8.739
0.485
2.969
2.580
4.331
1.080
2.946
0.371
0.819
1.305
3.480
0.000
1.172
15.374
19.779
25.651
9.486
28.031
96.129
4.005
26.781
18.596
31.335
1.552
7.266
8.647
7.264
0.941
7.066
18.716
15.916
32.123
11.627
22.365
7.740
30.964
16.340
14.785
7.447
3.238
8.433
10.969
24.489
8.140
9.556
6.257
23.437
11.237
35.621
17.266
76.927
10.543
15.333
10.090
0.939
10.104
8.330
1.473
8.435
5.939
1.195
11.546
5.078
1.032
1.377
17.338
124.863
12.423
126.102
6.733
30.614
23.760
9.586
6.029
26.475
34.542
8.027
110.670
6.156
1.847
8.250
2.719
3.406
3.831
17.726
11.817
8.837
13.496
22.961
26.762
50.067
47.533
6.688
2.626
4.666
2.123
10.063
16.624
12.380
24.237
31.095
15.422
18.083
26.645
34.085
29.433
20.956
3.814
11.682
20.268
21.959
19.894
16.074
12.188
6.437
5.964
12.933
12.595
24.810
23.348
30.042
13.774
12.636
6.963
14.335
21.035
15.922
48.073
8.318
20.129
73.747
19.715
10.143
20.462
44.306
12.205
6.703
16.665
18.469
7.851
17.503
28.005
34.701
35.167
32.947
11.977
16.493
53.342
20.181
173.591
38.232
61.292
12.412
13.589
23.281
40.598
79.491
10.543
8.846
11.378
67.782
17.048
10.550
5.830
12.065
11.433
5.960
28.717
17.592
17.927
16.775
10.384
17.085
10.404
15.578
18.242
24.718
14.083
44.184
77.656
27.542
28.541
94.953
14.504
40.785
10.178
16.705
14.565
33.110
123.641
4.266
19.509
15.943
10.065
6.475
16.303
13.180
27.300
8.738
21.202
29.625
8.669
5.667
36.502
5.976
20.352
33.745
26.183
6.885
11.886
22.378
101.478
12.433
3.714
17.394
28.558
60.476
1.003
19.791
0.051
1.430
2.944
15.062
2.249
4.449
52.350
79.077
4.307
9.387
15.036
25.929
30.104
25.054
4.570
36.317
13.745
38.706
23.806
18.296
0.488
0.230
6.219
6.376
0.141
3.725
6.503
10.616
20.486
9.750
27.457
17.019
16.675
19.885
16.043
15.503
7.639
11.271
4.583
12.971
1.023
8.401
9.810
9.460
10.238
8.956
5.397
5.291
0.251
5.043
2.863
7.886
5.847
18.524
5.033
8.202
2.098
0.975
0.439
1.923
16.318
2.590
4.782
8.051
8.597
12.782
6.784
1.332
1.715
0.800
6.252
10.355
4.831
2.891
2.956
0.000
0.144
0.010
0.000
0.130
2.956
5.672
5.440
7.588
1.552
2.926
3.691
9.376
9.077
4.698
0.376
0.014
0.865
6.032
0.451
0.000
0.000
0.014
0.010
1.542
1.689
0.165
0.031
0.051
0.048
0.137
0.458
0.048
0.000
0.000
0.000
2.525
3.246
0.003
5.079
11.323
20.519
21.303
6.181
0.321
0.793
18.244
19.423
26.283
1.107
5.612
1.730
4.805
5.567
10.940
8.312
2.559
0.647
3.795
8.808
3.231
3.705
0.031
12.844
4.923
1.069
0.000
0.003
0.051
0.000
0.000
0.395
1.710
0.402
0.041
0.027
8.034
9.671
0.295
0.000
0.247
9.122
2.771
7.227
10.616
0.769
6.479
2.002
0.704
6.267
15.580
1.538
0.000
0.000
0.185
0.735
4.197
9.065
5.016
0.027
3.325
25.634
26.281
36.815
34.092
10.073
17.679
6.214
19.913
4.190
16.600
37.411
15.926
2.036
0.879
9.041
13.905
16.446
12.143
2.105
1.428
4.995
13.788
2.589
17.988
21.631
13.359
13.675
38.706
24.565
8.841
3.759
12.981
16.177
16.380
18.244
7.611
11.337
142.403
86.054
9.757
15.580
5.469
33.460
4.326
21.701
18.709
14.107
17.963
5.733
6.496
18.316
6.207
73.258
112.167
11.838
12.531
6.667
9.623
13.139
40.677
83.077
5.473
11.041
7.829
13.383
15.232
26.236
20.289
11.901
9.848
8.952
14.489
21.686
10.411
15.777
35.084
1.715
0.930
4.865
10.258
12.741
20.795
12.160
2.129
7.371
4.432
15.855
37.733
5.244
22.663
15.405
3.457
0.062
2.479
9.088
27.035
16.600
25.471
4.796
2.740
11.587
5.246
12.157
9.967
10.101
21.650
17.087
11.268
9.136
12.621
14.210
10.456
47.087
21.029
14.651
18.397
16.710
23.219
3.495
26.034
13.242
9.096
14.605
58.415
6.444
23.801
13.803
8.563
15.880
13.163
4.923
8.707
13.180
41.297
39.432
12.406
3.056
13.542
45.368
41.544
9.203
11.331
24.385
26.632
7.076
7.603
3.462
12.984
23.619
13.810
8.192
3.955
12.899
77.670
0.251
25.227
15.178
1.710
36.883
11.652
3.547
1.837
11.848
3.193
8.724
21.107
39.482
16.620
22.182
32.787
47.088
16.792
23.696
21.001
42.630
18.073
68.689
9.359
8.611
25.941
45.113
2.012
14.898
54.830
24.481
43.501
8.442
11.241
46.666
9.971
17.021
11.350
1.682
23.622
11.537
17.512
1.248
1.027
3.567
1.107
0.034
16.200
41.927
7.649
7.833
9.457
6.617
20.069
57.450
27.041
3.365
12.308
52.890
4.338
60.802
10.547
13.046
14.282
7.248
7.563
3.531
29.284
77.967
12.306
39.815
11.141
27.930
5.814
53.896
3.947
9.730
6.578
7.244
1.641
8.756
1.270
1.439
13.077
11.730
8.231
7.225
5.594
12.370
6.085
34.864
0.228
3.404
1.377
5.219
4.147
4.047
0.340
1.784
5.982
4.651
3.914
6.763
5.573
3.432
1.887
0.000
1.805
0.501
0.000
5.225
1.832
3.505
6.865
2.629
11.752
9.536
7.488
4.835
3.196
6.796
19.798
11.220
4.534
10.204
8.286
1.044
3.366
0.000
4.295
3.159
14.256
9.697
15.046
8.500
2.202
5.720
3.497
2.942
2.812
3.064
10.011
3.941
5.428
2.087
0.362
3.334
0.000
0.000
0.407
1.092
0.137
1.246
2.987
0.196
2.729
7.359
6.022
0.017
0.000
0.000
0.000
0.000
0.000
0.000
0.000
0.000
0.000
1.281
12.815
22.148
40.794
5.624
4.940
2.935
12.428
66.953
9.922
4.988
9.692
9.021
22.089
10.022
5.071
2.808
0.357
1.349
2.541
0.697
0.330
0.264
0.055
19.521
22.793
9.098
5.871
1.826
1.305
3.155
5.984
1.057
1.809
2.870
6.077
3.035
7.416
1.428
4.027
1.251
0.024
1.095
3.138
5.009
1.500
15.676
20.033
43.314
13.850
6.125
58.681
2.211
4.673
19.288
0.264
4.250
7.563
5.600
5.545
9.946
2.287
16.830
9.747
16.380
24.908
5.435
17.187
6.137
13.266
10.224
3.318
3.174
16.902
13.479
17.434
0.659
19.185
55.659
0.273
4.226
11.225
6.923
79.802
88.162
4.240
14.222
9.302
7.963
7.186
19.593
15.814
4.360
11.908
23.496
19.442
4.618
5.383
26.974
9.143
10.016
8.216
22.440
23.161
9.251
20.086
9.101
17.286
20.237
52.552
16.249
25.826
13.448
43.049
29.572
10.121
16.315
8.002
17.360
3.040
18.622
31.586
7.292
35.453
49.432
46.533
31.560
13.357
6.846
25.712
14.926
2.613
19.005
22.834
25.929
21.581
20.419
11.642
6.561
18.090
16.905
38.555
1.751
5.378
14.547
13.889
16.182
6.624
5.948
21.502
26.254
32.777
40.677
28.963
84.832
26.065
4.795
15.202
18.587
16.552
23.509
14.463
14.372
22.749
12.607
19.005
22.268
5.994
20.213
1.174
5.442
30.338
4.319
26.831
4.760
8.659
30.274
9.053
1.905
4.443
23.854
22.958
22.910
14.124
27.483
7.553
1.360
9.647
50.142
124.894
21.739
76.685
5.479
3.468
6.434
30.468
18.327
4.843
15.939
13.716
12.288
35.556
12.239
22.350
1.952
19.392
15.762
27.311
10.529
20.592
28.173
23.609
17.860
5.881
11.649
9.836
6.456
7.103
42.146
39.822
3.086
0.146
2.352
4.506
14.426
23.851
34.367
2.252
0.920
1.356
4.401
22.512
38.510
0.488
55.646
27.418
2.753
5.699
2.287
5.527
34.118
6.286
7.714
34.761
132.231
2.139
12.174
4.510
15.223
9.737
2.005
4.762
3.962
0.560
15.432
123.790
22.161
18.068
8.128
4.273
4.099
0.443
16.884
11.675
0.045
0.000
5.033
6.521
11.773
11.894
1.651
11.154
4.717
6.281
16.168
1.802
5.483
27.198
26.660
47.554
16.782
36.893
7.718
20.715
11.143
6.286
3.184
7.851
25.081
2.499
1.435
4.796
11.430
9.175
4.750
4.335
1.284
2.968
0.409
0.024
0.045
1.270
1.802
0.000
4.255
2.971
0.069
0.161
3.941
9.464
12.727
2.676
0.079
1.420
0.764
0.635
4.130
15.094
15.393
9.115
6.618
3.603
3.680
6.556
5.424
7.157
0.151
1.469
21.717
12.749
7.190
8.891
1.765
0.788
4.659
9.745
12.437
14.904
4.748
5.528
6.054
16.342
9.641
3.212
11.314
1.995
0.601
0.704
11.192
2.621
4.904
6.351
2.803
4.661
0.003
2.568
4.226
5.664
2.284
2.142
1.645
0.378
0.000
0.000
1.286
9.333
0.922
7.626
12.013
14.629
3.795
7.004
1.530
1.370
2.635
0.869
4.116
16.006
4.855
0.333
0.031
0.570
1.277
0.577
4.322
7.800
14.602
17.410
33.627
15.837
18.768
6.400
21.056
15.563
7.536
6.611
8.516
3.335
26.925
14.571
15.448
5.510
0.488
2.211
1.586
1.593
0.134
2.599
2.424
0.240
6.032
60.823
19.609
23.506
18.347
18.684
27.160
31.019
6.173
36.324
58.355
94.579
3.461
12.178
45.360
83.246
25.315
7.392
8.799
6.290
3.468
23.562
3.893
12.974
24.517
5.340
6.341
9.733
3.959
12.579
14.794
12.663
9.874
56.789
3.904
16.043
117.894
0.268
12.631
13.043
1.641
15.388
49.157
20.393
19.944
11.058
6.832
20.383
7.975
10.959
11.821
49.631
9.671
28.975
129.268
6.015
25.358
97.290
20.927
13.342
1.608
9.682
0.620
9.513
34.427
122.709
119.689
34.016
33.646
12.063
13.422
31.960
29.893
5.618
7.965
22.840
25.576
31.754
9.668
11.376
12.329
6.944
8.871
16.143
23.754
16.102
36.689
8.846
34.005
16.245
27.613
44.457
11.839
12.413
100.279
26.377
50.182
15.626
27.071
19.700
4.460
19.911
10.408
77.706
12.227
17.388
22.388
17.509
24.000
15.314
15.834
32.214
36.505
2.949
9.670
12.227
41.422
1.493
11.386
26.937
15.841
9.641
20.187
16.931
8.116
36.528
28.080
21.705
17.760
16.373
35.888
87.228
52.202
9.009
17.067
21.070
21.954
8.092
12.016
14.028
20.510
8.329
18.546
15.961
13.027
51.581
29.512
39.362
45.885
47.698
31.556
40.491
8.377
11.476
15.285
15.221
36.123
29.996
5.521
16.586
39.513
11.827
3.201
10.341
5.831
5.098
10.646
19.832
68.277
16.528
46.500
8.837
15.268
10.157
46.634
33.869
16.522
10.856
32.150
35.482
2.918
8.837
9.311
17.271
10.550
25.670
16.940
69.681
15.161
0.014
4.614
31.364
52.786
42.541
2.125
9.222
21.667
4.719
9.266
28.588
118.577
0.130
19.731
9.834
8.130
14.499
7.155
0.179
9.634
17.231
6.491
7.653
1.329
5.404
1.453
17.005
45.817
9.542
41.655
9.741
17.733
91.097
5.521
21.874
31.043
7.634
32.676
79.325
9.632
18.133
24.157
8.403
11.488
5.392
24.750
9.888
5.939
7.002
7.969
6.613
14.323
6.976
8.631
0.748
1.071
0.024
0.000
6.242
2.630
4.858
4.570
6.585
3.049
3.086
1.530
5.486
7.323
7.103
3.361
3.008
1.353
0.000
0.000
0.000
0.000
0.000
0.000
2.228
3.358
1.284
8.466
8.753
0.270
2.657
15.283
5.425
6.273
13.814
14.593
8.592
5.740
2.759
1.657
0.771
0.101
3.419
0.609
0.321
3.692
5.497
1.625
0.266
0.000
0.000
0.000
0.000
0.000
0.000
0.000
0.000
0.532
0.797
0.364
3.704
0.000
0.000
0.000
0.000
0.000
0.055
1.033
1.627
6.547
18.991
18.227
21.162
7.014
8.847
3.962
0.000
0.158
0.000
0.000
0.027
0.137
0.024
0.151
3.807
22.254
27.823
9.319
2.372
11.559
2.855
0.663
1.710
0.692
8.768
2.384
1.785
11.181
14.610
8.029
36.778
4.935
5.733
0.335
1.348
1.478
0.309
0.000
0.000
3.481
0.427
0.632
11.930
11.158
4.295
2.777
0.096
0.136
0.069
0.000
0.000
0.000
7.587
14.569
5.989
15.343
32.245
11.491
5.898
3.751
18.443
22.337
11.728
0.663
23.252
6.781
8.562
17.619
76.180
25.279
34.240
0.958
9.156
35.496
22.347
25.365
9.548
11.683
12.641
3.746
5.885
7.289
42.339
28.856
88.581
9.740
31.812
41.096
0.089
12.185
90.888
0.048
5.425
4.958
11.357
59.182
9.455
10.234
5.322
1.421
3.574
8.449
2.273
11.223
9.850
36.241
23.209
13.572
19.751
13.287
13.750
12.511
21.492
23.627
87.482
16.438
7.299
11.433
8.655
16.057
18.237
22.731
4.549
26.971
63.611
78.188
27.682
13.053
99.423
29.897
54.430
22.470
43.176
42.946
66.009
39.218
20.328
23.823
31.512
19.545
8.752
20.433
24.297
29.095
5.346
39.896
10.816
3.761
15.832
16.134
19.671
19.779
18.934
8.102
6.993
22.281
10.526
10.758
5.397
19.530
24.901
14.418
19.523
9.107
19.098
13.609
15.089
42.074
42.606
56.138
11.604
3.773
14.917
2.005
4.551
25.102
25.911
119.481
37.409
8.504
56.593
7.201
10.893
1.722
0.172
9.011
24.683
2.260
13.602
28.242
36.700
11.757
5.704
25.576
10.495
11.200
15.768
17.105
22.947
18.505
0.000
0.731
9.151
12.768
17.736
13.857
21.777
8.686
25.766
24.163
12.044
9.366
12.758
8.758
15.024
11.185
102.434
17.516
4.988
18.014
119.336
35.215
18.409
19.590
4.961
10.777
52.544
19.147
11.337
46.074
8.762
9.424
17.218
45.566
11.882
57.074
66.416
9.455
10.626
58.815
11.045
44.958
1.167
9.520
29.388
0.697
2.568
33.553
9.649
2.995
7.599
0.869
10.392
18.910
14.564
9.512
19.442
28.389
28.733
5.991
63.273
7.936
29.172
50.208
45.713
39.156
3.581
5.004
6.733
22.762
3.272
12.813
3.152
4.391
7.745
2.953
7.170
15.685
5.857
5.850
4.932
14.823
32.283
0.254
12.274
9.129
10.221
128.904
2.963
7.584
15.923
23.700
11.386
33.012
16.974
3.938
6.341
4.812
0.867
2.017
12.337
15.922
7.764
5.929
1.682
0.278
0.556
0.314
8.216
1.171
6.170
4.439
1.600
0.000
2.493
1.293
0.039
0.422
1.892
3.292
7.976
4.906
2.589
2.326
2.786
1.248
0.681
4.486
5.205
15.295
6.291
2.575
0.000
1.717
0.000
0.000
0.003
2.540
0.007
0.000
0.014
0.000
0.719
0.975
0.707
0.208
6.595
3.356
0.024
0.000
0.093
0.256
7.502
5.857
2.266
1.689
0.000
0.343
0.172
2.149
0.034
5.534
76.058
9.565
5.273
2.410
1.610
0.076
1.243
0.062
0.021
0.000
0.000
0.278
0.069
0.000
2.046
0.742
0.000
1.851
0.165
0.244
0.360
0.065
0.161
2.076
2.412
0.312
6.023
0.628
3.063
0.439
0.118
0.066
10.967
8.616
24.546
1.092
1.028
0.129
0.000
0.216
7.351
2.570
0.027
0.000
0.027
0.000
0.115
0.000
0.124
0.364
6.835
15.116
7.165
7.330
0.014
0.965
0.017
0.168
0.045
0.000
2.541
18.395
77.048
0.175
3.076
0.340
6.310
15.367
6.800
16.452
14.602
5.720
9.536
4.515
12.777
26.817
35.283
3.886
21.070
22.158
1.530
9.048
58.106
3.235
21.881
142.621
2.441
43.992
27.332
24.755
0.537
15.937
15.685
51.492
18.355
13.666
19.353
25.816
31.167
12.032
25.433
8.835
48.920
11.635
33.661
25.722
20.084
34.361
32.245
29.411
0.707
1.001
4.657
15.369
16.157
75.052
9.992
19.786
20.780
16.746
6.516
11.652
40.519
24.980
15.384
3.589
5.368
5.340
17.573
2.111
17.879
10.449
14.464
14.735
6.825
1.789
15.079
16.037
6.654
44.196
8.851
19.429
8.430
20.477
13.019
22.797
14.220
8.937
17.386
15.024
13.939
4.583
2.015
8.156
14.241
37.560
8.308
21.073
24.929
9.433
8.727
6.145
5.970
11.254
7.381
4.762
12.013
22.199
21.444
8.420
44.460
14.852
21.058
31.788
6.951
2.208
6.099
2.510
16.325
24.718
14.502
10.954
73.636
20.297
11.070
4.788
50.827
41.535
3.277
14.907
23.785
2.628
15.139
15.077
14.373
15.703
2.077
5.057
9.666
18.124
14.885
11.704
50.139
47.605
132.739
10.820
11.168
17.092
18.965
12.548
12.494
11.222
17.636
33.084
5.573
12.568
24.172
22.577
36.883
11.750
15.717
16.061
32.155
49.724
7.055
6.858
50.336
10.725
6.344
11.115
15.132
29.492
86.684
2.662
12.469
12.016
21.298
5.564
25.066
33.536
2.828
10.373
17.817
10.537
9.561
4.699
0.495
7.807
1.253
7.251
29.792
52.317
12.892
23.746
30.964
32.709
48.249
3.037
20.113
34.375
22.672
23.809
34.434
17.092
13.254
9.001
21.327
4.607
25.011
4.027
4.563
3.485
3.763
14.753
14.102
28.353
8.823
6.403
3.608
8.638
7.254
2.201
2.451
2.074
1.603
1.878
4.671
3.727
3.763
3.152
8.089
1.703
10.523
5.050
0.817
4.000
11.374
4.379
4.099
7.354
2.781
6.480
2.983
11.124
7.711
10.313
19.707
0.657
3.663
5.414
2.323
6.540
5.454
1.282
0.000
0.000
0.021
0.000
0.000
6.993
4.865
1.758
4.000
0.323
0.192
2.190
1.075
10.382
3.164
4.293
6.497
9.865
10.880
5.709
0.206
0.731
4.570
6.949
3.631
7.821
7.124
0.376
4.127
4.154
10.705
8.971
6.310
0.000
6.633
0.968
6.966
3.976
5.021
8.051
6.705
0.755
0.608
2.317
0.947
0.609
0.575
3.483
1.591
2.439
5.772
6.604
16.579
10.595
8.144
1.806
1.371
0.390
0.000
0.000
0.000
0.000
0.000
0.393
0.072
0.000
0.007
0.342
4.137
6.470
3.085
9.421
5.387
1.603
0.620
0.000
8.061
4.494
1.576
3.203
12.953
12.028
14.972
0.867
18.440
24.015
2.884
14.291
8.762
7.056
19.133
11.876
1.184
15.321
24.316
2.340
5.568
0.136
10.952
0.451
5.701
4.515
8.110
15.044
15.542
18.219
8.791
16.153
5.617
1.305
10.482
1.696
17.681
0.367
9.558
0.549
5.414
13.352
15.850
13.316
5.557
3.092
0.791
9.924
10.248
22.083
25.088
20.826
5.536
25.965
3.347
12.528
15.928
4.700
9.356
120.043
10.739
29.021
5.160
3.567
20.366
4.717
33.240
10.547
14.564
4.322
7.131
6.983
29.855
38.164
10.959
21.169
32.564
2.843
0.014
4.601
14.842
20.575
53.012
9.256
12.947
26.899
0.000
9.994
3.868
6.851
11.359
7.339
15.242
14.607
4.242
7.364
11.891
10.279
4.274
1.067
13.794
9.187
19.674
63.427
3.615
17.099
9.186
17.381
53.337
16.334
7.558
14.119
19.633
29.224
15.566
4.987
22.174
26.803
49.850
10.143
0.450
26.468
149.258
26.327
12.859
13.525
23.220
39.542
9.958
18.320
20.929
20.872
21.858
29.304
5.289
3.258
11.280
6.911
20.297
22.204
24.561
16.488
10.188
18.778
28.390
33.668
24.580
67.489
12.241
4.268
4.675
14.907
14.765
20.194
7.114
5.366
46.617
90.004
17.778
46.324
5.567
24.089
19.184
17.342
19.442
33.644
77.121
14.433
8.387
9.023
25.186
31.757
27.255
0.312
15.146
26.190
2.953
10.489
4.916
96.642
7.393
8.281
26.432
12.229
20.531
13.450
19.844
38.461
20.081
32.973
7.845
15.831
21.883
35.530
3.656
22.289
110.883
9.888
15.453
15.728
22.615
36.612
23.446
2.551
7.299
16.612
12.540
20.838
5.874
1.487
26.276
22.714
7.127
9.824
20.757
24.129
9.778
16.929
2.788
10.650
40.375
14.028
27.428
14.565
30.609
111.096
4.576
4.000
2.717
16.785
5.309
4.106
100.841
9.812
17.463
15.683
10.379
21.265
41.412
42.850
3.114
14.639
7.939
21.851
56.717
135.218
9.543
17.901
78.906
32.863
10.049
0.429
11.422
7.874
21.792
40.131
5.540
1.245
4.111
8.346
4.467
3.680
6.525
5.843
2.571
3.840
0.608
2.551
15.460
2.832
0.319
0.082
0.137
3.622
13.532
6.937
5.845
1.602
2.034
6.432
14.150
6.228
12.535
13.906
9.625
18.816
6.525
1.887
6.516
1.538
0.627
0.928
1.234
4.220
0.754
2.836
1.655
0.000
0.000
0.611
0.699
0.000
0.000
0.058
3.660
3.025
5.915
2.156
5.382
2.609
2.175
2.462
0.999
0.000
0.010
7.704
1.485
9.225
1.662
8.552
2.465
0.031
0.000
0.000
0.000
0.000
0.000
0.941
1.373
0.766
4.678
4.899
1.775
0.446
0.014
1.631
0.055
6.736
3.842
2.153
0.000
4.079
0.477
0.000
7.914
10.533
10.193
17.029
1.572
0.862
14.945
5.263
6.575
4.841
0.288
3.267
1.150
1.590
5.136
2.836
3.783
18.376
13.726
19.473
1.078
0.694
0.748
0.000
0.007
1.147
4.724
11.769
11.697
5.246
0.635
1.384
5.922
6.973
24.642
66.048
4.089
1.164
1.693
7.738
1.277
4.312
5.579
35.270
3.533
5.627
9.266
12.185
0.669
45.564
31.316
17.710
9.241
7.397
9.356
25.227
37.148
15.154
6.200
12.324
0.824
8.058
2.422
4.700
26.522
17.764
7.856
7.230
19.454
11.422
5.919
29.939
27.169
8.145
1.909
18.610
12.030
7.402
6.472
6.849
14.081
9.965
7.662
20.007
33.735
4.637
11.101
43.974
3.931
68.804
0.000
5.366
39.474
2.826
107.753
1.888
12.830
5.524
0.270
10.660
15.221
17.369
10.839
11.989
58.882
9.693
11.347
2.072
12.845
27.648
33.313
9.970
64.390
3.200
0.882
12.150
13.802
11.381
7.876
15.721
4.892
6.173
10.332
22.131
21.255
11.064
14.821
32.890
53.188
68.845
7.557
16.078
22.893
16.540
35.565
19.638
32.933
18.557
8.377
7.974
16.070
8.077
28.242
15.767
41.872
2.289
11.289
14.664
15.638
0.759
11.436
15.747
10.145
11.831
12.234
20.115
11.168
22.219
21.868
17.683
56.142
119.978
23.777
24.091
30.271
21.113
13.232
16.388
28.410
47.369
16.650
10.065
18.745
15.012
16.086
47.178
9.642
16.739
44.690
27.840
1.504
6.880
15.798
35.542
36.442
51.468
6.482
8.631
2.805
9.898
7.007
3.605
14.198
21.954
9.131
17.621
14.755
14.330
10.632
26.262
38.363
89.935
56.758
43.651
21.418
11.028
23.320
26.419
12.301
5.958
28.571
16.289
17.159
23.274
24.548
17.377
31.023
10.234
8.763
13.544
10.450
9.242
0.551
12.302
11.163
15.959
22.855
18.280
25.109
72.505
10.907
19.477
14.584
23.956
10.113
7.851
5.429
33.634
6.017
5.204
11.731
13.510
7.433
2.531
29.186
112.211
3.773
21.883
24.965
13.371
2.064
7.464
0.845
5.885
21.106
4.733
12.485
5.828
9.445
26.796
18.756
6.607
11.113
24.010
64.990
3.397
35.491
4.862
5.673
2.202
6.808
3.943
3.509
26.943
14.612
22.393
21.476
6.059
6.594
12.253
15.353
7.806
0.309
21.801
6.602
11.734
1.030
0.742
3.732
27.362
15.254
3.819
2.831
5.382
0.354
5.191
5.665
3.687
5.337
8.583
22.392
5.550
13.099
7.357
6.418
5.457
1.998
0.000
0.757
0.113
0.154
3.073
7.254
1.421
0.448
1.208
0.079
0.041
0.642
0.089
0.000
0.000
0.000
0.000
0.000
0.101
0.010
0.000
0.000
0.000
0.000
0.000
0.268
0.000
0.000
0.000
3.085
2.467
0.967
1.430
3.195
9.505
6.794
10.130
21.416
11.661
13.055
0.295
0.072
0.000
0.000
0.017
1.522
0.348
0.209
1.844
0.463
1.705
0.000
0.000
0.007
0.024
0.295
0.000
0.103
0.014
0.000
0.000
0.000
0.333
0.076
0.000
0.000
0.323
2.299
0.034
0.014
4.896
4.273
0.779
0.312
6.209
10.679
6.498
0.031
7.855
6.638
2.822
9.512
7.494
4.386
6.015
0.172
7.412
0.563
0.065
0.896
3.128
11.295
8.964
14.972
13.833
4.173
0.000
1.667
0.000
0.697
1.456
18.431
23.543
10.446
9.378
2.331
7.780
24.805
36.835
21.016
54.853
12.583
0.676
23.710
2.896
14.159
14.897
6.166
4.625
0.144
0.426
8.178
6.080
0.546
13.757
19.609
1.631
16.874
8.755
33.175
14.555
25.416
40.049
21.846
14.265
20.558
51.790
62.516
26.951
49.370
4.539
14.416
27.074
11.965
4.106
12.713
22.079
31.452
61.959
4.583
36.392
10.437
30.384
118.125
42.483
4.436
10.310
14.481
5.517
48.697
4.988
4.535
17.643
13.558
7.639
12.497
27.100
38.628
163.487
25.564
29.212
24.247
2.817
17.944
38.916
3.274
10.583
10.139
13.156
9.376
26.017
16.619
10.832
4.870
12.736
33.433
27.488
13.747
10.079
22.968
21.219
43.363
11.625
18.783
31.376
106.399
29.165
8.240
43.908
31.960
44.076
18.419
11.668
29.091
10.101
8.339
23.607
19.024
15.352
11.539
34.516
29.450
48.158
12.040
69.053
4.103
28.063
45.734
20.591
100.381
13.280
21.296
13.335
1.744
1.785
3.674
12.892
103.323
5.802
15.676
10.823
39.870
4.597
6.631
6.818
8.135
93.964
29.594
0.575
1.735
9.356
31.922
149.060
10.943
21.077
33.440
27.713
105.045
0.527
7.087
21.758
19.030
88.963
7.955
35.312
30.341
1.658
17.927
13.357
15.535
19.205
4.453
11.234
11.428
6.590
16.332
8.422
66.402
14.117
65.595
5.778
10.015
22.278
31.675
201.349
9.675
30.975
16.833
0.669
24.101
5.260
7.447
11.103
19.793
82.264
8.253
24.798
9.246
6.678
9.953
25.363
20.912
14.686
7.030
37.051
11.285
12.383
3.248
14.541
10.981
1.306
2.151
17.240
51.952
9.081
17.209
7.040
11.948
8.120
2.563
16.627
20.632
96.941
9.231
34.646
157.836
16.612
16.392
57.869
8.263
10.645
3.953
5.404
16.816
17.442
23.713
30.357
3.813
21.618
31.024
23.392
5.483
0.917
10.307
5.780
11.318
13.239
0.024
1.073
5.924
4.266
1.986
8.878
6.918
0.041
7.927
4.640
0.451
2.113
4.566
1.267
7.775
7.026
14.420
2.868
0.045
3.880
2.349
13.697
13.364
3.709
0.079
3.395
6.468
4.947
4.730
5.981
10.119
17.652
12.820
8.182
20.111
15.274
8.818
1.023
1.905
7.915
18.108
13.369
14.641
5.979
15.062
3.423
6.932
12.634
14.612
13.026
12.748
4.034
2.738
8.990
12.597
15.606
5.715
1.607
17.460
15.762
2.642
5.582
4.721
2.077
4.044
0.385
6.573
12.106
1.679
0.000
0.000
0.132
3.126
3.234
6.276
8.305
1.253
2.362
20.100
6.630
9.568
0.014
5.840
4.137
11.857
30.006
84.682
14.965
11.009
22.553
25.098
4.623
19.260
14.028
2.920
9.232
3.482
6.300
2.716
2.043
20.852
115.042
5.330
8.782
19.163
3.890
5.889
3.701
7.313
8.926
11.894
5.394
0.365
0.153
1.088
4.913
11.104
1.521
2.091
3.715
1.310
2.650
3.789
4.849
6.286
4.106
19.482
12.722
27.655
4.551
28.003
10.799
5.146
11.710
4.210
6.575
18.093
39.132
15.446
27.095
1.093
17.396
15.386
33.972
13.961
11.968
8.593
5.059
7.074
3.124
9.297
4.528
8.434
1.409
3.605
24.544
29.543
1.969
8.167
24.938
11.433
6.015
17.005
114.968
9.784
45.711
36.306
18.321
57.520
37.657
48.290
30.168
26.055
21.159
72.026
37.872
157.783
19.633
8.326
11.205
6.024
5.555
4.264
18.917
1.029
7.139
20.037
9.817
4.412
14.834
24.541
12.085
24.295
30.497
23.990
3.277
3.714
12.274
44.170
5.823
18.268
7.184
14.455
8.443
9.105
18.296
9.127
17.604
12.400
7.637
52.719
21.149
9.011
15.171
5.879
9.948
11.898
28.535
8.135
27.756
68.541
10.590
27.825
47.428
5.794
9.735
14.749
8.635
52.961
19.405
20.984
39.062
55.869
4.003
27.720
47.715
15.456
10.567
6.499
11.762
7.666
18.220
5.527
10.681
16.387
36.083
6.463
12.231
11.388
25.056
35.500
5.907
12.075
8.360
37.973
25.083
12.459
20.847
15.237
51.577
10.561
10.504
96.415
10.165
20.124
30.118
118.723
44.134
15.736
19.628
20.694
23.734
11.312
7.400
0.373
6.739
31.850
55.972
24.810
48.321
21.773
12.373
1.164
10.188
18.344
33.023
19.597
18.505
6.302
18.427
82.150
9.273
35.047
85.615
1.947
7.053
7.580
26.977
45.851
6.301
6.578
10.178
16.617
5.952
6.301
14.226
31.813
30.495
6.942
24.427
9.753
25.974
29.237
5.264
0.479
15.578
12.847
15.450
7.096
21.271
32.240
4.930
18.016
38.114
23.003
9.026
7.126
5.097
6.078
6.453
1.619
0.472
12.665
21.495
4.534
12.030
7.266
32.910
11.706
29.732
7.054
17.064
15.559
25.365
9.024
0.000
2.893
9.496
1.773
18.948
21.059
2.674
8.720
13.798
14.059
3.104
5.744
7.090
13.812
3.253
17.479
26.099
1.960
16.830
8.587
2.256
0.048
0.014
0.010
0.027
0.000
0.000
0.017
7.927
12.954
16.703
4.995
1.789
8.822
11.549
10.550
14.555
6.452
2.836
3.527
1.650
2.544
38.284
32.035
19.327
5.643
30.185
37.695
16.058
62.932
10.718
12.004
18.412
4.122
3.729
5.637
4.388
1.725
1.790
2.007
6.723
2.705
8.095
1.789
0.000
3.941
2.311
5.370
5.775
1.373
2.314
11.621
8.029
4.343
0.072
2.444
3.677
0.000
0.227
8.453
10.670
8.556
14.250
9.405
7.213
4.329
5.939
8.099
0.254
10.935
7.495
2.503
0.110
1.950
0.292
2.424
5.371
4.147
12.181
7.323
10.931
8.037
0.110
0.000
4.395
4.978
7.047
9.644
25.739
8.020
31.967
43.767
4.470
0.000
1.638
4.504
2.115
4.995
7.296
10.495
23.269
10.234
24.417
16.579
18.060
4.920
1.710
0.000
0.000
0.000
0.000
0.000
0.000
0.021
0.203
6.513
0.179
0.007
1.069
10.114
13.451
4.606
5.054
6.879
0.027
0.041
0.759
0.000
1.030
2.606
7.982
0.869
2.060
1.459
1.864
0.048
0.000
0.704
1.141
0.628
10.796
11.427
0.858
1.042
8.842
1.315
5.755
13.196
14.416
15.865
11.464
6.618
2.635
13.939
16.473
19.938
29.542
2.311
13.548
6.432
11.141
12.404
6.194
8.223
4.846
10.137
12.177
27.801
37.735
1.833
29.982
6.161
6.341
7.047
16.125
11.591
25.179
13.245
40.924
12.409
10.365
13.780
19.184
15.413
15.328
18.471
183.144
23.845
13.572
27.788
10.513
8.343
4.776
24.281
14.669
23.372
100.333
3.687
5.958
4.072
9.623
2.747
21.238
37.153
38.195
7.732
13.790
14.255
3.073
3.948
18.488
46.591
9.733
14.411
26.367
21.127
8.180
11.947
36.875
10.349
73.694
72.543
8.233
13.723
10.207
16.533
5.105
8.022
9.378
5.943
7.560
1.387
9.112
8.418
13.067
9.057
4.594
16.531
19.360
12.964
16.267
15.319
32.667
5.905
13.235
5.287
6.784
7.776
6.908
3.519
5.236
6.582
14.801
12.308
9.932
15.281
17.132
22.802
17.705
9.149
10.641
19.882
8.820
1.617
10.519
11.989
10.408
5.776
19.024
11.414
9.045
17.786
12.361
7.364
17.250
40.409
2.463
3.750
10.816
14.519
13.810
25.106
31.763
4.146
6.854
7.222
11.624
10.071
11.357
36.045
11.041
13.874
24.870
40.289
27.226
4.288
9.126
8.652
19.640
8.130
33.319
10.313
2.156
8.854
7.521
20.225
12.578
41.329
5.926
63.214
39.063
27.050
30.951
3.605
3.801
12.923
8.353
2.069
18.097
34.672
16.344
4.559
88.452
6.128
12.548
31.634
4.080
14.660
8.205
5.114
4.091
5.859
1.112
12.057
9.510
0.045
7.318
9.994
18.818
3.839
15.597
4.564
4.653
17.072
23.270
13.158
12.222
9.373
13.542
150.525
3.591
12.536
35.105
14.734
13.541
2.954
18.345
7.412
13.933
17.515
47.622
0.453
18.781
0.451
5.262
1.715
3.068
0.700
0.134
0.249
2.299
0.867
4.518
1.749
22.618
2.963
0.000
1.799
8.451
11.759
5.559
3.461
5.950
7.289
21.935
8.640
5.047
8.844
14.322
7.232
6.703
0.082
3.517
0.149
0.010
0.000
1.262
0.203
0.831
0.324
0.000
0.000
0.000
6.278
5.040
4.631
2.192
3.001
2.472
0.000
0.000
0.000
0.000
0.000
0.000
1.119
15.880
2.276
2.692
0.021
0.000
0.218
0.889
5.182
5.253
11.005
0.913
0.000
0.127
0.000
0.010
0.100
2.578
2.172
0.118
0.007
0.034
1.584
0.407
2.374
0.142
0.010
0.477
10.550
10.533
4.578
0.003
0.113
5.694
0.742
0.065
0.299
10.523
27.868
0.742
0.017
0.000
1.212
4.839
10.068
5.996
7.031
10.040
5.721
1.020
0.017
3.852
2.674
0.263
8.767
10.202
0.424
0.297
5.606
0.182
8.846
100.061
12.366
36.857
0.151
0.374
0.024
0.000
1.402
13.704
0.000
0.185
0.017
7.999
17.561
0.196
11.301
4.862
4.444
21.933
4.013
8.312
4.068
3.375
0.000
0.000
0.021
0.316
12.669
0.079
4.278
0.642
1.377
26.542
67.030
12.954
24.973
14.190
14.457
10.880
16.071
6.860
10.739
16.438
4.542
2.050
3.255
21.828
6.997
40.910
23.897
5.414
6.111
25.114
58.640
15.401
32.952
28.063
26.834
15.635
0.302
9.582
1.645
0.000
13.637
14.279
14.011
15.635
11.776
44.776
56.549
28.135
6.022
14.989
10.681
8.418
18.982
95.427
19.755
18.550
19.700
0.649
4.168
11.148
2.177
2.597
52.295
5.309
10.849
9.065
2.997
3.850
7.783
30.828
61.362
9.416
18.079
31.481
13.364
25.000
14.521
60.066
6.487
8.703
10.300
14.255
11.906
26.539
30.465
16.391
7.260
15.923
28.237
18.110
4.266
5.888
13.678
17.218
1.727
45.902
3.934
15.244
54.805
52.415
32.300
12.112
24.517
32.125
18.718
18.457
11.337
10.533
53.205
24.081
32.156
11.874
58.739
9.713
83.767
15.305
28.376
10.550
35.637
21.550
31.222
24.184
11.350
5.917
20.905
10.564
31.184
8.870
2.917
6.376
20.704
101.917
23.345
12.789
17.333
27.536
21.269
20.570
25.384
40.543
22.296
32.928
6.036
4.903
10.497
25.021
61.380
41.485
0.977
15.824
28.598
25.037
11.094
10.243
23.715
20.605
69.945
7.999
31.932
23.174
11.021
11.309
2.745
29.795
26.935
4.231
6.837
27.977
5.351
13.494
14.666
12.342
18.963
33.922
3.907
20.828
23.561
10.293
16.013
4.920
7.254
7.478
21.568
24.082
17.582
11.043
3.428
9.862
2.235
7.771
1.828
14.811
77.733
9.017
10.724
18.618
7.582
8.509
11.395
61.069
13.288
29.655
0.908
1.344
1.936
1.924
5.952
2.316
0.920
7.050
6.861
1.789
6.860
4.077
20.060
13.307
4.673
9.634
13.356
14.507
8.950
2.208
2.374
15.396
7.611
10.911
18.153
4.454
9.730
6.236
4.138
13.411
8.731
34.204
26.990
8.387
12.028
11.572
4.661
0.179
2.443
0.846
0.113
2.238
1.703
0.752
0.491
0.000
0.108
4.527
9.989
3.366
0.414
0.000
0.010
20.635
22.908
7.067
22.318
20.472
10.252
11.184
18.018
8.321
9.665
17.175
6.664
7.402
3.239
18.201
14.081
8.580
1.040
10.458
7.205
21.458
17.635
14.361
0.604
3.993
5.957
3.471
3.701
5.469
1.171
3.522
10.876
2.561
0.110
0.000
0.239
3.600
8.267
6.058
20.764
18.230
11.129
9.572
27.037
7.230
18.739
11.838
5.219
6.104
1.140
7.079
2.348
1.231
9.091
16.813
13.623
20.400
7.419
9.702
2.448
7.560
2.759
4.899
34.600
13.060
17.472
73.943
10.547
12.294
4.144
0.839
1.912
16.383
1.675
0.944
18.438
15.389
18.203
16.425
4.298
0.338
1.923
9.630
11.196
18.035
19.957
9.151
3.881
5.358
1.396
1.596
3.528
11.234
35.161
3.643
0.220
5.189
3.617
9.254
5.483
13.190
3.188
2.570
7.743
21.180
21.420
120.390
9.258
20.100
1.840
14.691
12.497
1.566
19.236
21.665
12.909
7.357
18.673
7.464
1.744
12.243
12.469
21.193
39.630
18.395
5.953
13.602
26.838
9.922
14.135
3.545
7.011
40.419
14.049
166.460
12.329
10.066
7.052
5.332
9.948
18.412
4.202
2.148
3.543
7.206
10.212
25.480
15.849
5.366
8.892
9.445
5.133
3.775
19.992
66.272
16.914
40.743
9.274
13.879
13.517
15.359
12.734
19.190
17.551
27.282
19.498
11.939
10.432
50.300
54.460
35.338
1.902
12.972
16.705
12.055
7.409
71.218
0.884
4.128
0.886
1.371
15.407
24.554
1.073
14.690
16.286
40.014
12.312
40.420
40.943
43.058
23.348
66.349
13.572
31.571
108.602
45.319
31.388
15.084
2.448
0.481
10.915
11.529
29.280
42.684
22.841
11.352
23.964
5.761
12.833
12.466
16.335
27.521
17.001
3.248
11.851
15.374
6.295
7.914
13.063
22.745
20.641
10.368
17.939
63.518
11.834
19.365
23.463
28.767
10.780
7.060
25.354
13.336
20.508
8.974
1.816
7.364
9.948
21.650
21.403
12.243
16.105
32.070
4.415
18.622
48.185
13.204
2.122
3.224
35.639
17.223
4.192
7.340
18.471
0.996
15.302
6.358
45.222
117.145
6.884
12.597
15.875
11.790
38.111
23.973
9.302
37.160
75.007
4.861
13.429
41.178
0.489
9.950
26.595
78.959
2.969
2.728
2.625
5.948
26.918
89.650
8.070
2.014
15.044
9.035
35.863
9.271
18.213
13.533
0.295
7.775
2.938
4.415
3.950
14.424
20.839
43.679
18.552
13.549
29.378
1.653
13.664
38.818
26.650
14.164
63.494
22.378
15.992
28.767
94.436
5.390
9.499
20.433
52.243
2.769
12.827
4.914
8.162
8.200
19.264
8.272
10.408
1.440
3.586
11.554
10.825
7.330
12.863
15.518
18.992
27.943
24.414
0.045
4.814
13.211
14.409
45.472
3.888
2.029
3.748
7.744
0.348
2.704
0.421
0.038
0.021
2.618
6.575
3.971
1.532
5.440
0.383
5.773
3.304
3.905
3.425
0.038
1.311
4.285
2.578
6.036
9.005
4.099
3.869
3.821
9.953
1.785
14.238
14.389
3.371
8.665
6.286
9.671
9.706
19.374
13.860
1.562
5.483
4.096
8.695
5.881
1.081
2.942
1.308
0.366
14.131
9.841
4.585
4.288
0.742
2.455
6.741
3.849
2.877
3.200
3.121
0.862
1.215
1.102
0.154
0.000
0.000
0.000
0.000
0.103
0.000
6.218
0.000
5.301
9.517
12.548
1.229
0.007
4.595
0.100
4.480
16.349
40.986
22.563
3.316
13.723
18.073
7.048
5.181
4.322
1.200
0.213
0.965
0.000
0.000
0.031
1.291
1.727
5.744
4.975
2.184
2.760
4.511
11.350
15.906
7.629
4.243
8.429
14.270
2.486
0.783
5.160
1.069
0.920
16.286
18.186
2.724
30.490
13.307
0.082
0.000
1.857
3.677
4.401
6.932
8.693
16.426
12.473
10.274
3.704
0.712
2.163
0.051
0.014
0.645
0.223
0.118
0.051
0.000
7.605
36.065
75.727
6.109
10.779
19.341
79.529
1.270
0.712
14.918
0.462
4.200
6.503
0.898
1.624
10.803
1.998
4.096
22.594
10.839
18.002
27.885
9.687
24.814
81.976
14.040
13.889
25.761
130.959
8.303
12.296
28.666
12.749
9.259
19.195
4.827
44.368
173.742
3.852
12.480
23.222
8.600
10.296
40.275
15.338
16.675
6.473
3.375
18.622
23.088
85.305
7.210
31.857
14.145
25.897
14.457
21.217
32.624
5.788
51.337
7.684
30.442
55.217
2.513
36.155
58.269
6.671
32.284
43.535
22.144
15.523
49.099
72.575
13.748
7.447
12.500
17.369
32.126
67.909
71.799
11.876
53.560
9.831
29.141
41.755
29.387
57.840
6.513
16.171
16.346
13.869
29.081
17.480
11.709
11.136
29.230
29.950
17.898
13.378
6.092
26.699
20.891
20.762
11.684
9.563
25.117
29.921
2.501
8.870
41.488
40.522
109.462
7.641
17.537
21.267
12.685
14.059
21.598
14.519
27.631
10.095
21.353
11.128
1.960
7.670
12.159
37.125
23.799
68.215
1.118
0.065
12.887
63.730
9.366
2.965
5.210
14.380
5.315
12.464
26.789
20.924
15.724
13.606
5.727
23.034
13.396
17.600
24.058
8.480
12.763
24.351
14.069
31.580
11.134
21.797
31.105
4.165
12.942
34.713
4.241
2.391
17.989
37.895
174.559
10.655
26.815
11.779
11.498
26.929
10.685
13.048
27.521
5.861
5.694
12.883
50.165
17.408
4.122
18.234
27.164
5.946
24.977
17.995
36.411
17.546
16.529
6.532
15.431
10.186
18.748
25.184
15.881
17.751
72.417
3.430
27.476
20.914
18.395
7.227
6.597
13.014
9.932
5.328
3.093
9.268
62.208
17.323
18.055
36.318
58.260
32.256
6.971
9.508
16.735
103.222
7.428
6.140
5.038
59.909
13.611
14.911
2.063
4.592
8.889
10.253
2.291
0.629
6.945
0.062
0.482
11.668
9.847
8.981
22.552
70.803
10.497
4.226
2.192
0.051
3.759
8.488
9.409
13.799
17.619
13.298
26.345
19.091
7.811
19.769
11.501
9.117
11.168
6.432
11.337
13.074
11.949
15.281
1.535
6.540
0.000
0.000
0.328
0.542
1.277
1.703
2.264
0.045
0.422
2.814
6.166
6.283
9.429
11.038
10.945
4.043
18.654
28.812
5.208
9.560
3.566
3.371
2.584
0.612
0.000
0.000
3.958
5.052
8.346
6.087
0.651
2.537
3.082
0.000
0.000
4.305
5.034
4.467
11.639
19.284
10.392
0.353
17.889
5.091
4.123
2.467
0.000
0.000
0.000
3.366
1.947
0.000
0.000
0.242
0.151
0.000
1.332
0.434
0.000
0.000
0.000
0.000
0.000
0.091
0.736
0.798
0.961
0.077
2.321
0.000
6.504
0.161
0.094
3.023
6.624
11.285
6.932
1.912
4.879
0.045
7.356
5.663
3.473
45.973
8.530
2.635
24.003
16.081
2.470
1.634
9.769
10.404
6.020
3.461
12.353
1.219
0.000
6.211
1.993
4.304
16.299
58.267
18.369
17.123
14.692
7.677
24.307
51.473
8.465
11.270
10.252
2.743
3.847
1.573
34.270
35.000
22.904
25.483
9.625
17.477
43.029
142.407
20.102
84.548
14.318
9.860
3.897
106.420
19.878
6.422
9.522
5.788
1.971
5.423
6.156
16.497
38.705
54.865
36.195
4.479
23.119
9.968
20.683
21.998
4.006
2.091
10.955
2.941
7.421
11.565
14.449
11.898
22.810
66.833
29.831
3.312
13.871
46.184
10.154
23.670
1.948
17.255
47.981
0.278
6.923
43.671
0.000
26.966
21.597
15.878
24.807
16.759
4.606
3.804
2.223
28.394
109.338
10.102
49.152
9.608
16.492
41.451
18.831
5.387
9.328
16.883
11.048
8.961
14.596
21.322
33.366
4.710
4.640
27.525
18.048
3.232
15.113
11.453
31.382
10.387
14.624
10.367
19.952
6.389
9.079
9.507
15.690
11.865
32.022
12.772
51.701
15.434
18.704
32.526
3.080
16.170
6.650
23.681
25.632
111.563
31.294
67.037
15.110
17.056
33.385
25.344
4.247
26.920
14.073
28.451
1.112
27.248
24.944
3.894
17.830
12.667
11.848
25.868
34.499
1.694
15.261
17.079
10.332
21.701
27.213
30.477
25.383
9.591
34.270
19.400
25.631
4.370
6.250
0.840
10.696
60.523
20.132
19.753
23.093
14.347
5.121
17.879
23.945
6.569
10.566
39.843
0.972
11.494
16.778
11.010
13.530
19.347
11.786
53.310
41.264
31.023
13.723
9.780
13.221
20.963
15.357
14.705
31.787
10.779
8.053
25.396
10.624
31.859
9.306
8.775
22.295
8.978
10.162
30.444
26.144
30.956
5.270
12.396
76.104
4.133
16.177
98.983
10.957
15.169
18.855
18.757
15.189
17.072
3.052
18.082
5.113
13.927
76.666
10.880
10.295
4.482
9.023
23.924
5.505
7.572
2.451
2.434
5.148
0.961
0.000
0.014
1.669
11.192
13.784
24.084
124.626
39.565
16.696
14.320
15.371
11.996
8.993
3.758
11.385
37.745
165.348
12.085
5.376
18.048
25.265
8.616
27.325
3.685
0.494
1.013
2.674
2.911
0.621
2.844
0.484
0.024
3.641
20.414
30.581
17.319
20.481
26.625
5.164
11.052
10.681
9.148
4.013
1.621
6.223
21.157
13.999
21.662
10.540
25.829
2.819
6.314
4.400
1.833
2.158
8.763
1.004
14.817
18.889
6.218
4.129
3.423
13.735
14.141
4.308
8.588
6.708
11.728
18.213
5.011
3.236
1.199
5.947
6.513
25.663
17.479
6.913
2.359
5.035
4.362
7.938
12.689
13.780
11.755
21.671
3.341
0.000
0.000
4.298
0.790
2.111
5.749
10.087
15.439
10.401
1.105
5.994
5.430
0.000
6.160
8.792
7.093
1.736
0.187
0.045
0.000
0.024
0.165
0.158
2.815
9.821
0.000
12.024
11.670
0.021
9.435
0.480
0.831
0.085
0.000
0.130
0.000
8.866
6.221
7.824
0.000
0.000
0.000
0.429
10.822
5.371
5.811
13.192
16.622
4.676
6.654
26.656
59.508
11.165
15.504
18.917
1.327
15.778
15.106
14.490
7.502
17.552
0.742
1.632
5.924
9.572
7.302
27.198
19.724
30.307
33.120
5.349
17.314
16.558
13.019
4.899
5.562
4.552
0.937
0.759
9.936
25.131
46.939
8.981
13.033
16.524
37.762
10.629
56.868
6.678
10.547
1.627
2.053
9.393
7.248
19.370
10.887
7.278
65.331
18.206
22.834
22.227
47.725
13.156
0.141
7.809
9.448
20.670
24.487
20.615
31.665
12.033
3.897
19.230
31.517
7.536
39.453
9.596
50.771
6.005
12.425
0.000
0.000
1.360
1.037
4.595
12.782
24.805
121.735
24.362
30.436
0.656
0.937
1.602
8.611
17.520
30.679
80.362
21.279
66.103
5.205
6.880
24.769
9.122
6.376
18.649
2.697
2.760
10.900
5.177
18.186
25.955
8.641
21.722
28.352
20.347
22.352
24.728
21.887
27.297
43.037
127.386
8.430
9.143
12.967
22.187
10.006
11.817
8.854
19.717
20.369
11.000
17.132
30.192
8.121
105.225
9.477
11.734
30.206
28.587
13.917
9.962
9.651
11.915
17.372
5.145
6.017
2.446
13.276
18.539
23.034
12.995
17.966
10.991
2.757
1.655
4.661
19.535
23.082
15.474
17.887
24.400
17.994
7.879
3.787
8.889
2.139
25.389
19.825
27.098
8.353
30.267
21.619
2.211
14.555
37.367
6.362
20.455
30.671
144.386
27.229
8.952
21.158
13.177
31.376
13.505
17.961
25.588
13.733
22.379
14.141
51.864
22.659
23.324
21.180
16.310
1.420
24.312
13.431
17.485
9.501
29.303
6.288
9.632
5.054
16.047
40.495
102.861
2.208
6.793
19.470
18.057
6.267
26.271
143.457
7.611
12.983
18.351
50.479
0.010
4.608
8.216
10.509
15.971
12.118
15.340
0.757
11.749
33.484
14.028
10.073
23.382
0.333
9.257
29.020
5.589
0.683
9.723
10.973
7.285
6.266
4.261
0.491
9.366
9.572
1.669
1.847
3.258
13.831
12.931
12.313
37.707
13.060
6.127
6.331
21.749
7.663
19.799
14.869
56.197
12.888
62.672
8.013
5.449
5.177
8.820
2.558
12.636
15.656
17.934
7.541
6.662
4.848
9.045
13.803
2.807
10.149
8.188
4.542
2.544
9.349
2.525
10.147
3.008
21.023
1.765
1.092
9.012
8.233
22.958
5.421
2.324
2.441
1.703
1.713
4.934
4.988
2.726
0.882
0.007
0.630
5.267
1.020
2.407
4.832
0.113
0.476
6.140
3.629
7.515
1.181
4.527
1.215
2.650
1.105
0.000
0.027
0.137
0.336
0.000
0.072
0.546
0.556
1.353
0.000
0.748
4.676
1.981
0.000
0.000
1.466
4.274
0.398
0.093
0.000
1.754
1.490
0.328
4.800
6.154
8.307
0.954
7.175
5.515
0.807
13.285
7.855
2.709
13.860
14.207
6.053
5.802
0.027
1.620
8.030
22.381
18.804
2.187
13.228
5.582
5.122
9.023
1.895
16.617
7.979
2.736
1.504
0.978
0.642
1.617
7.172
4.116
12.701
4.707
1.088
2.146
2.434
7.340
7.500
12.610
4.295
5.074
2.815
0.865
3.924
4.467
2.419
16.449
71.703
31.091
5.981
0.000
2.360
18.423
14.856
9.908
13.592
16.253
0.697
0.010
2.184
10.478
237.150
1.370
20.095
6.015
1.260
5.352
2.482
21.633
50.911
18.991
29.330
20.445
16.703
0.501
27.528
25.715
46.215
15.147
5.943
20.495
23.730
7.782
9.771
9.371
12.408
7.431
111.183
14.974
34.080
30.331
12.880
17.339
7.113
18.721
44.141
22.161
33.778
30.209
23.229
11.122
10.337
5.244
15.709
47.161
9.383
22.446
40.315
15.762
13.369
18.866
12.957
49.909
0.920
6.279
1.298
6.927
5.586
18.471
20.156
22.254
29.527
28.798
95.124
5.478
24.687
85.086
6.503
19.302
11.982
42.936
24.427
26.046
2.184
23.854
15.831
17.568
14.075
30.755
15.686
0.283
8.602
6.252
18.771
20.653
9.731
32.835
15.606
9.713
6.309
29.297
12.442
3.409
3.524
24.168
25.473
0.326
10.997
9.398
13.874
20.845
13.802
7.205
4.039
0.736
20.845
3.419
8.052
29.498
43.269
2.901
58.193
41.290
5.040
16.661
16.280
10.667
18.337
38.462
73.409
16.977
18.316
16.267
6.612
8.178
14.550
6.025
7.045
11.587
23.191
12.657
51.855
16.710
54.944
4.939
24.338
127.555
7.941
16.352
21.138
1.064
8.072
20.675
4.086
16.600
7.253
39.544
2.211
3.138
4.031
5.298
2.378
5.636
2.893
24.712
13.297
1.632
18.665
34.298
73.190
20.093
10.873
11.194
28.206
168.614
3.342
5.309
21.010
35.670
6.224
8.614
12.559
4.762
15.151
4.135
13.441
31.474
0.831
12.531
31.579
3.646
4.511
9.826
10.602
20.259
122.508
5.224
5.222
12.978
8.528
3.862
7.526
44.102
1.548
9.651
15.463
103.184
13.010
0.498
3.292
0.278
9.232
0.656
0.438
2.232
6.653
7.131
18.232
39.634
3.136
0.838
13.633
40.667
8.545
12.548
4.360
3.440
16.092
43.395
53.078
15.776
9.845
31.285
47.978
96.668
7.790
38.167
80.183
5.704
5.062
6.211
7.567
2.185
1.145
1.069
10.168
0.211
1.257
5.466
7.323
5.787
5.862
16.591
20.634
5.155
6.430
8.739
9.078
4.923
5.339
13.577
9.826
2.158
4.484
15.065
10.073
4.410
4.619
17.839
4.056
4.934
0.997
0.048
0.000
0.000
0.000
0.000
0.000
0.000
0.173
0.872
11.537
28.322
27.550
10.562
8.805
0.048
0.027
0.360
3.025
7.569
1.514
0.000
2.622
1.559
8.338
14.438
0.007
1.008
0.285
0.199
0.026
0.668
1.056
2.142
0.048
0.000
4.585
8.006
1.531
0.000
0.051
0.000
0.000
0.000
0.827
1.871
6.671
0.786
2.513
5.181
0.103
0.000
4.964
2.177
1.679
6.763
8.370
0.244
6.269
2.640
7.047
17.624
7.072
0.093
8.935
0.041
0.172
5.646
23.020
34.186
12.711
16.828
39.384
23.749
4.473
0.229
4.787
8.698
6.949
4.748
5.766
12.181
10.531
2.058
0.637
12.627
12.047
19.883
46.211
2.949
2.422
0.089
0.000
2.221
15.934
10.088
34.221
29.836
12.813
2.252
10.360
19.107
37.913
163.373
1.184
3.517
11.100
23.833
3.996
1.739
8.157
10.810
17.283
30.321
18.846
7.965
16.043
7.646
8.327
3.352
10.542
17.359
36.193
84.919
18.859
21.839
18.014
25.818
23.401
77.759
7.776
13.160
20.558
15.772
28.786
46.072
94.913
13.087
110.248
7.117
12.397
36.554
90.060
12.895
8.892
7.828
17.389
16.040
29.757
87.108
25.203
81.089
33.529
3.049
17.228
11.048
10.332
14.991
25.952
3.457
1.076
4.801
11.905
30.147
38.430
24.815
24.057
14.279
14.021
7.289
1.105
9.974
8.408
17.262
4.678
7.742
5.428
23.432
20.610
9.041
9.550
20.596
55.653
10.114
43.338
5.640
10.229
24.741
21.080
14.308
24.054
41.872
6.618
16.291
29.433
92.824
25.178
51.120
48.705
21.768
9.757
24.978
26.772
27.603
23.155
19.645
22.908
9.884
14.433
32.243
21.298
88.287
36.701
0.048
2.144
4.657
6.710
19.178
18.667
24.783
32.979
13.201
0.051
0.000
4.198
8.446
5.509
20.888
7.769
9.940
10.617
12.972
20.278
23.023
53.898
61.160
10.487
28.249
15.173
3.677
1.780
28.070
15.503
38.274
2.302
6.717
18.225
38.718
11.706
28.916
14.665
1.627
13.518
51.960
9.495
5.049
4.880
21.233
13.245
16.751
18.406
2.606
28.990
149.303
7.793
14.711
10.080
8.333
5.351
16.092
14.993
28.128
48.154
18.563
23.797
45.864
8.466
5.500
11.523
18.612
13.170
37.505
50.831
6.678
13.029
8.124
1.888
30.382
0.415
15.415
10.564
25.348
28.104
25.928
3.346
4.910
9.591
27.721
5.993
2.115
0.137
10.761
12.270
11.361
14.095
0.723
7.819
18.294
18.055
64.078
12.389
17.669
24.946
14.056
33.714
7.617
1.246
0.894
0.045
0.000
0.024
1.037
8.923
2.309
3.980
6.003
2.139
11.603
7.790
10.858
18.460
14.183
6.557
8.962
4.013
0.666
3.619
7.091
16.668
10.847
5.618
24.316
5.128
2.079
7.392
12.857
1.739
8.090
3.231
2.027
5.471
4.360
11.019
0.936
6.672
10.785
9.361
15.280
8.867
7.545
3.967
2.384
8.018
5.069
0.721
0.858
2.867
5.026
3.569
3.183
3.210
3.189
2.101
4.707
12.265
1.517
14.145
100.631
8.159
7.587
7.996
13.970
1.919
43.260
21.083
7.062
0.027
0.000
1.691
2.585
0.275
0.130
7.163
1.480
3.569
0.522
4.216
9.963
4.652
4.942
2.204
1.027
0.989
0.306
1.325
1.624
6.913
5.438
0.295
0.803
4.944
3.886
6.932
2.726
6.054
29.740
4.185
5.376
0.082
0.154
1.329
0.000
7.649
0.003
2.232
0.941
8.338
1.991
10.746
19.803
30.484
28.146
7.426
1.844
9.496
12.818
0.055
2.699
0.223
8.597
1.143
6.942
2.235
6.156
11.172
1.387
12.037
115.027
128.997
4.940
18.958
49.974
141.892
20.527
8.329
1.912
13.779
7.951
7.299
14.361
19.715
20.203
12.789
36.047
27.492
33.376
30.496
19.638
9.465
14.023
0.003
14.560
9.743
16.360
14.044
6.312
23.803
6.393
16.083
19.470
0.652
0.000
0.000
0.403
3.229
15.952
23.725
88.491
7.526
28.867
61.914
8.635
20.253
23.215
10.612
22.688
13.838
59.853
17.933
28.164
28.473
24.105
11.750
53.246
8.362
29.538
21.136
17.164
4.286
3.981
9.210
1.030
3.759
14.744
15.987
29.404
25.269
28.880
16.850
43.731
29.910
11.916
5.776
21.008
93.432
30.619
20.532
90.032
15.879
30.878
21.071
2.632
11.443
12.854
6.822
22.021
31.619
17.258
32.690
47.444
28.832
37.946
14.293
10.161
11.173
16.720
24.046
28.219
30.192
92.606
18.016
17.982
21.380
13.782
24.592
1.920
16.067
8.422
2.982
15.048
14.782
5.026
1.413
2.700
23.083
8.062
47.605
22.084
130.306
6.781
0.878
7.927
2.364
12.158
30.387
15.082
20.335
14.474
10.894
20.774
25.200
9.220
7.759
6.394
19.284
18.337
18.297
12.181
20.187
47.001
9.376
19.559
22.223
13.232
19.370
15.171
3.200
1.380
4.309
4.652
13.899
27.394
1.693
15.577
37.638
60.476
12.851
18.548
20.747
19.453
15.994
38.110
21.865
5.948
3.638
20.148
31.139
144.099
13.362
14.294
27.124
25.215
33.240
10.523
8.211
81.870
27.613
18.901
9.132
27.743
14.722
8.073
18.023
18.923
8.032
3.304
16.910
25.281
55.018
19.528
3.170
14.619
151.369
15.439
47.379
9.634
10.537
78.645
34.991
15.985
4.027
6.667
11.225
4.439
7.323
4.762
15.728
13.185
6.932
7.804
8.839
50.798
0.762
13.287
16.670
6.358
2.444
1.730
0.000
4.425
5.007
7.539
41.913
2.908
25.715
30.000
18.199
42.299
15.786
23.155
33.344
8.540
7.418
10.707
42.066
10.767
6.965
0.475
3.263
9.483
5.533
12.495
15.858
14.893
1.337
1.013
0.976
17.595
19.512
1.543
1.969
2.892
1.521
7.639
0.450
2.451
14.083
7.392
1.301
1.401
3.742
7.090
7.275
15.762
26.573
18.519
35.905
3.753
1.548
2.990
11.594
19.847
24.760
58.585
1.938
12.799
19.731
4.937
0.536
2.427
10.741
9.129
0.391
0.237
1.703
5.397
15.865
4.055
2.129
0.000
3.358
13.163
1.792
6.556
6.750
4.676
3.674
3.804
4.947
23.016
26.772
6.252
3.038
0.000
0.000
4.247
11.494
4.800
7.411
33.368
39.149
27.806
12.130
20.926
19.454
4.054
6.253
16.766
5.200
0.920
3.246
9.641
7.254
4.347
2.505
3.538
2.591
7.501
0.000
1.112
0.029
0.230
8.438
2.626
0.000
0.000
3.498
3.921
9.230
0.263
16.006
8.231
5.289
9.946
15.870
10.492
8.562
8.494
6.921
1.744
5.802
6.976
4.110
32.049
5.315
2.046
3.399
1.471
5.802
58.773
77.917
11.070
33.225
16.579
96.889
14.783
1.404
16.634
26.048
37.779
17.338
18.613
120.036
15.374
23.682
44.453
10.119
3.802
3.277
4.580
9.668
42.989
9.204
12.733
12.677
25.310
1.332
0.184
0.180
2.134
21.899
44.369
14.129
22.743
75.169
11.211
50.793
21.283
145.088
18.649
16.867
7.404
14.051
15.015
14.206
1.754
24.294
31.498
5.433
11.426
9.572
49.905
136.776
16.967
45.760
6.623
20.088
44.886
9.007
25.941
16.347
13.781
149.687
5.332
31.665
24.388
9.453
7.119
10.391
15.029
14.420
21.988
8.734
16.243
43.015
129.642
42.366
49.438
68.414
111.909
3.437
46.242
12.415
18.217
4.237
5.359
17.297
20.843
8.698
12.693
9.613
17.077
20.950
14.821
5.424
24.292
16.160
30.841
6.978
21.444
27.871
10.976
14.172
11.251
11.941
17.303
5.231
22.888
4.158
14.351
19.737
25.825
29.565
13.507
37.843
19.935
19.810
36.341
29.868
4.958
11.761
19.496
16.038
10.744
18.206
11.973
102.808
16.036
7.566
40.900
23.593
17.593
19.058
18.251
1.913
0.405
11.283
18.522
13.281
14.540
17.104
12.670
71.983
41.412
42.098
24.385
43.113
8.410
12.760
12.738
31.982
2.635
29.649
2.590
19.436
29.660
116.337
28.227
15.120
14.339
4.681
38.811
3.152
6.000
5.500
12.195
7.309
4.099
28.326
29.737
2.141
9.512
10.373
23.961
66.692
10.367
14.951
13.170
40.239
20.317
6.273
17.733
12.535
128.973
5.042
14.073
11.200
29.566
7.854
12.099
162.443
9.684
5.306
8.132
19.568
14.102
7.648
16.603
58.964
3.466
11.028
79.234
6.226
8.803
36.337
10.870
22.124
17.104
13.261
3.124
12.143
0.161
10.755
1.159
0.000
0.000
0.000
0.539
1.263
6.877
15.966
51.768
35.630
14.151
12.607
0.862
7.196
4.930
2.585
7.864
4.832
4.552
13.505
5.751
26.081
35.879
3.831
7.723
24.994
44.124
10.772
10.023
5.915
1.240
0.276
2.257
0.867
12.803
5.733
8.277
1.390
9.857
6.513
14.803
27.701
2.867
5.180
6.530
21.145
31.847
9.235
13.259
6.758
3.794
24.879
2.276
67.446
0.213
7.136
8.326
1.116
3.684
3.419
4.319
0.134
2.963
4.333
9.764
22.067
17.739
29.608
42.678
14.299
6.245
2.942
2.678
4.412
6.571
4.237
4.189
4.816
2.779
9.759
7.327
2.838
0.446
4.752
0.421
1.838
4.594
0.069
6.456
0.211
0.367
4.549
1.324
5.754
3.967
3.866
0.633
9.723
1.286
1.840
10.555
11.910
2.638
9.637
0.647
8.037
0.122
0.822
2.048
2.135
1.560
0.050
1.584
0.079
1.157
0.024
1.449
2.010
0.681
0.151
0.105
3.501
8.250
2.175
0.003
3.476
0.000
1.040
0.105
0.379
0.045
7.502
13.953
24.825
14.739
7.495
7.404
2.503
7.541
64.720
18.907
22.634
51.663
12.643
41.048
42.826
10.715
14.818
8.470
6.159
17.631
86.112
15.561
37.125
20.596
27.847
10.674
28.904
35.743
0.371
3.004
4.889
2.592
0.601
30.503
23.051
20.150
9.404
8.616
4.577
3.963
9.518
17.302
67.947
127.084
1.909
9.259
6.336
9.982
5.374
17.973
30.421
13.694
12.560
1.309
1.150
4.979
4.757
23.974
166.405
6.240
5.284
8.401
11.280
43.630
3.129
3.601
21.839
9.328
45.957
5.527
30.528
17.887
18.608
54.494
1.897
5.006
25.505
10.523
5.970
2.383
21.861
22.357
1.620
22.446
14.993
9.572
14.368
4.848
0.453
6.520
2.999
18.309
47.118
76.552
9.326
50.520
2.393
17.297
1.574
2.201
25.814
30.161
107.055
29.543
44.828
15.728
14.698
14.900
15.250
17.873
17.592
26.985
20.411
10.186
4.484
26.075
9.517
99.773
22.117
46.304
45.981
69.825
33.048
1.909
23.614
4.453
12.516
7.857
14.114
11.921
14.923
69.435
17.369
91.957
0.604
6.311
20.919
32.839
13.641
30.260
18.141
61.202
73.172
58.427
21.066
151.222
15.618
57.944
0.772
13.620
25.459
16.411
16.934
15.046
9.598
13.321
14.126
8.976
25.255
96.563
41.091
22.122
0.271
0.395
17.180
30.235
7.363
12.811
59.681
50.036
9.457
31.756
76.310
60.657
78.424
9.635
22.024
32.073
15.561
16.910
56.562
11.053
3.627
7.931
42.081
15.360
13.937
6.858
87.048
14.586
26.201
56.746
1.663
5.677
16.620
58.173
0.760
21.657
11.515
44.479
47.739
87.872
23.688
16.821
3.341
13.366
40.862
3.550
7.771
37.184
40.954
0.997
37.185
9.968
9.492
7.708
15.203
8.461
21.859
14.720
4.964
0.354
0.285
4.882
9.404
13.671
22.069
3.032
15.607
10.451
4.518
11.357
8.010
19.884
56.461
8.916
0.632
6.482
2.163
9.342
5.191
7.309
5.109
7.244
1.253
4.305
0.807
1.912
0.433
5.093
2.250
7.823
13.978
22.656
38.456
14.820
32.871
14.634
0.982
3.445
8.216
35.376
1.021
1.488
4.431
24.818
9.592
9.115
23.552
16.251
15.668
10.017
12.578
11.417
15.843
19.990
3.741
6.708
0.282
5.605
3.603
6.338
0.518
0.946
7.836
5.346
22.113
14.389
13.968
0.711
4.828
10.756
7.996
10.120
4.858
3.600
6.413
3.023
6.446
11.697
5.875
16.288
8.817
3.986
18.617
32.777
17.723
9.368
8.782
8.920
0.793
0.000
0.000
0.041
2.559
7.697
5.644
12.088
14.770
12.998
0.282
0.271
2.328
9.259
22.584
11.192
28.661
2.046
5.936
12.993
7.210
6.642
2.220
4.353
12.449
4.487
0.021
0.134
0.000
0.000
1.888
7.563
0.862
0.522
1.681
3.761
27.378
58.444
32.699
6.536
7.742
2.685
8.965
9.144
27.581
12.502
15.786
0.403
1.080
6.692
2.609
11.952
4.854
1.669
8.840
16.377
3.317
5.335
29.110
0.065
1.410
5.170
1.396
8.676
27.449
0.791
0.065
0.000
6.596
21.012
3.541
5.449
6.636
30.854
0.017
7.807
22.941
13.731
1.252
3.766
9.023
5.749
1.270
3.747
54.254
8.306
10.703
49.631
53.030
20.840
0.433
4.698
2.455
2.513
5.890
1.935
18.114
13.304
1.766
4.638
0.041
3.623
9.333
1.459
5.624
16.268
6.533
15.513
24.139
34.504
38.178
5.998
2.721
29.253
9.065
4.233
4.175
0.577
26.983
27.325
3.014
4.386
8.511
5.376
5.903
10.799
13.788
17.887
81.563
52.075
33.426
58.516
11.422
11.028
20.028
12.140
2.699
1.099
3.021
70.597
20.472
9.641
1.150
17.225
18.747
2.300
1.147
36.880
24.596
1.184
13.115
8.243
39.623
2.276
8.926
1.583
6.084
18.649
9.816
12.439
5.013
8.288
29.268
22.646
25.735
0.826
24.335
5.157
28.341
29.419
25.852
11.330
28.764
50.244
23.665
31.215
14.461
5.473
26.305
18.670
21.034
29.749
8.957
8.444
25.746
79.647
23.657
16.626
21.126
105.390
6.939
9.373
18.157
35.208
13.344
3.728
35.770
22.996
0.185
6.288
9.077
10.731
35.735
10.001
18.491
14.284
19.293
27.121
45.583
23.114
81.496
18.399
5.467
6.860
3.528
9.314
14.038
86.739
14.234
9.634
73.883
59.966
10.728
10.502
5.855
10.962
17.700
7.675
10.348
13.666
30.863
50.456
20.060
45.616
6.794
11.115
7.955
41.970
12.531
18.670
12.689
2.967
1.856
8.236
8.902
16.558
39.077
0.383
12.353
25.782
109.328
26.422
19.559
25.959
23.394
40.873
13.177
12.909
43.808
35.810
52.000
3.330
6.430
4.618
6.527
22.131
3.777
7.866
9.579
12.758
0.577
1.051
0.014
30.264
2.460
5.131
6.743
5.327
4.235
11.271
7.114
23.236
109.048
68.158
6.410
9.155
7.610
0.052
0.561
1.063
10.161
12.229
10.641
0.000
15.415
10.004
14.260
19.135
0.247
26.468
26.027
112.981
9.089
15.070
14.255
3.859
7.012
7.167
6.644
0.651
6.911
12.693
5.934
8.265
4.070
8.419
9.461
34.818
1.669
1.203
0.426
5.404
12.856
6.418
3.720
14.825
33.631
12.907
4.523
79.484
48.257
4.199
0.110
2.307
0.551
8.078
10.150
30.329
8.841
10.252
19.892
11.635
6.046
11.288
7.505
1.909
19.789
4.710
0.463
1.693
2.081
0.034
1.356
4.360
6.152
0.898
3.454
20.967
14.059
2.599
10.619
0.203
6.738
9.599
14.100
7.962
4.928
4.075
5.785
16.658
30.254
24.241
8.093
17.982
12.068
29.646
21.247
6.830
12.988
9.139
14.332
13.649
9.550
1.463
12.415
2.716
17.402
15.496
34.837
5.275
2.628
2.731
0.391
7.194
4.587
21.779
3.590
20.455
20.479
6.468
11.246
2.680
1.811
0.910
0.630
15.590
1.408
12.260
19.302
22.731
0.124
7.361
5.476
5.397
3.737
5.088
30.334
22.450
17.199
31.175
21.688
3.584
9.129
12.693
0.000
18.206
17.540
0.187
9.007
9.029
2.949
24.589
5.449
27.964
17.664
2.647
2.032
4.728
0.288
9.582
10.416
68.800
3.299
4.007
20.235
14.104
9.026
8.123
1.996
13.808
4.621
9.352
10.815
1.535
8.140
6.171
0.130
0.000
7.052
1.837
0.000
2.202
5.086
3.344
18.673
18.948
17.997
7.539
24.216
3.495
8.604
15.892
18.447
12.507
17.904
29.447
170.515
11.515
26.323
11.615
3.684
34.367
3.529
12.607
42.328
4.980
2.963
1.741
5.850
3.842
8.125
10.396
12.136
6.736
0.941
8.257
10.458
19.274
36.705
6.338
8.621
4.333
11.687
6.969
14.976
94.431
0.027
37.527
25.715
11.941
7.457
26.590
7.088
6.870
32.307
45.507
6.477
4.319
24.070
27.390
60.996
14.363
18.974
48.077
6.262
5.115
4.259
34.358
9.628
53.466
17.848
11.141
45.652
29.957
44.538
32.677
10.867
17.940
11.494
1.476
33.150
2.468
10.654
10.720
38.854
16.720
9.089
42.668
27.613
38.778
63.155
43.258
27.126
33.006
87.968
20.057
2.868
12.677
8.713
15.966
25.998
22.237
10.671
26.305
11.722
13.446
71.868
0.148
5.027
11.821
14.323
23.593
17.513
17.817
12.806
20.074
22.724
4.601
10.413
13.221
32.317
30.327
15.961
20.314
32.477
14.723
17.290
13.704
14.832
211.559
9.644
31.012
80.873
1.497
6.827
29.672
8.995
35.417
8.160
20.427
29.282
18.828
6.012
28.721
21.335
13.827
58.396
44.021
1.298
4.333
28.870
71.246
10.712
30.309
27.126
22.553
23.320
7.969
21.483
25.742
47.550
3.052
12.064
23.569
69.619
4.927
5.655
17.031
21.259
25.828
37.913
2.278
8.394
17.764
25.461
38.208
8.078
38.112
6.454
16.685
3.993
8.350
12.809
10.938
12.071
20.833
24.015
16.799
38.287
16.042
28.259
26.206
15.714
1.095
4.326
17.870
36.578
2.863
10.868
7.454
7.134
9.349
8.178
17.427
5.915
37.096
1.133
6.921
13.623
11.934
3.289
8.224
5.677
15.942
11.831
23.767
1.171
5.306
7.864
17.096
4.865
24.038
9.738
8.063
22.479
24.863
30.978
15.870
12.756
9.665
5.227
31.052
27.490
7.919
0.086
6.199
22.664
29.848
7.089
3.730
6.865
6.087
8.633
8.185
6.485
9.383
16.263
12.164
6.616
9.812
15.038
19.200
22.567
11.973
5.459
6.836
3.232
10.729
10.986
2.935
13.008
9.560
7.982
2.287
6.286
17.295
26.995
4.072
4.988
5.428
4.388
0.615
0.000
2.582
0.295
0.850
0.639
0.000
4.463
1.116
7.581
0.062
1.035
0.000
3.081
0.330
2.180
0.429
0.031
2.046
1.174
13.153
12.279
7.028
10.207
13.506
35.685
24.331
6.245
7.292
0.409
0.457
0.014
0.017
0.000
1.969
5.547
17.919
11.400
5.818
6.885
24.197
15.288
6.616
18.014
8.559
2.937
39.916
14.771
3.694
12.615
18.982
38.902
6.331
10.732
5.531
2.958
21.377
108.564
10.034
11.227
17.836
95.032
3.111
10.676
21.980
10.489
11.513
33.989
23.221
22.553
19.410
7.642
70.139
18.955
43.914
16.445
34.937
15.800
11.175
30.195
52.384
10.851
9.929
12.415
9.980
16.517
8.192
29.323
3.430
27.639
22.318
21.310
15.716
24.484
96.510
58.622
4.238
15.494
29.878
12.070
23.042
1.121
9.182
6.391
14.117
15.760
7.987
8.242
17.713
46.436
4.803
14.473
17.012
57.397
22.462
23.178
3.964
16.402
17.271
8.140
15.589
35.290
6.121
4.782
0.024
18.210
140.031
22.862
24.506
7.333
10.343
9.397
42.112
24.173
205.863
37.819
29.431
37.161
66.474
1.720
39.959
3.238
2.503
13.223
48.117
12.954
0.632
0.385
14.203
11.110
52.534
53.019
15.031
7.146
32.166
8.338
26.194
23.144
34.523
80.698
8.799
5.091
9.150
18.696
6.087
16.430
31.438
5.006
31.586
22.182
0.199
5.723
4.671
18.057
25.149
4.460
9.924
3.996
12.186
31.352
20.944
9.702
23.111
4.811
32.073
117.217
2.508
17.564
15.269
9.501
26.744
17.329
40.411
26.994
12.938
20.362
3.708
11.481
15.951
6.065
10.446
4.360
3.378
29.886
14.167
22.422
20.151
3.153
117.509
27.593
59.479
11.584
7.290
9.695
39.709
17.279
8.250
27.346
12.366
4.034
5.658
28.705
20.963
7.433
13.379
7.042
19.580
22.723
25.598
49.329
27.473
13.019
10.193
83.342
8.604
4.807
22.745
101.009
23.329
20.052
19.226
19.308
20.490
53.088
1.495
10.499
37.072
10.238
14.135
20.953
24.115
0.992
4.710
6.101
16.562
13.774
2.657
5.967
16.837
13.922
23.377
60.432
7.529
13.105
49.718
1.813
1.775
15.165
75.541
51.759
22.285
8.923
8.528
14.792
10.538
18.711
33.057
5.849
2.410
9.798
13.432
8.336
26.129
37.582
35.288
30.266
38.668
29.612
4.614
11.005
4.746
16.117
19.250
9.412
25.432
16.001
8.986
7.539
8.625
16.516
4.259
2.364
13.546
9.452
10.705
1.040
3.746
1.186
1.147
0.103
8.164
13.778
3.783
1.868
20.586
11.845
2.081
17.122
2.657
6.025
4.738
7.136
3.761
17.458
16.758
1.926
4.288
2.345
5.843
5.287
1.483
11.532
8.274
7.227
5.294
84.924
9.510
19.236
2.448
4.055
42.711
11.429
7.739
6.393
20.520
15.587
5.294
5.593
16.528
3.507
6.588
17.537
1.552
0.711
0.000
1.348
1.531
5.383
29.064
23.974
8.356
10.464
8.549
10.111
6.956
5.802
9.592
6.630
3.687
15.357
10.046
7.635
11.752
11.110
16.219
10.725
2.729
8.236
4.807
11.930
44.845
10.403
9.658
9.465
4.822
4.753
4.559
0.405
8.677
5.170
8.985
9.184
5.593
5.291
10.540
9.496
4.968
1.502
3.620
0.371
2.146
5.071
4.782
18.733
6.599
2.508
2.252
1.967
12.042
8.796
17.286
74.517
34.581
12.185
1.432
2.884
4.139
3.100
5.222
14.327
8.308
12.550
15.014
18.814
32.442
15.098
13.275
4.623
9.314
6.942
5.850
13.752
21.660
10.202
8.430
0.172
0.002
0.134
5.443
6.657
4.956
6.805
24.017
50.374
37.319
7.618
3.658
21.835
9.874
4.669
18.332
17.424
7.831
10.078
4.336
20.242
22.838
9.136
9.659
20.642
23.088
26.388
78.961
5.122
110.349
97.347
26.982
7.290
6.928
9.795
22.151
17.077
11.280
3.900
15.518
6.173
0.972
0.635
4.695
13.081
0.695
4.793
11.153
17.467
16.982
16.236
5.646
6.693
3.910
3.529
12.366
11.839
26.419
25.056
11.505
14.639
24.582
4.594
23.504
7.656
6.715
3.886
2.923
3.552
7.028
9.119
4.099
0.398
0.003
0.323
15.027
9.225
26.637
5.246
9.572
11.127
2.836
7.059
7.028
4.504
2.304
4.640
1.528
20.225
9.043
10.430
23.571
24.908
7.914
20.517
14.346
16.725
26.427
152.416
23.483
3.639
5.464
30.590
37.103
7.143
30.973
4.324
0.299
2.297
14.632
8.226
0.058
2.791
13.575
5.318
2.348
6.856
2.012
4.484
9.809
9.215
10.337
2.448
6.671
10.198
1.813
9.611
7.103
12.332
3.773
15.910
8.030
6.753
22.278
15.796
13.894
27.816
6.436
6.516
5.572
0.445
0.268
4.865
22.103
12.006
21.298
10.077
18.354
29.028
12.765
14.674
2.259
18.715
18.107
6.566
3.265
17.661
19.799
12.277
9.859
14.574
13.075
20.177
15.925
32.441
13.630
2.122
11.010
11.615
7.502
12.363
8.732
14.567
10.107
10.622
5.150
4.092
7.055
9.304
17.039
18.521
4.625
7.862
17.897
0.508
2.510
6.942
12.054
4.956
34.173
63.590
16.787
9.354
4.389
8.278
16.497
11.560
17.568
20.380
3.646
5.833
3.437
13.695
17.089
17.585
31.565
48.240
12.021
13.091
20.500
12.212
13.580
3.483
9.345
17.853
8.102
18.272
54.334
11.280
76.317
3.351
4.013
0.000
1.027
0.041
0.021
8.387
31.891
12.300
12.294
25.794
2.644
15.724
11.663
2.626
11.616
5.835
8.514
6.388
13.342
13.822
15.884
9.060
0.467
2.517
8.367
2.791
15.271
25.432
5.689
0.051
25.535
59.055
9.247
11.220
2.484
4.405
1.006
9.579
9.797
9.814
27.081
3.873
29.567
4.803
10.214
18.869
15.570
10.483
18.999
26.259
5.637
9.639
16.866
7.953
5.787
7.467
7.011
33.160
8.971
7.246
21.935
10.761
10.246
8.475
6.489
8.968
7.510
8.291
10.032
11.862
8.998
4.048
4.449
0.793
8.223
1.511
9.352
6.448
13.553
11.326
5.764
3.229
2.043
7.742
3.128
1.542
3.399
2.642
14.092
18.476
9.483
7.119
6.082
0.058
0.659
4.381
2.657
6.278
2.558
6.279
6.547
6.317
3.128
8.926
8.724
2.249
9.987
1.107
8.350
10.509
0.079
6.599
10.408
153.055
10.195
11.288
6.142
0.045
1.967
0.103
1.638
3.749
5.206
0.862
0.275
0.237
0.161
5.826
5.540
11.838
9.656
5.217
18.153
6.032
2.657
3.392
9.088
5.105
9.144
19.832
6.018
4.182
0.549
0.010
0.409
4.243
8.226
4.319
3.632
8.367
23.301
14.550
8.689
13.330
19.872
19.796
10.995
14.557
10.325
16.526
3.629
5.840
10.059
7.227
9.438
19.405
25.591
39.810
21.530
8.072
9.435
12.432
30.566
8.744
3.347
14.258
3.045
5.749
6.726
6.525
9.737
4.192
1.493
0.570
11.390
2.759
9.678
33.313
6.863
3.708
15.171
23.159
22.072
21.068
32.147
28.674
14.735
17.650
35.424
84.178
13.695
88.079
12.432
17.106
16.651
11.433
4.518
10.246
50.247
18.206
24.039
12.753
8.425
8.940
13.201
14.274
20.519
1.414
24.946
51.883
27.050
13.317
18.570
13.548
11.367
11.220
23.768
3.256
34.327
16.644
13.766
9.658
10.386
22.762
4.704
19.216
41.570
13.065
17.630
16.239
12.933
81.429
4.316
7.593
11.321
3.217
34.298
0.007
13.592
24.812
8.238
77.704
3.625
15.014
9.654
9.067
1.950
11.388
16.359
10.578
14.742
18.756
7.938
21.810
11.690
11.216
16.600
4.724
15.810
6.647
3.114
1.274
7.086
24.357
23.298
11.237
4.494
9.211
22.004
33.563
2.506
7.258
8.003
38.490
30.545
11.055
0.587
7.900
18.151
9.510
12.239
98.815
15.024
22.046
48.045
45.631
14.516
13.499
20.168
59.958
13.493
12.675
9.261
23.459
0.110
23.188
23.882
66.924
23.439
16.253
20.074
12.531
19.048
13.863
10.063
9.223
9.342
17.963
2.410
13.089
32.053
16.153
26.269
10.331
11.697
9.737
9.544
12.119
10.452
39.389
10.966
6.571
9.242
9.385
7.296
5.809
5.215
7.713
8.090
10.516
11.096
2.760
6.684
13.266
11.621
11.426
13.420
11.961
16.011
7.663
120.390
25.234
5.191
4.791
14.387
24.633
40.437
8.755
11.388
8.789
18.598
4.946
7.859
3.478
7.797
1.171
3.564
17.094
18.167
7.191
6.921
3.347
0.103
6.544
5.988
3.794
22.426
33.028
21.906
17.326
16.905
11.321
13.815
14.217
3.699
8.030
5.473
7.579
20.163
17.976
7.690
9.218
27.686
18.244
6.171
3.859
13.039
9.496
22.038
66.756
31.764
15.189
18.095
5.474
17.340
19.286
7.084
3.498
6.159
10.832
4.247
0.398
4.381
8.600
3.021
0.240
4.930
4.106
10.049
16.401
5.955
8.542
2.980
22.131
2.420
2.386
4.106
8.161
16.627
14.289
6.746
2.039
12.329
6.437
12.468
11.687
11.675
7.302
7.639
6.767
9.009
5.414
7.048
3.183
4.990
0.026
0.037
0.297
0.628
0.127
0.010
0.005
0.010
0.060
0.996
2.154
0.126
0.000
0.022
0.000
0.354
0.015
0.120
0.151
0.544
0.446
0.000
1.442
2.491
0.723
0.534
0.000
6.770
8.164
1.490
14.421
15.065
0.906
6.115
0.857
0.584
3.588
13.832
10.303
10.753
4.583
8.130
1.730
0.000
6.197
2.510
5.812
11.246
8.253
17.533
3.114
8.521
9.984
17.108
150.980
18.986
3.543
0.196
3.754
18.854
7.826
2.019
2.341
14.536
12.947
28.942
72.869
18.443
0.776
3.577
26.494
23.574
16.510
10.538
29.333
2.753
5.469
16.488
11.814
12.662
2.417
12.918
8.473
13.036
22.651
6.259
5.739
10.303
16.979
15.420
20.819
10.327
9.678
16.172
84.433
23.178
16.802
11.053
30.858
12.641
21.763
107.117
6.173
7.471
0.343
6.987
13.896
5.407
6.187
5.267
16.294
25.976
9.280
10.351
11.582
19.175
15.122
0.374
28.173
16.677
14.193
0.306
12.823
45.813
32.056
19.940
13.439
8.909
27.205
75.040
2.396
1.399
24.058
8.774
37.032
7.714
14.514
16.124
7.351
13.633
14.960
16.890
4.079
4.422
13.417
29.697
11.065
22.012
14.446
14.995
3.555
8.671
4.954
4.263
11.615
6.810
16.212
19.806
21.775
16.729
23.052
18.751
16.763
12.136
4.721
11.703
7.146
19.192
24.863
8.158
7.062
13.247
22.659
62.668
16.653
22.458
5.758
3.837
6.909
18.371
12.615
12.823
9.134
10.423
10.949
160.325
14.507
24.877
15.465
5.153
15.316
10.586
16.129
18.297
27.480
18.419
88.615
13.190
15.168
21.822
8.188
22.139
13.997
8.949
41.707
9.716
9.673
9.002
7.117
13.901
29.862
6.719
19.975
48.292
14.416
2.010
22.179
44.165
7.914
7.708
18.745
16.648
17.674
24.668
18.457
13.433
19.073
13.074
1.528
10.763
15.740
12.519
4.003
12.940
16.469
26.223
20.182
2.762
11.318
18.488
20.898
6.099
9.443
45.574
6.262
19.451
8.928
19.346
21.295
13.239
11.749
20.302
19.823
22.688
15.570
12.394
11.366
9.493
10.773
11.168
14.011
52.796
8.889
77.780
41.717
19.642
6.211
8.130
3.476
18.265
43.825
3.505
0.002
15.237
5.284
10.125
11.520
7.145
0.707
21.791
35.321
2.115
2.518
4.807
8.084
18.038
29.704
17.561
20.235
2.077
11.189
25.838
5.455
6.049
5.421
13.554
8.847
1.826
5.692
0.656
2.439
2.966
4.237
16.716
22.676
3.268
5.900
16.272
20.296
4.544
12.075
52.734
15.482
7.694
11.367
5.069
37.235
2.541
4.520
8.471
8.102
3.107
20.130
1.092
4.954
10.931
8.248
6.865
12.479
6.178
8.228
45.116
4.619
5.081
4.849
9.768
0.694
3.219
3.232
6.683
12.303
28.590
9.512
13.790
14.193
8.583
7.248
8.070
3.104
1.998
7.141
3.909
12.933
1.737
0.000
0.021
0.000
6.650
6.080
16.346
8.744
6.983
6.801
7.426
5.479
8.882
23.624
4.563
6.794
44.867
1.689
2.529
5.490
4.861
0.944
0.000
0.000
0.742
4.793
14.111
5.754
12.792
1.421
5.308
4.381
0.302
0.010
4.582
4.235
6.008
1.586
5.955
13.293
1.260
6.633
10.475
7.481
4.240
7.036
5.400
7.500
4.587
8.894
9.960
11.477
0.158
1.191
1.143
0.089
0.625
5.285
4.041
2.287
2.800
0.151
1.233
2.644
9.879
0.769
10.195
0.014
4.032
10.907
13.867
10.749
24.877
17.257
5.469
0.117
0.283
10.109
13.644
0.007
4.367
6.980
18.783
7.560
7.230
17.187
48.985
13.932
8.432
7.316
12.277
12.720
3.550
1.308
1.202
1.581
0.711
0.000
4.120
12.603
11.852
4.460
6.327
26.549
16.346
22.017
15.010
4.518
20.435
17.362
15.704
23.034
60.123
15.515
6.475
11.965
13.984
36.416
50.678
18.399
17.570
26.237
3.347
15.970
3.646
17.458
14.114
32.087
16.991
9.568
20.325
24.184
21.198
20.069
4.355
4.027
4.096
8.741
11.522
9.429
18.121
3.591
15.621
15.350
9.167
16.104
9.891
6.779
11.213
78.975
6.041
8.810
7.196
24.898
28.079
23.758
16.425
17.509
6.945
25.907
0.700
7.828
20.764
16.945
43.138
11.960
76.726
0.041
9.792
7.275
26.990
72.549
6.930
8.030
18.601
49.013
39.012
1.928
7.515
8.324
23.713
37.577
16.819
14.756
18.941
17.051
10.986
21.186
95.286
17.796
16.869
20.835
15.498
17.128
55.773
6.595
7.055
11.309
5.145
8.875
11.117
7.790
12.318
24.455
18.780
18.903
14.646
12.844
19.202
19.504
18.368
10.966
10.947
9.529
81.773
12.078
11.230
21.808
13.805
