19790101
2.836
0.045
0.000
0.000
0.000
0.000
0.000
0.000
0.000
0.000
0.000
0.000
0.000
1.414
0.683
0.202
0.000
0.000
0.000
0.000
0.000
0.000
0.103
3.440
0.879
0.324
3.823
0.240
0.341
0.812
3.552
7.790
1.365
0.000
0.034
0.000
2.212
0.076
2.391
0.388
0.118
1.983
1.063
3.578
0.616
0.039
4.514
3.335
0.007
1.152
0.000
0.024
5.964
2.214
9.441
3.548
8.944
0.570
2.029
0.522
1.160
1.057
5.486
4.388
6.015
11.239
10.650
2.814
6.103
16.988
1.404
0.048
1.421
3.282
0.494
4.861
0.628
0.027
0.220
2.884
1.116
2.788
0.853
0.536
7.090
9.294
7.872
7.297
12.039
0.800
10.276
18.718
55.611
3.162
9.616
8.484
8.339
2.867
2.650
5.830
5.730
3.919
20.177
1.166
9.867
2.472
7.848
7.213
8.260
15.673
14.595
4.415
9.809
8.662
6.496
6.324
3.117
0.196
14.322
0.000
1.761
3.323
5.170
83.462
1.832
3.979
8.789
2.661
10.468
3.931
7.169
10.876
1.277
5.500
38.198
2.903
9.053
5.040
5.665
1.641
3.900
9.551
0.282
3.835
2.949
10.791
10.902
8.487
3.564
0.179
2.929
31.726
47.758
31.522
1.229
0.391
1.313
3.998
0.175
12.245
1.560
14.735
39.647
11.929
46.706
8.125
24.613
0.273
8.559
6.544
5.787
7.131
14.670
4.904
29.746
8.727
12.571
17.211
6.923
3.526
7.004
3.747
2.164
10.327
10.949
1.250
3.950
6.554
5.807
4.973
12.131
7.055
16.116
29.225
0.177
7.783
28.065
54.894
25.976
11.637
37.618
9.987
53.181
30.429
6.394
11.215
16.284
8.084
21.689
19.944
14.083
0.618
5.037
11.331
10.506
7.313
6.645
3.517
6.027
3.567
14.265
7.306
4.889
2.669
5.637
6.436
10.816
8.397
36.006
6.920
64.965
0.457
17.918
11.867
74.834
128.600
0.017
3.620
4.805
2.573
4.144
6.001
6.724
2.877
9.244
16.418
17.360
5.253
14.159
0.017
0.000
2.992
5.030
5.891
13.259
129.208
11.067
1.928
3.115
3.936
4.531
22.747
47.329
0.763
2.527
15.743
4.578
7.175
5.426
1.796
0.927
3.526
8.114
3.437
4.007
10.052
14.052
27.629
79.059
6.492
1.627
5.929
7.337
9.132
5.061
6.159
0.467
3.722
7.677
3.557
16.469
3.284
1.617
0.827
17.420
0.752
1.778
1.892
5.339
5.332
8.916
0.306
0.282
1.416
4.322
1.011
6.520
0.292
43.116
0.182
0.000
2.485
0.139
1.214
4.177
6.362
2.120
0.113
10.882
3.589
2.043
3.752
0.172
0.160
1.509
6.703
8.262
24.124
1.760
0.427
4.437
4.207
5.018
4.650
36.037
5.103
19.353
3.162
4.211
7.866
6.458
12.472
22.493
0.718
2.293
0.220
5.382
4.904
6.746
1.524
7.919
1.852
0.438
4.173
0.668
1.190
1.598
0.094
0.135
3.147
1.737
2.944
0.568
1.499
3.356
1.919
4.831
3.248
10.724
2.520
0.000
1.617
3.174
1.294
0.000
0.000
0.000
0.007
1.852
0.937
0.718
3.419
7.076
14.282
2.556
0.405
4.561
3.962
89.669
3.188
1.899
3.203
7.253
3.368
12.457
0.288
0.017
0.000
2.650
0.108
0.000
0.100
0.031
0.213
0.000
3.140
6.952
0.982
0.014
0.000
0.000
0.362
0.000
10.440
10.562
6.355
10.519
0.093
0.045
0.000
0.000
0.003
1.272
3.132
0.055
0.055
1.701
0.742
0.094
0.426
0.158
0.000
0.000
0.669
8.887
5.712
7.774
4.920
4.935
2.941
0.568
0.112
3.737
4.319
0.172
0.072
0.000
0.000
1.528
3.698
5.040
6.092
3.116
10.641
5.385
103.057
2.918
4.947
2.678
1.487
0.594
0.738
7.841
0.000
6.681
5.507
0.542
0.000
0.076
0.062
0.000
9.610
10.166
6.099
5.964
14.117
10.581
10.217
4.175
9.939
49.988
3.694
6.973
2.723
6.314
10.729
1.675
10.010
3.967
8.035
6.880
4.048
12.334
3.121
0.082
9.807
11.263
24.391
47.904
55.428
6.015
6.678
7.391
66.966
2.012
4.796
24.875
8.702
3.114
9.016
4.875
32.161
39.559
1.806
24.345
33.484
4.867
23.349
80.001
6.366
26.570
5.733
5.042
1.907
5.014
5.098
14.137
15.867
3.807
8.554
3.758
0.596
6.638
4.449
6.317
56.724
8.221
3.988
21.807
5.258
4.451
11.184
9.363
14.713
12.130
8.157
8.693
5.580
1.370
5.554
4.597
2.964
5.645
11.622
7.392
21.999
24.585
4.599
8.650
20.582
21.235
3.727
0.699
11.402
14.145
6.837
4.764
5.799
6.219
6.726
19.504
0.858
6.331
13.487
67.465
3.066
4.261
13.962
5.006
4.233
5.871
11.446
5.107
12.631
10.859
6.547
8.944
0.096
11.299
28.245
2.805
1.991
8.387
12.789
1.308
40.049
1.737
9.373
5.160
1.919
1.593
8.607
11.306
14.011
5.555
4.755
13.077
0.175
11.584
3.917
3.965
5.778
10.051
2.750
9.901
20.452
1.509
6.157
9.527
4.693
6.317
0.364
7.153
5.510
2.340
6.904
38.789
57.616
0.117
13.460
28.918
13.414
3.090
11.805
0.189
17.667
10.866
53.593
2.247
1.239
1.998
2.352
8.865
1.579
5.613
28.479
10.169
2.994
3.886
6.310
8.930
43.223
3.996
2.997
3.327
5.843
5.373
21.962
6.145
27.675
6.918
22.893
4.599
11.666
6.777
7.903
22.889
67.240
3.644
11.930
4.221
0.546
1.195
1.421
6.350
2.817
0.472
4.453
7.186
5.382
5.103
2.633
5.813
5.636
1.655
1.035
3.758
1.936
1.974
3.068
10.640
18.960
2.426
1.121
0.728
5.716
13.017
7.407
1.118
6.571
5.006
2.956
3.728
3.622
43.815
0.714
0.000
1.208
9.050
14.759
4.698
1.955
12.830
5.316
6.288
6.142
6.547
0.793
2.160
2.050
0.367
0.941
1.337
4.841
1.675
0.014
1.706
1.289
0.469
2.348
1.009
0.336
0.110
0.000
0.599
3.941
2.482
3.536
2.317
8.260
7.100
0.034
0.000
0.034
0.154
0.000
0.292
0.000
0.014
0.000
0.000
1.672
1.164
2.779
2.839
5.713
0.735
1.748
1.085
0.814
3.454
5.057
25.660
1.559
4.159
2.012
0.223
5.613
4.264
0.443
3.941
1.324
9.996
1.899
5.383
5.689
3.347
3.806
0.336
11.261
7.127
9.225
3.124
2.565
3.933
1.411
2.747
4.522
5.545
3.395
8.659
38.322
3.004
10.337
30.930
1.224
8.343
19.729
26.465
3.882
6.302
12.787
8.583
1.940
2.483
0.069
1.245
0.024
5.042
3.747
0.076
2.260
5.603
1.004
0.906
0.666
1.442
5.481
6.482
3.366
4.822
2.709
4.542
1.576
11.608
3.050
1.301
3.268
0.062
0.450
3.684
5.833
53.878
14.512
82.538
7.217
4.841
8.858
7.412
0.858
1.638
0.038
4.786
8.796
7.951
3.571
3.701
17.571
16.466
4.451
2.005
8.710
20.078
1.507
7.134
9.601
2.582
26.772
0.192
0.460
12.816
1.861
1.019
1.509
0.870
1.414
3.256
5.263
3.564
4.686
15.266
7.182
11.832
1.816
0.409
12.103
91.188
5.915
10.592
4.511
103.522
18.938
23.442
8.796
5.603
12.782
6.532
8.659
3.557
81.422
27.895
42.675
5.646
4.673
28.922
6.372
12.514
1.320
4.831
8.312
12.875
21.715
23.863
7.340
6.266
33.460
15.477
11.623
11.927
24.609
48.477
10.873
7.663
13.146
46.335
10.550
13.990
4.966
8.889
19.693
5.198
4.693
9.960
25.478
19.284
7.517
4.175
12.178
34.645
8.655
16.425
26.069
14.969
5.320
15.038
3.248
3.886
3.347
6.166
8.847
18.653
4.333
1.720
5.423
4.195
4.892
7.165
5.054
16.558
27.770
60.044
3.660
10.629
13.944
10.480
52.302
12.016
4.875
2.326
11.429
12.487
4.738
5.297
6.185
10.942
111.219
7.900
3.650
49.099
24.898
8.175
7.505
7.059
69.473
15.460
15.807
38.356
7.855
3.780
97.898
11.546
91.629
2.489
42.587
0.000
7.768
4.750
2.870
6.135
17.623
5.222
10.097
35.036
29.924
4.257
21.132
10.518
7.579
4.511
12.222
25.081
0.199
6.087
11.937
6.437
96.003
1.439
4.456
12.506
3.241
7.804
5.049
0.491
6.137
1.547
2.307
2.925
9.194
9.029
9.699
8.978
5.297
0.850
6.963
40.764
7.172
48.144
5.879
5.606
2.850
10.375
4.405
9.194
3.770
15.834
8.906
16.984
5.455
6.509
2.055
9.033
6.628
0.240
5.023
12.765
8.453
11.258
9.455
12.171
0.841
1.761
0.000
4.934
1.174
5.716
6.286
5.249
0.748
0.086
4.590
3.912
2.221
0.965
1.294
0.512
4.199
2.592
9.625
2.702
0.470
11.185
2.276
7.876
58.882
21.743
5.953
2.197
3.461
5.157
9.138
4.031
4.820
2.115
2.403
1.245
95.207
0.103
0.714
0.989
3.531
2.105
3.080
1.306
4.782
4.470
0.965
8.302
0.984
18.927
19.793
6.049
0.058
0.436
0.728
1.136
0.270
7.371
0.179
4.958
6.798
1.061
0.100
1.974
0.422
0.000
0.000
0.000
0.000
4.192
7.560
2.736
3.351
1.473
1.061
0.762
5.606
3.057
1.178
0.580
1.988
1.439
2.340
12.173
6.623
3.152
4.667
6.226
3.507
1.729
7.684
11.410
17.120
5.461
3.567
1.923
2.160
0.791
0.261
0.089
0.014
0.003
2.311
2.252
1.404
1.768
14.076
21.022
0.065
2.153
0.711
2.575
1.396
0.240
0.000
0.633
0.071
0.000
0.000
3.368
1.954
0.122
0.508
0.810
0.082
0.076
0.000
0.407
0.062
8.003
8.871
0.513
0.000
0.240
4.587
12.919
10.379
1.028
0.112
7.593
6.017
1.437
4.046
3.117
26.367
49.481
0.299
9.562
0.288
0.003
0.000
0.000
0.476
2.735
7.507
1.672
6.611
5.617
3.447
4.731
4.415
0.362
4.518
4.626
9.025
9.316
14.866
29.773
0.203
8.326
12.651
1.057
9.211
10.516
82.020
0.858
8.871
22.972
8.502
16.761
1.572
5.503
1.560
11.876
4.151
0.333
15.989
36.469
36.581
1.723
13.393
41.079
0.735
11.036
18.141
4.594
11.707
2.106
6.995
15.650
14.021
150.278
4.544
21.652
103.283
0.270
10.102
4.501
0.966
15.683
24.827
9.397
12.224
6.791
11.098
12.097
5.471
25.730
109.596
1.059
21.647
18.570
8.956
7.239
7.155
26.374
18.130
18.579
3.419
4.622
8.986
8.518
9.477
6.724
5.905
4.007
2.770
3.062
6.484
7.896
41.925
3.502
9.048
6.644
9.474
5.521
8.140
10.308
3.595
7.427
6.772
5.210
13.573
5.473
3.756
78.854
7.876
11.218
2.558
4.377
6.492
30.403
10.047
8.326
12.301
7.757
3.785
5.534
8.641
6.959
2.226
6.164
12.293
5.002
5.222
7.661
10.149
13.254
3.938
8.470
10.601
2.350
20.699
5.334
5.370
14.704
2.609
0.661
11.821
11.831
3.519
10.919
38.473
10.298
4.103
2.618
4.400
3.268
31.297
35.036
14.096
31.747
5.977
13.859
164.618
44.805
0.851
4.035
111.068
13.654
12.560
13.601
8.684
16.469
3.025
0.000
8.017
16.334
21.718
10.142
13.836
6.650
34.982
0.137
5.846
7.893
7.028
7.541
11.795
15.715
45.137
10.497
40.685
2.681
4.510
30.458
8.374
3.734
8.810
4.255
7.490
6.274
15.462
17.573
2.255
14.672
27.287
3.607
5.825
4.878
7.475
14.382
11.790
6.303
13.458
3.251
8.324
0.841
6.444
4.810
7.872
18.011
0.450
0.041
0.000
9.513
47.550
6.120
8.655
3.632
24.247
0.189
0.496
0.834
1.794
3.876
0.711
6.279
1.699
0.007
0.244
0.752
1.353
8.820
20.601
0.254
3.399
1.332
6.284
8.013
1.138
5.341
4.940
11.662
1.512
2.280
0.245
2.018
2.722
0.421
1.475
2.515
2.138
8.765
2.688
1.401
1.384
0.170
1.294
0.038
0.000
0.000
2.225
0.000
0.000
0.000
0.003
0.003
0.972
0.230
0.000
0.007
0.834
0.216
0.000
0.089
0.031
0.168
0.000
0.000
0.000
0.000
0.000
0.000
0.642
0.089
0.014
0.045
1.231
1.198
0.000
5.274
0.014
0.021
0.017
0.038
0.024
0.000
1.542
0.003
0.639
0.249
0.000
0.000
0.000
0.000
0.000
0.021
0.007
2.311
0.000
0.000
0.000
0.000
3.240
6.851
1.524
6.041
0.534
0.481
0.000
0.742
11.930
0.000
0.000
4.285
11.165
2.503
2.293
0.007
0.201
0.007
0.031
0.045
0.189
0.261
8.490
8.363
5.033
0.000
2.575
6.369
0.096
4.944
2.312
58.373
0.494
7.680
5.054
0.309
0.000
0.014
0.179
4.027
0.034
4.844
4.882
14.059
12.885
4.530
0.000
1.068
8.381
1.435
0.378
1.789
12.487
0.000
0.000
1.263
0.014
2.736
8.113
11.041
6.211
2.798
10.276
0.965
0.446
11.627
63.508
6.722
6.372
5.277
1.421
2.956
2.530
16.991
52.154
36.382
14.969
11.934
35.283
9.750
13.692
8.724
0.848
6.647
57.496
22.333
18.715
64.236
2.070
1.926
4.710
2.963
8.154
3.801
8.027
3.804
0.285
1.329
1.820
6.944
69.578
4.824
11.340
98.606
5.655
11.556
34.449
0.206
12.600
124.451
0.505
2.609
14.849
3.581
60.696
5.962
2.887
5.126
5.644
2.760
7.395
8.132
6.983
8.470
2.925
15.855
3.843
1.600
0.776
7.093
8.933
16.668
4.721
26.559
6.211
35.778
5.079
10.976
21.804
1.548
5.812
7.627
11.961
9.888
34.298
5.634
3.114
0.673
2.468
12.308
5.548
3.931
3.917
7.690
3.830
3.413
15.268
54.118
1.919
45.847
3.984
0.712
10.454
3.231
9.429
6.238
2.664
2.146
7.160
8.689
3.519
13.033
8.971
13.415
7.043
6.901
7.962
5.356
38.758
11.031
11.621
3.804
13.012
18.464
6.441
4.649
2.132
4.700
68.349
2.101
9.996
4.686
52.123
7.141
6.677
12.064
118.561
25.190
16.713
3.754
20.823
8.942
4.643
17.188
9.639
42.855
22.150
3.435
12.591
86.478
14.257
8.885
0.685
9.586
23.969
11.904
16.059
19.263
82.781
10.113
5.031
8.990
5.591
73.643
114.802
9.865
11.962
8.017
3.674
7.002
6.009
7.848
10.189
28.249
26.264
3.284
5.915
0.062
4.147
6.084
39.784
48.334
16.067
8.322
8.279
8.110
4.981
11.143
0.522
3.085
4.381
16.519
8.116
9.098
12.739
8.159
5.023
3.665
4.221
13.497
2.091
8.023
4.252
1.863
4.522
6.817
0.738
1.979
5.273
2.390
6.163
8.632
9.714
3.832
3.754
7.398
10.078
8.169
3.761
1.226
0.360
7.584
2.317
10.190
3.746
4.683
5.425
5.692
1.191
2.395
3.028
0.395
4.645
3.880
0.798
2.839
9.210
17.609
0.336
5.414
2.204
2.235
2.788
1.993
4.503
2.668
2.997
13.499
2.065
5.205
9.979
13.053
28.331
2.029
1.651
3.612
0.175
0.275
0.426
0.237
1.179
1.066
2.889
1.734
0.857
1.921
1.962
6.142
2.776
11.022
54.154
7.285
11.913
10.756
2.142
1.638
4.458
0.922
0.132
0.374
6.219
0.215
0.611
1.049
2.506
13.259
31.294
2.084
0.000
0.336
1.936
4.086
8.130
7.399
2.517
3.183
2.674
1.837
8.484
3.828
2.503
7.993
40.728
5.270
9.641
12.040
45.446
12.713
23.030
1.950
3.574
10.444
4.247
11.800
17.697
3.498
4.369
3.478
18.093
9.871
14.001
0.728
0.882
0.000
0.457
3.224
0.889
0.542
0.185
0.000
0.017
0.000
0.000
0.000
2.777
4.728
0.072
1.281
1.456
3.406
3.773
10.842
8.161
26.783
5.476
1.857
0.467
0.103
1.057
2.757
1.954
0.144
6.866
35.506
0.065
5.622
0.714
2.499
10.925
1.576
2.122
4.178
3.165
15.453
2.493
6.248
2.887
14.965
4.412
15.611
0.958
0.292
5.222
31.110
4.321
4.762
10.657
21.340
10.815
4.916
9.917
42.186
15.079
0.391
8.810
6.949
5.346
0.493
10.607
27.328
8.870
12.212
24.743
7.369
196.343
4.336
10.555
2.781
1.605
12.321
7.632
41.331
17.525
6.751
6.358
12.806
17.921
2.163
4.958
9.225
9.531
17.231
20.115
5.833
13.685
29.625
13.396
19.841
12.133
12.562
10.650
7.728
4.607
97.236
5.205
14.948
45.267
33.158
34.713
23.119
0.268
0.566
7.397
47.564
3.567
2.980
3.056
1.054
7.361
8.853
8.298
9.871
44.934
5.572
25.993
5.459
2.937
9.448
90.241
7.924
200.573
6.631
19.693
20.201
8.396
11.457
10.571
8.696
21.465
4.305
2.851
3.706
12.337
20.132
38.449
49.054
11.747
7.588
34.908
62.910
7.699
35.906
9.340
11.546
12.582
35.951
18.909
11.546
5.646
5.004
4.934
13.514
63.132
1.909
7.565
48.827
38.246
1.348
27.734
15.503
139.753
2.386
10.803
13.862
0.537
8.670
10.485
0.203
2.792
10.647
10.617
29.979
11.984
41.652
5.718
69.150
40.100
5.696
55.622
3.904
40.299
0.488
14.037
26.405
209.901
75.593
29.392
2.335
5.085
7.908
4.242
5.972
11.034
8.093
17.267
36.435
11.647
13.949
6.884
7.187
6.113
5.154
6.990
1.315
84.830
1.897
5.584
16.786
2.336
5.851
1.444
8.173
9.829
12.902
4.499
1.295
4.772
4.679
7.932
7.634
102.336
11.392
2.049
4.444
27.261
103.277
2.707
0.017
0.728
0.280
0.554
0.683
2.295
12.548
13.287
1.672
0.120
10.183
9.318
1.356
2.166
1.531
0.010
4.611
1.735
8.612
62.803
2.879
7.242
8.339
11.498
0.395
6.522
3.356
2.868
4.630
12.540
2.058
3.897
10.188
7.919
8.596
0.975
0.585
1.440
0.082
0.410
0.554
0.747
0.756
1.269
0.647
4.544
2.688
5.279
0.604
3.093
1.636
2.563
2.386
3.432
1.902
0.024
0.103
3.267
1.971
0.565
0.003
0.000
0.003
0.415
0.546
0.206
1.984
0.007
0.189
0.000
0.007
0.007
0.014
0.000
0.000
0.000
0.000
0.000
0.000
0.000
0.007
0.271
2.402
0.179
0.010
0.233
3.088
3.682
5.280
3.694
0.007
0.000
0.779
0.446
0.917
2.499
0.825
0.072
0.007
0.612
4.048
2.284
4.070
11.388
10.668
7.769
3.691
2.965
0.060
0.000
0.000
0.694
0.486
0.034
0.000
1.893
0.067
0.154
0.000
0.000
0.000
1.418
6.743
1.964
87.441
5.706
13.589
0.093
0.000
8.374
9.373
2.259
5.527
1.639
0.748
2.245
0.010
0.048
0.053
0.621
0.000
0.415
0.865
0.003
0.436
2.760
7.529
16.114
0.985
4.930
11.028
8.494
5.497
2.702
0.000
2.420
10.087
9.594
12.651
31.047
0.618
8.621
6.279
2.460
17.075
12.607
0.824
2.098
5.667
2.465
2.596
3.028
0.000
6.369
5.823
6.115
11.749
7.763
5.600
2.269
0.027
0.000
0.906
4.724
6.482
4.595
23.808
5.453
3.549
13.584
7.417
5.739
38.881
2.474
9.065
4.621
9.802
7.387
116.845
14.009
3.221
4.753
0.182
3.275
5.630
8.811
8.453
6.376
9.343
7.529
4.671
8.468
12.094
8.973
3.430
2.288
17.048
9.711
10.660
9.701
36.399
13.473
11.927
4.997
3.699
5.478
3.057
15.777
2.244
8.877
6.163
2.620
10.367
6.551
2.511
4.781
7.790
7.826
0.735
4.236
8.933
6.262
2.558
2.317
5.483
2.249
1.849
5.886
26.935
11.700
20.960
3.323
5.740
12.329
9.455
13.518
17.520
7.478
2.606
10.846
6.719
0.654
16.751
10.657
48.697
3.165
14.426
17.149
35.951
9.472
11.838
9.156
8.461
25.193
2.352
11.874
18.323
22.982
5.309
48.057
3.528
65.454
34.672
4.333
5.138
11.426
9.512
13.977
10.171
15.903
69.870
4.132
2.510
26.639
5.926
26.565
61.259
11.733
48.216
5.606
9.610
30.407
28.738
18.969
5.112
4.352
5.253
5.974
16.634
23.727
16.328
0.927
5.843
9.069
9.986
67.607
10.433
3.036
13.573
64.794
0.128
4.942
9.350
21.490
8.981
0.679
13.992
4.400
7.687
38.596
1.554
8.041
35.004
3.540
19.983
5.586
0.482
10.212
14.322
26.075
9.386
2.225
2.009
0.074
2.723
9.996
12.212
8.137
5.510
119.861
6.341
93.149
8.585
33.843
4.755
1.047
3.344
10.265
9.828
8.582
0.663
3.926
33.668
10.034
121.543
1.092
0.051
0.000
0.010
0.101
0.786
3.224
4.645
5.284
6.976
18.526
8.403
34.044
4.086
2.939
5.095
4.589
0.699
4.314
2.256
7.122
7.237
24.966
6.647
10.006
4.420
2.044
2.431
4.182
6.161
11.560
7.419
9.623
3.021
0.062
2.795
36.950
1.483
3.723
7.788
3.959
2.153
5.296
4.858
0.347
0.021
0.124
0.051
0.007
0.000
0.000
0.000
0.000
0.137
1.325
0.014
0.014
3.042
28.381
2.153
0.103
0.000
2.355
2.290
4.487
6.379
68.005
0.086
4.419
1.124
0.532
0.003
0.635
0.000
0.299
2.365
0.896
0.003
0.003
0.027
0.000
0.000
0.000
0.000
2.891
2.101
0.096
0.000
0.385
0.127
0.093
0.014
2.149
0.048
0.000
10.578
6.894
0.247
1.301
1.404
0.000
1.085
5.325
4.903
12.696
2.826
4.072
2.225
2.225
3.718
7.000
0.271
1.226
1.377
0.237
4.425
8.003
0.326
0.110
0.000
0.000
2.661
0.124
0.000
11.258
26.340
3.121
2.206
1.090
0.000
0.000
1.456
0.000
0.000
6.833
0.113
0.000
0.091
3.988
6.001
12.657
50.034
7.991
0.239
0.000
0.000
0.000
0.050
0.017
0.014
1.877
36.938
3.739
11.793
0.563
10.791
14.564
5.909
3.413
2.822
6.599
6.794
13.445
8.291
2.242
17.073
9.222
1.871
4.988
9.136
7.938
0.096
0.257
1.263
4.930
31.726
11.213
9.496
12.610
14.148
3.852
19.260
9.074
84.832
1.466
9.572
14.941
4.017
4.923
0.093
0.000
0.391
13.036
0.769
2.108
0.021
0.031
7.412
46.057
17.374
122.082
31.359
21.066
11.283
5.771
19.805
8.223
39.654
34.320
13.063
2.570
-99.000
0.302
4.405
9.016
6.496
28.053
3.488
4.961
20.328
1.802
8.501
6.793
85.937
6.454
3.050
2.422
13.249
19.810
24.372
19.152
4.958
11.620
6.132
3.564
5.782
6.667
3.262
2.798
15.266
4.743
16.534
18.040
8.497
5.387
1.796
13.997
33.869
8.985
2.374
3.763
0.409
7.896
8.521
12.363
1.452
7.028
8.343
15.137
7.213
0.846
17.734
9.723
3.948
2.534
0.168
3.155
6.582
3.411
3.148
5.315
9.179
6.525
7.690
7.340
14.646
2.170
23.768
4.630
8.418
10.727
1.128
12.658
16.170
7.502
1.648
19.830
95.169
4.183
8.164
5.514
43.640
4.189
13.994
1.487
9.095
17.269
2.786
68.895
17.384
12.770
16.579
27.747
13.671
15.769
17.266
11.266
0.000
8.852
2.635
7.541
17.931
15.697
6.674
6.006
16.696
4.329
1.919
9.769
8.574
5.502
11.379
13.656
5.320
8.569
103.788
5.771
65.136
1.052
19.760
46.457
2.051
13.230
4.976
85.714
5.117
8.047
8.302
8.308
15.388
14.378
4.072
0.821
10.811
3.100
5.586
2.156
3.893
3.457
7.824
2.726
0.570
12.559
8.902
3.639
2.908
26.067
28.410
4.051
2.777
70.446
3.541
9.726
3.155
5.740
10.198
5.328
9.380
9.259
0.838
0.096
4.836
7.134
13.484
26.688
2.237
0.482
3.154
5.574
39.609
6.079
2.431
7.500
8.521
6.838
7.452
17.997
0.168
4.824
0.094
0.000
0.014
0.058
1.351
0.949
0.134
1.401
0.096
0.865
5.079
12.205
3.869
3.706
6.125
11.882
6.022
2.421
4.643
1.066
23.864
0.041
0.000
0.000
0.000
0.633
0.010
0.076
4.669
4.905
-99.000
-99.000
-99.000
-99.000
-99.000
-99.000
-99.000
-99.000
4.999
0.453
0.000
0.000
1.138
0.343
0.007
0.000
0.000
0.872
0.367
3.969
1.847
0.079
0.000
0.216
0.038
3.447
4.068
12.102
4.861
2.067
7.505
0.244
1.205
0.838
0.003
0.000
0.000
0.000
0.158
0.000
0.000
0.089
0.027
3.814
3.538
8.715
1.636
0.512
2.571
0.818
6.897
2.655
1.257
4.380
19.603
4.213
3.578
0.097
3.691
1.857
0.014
0.000
0.206
0.000
0.082
0.637
0.430
0.000
1.938
8.252
0.051
3.788
0.000
2.225
1.315
0.786
2.184
4.714
0.021
0.321
0.003
0.156
0.000
2.853
5.979
7.314
11.496
3.316
15.772
56.751
0.481
10.892
1.921
18.658
0.036
2.534
2.283
18.641
0.657
0.000
2.753
5.800
68.354
9.740
51.519
5.416
23.339
5.756
4.599
4.486
0.751
3.892
5.641
7.680
2.441
2.197
2.513
12.087
8.051
18.818
4.381
34.243
2.299
9.119
8.034
4.443
13.251
5.950
1.435
5.922
4.178
1.150
5.747
4.458
12.809
0.467
14.265
145.294
4.518
106.320
9.634
19.387
15.168
4.401
10.468
9.582
13.445
5.527
86.397
9.874
1.706
5.304
1.346
0.508
0.055
9.380
4.213
4.237
1.627
15.494
14.275
15.944
63.470
3.286
2.589
3.917
1.919
5.503
11.879
6.743
10.950
6.628
6.667
11.781
10.665
15.141
5.503
14.107
1.851
5.153
5.629
7.440
10.047
6.643
6.197
1.909
9.920
8.648
8.689
6.521
23.355
11.012
6.391
5.697
5.814
13.192
4.600
6.582
37.311
6.685
8.564
63.935
12.085
7.059
9.028
27.116
14.064
4.676
10.942
21.494
8.370
15.326
12.066
49.905
14.723
18.957
3.516
9.970
36.004
5.397
97.669
11.093
31.503
7.442
9.546
6.154
15.661
46.354
2.482
4.504
3.662
65.698
15.043
11.153
3.521
4.551
4.535
9.381
20.625
13.907
13.766
8.758
5.706
11.194
3.771
12.849
7.345
8.231
3.679
15.618
81.436
18.620
12.440
109.434
10.810
27.756
7.306
6.633
5.290
13.810
138.817
1.674
9.060
5.097
8.727
2.179
13.564
5.319
12.129
7.673
6.619
9.579
3.778
2.765
24.793
2.973
18.943
42.048
9.679
5.617
4.772
12.255
38.499
6.448
11.834
3.833
5.950
47.466
2.273
15.772
0.132
0.072
0.970
7.546
0.778
13.383
12.430
91.411
1.011
3.809
1.583
6.150
14.259
11.750
1.773
24.865
3.522
23.492
36.808
20.575
0.436
0.556
9.962
2.784
1.195
11.597
4.700
3.373
6.705
12.833
31.647
15.027
7.440
10.911
6.836
4.041
7.869
7.179
2.898
10.109
0.534
6.454
4.609
3.888
5.514
2.494
5.157
4.858
2.022
1.236
4.010
6.001
1.246
7.009
1.287
1.363
1.219
1.246
1.085
1.576
2.175
2.311
2.146
0.484
3.186
8.684
2.760
0.055
0.062
0.227
2.520
7.000
2.585
0.889
0.031
0.000
0.000
0.000
0.000
0.697
0.642
0.003
5.625
3.823
1.690
2.226
0.385
0.119
0.493
1.336
0.096
0.000
0.160
3.466
0.000
0.000
0.000
0.000
0.000
0.303
0.048
0.003
0.000
0.003
0.007
0.027
0.014
0.000
0.000
0.000
0.000
0.129
0.376
0.000
0.220
1.423
2.160
4.147
2.577
0.113
0.000
4.594
6.691
40.292
0.592
2.621
0.120
0.730
3.444
4.440
6.772
0.973
0.065
0.088
3.442
0.539
2.243
0.014
7.345
0.000
0.003
0.000
0.000
0.017
0.000
0.000
0.045
0.007
0.000
0.000
0.000
9.091
3.735
0.106
0.000
0.021
9.047
0.038
0.666
6.084
0.965
0.584
0.209
1.003
4.831
5.011
0.584
0.000
0.000
0.021
0.003
0.167
1.356
0.412
0.000
0.003
13.477
13.822
9.756
0.809
3.368
3.006
0.347
5.922
2.290
6.932
7.884
4.817
0.687
1.814
6.089
10.317
10.645
3.510
6.216
8.284
6.599
4.522
2.405
6.072
4.722
8.920
12.075
9.857
8.171
5.287
0.721
7.764
11.488
0.946
5.950
0.326
7.713
92.083
64.788
2.530
7.244
4.151
4.400
8.734
8.171
10.839
4.702
13.815
2.238
5.418
12.590
4.863
27.078
91.774
4.395
2.602
4.635
9.390
7.944
13.755
40.067
8.578
6.775
4.312
12.991
11.086
13.247
10.446
15.151
17.868
7.649
11.463
27.069
4.897
14.275
15.903
0.348
1.378
4.477
4.123
10.289
4.582
8.456
1.042
2.396
1.074
14.296
57.488
0.443
11.594
5.394
5.874
0.000
0.395
2.427
12.926
6.726
22.881
2.839
1.909
8.150
4.827
5.057
1.607
6.482
18.381
14.643
11.556
4.333
10.413
1.820
5.704
38.953
3.519
11.891
3.466
5.170
10.502
12.308
35.699
6.235
3.710
5.366
113.185
5.915
12.181
8.295
8.138
12.183
4.724
1.198
3.304
4.712
12.772
21.435
4.892
1.517
3.141
7.939
12.059
2.865
7.416
3.831
17.329
3.425
0.668
2.726
9.598
17.391
2.299
4.331
1.504
12.215
46.393
4.302
11.192
3.337
6.046
19.549
14.141
4.848
4.340
2.832
0.783
4.575
10.787
23.315
8.120
14.883
27.631
35.333
9.005
11.900
9.060
19.964
2.661
54.283
8.580
2.523
15.190
63.171
0.546
9.484
15.192
15.491
33.283
8.350
10.861
11.728
1.457
5.430
8.748
2.645
13.642
7.119
15.138
2.194
0.952
4.477
2.390
0.597
1.251
15.271
0.645
9.896
4.633
4.496
9.476
14.047
9.580
4.355
4.346
20.386
2.208
90.672
2.310
2.819
7.048
15.841
5.901
2.201
8.743
82.200
4.484
13.209
1.318
0.792
4.226
57.725
5.940
4.976
1.663
7.490
0.021
3.979
0.197
0.148
4.381
5.900
3.775
8.880
4.001
9.069
3.670
25.957
0.824
1.696
0.232
3.833
3.615
0.667
0.010
0.930
1.105
3.244
2.728
4.671
4.227
2.242
0.000
0.000
0.545
0.048
0.645
2.275
5.643
2.137
2.259
0.834
8.501
2.205
4.138
4.651
4.264
4.079
7.569
3.814
2.170
5.957
4.647
0.271
0.141
0.000
2.074
3.006
8.047
3.898
2.542
3.032
0.405
2.795
1.504
2.177
0.659
0.158
2.249
2.611
2.644
0.512
0.000
2.288
0.000
0.062
0.000
0.185
0.000
0.439
1.584
0.058
0.810
2.503
5.030
0.089
0.000
0.000
0.000
0.000
0.000
0.014
0.000
0.000
0.000
0.000
3.083
4.927
33.505
3.646
0.278
0.199
4.518
35.192
3.581
2.760
4.171
6.930
6.413
4.415
5.589
3.794
0.148
0.000
0.185
0.103
0.048
0.213
0.000
8.933
6.084
5.991
8.384
0.292
0.038
1.723
3.979
0.371
2.173
3.141
3.667
2.757
6.939
0.460
3.112
0.209
0.038
0.000
0.045
4.034
0.058
8.755
13.051
84.420
8.995
2.170
32.365
0.045
1.569
7.179
0.082
0.954
3.639
0.103
1.542
2.129
0.055
2.256
0.982
6.660
10.849
0.869
4.855
3.639
6.149
12.830
2.420
9.421
7.975
2.374
2.985
0.096
9.714
69.652
0.003
5.066
1.543
6.491
24.388
43.847
3.728
7.912
6.480
6.077
4.139
8.531
4.475
2.784
12.873
11.034
37.972
1.758
0.225
4.259
4.570
9.012
2.522
20.132
9.109
7.666
24.718
13.051
6.602
15.189
92.840
5.685
57.845
7.093
46.809
34.459
11.350
15.405
4.589
8.979
3.480
10.730
23.314
3.327
35.656
53.860
25.238
14.195
3.660
3.643
20.220
10.622
2.304
6.783
7.160
7.470
20.488
3.346
10.991
6.786
2.329
6.166
19.664
0.326
6.295
11.743
18.306
3.964
2.498
1.636
7.795
12.634
4.147
22.661
9.611
97.224
12.660
4.884
8.057
14.675
4.990
6.760
7.948
5.090
26.281
6.890
6.240
7.845
4.930
8.398
0.505
2.606
14.440
3.983
21.262
0.855
1.600
8.150
2.544
0.280
3.969
4.734
9.263
3.444
8.518
6.183
1.802
1.233
8.549
23.367
138.043
9.572
53.606
3.172
1.813
7.615
14.214
17.494
3.650
15.688
13.299
4.276
4.209
2.369
20.469
3.490
18.011
12.580
14.897
6.184
11.923
9.091
18.352
13.335
3.483
5.792
1.892
0.376
7.218
21.679
25.469
3.722
0.000
2.041
4.664
6.770
15.048
83.678
2.918
0.374
3.591
3.347
12.875
21.042
0.838
41.817
32.118
1.088
2.256
1.219
2.273
17.079
3.128
2.149
10.430
110.320
6.451
7.529
4.721
10.562
2.414
1.384
6.434
1.057
0.786
10.447
140.285
18.970
10.396
4.252
1.384
0.633
2.520
42.318
25.578
0.007
0.000
0.810
4.135
7.860
3.181
0.707
6.268
2.711
4.649
10.046
0.120
4.733
9.733
21.180
12.485
14.735
8.602
2.803
3.302
1.063
6.254
6.959
22.697
33.544
0.948
0.007
3.177
7.188
6.032
2.541
3.649
0.338
1.420
0.053
0.000
1.449
1.449
0.423
0.000
2.182
0.855
0.007
0.000
0.609
2.999
1.746
0.175
0.038
0.518
0.247
0.599
1.547
2.599
4.110
4.192
3.500
5.281
2.738
1.301
1.291
3.512
0.031
3.794
1.222
2.690
3.174
3.233
0.106
2.067
2.846
4.243
5.337
3.239
0.429
2.447
0.994
1.897
4.740
2.613
3.171
0.288
0.058
0.417
9.491
4.226
3.703
1.654
0.637
0.072
0.000
1.093
0.736
0.465
1.326
2.460
0.367
0.240
0.007
0.000
0.000
4.202
0.407
2.434
5.730
7.181
3.822
4.396
0.597
0.007
0.000
0.000
1.761
0.855
0.154
0.000
0.014
0.604
0.426
0.371
4.171
3.914
6.695
6.087
47.437
3.934
3.735
12.531
10.846
10.361
1.375
0.117
2.027
0.577
6.073
4.436
12.418
2.132
0.027
0.045
0.591
0.048
0.031
2.043
2.451
0.041
1.741
35.290
30.041
10.034
9.112
12.809
14.832
20.939
1.607
20.273
15.958
27.761
0.632
3.890
16.984
26.158
7.927
2.335
5.823
5.497
0.718
7.745
0.017
17.523
68.840
6.372
2.427
8.665
4.357
12.003
11.893
5.129
5.988
40.567
9.029
12.298
128.533
0.000
3.224
26.384
2.541
4.930
22.941
8.559
16.888
5.438
4.717
6.932
5.740
6.465
5.078
126.909
7.725
10.058
132.586
4.923
8.817
83.403
4.643
34.585
1.322
4.568
0.187
0.512
24.469
134.159
103.381
21.475
11.846
8.976
3.411
16.217
38.893
4.122
4.803
11.186
12.622
22.022
18.141
6.842
7.637
13.245
6.724
8.072
16.783
14.818
12.511
6.429
17.164
5.307
16.636
8.477
8.029
4.645
123.504
13.005
124.272
4.578
27.011
8.818
2.469
8.770
6.139
54.587
3.136
7.951
9.218
9.027
17.063
38.765
6.686
21.635
29.650
4.118
3.189
2.396
29.565
1.770
7.763
25.255
14.729
4.772
14.653
3.574
9.342
15.173
15.463
13.784
5.569
6.722
16.552
57.524
32.399
8.652
6.743
7.797
16.050
8.976
7.989
4.243
17.921
6.612
6.604
12.724
1.851
50.740
20.908
8.339
14.691
47.401
11.459
44.798
1.473
12.324
17.286
0.920
13.242
16.728
3.375
14.662
55.914
4.019
0.968
6.103
2.328
3.374
9.160
3.550
106.346
8.353
23.660
5.610
6.784
6.624
51.159
21.950
4.451
4.865
14.193
5.397
6.053
2.681
5.222
13.481
2.997
15.779
10.224
10.925
10.688
0.000
6.145
7.153
27.662
36.766
0.357
5.347
8.405
4.494
6.403
9.071
106.348
1.737
10.581
4.443
4.649
8.250
2.870
0.649
4.388
20.517
4.779
5.398
3.308
2.463
0.299
9.199
25.262
7.821
17.769
2.529
7.542
75.109
8.138
9.143
30.695
3.617
13.419
26.331
3.135
9.848
4.947
9.661
1.011
2.427
6.273
2.846
3.448
5.538
6.561
3.063
2.795
1.198
6.492
1.854
0.522
0.807
0.000
3.286
1.792
0.865
0.189
0.580
1.390
1.490
0.752
2.609
3.509
1.373
0.244
0.433
0.003
0.007
0.000
0.000
0.000
0.000
0.000
0.000
1.528
0.397
4.010
7.594
0.010
1.737
7.567
0.284
0.831
7.591
1.935
1.646
1.427
0.537
0.098
0.003
0.172
0.000
0.589
0.000
0.288
0.809
0.120
0.000
0.000
0.000
0.000
0.000
0.000
0.000
0.000
0.000
0.000
0.000
0.038
1.105
0.000
0.000
0.000
0.000
0.000
0.000
0.120
0.268
2.489
1.246
4.116
13.390
3.025
0.494
0.402
0.000
0.000
0.024
0.000
0.000
0.000
0.000
0.000
1.586
4.000
6.968
7.220
6.999
8.786
2.323
0.000
0.951
0.175
0.858
1.578
1.061
0.051
4.631
3.304
33.471
4.631
2.113
0.215
0.081
0.010
0.102
0.014
0.000
1.008
0.197
0.021
2.762
0.824
3.318
2.154
0.362
0.113
0.000
0.000
0.000
0.000
3.756
5.503
1.353
3.735
17.097
2.784
0.900
2.307
16.651
14.869
9.143
1.236
11.352
8.641
3.739
11.687
53.438
14.955
48.233
0.810
2.808
18.986
1.960
8.247
6.393
7.007
4.570
1.591
9.871
4.195
10.945
24.170
61.572
7.903
19.775
40.718
0.120
14.526
73.646
0.096
2.510
1.579
5.905
45.119
14.243
3.876
2.177
1.360
1.535
6.056
1.548
6.441
3.770
6.321
9.661
11.673
15.347
26.336
8.260
8.120
11.100
7.285
56.507
10.464
3.183
6.393
6.063
20.620
21.619
5.308
4.679
9.476
56.892
117.034
6.120
15.779
77.651
18.268
27.682
6.870
27.919
15.875
81.204
38.253
25.049
42.878
21.561
24.779
3.179
8.556
9.577
67.995
6.681
12.447
4.307
0.309
5.668
7.534
16.564
5.555
6.618
7.175
6.108
17.728
1.743
3.928
3.710
13.075
6.418
6.779
14.825
12.495
9.054
3.397
4.589
20.948
25.500
61.731
8.684
2.716
9.044
4.616
4.460
6.808
18.081
137.029
39.577
7.038
29.030
4.479
5.278
0.244
0.031
8.195
15.492
1.178
4.283
19.542
26.476
11.939
1.605
10.337
6.188
10.276
6.477
5.950
16.258
4.729
0.257
1.796
3.047
9.670
14.131
11.134
13.050
18.673
17.504
12.325
9.848
7.090
4.501
9.489
6.327
8.808
107.951
3.334
1.641
9.229
114.193
33.228
11.134
8.212
0.529
7.738
38.346
11.694
5.521
8.267
1.881
8.765
18.079
35.675
11.312
20.400
38.619
9.404
3.632
32.255
9.383
75.977
0.920
3.739
21.557
0.388
3.653
17.626
5.275
0.977
1.560
0.034
4.295
10.343
8.302
6.927
12.044
7.189
2.077
0.659
17.188
7.611
4.503
60.226
17.266
33.371
4.305
3.917
0.772
0.869
1.620
5.603
2.568
2.929
3.038
1.754
4.372
5.564
3.866
3.811
3.753
5.804
48.978
0.000
4.776
5.723
6.417
85.759
1.792
3.660
4.952
20.917
7.423
19.539
11.664
6.722
8.328
4.096
0.000
0.000
4.884
1.809
6.079
4.590
0.041
0.307
0.007
0.000
0.551
0.476
1.669
2.300
0.034
0.000
0.212
0.000
0.000
0.000
0.003
1.954
2.105
1.503
0.615
0.000
0.000
0.519
0.247
0.769
1.022
1.906
0.100
0.842
0.000
0.000
0.000
0.000
1.138
0.781
0.000
0.007
0.000
0.000
0.039
1.615
0.652
0.151
0.000
0.245
0.000
0.000
0.000
0.000
3.624
0.582
0.247
0.000
0.000
0.062
0.082
2.832
0.000
2.208
51.232
5.373
0.735
0.776
0.364
0.010
0.000
0.000
0.000
0.000
0.000
0.000
0.000
0.000
0.721
0.800
0.000
0.021
0.158
0.034
0.031
0.003
0.039
1.662
1.838
0.216
1.638
0.093
1.212
0.254
0.103
0.046
6.020
6.339
9.860
0.048
0.743
0.007
0.000
0.003
0.007
0.007
0.000
0.000
0.000
0.000
0.000
0.000
0.000
0.213
3.401
10.294
0.000
2.496
0.000
0.223
0.000
0.000
0.000
0.010
0.000
8.573
88.800
0.038
7.963
1.195
5.909
8.240
8.490
5.009
3.341
4.199
1.480
1.617
4.587
18.601
30.302
1.978
6.846
6.733
0.467
10.612
21.823
0.574
4.004
107.913
0.182
20.227
19.703
22.941
0.129
7.725
5.773
75.600
3.142
2.606
0.707
14.153
28.532
14.050
11.898
5.045
30.345
13.997
5.320
16.498
17.806
14.492
25.243
33.503
0.213
0.000
3.277
4.609
7.417
81.495
4.304
13.472
14.540
10.159
1.935
8.536
25.263
20.848
15.336
12.317
4.563
4.329
6.492
3.312
15.058
4.354
7.623
19.034
6.372
2.559
13.481
9.893
3.969
45.636
3.179
12.445
16.922
11.721
8.078
20.761
10.337
3.516
16.926
9.500
9.421
6.489
1.099
3.989
8.356
14.457
2.561
13.326
17.636
4.753
1.208
6.194
8.714
2.779
3.907
1.027
2.582
7.611
6.369
5.507
23.794
6.067
15.789
50.743
1.632
0.721
5.294
6.793
10.540
11.838
15.187
6.642
58.169
11.412
7.597
5.852
67.937
54.606
0.561
7.249
14.684
1.795
9.419
14.993
3.208
7.170
0.841
0.285
6.635
10.489
11.682
10.342
26.937
16.912
169.876
12.294
5.737
6.436
10.071
11.330
7.376
7.709
12.512
17.693
1.988
5.282
11.433
12.930
19.918
11.795
19.542
5.260
5.813
32.237
3.667
7.756
8.700
8.018
11.762
9.199
4.130
9.047
163.564
0.213
2.883
3.712
9.361
12.456
19.872
21.264
1.845
8.808
14.009
4.944
10.363
1.707
0.135
1.109
1.669
3.032
25.972
97.751
4.782
7.855
12.987
31.179
101.428
0.992
5.295
4.290
11.496
12.282
38.277
7.449
1.816
3.793
8.346
3.069
7.769
7.316
3.886
2.211
1.593
8.212
6.805
4.865
4.861
5.953
3.416
7.824
5.764
4.401
5.905
1.298
0.975
1.531
3.648
3.121
1.004
3.375
14.426
1.384
6.077
10.052
0.563
0.800
6.860
2.046
3.128
2.596
3.591
2.146
2.805
5.059
6.410
7.795
4.820
0.093
1.286
1.421
1.360
1.837
3.560
0.177
0.000
0.000
0.000
0.000
0.000
1.538
0.405
1.960
2.647
0.110
0.498
0.000
0.014
2.293
0.318
1.143
2.836
21.978
5.613
5.270
5.478
1.095
2.716
5.018
1.763
1.789
4.525
0.110
1.263
3.646
1.579
5.500
3.378
0.027
2.053
0.560
6.554
1.275
3.135
3.159
0.992
0.041
0.041
0.079
0.000
0.000
0.000
0.697
0.077
0.000
0.080
1.313
1.833
3.699
2.517
0.427
1.420
0.000
0.000
0.000
0.000
0.000
0.000
0.000
0.000
0.000
0.000
0.000
1.081
2.971
2.113
4.230
2.880
0.000
0.000
0.000
1.703
5.289
1.109
1.868
11.129
8.513
1.322
0.540
1.924
7.865
3.444
7.124
9.653
2.021
7.203
6.302
0.079
7.177
28.264
1.538
3.132
0.000
9.986
1.257
2.886
2.517
5.220
3.930
6.394
4.528
6.738
7.816
7.718
1.624
10.482
0.524
9.256
0.342
0.990
3.214
6.276
5.730
11.007
7.430
4.523
1.786
0.112
4.453
2.987
10.403
22.826
7.385
6.128
5.948
1.705
6.389
9.244
6.626
5.675
109.795
7.121
10.616
3.711
5.402
7.821
5.758
20.448
23.167
9.524
2.249
1.996
3.550
17.503
49.717
5.380
14.268
14.660
0.409
0.000
5.407
12.439
18.721
66.742
1.452
7.375
12.083
0.000
3.589
1.829
4.247
5.962
7.869
6.338
2.843
3.373
10.274
7.522
3.260
6.427
3.241
2.297
3.862
9.414
52.027
0.937
7.598
3.114
15.387
33.781
11.694
4.538
4.437
15.942
13.304
9.062
4.609
16.191
27.876
32.085
5.116
0.007
7.835
121.480
24.913
3.214
9.651
11.911
38.789
13.863
11.094
8.171
12.917
22.634
12.346
1.519
1.378
5.718
5.888
4.699
21.293
9.656
1.986
6.293
5.764
22.824
10.166
15.642
45.899
10.406
3.601
6.046
9.731
12.658
4.896
0.699
5.927
21.102
78.518
4.504
37.039
3.548
8.923
5.062
10.726
23.641
9.774
124.379
4.413
4.259
4.288
14.795
20.218
46.549
0.608
8.669
38.694
3.375
5.133
1.562
71.772
0.640
2.496
19.923
5.267
18.690
8.681
6.396
28.588
14.787
23.909
3.200
7.443
4.690
19.466
5.785
7.975
77.835
0.953
9.280
11.501
20.452
24.132
12.497
2.455
5.301
18.780
5.028
25.080
2.468
0.632
10.777
13.098
3.598
4.769
10.150
6.345
10.118
5.088
3.176
2.187
16.435
5.799
21.461
2.268
9.668
70.165
7.955
3.601
3.833
4.391
2.553
5.768
58.131
8.782
7.728
1.854
8.099
14.471
16.723
47.234
2.554
6.856
4.642
8.209
28.698
113.787
5.049
15.014
70.556
9.112
12.689
4.055
6.152
5.679
4.300
30.120
0.494
3.361
15.889
7.520
5.665
2.002
4.037
3.650
1.998
7.629
1.196
2.489
7.464
1.174
0.254
0.076
0.000
2.747
0.283
3.473
2.145
0.695
0.580
0.093
1.227
3.720
14.832
6.478
3.104
17.315
8.732
0.173
1.049
0.000
0.038
0.175
1.691
0.803
0.797
1.281
0.105
0.000
0.000
0.086
0.306
0.000
0.000
0.000
1.442
2.719
1.112
0.076
1.200
1.435
2.026
0.357
0.045
0.000
0.000
4.233
0.954
2.582
1.730
4.855
1.349
0.000
0.000
0.000
0.000
0.000
0.000
0.000
0.000
0.003
2.414
0.525
0.058
0.017
0.000
0.584
0.055
4.113
3.533
0.148
0.021
3.948
0.117
0.003
3.701
0.443
2.355
2.245
0.000
0.484
3.159
1.282
0.930
0.000
0.130
1.428
0.374
2.022
4.360
3.104
0.810
10.991
8.047
10.945
0.082
0.045
0.000
0.000
0.000
0.031
1.507
2.122
2.232
0.721
0.103
0.209
1.617
0.841
2.657
93.576
10.756
0.230
1.303
6.015
1.085
1.384
2.259
27.840
1.188
3.416
1.178
6.750
0.850
18.174
4.522
7.769
3.239
1.837
6.563
11.793
10.325
3.639
3.727
0.318
0.571
3.117
0.582
2.319
7.088
14.191
4.585
3.435
9.249
6.357
5.260
11.896
10.779
1.408
13.331
18.014
15.978
4.679
3.914
4.310
6.729
1.545
5.518
8.453
15.001
4.434
7.277
21.062
2.439
32.302
0.000
2.723
26.838
0.695
109.841
1.718
3.801
2.505
0.038
1.178
9.754
6.861
6.306
3.208
30.971
6.971
11.601
0.369
7.340
13.283
23.947
3.183
52.724
0.395
0.103
9.816
11.302
7.368
4.274
8.635
2.300
5.200
2.218
23.421
3.771
2.082
5.795
19.921
24.795
38.832
6.437
6.412
17.616
5.531
30.679
7.230
18.150
20.053
1.586
6.089
12.392
3.536
12.943
16.311
68.867
0.486
8.391
5.450
11.827
0.074
1.603
7.735
4.132
1.351
10.034
8.686
12.404
19.270
13.717
8.002
35.405
97.757
9.016
18.333
18.747
19.600
3.124
7.187
16.059
31.079
11.679
9.004
7.260
6.707
8.672
23.020
2.539
5.649
15.468
15.985
5.478
1.511
4.084
13.146
10.578
44.119
6.145
5.454
1.801
2.426
8.585
14.519
4.482
6.322
5.668
13.107
3.405
11.639
3.574
14.247
8.308
100.298
28.190
19.849
6.897
12.732
14.543
12.809
6.669
2.381
26.895
7.095
7.632
10.054
4.137
11.822
9.644
6.775
2.781
7.162
3.411
1.282
2.834
12.488
18.088
7.963
10.607
4.863
15.534
56.090
7.115
7.866
7.867
18.716
9.496
11.578
3.335
5.900
1.753
12.671
6.015
9.924
9.733
0.728
9.311
63.808
2.265
11.003
16.383
2.069
0.759
5.416
0.766
2.678
46.591
0.237
8.039
5.747
4.946
13.751
9.071
13.323
5.583
6.182
89.427
4.465
78.288
4.050
3.847
2.039
5.755
0.470
4.496
5.421
8.767
4.954
7.131
3.616
3.856
5.951
7.377
5.317
0.216
7.528
4.951
5.569
0.948
1.342
2.007
9.826
6.832
1.687
4.182
3.476
0.635
4.532
2.249
0.918
1.699
6.297
11.222
3.316
4.031
5.443
2.444
1.193
0.003
0.000
0.007
0.027
0.058
1.947
2.585
0.690
0.000
0.254
0.000
0.027
0.045
0.120
0.041
0.000
0.000
0.000
0.000
0.613
0.312
0.000
0.000
0.000
0.000
0.000
0.000
0.000
0.000
0.271
0.882
0.000
1.033
0.549
1.378
3.203
1.402
3.021
15.788
7.148
2.174
0.021
0.003
0.000
0.000
0.000
0.000
0.609
0.000
1.758
0.000
0.000
0.000
0.000
0.000
0.000
0.000
0.000
0.017
0.000
0.000
0.000
0.000
0.127
0.069
0.000
0.000
1.705
2.659
0.000
0.000
6.297
5.164
0.470
0.000
4.285
6.144
1.703
0.000
3.569
2.154
1.948
2.707
5.152
2.383
3.083
0.086
7.886
2.305
0.048
0.368
0.014
7.908
3.246
2.146
10.847
3.610
0.000
1.142
0.021
0.196
0.984
12.590
10.234
6.271
12.207
2.626
10.416
12.981
12.047
10.897
38.109
7.862
1.181
9.678
2.616
13.860
2.534
4.326
1.174
0.621
1.092
4.525
9.273
0.505
11.052
7.623
4.498
1.610
6.856
11.460
7.953
15.626
70.824
8.470
12.518
16.126
14.317
55.241
16.277
124.204
4.697
12.902
54.382
25.241
7.031
9.991
10.746
13.352
69.530
0.776
22.584
2.880
21.077
52.688
30.964
9.168
5.122
14.787
5.462
71.106
0.611
0.910
8.188
4.158
3.330
6.029
25.753
19.689
146.219
16.837
10.402
4.640
9.500
13.259
7.576
6.254
5.220
1.681
4.724
4.606
13.194
17.609
13.513
2.805
8.556
11.723
10.164
5.433
1.454
9.333
8.011
23.334
1.975
2.213
18.404
88.658
7.030
2.396
52.254
25.471
25.801
8.803
2.347
23.497
1.806
4.693
17.698
20.139
12.705
11.771
15.535
32.616
18.282
8.484
112.895
14.584
13.420
94.627
11.048
74.425
4.544
16.186
4.158
0.333
1.545
2.712
6.341
80.063
0.833
12.691
4.661
21.902
19.228
5.960
2.386
3.596
62.303
26.743
0.048
0.278
11.824
8.137
146.817
12.332
8.535
18.696
7.048
82.397
0.136
3.918
12.147
14.275
95.823
8.128
11.912
44.005
0.324
11.954
8.921
9.489
8.339
1.950
2.135
11.824
9.713
10.310
2.153
115.672
5.703
141.669
9.380
8.250
23.545
17.856
183.413
1.190
13.036
4.091
0.443
10.667
0.797
2.414
9.077
9.881
85.625
4.292
19.930
5.109
6.777
3.279
7.260
8.061
6.265
0.740
90.287
13.899
6.734
1.243
45.233
22.386
0.663
0.474
7.804
46.184
9.797
4.348
5.359
13.637
7.150
0.326
9.871
2.254
113.360
4.696
19.865
119.274
9.511
5.303
138.859
7.688
4.510
4.252
1.456
20.627
10.193
7.294
15.700
0.951
11.598
15.004
40.699
0.465
1.181
4.667
2.402
3.383
6.070
0.000
1.015
3.340
7.725
2.796
6.468
2.020
0.007
3.895
3.416
0.141
1.045
2.929
1.076
1.709
2.678
2.432
1.042
0.072
0.996
0.602
8.142
2.877
1.396
0.048
1.509
5.287
4.113
4.592
4.022
3.643
3.765
1.464
0.209
0.882
11.967
4.444
0.434
1.701
4.132
7.216
7.991
3.888
1.600
7.381
3.450
4.745
4.346
14.718
9.671
5.780
1.806
0.196
3.428
3.512
4.633
4.309
1.435
3.921
8.308
3.026
2.510
3.279
2.753
2.743
0.065
2.992
6.156
0.364
0.003
0.000
0.105
2.158
0.257
0.000
2.674
0.582
0.539
15.099
0.582
6.006
0.007
5.782
0.529
5.881
12.631
109.832
4.303
3.416
3.559
28.114
4.589
7.035
2.463
0.426
2.982
0.478
1.262
1.193
1.320
6.865
113.751
4.479
7.499
6.362
2.141
3.831
1.377
5.806
4.781
8.739
3.547
0.230
0.191
0.417
2.692
2.158
0.021
0.137
1.648
1.088
1.059
1.195
1.890
2.530
0.264
3.636
6.923
15.990
6.238
7.399
2.692
3.008
2.643
0.304
0.918
10.789
14.093
7.689
25.433
1.006
10.075
7.311
13.486
11.136
4.369
4.187
3.765
5.502
2.827
4.527
6.104
3.131
1.794
0.407
13.457
21.672
0.565
6.325
5.013
13.393
16.038
5.552
153.404
6.592
8.843
33.459
10.186
16.970
26.783
58.794
12.681
10.464
7.572
68.637
26.450
103.225
19.046
2.301
8.544
2.922
0.592
1.480
8.079
0.513
5.835
3.466
5.023
4.956
1.798
8.902
4.017
6.681
2.851
43.302
1.564
1.279
8.708
55.792
7.737
7.953
3.565
4.348
4.935
1.948
6.916
6.170
9.313
7.853
7.181
47.006
11.731
5.536
9.028
8.082
5.409
6.221
25.658
5.998
21.677
67.635
7.395
17.736
37.451
11.100
1.224
20.208
6.628
77.035
11.505
26.316
33.797
50.599
1.596
7.007
28.860
4.470
25.200
4.604
8.034
4.570
10.739
3.255
4.604
8.405
23.155
5.067
5.474
8.806
12.830
15.443
6.576
12.761
2.307
8.073
17.781
13.795
10.822
6.280
20.052
6.831
4.868
102.461
1.657
7.043
4.087
86.706
40.792
5.540
10.356
9.871
13.403
19.114
2.997
2.870
3.050
6.291
23.926
12.291
12.567
9.787
0.999
0.635
16.699
8.427
18.014
4.781
8.326
15.131
5.753
67.700
9.015
13.551
115.309
2.604
5.422
7.621
5.588
29.712
1.318
1.377
2.007
4.334
0.760
2.490
8.478
42.389
46.430
6.962
0.900
6.499
18.929
8.376
3.591
0.629
7.806
5.450
6.244
2.319
7.074
8.928
3.910
16.090
17.897
21.201
8.705
7.957
4.896
3.595
25.588
1.878
1.780
7.955
8.856
1.421
4.314
3.394
21.020
15.316
23.851
2.317
5.919
4.740
14.474
6.516
0.213
0.838
3.095
1.991
8.665
7.193
5.476
11.002
5.311
10.832
0.968
4.079
9.639
3.775
1.495
1.080
4.461
2.726
16.974
8.363
3.818
0.134
0.096
0.100
0.065
0.000
0.014
0.003
5.033
5.133
3.718
2.499
0.146
6.719
11.100
8.829
10.593
4.502
0.570
0.533
3.089
0.089
12.493
12.624
20.991
4.960
11.254
14.083
5.941
60.559
4.909
8.183
19.669
7.980
1.406
1.907
0.034
2.553
1.179
2.172
6.485
0.505
2.016
0.031
0.000
1.215
1.957
1.305
2.589
0.532
2.814
5.445
4.973
2.846
0.000
2.712
0.676
0.000
0.000
7.903
2.678
2.383
8.102
3.821
3.016
0.903
5.576
7.206
0.165
10.540
5.552
1.270
0.055
0.470
1.171
2.465
0.110
0.869
6.815
0.721
7.546
3.038
0.000
0.010
5.994
1.202
2.894
2.736
13.029
5.253
22.951
21.581
1.027
0.003
0.779
2.379
1.202
1.991
3.117
2.359
10.633
1.847
4.147
6.077
7.486
0.910
0.764
0.000
0.000
0.000
0.000
0.000
0.000
0.000
0.003
2.015
0.051
0.000
0.024
2.101
5.618
2.292
3.868
6.165
0.048
0.000
0.021
0.000
1.614
4.000
4.170
0.000
0.354
0.889
1.178
0.000
0.000
0.000
0.003
0.360
6.254
2.693
0.058
0.237
0.822
0.017
0.457
3.471
4.068
10.286
5.859
0.273
3.510
8.411
6.724
14.572
20.002
1.917
16.394
3.456
18.673
6.094
4.420
5.412
4.264
6.314
8.915
16.950
28.939
2.613
20.671
3.874
0.426
1.287
8.739
3.334
6.611
3.013
11.882
9.984
3.763
1.029
6.567
3.454
16.701
7.237
158.687
16.121
6.338
20.858
9.227
4.000
3.421
18.023
8.181
8.420
83.213
3.279
0.108
1.250
8.092
3.565
7.275
11.671
56.358
1.636
3.241
4.341
2.010
2.626
11.870
16.208
5.232
8.253
19.339
13.102
6.111
4.646
17.627
4.592
34.276
87.944
0.541
8.559
5.950
6.482
5.637
1.329
1.505
1.445
5.857
1.954
8.102
16.521
9.496
1.545
2.335
3.502
12.524
8.892
7.012
4.094
29.629
17.097
6.729
1.116
1.421
5.836
2.226
1.064
3.680
6.890
14.227
3.794
3.426
3.169
8.284
16.964
5.334
8.654
4.211
23.688
13.354
1.430
5.870
9.134
11.941
4.483
7.599
5.970
6.277
22.218
8.326
10.286
7.556
24.119
1.784
1.363
3.428
14.674
11.182
3.097
17.885
6.941
3.593
1.452
6.581
3.787
10.614
15.625
6.654
5.991
14.200
29.934
34.068
1.442
2.328
4.573
12.584
15.158
6.523
4.305
1.823
9.541
8.659
8.590
4.007
23.645
6.444
38.854
13.184
19.765
31.661
10.410
7.258
7.299
16.517
1.133
5.804
49.955
13.565
2.594
95.787
4.346
7.611
15.238
4.273
11.506
5.515
1.802
3.073
4.637
1.517
2.218
6.700
0.115
9.409
5.457
13.941
5.456
10.233
1.051
3.316
11.287
23.813
6.489
1.620
9.927
5.806
111.942
3.831
5.205
30.092
5.244
1.228
0.913
7.862
4.515
3.774
17.420
111.587
0.635
4.335
0.412
4.831
0.398
0.827
0.158
0.948
0.000
1.231
1.164
3.557
0.069
46.216
0.862
0.000
2.812
7.507
1.313
2.505
1.978
3.241
7.630
8.190
5.351
0.867
2.380
3.929
3.977
0.548
0.000
1.923
0.000
0.000
0.000
0.000
0.000
0.000
0.000
0.000
0.000
0.000
4.345
0.834
0.033
0.107
1.112
1.136
0.000
0.000
0.000
0.000
0.000
0.000
0.000
3.612
1.706
0.270
0.000
0.000
0.000
0.000
1.463
1.742
6.947
0.185
0.000
0.062
0.007
0.081
0.031
0.412
0.476
0.000
0.000
0.000
0.312
0.010
0.561
0.000
0.000
0.003
1.856
5.855
0.491
0.000
0.000
0.058
0.270
0.127
0.130
3.888
31.531
0.840
0.000
0.000
1.427
3.751
3.519
2.647
2.750
1.653
2.578
0.141
0.000
0.439
0.072
0.000
4.008
1.191
0.359
0.010
0.984
0.000
4.990
93.485
8.300
6.367
0.034
0.120
0.007
0.000
0.340
3.373
0.048
0.513
0.000
1.912
2.777
0.017
3.598
1.453
1.572
14.401
2.930
4.700
4.995
3.323
0.000
0.000
0.000
0.003
8.817
0.038
2.764
0.206
0.000
17.238
97.692
9.081
16.510
6.135
5.188
12.171
14.083
3.141
4.013
16.136
3.021
0.103
1.686
11.412
1.171
13.517
11.556
3.306
2.592
7.031
99.636
12.222
15.800
21.317
15.110
29.605
0.697
6.774
1.088
0.000
13.124
8.707
6.142
6.279
7.268
14.687
31.455
22.182
7.102
25.760
34.624
7.110
10.128
111.158
5.620
10.626
8.665
3.522
2.307
3.574
0.216
6.400
89.348
4.655
2.690
5.537
0.975
1.263
2.561
15.410
91.381
4.421
19.406
21.288
9.259
19.903
9.641
36.782
5.687
3.754
8.674
11.670
5.612
13.469
38.631
24.206
6.240
10.348
12.600
8.525
1.511
1.784
8.102
18.797
1.229
21.485
0.474
2.242
48.851
54.396
24.479
2.383
19.659
18.361
5.689
5.457
3.840
6.413
29.581
15.127
12.042
5.462
50.489
1.267
44.199
6.932
12.689
2.160
10.423
6.176
25.215
14.674
11.161
1.590
1.878
6.662
17.115
12.356
1.143
4.055
11.486
66.260
5.146
6.715
9.440
52.310
4.990
3.090
20.107
38.256
10.259
23.839
3.009
0.764
8.250
15.189
36.930
48.980
0.065
9.107
19.230
16.493
6.128
3.037
8.530
10.758
51.787
5.836
21.504
17.870
9.630
6.740
1.327
8.599
17.439
2.731
1.310
7.934
2.093
6.654
9.920
8.873
9.869
36.440
1.315
6.485
38.311
6.616
5.521
0.076
3.715
1.929
12.263
6.992
4.602
9.002
3.732
5.771
1.719
2.256
3.335
4.702
103.950
6.794
12.486
9.373
6.156
9.745
3.931
34.272
8.502
18.970
0.627
0.251
1.557
3.747
28.178
1.481
0.203
0.936
3.991
1.620
0.340
2.032
4.051
0.791
0.055
4.504
10.612
7.086
0.790
1.055
0.048
5.603
5.164
8.976
9.872
6.824
2.975
1.610
2.399
2.366
5.918
8.434
29.648
1.260
6.656
4.607
6.922
1.286
2.997
0.496
0.062
2.451
1.440
0.891
0.778
0.000
0.000
0.565
1.430
20.769
0.687
0.007
0.021
7.304
11.553
5.991
12.893
2.341
7.541
8.771
7.464
5.340
4.238
7.323
2.278
2.711
1.439
5.545
4.139
6.690
1.004
4.649
3.108
1.270
6.540
8.446
0.591
2.280
3.316
1.040
0.199
0.872
1.658
4.951
2.836
0.100
0.048
0.000
0.039
0.937
0.532
2.587
3.394
4.872
3.859
4.491
30.274
2.311
12.593
9.167
2.139
2.637
0.003
2.939
2.486
0.000
0.745
3.749
4.333
9.332
3.979
3.049
0.772
1.847
0.427
0.130
16.837
4.271
2.692
45.753
8.841
7.958
5.630
1.536
0.690
2.475
0.048
0.038
4.558
3.905
5.699
4.913
0.233
0.000
0.017
2.716
8.981
7.766
10.099
6.127
1.404
0.791
0.000
0.096
2.087
0.529
14.696
2.431
0.103
2.608
2.575
6.185
2.731
1.121
0.805
1.814
1.972
7.558
8.863
102.094
3.217
6.621
2.819
10.703
9.390
0.742
11.467
11.876
8.401
1.464
1.598
2.774
0.292
11.688
7.321
6.506
31.517
5.291
5.119
8.684
13.139
6.509
3.519
0.474
5.709
64.205
5.634
146.719
4.480
3.220
1.332
3.801
7.186
17.358
6.441
6.123
2.479
4.101
8.588
14.765
16.445
2.390
12.892
8.209
0.716
7.560
6.736
37.687
9.402
14.697
1.386
7.138
7.584
5.699
5.346
7.821
7.459
13.482
5.512
2.438
8.950
51.380
50.850
18.807
1.937
9.361
14.861
4.950
2.123
81.747
0.103
2.659
0.412
1.751
6.195
28.722
0.312
6.630
8.944
5.049
6.454
27.551
28.980
68.941
13.743
85.523
6.120
24.391
104.341
17.485
37.455
14.420
0.522
0.103
7.428
2.115
11.333
56.013
10.483
6.454
8.827
1.627
8.319
6.077
11.443
15.408
16.661
1.133
3.639
6.087
1.943
3.552
7.931
15.666
16.346
6.389
14.080
42.950
4.655
16.320
25.984
27.358
0.680
3.861
15.412
14.842
9.033
5.843
2.403
7.181
3.157
18.502
16.627
6.345
4.693
25.303
6.643
17.149
18.934
5.301
2.379
2.105
21.604
7.057
2.359
1.986
11.189
0.937
6.197
4.899
23.463
71.868
1.497
8.871
6.609
6.578
38.617
13.408
9.021
19.707
41.766
2.501
6.666
42.263
0.664
3.589
10.106
72.781
2.785
0.941
0.760
5.965
7.206
94.541
5.938
1.484
6.157
5.630
13.290
5.970
9.493
6.939
0.875
1.509
0.446
2.345
0.242
2.143
12.408
17.777
18.872
10.145
16.852
0.906
6.111
9.405
13.053
8.720
21.842
10.265
9.160
16.383
121.565
5.011
7.731
4.065
9.572
3.638
7.529
2.789
1.639
3.521
2.000
7.702
9.347
1.696
0.906
6.710
2.249
1.840
2.211
14.281
12.181
13.661
33.508
0.764
3.733
6.516
4.942
7.573
0.827
8.125
9.592
9.992
1.196
1.633
0.327
0.541
0.623
4.812
3.073
1.349
1.578
3.861
0.292
1.846
1.868
2.776
5.116
1.739
0.048
0.282
1.435
2.036
6.072
2.448
2.693
0.294
5.061
0.422
3.052
3.382
0.481
4.082
4.034
2.173
4.892
8.875
3.402
0.508
0.268
2.633
2.410
0.292
0.003
0.748
0.027
0.130
5.915
4.973
1.449
2.637
1.590
3.251
0.367
3.677
1.768
2.163
1.336
0.323
0.110
0.024
0.110
0.000
0.000
0.000
0.000
0.021
0.000
0.395
0.000
5.943
13.829
5.249
0.058
0.000
0.453
0.000
1.287
5.232
18.697
9.386
0.257
3.957
6.341
1.590
1.009
1.442
0.000
0.041
0.000
0.000
0.000
0.010
0.793
0.336
1.466
0.961
0.570
0.508
0.409
0.058
1.291
0.433
0.797
5.349
4.769
0.034
0.113
1.143
0.165
0.045
7.103
7.550
1.208
3.189
6.774
0.089
0.000
0.027
1.758
0.690
0.886
7.454
12.607
3.801
7.052
0.000
0.000
0.103
0.000
0.000
0.021
0.010
0.000
0.000
0.000
2.932
20.218
39.455
3.303
0.937
9.036
66.387
0.076
0.034
9.484
0.065
0.774
5.727
0.968
0.469
5.014
2.143
2.393
9.301
5.768
11.961
11.515
3.098
8.351
81.055
12.404
10.755
17.659
168.084
5.316
3.394
36.742
6.363
5.164
3.368
2.843
19.202
149.960
1.281
9.184
9.462
13.448
5.153
24.239
7.091
8.672
0.508
7.309
11.326
48.227
53.682
0.578
23.418
7.787
10.509
2.221
14.392
15.779
1.593
45.150
6.224
17.479
79.744
1.270
18.862
68.599
4.099
10.815
26.975
79.177
8.818
12.360
69.811
7.871
4.494
11.364
8.724
13.470
36.406
93.991
3.147
46.621
5.885
21.866
29.234
37.989
47.598
0.797
6.544
4.745
5.560
19.161
12.844
12.059
6.412
49.131
78.197
23.188
9.175
4.346
9.990
16.273
8.526
10.870
4.664
4.255
24.932
1.303
9.216
16.505
25.901
174.290
2.166
9.373
5.627
12.384
15.517
13.856
12.831
11.248
6.864
12.082
2.826
1.198
4.920
5.425
33.187
5.332
74.825
0.731
8.221
2.214
48.113
4.492
0.194
0.386
3.300
0.362
8.195
15.496
21.832
7.737
14.191
6.187
8.438
5.180
10.766
11.736
8.628
4.916
6.547
7.094
8.011
5.550
7.107
13.165
1.672
8.490
28.750
1.596
1.375
10.767
27.724
128.738
8.096
11.833
8.340
4.173
9.634
4.762
12.611
16.925
1.174
2.750
2.379
53.975
27.018
3.500
8.054
45.477
2.292
10.271
10.462
11.359
3.564
13.457
6.460
7.175
11.249
7.460
8.412
4.650
15.746
50.084
1.318
8.560
10.925
7.172
3.105
2.815
2.880
2.166
0.668
1.246
4.567
87.520
7.363
6.036
12.316
30.079
25.057
2.814
3.883
4.657
85.265
4.166
4.968
20.494
52.697
7.266
12.135
1.701
1.097
2.669
2.181
3.585
0.445
6.446
0.048
0.048
2.693
7.151
5.552
8.399
37.400
6.058
3.947
1.051
0.124
0.469
8.752
5.936
8.644
6.604
6.206
8.846
4.715
2.297
6.767
8.686
3.071
3.728
3.838
5.838
3.852
4.559
2.314
0.336
0.544
0.041
0.000
0.000
0.409
0.340
0.103
2.765
0.072
0.000
1.279
0.865
1.699
5.886
6.039
4.621
1.298
2.305
5.437
2.204
2.153
3.815
2.874
0.003
0.000
0.000
0.000
0.000
1.722
3.126
0.835
0.010
0.573
0.000
0.000
0.000
0.000
3.047
3.112
7.848
12.775
13.498
0.117
4.300
1.656
1.028
0.747
0.000
0.000
0.000
0.834
0.144
0.000
0.000
0.007
0.000
0.000
1.144
0.292
0.000
0.000
0.000
0.000
0.000
0.088
0.204
0.460
0.227
0.055
0.723
0.000
0.130
0.000
0.000
0.711
5.939
3.610
2.396
0.134
0.843
0.000
3.061
1.030
0.733
4.786
2.008
0.323
15.209
5.881
1.777
0.197
5.515
2.342
3.147
0.972
3.502
0.000
0.000
0.161
0.359
0.740
3.138
30.216
2.451
5.479
0.003
1.092
8.814
90.728
6.787
3.397
0.350
0.034
1.578
0.060
4.851
22.175
13.284
8.992
5.682
3.071
31.148
137.743
9.922
68.912
4.401
3.365
4.704
48.048
1.990
1.480
3.177
0.130
0.637
0.551
1.433
1.641
5.273
32.940
42.586
1.042
14.995
3.900
10.719
2.208
0.930
0.093
7.869
1.969
0.244
8.065
21.125
2.702
10.241
33.331
32.779
3.207
5.677
46.682
12.696
11.000
0.944
11.575
36.389
1.904
6.655
21.034
0.014
18.840
25.063
1.940
74.771
4.985
0.287
0.134
0.153
8.757
130.349
9.692
48.730
5.764
9.759
15.750
18.143
6.836
1.102
2.414
8.243
6.388
2.206
3.474
23.694
6.355
0.980
11.839
1.794
5.122
9.453
12.439
26.259
3.672
6.880
3.514
11.488
4.477
3.560
6.915
5.994
2.956
12.971
3.395
29.843
5.819
12.373
16.627
0.182
6.125
4.728
10.593
10.695
75.898
14.114
37.163
4.082
7.436
19.710
18.663
4.226
9.637
6.492
13.410
0.846
8.557
5.066
1.173
6.864
8.815
8.739
8.290
14.856
0.540
4.970
16.301
8.631
21.566
9.299
8.145
7.275
12.790
14.297
7.793
15.652
3.250
5.701
2.689
3.456
58.660
2.402
6.430
6.959
8.262
2.470
0.267
5.182
6.837
6.370
4.149
0.259
4.552
2.714
1.615
9.611
20.168
2.688
41.482
19.738
26.463
4.846
0.402
13.601
27.768
7.481
9.812
1.432
6.499
3.387
16.337
7.788
9.900
2.819
3.143
9.967
3.557
2.858
15.092
23.535
18.105
2.810
3.044
31.704
0.967
4.405
85.290
2.182
3.177
3.914
26.988
19.246
8.302
5.471
6.694
5.488
14.226
39.518
1.107
1.706
0.754
5.534
9.225
3.787
21.350
2.039
1.962
1.952
1.480
0.041
0.086
0.398
1.713
5.929
8.858
113.997
42.496
12.215
7.059
4.370
5.675
2.170
1.164
4.401
15.395
102.818
5.964
2.046
16.443
12.339
2.886
26.273
2.198
0.247
0.489
0.913
2.994
0.038
0.256
0.024
0.072
0.572
3.564
11.992
17.036
7.344
28.093
6.714
1.121
3.124
5.500
0.930
2.356
4.798
6.592
16.564
9.172
5.479
8.702
1.940
3.418
1.358
1.720
1.670
3.105
0.771
4.384
29.121
8.159
1.142
0.863
4.322
15.154
3.844
5.009
1.856
2.463
3.843
1.439
2.329
0.662
1.106
4.433
10.779
10.028
3.672
1.360
1.802
0.994
3.215
4.918
6.363
10.708
12.461
0.410
0.003
0.000
0.000
0.003
5.769
2.724
6.223
4.479
0.642
0.079
0.747
2.513
0.038
1.696
2.506
2.005
0.314
0.000
0.000
0.000
0.000
0.182
0.048
0.561
3.174
0.003
2.003
1.983
0.000
0.875
0.236
0.160
0.000
0.000
0.000
0.000
0.118
0.613
1.854
0.000
0.000
0.000
0.076
1.236
0.331
3.432
2.571
4.650
0.936
1.966
12.569
29.387
7.835
4.731
22.844
0.316
3.155
4.496
9.241
2.580
1.673
0.086
0.088
3.808
2.966
0.065
20.459
9.548
1.598
6.424
0.045
0.336
6.358
4.587
5.047
2.585
1.336
0.862
0.003
0.659
8.834
10.372
5.576
3.172
7.021
32.962
3.121
25.056
10.361
4.913
3.526
1.521
4.377
3.598
8.933
3.866
8.587
73.735
5.438
3.238
4.463
25.162
2.657
0.014
8.791
4.228
4.607
8.552
31.774
20.181
2.699
3.419
11.268
5.287
7.244
26.937
1.191
16.634
2.716
10.485
0.000
0.000
0.597
0.086
1.330
9.738
14.169
51.443
11.652
20.356
0.385
0.182
0.055
6.111
5.078
13.287
59.843
5.428
78.518
1.665
0.412
11.906
11.510
3.636
13.197
1.538
1.281
11.076
1.260
7.081
4.628
5.651
16.953
27.727
30.504
10.293
19.147
9.457
49.583
46.824
153.299
4.522
1.572
13.352
13.894
1.349
12.587
1.748
14.962
8.801
6.875
9.357
18.139
4.575
111.535
3.330
3.758
17.087
10.468
6.312
3.514
6.404
13.535
7.477
1.397
6.252
1.049
6.853
17.630
16.950
1.693
6.056
15.810
3.777
3.236
4.925
13.393
19.755
9.508
9.905
14.354
15.092
4.932
4.037
0.500
0.604
15.734
12.940
11.965
4.271
44.296
4.724
4.013
14.334
20.812
26.156
16.210
14.237
167.104
13.478
5.399
2.868
12.153
19.346
4.052
8.662
16.183
10.384
19.895
10.628
46.129
8.564
9.680
5.263
7.910
0.554
16.795
4.456
3.988
1.545
8.803
4.613
5.021
3.667
6.897
12.794
76.022
2.434
3.905
10.030
6.976
2.147
15.764
114.330
6.918
1.816
3.692
16.042
0.000
2.580
2.632
3.104
11.373
1.825
1.561
0.017
4.918
8.660
3.430
6.729
22.996
0.824
14.038
21.333
7.272
0.591
1.646
7.709
6.935
5.007
2.084
0.206
4.487
3.148
2.534
0.718
1.689
3.850
5.471
11.228
21.564
3.684
2.889
8.223
11.285
3.090
8.648
5.346
57.167
3.299
18.701
5.661
0.948
2.053
3.686
2.077
5.582
5.261
6.695
1.311
3.313
1.445
2.127
1.363
2.093
8.873
6.832
1.068
0.000
3.399
0.443
1.186
0.453
4.449
4.055
0.251
1.315
1.603
6.228
1.826
0.364
0.417
1.708
0.395
4.971
1.761
0.558
0.010
0.100
0.175
0.000
0.007
0.927
2.494
0.000
0.112
0.251
2.625
0.755
0.000
0.196
0.948
0.577
2.070
0.007
0.000
0.000
0.031
0.000
0.000
0.553
1.761
1.236
0.000
0.560
3.083
0.082
0.000
0.000
0.000
1.677
0.031
0.000
0.000
0.000
0.910
0.247
2.077
0.889
4.980
1.576
2.711
4.254
0.079
3.739
4.573
1.593
4.793
5.534
5.716
0.182
0.000
0.937
4.173
6.468
1.600
0.383
5.322
0.000
1.176
6.049
1.384
2.317
2.238
0.426
1.397
0.570
0.348
0.254
0.772
3.735
6.077
2.602
1.490
2.585
2.554
7.076
5.787
7.179
3.014
0.254
0.041
0.649
3.687
1.521
1.317
6.915
35.242
3.953
0.385
0.000
1.681
8.429
2.956
1.984
5.297
6.606
1.990
0.034
0.000
2.269
193.692
3.674
51.526
2.551
0.062
2.836
0.027
1.799
18.299
9.937
22.495
6.746
12.147
0.082
16.325
20.809
27.191
33.007
4.860
19.616
17.530
2.752
7.459
3.905
8.952
3.831
93.621
22.735
7.438
20.025
5.103
4.535
7.215
16.743
33.822
4.353
14.402
13.478
12.567
9.306
5.929
8.089
12.243
37.388
9.534
10.154
13.886
2.906
8.132
6.307
8.030
45.871
1.095
1.799
0.402
5.011
3.495
20.016
15.388
13.390
81.005
7.491
58.845
1.545
9.871
41.851
0.858
5.222
3.183
55.484
4.813
20.963
0.491
15.824
13.108
5.787
12.466
27.692
5.905
0.021
2.970
2.703
5.177
2.898
8.943
23.550
9.431
5.531
4.430
13.101
9.285
0.567
3.162
23.294
8.194
0.898
6.707
3.420
15.499
14.432
11.470
1.088
0.254
0.697
13.158
5.086
3.646
22.726
24.613
3.076
26.044
18.424
7.445
13.604
4.800
10.921
4.846
20.253
56.662
6.025
2.599
9.719
2.269
20.445
4.971
0.604
2.269
2.674
7.093
5.699
23.576
4.134
41.334
3.292
9.719
109.716
7.938
8.820
5.455
1.016
4.199
19.581
3.620
12.672
3.414
76.152
0.081
3.143
4.552
2.608
0.759
4.602
1.336
15.834
6.733
1.401
2.558
10.659
46.055
13.528
7.057
9.404
11.180
146.175
0.443
11.127
16.857
10.930
3.596
8.530
5.074
7.165
13.396
3.940
6.602
32.554
0.055
4.161
4.228
2.414
23.373
3.121
5.469
10.334
183.908
4.527
1.315
12.336
9.496
6.214
1.081
34.174
0.621
8.415
2.084
138.205
6.381
0.266
4.199
0.045
4.807
0.124
0.069
1.993
3.870
5.375
11.723
23.980
13.759
0.659
13.699
31.675
2.951
2.711
4.922
0.769
10.687
19.712
9.834
3.056
8.226
18.098
31.321
55.613
2.935
25.930
28.918
6.345
3.885
3.625
9.685
7.967
0.997
2.053
4.581
0.627
1.572
6.108
0.500
1.976
5.435
4.197
2.934
2.221
5.862
3.425
6.105
3.629
3.023
5.071
3.329
0.869
0.524
7.381
8.818
2.317
1.536
8.092
1.191
2.437
0.093
0.000
0.000
0.000
0.000
0.000
0.000
0.000
0.045
2.911
8.187
3.687
2.704
3.555
0.565
0.007
0.000
0.010
1.504
0.585
0.084
0.000
0.362
0.000
0.333
4.556
0.000
0.000
0.010
0.154
0.000
0.810
2.194
2.450
0.000
0.000
0.278
2.542
0.278
0.000
0.000
0.000
0.000
0.000
0.000
1.490
2.094
0.367
1.363
2.482
0.000
0.000
0.051
0.000
0.254
2.808
4.614
0.364
0.436
0.072
0.997
0.608
0.014
0.038
1.566
0.000
0.000
3.826
10.991
44.433
3.056
2.683
17.079
10.322
2.171
0.007
2.081
4.589
0.865
0.134
0.377
4.752
3.310
0.017
0.000
1.223
2.237
3.638
17.125
0.793
0.065
0.000
0.000
0.412
5.661
1.276
7.110
5.795
2.089
1.275
5.182
13.860
14.114
127.906
0.798
3.464
5.487
4.323
0.326
0.069
2.072
3.625
0.900
1.835
3.770
2.367
3.681
4.422
6.381
1.410
7.700
8.942
18.433
144.149
7.388
9.713
5.836
14.188
7.278
44.041
3.797
13.850
14.783
8.583
15.791
17.036
54.211
11.474
39.822
5.143
4.319
18.917
87.098
5.852
4.044
3.155
7.752
8.187
9.713
150.423
11.110
121.344
27.682
1.353
6.904
37.614
2.362
8.568
13.589
1.576
0.003
5.366
8.185
15.621
20.833
15.549
12.257
6.695
17.578
3.715
0.000
5.754
10.643
13.448
6.645
4.614
0.687
15.772
19.357
6.449
12.816
9.101
21.969
7.378
31.558
1.222
4.403
5.866
6.894
6.242
13.095
28.661
1.871
6.681
18.503
127.539
19.643
14.468
35.421
8.111
2.582
15.249
14.150
7.186
3.599
15.612
8.225
4.709
4.116
8.501
15.423
94.175
29.855
0.139
0.076
9.071
4.829
22.544
47.688
14.929
18.009
2.286
4.807
2.990
7.177
1.445
4.575
7.288
2.177
14.665
0.992
3.486
8.365
6.489
45.384
32.170
9.414
13.508
10.224
3.078
0.661
5.109
9.332
27.833
0.115
1.892
6.079
21.310
3.125
18.281
8.669
2.199
3.838
41.900
4.587
6.695
2.211
14.521
5.790
7.908
23.207
1.399
19.068
103.623
4.863
2.470
11.137
3.629
2.023
5.176
6.276
5.251
18.680
5.242
9.064
10.731
8.447
10.703
10.447
17.830
6.044
20.658
41.894
8.829
12.119
6.066
1.741
25.277
0.165
7.288
7.852
14.934
15.240
15.309
1.260
0.112
4.233
59.896
6.438
1.392
0.000
7.447
5.126
2.691
2.990
0.603
6.826
6.030
6.418
25.253
6.806
11.386
14.973
16.332
36.916
7.404
1.559
0.275
0.221
0.000
2.118
1.016
7.872
11.240
5.015
1.651
1.507
7.007
5.400
9.859
10.185
5.795
0.910
3.842
0.578
2.371
0.851
3.682
11.251
4.154
2.248
8.017
4.048
2.860
5.806
21.413
0.165
3.914
0.438
1.462
2.211
1.510
1.085
0.540
6.514
2.249
2.472
3.184
4.785
2.214
2.493
2.312
1.983
0.100
0.000
0.000
0.050
2.130
2.420
1.073
1.394
0.639
0.137
0.244
3.831
0.000
4.927
70.563
3.694
11.841
8.717
4.446
3.984
7.908
4.151
0.824
0.000
0.000
0.003
0.687
0.034
0.117
2.771
0.120
1.614
0.055
4.611
2.802
1.294
1.372
0.000
0.000
0.079
0.041
0.539
0.604
0.704
0.306
0.027
0.027
0.340
0.838
2.098
1.370
2.496
11.012
1.730
0.227
0.144
0.130
3.323
0.041
2.022
0.000
1.112
0.000
4.031
0.697
2.383
10.571
5.246
11.240
2.729
0.460
1.957
5.435
0.024
2.874
0.515
0.271
0.433
2.259
1.566
1.535
2.280
0.793
3.128
37.165
131.678
2.087
7.230
26.391
188.625
21.047
1.239
0.889
12.651
7.943
2.348
8.480
3.766
2.953
2.978
14.226
29.050
13.069
4.934
14.172
15.355
2.166
0.017
8.655
3.045
3.054
2.152
1.190
15.113
5.050
5.476
7.730
0.524
0.000
0.000
0.000
0.898
11.161
5.704
61.274
7.914
17.649
48.723
5.219
7.206
10.564
4.261
2.002
9.285
38.696
9.631
9.856
35.295
9.402
3.131
23.583
8.073
8.499
8.820
23.224
3.672
4.274
3.385
1.150
1.797
10.379
9.042
9.704
15.711
19.999
4.122
45.313
6.188
2.204
6.067
15.695
28.048
15.350
7.700
40.509
11.009
8.046
1.493
1.597
4.147
0.980
6.554
10.162
9.677
8.319
13.984
28.341
21.334
7.569
4.224
5.076
6.592
11.870
10.816
21.535
6.469
97.100
8.992
8.410
8.660
10.937
11.223
0.538
7.435
3.588
1.135
9.630
10.253
1.057
0.352
1.044
4.770
5.111
27.958
17.609
122.401
1.981
0.434
4.260
0.297
1.620
14.084
2.612
13.551
23.325
4.675
20.088
5.289
1.277
10.674
4.738
12.126
6.520
11.318
3.086
9.795
32.465
5.321
9.021
6.592
3.200
1.147
7.392
1.456
0.192
1.051
3.025
5.270
15.316
0.862
7.828
6.042
33.241
5.572
10.519
5.497
6.094
9.519
23.236
3.940
0.831
1.353
12.550
20.134
112.082
6.200
9.017
21.652
4.611
29.630
12.135
16.631
31.540
10.476
5.239
4.230
6.319
14.670
2.475
15.450
3.950
4.491
1.258
20.917
12.387
40.191
8.150
9.776
16.419
103.306
8.023
32.525
5.277
2.434
47.791
19.120
10.271
6.245
2.256
9.577
2.760
3.670
3.021
2.317
2.601
1.325
1.923
9.860
23.693
1.837
8.916
12.116
1.233
1.042
1.511
0.024
3.526
0.934
3.045
25.059
1.179
9.934
5.881
10.942
12.129
7.090
8.109
17.485
0.127
2.462
14.832
68.852
2.989
3.340
2.614
0.448
5.581
3.658
7.127
7.741
10.062
1.114
3.262
0.398
6.954
4.274
0.789
0.688
1.148
0.700
1.943
0.051
0.237
1.332
1.960
0.412
0.165
1.596
1.682
2.019
6.424
6.015
7.594
28.575
2.063
0.347
0.539
6.575
3.972
6.569
17.159
0.410
7.241
6.969
1.445
2.468
1.775
6.952
5.552
0.000
0.000
1.699
4.546
6.123
2.290
1.226
0.024
1.294
2.719
0.628
3.433
1.792
2.259
0.120
0.518
0.937
14.083
27.552
3.337
1.294
0.000
0.000
2.781
7.244
5.854
3.559
6.276
3.481
12.631
5.188
13.190
13.565
1.672
7.381
9.049
5.496
1.565
2.796
6.817
3.232
0.003
0.000
1.566
0.178
2.792
0.000
0.000
0.000
0.000
2.120
2.462
0.014
0.000
0.457
0.069
4.932
0.111
8.496
2.116
1.256
5.785
6.935
8.168
1.078
0.522
1.516
0.326
3.207
7.787
2.905
17.715
3.361
0.175
2.654
1.310
1.124
13.496
21.815
6.454
17.185
15.130
70.666
5.517
0.076
3.512
15.903
10.798
5.071
7.617
159.267
12.971
17.195
1.966
2.470
1.239
2.793
3.203
4.007
50.228
6.856
11.524
10.240
3.708
1.679
0.199
0.000
0.436
18.064
37.263
15.405
12.387
106.087
8.333
110.833
21.130
66.775
8.121
5.624
4.290
5.288
1.145
2.208
0.287
9.867
21.418
1.967
7.084
2.454
26.105
110.801
5.673
32.679
4.000
5.122
58.087
1.026
10.758
9.067
8.583
121.219
7.155
25.434
12.224
2.257
3.811
6.966
16.605
6.789
8.174
2.736
7.958
13.937
119.492
13.832
23.191
28.564
70.014
1.711
38.761
8.710
9.414
2.654
9.695
10.231
21.497
3.607
4.885
0.676
10.502
11.299
16.706
3.965
17.067
5.594
3.208
3.310
9.385
3.684
9.096
11.676
10.125
6.763
10.133
0.837
18.189
4.791
14.373
10.184
10.610
15.547
3.097
22.900
21.040
16.933
47.752
29.829
2.836
6.672
9.469
10.016
7.651
4.094
4.449
78.496
5.219
3.766
8.413
6.853
6.969
12.907
3.868
0.461
0.003
5.570
14.514
11.166
11.264
14.407
10.186
46.422
18.390
43.354
12.134
30.990
3.610
4.470
6.427
30.928
0.034
9.967
1.172
5.246
11.740
91.544
11.578
12.363
22.390
2.045
26.266
2.204
2.280
0.330
13.956
5.888
3.215
32.950
30.048
0.253
0.951
5.285
11.403
20.907
4.037
3.955
7.561
30.424
8.145
1.437
4.689
6.834
142.175
0.757
10.241
9.542
8.583
2.727
2.189
104.581
3.713
3.656
2.019
15.190
3.298
3.918
8.629
27.377
0.841
6.460
21.286
1.770
0.951
47.842
0.311
0.673
10.023
5.040
1.931
5.596
0.110
8.791
2.427
0.000
0.000
0.027
0.330
0.275
1.245
6.841
52.561
22.465
8.015
2.321
3.600
3.979
1.832
1.294
3.428
2.865
2.224
2.153
5.110
36.887
34.138
3.011
3.136
9.630
33.778
2.503
2.863
4.379
0.297
0.024
0.956
2.372
5.174
1.440
1.433
0.122
4.853
6.192
5.623
3.605
1.627
1.990
2.232
12.480
35.479
4.226
13.259
0.465
0.948
6.808
1.167
64.452
0.096
5.905
3.869
1.545
3.097
3.054
0.589
0.271
0.965
0.978
1.344
9.690
8.377
14.526
20.040
21.791
2.293
3.526
0.512
2.089
3.639
3.107
0.908
3.466
0.021
0.082
1.960
0.312
0.072
0.403
0.027
0.027
0.903
0.000
1.032
0.034
0.031
3.582
2.120
2.879
0.532
0.573
0.000
4.427
0.318
1.796
8.356
2.565
0.017
0.601
0.338
1.842
0.427
0.034
0.076
0.960
0.000
0.000
0.045
0.000
0.000
0.000
0.031
0.257
0.000
0.000
0.000
0.348
7.823
3.128
0.000
0.276
0.000
0.209
0.039
1.143
0.318
0.999
8.768
8.635
4.418
1.192
3.383
0.021
6.082
22.446
2.733
10.628
14.059
6.511
12.027
59.074
6.164
3.088
0.668
2.944
7.054
53.160
2.558
7.098
13.108
12.643
11.052
12.866
7.543
0.000
2.214
2.058
0.803
0.000
10.820
11.101
8.905
8.278
8.305
1.809
0.454
6.589
6.413
20.216
107.832
1.675
8.499
3.040
6.623
5.647
8.301
22.365
3.964
3.379
2.077
0.772
4.001
0.506
7.449
185.176
1.021
1.829
6.779
5.144
59.777
3.627
6.077
6.731
3.759
29.419
11.398
11.038
4.216
18.938
6.896
0.666
2.094
2.324
1.408
7.024
7.357
10.712
11.851
0.354
9.822
16.363
3.111
4.020
1.126
0.065
3.323
1.461
8.710
27.394
27.622
5.208
15.539
0.848
11.549
0.493
0.956
21.796
13.699
101.912
12.820
64.236
6.372
6.204
7.299
9.476
13.111
9.517
12.710
37.958
1.888
1.377
14.780
1.040
28.340
16.830
19.200
77.502
50.451
18.100
1.578
20.405
1.287
8.391
11.016
0.755
6.103
9.574
50.378
5.485
45.291
0.021
3.263
16.056
11.170
3.959
16.128
9.931
30.511
48.275
123.107
8.722
149.150
11.728
44.292
0.278
7.601
8.022
7.109
8.325
16.437
4.850
10.221
4.870
4.501
2.630
62.073
24.699
15.101
0.439
2.115
3.866
16.778
1.832
7.091
34.253
76.920
4.805
26.769
50.594
38.515
41.358
3.938
15.807
16.229
13.137
7.010
107.118
3.292
2.959
7.177
37.836
25.523
4.475
5.502
67.207
13.223
11.596
58.392
0.252
4.662
22.247
61.185
0.421
5.116
3.282
24.836
25.004
109.565
7.922
7.381
1.797
3.638
20.538
0.819
9.472
29.225
37.103
0.583
35.045
2.098
3.287
6.025
9.487
2.801
18.749
8.693
1.804
0.117
0.381
3.807
3.893
6.135
19.133
7.196
10.375
10.952
3.993
5.304
2.039
8.259
13.798
1.984
0.553
3.952
0.639
7.522
5.208
1.851
3.777
2.987
1.275
8.451
1.717
1.579
5.359
13.142
0.376
6.506
9.028
19.678
27.432
6.156
4.645
7.582
0.939
0.910
6.456
9.556
0.989
0.937
0.891
13.118
7.571
6.056
11.089
6.890
5.143
6.076
3.080
10.916
7.483
10.949
4.122
3.618
0.317
0.522
2.081
9.731
3.130
0.592
5.366
2.160
8.187
7.241
6.678
4.350
0.622
4.159
3.244
10.037
0.582
0.371
5.031
2.352
2.935
3.136
3.480
8.254
5.219
3.036
5.855
33.479
4.906
2.688
4.798
8.746
0.306
0.000
0.000
0.000
0.060
3.320
2.240
1.864
2.216
2.808
0.941
0.000
0.055
2.633
6.468
6.750
38.614
0.275
0.886
2.558
1.782
1.825
0.863
2.122
2.985
0.704
0.000
0.000
0.000
0.000
0.889
0.711
0.000
0.000
0.432
2.120
8.467
37.079
13.850
1.774
5.232
1.487
1.386
2.991
8.947
5.624
12.662
0.050
0.769
2.760
0.560
5.202
5.055
1.644
6.257
2.737
1.440
3.161
4.032
0.027
0.024
2.189
0.209
6.238
4.434
1.052
0.038
0.000
1.202
5.994
2.201
3.207
0.994
20.510
0.034
2.397
10.425
23.762
0.587
0.038
2.620
9.093
0.031
1.353
24.920
0.786
0.927
15.851
44.258
1.905
0.120
4.212
1.557
2.426
1.471
2.125
8.740
5.297
5.248
1.840
0.051
1.602
3.349
0.591
0.699
6.098
0.520
8.660
15.249
16.847
13.074
3.485
2.628
3.450
1.310
0.529
0.735
0.058
17.324
47.087
1.808
1.337
1.092
2.269
3.002
6.734
4.824
10.126
128.650
20.122
15.127
48.511
4.896
6.063
7.706
17.736
0.055
5.758
0.948
40.910
6.664
4.195
1.109
4.604
7.957
2.372
0.570
14.344
9.428
0.453
5.277
7.282
25.639
3.097
11.209
3.272
1.662
11.906
1.796
8.456
6.657
4.820
16.833
12.744
14.859
4.281
12.734
0.656
14.069
46.627
10.904
1.586
13.582
35.611
9.998
21.736
11.807
1.428
18.793
15.491
15.340
23.761
2.374
9.805
12.365
134.191
16.572
11.637
7.101
142.189
4.510
10.377
40.683
26.367
7.495
2.355
27.605
23.416
0.055
3.207
6.569
3.217
4.103
4.274
5.177
10.439
16.943
18.733
36.083
9.162
79.177
6.065
3.806
2.046
0.483
3.183
8.837
44.816
6.439
6.896
96.819
85.223
3.952
5.751
3.457
4.928
8.058
2.106
6.741
8.291
25.002
119.610
6.511
63.894
3.267
1.708
2.532
9.998
8.226
7.467
11.443
1.912
0.848
1.620
1.236
8.054
79.764
0.549
3.378
12.346
72.781
14.344
13.795
15.319
14.684
33.711
5.933
3.492
11.391
14.775
55.490
3.571
3.735
0.985
4.079
7.931
3.365
3.145
6.743
22.120
0.041
0.192
0.530
11.470
1.186
0.906
5.131
0.292
3.222
3.612
3.198
16.744
115.175
37.484
5.462
3.150
1.425
0.417
1.085
0.232
10.875
3.284
5.756
0.000
8.653
7.989
6.551
17.461
0.000
7.327
17.080
102.391
0.439
3.105
4.566
9.160
18.668
3.627
4.231
0.242
1.306
4.575
5.076
5.788
4.276
1.785
2.219
14.378
2.613
0.383
0.000
2.963
9.409
3.138
4.461
10.553
17.467
9.192
4.995
164.024
45.645
8.291
0.086
1.025
0.620
2.858
12.567
27.102
4.213
5.795
4.204
2.994
5.491
4.954
2.764
2.388
9.126
0.021
0.000
1.463
1.287
1.102
0.501
4.920
3.323
0.154
0.556
6.719
7.430
1.414
3.461
0.000
4.328
12.027
11.275
0.563
0.474
7.393
0.000
6.539
15.666
22.743
3.441
13.075
6.159
25.432
12.114
4.728
23.727
6.475
8.813
2.608
3.023
0.045
3.135
1.814
4.762
4.246
16.771
2.611
1.464
0.038
0.000
2.249
2.887
11.342
0.403
5.569
5.019
4.017
4.151
0.608
0.173
0.000
0.072
9.936
0.117
6.259
27.534
15.849
0.161
5.249
2.486
0.985
1.890
3.251
9.086
11.779
10.087
7.234
6.434
0.587
9.057
1.686
0.000
1.790
2.889
0.003
0.000
3.368
0.113
9.768
5.256
11.680
7.357
0.896
0.639
1.813
0.000
3.557
3.588
17.887
2.867
0.580
7.893
1.706
2.269
2.743
0.932
7.814
0.553
9.558
7.522
0.299
9.253
2.826
0.010
0.014
8.315
0.367
0.000
0.179
2.953
0.673
2.874
6.303
13.259
4.473
16.112
3.845
2.781
7.007
0.460
3.286
1.188
15.353
118.724
4.446
23.406
8.562
3.759
3.646
0.151
2.966
5.260
2.577
0.721
3.330
2.637
0.965
10.222
6.415
4.546
2.808
0.093
5.033
9.764
11.625
10.756
2.197
7.759
1.342
6.980
4.710
6.849
52.315
0.439
10.325
16.462
6.745
2.547
29.316
1.181
10.938
17.314
25.440
2.683
0.553
13.564
13.581
54.298
19.576
3.574
32.006
2.522
2.584
2.146
1.554
9.666
15.171
9.824
16.126
14.262
12.979
17.539
16.081
2.335
20.457
3.588
2.898
18.982
0.778
8.157
10.532
17.623
10.028
4.099
35.307
13.395
28.037
113.661
12.271
17.067
28.343
113.770
17.247
0.833
5.231
7.381
6.801
12.581
12.379
8.715
12.016
6.793
12.659
45.229
0.333
1.343
4.647
4.951
6.278
10.360
12.636
7.179
17.841
31.612
1.215
3.349
5.900
8.544
24.288
14.598
15.803
29.994
2.985
9.639
5.214
5.557
178.425
3.023
19.332
63.537
3.677
1.190
13.019
4.441
15.995
11.094
10.731
10.046
17.796
4.798
26.081
9.469
3.265
76.116
51.490
0.244
2.163
13.451
23.820
4.635
8.501
22.670
14.107
12.226
4.916
7.431
7.972
32.557
1.147
4.855
9.150
13.929
2.039
1.627
7.014
12.727
16.929
41.099
3.313
3.037
11.137
4.504
6.338
5.119
23.991
5.500
17.662
5.260
2.273
4.151
14.155
2.870
5.627
9.263
7.672
14.559
3.607
15.965
1.720
7.598
2.118
4.896
10.537
14.608
0.937
3.078
4.528
7.201
10.296
2.853
13.431
2.029
11.477
4.219
2.657
9.541
12.497
3.131
5.208
4.070
3.080
7.915
15.266
0.431
2.297
8.329
12.224
2.156
6.791
10.059
6.024
3.643
4.405
7.920
8.298
6.715
1.916
4.573
24.498
45.806
7.385
2.946
3.020
6.127
17.178
2.712
2.374
9.647
2.410
2.287
5.806
3.378
6.465
18.759
3.234
0.858
4.250
8.418
2.015
16.280
3.974
4.511
4.779
1.571
5.600
4.405
0.714
4.374
0.041
5.380
0.299
0.048
1.763
14.917
3.306
6.906
3.983
0.237
0.069
0.000
1.478
0.000
0.072
0.000
0.000
1.881
0.014
2.455
0.295
0.096
0.000
0.000
0.158
0.251
0.259
0.000
0.000
0.000
3.347
3.904
6.176
4.932
1.974
1.978
4.175
2.101
2.427
0.347
0.000
0.007
0.100
0.000
0.000
0.714
8.151
5.570
1.582
3.147
10.224
1.330
3.405
7.234
4.281
0.566
10.997
2.734
0.176
2.841
14.485
19.545
4.824
8.592
0.000
1.360
19.324
160.189
3.392
3.426
9.211
42.740
0.809
0.810
1.665
2.101
7.163
7.162
3.859
10.664
8.367
5.527
41.067
3.277
22.955
2.352
3.220
0.975
3.038
13.939
21.774
4.283
1.610
7.028
7.539
2.297
8.343
46.283
3.831
5.943
27.239
8.654
3.809
3.799
60.318
22.548
2.565
16.289
16.292
6.642
16.952
0.342
15.625
4.849
9.163
4.091
6.195
2.735
5.566
15.563
0.136
9.136
13.942
43.320
15.389
16.519
1.754
7.265
11.898
8.154
8.727
38.449
1.854
12.559
0.000
11.543
147.282
11.378
11.858
3.296
6.650
11.295
25.200
4.233
174.010
9.606
14.804
14.634
38.785
3.560
25.622
2.118
0.652
7.083
11.829
3.114
0.694
0.463
12.066
10.652
27.076
53.981
15.326
4.635
13.208
6.746
9.045
16.679
12.406
19.235
2.455
1.621
4.149
3.042
16.570
18.261
12.612
1.545
10.487
15.734
0.014
8.260
16.524
7.788
13.814
0.297
3.088
3.456
9.063
21.004
12.318
2.443
16.558
3.898
8.458
107.106
0.000
6.002
10.914
11.424
19.393
15.038
13.305
11.881
4.288
15.381
0.651
4.518
11.970
7.687
7.799
3.188
6.425
11.208
10.851
24.179
11.184
0.960
132.881
21.116
113.540
8.667
2.197
8.216
14.818
7.155
8.925
20.175
1.432
1.583
10.046
20.472
5.002
0.680
6.279
1.693
12.734
12.480
17.437
25.612
10.379
5.318
4.803
48.302
4.824
6.091
20.071
87.183
26.844
13.165
9.386
10.952
11.357
50.959
13.632
7.684
20.867
14.378
11.724
23.133
14.090
2.396
3.086
5.455
11.536
13.225
5.322
3.492
8.025
7.840
7.721
34.188
4.611
4.721
18.778
0.924
1.710
7.814
21.156
20.702
8.291
3.831
1.150
8.326
3.127
7.692
34.528
2.146
2.565
7.189
10.138
3.487
15.333
16.125
17.169
11.893
14.092
13.700
2.584
4.116
0.582
10.422
18.955
6.602
8.159
18.488
10.797
0.405
2.938
13.572
3.222
0.330
6.587
3.723
7.086
1.933
4.964
4.398
0.316
0.165
7.090
8.162
0.759
2.139
7.086
1.466
1.109
36.334
1.456
2.455
2.108
5.337
1.150
12.998
14.162
0.045
2.238
0.216
4.503
3.169
2.836
6.139
4.092
1.806
4.439
113.612
24.833
9.311
1.033
0.822
16.806
7.220
5.823
3.674
9.369
14.063
3.821
1.099
5.804
1.308
2.424
9.029
1.483
0.120
0.000
0.089
1.119
2.414
4.346
7.375
4.724
3.200
4.195
3.639
4.322
7.072
11.625
8.147
5.761
23.470
23.742
20.464
15.539
14.989
36.423
31.423
22.295
25.432
19.248
6.932
18.749
18.285
13.989
10.185
6.520
14.361
9.718
1.919
6.770
20.716
32.744
47.753
17.302
10.200
15.625
17.206
14.002
8.813
12.238
2.844
9.802
14.224
20.726
30.267
15.436
12.768
10.399
4.597
10.954
8.381
21.880
90.328
39.292
17.559
9.040
8.418
7.541
5.730
11.879
15.450
13.369
10.559
8.348
25.301
52.164
18.060
15.032
9.915
18.534
8.956
13.529
17.364
22.598
9.972
10.610
0.441
0.048
0.415
11.304
12.675
9.551
9.754
34.555
37.426
50.250
14.361
14.119
19.705
19.363
8.374
24.007
35.706
24.953
29.552
16.881
18.404
21.406
1.856
14.624
78.552
30.487
26.709
64.653
10.863
188.381
99.799
23.717
13.172
12.820
18.563
34.322
20.950
8.605
6.911
16.888
14.602
4.571
0.503
9.841
31.823
2.774
2.717
13.177
21.930
28.084
26.391
23.114
24.451
26.947
17.269
20.531
25.912
33.872
29.340
33.927
31.510
25.066
25.588
20.778
9.809
15.875
5.421
4.216
11.864
13.518
9.211
7.821
2.966
4.583
5.253
22.797
10.585
40.737
16.383
16.802
12.988
6.660
17.437
11.817
5.270
2.393
5.758
6.669
20.661
15.638
26.587
20.841
29.732
18.649
30.659
15.297
22.632
21.207
77.208
25.485
10.327
17.683
74.832
49.531
18.472
56.921
6.137
3.746
18.529
29.842
30.350
15.298
20.970
17.673
21.671
16.637
18.411
9.929
7.587
15.134
20.514
14.426
3.299
15.769
14.632
3.306
17.039
19.693
27.435
23.233
20.888
28.290
11.364
20.441
30.621
34.353
29.739
16.857
10.324
6.789
2.008
9.369
10.399
24.314
11.694
16.632
20.709
23.483
33.663
5.713
22.252
5.624
23.095
36.578
23.960
7.440
22.838
17.482
27.377
23.245
18.145
17.489
56.696
20.862
19.497
16.531
8.291
18.038
26.698
7.553
24.589
24.369
13.731
29.550
28.564
10.410
16.631
18.591
21.324
14.989
13.870
5.558
7.646
16.291
1.620
6.180
19.988
21.224
10.834
19.794
57.459
20.536
21.252
13.935
21.959
18.210
24.359
10.712
15.281
14.282
15.669
10.873
22.749
21.621
22.161
38.830
72.166
10.509
16.754
38.919
17.245
17.080
5.502
12.301
9.654
5.086
28.460
45.641
13.268
74.656
4.779
1.466
0.000
1.147
0.244
0.000
11.082
15.958
6.151
4.367
26.127
10.270
24.520
17.427
12.724
21.504
25.538
18.812
18.929
25.938
16.751
16.167
11.525
6.319
2.616
26.003
5.047
7.991
17.582
22.031
1.780
66.327
100.803
6.703
11.815
6.468
5.083
2.232
11.529
8.444
4.808
18.340
3.601
46.737
9.960
8.202
26.546
15.455
9.579
13.017
23.095
19.320
15.863
29.047
29.826
15.647
6.068
24.458
112.582
52.226
12.979
20.397
10.875
10.506
25.710
19.302
18.339
27.583
17.091
20.785
22.561
11.663
15.010
11.718
6.678
15.113
5.898
25.598
10.526
21.071
20.926
10.900
6.473
7.368
7.958
7.807
5.097
11.132
4.280
18.174
15.031
20.399
25.466
10.900
0.103
4.197
10.779
6.496
13.589
7.708
14.468
15.268
13.819
13.111
9.270
11.766
5.946
18.193
2.247
23.161
22.426
12.116
15.982
19.693
149.634
21.880
14.648
8.868
0.299
3.469
3.038
4.523
8.696
14.759
7.162
2.008
2.127
0.264
9.048
11.836
13.656
17.082
6.624
24.905
10.250
11.328
13.699
35.699
2.584
9.757
29.313
24.621
16.788
9.220
10.279
12.717
19.916
21.564
14.641
16.140
25.844
35.908
17.949
12.847
21.839
25.018
21.770
16.536
19.504
20.610
26.432
13.997
14.718
21.739
21.279
24.445
53.867
30.363
21.698
35.929
58.890
9.311
6.585
26.968
15.159
12.415
21.161
11.924
12.550
12.318
17.230
16.890
24.489
7.587
2.069
7.534
0.359
14.524
46.125
18.742
9.129
6.063
17.101
22.337
16.351
40.584
51.928
15.353
15.546
43.568
87.954
15.776
54.662
27.208
20.673
16.809
3.672
14.941
5.945
35.984
18.845
41.075
23.318
20.804
8.839
15.786
13.820
23.624
10.949
33.362
74.865
35.922
25.990
12.300
21.767
21.640
13.218
29.996
9.421
20.730
19.363
16.658
20.263
35.204
10.300
11.975
30.882
51.399
9.761
16.634
16.830
17.523
83.228
8.078
13.396
12.008
4.985
56.768
0.062
10.876
88.787
11.086
98.142
10.482
37.501
20.356
20.050
17.360
27.313
7.690
10.904
14.679
21.856
25.039
25.442
21.245
21.283
36.821
16.871
29.577
13.451
11.038
13.419
20.768
65.669
46.002
14.011
16.637
26.436
27.651
35.208
5.886
22.189
27.826
47.313
49.644
6.180
9.627
23.435
35.980
12.195
20.764
62.420
22.182
20.002
39.214
49.140
4.752
15.868
21.157
51.747
7.052
22.501
22.218
16.713
2.060
30.257
21.650
53.153
17.781
15.175
19.851
19.291
20.613
21.856
8.712
36.967
9.939
10.863
21.914
24.069
42.792
33.917
15.281
24.443
27.327
25.941
10.959
19.604
26.729
17.065
51.742
12.572
18.694
25.761
22.440
18.055
13.496
24.690
16.438
16.222
22.390
28.702
15.075
28.554
39.238
34.470
16.919
28.609
23.555
26.347
127.939
43.726
5.129
14.464
7.373
10.442
29.639
16.219
8.061
10.365
17.966
4.552
7.814
6.499
17.087
2.465
2.197
9.144
11.175
6.775
30.726
7.220
0.244
0.937
7.859
21.832
48.434
43.681
40.327
19.262
18.787
21.106
11.443
12.675
15.767
10.423
12.543
20.546
26.798
36.269
13.235
18.169
24.692
14.571
6.233
8.981
7.194
14.162
23.906
104.044
101.423
22.357
16.136
16.323
23.306
39.916
22.191
5.929
10.188
20.184
13.417
7.663
7.464
12.356
11.857
6.231
13.726
14.588
27.397
17.530
15.295
15.123
3.650
57.270
6.236
14.066
12.830
15.566
18.567
33.230
23.691
13.201
19.470
15.462
22.694
22.766
20.014
7.378
15.456
13.355
12.159
15.141
19.985
6.892
6.652
2.944
0.209
4.829
7.314
3.692
0.002
0.405
3.595
0.009
6.678
10.786
5.650
0.518
3.109
3.141
3.593
0.927
2.113
1.983
11.064
6.628
8.338
6.976
10.442
8.866
4.098
0.539
13.970
13.239
4.542
12.353
9.170
1.241
7.788
4.166
1.576
5.891
6.827
7.697
15.189
14.268
10.959
2.067
2.623
14.756
11.017
16.806
16.289
18.033
17.987
10.782
17.159
10.440
22.258
117.537
31.026
4.885
0.554
13.299
13.850
14.116
11.817
15.989
17.056
26.628
30.842
41.276
18.975
1.809
13.074
16.624
20.374
19.262
25.804
40.296
8.609
12.009
17.422
13.321
16.620
9.905
3.977
8.538
28.884
39.772
32.029
12.487
9.520
19.401
16.088
26.865
9.239
15.039
30.180
130.466
33.682
29.787
10.794
25.873
18.464
19.995
142.870
22.882
9.040
7.553
4.453
14.857
11.010
10.499
11.766
13.947
20.338
20.860
19.782
22.822
26.789
7.404
3.341
29.512
19.135
16.394
0.397
16.366
15.520
48.707
29.067
15.096
28.963
45.538
97.778
16.514
6.427
22.004
35.290
82.303
12.972
15.147
11.016
12.892
17.393
29.107
24.779
6.200
2.911
9.079
25.990
13.561
20.837
24.668
27.222
17.269
9.630
17.616
9.145
27.474
28.275
16.888
18.182
13.148
15.530
40.673
27.862
18.792
15.638
12.689
9.665
32.754
35.072
14.801
10.826
7.342
13.408
27.862
105.307
13.472
30.834
5.054
12.806
13.990
14.002
14.845
30.360
19.123
6.442
17.633
119.061
12.315
26.982
20.984
15.774
32.125
15.920
26.934
11.259
44.943
24.833
54.267
15.714
20.946
15.189
27.727
15.039
15.374
12.468
50.575
17.032
16.395
23.676
6.279
23.243
38.953
26.185
20.768
41.624
17.005
13.894
26.111
34.672
9.479
7.931
14.656
11.391
16.699
24.990
27.066
51.509
39.786
12.827
11.412
9.599
13.920
5.878
17.073
12.191
18.601
14.852
13.642
2.973
11.258
17.709
16.013
6.640
5.433
36.524
7.577
19.952
15.403
14.969
20.984
18.893
23.569
28.077
25.746
20.811
27.914
26.223
17.661
14.783
15.250
21.770
12.023
36.341
24.726
83.534
29.292
41.702
7.931
20.654
13.517
27.126
26.762
19.106
0.046
19.130
20.548
38.380
30.432
21.499
6.140
22.186
20.270
4.655
9.206
11.141
10.880
23.150
46.716
18.035
14.335
5.510
19.659
29.824
10.180
19.080
22.543
6.575
17.563
12.919
18.835
6.563
1.821
4.268
4.041
19.164
31.095
6.293
7.752
9.546
20.072
20.011
34.749
79.515
18.188
11.759
23.563
17.056
45.775
5.562
8.562
13.613
9.795
4.927
39.171
4.772
4.511
9.369
10.613
13.033
17.891
17.700
24.524
106.912
13.668
18.917
19.628
27.576
7.186
7.922
4.935
19.842
32.331
45.708
29.406
9.764
11.132
35.349
41.961
14.409
9.453
9.012
19.820
18.375
18.407
7.100
0.000
0.228
0.000
11.477
11.079
27.044
25.430
17.190
20.744
14.133
15.092
15.767
18.079
3.553
11.989
64.866
16.435
7.201
10.617
9.785
7.050
0.237
5.716
12.734
16.498
27.171
20.793
17.726
2.831
8.768
9.201
3.413
1.003
9.132
9.271
7.852
6.405
12.675
22.319
9.086
13.237
11.766
10.974
9.179
9.646
21.578
15.922
21.988
18.114
25.856
20.479
4.498
2.211
2.479
4.858
11.388
14.313
11.246
11.412
8.513
1.631
9.028
12.998
20.639
10.691
10.514
0.017
7.122
22.670
21.283
19.583
19.216
20.548
6.746
0.316
3.643
11.304
24.999
4.024
8.446
12.044
21.272
18.251
6.818
17.485
34.931
14.964
20.132
15.237
12.813
13.342
10.241
5.289
7.275
6.559
3.291
4.583
10.495
34.713
15.117
9.531
13.623
75.996
13.829
24.791
15.611
12.166
24.726
20.122
19.041
39.918
77.587
16.569
11.941
24.458
24.005
38.265
29.651
14.135
17.274
35.433
7.993
10.521
26.693
52.247
38.524
39.657
25.092
8.792
10.588
32.420
22.982
11.460
9.055
6.372
10.495
18.124
15.774
12.063
18.031
19.528
20.071
61.638
18.497
32.023
25.825
7.107
23.487
111.815
20.002
25.097
39.359
30.346
27.431
33.192
19.535
27.950
11.082
21.660
1.500
22.148
24.300
22.570
47.595
18.958
80.688
15.436
25.032
20.390
25.169
35.271
15.554
33.907
35.898
60.950
72.661
32.051
20.383
29.366
15.697
40.244
15.120
13.496
26.908
28.685
24.393
25.488
63.480
16.356
17.376
23.269
29.388
32.403
92.110
27.160
23.906
19.013
25.914
15.058
17.520
20.678
9.174
15.089
25.251
16.850
25.612
29.725
19.339
36.557
26.745
21.111
32.635
15.280
24.486
11.239
38.960
39.177
36.313
