19790101
5.862
1.114
0.000
0.000
0.000
0.000
0.000
0.000
0.000
0.000
0.000
0.010
0.000
2.918
0.989
0.165
0.000
0.000
0.000
0.000
0.000
0.000
5.083
5.158
2.841
3.342
14.698
2.745
1.485
1.408
3.107
8.145
5.212
0.000
0.007
0.027
2.670
0.017
4.219
1.128
2.288
5.776
4.911
3.598
13.705
3.189
14.008
4.789
0.000
4.770
0.000
0.031
7.027
3.275
9.721
11.222
10.351
2.388
1.102
0.148
6.238
4.776
7.598
11.786
5.613
11.743
11.149
5.004
8.956
3.907
3.687
0.697
4.247
6.640
1.820
2.431
2.122
0.064
0.312
3.049
2.853
1.404
0.611
0.930
8.703
12.401
15.185
10.614
7.181
3.876
14.862
25.935
19.975
4.302
25.523
21.188
12.912
10.670
5.758
18.970
16.291
17.537
12.075
4.930
15.199
17.788
12.881
14.584
13.170
7.158
15.462
8.768
6.393
11.985
5.850
2.341
9.126
0.450
1.960
1.346
9.448
4.923
18.986
69.797
25.394
19.490
12.363
3.584
15.031
11.491
11.258
12.106
20.953
10.279
9.991
6.307
21.241
1.057
2.331
5.885
7.697
10.331
1.291
2.221
5.806
14.382
17.171
11.000
0.766
6.568
6.853
9.886
26.872
15.585
1.111
0.295
1.799
9.869
9.146
27.825
15.819
26.044
31.151
18.888
114.524
13.721
33.531
4.238
23.277
39.316
15.559
9.680
23.991
16.470
30.349
16.301
23.293
16.816
7.066
8.636
17.183
30.255
5.613
14.507
17.377
1.265
8.611
10.504
12.169
11.790
16.473
15.223
18.019
29.186
2.977
11.421
17.489
48.197
49.229
9.644
30.863
26.650
38.040
27.909
13.064
10.619
17.546
9.817
21.609
23.140
8.523
3.299
8.348
15.216
15.961
23.023
19.458
14.193
20.379
9.441
24.576
24.771
6.978
6.363
15.589
37.589
13.529
21.687
35.620
25.126
68.852
1.471
41.513
19.029
46.125
59.005
0.632
1.691
6.606
4.473
11.402
8.284
9.896
0.851
27.284
30.044
13.972
7.797
15.386
0.335
0.220
4.376
4.415
16.849
16.837
54.607
7.301
5.033
6.721
7.736
11.891
31.594
49.317
3.456
6.880
14.097
6.707
13.021
25.528
5.651
4.171
3.747
7.079
12.150
9.956
21.190
15.515
28.904
87.631
8.442
29.193
8.459
10.217
13.788
7.364
15.697
1.778
6.080
9.180
7.426
6.424
1.924
3.485
0.639
10.942
0.127
1.566
5.737
7.670
10.719
9.431
0.501
0.542
4.062
12.785
7.674
9.766
1.778
26.827
0.007
0.000
6.739
3.541
5.414
5.237
1.957
1.813
1.694
9.281
4.654
3.536
2.245
0.615
6.080
2.311
0.158
2.372
34.756
0.302
9.278
6.374
9.901
7.345
4.587
9.441
10.513
18.806
7.815
10.274
13.166
12.655
15.823
18.301
4.534
2.635
0.239
2.062
5.639
17.414
1.337
17.773
12.027
0.333
3.991
1.866
2.656
0.887
0.051
0.615
3.009
5.210
9.750
16.239
3.830
5.751
4.704
9.191
4.024
19.642
4.528
0.621
0.196
0.216
3.595
0.518
0.000
0.000
0.014
3.856
2.161
0.362
0.563
4.456
12.356
7.108
3.801
9.261
9.994
58.955
2.614
4.116
4.336
20.168
6.441
8.538
0.433
8.609
0.762
8.899
5.071
1.771
3.617
0.014
1.497
0.022
2.888
11.311
1.190
0.000
0.000
0.010
0.051
0.306
2.072
4.013
3.765
14.123
1.988
0.851
0.000
0.000
0.728
0.529
1.281
0.017
0.000
0.797
0.108
0.048
0.070
0.014
0.000
0.058
2.287
4.504
18.391
9.203
4.782
9.713
9.179
0.045
0.872
5.867
5.584
0.534
0.170
0.014
0.010
0.179
9.359
15.554
2.094
9.910
16.235
20.934
29.277
5.617
8.312
7.409
1.003
0.851
2.396
10.286
0.000
0.494
2.335
0.429
0.027
0.209
0.000
0.096
11.779
10.870
10.322
14.814
12.631
34.513
22.367
15.051
15.528
54.969
7.213
3.753
1.641
10.248
12.349
9.836
9.550
4.341
20.865
10.592
6.200
15.417
10.598
2.048
2.983
4.736
34.403
103.496
42.175
8.235
5.929
14.231
58.975
1.143
8.619
95.193
4.983
12.315
25.219
13.793
23.480
20.517
11.467
28.961
23.324
4.388
26.573
64.615
7.332
22.408
21.259
3.730
9.531
9.395
7.653
17.114
64.780
18.683
2.053
7.720
3.317
8.552
9.259
27.909
9.077
14.298
3.196
11.661
20.246
13.057
16.117
26.685
18.793
14.749
15.661
4.704
9.209
5.716
15.344
14.174
7.781
6.164
12.333
14.800
23.678
31.383
7.981
15.690
35.758
24.752
11.817
10.777
15.314
10.459
28.718
8.011
12.681
26.230
8.859
130.030
6.484
8.154
21.142
47.466
24.376
5.902
24.977
39.541
6.115
10.979
23.167
16.617
16.895
20.060
12.478
15.975
1.157
18.896
94.585
4.576
8.106
26.034
43.015
5.672
54.173
8.435
20.373
15.676
29.423
8.171
15.961
14.351
31.867
6.499
14.749
41.844
0.076
16.504
7.416
10.260
9.469
20.474
1.861
6.568
13.132
11.936
10.835
17.650
10.270
11.364
10.616
21.895
2.551
10.434
11.549
21.392
31.706
0.639
17.415
43.894
15.072
9.076
22.948
4.449
14.485
8.765
43.362
1.552
0.577
10.770
7.989
11.076
1.071
6.712
44.512
7.581
9.833
14.780
45.751
10.670
111.597
4.185
8.765
13.874
11.743
11.096
43.193
8.813
27.768
9.189
19.228
23.782
19.171
16.045
19.250
32.726
110.258
4.688
10.063
7.012
0.908
4.983
0.786
8.823
2.154
1.821
11.997
5.804
3.620
4.290
4.434
15.062
16.354
0.819
2.556
5.258
7.472
4.326
5.083
15.851
22.097
3.206
0.719
0.410
7.302
11.312
7.172
3.013
16.608
11.354
2.470
5.524
2.733
16.251
4.877
6.870
9.586
29.838
16.497
4.304
7.603
21.439
22.821
8.276
10.303
15.642
2.058
2.005
2.805
1.397
3.389
3.292
3.258
1.099
1.047
2.832
1.203
3.418
7.323
8.624
6.176
2.589
0.000
1.148
7.763
4.837
4.487
10.537
16.236
9.685
1.765
0.000
3.650
2.506
7.773
2.609
3.782
6.355
0.041
0.000
0.570
2.764
4.877
2.898
15.453
8.731
8.621
7.399
1.469
3.296
11.797
2.050
1.188
13.228
2.647
0.615
7.969
5.605
3.989
6.413
4.455
7.387
0.539
4.807
12.631
11.692
5.361
1.126
16.994
16.510
28.793
14.038
3.790
16.256
12.590
18.910
17.108
21.885
12.452
11.041
19.595
7.538
16.994
57.701
6.539
7.610
26.995
8.162
3.868
11.125
1.971
12.574
2.885
6.197
0.139
1.959
0.089
6.008
3.699
0.197
3.608
6.779
3.353
5.824
5.900
0.881
12.464
4.381
8.968
5.752
2.129
0.196
3.601
32.619
10.772
6.609
10.495
1.761
0.081
10.890
24.699
24.173
19.041
19.284
7.217
10.173
16.589
20.411
0.989
2.431
0.278
4.031
12.916
12.895
8.233
18.692
16.655
5.009
8.822
2.278
17.824
19.993
1.416
12.403
21.497
4.837
16.476
1.504
4.336
29.639
3.866
3.351
4.367
1.839
6.170
12.047
17.273
12.741
18.531
17.162
17.370
51.625
5.658
2.295
18.849
140.725
8.997
13.944
11.549
74.997
13.216
25.605
12.284
13.221
10.111
13.834
12.502
14.056
43.829
11.004
41.048
11.014
9.083
68.112
12.871
30.412
16.826
13.596
3.790
12.511
22.175
39.448
27.291
5.984
31.040
12.102
6.374
31.311
25.953
88.684
11.851
5.600
17.142
20.836
52.944
19.020
10.224
5.140
16.050
3.522
7.660
9.731
40.059
27.840
18.359
20.318
19.932
37.517
5.467
27.476
39.207
4.494
11.900
15.922
14.979
10.101
9.108
10.128
11.714
25.083
8.171
6.101
9.869
12.366
14.183
16.001
11.721
31.819
29.459
71.514
5.957
12.926
15.280
5.066
19.851
23.394
9.088
3.627
19.133
47.073
8.013
23.610
11.450
25.821
172.132
9.754
5.764
27.421
18.316
17.255
13.548
14.492
24.937
24.294
5.857
27.833
11.299
12.245
45.463
24.517
133.501
0.062
46.714
0.433
15.530
5.455
6.575
9.788
32.935
12.030
12.291
45.703
45.288
6.633
23.155
12.344
8.393
14.124
13.664
14.825
3.382
18.012
26.697
12.391
33.484
16.795
15.910
14.129
4.794
15.038
12.478
5.019
15.214
1.092
14.615
9.833
13.668
11.409
20.122
10.969
5.704
8.792
13.141
97.713
4.465
73.684
8.897
7.090
6.812
21.185
4.640
11.687
1.590
13.956
9.709
6.877
4.436
6.221
6.070
10.353
11.654
0.814
5.067
22.103
19.617
13.338
14.018
9.877
5.737
10.063
2.685
7.660
0.841
7.419
2.499
0.879
0.000
1.178
3.704
4.839
4.003
7.385
0.213
5.720
7.430
3.852
11.690
3.141
4.046
11.742
6.657
7.399
120.738
41.192
6.667
17.441
10.567
15.103
19.880
3.004
7.193
3.389
1.802
1.792
36.222
0.467
0.549
2.053
5.035
6.908
5.661
2.850
15.074
8.229
1.576
13.448
4.532
20.115
3.193
0.433
0.426
1.133
1.081
4.195
1.152
14.928
13.867
4.326
5.414
0.975
1.775
6.010
0.306
0.069
0.000
0.000
0.000
1.881
5.905
8.669
13.091
8.061
1.157
1.988
7.742
1.914
6.686
0.000
2.378
2.719
4.662
16.890
10.600
5.512
17.597
15.384
9.543
8.509
14.620
8.897
23.289
15.051
3.232
2.814
1.826
9.780
1.198
0.069
1.387
0.482
8.252
5.088
8.370
6.600
8.925
18.845
0.007
0.158
0.081
6.897
2.620
1.722
0.022
8.648
9.069
1.587
0.125
4.879
5.823
1.049
2.922
2.738
0.910
0.117
0.302
1.516
3.097
13.548
58.547
3.490
0.216
2.594
10.815
31.555
22.507
3.768
3.298
18.967
23.046
5.639
8.700
10.157
12.233
57.706
2.244
10.864
1.241
0.000
0.000
0.031
1.768
8.904
2.424
4.460
10.113
14.574
17.039
22.596
7.069
7.280
12.200
11.194
12.747
8.150
10.430
49.497
0.357
14.354
10.265
4.810
5.287
19.690
186.853
0.553
14.694
18.011
47.045
44.694
2.468
17.767
13.815
26.944
6.925
1.596
7.704
32.130
37.017
3.069
16.514
16.617
1.384
45.935
58.282
2.311
14.777
7.905
11.776
27.825
18.672
143.717
5.967
14.639
90.595
4.985
12.076
12.998
21.041
13.532
29.191
4.868
32.145
27.119
75.124
31.318
23.706
9.471
94.596
8.672
26.438
12.564
16.962
20.774
20.896
22.678
27.989
17.636
12.413
14.262
20.191
17.698
14.493
7.644
11.754
13.489
9.386
6.188
8.927
11.836
95.293
4.978
7.215
17.060
17.273
5.994
19.108
12.425
9.752
14.063
9.113
10.952
15.062
12.250
21.882
69.605
6.693
8.361
4.655
15.582
14.082
65.414
11.022
19.188
39.908
42.021
7.661
12.633
16.237
21.238
12.948
10.275
12.308
8.696
7.162
15.952
9.392
11.759
5.153
12.560
12.166
12.234
27.263
28.079
8.935
21.255
3.152
30.621
25.547
41.254
1.828
12.786
71.672
17.904
13.590
8.665
12.456
7.021
44.826
36.224
20.679
103.357
26.764
18.017
87.566
41.719
5.503
10.923
29.337
28.891
28.017
14.469
31.448
60.136
4.861
0.501
8.995
18.675
27.708
16.347
19.698
6.983
26.450
1.375
13.659
10.533
12.162
3.107
13.120
19.735
8.865
10.272
44.024
0.895
8.395
8.422
6.930
7.474
7.838
10.113
12.294
11.119
11.455
10.740
4.478
20.961
14.071
6.092
13.076
11.168
12.997
7.589
15.549
9.534
7.872
2.565
10.662
2.057
10.265
7.199
4.120
26.062
0.352
2.637
0.539
13.894
24.997
10.025
4.127
8.106
13.408
0.767
3.655
4.491
3.986
9.040
11.817
21.420
3.835
0.010
0.367
4.855
7.472
11.112
11.091
6.100
6.371
6.621
6.388
3.132
4.810
10.495
6.912
26.124
4.594
2.599
0.431
14.544
11.712
3.342
5.661
12.263
4.160
11.115
5.653
5.562
5.965
2.597
3.011
1.093
0.225
0.000
3.904
0.285
0.326
0.910
2.446
1.744
1.335
0.903
0.134
1.737
2.829
2.860
0.038
0.148
0.045
1.222
0.000
0.000
0.000
1.432
0.000
0.055
8.236
0.395
0.010
1.662
3.512
5.382
0.058
5.967
0.664
0.113
0.275
0.115
0.436
0.003
0.014
0.123
3.020
0.460
0.000
0.884
0.096
3.042
0.000
0.021
0.000
4.688
0.027
0.192
3.102
0.893
2.894
6.660
4.320
16.912
2.122
26.791
0.000
7.869
15.329
0.292
0.003
7.526
5.809
12.875
6.503
2.273
2.163
1.504
2.237
0.209
0.137
15.721
18.251
8.890
7.253
3.763
3.574
5.095
12.974
7.395
8.077
56.899
0.045
8.550
4.848
0.154
0.089
2.953
2.160
2.077
0.251
13.640
14.426
22.055
18.831
6.719
0.536
0.137
3.770
5.260
3.919
3.904
15.968
0.000
4.219
3.359
1.162
5.946
17.990
7.601
2.036
0.824
10.320
4.436
0.913
8.918
58.873
11.443
20.098
14.577
7.141
9.713
18.179
33.110
38.263
26.439
28.080
12.954
27.665
76.891
2.208
14.643
3.292
14.935
17.036
3.856
13.685
34.782
9.877
1.480
5.040
8.583
11.567
15.621
21.238
8.810
3.330
6.966
4.664
15.122
30.446
10.248
24.391
41.903
10.307
18.567
19.161
3.447
4.576
118.347
4.429
5.255
41.748
7.206
105.805
8.973
4.679
10.949
8.521
7.512
16.438
15.678
13.965
18.423
14.131
17.032
4.147
13.788
6.321
25.711
18.941
22.237
16.492
21.863
12.629
16.713
24.776
16.936
24.191
11.403
20.138
18.431
30.851
40.673
20.661
11.759
6.461
3.454
11.010
7.999
8.882
5.799
10.324
8.264
9.405
16.857
20.690
38.092
2.115
80.001
5.955
5.522
22.122
17.218
16.277
3.299
4.254
6.672
6.333
13.359
15.422
13.764
10.224
14.339
22.264
14.306
15.546
6.094
113.091
12.442
4.051
1.833
31.079
95.701
6.887
4.151
20.374
11.694
90.232
14.766
5.521
32.168
150.731
15.697
50.721
14.734
154.557
18.292
84.473
9.469
52.990
7.799
11.970
33.565
21.806
46.376
45.747
7.793
22.896
160.459
20.329
10.767
2.000
19.411
31.057
10.577
37.129
22.120
127.641
4.475
9.493
14.602
15.856
39.580
118.337
11.795
14.480
14.250
12.833
18.369
33.422
16.905
16.660
19.394
18.354
4.710
6.612
7.771
6.710
3.078
34.634
59.815
10.549
7.491
13.699
11.590
14.722
11.113
5.986
8.367
13.772
52.123
7.934
11.105
16.001
16.637
14.846
10.511
11.682
15.189
5.933
15.681
18.047
6.763
22.428
2.839
4.772
5.823
9.409
5.292
7.330
10.876
9.735
14.740
7.805
6.000
13.958
8.540
19.484
9.354
0.735
11.153
11.700
13.383
3.818
4.676
15.889
10.348
5.098
10.248
6.866
1.974
10.052
0.690
2.539
5.122
18.270
37.920
1.281
5.812
5.881
5.390
5.713
5.531
5.433
7.656
5.799
8.669
6.925
5.277
6.329
17.437
13.242
2.609
15.029
8.377
0.784
0.654
0.379
3.807
6.029
9.105
8.125
2.262
1.331
7.165
4.635
5.521
7.448
16.912
14.327
22.193
11.628
11.227
4.316
1.449
10.473
0.247
1.239
4.935
12.971
0.357
3.761
1.008
13.978
14.337
24.318
0.326
1.421
2.688
5.088
9.318
16.668
8.065
21.320
7.096
7.454
1.370
14.262
5.600
9.335
10.320
12.655
5.888
7.701
12.648
17.698
20.524
7.375
5.033
3.639
12.082
7.546
21.646
24.112
6.561
7.344
10.911
22.707
15.480
5.655
5.751
4.467
0.542
0.127
4.443
0.450
0.247
0.096
0.055
0.058
0.000
0.014
0.330
1.267
6.623
0.450
0.041
0.069
6.537
2.575
13.530
16.665
71.737
7.313
4.916
0.409
5.630
2.036
5.630
5.600
3.533
15.178
52.357
1.064
5.756
5.200
3.049
10.125
3.959
1.524
11.426
3.100
15.934
7.189
9.795
1.826
2.235
6.633
7.189
2.729
0.927
4.199
31.330
7.330
10.307
13.029
24.925
12.190
21.537
16.073
12.993
24.247
2.302
8.998
10.349
13.539
16.752
12.451
20.683
11.330
20.052
28.721
21.536
121.607
7.714
13.271
21.350
4.388
11.722
4.570
26.141
16.430
7.151
6.820
19.449
5.232
0.982
5.689
19.587
15.700
45.621
5.243
5.998
20.143
60.147
18.121
23.425
18.200
57.977
17.602
12.916
11.045
102.654
17.310
27.995
50.386
57.278
82.307
19.985
1.875
10.519
17.664
25.402
4.079
7.302
6.139
2.414
8.940
13.087
9.572
23.373
30.721
8.319
2.606
6.327
5.909
27.804
32.588
42.002
120.860
11.577
14.787
34.583
11.810
12.706
61.517
11.575
16.727
15.091
6.161
8.758
11.942
9.496
26.971
47.883
10.646
11.684
37.569
92.355
16.599
25.703
34.257
22.810
38.517
79.833
13.348
17.293
16.213
12.589
4.324
17.346
58.521
7.586
7.766
43.197
55.913
0.342
28.727
13.790
106.540
2.616
13.791
18.388
3.917
7.508
84.080
5.105
13.177
15.716
18.979
28.496
11.994
62.409
12.740
120.815
58.839
4.702
7.442
10.035
3.054
1.181
16.330
23.047
189.966
17.039
27.781
3.485
10.173
24.445
5.941
12.816
28.483
9.725
24.086
33.144
2.125
53.011
6.317
10.550
21.286
7.002
15.705
3.955
115.190
6.588
6.527
18.073
2.920
11.352
2.635
9.720
7.207
14.926
11.803
2.897
6.453
8.325
3.586
14.896
79.311
8.458
4.945
11.091
12.324
46.497
5.723
0.021
5.907
2.724
2.850
2.323
5.658
11.390
14.097
0.738
0.014
1.566
5.071
1.056
2.731
2.384
0.000
9.026
2.305
4.824
40.370
1.181
9.834
13.178
1.439
5.569
5.427
4.037
7.965
12.409
12.496
4.810
6.242
10.991
10.798
7.455
0.442
3.301
7.969
0.294
3.390
2.511
2.817
2.731
4.292
5.855
8.755
12.761
12.559
5.160
3.818
2.892
3.959
4.705
9.778
9.592
0.663
0.290
0.254
8.193
0.288
0.134
0.000
0.048
0.288
0.419
3.392
2.269
0.275
0.954
1.123
1.095
0.360
0.051
0.072
0.000
0.000
0.000
0.000
0.024
0.010
1.859
0.937
5.982
4.765
0.161
2.453
0.908
8.506
5.613
3.162
0.130
1.844
0.127
1.681
5.318
1.507
0.311
0.053
1.143
4.786
11.294
9.983
6.624
8.217
17.138
5.988
12.710
7.895
1.042
0.000
0.000
0.882
0.191
0.000
0.772
0.409
1.440
0.611
0.000
0.060
0.024
6.626
11.724
4.631
57.709
13.891
14.399
0.034
0.216
1.219
0.203
1.830
1.816
4.716
0.117
0.168
0.027
0.069
0.213
3.334
0.000
2.894
4.686
0.027
0.282
3.320
18.121
28.494
4.683
3.214
16.006
14.207
7.543
5.208
0.027
2.537
10.327
9.340
10.272
16.891
0.227
20.562
22.416
10.770
9.826
13.393
4.051
7.622
7.071
6.417
22.934
16.160
0.096
8.003
0.776
4.034
10.035
7.927
6.200
3.227
0.062
0.573
0.412
7.246
8.798
15.020
54.616
5.109
3.664
9.400
14.270
10.085
58.936
4.784
11.498
14.246
36.670
12.878
74.904
16.576
3.492
11.060
9.481
4.333
5.659
17.013
3.755
11.423
11.422
19.393
16.758
17.540
15.311
13.467
5.803
3.737
39.017
20.891
14.718
38.806
48.759
24.961
14.500
9.476
9.392
8.343
3.786
8.961
2.129
6.957
17.554
15.577
10.799
11.705
3.751
7.831
19.073
17.865
12.533
11.166
20.426
9.694
5.510
0.252
5.037
5.637
2.455
7.502
15.851
15.844
45.030
8.751
15.020
24.585
17.255
13.608
16.145
9.493
3.220
18.145
9.053
13.881
23.334
12.672
85.640
19.885
14.773
24.742
23.008
26.735
9.105
13.445
23.025
9.050
12.272
47.325
19.408
50.020
20.811
66.160
14.811
68.768
37.309
6.594
4.356
17.139
11.529
14.547
10.478
27.728
66.840
7.723
22.120
18.003
11.846
38.657
81.805
27.440
129.958
9.666
7.860
27.388
94.220
148.715
4.758
10.466
9.683
22.460
60.622
31.354
107.187
17.104
17.566
45.622
5.737
70.396
9.766
1.074
8.772
37.633
6.909
9.472
14.455
16.141
17.770
10.257
17.393
17.820
19.276
24.549
4.104
13.798
18.874
5.400
26.280
12.572
1.348
7.631
14.462
16.302
11.515
7.808
14.392
2.402
12.087
28.710
15.812
11.312
18.255
103.538
9.603
107.443
9.450
48.295
3.341
2.472
11.606
15.407
8.969
15.159
3.280
2.279
9.129
2.262
70.944
2.390
0.017
0.000
0.000
2.592
4.151
5.359
4.048
19.913
32.293
18.083
9.186
18.227
0.542
1.198
3.632
3.941
5.759
15.568
14.289
26.695
25.777
22.687
4.333
15.415
7.673
3.073
4.570
7.018
9.507
9.778
40.507
11.639
5.126
1.734
6.207
30.015
4.092
13.551
10.993
6.036
3.035
6.842
8.216
0.869
0.196
0.934
3.124
0.007
0.000
0.000
0.611
1.092
0.340
1.782
0.302
0.000
1.881
4.537
3.265
1.911
0.027
5.054
3.498
6.466
6.777
17.479
1.830
9.294
7.072
1.013
0.000
0.716
0.048
3.850
9.589
5.452
0.000
0.003
0.371
0.000
0.000
0.000
2.419
7.488
4.120
5.737
14.844
17.345
11.331
2.214
6.571
7.471
0.031
0.144
11.601
9.246
3.828
2.616
0.651
0.400
6.846
6.297
4.992
4.223
9.150
6.125
1.356
5.479
6.777
8.463
1.311
2.719
2.922
5.042
12.782
29.543
1.806
0.154
0.041
0.189
3.916
2.218
1.998
8.695
9.823
4.752
5.636
3.910
0.000
0.060
2.010
0.000
0.850
9.298
0.165
0.000
2.149
5.603
6.949
15.559
36.862
12.907
2.747
0.048
0.000
0.884
0.360
4.257
0.450
11.123
69.895
14.251
20.270
0.086
13.239
15.350
9.812
7.121
4.436
2.458
7.914
16.998
21.259
24.414
37.405
11.615
6.406
7.766
9.213
4.903
0.505
0.714
9.874
9.647
13.767
14.471
22.793
13.657
26.398
12.583
89.360
16.050
48.213
12.648
13.359
23.102
3.468
20.074
1.500
2.367
0.615
9.256
1.322
4.824
0.151
8.700
14.660
55.356
13.455
64.356
72.347
42.218
14.656
42.756
24.003
7.411
37.010
32.986
5.280
4.209
-99.000
0.336
11.965
8.446
7.272
30.006
6.645
5.215
29.852
4.841
16.823
17.134
38.217
16.826
5.670
3.275
23.524
9.162
20.453
25.351
14.354
9.239
9.378
13.743
16.102
17.770
4.659
8.705
16.265
13.944
10.286
105.994
10.955
5.998
6.321
32.001
46.184
30.779
14.299
10.719
8.964
12.651
8.889
10.519
9.589
12.840
13.640
31.646
14.378
6.803
27.790
29.541
8.587
10.925
6.528
8.813
8.411
16.735
15.182
20.091
11.494
21.894
21.313
28.482
18.306
12.581
28.005
5.150
14.577
14.828
3.983
16.861
16.397
14.639
15.759
26.341
170.841
4.621
10.078
12.112
84.303
17.726
33.445
10.125
10.162
14.461
9.076
33.505
18.946
12.337
15.384
76.812
55.876
5.581
30.008
35.266
0.906
14.093
6.650
17.297
24.776
7.708
8.018
25.758
18.940
26.904
20.893
24.639
20.671
8.379
9.974
66.446
8.832
16.521
68.570
16.146
128.704
3.351
16.897
53.811
5.993
15.017
4.426
51.007
4.930
18.330
4.927
9.359
14.624
19.116
9.737
5.299
11.961
6.932
12.140
4.800
9.132
4.896
8.895
4.726
11.237
23.044
21.301
2.647
4.947
28.599
35.373
13.280
1.071
51.708
2.630
6.678
3.934
8.350
4.458
9.750
9.468
9.632
2.295
4.482
4.552
11.894
27.227
30.902
3.619
1.009
8.388
4.474
16.555
7.938
2.457
6.957
14.769
9.896
19.211
35.500
1.171
2.453
3.026
2.230
0.000
0.034
1.451
0.634
0.324
1.954
0.045
3.444
6.533
10.471
9.110
1.554
6.520
10.058
5.485
6.983
13.469
4.849
3.571
3.495
0.021
1.294
0.000
2.470
0.451
0.045
2.705
2.197
-99.000
-99.000
-99.000
-99.000
-99.000
-99.000
-99.000
-99.000
13.637
2.489
0.007
3.153
8.660
2.668
0.649
0.000
0.010
0.735
6.300
3.880
4.807
0.398
0.103
1.164
0.865
8.065
10.303
22.652
10.444
1.349
18.066
11.299
8.219
2.050
12.504
0.010
1.802
0.003
0.896
0.088
0.034
0.249
6.015
1.828
4.304
6.688
20.297
5.473
12.672
8.143
10.664
4.574
19.015
4.226
25.524
13.436
9.948
0.010
4.772
3.073
0.014
0.000
0.441
0.321
0.951
5.591
4.016
0.151
5.833
10.555
0.438
6.824
1.774
1.801
3.152
4.899
0.173
2.083
0.160
0.728
3.224
7.151
0.000
9.182
12.778
17.043
19.823
22.009
26.641
70.730
1.586
23.813
4.528
11.031
0.141
5.412
11.537
24.212
9.793
2.194
8.645
12.118
7.981
9.773
14.517
8.509
58.379
14.282
10.025
2.431
0.762
5.781
8.296
14.533
5.562
4.298
3.098
35.215
8.389
38.153
17.842
116.738
24.810
22.807
17.055
1.299
8.192
10.398
2.637
7.938
5.280
2.194
17.154
18.993
1.557
2.630
16.909
105.812
9.457
132.691
9.922
27.934
21.178
13.935
15.728
17.068
31.546
5.895
70.055
14.749
3.910
10.468
4.062
1.281
4.316
4.374
11.199
6.485
13.173
19.654
14.945
35.918
55.986
6.636
2.039
6.873
2.858
8.425
10.518
14.176
17.537
15.413
11.987
17.776
19.849
30.803
22.960
16.356
4.165
11.342
16.622
17.025
17.156
41.698
12.370
8.302
12.377
14.323
14.983
19.281
7.961
25.873
23.610
10.073
9.100
11.716
8.605
23.682
38.287
44.530
20.440
74.642
18.250
18.917
9.484
36.318
12.772
6.179
9.052
13.680
22.743
8.908
21.268
60.045
18.855
33.869
8.573
13.086
19.585
8.371
151.945
30.227
30.556
6.710
11.089
10.487
24.947
113.185
23.552
1.554
10.610
71.560
21.902
7.282
5.309
12.484
8.228
11.673
20.847
22.505
19.197
14.399
15.565
11.272
16.253
21.140
14.917
7.963
13.448
19.308
85.424
25.752
13.933
98.626
15.012
26.180
10.913
19.498
15.249
16.172
179.818
8.295
10.167
16.923
6.573
4.786
14.029
10.289
25.021
15.485
33.091
47.567
1.784
6.963
15.306
2.592
14.190
22.755
19.081
12.114
5.510
20.522
100.595
6.080
3.104
13.604
8.447
17.970
2.556
12.727
0.357
1.270
2.414
11.680
1.976
6.013
21.616
85.790
1.619
10.937
6.017
17.207
18.494
17.101
4.391
14.814
7.733
30.384
25.091
21.279
0.788
0.767
5.191
4.288
2.929
3.976
5.445
11.524
15.446
12.197
12.950
8.418
16.878
10.667
12.391
14.895
14.042
11.251
6.575
16.564
0.779
10.313
10.592
5.346
5.354
4.147
5.191
7.433
1.717
11.852
3.914
7.261
8.216
9.191
0.838
4.618
6.180
0.354
0.000
2.252
12.451
3.624
5.225
11.913
13.132
13.400
5.737
2.602
0.000
0.261
4.988
8.559
5.751
3.756
0.034
0.000
0.000
0.000
0.000
4.752
12.329
4.877
1.555
1.341
0.309
0.476
1.299
2.987
1.559
5.942
0.438
0.007
0.503
4.427
0.021
0.475
0.206
0.340
1.390
0.621
3.303
0.093
2.331
0.062
0.034
0.158
0.294
0.017
0.000
0.000
0.000
0.014
1.169
0.113
0.275
6.484
12.667
4.333
6.641
0.443
2.367
11.070
9.616
2.276
4.276
3.716
1.904
7.172
7.718
7.372
7.443
2.154
0.203
1.823
7.620
2.362
0.185
0.021
9.659
2.736
1.032
0.000
0.000
0.021
0.000
0.058
0.000
0.172
0.546
0.000
0.045
5.891
6.990
0.299
0.000
0.000
9.057
2.805
3.014
6.324
0.014
0.347
0.072
1.167
0.458
4.178
0.426
0.000
0.000
0.065
0.010
1.751
12.171
4.666
0.055
1.622
11.153
19.276
12.147
17.055
12.667
16.773
15.525
17.080
9.357
18.051
21.321
16.209
5.624
1.025
7.016
14.202
12.203
4.499
2.554
0.208
3.802
9.653
1.634
16.555
1.969
8.954
7.623
31.738
13.596
8.865
1.243
11.719
14.169
24.742
10.859
10.155
14.421
115.611
34.095
14.378
51.196
4.401
18.321
2.956
21.653
17.542
12.631
13.843
5.040
9.555
20.895
21.533
26.923
120.115
7.670
3.509
7.975
2.733
14.042
22.979
46.577
1.880
4.765
8.990
15.462
20.893
29.629
13.245
21.327
14.783
3.677
9.748
24.106
11.228
20.416
13.163
4.465
0.347
6.248
10.078
12.423
7.136
17.097
1.282
5.679
0.886
8.319
20.155
6.285
14.986
19.782
3.289
0.645
3.437
3.066
17.235
18.309
26.554
4.329
10.114
17.036
5.558
11.089
16.287
15.875
20.332
9.630
7.711
8.096
16.816
6.044
6.940
44.639
18.244
11.031
16.665
19.573
16.171
13.918
24.403
17.358
3.059
12.890
51.629
16.562
13.354
17.303
9.252
16.144
17.003
1.178
17.612
11.431
43.650
41.261
7.991
3.902
4.728
17.453
15.256
3.480
8.245
7.430
12.164
6.599
2.499
2.398
7.460
10.396
0.553
4.844
3.536
13.345
90.658
0.721
23.713
6.829
4.913
26.666
7.478
4.316
1.974
6.801
1.315
7.517
14.924
30.731
10.399
15.656
27.857
56.592
16.270
12.871
18.907
28.527
9.771
74.748
5.823
11.999
15.843
11.896
0.215
10.346
17.170
13.625
38.668
6.098
8.702
20.737
5.872
11.759
9.659
1.270
11.871
2.566
9.497
2.002
2.536
2.865
1.057
0.000
11.972
39.783
6.640
8.847
6.132
5.401
10.085
28.822
25.809
4.810
10.581
52.277
2.656
43.506
7.202
11.515
33.891
30.956
6.045
2.157
21.285
39.144
8.671
22.428
18.887
28.488
4.434
24.759
5.112
4.510
3.624
13.544
5.346
9.004
2.089
3.843
11.489
15.983
3.862
4.786
4.894
14.658
2.992
25.215
0.158
2.293
0.602
5.445
6.806
1.657
0.218
0.606
8.595
4.393
5.679
6.600
6.823
2.244
0.000
0.069
2.623
1.490
0.501
3.842
3.631
3.555
5.531
4.124
14.347
7.751
6.206
8.623
5.037
8.830
14.948
10.214
3.773
6.690
6.286
2.705
2.611
0.000
3.435
4.336
13.336
8.350
10.310
7.893
5.577
7.230
7.622
4.377
7.191
3.313
9.211
4.199
5.359
2.750
0.000
15.017
0.000
0.000
0.000
0.161
0.058
0.000
0.371
0.000
0.130
8.214
11.216
0.007
0.000
0.000
0.000
0.000
0.000
0.000
0.000
0.000
0.000
1.360
9.380
14.389
38.941
13.190
5.758
4.837
10.186
26.379
12.540
7.055
6.128
6.557
11.896
12.658
9.641
4.381
1.360
4.065
5.098
0.954
2.221
0.264
0.014
13.726
5.071
6.067
8.889
5.067
3.409
2.668
7.508
2.403
1.645
2.444
3.893
5.081
6.832
4.954
3.296
0.306
0.120
0.282
2.973
4.051
1.219
12.154
11.304
26.405
11.913
2.513
28.262
2.142
6.434
7.275
0.748
5.507
6.393
0.247
6.372
11.755
7.819
10.107
16.593
15.371
27.157
2.396
14.069
6.405
16.366
9.551
1.868
3.349
16.500
11.714
18.148
0.621
18.905
68.105
0.302
8.187
24.371
5.481
51.098
102.408
3.359
12.320
13.410
11.867
11.041
8.505
7.898
9.472
15.252
17.678
9.115
20.800
2.886
28.723
15.049
17.643
7.857
18.546
22.172
5.047
13.458
31.359
10.377
13.508
15.278
13.718
17.381
8.612
19.923
11.505
7.103
11.982
7.869
22.108
11.644
13.438
23.937
5.984
29.701
62.725
23.936
36.080
7.596
3.316
19.541
11.613
2.644
12.027
28.532
27.143
23.512
13.402
5.243
3.395
9.280
18.775
71.114
4.693
13.079
15.671
6.130
15.491
7.054
7.495
16.359
17.702
27.634
66.833
18.023
104.494
28.075
6.367
12.397
18.900
6.860
15.276
28.755
7.074
16.023
7.059
14.061
24.980
12.881
55.098
5.929
6.805
36.251
4.786
18.587
11.311
7.519
11.391
24.973
15.015
4.384
13.901
20.483
15.477
13.122
20.369
8.339
3.426
7.498
24.760
153.427
15.597
65.959
2.596
3.749
9.433
23.315
26.182
4.604
19.362
43.746
13.180
22.642
14.126
13.115
1.057
15.141
17.061
41.671
10.363
17.727
21.475
82.885
16.479
36.372
13.391
2.511
5.855
8.969
29.710
65.159
2.004
0.108
0.000
3.574
15.288
26.467
50.681
1.432
0.460
2.815
5.162
27.524
46.609
0.213
22.495
19.696
2.935
3.921
4.031
10.815
27.277
5.287
6.925
30.460
123.445
2.098
11.450
3.414
19.616
16.744
2.448
8.233
9.531
2.139
3.797
122.688
16.993
13.459
5.842
1.646
8.278
0.215
30.647
18.632
0.181
0.000
9.091
6.291
10.523
8.214
3.299
11.664
3.320
14.087
17.170
1.536
10.222
15.710
22.165
48.867
8.621
22.060
14.854
21.806
17.522
2.015
0.192
5.722
12.523
3.097
1.837
3.916
14.784
6.235
9.655
3.175
0.752
3.339
0.017
0.848
0.051
3.016
4.252
0.000
0.302
1.090
0.024
0.182
7.658
7.735
12.099
2.194
1.880
0.230
1.114
1.990
4.825
8.659
13.824
8.664
6.727
5.759
5.445
8.732
4.316
8.600
0.144
5.730
12.360
10.224
6.850
8.072
0.244
5.078
9.541
1.825
9.488
7.866
2.175
6.363
5.098
10.914
7.419
3.934
9.562
4.619
1.102
0.678
20.084
6.073
10.705
11.525
4.473
5.061
1.752
2.611
0.244
1.972
0.591
1.957
0.720
0.000
0.000
0.906
0.707
6.861
0.249
3.291
6.904
4.764
2.716
0.858
0.362
0.031
2.808
2.304
2.396
6.547
2.256
0.566
0.034
0.223
0.051
1.088
3.176
8.847
0.130
16.196
37.752
13.417
10.192
8.863
27.778
12.662
5.116
9.390
14.998
13.951
21.650
7.213
11.108
2.977
1.929
0.062
0.182
1.744
0.223
1.991
1.943
0.364
2.901
42.503
36.741
10.621
18.972
13.146
18.989
8.525
12.130
8.384
48.089
75.861
2.647
8.871
24.211
64.619
22.165
3.663
4.154
7.721
14.347
18.663
13.592
11.426
22.587
3.998
4.999
18.945
8.868
11.381
29.285
13.439
4.322
30.309
3.948
9.610
91.805
3.777
7.996
6.571
0.992
7.333
39.606
14.632
27.603
14.420
7.800
51.413
1.926
17.994
8.061
27.946
5.953
23.845
116.404
5.236
14.838
129.573
9.883
10.277
2.621
13.288
0.870
12.414
36.796
56.724
96.215
32.609
48.290
5.033
6.710
31.026
17.101
4.304
5.083
18.130
14.164
17.748
11.838
11.482
5.831
3.972
8.968
11.757
23.570
16.335
45.264
7.467
25.754
17.315
19.225
47.672
27.502
4.235
51.068
18.188
24.095
11.930
16.938
22.009
11.849
15.458
9.397
136.367
6.803
4.891
19.899
12.282
22.271
15.310
15.507
29.212
28.068
7.488
10.654
9.431
44.998
3.668
11.285
21.485
21.231
10.526
9.685
4.151
12.552
40.785
28.508
14.636
16.788
14.756
29.368
164.991
72.833
7.423
21.169
19.583
10.415
11.247
19.913
10.741
16.898
16.874
15.328
13.781
25.401
13.530
33.735
20.841
32.324
26.803
13.984
75.179
10.693
9.390
16.737
24.757
100.261
30.144
6.168
20.676
21.047
26.335
5.804
11.610
7.974
5.318
9.469
28.120
59.699
5.438
40.104
6.405
8.820
4.712
29.447
45.973
12.219
9.627
19.933
29.910
18.186
6.257
9.050
16.339
17.170
27.459
19.937
49.270
6.760
0.000
14.299
20.345
15.439
34.586
0.951
7.922
23.446
2.541
9.977
10.245
123.356
0.546
13.669
8.777
7.859
19.566
6.575
2.733
9.229
9.795
5.674
6.229
0.889
5.680
2.147
16.092
25.747
9.913
29.533
14.497
15.533
81.173
7.738
20.186
24.513
9.067
10.056
33.002
10.614
11.123
16.127
17.283
20.860
9.761
17.755
8.269
4.440
3.650
11.191
8.023
15.937
11.573
9.936
2.527
0.742
0.051
1.030
6.520
2.836
3.986
10.773
3.457
3.189
6.559
0.209
0.165
3.766
6.873
7.725
8.113
0.711
0.347
0.000
0.000
0.000
0.000
0.134
0.954
0.395
0.117
5.067
8.394
0.386
4.276
9.105
8.932
5.380
4.843
3.679
8.508
3.928
3.490
0.718
0.069
0.762
3.363
1.164
0.872
5.050
3.344
1.185
0.242
0.000
0.000
0.000
0.000
0.000
0.000
0.000
0.000
0.007
0.000
0.961
3.790
0.374
0.000
0.000
0.000
0.000
0.051
0.941
8.880
5.670
15.800
20.397
13.328
12.404
19.058
10.767
0.000
0.038
0.227
0.000
0.027
0.360
0.124
0.000
2.022
15.290
21.035
13.488
7.306
13.881
2.630
1.156
3.187
10.434
3.648
3.835
3.662
12.380
12.030
13.347
24.244
4.645
3.710
0.357
0.637
0.048
0.017
0.000
0.000
1.356
0.010
0.000
4.819
2.407
3.946
1.687
0.117
0.416
1.641
0.209
0.000
0.062
5.644
12.823
10.957
16.325
32.698
7.110
8.442
1.900
31.376
14.238
12.569
2.980
17.285
4.206
4.930
11.172
54.695
2.707
15.628
2.266
12.672
24.987
15.788
6.890
15.649
13.712
12.130
10.528
7.481
0.704
28.805
18.416
95.814
10.125
21.348
85.975
0.257
12.638
68.855
0.096
3.643
3.780
9.771
46.846
24.601
9.513
7.182
3.100
0.999
10.619
1.047
12.291
18.234
26.635
19.003
15.884
25.554
12.185
3.773
8.789
23.609
23.418
111.789
17.032
20.483
10.540
13.293
17.849
29.728
17.685
7.701
9.115
35.228
80.791
22.620
17.877
99.883
21.568
47.396
10.832
36.385
54.458
29.433
30.384
33.570
46.757
24.623
27.102
8.049
16.140
18.994
19.077
2.709
37.836
19.633
7.927
14.802
12.923
21.914
11.561
12.404
13.029
9.261
17.273
8.065
11.886
7.239
28.235
21.130
14.208
23.161
8.355
27.419
12.551
12.557
50.347
18.230
83.203
11.208
4.355
19.326
1.408
5.370
16.476
60.890
126.918
24.236
11.942
47.550
7.605
17.987
2.161
2.268
5.091
19.070
14.700
7.526
30.381
42.896
9.495
3.406
16.929
15.309
9.321
12.139
10.383
25.652
17.032
0.000
2.218
17.796
9.218
19.284
15.817
17.104
19.947
19.073
16.200
19.180
20.105
13.860
8.885
9.651
10.015
93.198
12.957
2.311
8.762
69.221
39.796
12.960
15.549
0.120
4.743
31.397
22.350
13.204
39.317
7.869
9.804
15.910
30.230
17.812
21.530
79.465
16.171
6.674
63.103
7.280
44.598
0.142
5.507
21.231
2.760
7.031
55.661
4.786
4.657
4.760
3.097
8.054
9.256
8.751
17.659
10.518
19.326
16.346
14.602
104.370
5.727
19.094
39.335
22.728
38.830
5.459
15.511
4.209
11.258
5.122
11.014
9.390
3.804
1.768
7.090
7.347
9.392
6.997
6.763
3.366
4.894
12.744
0.220
6.539
14.205
9.398
113.362
5.461
6.755
7.910
15.989
6.230
30.696
13.633
5.267
15.626
4.012
1.978
1.519
11.734
6.255
6.417
7.435
2.202
0.747
0.137
0.811
10.059
1.858
6.765
3.922
2.640
0.000
0.479
0.391
0.000
2.728
3.835
7.860
8.509
5.608
0.069
3.095
0.726
2.523
8.645
14.205
12.790
21.459
8.916
5.366
0.000
2.390
0.000
0.000
0.027
0.546
0.000
0.000
0.076
0.000
0.093
0.079
0.551
0.949
2.046
3.169
0.082
0.000
0.054
0.000
7.872
4.223
1.517
1.964
0.010
0.021
0.010
1.322
0.148
7.035
47.979
6.952
7.464
0.000
2.453
0.034
1.596
0.079
1.823
0.000
0.000
0.000
0.000
0.000
1.284
0.673
0.000
0.783
7.776
0.385
0.098
0.021
0.068
2.020
1.071
1.164
8.985
0.280
2.057
0.275
0.160
0.091
0.735
2.419
21.399
0.311
2.870
0.415
0.000
0.244
1.912
0.858
0.000
0.000
0.007
0.000
0.000
0.000
0.958
0.542
3.001
11.050
1.840
2.729
0.000
0.326
0.021
0.906
1.332
0.062
5.339
5.742
38.511
0.831
6.104
0.451
7.055
13.819
14.186
21.207
11.827
4.449
3.272
3.308
12.459
39.324
46.132
10.590
18.014
19.727
4.424
10.070
21.492
15.355
13.232
114.580
2.206
34.202
32.885
18.991
1.389
14.429
15.759
21.102
7.198
11.141
15.245
21.392
39.014
13.218
25.722
5.958
17.851
8.729
18.828
29.969
9.330
20.374
18.345
31.752
0.685
1.509
2.268
17.364
25.188
134.035
12.460
16.727
14.081
13.846
12.591
12.556
27.965
15.862
15.183
6.483
6.486
4.566
10.430
8.177
19.073
8.452
11.774
13.602
7.447
10.464
13.658
19.698
6.146
69.174
17.413
15.999
6.137
14.535
8.751
17.128
16.023
11.879
11.865
32.849
15.683
7.079
5.126
13.292
20.273
60.037
8.278
9.905
16.703
22.062
7.112
6.894
7.253
15.916
4.546
6.135
12.020
17.595
17.314
18.618
109.772
11.474
25.298
40.437
14.297
1.040
9.369
12.657
9.596
11.778
7.201
12.259
100.848
15.359
8.551
4.458
34.961
72.394
11.170
6.386
20.620
1.807
9.791
16.837
8.675
14.026
3.959
6.786
5.818
13.342
33.555
16.122
92.265
22.714
149.584
13.748
13.554
10.040
22.671
24.189
16.694
8.082
17.439
41.465
10.967
19.874
26.097
18.739
71.567
5.268
10.401
11.791
13.304
73.743
1.370
9.433
28.920
12.404
5.757
7.536
11.481
9.656
93.155
1.178
12.115
4.355
21.477
8.202
10.533
13.458
0.772
6.848
7.507
4.144
14.531
1.402
1.743
6.348
4.111
5.291
15.776
49.123
14.773
17.228
35.714
28.607
46.972
3.802
10.045
18.814
15.341
22.923
27.636
13.153
7.522
8.175
22.903
2.386
18.982
8.971
6.506
0.965
6.118
6.032
8.954
9.014
7.265
12.748
9.187
7.193
9.246
1.909
2.915
3.196
3.251
8.410
5.052
4.338
7.692
2.434
8.418
2.434
1.044
2.671
1.730
5.177
11.628
9.592
6.214
6.733
2.726
10.264
4.679
5.467
10.126
12.190
7.392
0.139
8.468
4.563
4.896
15.031
6.810
0.748
0.000
0.000
0.388
0.000
0.000
2.032
3.615
6.209
4.432
1.744
6.218
0.671
0.566
8.089
2.776
6.202
12.164
17.918
11.850
8.947
0.220
0.546
4.063
5.778
3.040
4.358
8.121
0.566
3.176
5.627
7.618
9.809
9.390
0.124
0.354
2.626
11.906
4.056
6.336
15.542
8.394
4.036
7.957
4.443
0.409
0.831
1.603
4.618
2.287
12.268
10.815
11.209
17.262
7.121
4.238
3.871
0.597
0.323
0.000
0.000
0.000
0.184
0.000
0.038
0.007
0.000
0.000
1.475
4.003
1.971
0.618
10.051
6.951
0.122
0.863
0.766
5.733
1.493
0.099
0.817
4.767
10.695
18.996
2.576
10.234
15.222
6.144
13.652
8.645
2.233
21.568
15.154
9.170
18.857
9.733
8.689
19.469
0.027
2.134
3.847
4.168
7.021
7.482
9.551
7.428
17.275
14.481
12.004
6.085
1.262
7.012
2.587
18.531
1.015
18.394
2.276
12.231
10.119
13.029
11.888
5.490
3.916
0.731
8.358
11.033
16.466
27.677
14.256
5.854
16.438
4.001
6.333
12.234
10.430
30.223
110.842
7.975
16.641
7.783
4.611
16.291
4.789
21.561
12.651
10.942
3.794
11.045
8.322
11.872
2.379
15.003
24.678
16.531
7.879
0.838
10.863
17.406
15.501
42.191
8.566
13.953
20.002
0.000
7.225
4.346
6.379
8.653
12.727
14.804
14.483
13.244
7.014
12.342
8.391
4.928
3.989
15.000
28.655
11.328
119.981
2.264
14.514
12.603
12.048
35.529
12.337
5.607
13.458
11.496
30.674
10.748
6.563
14.136
21.595
60.384
9.984
0.556
15.172
162.143
16.028
7.060
13.295
10.824
32.041
34.921
10.593
20.194
15.857
37.364
50.520
3.821
1.636
17.966
9.105
20.686
17.968
24.666
27.593
9.162
12.299
27.021
30.964
37.402
100.326
15.163
5.303
7.850
8.895
16.722
11.774
3.571
6.429
45.236
37.233
12.770
39.438
7.107
20.665
9.496
17.923
42.220
14.121
83.640
10.858
15.822
8.197
23.927
28.654
19.181
1.409
10.773
62.773
2.789
8.521
4.132
87.333
4.655
7.316
44.340
9.005
19.307
10.159
16.068
23.531
20.847
23.583
7.593
33.024
15.137
25.835
4.144
18.999
71.384
2.324
14.959
16.354
23.809
54.544
15.745
1.905
4.573
10.727
12.523
46.160
7.690
1.730
20.871
19.734
8.013
12.615
10.839
19.679
19.051
16.950
4.710
13.479
41.903
13.300
13.726
35.136
28.999
131.733
4.662
6.372
5.557
22.731
10.049
12.413
63.662
8.463
10.813
5.325
19.163
19.501
25.639
49.778
3.722
17.987
1.984
15.994
27.565
135.338
10.784
15.182
38.782
7.742
2.307
0.680
10.430
6.228
19.587
58.633
3.828
1.569
0.223
6.657
5.160
4.745
11.882
6.527
1.047
4.592
0.893
2.489
17.008
6.489
2.074
3.116
0.175
4.738
10.595
6.019
7.781
4.396
5.723
7.833
9.641
6.387
7.958
12.578
4.137
7.443
4.952
3.425
8.983
4.238
3.341
2.572
0.740
1.611
3.347
2.971
2.470
0.000
0.000
0.613
1.543
0.000
0.000
0.000
2.891
5.291
11.494
3.258
3.476
1.291
1.833
4.690
0.288
0.000
0.024
11.082
7.440
7.519
2.671
5.689
0.443
0.000
0.000
0.007
0.106
0.000
0.000
0.000
2.132
0.360
0.058
0.003
0.817
0.065
0.000
1.722
0.000
10.008
8.047
0.148
0.391
0.038
0.010
0.409
5.291
3.735
4.202
23.040
0.003
1.634
18.953
8.957
11.707
5.079
1.559
0.000
0.069
3.270
4.611
0.972
4.741
15.652
9.716
13.311
0.498
0.089
1.593
0.000
0.481
0.457
5.565
17.125
13.723
0.821
5.270
1.006
1.171
6.860
24.501
59.474
11.889
2.163
2.613
15.875
0.697
4.364
5.847
31.696
16.107
6.533
3.080
3.926
1.172
37.872
31.556
18.910
8.538
4.264
7.917
25.717
12.615
12.878
5.131
2.563
15.086
9.598
4.801
3.910
12.751
16.894
11.375
8.702
11.762
7.967
7.242
28.314
13.973
14.229
0.668
3.073
14.018
8.084
4.638
10.145
20.725
6.067
15.059
14.008
22.740
4.146
17.139
28.722
1.739
61.037
0.000
8.826
38.052
6.194
101.557
1.579
14.795
5.402
0.671
11.749
15.681
8.326
9.881
8.437
51.680
8.877
4.434
1.212
4.084
19.841
22.769
10.780
66.694
1.027
0.285
6.248
9.630
7.079
15.295
10.581
3.169
7.162
13.108
22.402
13.903
10.432
23.291
25.215
83.393
42.862
7.124
15.779
11.264
15.566
23.655
13.297
24.132
11.793
17.705
9.378
13.317
12.542
76.889
8.238
25.753
6.224
2.886
15.632
19.769
6.273
8.058
10.806
8.391
8.496
18.453
14.014
11.819
24.560
26.645
19.253
25.979
149.898
17.578
20.785
22.024
19.530
17.015
17.071
28.269
43.252
20.166
14.965
11.422
21.743
15.216
66.217
10.933
14.308
20.158
20.338
4.398
6.933
12.971
25.475
53.814
71.854
4.237
6.413
14.434
4.419
10.531
6.446
20.373
35.484
5.625
7.711
3.745
23.970
17.700
20.162
32.477
46.635
28.757
62.171
15.317
16.488
7.514
26.894
18.363
4.355
21.431
19.308
11.776
19.420
10.255
19.496
13.947
9.558
7.857
8.195
36.172
8.956
1.859
6.310
12.126
12.274
15.645
7.004
12.322
74.328
5.018
16.940
11.046
19.870
12.995
8.695
1.962
10.712
8.015
3.455
4.446
13.202
13.807
1.907
25.941
95.282
3.831
20.319
22.476
21.710
2.771
7.728
1.564
6.403
46.903
10.185
10.913
13.786
6.679
10.066
12.777
6.628
6.054
16.086
40.007
5.720
29.021
3.937
5.249
2.323
6.851
1.756
5.739
17.030
10.635
20.220
14.199
9.739
5.707
3.440
10.432
7.852
6.247
24.251
9.682
14.129
1.873
1.741
3.234
14.586
5.888
3.209
5.723
2.831
4.501
10.111
7.450
3.960
8.482
7.340
17.430
12.042
7.608
4.391
7.766
6.427
3.107
1.535
2.707
0.000
2.311
4.789
10.674
2.626
2.915
4.321
0.972
0.024
1.341
0.065
0.000
0.000
0.000
0.000
1.095
0.754
0.000
0.000
0.000
0.000
0.000
0.000
1.339
0.000
0.000
0.072
3.074
2.388
0.525
0.373
5.770
8.492
8.240
8.027
15.310
17.800
5.482
0.000
0.000
0.000
0.000
0.021
0.807
1.647
0.484
4.003
2.087
1.131
0.000
0.000
0.000
0.000
0.254
0.000
0.000
0.000
0.000
0.000
0.000
0.182
0.000
0.645
0.000
0.036
2.343
0.027
0.000
4.343
7.864
0.302
0.000
6.405
11.742
8.011
0.000
6.108
7.007
3.411
5.691
4.334
3.450
5.800
0.051
6.873
1.363
0.105
2.796
3.705
8.317
0.580
3.495
9.257
6.554
0.110
1.753
0.137
0.203
2.165
23.068
32.702
9.057
5.584
3.900
2.959
13.218
26.496
14.866
57.843
10.650
1.991
17.904
2.338
8.648
9.726
8.786
4.518
0.463
0.069
4.587
9.905
4.958
13.877
19.501
2.733
3.203
9.009
10.990
10.698
23.095
21.712
18.443
11.676
13.098
24.915
111.439
15.680
18.962
5.565
16.600
7.148
2.345
0.347
9.304
21.307
19.542
47.066
5.538
19.731
13.434
12.864
102.683
27.342
3.037
10.633
12.291
18.292
23.305
6.520
3.921
10.753
10.478
7.320
11.464
15.000
15.450
181.889
10.557
11.262
7.301
9.797
17.685
17.266
3.701
13.575
9.707
13.475
22.791
11.668
11.688
8.578
3.069
7.323
28.053
28.010
16.378
10.412
5.100
10.708
33.496
12.178
17.329
20.524
62.468
13.309
9.345
31.915
23.727
45.336
17.482
8.873
13.453
6.197
11.244
28.619
15.824
17.700
21.866
15.271
23.803
70.309
6.351
38.363
5.915
16.823
55.381
17.631
79.273
10.734
16.071
12.597
6.381
1.837
0.014
7.567
44.127
1.427
15.781
9.874
41.350
3.248
2.527
10.022
12.803
54.171
29.018
0.191
5.881
11.728
12.960
132.914
15.197
5.098
12.234
8.623
90.007
0.431
16.812
15.149
12.365
113.959
11.055
14.401
26.556
2.002
14.384
15.522
17.582
21.561
7.220
7.670
14.540
7.249
12.861
4.576
49.456
15.786
37.769
12.016
10.097
17.327
13.898
187.499
4.302
18.031
19.901
3.478
36.811
2.829
11.522
9.273
14.732
42.527
7.251
17.503
5.751
10.554
7.352
34.912
5.342
18.723
5.297
48.707
18.179
7.619
6.405
15.997
11.905
2.003
1.599
12.092
30.638
8.097
10.343
9.824
9.469
10.557
9.402
13.922
9.896
64.181
7.308
17.156
133.400
13.579
8.314
20.915
9.188
11.191
16.438
1.505
17.691
11.667
13.733
19.044
3.540
19.016
28.719
26.391
4.614
1.018
6.156
4.642
16.595
20.838
5.040
2.096
10.950
2.995
1.740
13.111
2.973
0.051
7.745
4.005
1.037
0.319
4.604
5.134
7.575
11.215
20.301
5.550
0.973
9.877
2.741
8.442
5.997
3.696
0.285
1.692
2.074
3.553
7.351
5.617
8.897
8.877
16.433
9.964
8.726
20.689
2.196
3.176
1.796
6.724
12.414
10.052
6.897
5.747
11.862
4.031
7.313
12.531
14.457
11.141
12.633
2.733
3.196
12.607
10.777
12.969
10.270
9.695
16.253
12.277
3.720
5.177
6.860
2.297
5.706
0.007
5.102
8.587
1.414
0.000
0.000
0.000
7.323
2.493
1.078
2.486
1.451
2.256
19.712
5.977
7.335
0.110
5.976
6.339
13.572
16.237
65.729
14.153
7.539
5.143
22.360
5.636
17.453
12.804
2.187
7.435
6.824
5.542
2.865
4.039
6.679
48.366
12.483
11.306
20.356
6.717
3.210
2.800
7.661
6.001
12.588
5.979
1.596
2.178
2.108
6.957
10.894
4.489
2.985
6.858
2.237
2.106
2.511
5.589
11.516
5.356
19.465
14.232
9.493
4.113
26.323
7.493
6.801
6.038
3.202
1.957
20.891
28.240
22.984
20.397
3.799
17.068
13.451
49.886
11.292
7.989
9.352
9.510
8.195
4.202
9.093
6.751
6.424
4.029
1.890
6.638
4.626
5.639
7.991
33.891
9.186
7.479
18.659
120.305
8.800
24.818
20.520
14.795
61.287
18.594
29.469
24.209
26.453
13.923
80.725
29.193
130.408
34.976
8.437
7.139
4.144
13.233
7.860
14.972
0.790
15.270
8.355
12.135
10.607
14.093
10.229
12.202
14.097
3.222
30.762
3.194
3.465
8.432
16.445
4.266
15.393
9.901
5.400
16.133
6.703
25.723
10.391
18.184
32.394
17.572
22.409
14.881
6.621
19.528
2.944
5.600
5.833
15.668
4.918
36.040
75.298
5.624
12.420
51.504
2.475
7.079
9.311
5.277
20.287
5.826
12.796
24.601
56.205
2.070
12.370
27.006
11.724
2.043
2.087
7.546
2.208
27.016
14.224
13.750
19.425
22.083
11.827
7.484
13.410
17.633
21.650
4.046
11.361
3.574
29.912
14.384
7.690
6.939
23.585
53.881
15.296
12.861
102.885
24.884
17.378
14.660
97.910
73.899
29.845
17.793
14.509
16.095
13.899
4.528
1.190
4.491
19.046
58.406
1.236
20.731
12.557
9.588
1.786
14.537
17.882
27.152
15.619
16.263
3.675
22.713
57.742
10.688
15.397
66.716
2.245
12.322
7.624
13.509
42.851
9.055
5.616
7.536
27.498
16.122
8.535
14.917
29.954
49.902
8.217
21.652
7.172
12.005
26.305
2.531
1.068
18.236
13.608
11.028
11.127
21.753
55.682
5.553
15.408
18.102
15.320
12.948
5.974
6.568
9.344
11.159
2.611
0.407
12.931
13.465
1.584
14.684
7.459
23.284
14.088
16.590
6.350
16.121
10.169
24.216
8.238
0.361
5.370
8.188
1.192
13.846
9.479
2.276
6.981
12.102
7.714
4.683
10.329
9.992
12.160
5.804
15.815
38.018
2.788
7.340
8.439
2.712
0.007
0.034
0.010
0.007
0.000
0.000
0.000
7.428
12.916
33.103
24.362
3.227
8.200
11.239
15.060
11.122
3.359
6.619
3.122
6.760
5.735
12.850
30.805
4.755
6.098
17.019
22.503
6.143
33.847
9.980
6.475
14.200
7.318
7.758
10.708
4.878
7.491
0.014
2.695
6.796
4.326
0.286
1.741
0.000
3.972
3.440
6.379
9.862
3.389
6.075
9.035
5.071
4.288
2.812
2.465
15.261
0.000
1.912
5.493
2.273
7.721
10.415
9.572
1.603
3.193
8.968
11.903
0.458
10.142
7.749
3.227
0.323
2.723
0.223
3.763
3.989
7.148
8.830
11.889
11.137
16.576
0.014
0.062
10.241
1.861
3.001
9.258
16.696
5.284
18.206
37.352
6.523
0.000
1.964
2.410
2.503
4.601
4.583
12.631
1.921
6.001
9.699
12.830
23.564
4.825
1.131
0.000
0.000
0.000
0.000
0.000
0.000
0.000
0.078
0.549
0.549
0.000
0.055
5.562
11.412
0.306
0.872
4.505
0.000
0.093
0.182
0.000
2.458
8.868
10.221
0.172
2.511
0.203
1.723
0.021
0.000
0.000
0.017
1.775
11.170
12.540
0.714
1.533
9.920
0.532
1.768
10.797
9.071
16.059
13.288
16.473
4.891
14.425
12.947
17.243
20.662
7.460
8.962
10.395
7.455
11.325
2.257
7.378
5.105
5.131
10.639
16.437
87.527
14.672
61.362
6.080
5.287
9.316
19.387
18.694
25.013
4.003
49.231
14.773
8.770
4.427
9.877
3.176
17.420
16.699
221.596
22.996
15.237
19.457
1.473
8.250
13.522
16.376
12.722
17.803
77.304
5.437
6.969
3.210
9.881
2.098
2.491
10.169
27.924
1.928
10.689
6.029
6.374
2.489
17.099
18.234
8.449
11.640
18.781
16.345
21.559
9.756
19.390
6.906
35.994
66.147
6.355
7.686
30.357
11.185
4.824
14.655
8.070
6.465
5.601
2.287
16.689
8.768
17.636
16.943
13.335
7.629
6.638
13.946
9.846
8.063
25.255
14.564
12.363
11.937
3.111
7.248
6.532
15.336
12.724
4.621
7.989
9.380
12.085
13.194
12.864
20.184
9.273
20.940
20.804
12.257
15.959
12.128
5.636
13.479
7.950
9.340
20.287
8.782
16.312
12.981
6.884
9.368
13.169
19.470
23.142
0.154
17.297
20.435
8.502
14.075
19.965
6.205
5.373
11.374
9.138
10.218
17.652
122.862
19.758
17.283
17.983
24.053
23.603
3.952
8.944
3.639
22.007
10.193
28.746
6.674
4.728
14.100
2.977
12.463
9.632
58.633
6.547
28.475
15.807
25.681
25.162
5.541
3.986
15.985
52.625
1.493
2.953
64.426
13.563
12.807
66.613
5.500
6.094
14.655
5.668
11.891
7.107
3.688
4.204
6.846
0.760
9.520
6.199
5.507
6.240
10.234
21.030
8.011
20.986
2.891
5.581
19.125
21.231
14.692
11.518
7.787
14.741
129.748
5.470
9.620
16.158
5.680
24.678
3.150
14.577
13.151
5.315
14.928
16.203
0.532
13.626
3.102
1.184
1.265
0.342
0.522
0.021
0.417
3.085
0.692
4.331
1.638
23.615
5.297
0.010
6.001
9.150
8.233
6.224
4.077
5.600
8.736
10.370
8.073
6.772
6.023
6.302
2.585
2.608
2.491
5.079
1.087
0.003
0.000
3.231
0.213
0.247
0.105
0.072
0.000
0.000
1.325
0.230
4.142
1.911
3.446
9.845
0.130
0.000
0.000
0.000
0.000
0.015
0.137
6.190
2.817
3.670
0.082
0.000
0.232
2.391
8.580
8.257
13.621
1.445
0.000
0.144
0.000
0.010
0.058
0.069
0.798
0.699
0.000
0.000
1.078
0.240
1.039
0.007
0.000
0.010
10.858
6.957
6.121
0.003
0.154
11.527
2.427
0.220
0.530
6.099
14.682
1.108
0.395
0.000
1.554
2.279
4.103
5.376
2.728
10.576
6.602
0.615
0.345
0.021
1.399
0.937
5.160
1.459
0.465
1.299
4.776
0.681
13.681
78.753
12.859
44.198
4.199
0.276
0.007
0.000
0.000
3.624
0.021
1.109
0.034
1.846
0.912
0.010
8.039
6.993
6.971
17.982
2.894
4.182
5.090
3.550
0.000
0.000
0.000
0.027
2.946
0.000
0.000
0.093
0.096
20.689
57.967
7.258
18.200
12.133
9.740
7.855
11.893
7.986
12.112
13.716
5.277
1.857
14.969
10.042
6.149
44.835
17.842
3.564
7.354
7.728
38.363
18.474
17.853
17.612
17.911
12.064
0.247
6.049
0.656
6.904
5.540
14.759
15.432
16.579
9.792
16.837
45.168
42.332
6.763
16.181
3.777
10.990
14.176
115.226
14.619
12.926
21.231
1.981
2.685
6.959
3.828
6.657
26.467
4.765
40.485
7.400
4.245
23.185
18.086
20.715
47.135
13.192
27.804
29.025
28.638
46.623
6.487
76.029
10.361
5.970
37.522
19.389
12.624
12.753
16.311
14.010
9.874
21.358
30.520
18.287
12.339
10.133
8.006
21.478
4.350
79.960
2.245
13.283
37.134
33.810
33.958
35.960
16.181
60.718
16.243
13.233
8.901
11.488
45.700
31.620
37.913
5.981
19.279
12.466
88.502
10.066
22.251
3.162
22.735
13.293
26.341
17.822
38.950
10.722
12.107
9.421
28.300
13.036
6.350
8.011
19.633
118.014
17.636
3.473
16.273
57.762
19.949
14.723
17.237
27.437
83.586
38.722
1.888
1.830
7.845
21.882
34.402
29.946
0.802
13.714
26.472
14.090
25.773
10.351
11.151
8.496
79.096
13.717
17.262
13.426
6.755
8.026
3.988
12.233
11.901
3.868
4.716
21.408
6.020
10.609
13.190
11.649
15.666
30.709
4.999
12.057
26.051
10.252
29.426
10.421
2.774
8.259
21.475
18.878
19.720
13.254
3.356
11.711
4.528
7.625
4.750
6.463
75.751
9.197
6.176
13.917
8.492
11.979
8.487
24.778
8.332
27.648
0.273
1.124
1.794
1.878
4.480
1.360
0.385
3.510
4.734
1.069
1.612
2.678
10.914
8.030
4.043
10.042
13.206
11.579
14.097
0.848
2.130
14.061
9.572
7.704
14.284
7.141
13.348
5.397
5.375
17.776
7.751
17.803
43.937
2.578
11.100
11.015
6.106
2.153
3.413
0.630
1.269
2.741
1.366
0.814
0.769
0.000
2.249
5.176
7.229
11.930
0.918
0.000
0.237
12.391
9.986
10.842
15.748
16.545
12.073
10.929
5.483
8.248
5.042
13.094
10.298
3.440
3.152
11.172
6.333
11.082
3.111
6.547
16.675
15.371
15.594
5.754
12.548
4.367
3.746
0.762
5.328
0.161
0.920
3.777
7.742
0.165
0.247
0.000
0.996
6.751
4.298
4.657
13.227
8.696
7.660
14.241
28.987
2.451
12.397
11.010
5.981
4.841
0.000
0.045
5.493
5.886
5.215
13.077
7.460
16.414
4.717
2.935
2.541
7.055
3.658
6.812
21.516
11.951
20.090
84.954
6.365
10.066
4.395
1.643
2.317
13.445
3.062
2.194
14.406
13.829
9.280
15.189
0.436
2.668
3.768
6.861
17.496
18.340
10.641
4.859
7.014
7.919
2.668
0.316
2.887
5.933
28.918
8.245
0.410
6.333
5.655
6.338
8.571
18.495
4.247
6.699
6.812
26.486
21.666
127.318
5.158
20.735
3.050
13.065
12.713
3.512
18.666
23.466
10.931
6.116
13.264
7.893
3.481
15.654
11.771
18.574
25.155
4.570
9.345
4.630
16.143
8.923
10.564
1.655
17.467
67.504
16.929
177.803
6.935
11.295
9.829
5.095
7.653
10.784
6.883
2.108
2.659
10.471
13.460
35.544
15.336
3.282
8.973
9.398
3.943
4.570
12.481
37.017
13.214
38.903
6.351
14.638
12.845
21.274
12.947
15.604
20.488
16.752
19.462
5.337
7.450
16.050
75.461
47.322
4.808
9.893
15.398
7.376
9.759
32.120
0.874
4.238
1.916
0.711
14.002
22.193
0.767
10.514
11.185
4.243
22.982
33.173
27.183
15.216
15.789
64.728
11.960
28.019
119.657
22.661
19.693
7.908
2.347
0.189
10.399
5.857
12.693
39.707
22.493
7.993
17.722
40.670
7.354
5.661
17.238
20.483
17.554
10.839
7.193
17.770
9.895
18.201
12.727
23.459
24.944
17.918
11.539
114.598
23.480
15.973
29.857
17.362
16.165
8.293
14.461
7.955
7.201
25.856
8.453
6.981
17.051
14.955
26.268
6.530
24.527
25.093
7.078
25.063
41.686
5.531
2.156
2.359
21.686
18.188
3.945
9.136
17.681
1.765
18.227
4.333
17.341
112.370
1.844
11.019
9.970
7.701
22.120
32.763
11.218
17.400
83.736
0.594
8.834
33.438
0.788
8.338
28.681
70.397
1.174
5.606
4.911
3.610
19.532
102.521
4.863
6.338
17.542
3.069
19.781
4.236
10.379
8.506
0.378
4.443
3.507
5.488
4.801
8.992
16.879
26.064
11.790
4.065
18.931
1.538
6.104
14.373
10.574
9.749
25.001
17.770
10.615
25.095
74.879
4.657
6.345
4.124
11.398
2.014
13.980
8.588
5.900
3.952
15.342
7.601
9.534
1.189
4.601
5.126
8.957
3.819
13.387
16.246
27.195
11.500
7.182
0.115
6.287
13.760
9.853
26.759
8.695
3.698
4.292
8.249
1.236
2.352
0.324
0.034
0.603
0.203
4.449
5.354
0.345
1.902
0.089
8.223
5.613
10.218
1.699
0.051
1.960
7.776
0.827
7.670
8.664
3.026
4.652
7.383
10.317
4.288
12.006
9.575
1.418
8.047
8.724
7.639
12.545
17.631
14.330
5.438
6.072
2.293
14.222
7.673
1.919
2.532
1.766
4.590
18.176
5.960
2.518
5.785
10.454
7.172
12.557
5.922
3.227
3.292
1.432
1.696
1.559
0.192
0.264
0.000
0.000
0.021
0.886
0.048
0.000
6.056
0.924
0.175
3.536
12.373
4.824
0.062
1.432
0.058
5.249
8.123
36.842
28.626
11.041
21.468
19.164
5.318
3.746
2.149
1.373
4.123
3.751
0.014
0.038
0.405
0.422
0.000
1.092
4.003
0.807
2.297
1.171
12.778
14.856
17.959
11.333
2.805
12.535
8.902
1.665
4.964
8.494
4.309
16.624
15.668
3.926
20.548
16.861
0.027
0.000
0.412
4.329
3.928
8.199
3.608
11.876
9.472
6.255
4.273
2.338
1.854
0.000
0.000
0.058
0.000
0.082
0.000
0.000
8.106
26.368
87.482
8.389
1.275
13.554
36.718
1.475
3.426
23.980
0.465
1.055
0.275
3.706
2.333
12.389
2.276
2.338
15.674
18.866
16.000
19.849
4.408
12.222
71.614
15.129
33.948
12.639
98.728
7.507
7.206
30.672
13.199
8.552
19.135
11.549
27.603
189.044
1.020
8.405
26.668
8.926
19.121
18.368
15.856
26.505
7.342
4.309
10.389
7.282
59.567
7.560
25.385
13.235
8.944
3.382
11.917
15.717
6.915
85.309
10.391
23.559
67.796
2.393
24.613
34.511
9.743
16.840
34.461
10.173
13.000
8.662
44.357
10.641
5.486
13.465
50.633
22.386
23.542
48.985
30.868
40.519
9.445
22.045
35.658
31.115
106.159
8.971
8.243
12.597
25.481
26.393
10.085
16.028
9.913
20.174
47.852
10.243
1.825
3.677
21.113
13.618
20.169
18.996
9.028
17.279
17.787
1.760
5.960
41.149
22.372
111.434
5.399
19.515
6.187
8.379
19.534
12.245
49.112
13.445
15.043
42.139
8.006
5.268
9.898
10.225
56.478
26.760
40.443
2.748
0.300
14.561
107.093
7.254
8.559
2.529
9.892
11.111
19.233
24.227
17.939
22.531
9.613
12.739
21.101
16.430
18.034
16.606
56.523
12.094
10.800
5.973
24.942
15.159
16.771
19.571
14.527
19.283
19.092
4.280
2.268
16.285
28.938
174.984
13.433
22.802
12.591
7.763
27.802
39.637
6.418
21.219
14.064
4.947
12.219
32.022
14.435
5.110
20.905
33.043
3.081
18.994
13.203
17.049
10.866
15.034
6.592
10.962
10.482
23.498
15.043
6.434
14.474
81.817
3.957
23.563
15.656
26.039
6.717
4.583
5.867
4.537
7.587
7.011
4.498
138.349
8.172
11.340
22.864
73.705
33.779
6.594
11.658
15.269
66.376
6.521
1.523
12.551
64.243
14.631
12.761
2.407
7.660
6.576
4.410
4.122
2.263
11.654
0.136
0.110
14.761
12.035
8.370
14.684
29.031
4.831
5.594
3.018
0.000
5.188
7.323
7.468
17.509
12.849
6.681
19.123
17.303
7.354
17.633
13.189
11.913
20.821
6.614
15.371
14.399
9.079
17.465
0.989
8.777
0.051
0.100
1.693
0.000
0.944
0.467
2.908
1.772
2.341
2.127
5.201
4.309
4.508
8.937
7.443
2.781
20.859
34.150
13.209
7.675
1.711
3.102
1.679
2.234
0.000
0.000
4.403
3.869
6.463
5.732
0.518
0.024
3.589
0.000
0.000
1.790
15.617
3.782
14.610
14.368
6.051
2.533
12.622
2.299
4.342
5.304
0.000
0.000
0.000
0.034
1.342
0.031
0.000
0.052
0.034
0.027
3.526
5.452
0.939
0.000
0.000
0.000
0.000
0.000
0.132
0.189
0.165
0.000
4.431
0.000
1.396
0.110
0.149
0.206
2.522
5.974
3.856
2.608
1.737
0.000
5.605
5.117
3.110
43.307
7.536
13.295
27.407
6.602
2.580
3.456
4.465
4.688
4.168
3.900
2.995
0.000
0.000
2.108
5.025
7.208
17.810
23.092
24.299
4.094
5.885
8.775
13.643
43.027
12.464
13.997
10.416
0.055
6.870
4.572
39.056
39.829
29.607
23.578
8.918
9.181
22.030
145.483
20.337
98.444
19.710
9.546
9.740
133.965
14.445
6.511
9.946
3.703
2.398
6.458
9.350
28.968
24.006
46.654
56.616
14.583
17.707
18.382
8.599
18.703
14.881
1.679
2.673
1.507
5.673
21.468
12.078
12.251
17.863
44.833
26.044
6.710
20.950
28.238
8.020
14.991
4.261
11.591
12.981
0.515
3.516
59.582
0.045
23.137
16.418
36.275
28.358
22.604
0.882
2.329
11.579
14.980
83.688
10.327
56.784
20.484
21.739
68.196
27.213
11.923
22.943
10.006
3.395
8.214
11.975
9.907
35.654
4.844
11.642
22.555
27.124
3.114
11.794
12.932
12.281
5.325
10.906
5.593
18.797
7.381
8.113
15.209
20.009
20.908
34.329
17.784
66.381
9.989
15.195
15.686
4.528
15.944
9.531
23.948
36.753
145.480
15.892
67.137
19.985
15.604
28.489
51.938
3.983
54.983
8.717
16.373
3.292
15.443
12.123
2.590
12.039
28.242
12.180
18.517
35.197
4.667
14.948
10.978
8.878
15.753
27.769
17.060
46.983
14.797
33.928
18.364
16.128
9.884
15.092
0.358
23.232
68.786
26.071
11.665
8.683
17.992
20.189
17.720
20.907
10.624
3.967
28.803
6.182
22.563
6.359
15.817
11.488
15.278
13.692
72.471
19.950
22.433
11.709
2.654
6.254
7.855
10.583
11.158
35.874
37.117
4.966
26.614
6.592
27.166
16.382
6.947
17.489
24.728
3.516
32.768
15.649
15.249
15.750
12.270
71.451
3.225
27.195
84.548
7.412
4.406
34.394
59.952
14.328
24.520
1.720
19.924
5.373
7.586
68.656
15.135
5.671
3.107
5.143
14.380
9.824
10.731
1.935
1.056
5.150
0.632
0.000
0.021
3.128
4.611
9.053
20.706
105.234
65.516
22.175
14.584
10.573
5.116
25.414
3.543
8.205
16.284
163.882
11.779
7.685
20.483
5.867
5.613
20.735
1.401
1.109
0.158
7.272
4.140
1.325
1.567
1.324
0.010
5.308
19.753
19.160
16.313
17.403
5.220
2.820
12.463
7.963
15.553
9.963
2.621
6.789
23.904
15.707
21.480
8.858
23.762
5.184
7.920
9.455
1.990
3.375
9.498
3.816
11.377
6.088
8.815
6.644
5.141
8.189
11.724
5.763
5.361
13.898
24.536
17.444
3.620
4.195
1.481
1.951
9.631
16.672
11.391
3.759
7.207
0.575
4.395
6.561
10.344
10.769
11.392
15.444
6.547
0.000
0.000
1.011
2.144
9.992
7.829
8.435
17.170
12.890
6.791
3.823
1.499
1.404
4.434
13.955
11.000
2.866
0.000
0.000
0.000
0.027
0.508
1.746
7.000
9.872
0.565
0.000
0.045
0.034
13.474
0.967
1.418
0.003
0.000
0.003
0.007
4.831
12.435
5.783
0.000
0.000
0.000
1.820
13.450
11.979
9.898
6.173
11.457
7.919
9.905
14.535
30.745
26.357
16.521
41.861
2.206
14.393
25.229
9.604
10.653
14.004
2.687
2.717
4.274
19.830
8.600
25.241
29.430
28.115
34.051
12.833
21.231
9.733
6.386
9.922
7.419
9.871
1.826
2.444
12.730
20.208
62.588
14.962
7.962
12.555
16.782
11.721
48.206
6.204
20.922
0.975
4.250
12.868
6.731
20.036
16.025
17.406
89.061
12.291
26.659
16.891
29.093
14.629
5.109
8.583
12.301
17.855
18.093
56.623
15.872
11.896
6.887
26.422
16.758
9.527
32.631
4.891
43.887
8.566
9.170
0.034
0.000
2.002
1.576
1.622
11.985
17.959
142.218
11.810
19.947
0.560
0.680
0.436
9.668
21.049
6.413
31.445
15.800
59.843
7.018
3.323
16.414
8.499
11.223
6.959
6.818
1.593
9.532
10.063
18.402
29.406
15.741
21.059
23.686
23.094
20.083
27.989
33.269
24.258
30.923
112.179
10.098
7.148
12.769
22.180
18.143
14.744
10.415
12.535
20.742
13.352
15.086
38.816
9.124
119.758
12.435
7.328
13.546
15.194
15.371
6.817
18.030
10.291
16.246
3.792
9.798
7.124
19.820
24.410
27.098
12.648
11.185
8.279
3.897
5.600
10.427
22.428
18.344
14.771
25.406
19.827
11.573
7.392
4.367
11.991
3.701
14.869
10.751
22.124
15.958
76.805
52.508
1.926
10.808
34.504
8.372
14.493
17.229
97.687
31.380
9.062
14.203
16.507
22.804
16.873
9.773
21.082
16.306
18.932
10.825
102.288
24.942
34.372
10.440
10.682
2.768
20.380
6.817
6.789
7.024
73.862
4.730
8.827
4.848
37.180
29.541
110.904
0.124
4.997
12.107
7.963
10.859
18.158
166.112
9.254
16.702
17.561
88.836
0.003
5.055
5.881
3.608
18.654
14.181
9.541
4.541
8.042
8.499
11.881
9.941
15.369
1.166
10.830
25.264
7.385
1.378
7.620
11.266
8.298
9.381
9.184
5.042
8.212
8.964
5.170
2.637
4.199
16.337
13.153
9.349
23.652
5.294
5.363
14.347
20.950
7.574
17.932
10.983
61.302
10.423
59.548
18.397
5.898
5.909
7.565
7.545
10.945
23.705
13.994
4.484
14.885
5.119
15.432
12.160
3.222
8.401
6.396
3.718
3.447
6.029
6.182
10.585
4.604
16.988
2.180
0.587
11.412
19.690
18.450
8.758
5.946
6.307
3.179
8.652
8.061
6.966
1.816
3.114
0.000
0.882
0.764
0.082
2.043
6.545
0.506
5.041
12.724
3.557
0.007
2.616
6.242
1.971
7.278
4.237
0.017
1.068
1.119
1.308
0.034
0.676
1.142
3.674
7.103
0.354
1.219
3.588
1.274
0.000
0.000
5.854
6.037
0.268
0.103
0.000
3.838
3.203
5.509
1.222
15.765
12.966
11.113
28.645
7.448
2.774
11.544
7.131
0.834
9.555
11.785
6.715
2.170
0.034
0.893
4.467
22.546
15.165
3.018
11.529
6.382
5.986
10.952
0.755
9.071
0.824
4.700
4.891
0.474
0.776
0.179
8.823
7.735
0.800
3.303
3.450
5.095
3.907
8.291
14.670
9.816
9.867
6.825
2.681
1.808
3.162
4.199
2.862
7.402
44.972
23.238
4.209
0.000
1.083
14.258
6.671
15.518
15.075
23.720
2.015
0.017
2.726
17.132
278.205
4.958
24.208
14.385
3.763
6.238
1.950
32.084
34.631
15.649
23.940
16.517
23.452
0.154
18.412
14.643
27.112
11.074
13.808
13.062
21.392
21.581
10.052
5.273
8.811
12.133
123.346
10.155
15.575
48.765
7.158
4.713
7.757
29.146
170.130
8.652
38.032
26.844
18.928
32.554
8.738
5.136
35.750
16.438
9.558
31.656
27.284
6.753
9.850
10.636
12.667
53.170
0.776
4.182
10.983
11.113
5.569
12.868
23.950
30.542
24.987
24.870
87.396
14.668
8.295
35.328
9.400
29.134
2.012
11.034
20.895
23.262
4.086
23.940
30.082
13.202
8.063
38.037
21.351
0.930
6.254
7.595
27.574
64.102
8.397
23.250
14.334
11.209
4.204
17.164
16.406
8.236
10.043
28.049
21.791
1.100
9.781
10.449
8.842
14.581
14.818
11.570
12.650
10.361
21.039
5.091
13.281
25.421
96.824
19.732
91.228
16.976
4.891
14.176
17.509
8.823
11.503
21.980
98.767
11.948
18.890
10.784
19.415
7.066
13.529
12.243
8.882
9.699
15.841
10.205
51.213
11.299
65.942
7.457
34.102
183.719
11.788
10.880
36.966
4.243
10.186
19.980
4.990
28.125
10.027
68.994
7.869
6.369
14.535
7.326
2.355
5.081
4.815
12.488
15.786
7.133
12.100
23.475
57.570
17.193
9.373
10.643
15.875
203.887
3.854
6.568
17.851
23.250
6.373
5.661
16.330
3.378
11.790
1.305
8.367
23.358
0.227
10.756
33.766
7.814
4.247
13.194
10.695
11.543
99.958
4.168
5.311
10.289
6.602
6.454
8.078
34.253
2.153
7.859
14.550
97.780
10.192
5.934
4.947
3.421
10.646
0.669
0.899
3.840
5.898
14.195
13.055
32.047
7.788
1.154
5.030
11.000
6.727
9.229
3.444
6.900
14.898
29.493
25.784
5.342
7.752
18.258
13.323
51.943
7.078
20.501
45.473
3.160
10.933
10.602
14.523
3.905
0.884
0.972
7.203
3.344
2.882
5.450
6.671
16.637
3.959
12.626
16.734
3.090
9.953
8.712
9.222
4.904
6.521
11.968
11.651
10.938
12.412
18.860
13.763
3.529
6.356
6.740
11.381
8.515
1.729
0.445
0.000
0.000
0.000
0.000
0.000
0.000
0.245
2.982
9.093
11.393
22.877
20.690
11.197
0.038
0.149
1.195
3.392
3.510
1.727
0.000
2.641
3.426
4.432
17.460
0.021
0.185
0.101
0.307
1.068
1.390
2.122
1.332
0.000
0.000
5.637
6.396
3.258
0.000
0.113
0.793
0.000
0.000
0.261
0.003
6.055
0.920
2.094
7.354
0.350
0.209
4.044
2.352
4.237
3.831
3.512
0.446
3.708
0.889
6.405
22.762
2.287
7.464
9.529
0.000
0.000
0.748
15.628
20.220
7.449
14.552
41.712
26.426
11.482
0.669
8.402
10.257
6.475
4.709
5.953
12.408
10.120
3.665
0.251
11.440
9.996
22.248
23.526
3.184
0.000
0.000
0.000
5.424
14.969
8.853
21.856
25.799
8.715
7.678
9.016
15.662
20.554
140.560
6.693
1.856
6.297
23.173
2.762
4.029
11.014
8.689
21.610
17.369
10.705
2.403
11.960
5.170
4.321
2.050
12.878
12.851
34.943
70.261
17.939
9.527
15.439
18.721
13.887
57.057
8.260
14.547
10.866
21.156
19.381
32.691
95.476
19.769
124.832
8.895
3.461
13.290
49.572
12.662
6.973
5.002
18.073
13.307
21.717
48.798
13.276
50.695
32.935
2.359
11.972
11.807
7.533
21.513
39.692
6.400
1.890
8.665
7.771
48.352
25.464
11.326
50.726
9.582
15.748
4.964
2.084
9.098
16.376
23.322
4.765
3.929
5.850
15.065
7.620
9.508
9.258
13.314
48.223
8.906
86.553
7.167
11.675
5.268
18.275
36.890
19.108
33.635
2.467
14.052
26.448
50.752
18.376
32.524
21.181
16.244
11.003
24.390
45.580
20.785
28.972
10.685
27.766
2.982
6.104
26.225
20.516
119.702
77.687
0.109
1.745
15.534
4.156
16.340
24.642
32.498
37.790
26.044
0.117
0.000
2.408
6.672
3.405
21.593
13.895
10.886
16.483
10.231
23.092
12.150
95.832
105.585
11.457
30.501
6.779
11.560
5.279
15.328
14.255
19.008
7.280
6.508
23.392
51.414
13.978
18.398
19.109
2.439
3.358
14.646
12.912
3.414
7.337
13.659
7.800
3.696
28.779
6.520
18.119
183.330
5.905
18.699
8.497
4.495
6.820
16.677
43.554
12.684
36.063
18.046
9.781
20.490
10.509
8.138
6.374
12.616
22.723
23.361
54.846
10.487
14.299
7.171
6.980
29.449
0.798
14.979
12.680
15.194
41.722
35.070
4.994
6.206
12.258
27.555
4.982
2.221
0.058
2.930
13.862
14.513
6.700
1.990
11.068
12.447
9.089
21.406
10.379
10.121
5.456
12.270
23.451
5.007
0.826
0.644
0.007
0.000
0.043
2.508
5.647
3.402
14.808
2.721
1.469
9.304
7.545
15.431
14.222
20.898
3.183
9.477
0.654
1.321
6.793
11.961
21.799
14.414
7.021
24.874
6.286
3.160
17.226
14.287
1.947
5.116
1.193
3.685
5.134
6.614
12.542
0.154
6.447
7.429
7.474
13.830
6.556
7.114
2.395
3.615
6.163
6.722
1.554
2.036
1.543
10.003
6.510
7.400
4.532
5.387
8.159
5.399
8.482
0.316
6.321
47.035
15.501
11.697
10.032
8.360
6.654
45.334
21.626
12.274
0.388
0.031
5.301
10.025
7.182
5.867
12.912
8.147
8.226
10.286
13.084
10.430
4.192
4.547
5.236
0.965
0.371
2.081
2.372
1.596
7.553
10.571
0.185
1.586
9.905
4.357
8.604
3.241
6.048
19.125
5.861
3.871
0.149
0.034
0.347
0.000
8.614
0.000
1.545
0.000
4.165
0.711
6.602
23.542
23.535
21.859
6.420
1.717
7.402
5.095
0.666
6.218
6.472
5.064
4.666
7.931
1.713
3.746
8.130
0.797
10.307
59.282
125.038
4.484
15.199
31.699
108.929
32.559
6.660
0.978
13.656
6.250
3.543
13.659
22.692
12.726
9.282
33.773
23.111
46.249
4.221
11.858
20.594
11.910
0.233
15.700
19.266
12.137
16.912
13.283
19.528
4.062
20.718
12.914
0.609
0.003
0.000
1.269
3.564
24.671
25.128
70.036
10.761
28.848
118.322
7.405
10.561
13.764
14.607
17.365
17.128
48.029
10.932
17.303
70.452
24.282
14.588
43.508
7.361
22.170
18.263
18.644
6.204
6.809
8.152
3.184
1.387
11.464
12.610
16.504
16.225
15.191
13.433
80.386
41.345
22.928
11.964
13.937
42.232
21.904
20.069
29.554
15.094
23.011
6.003
1.114
14.514
7.524
3.457
16.279
22.531
11.239
24.636
47.459
42.883
10.780
6.177
6.952
5.895
12.363
14.054
28.819
28.037
108.579
19.782
12.607
18.030
13.220
19.719
6.575
10.353
7.533
7.953
16.088
20.991
3.093
3.047
2.441
2.391
8.248
26.329
17.805
160.759
19.406
2.531
5.356
3.502
16.643
27.546
5.394
20.213
15.207
9.956
23.978
15.650
16.855
38.631
2.640
31.397
13.831
28.213
8.437
15.664
97.921
10.056
21.303
12.456
48.285
2.190
5.243
5.337
0.752
9.180
5.373
9.285
25.543
3.447
10.969
17.612
80.732
15.846
14.859
13.486
8.892
13.393
26.666
22.580
24.450
0.661
11.258
20.297
174.791
15.684
7.430
26.915
15.201
90.960
43.784
4.295
89.938
20.773
12.309
9.804
24.048
17.576
0.518
6.389
3.020
7.955
2.731
12.686
8.635
28.968
4.446
2.510
18.619
138.431
7.090
26.348
10.025
6.417
54.774
30.075
17.952
2.664
3.904
9.115
7.938
8.518
4.439
15.103
11.790
4.597
10.873
8.660
53.376
0.549
12.792
13.084
5.939
2.711
1.730
0.879
5.049
2.146
10.313
24.994
2.764
14.504
32.739
8.765
13.749
13.344
12.871
17.317
12.135
6.186
6.798
40.536
5.233
7.754
0.276
1.983
7.471
5.835
14.459
11.971
12.130
3.922
3.571
0.981
16.474
20.211
4.754
0.893
1.329
3.216
10.375
0.711
3.650
11.295
4.079
1.071
5.112
8.044
2.534
1.061
9.881
4.601
10.090
23.068
4.192
0.608
5.157
9.857
19.937
14.389
39.389
3.583
18.426
9.242
3.014
0.797
3.076
5.284
7.526
0.156
1.432
2.156
4.707
10.389
7.433
3.004
0.141
1.449
9.500
0.810
5.404
4.415
5.909
1.075
3.107
7.371
21.921
23.854
10.636
2.304
0.000
0.000
5.782
11.965
6.897
12.976
17.939
10.894
13.170
11.103
9.544
15.034
6.047
9.322
14.836
5.449
1.990
3.067
14.538
12.042
4.409
4.123
7.314
3.880
14.753
2.505
0.069
0.432
1.339
0.803
2.448
0.000
0.000
0.000
1.497
6.778
0.054
9.337
5.305
7.920
10.633
4.903
20.551
12.861
10.643
6.496
1.442
6.401
9.184
5.431
16.373
6.389
3.553
5.593
1.734
5.629
44.213
75.407
11.405
8.640
22.690
55.011
15.666
4.927
23.882
22.769
28.757
15.353
17.767
75.425
9.701
26.197
22.113
6.961
7.232
2.899
9.730
9.148
9.402
16.717
10.659
18.649
16.528
0.718
0.295
0.360
1.682
19.726
44.884
14.766
18.953
40.835
15.687
46.302
17.140
126.561
14.274
15.116
15.038
14.644
14.948
13.456
3.581
26.613
32.195
9.824
9.362
15.647
32.202
71.777
21.552
39.434
2.973
15.879
44.771
9.983
22.972
15.551
6.404
204.229
0.381
24.019
16.352
6.975
15.186
12.849
6.758
50.594
14.523
21.852
13.331
27.938
169.397
20.819
31.575
33.876
125.824
1.828
33.354
2.250
11.807
3.471
3.406
12.566
17.508
8.609
38.030
12.840
10.231
41.487
15.429
7.512
26.163
30.065
36.049
13.367
17.415
19.295
5.730
27.147
6.968
8.278
17.398
8.797
18.086
6.896
25.528
21.264
18.615
30.460
8.745
28.782
18.815
21.324
36.328
37.352
7.114
7.869
20.346
27.547
7.871
13.378
10.129
204.622
14.921
11.116
30.032
15.764
19.444
21.600
10.270
1.901
0.167
13.743
35.161
11.203
14.111
12.756
15.971
106.696
33.634
21.883
23.505
29.877
7.522
16.176
21.140
64.802
4.494
24.301
4.137
11.961
20.632
104.815
29.533
16.926
17.298
10.174
30.872
2.475
2.932
8.140
17.561
4.670
2.855
50.182
39.755
5.007
12.133
6.406
23.903
48.455
6.087
13.953
16.618
34.811
28.700
8.343
16.116
7.072
112.033
5.792
14.864
9.589
19.538
8.366
10.919
123.761
10.268
2.347
6.992
12.518
10.806
27.225
5.493
35.232
1.351
10.652
117.355
9.241
5.828
24.651
17.037
8.720
10.489
14.178
4.486
10.293
0.544
10.109
2.123
0.357
0.125
0.000
2.108
1.828
9.570
18.543
36.535
36.432
8.670
17.134
4.803
7.378
11.455
2.759
4.789
3.959
3.613
8.619
4.798
8.545
21.576
2.185
11.994
18.397
43.066
10.533
4.721
6.652
2.667
0.477
5.260
3.378
17.182
3.177
11.775
0.257
9.143
6.241
6.238
7.287
6.726
4.765
2.789
21.063
8.906
11.894
10.959
4.621
2.410
14.953
2.050
88.807
0.391
3.444
9.974
0.330
4.140
4.685
1.509
1.363
6.612
6.770
11.410
20.742
13.881
14.547
22.731
7.388
5.953
3.148
2.582
6.705
9.132
5.359
6.230
7.956
0.000
6.226
6.310
2.789
2.058
3.773
5.844
5.408
8.750
0.000
6.250
2.204
3.625
3.782
6.933
8.338
2.695
0.000
0.391
5.358
0.145
0.185
0.431
3.972
2.814
10.253
1.360
4.743
4.287
0.440
1.337
1.337
1.327
0.000
4.222
0.000
2.280
2.146
6.096
4.300
0.031
0.664
0.108
2.545
8.502
2.800
0.980
14.768
1.785
0.503
0.378
0.697
0.417
16.641
11.606
10.028
6.790
4.299
5.261
2.699
18.958
42.665
26.319
24.544
43.751
15.860
21.312
18.816
4.168
6.515
5.443
7.967
18.632
89.627
6.424
35.237
18.984
21.992
11.413
26.616
22.457
2.515
2.546
1.341
2.953
0.537
24.130
27.176
18.048
30.389
30.220
15.541
1.822
10.673
15.641
40.142
164.552
2.197
9.377
5.104
9.241
2.613
13.028
20.447
14.107
5.135
3.316
5.135
4.701
3.202
28.101
131.448
8.223
8.392
5.588
13.980
17.271
5.598
4.844
19.702
10.962
26.278
3.608
16.977
16.351
11.017
33.156
3.591
6.108
28.496
37.721
4.920
3.330
10.547
41.779
0.469
3.986
14.238
7.145
15.120
2.201
0.237
8.326
2.966
6.760
13.136
57.955
5.189
20.476
5.723
19.789
0.156
2.146
31.914
20.651
138.812
17.406
69.403
9.486
10.399
10.351
19.933
11.594
47.403
20.764
15.947
3.358
10.828
19.782
18.893
194.041
22.759
36.639
30.367
113.557
34.315
11.948
16.105
11.278
13.714
17.214
17.597
10.188
11.685
104.385
10.349
118.793
0.395
15.371
14.846
26.777
23.785
17.467
17.036
32.672
27.098
31.114
14.473
117.823
16.672
72.101
1.671
8.444
20.187
9.253
15.537
22.793
12.149
8.180
6.999
11.742
27.643
122.070
95.293
28.288
0.498
0.850
20.617
21.631
5.282
10.300
29.326
73.770
13.354
19.389
47.082
76.650
96.048
6.515
18.265
24.271
14.821
9.625
35.407
10.039
3.023
5.735
19.635
19.075
20.332
9.317
84.337
12.528
17.942
27.629
3.454
9.392
6.777
75.097
0.936
6.489
6.053
24.501
85.783
86.895
13.923
10.655
0.724
7.958
22.688
1.966
4.970
25.183
23.337
1.865
40.976
4.439
6.491
9.009
5.885
10.579
20.895
10.672
4.473
0.422
5.558
5.064
7.910
9.277
14.251
1.912
9.960
5.074
1.744
11.580
7.581
10.434
31.972
6.626
0.402
6.609
5.902
16.528
6.678
3.214
3.564
7.642
1.205
2.051
2.311
0.814
1.689
5.306
1.684
1.075
6.798
9.865
50.529
7.886
15.681
19.173
3.309
3.737
8.415
42.126
0.185
1.054
4.467
27.601
9.307
6.295
10.741
14.016
17.207
22.656
5.519
12.771
10.176
12.966
10.431
6.331
1.338
4.292
2.826
7.689
1.078
3.303
9.570
8.459
12.531
4.413
8.791
0.950
2.232
12.094
21.217
7.728
3.123
1.521
5.996
2.932
7.078
18.110
5.203
16.888
21.077
17.022
15.118
19.049
19.682
8.571
6.961
8.660
0.875
0.144
0.000
0.000
0.130
6.180
7.725
6.214
9.440
9.695
4.062
1.394
2.932
12.123
17.942
11.797
22.131
3.238
8.240
4.934
7.886
7.910
5.411
4.498
11.913
0.165
0.017
0.000
0.000
0.233
0.482
5.577
0.307
2.150
0.227
8.251
20.360
33.572
33.274
4.820
20.664
11.161
12.293
6.399
15.214
21.620
21.128
4.070
0.175
11.627
2.749
7.974
5.985
2.333
10.865
7.829
0.526
3.932
25.755
0.038
0.276
5.383
0.149
12.420
5.306
3.119
0.055
0.000
3.988
13.726
1.722
4.480
1.612
22.434
0.041
11.379
16.165
7.728
2.422
0.755
11.191
16.687
1.971
6.539
47.391
7.296
0.000
28.168
32.772
12.832
1.406
6.230
8.593
4.178
3.938
1.502
7.651
9.555
1.560
6.018
0.189
4.275
6.396
1.755
4.348
15.211
8.633
14.356
15.103
26.628
31.974
7.088
9.282
11.711
13.227
10.655
5.576
2.280
26.878
24.364
1.021
3.569
10.447
8.144
4.815
15.165
16.469
28.118
95.320
67.664
23.171
42.067
9.496
7.962
12.463
7.646
0.893
6.200
1.548
92.646
23.885
6.557
0.405
15.220
15.568
2.238
1.373
21.176
20.809
1.085
4.978
9.948
14.454
0.549
7.821
3.916
5.507
31.730
5.085
12.768
0.766
5.043
19.736
19.065
13.863
7.452
25.348
9.610
21.255
9.998
30.412
12.349
21.441
32.176
12.888
26.295
22.261
7.454
26.638
21.159
14.291
69.828
9.924
20.606
13.182
58.676
16.034
14.577
22.904
78.925
12.360
7.483
6.353
39.853
21.542
3.115
11.438
23.526
0.671
3.866
8.506
9.156
26.800
8.487
18.715
19.147
23.016
37.675
79.344
9.155
92.424
15.764
5.073
21.611
4.109
10.640
7.906
169.775
22.055
7.122
54.271
56.034
17.718
24.625
4.650
10.803
20.447
5.105
9.716
22.369
25.255
24.057
6.893
8.248
14.833
10.173
8.344
20.433
6.942
11.503
3.753
2.418
2.805
6.058
9.380
11.378
55.680
0.706
7.910
15.925
115.714
48.209
19.672
23.851
22.120
35.129
14.481
6.001
48.014
18.294
63.712
0.783
1.514
2.954
5.651
13.465
4.099
6.307
8.525
11.196
0.079
0.690
0.858
27.102
1.881
1.657
8.250
1.701
4.111
8.430
4.673
15.448
84.610
79.934
16.268
14.756
4.544
0.319
0.826
2.422
12.792
18.095
6.993
0.000
9.120
3.414
6.283
13.954
0.158
17.973
29.718
128.562
3.176
11.752
12.864
3.116
17.425
8.437
9.154
0.134
2.300
11.857
2.602
5.128
5.114
7.605
14.038
33.419
2.901
3.535
0.021
4.243
13.963
7.812
6.797
16.174
16.603
8.830
6.305
147.835
50.014
3.943
0.417
5.028
0.307
9.407
13.213
24.927
9.857
9.359
3.533
11.958
8.895
14.413
13.396
4.475
11.618
6.709
1.257
4.546
3.454
0.862
1.555
2.870
9.421
4.611
4.371
10.286
6.420
0.632
10.447
0.151
2.153
5.541
13.029
6.145
6.248
7.323
7.062
7.388
20.182
24.554
6.539
14.591
5.421
15.113
3.722
4.322
4.951
10.880
12.708
6.394
17.537
0.082
10.907
5.627
16.723
10.494
18.629
3.686
12.480
2.455
2.779
6.618
11.361
12.334
6.273
23.106
26.587
10.900
21.763
10.411
5.515
0.000
0.522
14.234
1.456
5.751
9.280
23.851
1.188
8.593
5.013
9.582
6.432
7.728
20.440
17.328
11.673
22.314
30.487
9.946
22.635
2.105
0.642
14.509
23.504
15.455
10.617
8.724
5.606
9.946
5.960
12.830
12.833
3.931
1.363
3.629
0.000
8.346
12.586
35.364
24.936
9.984
24.259
11.615
15.130
17.544
1.981
12.789
2.743
9.229
7.436
0.216
9.709
3.171
0.786
0.000
8.439
2.211
0.000
3.279
10.042
6.458
12.040
6.849
20.946
6.966
12.993
0.357
6.956
10.276
23.892
13.523
22.220
34.106
220.540
8.648
74.231
9.853
9.991
15.003
6.166
7.299
5.538
10.797
3.217
4.171
2.144
2.287
10.772
3.262
15.041
13.142
1.390
14.035
8.854
11.285
26.820
5.806
17.894
2.640
14.584
10.701
19.405
128.949
2.674
29.004
20.383
9.848
4.655
10.990
10.925
5.644
15.254
27.789
15.374
6.991
16.851
17.768
54.913
28.710
8.358
41.808
14.282
8.344
4.817
24.536
11.296
38.481
18.273
6.999
19.705
24.160
36.768
21.351
7.175
3.262
11.819
2.189
23.225
5.037
9.041
8.602
36.174
9.023
4.456
38.397
23.768
21.646
46.664
34.441
17.690
29.306
93.798
25.451
1.950
19.198
28.728
11.924
21.968
19.176
15.514
28.793
10.833
16.316
113.458
0.100
4.840
6.175
23.312
21.812
10.797
15.345
12.703
15.464
35.140
13.045
6.554
15.199
17.393
26.276
12.300
10.768
19.401
7.733
11.503
11.294
15.146
202.068
13.460
12.221
78.139
0.585
14.814
18.907
2.328
37.414
7.029
13.541
39.256
37.237
6.571
56.532
35.952
16.380
80.765
70.112
7.056
14.416
27.291
52.010
6.564
25.564
20.984
29.086
21.610
12.542
19.842
11.477
136.725
2.642
4.110
16.246
72.479
4.958
6.973
17.393
20.792
20.994
34.343
4.192
6.472
16.404
11.378
16.665
13.184
40.612
4.947
21.236
3.643
4.944
8.741
11.604
8.209
25.650
22.584
16.399
34.804
15.063
22.776
19.885
7.031
3.356
6.336
11.192
22.766
0.625
11.884
9.060
7.224
9.326
9.259
14.725
13.596
21.588
0.690
4.405
10.365
7.512
6.082
7.996
6.347
10.955
14.438
16.131
0.633
3.881
5.231
19.815
11.745
25.198
13.431
10.224
18.648
12.639
16.251
18.969
10.116
22.039
11.484
29.970
18.198
7.229
0.523
6.278
10.458
17.384
7.602
3.329
8.914
8.466
7.914
11.494
6.496
7.309
17.496
11.608
6.273
8.501
20.785
23.988
18.790
12.672
5.785
6.554
1.847
11.316
9.764
1.768
25.657
4.333
9.005
2.208
10.736
12.724
15.607
13.208
7.895
7.278
0.635
0.244
1.260
5.895
2.160
5.387
5.474
0.122
7.478
14.256
10.907
0.024
1.145
0.000
5.550
2.544
0.742
2.983
0.134
5.194
0.079
9.733
4.637
3.595
12.631
11.930
27.359
22.766
9.215
2.829
0.772
4.017
1.052
0.069
0.010
3.181
8.255
17.076
8.491
8.029
15.185
15.730
21.501
5.878
15.335
10.240
3.857
21.221
6.530
6.421
18.144
12.651
25.935
13.942
9.414
7.769
5.799
14.432
82.610
8.734
10.368
26.923
89.388
11.149
23.864
26.652
12.895
18.711
22.549
22.872
19.662
38.069
13.053
38.111
20.242
75.861
25.485
34.058
15.226
26.817
30.209
24.084
7.591
12.631
11.536
3.152
6.990
12.421
28.618
3.351
21.238
15.280
20.350
20.184
26.233
59.105
42.349
6.909
14.432
23.088
13.271
19.566
3.646
7.572
7.462
16.651
22.888
8.506
8.239
19.856
32.464
3.888
9.924
11.699
30.899
30.449
28.024
1.406
11.644
14.488
8.568
8.810
37.944
3.756
14.076
0.031
12.198
130.574
18.649
21.969
9.170
10.940
2.360
26.554
23.356
204.713
28.499
13.525
18.618
48.360
5.349
15.862
4.896
7.048
18.715
33.937
9.678
0.415
1.349
16.375
8.429
51.730
50.745
7.208
4.913
16.634
20.273
24.046
9.538
9.488
70.556
11.577
2.350
5.486
13.376
5.502
14.998
30.981
3.536
20.182
23.022
0.371
4.001
1.919
10.671
31.527
6.166
10.279
8.290
10.898
27.335
18.015
12.907
22.309
5.449
29.831
86.160
7.876
13.985
15.348
10.059
27.464
24.851
27.945
13.977
12.821
16.826
1.011
8.494
20.869
4.468
5.327
14.588
6.724
18.404
8.039
24.692
34.432
7.694
88.201
14.888
24.249
14.251
10.360
9.393
24.795
28.029
5.109
49.998
11.927
9.325
9.706
19.614
15.195
3.320
6.503
11.670
9.527
19.884
17.200
25.859
18.464
13.414
4.659
48.838
9.977
7.800
28.403
89.648
41.113
12.318
20.215
21.760
24.280
40.670
2.338
5.061
26.518
8.851
18.632
15.700
31.998
2.637
4.982
6.890
16.256
15.868
4.199
8.865
24.319
12.047
17.207
30.762
6.733
18.031
47.241
2.141
1.857
15.734
53.153
42.074
19.102
8.126
8.501
16.979
15.013
15.597
27.734
7.126
3.214
11.539
11.743
6.195
22.352
37.563
25.529
24.174
13.832
29.253
6.422
7.744
2.838
14.061
19.916
11.997
18.354
15.873
3.976
6.381
4.404
15.355
6.722
1.250
10.015
6.307
10.997
0.663
1.157
0.606
2.238
0.645
5.538
11.694
2.002
3.365
12.349
5.267
0.810
11.309
2.795
8.267
5.874
8.549
7.490
15.156
13.630
0.584
8.375
4.110
6.132
5.531
1.294
11.079
4.782
4.202
1.947
116.713
23.665
16.881
4.134
6.557
29.694
16.136
9.846
13.359
13.565
15.216
6.842
9.860
15.616
5.584
10.052
14.986
3.189
1.851
0.199
5.522
2.905
6.540
25.105
9.616
9.551
6.113
11.852
12.318
5.861
6.104
7.663
3.550
12.408
13.798
14.370
17.187
9.167
9.483
13.863
13.661
6.248
13.850
9.422
17.190
32.626
11.361
10.022
7.871
5.165
7.002
4.976
1.184
9.943
10.777
12.775
11.979
7.229
4.927
7.627
8.796
3.871
2.166
3.593
0.810
1.978
6.887
6.012
20.320
8.233
4.717
4.262
1.899
4.345
3.189
18.845
80.037
30.563
21.391
0.560
2.245
5.584
8.233
5.406
11.996
11.302
9.742
13.381
16.394
41.966
26.326
14.231
6.025
12.222
7.493
3.437
11.695
8.964
15.420
5.885
0.288
0.034
0.141
4.084
3.794
0.316
0.851
35.424
19.571
36.195
4.652
3.437
10.784
14.840
16.088
36.336
21.822
8.209
22.069
11.529
20.344
18.117
1.681
23.207
20.110
46.555
42.600
113.149
11.268
103.210
118.755
28.856
4.863
5.733
6.973
16.411
13.850
6.717
3.794
4.961
3.581
0.793
0.094
0.997
25.540
4.676
17.815
20.277
19.164
17.291
14.636
9.247
14.038
21.428
13.901
12.844
25.229
28.022
17.764
22.888
26.781
30.151
23.222
21.695
23.343
21.001
3.232
4.058
9.072
10.480
5.586
2.427
0.621
0.014
6.928
3.934
12.566
45.643
8.078
23.811
13.146
4.841
11.724
15.103
12.288
5.095
8.700
8.767
19.779
11.072
17.654
10.540
17.918
21.159
12.404
19.458
34.313
18.186
121.962
14.871
11.208
10.658
24.137
27.637
11.381
26.549
9.496
8.518
20.308
42.212
28.552
0.769
2.379
16.698
10.773
2.932
16.155
7.241
2.836
17.564
23.133
25.025
5.981
8.200
27.862
3.073
10.978
12.864
24.063
15.573
13.033
61.650
7.989
16.965
28.887
31.236
103.907
9.028
16.902
8.243
4.213
0.738
10.966
20.874
5.744
16.569
17.352
21.056
29.539
16.867
12.346
7.594
23.102
12.095
6.513
11.670
18.380
23.243
16.397
29.569
22.247
18.706
9.256
10.576
17.966
15.827
2.170
11.172
35.132
17.235
17.551
9.101
10.090
14.454
15.199
5.284
1.868
16.610
22.055
20.847
8.482
8.360
3.162
28.709
1.830
3.457
15.662
17.746
10.684
26.110
55.450
38.881
6.520
1.505
11.124
24.153
28.207
18.581
36.073
1.442
9.582
5.304
23.428
19.798
21.997
8.144
17.348
17.673
17.376
29.718
17.087
13.903
13.366
19.257
9.459
8.430
31.052
36.667
10.531
44.254
4.419
8.099
0.748
4.498
0.086
1.020
2.891
8.336
20.634
19.585
31.792
10.626
18.083
16.843
3.852
10.763
21.301
6.750
9.455
16.582
12.820
7.454
11.167
10.432
13.300
16.740
6.405
8.758
31.127
13.752
8.509
15.498
66.275
18.366
13.589
7.189
8.084
2.807
14.753
17.448
22.098
29.574
12.511
52.678
6.410
9.270
20.514
23.023
9.943
17.261
15.760
3.507
13.760
21.683
11.000
16.864
16.811
10.348
38.172
24.129
7.841
15.590
12.739
11.179
16.397
12.593
13.513
25.373
11.230
6.547
24.532
3.619
6.283
7.593
1.294
6.369
5.184
15.003
3.222
11.893
13.800
6.660
4.331
3.169
3.763
1.820
1.174
1.080
2.673
9.937
8.332
8.217
9.781
6.176
0.350
1.193
3.478
2.726
5.970
3.251
15.916
12.164
4.446
6.537
9.311
3.220
0.577
3.262
1.186
12.300
15.997
0.694
8.920
14.509
93.974
21.444
7.000
2.108
0.031
3.749
0.154
3.219
4.261
8.109
2.098
0.312
0.474
0.458
2.788
3.588
10.075
15.364
4.328
13.124
8.660
2.125
1.954
15.438
3.653
13.666
18.371
5.685
2.106
1.073
6.190
1.826
10.993
15.443
4.954
8.037
9.889
27.332
21.319
9.301
15.922
11.608
27.243
8.516
9.325
11.580
15.601
4.889
5.857
14.557
10.873
26.999
10.059
30.465
31.936
6.887
14.523
13.956
9.785
16.438
9.198
2.812
6.647
0.833
3.344
5.521
16.922
34.542
9.496
3.852
2.146
19.770
9.592
20.127
19.696
9.910
0.712
14.904
22.651
18.402
13.216
24.894
10.938
25.917
15.168
54.317
78.641
27.706
74.916
10.403
20.385
21.138
18.716
20.538
26.348
114.639
25.104
26.245
22.642
14.435
18.155
15.628
18.097
30.630
8.841
31.052
44.790
21.210
21.619
8.456
18.251
23.902
19.353
13.671
7.452
26.384
15.383
23.569
23.686
25.969
20.943
4.752
26.470
72.390
23.078
21.046
10.567
14.365
90.266
9.658
17.587
16.385
6.187
9.005
4.951
9.733
29.007
14.296
74.209
3.701
26.292
15.142
11.489
5.627
9.508
10.365
15.597
11.706
17.444
15.872
10.792
18.251
8.508
17.820
10.643
25.420
17.479
4.118
11.070
13.300
29.993
21.162
20.290
13.311
5.495
24.548
35.695
3.703
13.134
24.197
40.097
49.160
7.484
0.621
20.232
19.202
6.897
10.997
70.838
18.742
14.564
42.332
45.140
12.006
7.732
26.079
17.412
7.732
10.492
16.629
14.433
0.560
18.196
20.359
138.352
28.267
19.865
36.300
26.772
16.282
6.736
8.895
37.884
11.759
13.585
12.463
17.197
27.401
11.258
20.517
17.209
29.055
12.857
13.729
18.814
20.769
11.009
7.344
9.283
17.266
16.394
20.668
10.406
3.766
14.799
11.385
6.164
17.271
14.371
24.149
21.430
18.721
23.693
15.952
19.868
6.932
17.413
110.423
39.939
16.316
12.648
9.773
18.653
43.283
17.331
5.085
12.912
27.310
9.692
3.086
11.972
40.083
7.066
8.803
14.832
6.180
13.481
16.066
4.844
0.220
5.150
5.503
9.342
13.700
79.163
24.712
19.355
25.317
11.518
8.799
11.488
6.116
14.153
6.255
11.448
12.327
26.247
11.913
10.523
20.136
11.134
5.584
4.261
13.529
8.446
21.065
34.020
26.177
7.819
12.849
7.083
17.120
45.337
11.400
8.370
8.920
23.236
2.187
1.693
2.882
6.767
4.861
2.817
4.398
9.218
20.838
15.353
5.550
16.112
19.992
27.576
2.745
7.347
8.319
11.979
24.312
27.586
11.881
2.551
17.132
12.530
12.372
14.341
12.940
5.208
4.861
7.327
9.314
5.792
5.407
3.368
2.837
0.010
0.181
0.482
1.102
0.688
0.000
0.000
0.578
0.175
0.266
1.827
0.326
0.259
0.572
0.022
0.112
0.139
3.662
1.370
0.948
0.038
0.795
0.003
2.276
0.759
0.554
1.665
3.940
8.010
0.240
4.635
4.879
0.783
2.247
3.552
4.456
2.645
3.543
5.850
12.219
1.390
3.026
0.642
0.233
10.398
5.316
3.447
7.852
9.457
10.650
3.679
12.288
6.396
32.118
218.357
6.976
1.645
0.209
3.009
7.562
8.406
4.247
5.373
10.595
25.677
31.059
51.979
13.338
2.079
6.678
30.401
24.041
26.970
21.889
16.095
1.183
6.111
22.752
18.680
9.936
4.583
0.874
2.283
22.580
29.158
19.233
16.129
15.877
22.330
24.166
13.953
1.847
10.976
28.982
170.446
28.460
20.232
5.188
26.161
20.627
20.548
104.827
22.525
14.444
2.602
12.188
19.279
3.849
4.508
3.337
14.984
20.496
11.786
14.481
13.874
29.598
15.618
2.736
25.310
4.075
8.305
0.299
5.143
27.159
38.222
18.579
9.187
16.140
30.309
137.528
14.880
4.434
11.249
30.815
26.729
11.134
27.708
22.105
18.172
6.784
24.939
16.347
9.575
16.636
14.804
35.505
17.573
25.693
21.440
28.999
15.046
8.164
10.377
23.742
11.915
19.944
13.158
26.130
23.200
15.232
58.037
22.357
17.800
22.495
8.839
20.847
17.453
28.716
20.148
12.142
5.794
12.906
17.111
67.389
19.044
27.348
11.889
7.448
17.020
19.272
15.886
29.608
29.521
35.410
16.651
139.574
40.006
8.847
12.483
9.974
27.806
17.501
17.008
27.560
20.136
25.227
121.531
20.326
13.623
23.682
28.135
21.411
16.038
8.906
36.598
14.100
8.932
14.474
8.343
18.203
18.522
13.033
23.820
28.650
14.138
3.438
24.386
33.982
11.494
19.284
15.422
10.626
13.321
30.693
16.143
7.296
20.247
21.386
9.416
27.136
16.129
5.709
2.860
19.078
8.823
26.848
8.957
4.769
3.272
9.798
21.890
11.939
15.681
74.158
19.425
13.357
6.053
18.303
27.260
28.743
15.872
16.560
19.729
24.831
18.375
15.760
14.030
10.715
25.378
23.730
10.410
43.585
13.572
26.817
99.275
50.997
10.035
18.972
3.852
20.955
34.167
8.532
0.005
29.473
8.823
24.448
32.926
22.443
10.940
23.480
35.081
7.443
14.334
16.225
19.559
26.172
36.609
13.427
11.470
2.032
10.825
13.383
16.862
22.076
4.841
9.539
23.059
12.037
12.796
4.170
2.281
7.526
7.716
17.879
11.827
11.922
16.993
23.039
14.310
15.130
17.523
98.214
11.915
15.359
17.501
15.862
18.095
6.825
8.986
10.399
9.627
5.940
27.042
3.490
16.126
18.150
13.367
12.524
12.276
10.621
19.101
47.269
3.061
9.692
21.367
21.667
11.167
6.025
8.164
2.949
20.507
24.549
23.662
17.784
10.734
9.853
7.517
8.135
2.117
1.154
2.517
7.083
10.327
3.900
0.323
0.443
0.429
6.667
5.953
17.554
15.185
12.840
8.559
6.863
5.824
18.047
10.689
4.716
9.905
14.581
2.529
2.000
3.330
7.186
3.608
0.479
0.003
0.409
2.870
8.092
16.696
11.464
1.687
3.704
5.541
0.954
0.474
5.351
5.152
4.966
4.774
4.166
5.953
0.572
6.949
6.849
4.486
5.996
11.352
14.190
11.232
11.663
10.657
9.788
11.958
1.857
3.104
2.139
1.027
0.364
4.405
3.135
1.880
3.955
0.359
1.509
3.032
6.252
8.137
5.340
0.151
3.905
13.620
19.257
11.924
17.891
15.096
2.369
0.385
1.270
10.916
9.577
0.551
4.214
3.136
20.689
12.301
5.871
13.802
23.942
23.806
10.578
15.381
10.863
19.686
6.025
1.481
2.590
1.147
2.968
0.381
4.092
18.249
16.109
11.385
8.360
14.941
12.040
14.763
11.275
13.062
30.446
15.264
15.647
21.059
30.748
14.591
8.240
5.478
29.608
46.064
39.403
7.090
21.396
37.323
5.644
18.114
6.382
22.107
20.023
49.057
33.083
11.491
21.760
22.058
30.554
11.853
11.060
17.698
17.801
22.048
15.755
7.385
22.879
24.922
31.170
29.411
15.281
21.430
16.322
18.097
12.439
79.944
8.293
10.782
12.178
24.520
27.131
31.551
11.347
25.150
28.743
11.673
7.330
11.800
24.946
26.498
71.154
7.447
85.056
9.527
14.811
22.433
28.884
37.091
13.230
15.336
30.981
92.937
147.811
10.962
12.051
23.200
20.102
81.251
12.140
19.312
20.546
10.964
18.910
20.671
105.264
17.599
16.241
18.896
13.019
10.255
156.116
21.338
23.092
20.610
17.075
10.719
15.168
11.797
12.270
28.510
17.901
12.456
19.425
29.241
12.164
27.311
18.653
14.708
10.252
20.040
133.453
10.543
21.949
26.693
31.517
