19790101
4.419
0.906
0.364
0.000
0.000
0.000
0.000
0.000
0.000
0.000
0.000
0.306
0.077
8.477
2.120
0.187
0.000
0.000
0.000
0.000
0.000
0.257
4.940
5.816
4.662
2.046
15.470
4.789
13.887
3.760
7.442
8.576
8.058
0.000
0.000
0.000
0.000
1.741
2.327
3.565
5.847
18.818
1.044
15.710
5.522
11.740
14.553
14.026
0.469
1.480
0.000
0.003
11.919
23.732
14.483
12.492
11.337
9.479
10.472
8.638
12.411
7.193
10.197
17.530
8.034
18.479
17.492
20.778
11.568
6.611
6.489
2.134
11.185
7.577
7.493
3.981
4.930
1.183
4.844
7.551
14.725
3.437
9.582
2.997
5.133
17.973
9.428
10.399
12.100
4.412
12.233
27.981
15.007
11.412
22.529
26.611
28.273
18.587
4.889
11.549
5.450
14.809
18.385
12.792
13.812
37.577
20.108
1.651
19.593
21.259
31.713
20.029
2.832
9.719
8.370
7.364
10.028
8.724
13.247
27.425
18.402
11.337
23.724
48.072
33.316
8.974
15.738
10.703
12.940
13.098
7.869
28.362
109.733
4.841
26.614
2.374
9.476
1.154
5.273
21.530
16.507
6.341
6.671
0.893
6.145
14.646
11.910
19.123
1.576
12.512
28.681
9.247
17.381
15.628
5.445
0.628
1.729
19.961
6.918
3.418
17.652
14.260
18.212
8.729
126.950
10.804
30.621
33.644
15.908
25.159
8.777
13.336
16.749
14.356
19.847
18.335
8.144
11.635
4.041
10.307
16.490
26.970
27.351
11.857
14.335
8.480
1.706
0.220
1.634
2.069
6.554
10.494
10.339
20.362
8.513
23.535
31.265
22.371
45.077
10.966
18.665
14.317
33.407
32.475
20.585
19.949
6.837
16.054
13.369
11.117
17.798
14.850
9.436
11.539
16.270
25.928
25.176
15.084
14.515
6.808
4.194
2.532
0.021
15.668
18.704
24.520
9.339
5.163
22.215
78.832
27.251
2.431
40.073
12.267
46.922
15.824
2.735
4.130
5.488
4.403
8.556
8.508
20.378
2.846
9.508
22.450
18.309
20.239
6.573
3.045
3.026
4.558
8.090
13.250
21.375
15.355
8.635
4.949
4.144
5.687
3.298
23.803
26.808
3.946
4.583
5.603
4.055
13.707
20.905
4.386
14.193
6.291
16.586
123.400
14.306
14.279
21.119
30.999
30.688
17.982
42.500
22.268
8.545
7.611
5.325
7.361
5.740
8.669
11.488
6.218
5.836
15.911
10.537
1.991
0.350
0.007
0.000
5.586
5.567
12.631
15.728
2.015
2.571
5.461
14.562
17.584
14.555
4.836
20.979
5.260
0.048
4.138
6.329
8.391
9.447
7.122
1.233
3.459
11.620
16.219
12.054
4.885
8.781
17.788
12.990
0.506
0.000
8.829
3.648
16.337
10.526
11.903
12.675
14.145
13.336
14.323
9.043
7.901
14.814
14.590
13.723
10.080
4.824
6.004
0.058
0.093
7.095
6.988
26.466
12.761
28.227
28.709
16.841
21.300
3.639
10.186
6.098
0.017
3.049
0.091
0.041
6.769
18.624
16.682
5.610
6.221
10.482
10.609
8.885
13.225
0.199
0.000
0.021
0.120
0.021
0.000
0.000
0.021
3.627
3.888
3.054
3.433
15.213
18.742
7.055
3.382
10.586
10.921
27.977
1.275
0.999
5.449
17.853
9.572
11.206
2.111
4.884
4.124
6.923
22.268
14.837
0.076
0.297
0.062
0.000
1.452
1.308
0.076
0.000
0.000
0.000
2.668
7.752
8.772
9.802
17.223
19.229
0.369
0.373
0.000
0.000
0.000
0.067
0.014
0.000
0.000
1.243
0.000
0.010
0.000
0.000
0.000
0.100
0.187
0.058
3.734
6.131
13.656
14.420
5.083
0.331
0.285
12.710
1.923
0.021
0.024
0.249
0.318
0.038
0.027
4.475
1.720
0.827
17.178
12.248
13.549
0.000
14.083
14.207
2.623
0.536
5.895
31.009
3.502
7.594
1.954
1.184
0.010
0.069
0.000
3.076
11.944
17.022
5.637
7.756
15.103
15.532
28.420
10.523
10.252
42.215
8.144
4.910
3.591
11.285
14.291
15.491
18.709
14.588
8.128
6.487
23.032
17.707
48.118
18.708
7.519
7.529
38.469
85.496
36.504
4.887
11.388
25.449
74.104
0.039
11.319
81.407
10.875
9.312
18.234
4.068
17.182
20.189
4.851
14.986
28.721
7.442
23.775
51.800
9.213
16.395
42.745
2.573
15.544
4.255
7.239
15.634
70.230
49.818
1.756
2.875
0.000
0.572
1.984
5.890
7.287
13.168
0.342
2.319
30.987
9.167
14.176
9.519
0.127
4.872
1.638
1.554
0.000
0.000
0.000
0.577
0.000
0.000
0.000
0.003
2.773
16.373
22.683
10.260
17.238
16.320
1.550
0.561
1.231
9.743
9.927
2.278
1.109
31.181
15.147
111.134
6.590
7.685
14.493
35.994
45.784
4.616
2.934
11.944
23.504
5.067
28.331
9.991
27.435
18.548
20.261
13.815
1.885
17.300
88.996
0.007
1.476
14.001
47.894
10.155
32.739
20.774
30.343
16.335
18.636
8.538
11.817
3.636
15.508
0.000
8.583
8.017
0.000
6.616
5.133
50.793
29.052
30.284
2.166
0.903
8.219
43.722
5.371
0.319
3.653
6.714
17.242
62.078
13.548
19.504
8.319
22.354
21.423
5.795
11.767
97.892
1.133
5.411
24.965
21.197
6.176
19.549
60.466
3.177
1.710
11.742
21.231
14.444
7.131
9.356
56.801
12.978
30.072
22.817
91.557
11.251
85.261
11.003
48.233
32.798
12.746
18.227
49.057
35.675
28.230
8.827
19.224
22.148
11.330
16.083
10.348
25.584
70.838
3.126
9.726
7.107
18.759
8.576
10.581
4.398
4.870
6.355
10.940
5.521
9.872
4.300
4.262
17.311
13.296
3.184
5.485
2.159
4.422
1.277
5.758
11.379
10.034
7.493
3.644
1.902
14.545
10.216
7.819
16.854
13.844
11.864
8.077
10.550
12.140
25.365
5.945
7.218
10.389
81.450
9.819
9.405
13.625
21.205
31.457
12.085
26.333
8.398
4.722
2.644
2.355
5.970
11.325
10.842
12.442
13.568
17.073
2.688
11.965
16.780
23.940
27.991
3.962
0.814
0.000
0.575
8.473
4.875
13.132
14.989
12.416
13.166
0.769
2.975
4.092
0.704
5.854
2.726
3.140
5.232
0.745
0.000
0.220
3.385
3.725
8.037
14.495
7.306
7.536
11.695
2.067
7.879
10.180
2.973
0.901
11.773
2.101
2.932
9.850
2.877
11.419
18.577
5.620
11.802
10.018
8.356
11.058
10.734
9.096
12.717
17.743
11.419
27.155
30.020
8.442
36.842
32.765
21.846
15.549
20.531
22.333
8.693
26.829
10.894
5.200
71.947
9.110
17.911
11.222
9.572
9.210
10.985
8.199
14.325
8.515
5.736
1.210
6.480
2.417
6.511
1.826
1.015
0.592
20.991
3.030
12.756
7.229
2.103
12.265
4.510
0.730
0.412
0.182
4.267
14.299
83.929
9.538
8.624
18.842
0.041
0.055
0.426
8.895
25.540
25.203
85.044
11.158
11.786
29.577
53.321
2.252
2.098
3.825
10.337
2.105
10.248
17.594
16.536
7.117
13.084
1.505
2.551
12.394
10.003
5.243
8.959
19.631
15.848
2.444
7.797
15.153
19.597
9.653
7.375
12.455
7.152
11.503
31.714
27.500
30.157
20.332
14.188
11.470
22.218
12.057
12.643
26.782
94.779
9.148
35.649
14.485
43.490
26.377
56.123
15.628
22.790
11.515
33.850
25.138
5.404
41.336
1.569
16.600
19.341
17.075
41.449
9.948
22.306
36.933
18.436
38.198
0.762
5.023
17.511
44.639
3.907
32.770
29.800
11.361
20.366
23.446
74.055
5.493
21.200
16.287
8.635
35.125
18.196
16.143
5.706
24.640
4.460
8.346
16.282
23.650
35.009
1.936
10.667
12.748
39.968
3.509
12.840
22.934
5.102
6.259
15.171
7.931
0.038
0.930
2.918
4.312
15.638
0.299
0.000
1.766
0.652
19.909
10.997
14.255
24.242
29.007
52.086
13.822
1.696
5.562
10.334
16.517
30.751
9.380
4.063
10.564
55.134
1.363
11.288
9.495
18.327
77.018
15.036
3.639
18.151
14.598
10.248
7.048
32.894
18.814
46.503
8.981
16.874
15.223
16.716
23.425
79.877
164.943
0.472
49.004
6.442
19.514
20.174
23.514
6.238
9.356
21.626
15.834
20.181
41.192
0.000
8.916
5.708
3.419
17.880
26.707
6.935
29.704
16.574
31.230
13.445
24.568
5.394
17.606
21.856
7.136
10.961
58.114
4.758
8.291
7.345
4.611
6.822
16.682
10.018
17.839
11.489
9.107
14.703
27.964
63.312
18.282
59.457
6.147
0.082
9.318
13.275
4.801
14.886
10.022
15.230
8.878
5.761
11.218
11.172
28.832
19.338
18.079
6.245
7.738
24.098
21.659
11.010
21.801
13.242
7.323
17.283
5.102
16.352
11.014
14.334
6.410
3.674
9.469
1.826
10.111
4.954
10.138
5.850
1.751
7.402
16.219
16.291
28.400
23.178
20.517
11.433
0.762
7.296
53.047
42.060
10.722
7.972
12.981
23.655
30.769
6.111
9.663
9.201
11.247
15.017
25.154
10.008
0.570
3.739
10.475
11.103
5.948
8.168
8.829
22.347
6.564
20.974
10.842
22.814
3.299
0.137
0.893
0.247
1.974
4.333
11.175
4.741
8.593
9.489
8.360
0.570
1.075
14.519
0.539
0.000
0.000
0.000
0.000
0.034
5.970
7.560
19.233
7.103
1.315
2.118
12.696
7.817
3.838
14.692
14.154
10.643
13.451
10.447
16.787
15.831
24.034
32.741
31.690
18.311
12.318
20.924
31.812
12.930
10.794
2.484
7.030
21.078
8.070
0.784
4.400
0.371
11.635
2.584
2.557
12.885
19.082
15.748
0.014
0.730
1.157
8.964
3.785
0.838
1.619
15.413
27.676
7.580
6.683
14.409
19.489
4.885
8.569
6.581
0.426
0.103
0.000
2.257
10.665
22.938
31.217
3.430
1.191
6.605
20.347
34.382
23.657
12.756
16.102
31.203
27.367
19.365
34.360
15.952
24.877
64.153
3.634
7.542
18.399
0.031
0.000
0.601
5.424
11.345
13.680
9.495
28.712
12.147
12.997
27.401
4.328
11.822
8.985
19.357
5.606
9.915
17.403
65.221
1.366
19.827
43.269
33.790
10.973
27.267
149.064
4.034
20.345
21.557
28.815
21.217
5.909
37.645
4.151
98.479
17.808
16.668
9.332
26.355
27.971
6.966
22.395
15.642
1.267
84.377
64.606
3.344
12.202
15.170
6.429
9.364
9.292
37.824
6.961
26.102
24.767
14.212
17.956
24.137
14.050
18.459
11.524
2.281
25.911
26.559
13.156
60.433
72.532
10.360
22.706
10.451
13.832
15.582
2.113
4.324
4.455
8.023
14.317
0.712
0.000
0.022
1.298
6.123
8.752
13.278
21.470
7.755
14.317
4.877
17.299
15.798
87.980
0.000
0.000
1.591
4.262
0.353
5.861
4.774
3.383
14.871
4.496
0.577
0.724
3.073
19.976
11.874
4.954
8.708
0.000
6.863
7.474
35.590
1.651
5.807
16.299
31.170
18.963
12.408
12.037
6.611
2.711
0.000
1.574
14.171
1.868
0.000
3.268
0.656
6.121
1.868
3.794
0.000
15.292
15.668
6.251
8.091
5.039
20.636
16.500
63.304
9.024
5.373
23.464
0.772
2.807
5.651
6.563
5.315
35.233
25.017
25.397
42.654
77.558
20.157
29.648
23.682
21.709
12.662
12.799
20.483
28.322
24.176
30.109
79.407
3.553
6.024
5.921
38.749
11.940
8.834
76.008
15.990
25.123
9.366
12.337
14.454
49.118
1.801
7.687
6.179
7.186
14.300
34.394
7.155
13.467
37.390
5.979
9.582
26.378
42.045
33.471
38.996
14.087
7.502
12.906
9.678
7.928
3.404
18.476
17.080
24.463
87.350
14.478
15.903
15.989
51.540
10.101
6.133
7.787
7.079
20.589
26.992
9.833
11.268
1.174
10.185
17.200
18.642
15.141
13.714
25.396
7.962
13.523
9.419
17.592
27.974
23.318
17.867
12.451
10.348
7.107
5.228
12.550
22.187
14.881
13.618
25.481
12.085
11.116
23.580
21.667
34.600
12.237
16.593
8.512
0.328
0.506
23.265
9.487
13.663
33.241
16.000
14.377
10.224
10.356
7.210
18.587
16.807
9.157
1.118
0.168
0.000
2.489
0.405
7.687
11.082
0.925
5.239
7.666
0.124
0.051
1.610
0.666
0.069
0.000
0.124
0.000
2.147
0.000
0.000
0.000
0.000
0.000
0.000
0.072
0.000
0.000
0.055
0.584
9.229
4.401
4.403
1.936
0.000
0.058
0.522
1.454
0.003
0.010
8.229
3.368
0.220
0.021
0.000
0.051
1.598
0.065
0.010
1.579
6.623
0.553
0.034
0.010
0.268
4.119
2.269
17.427
8.866
7.692
77.630
0.079
5.644
24.702
5.016
0.058
16.861
14.286
23.253
21.368
8.442
12.384
19.702
9.671
3.732
2.228
7.742
20.881
13.676
27.301
0.663
0.000
0.079
7.320
9.009
0.113
15.910
1.329
24.362
19.789
0.869
0.639
3.488
26.103
21.760
29.584
24.977
22.783
17.084
57.695
18.982
13.984
4.882
20.744
20.853
22.445
21.322
29.174
7.096
26.038
24.086
15.760
32.993
22.254
16.236
11.773
0.062
11.769
19.061
4.213
30.652
78.350
35.438
18.838
8.013
21.056
25.255
20.311
35.936
32.657
35.009
27.710
33.646
27.006
75.189
9.067
13.973
10.413
11.203
20.311
4.243
14.694
29.045
16.579
8.889
8.393
4.930
11.000
13.153
6.255
81.460
9.551
13.235
10.652
13.352
20.078
13.898
18.651
25.677
9.174
29.426
10.403
18.993
13.316
41.501
29.629
21.724
55.948
15.113
57.513
6.691
4.340
11.361
0.446
7.062
12.507
15.333
1.940
25.406
30.315
12.064
22.889
34.270
22.652
16.922
13.946
24.297
33.167
19.786
10.152
14.193
40.409
20.603
54.451
7.074
11.472
4.398
15.281
69.670
15.151
37.498
5.486
2.194
8.106
1.919
3.454
2.510
0.282
0.000
0.000
6.509
7.677
19.696
4.649
79.500
9.623
8.794
11.403
18.385
15.553
7.454
1.552
24.877
3.112
9.098
15.662
20.122
15.127
5.689
7.795
7.392
0.731
6.726
48.398
14.814
9.599
8.343
27.044
54.324
15.017
11.124
36.397
8.727
39.589
47.894
2.983
20.532
84.258
12.864
34.581
23.991
78.623
15.951
118.374
12.332
58.902
11.201
21.918
24.512
52.434
24.656
39.778
19.290
35.067
118.470
20.538
15.019
13.196
22.553
30.288
25.827
25.600
19.708
63.817
0.216
11.942
2.192
11.065
30.024
81.410
14.030
7.560
16.074
12.893
22.108
17.322
17.149
34.670
20.459
37.765
19.312
16.361
9.634
7.194
14.998
33.570
42.611
22.778
18.600
13.353
16.679
22.231
8.514
26.898
8.968
34.610
60.102
7.608
9.908
25.553
22.285
16.115
6.209
7.936
8.630
14.336
31.890
19.260
20.829
14.363
2.892
7.218
3.500
3.871
4.051
7.452
15.401
10.480
27.639
7.814
12.012
15.171
21.451
26.889
47.538
7.220
6.091
12.552
10.695
3.533
14.248
7.629
14.138
10.145
14.073
8.253
10.925
12.706
1.473
7.146
5.830
22.642
17.396
15.456
10.413
11.852
8.422
5.964
11.615
9.424
13.954
7.436
19.748
7.557
15.779
15.783
15.803
11.896
11.652
19.514
4.336
10.164
1.584
0.180
6.774
12.138
25.289
3.387
6.916
1.166
5.888
4.934
11.651
10.205
22.095
13.185
13.948
23.428
19.906
11.656
3.797
6.226
2.559
0.031
1.984
8.834
2.335
2.015
0.048
14.116
23.518
24.074
10.670
1.061
4.243
13.575
10.571
17.503
14.667
23.363
11.271
13.791
4.360
19.360
19.154
12.432
8.360
10.416
9.822
8.638
17.218
13.242
27.854
14.296
9.761
9.294
24.039
2.613
22.440
18.122
29.461
13.820
22.258
25.008
16.011
14.914
11.989
10.320
2.046
0.000
1.497
4.896
1.157
2.146
2.015
9.637
3.299
1.305
0.079
7.955
10.612
3.021
0.027
0.752
1.854
2.108
19.350
16.421
37.568
1.840
2.946
2.098
4.377
12.727
12.936
13.221
15.652
24.932
124.407
0.996
1.751
13.357
14.148
23.356
18.103
14.734
11.786
7.783
7.632
3.560
9.345
5.788
7.625
21.272
21.849
7.999
5.582
15.666
21.837
16.759
13.333
13.980
10.391
15.618
12.452
13.977
6.638
18.382
4.432
13.415
8.375
10.270
14.032
11.434
27.955
20.170
22.392
17.745
12.488
34.143
3.466
11.089
47.389
7.920
19.938
6.116
21.451
10.107
8.080
13.844
40.196
2.740
4.017
6.365
23.459
17.654
7.464
4.628
12.631
23.343
112.359
6.415
9.222
5.387
63.738
6.018
0.306
22.330
78.195
8.557
18.428
35.754
27.437
71.667
46.355
1.260
14.828
28.904
32.018
21.571
46.304
12.998
2.901
9.126
18.318
4.982
28.870
27.497
10.162
4.958
10.842
17.743
33.368
25.198
35.122
35.544
9.706
20.924
24.706
21.180
24.936
143.193
7.436
9.510
12.427
3.301
1.528
20.835
10.767
13.408
27.514
30.214
15.531
22.985
57.390
11.901
5.907
12.293
24.042
60.345
57.682
24.184
18.551
14.682
4.989
6.665
20.917
28.815
9.871
4.614
33.860
59.888
11.790
17.734
15.427
27.195
15.233
11.894
20.692
5.742
6.176
87.650
3.550
2.168
37.251
5.962
19.343
22.647
48.478
29.890
177.870
67.272
6.556
10.597
18.852
12.291
2.683
13.493
15.056
152.780
1.006
27.250
5.522
20.737
116.589
11.918
42.534
36.920
12.963
13.763
26.192
12.457
43.611
11.211
25.876
107.347
17.452
29.540
12.121
81.469
15.333
25.883
23.101
11.166
7.606
21.255
17.297
14.190
7.457
18.071
9.502
8.892
6.042
9.804
28.778
44.064
8.441
7.742
8.787
19.401
11.067
9.206
18.450
16.306
10.537
6.875
11.040
23.006
19.846
18.557
0.822
3.600
1.487
12.104
6.475
6.425
5.466
0.603
14.313
12.140
11.314
24.634
1.384
12.545
24.604
1.814
12.152
22.245
26.118
23.916
21.883
7.602
4.544
5.269
7.397
5.524
3.681
1.591
0.191
1.665
0.700
10.113
15.328
5.214
9.701
10.955
7.172
11.122
16.303
12.543
5.818
9.525
10.946
4.669
12.330
8.538
3.028
2.328
0.627
0.240
0.124
0.110
0.192
0.000
0.000
0.000
0.199
8.473
20.156
3.117
0.227
1.634
1.512
0.288
0.079
0.000
0.000
0.000
0.000
0.000
0.038
0.000
0.398
0.247
2.620
9.218
1.123
0.000
0.003
8.164
0.312
3.722
0.378
0.144
0.165
0.029
1.681
2.307
0.661
0.000
0.000
0.011
14.859
6.760
12.821
13.687
31.794
6.609
18.291
6.339
0.000
0.000
0.000
0.000
0.038
0.007
0.100
0.014
0.411
0.050
0.000
0.417
1.722
11.601
7.965
18.732
38.387
17.279
18.663
0.031
0.000
0.000
0.378
4.552
0.185
7.282
0.536
0.360
0.474
1.751
4.267
10.087
0.000
1.102
1.298
0.000
0.017
0.415
20.023
34.325
9.232
15.139
21.169
20.472
18.831
13.263
1.123
12.358
23.351
15.939
38.483
31.133
9.342
16.407
28.973
4.539
17.906
31.510
16.916
7.443
20.721
27.576
42.085
16.749
5.634
18.292
2.740
20.088
13.692
19.580
10.770
2.774
2.846
1.796
0.118
5.531
11.758
16.021
90.500
19.019
20.556
15.245
13.511
26.892
58.224
17.385
6.396
15.980
27.905
17.346
40.564
26.168
10.265
5.086
22.591
15.249
17.111
22.084
8.502
30.076
14.693
21.332
11.126
16.019
15.559
12.394
59.627
30.854
97.773
11.258
13.850
14.899
13.752
10.394
6.082
3.363
0.645
2.058
5.182
0.000
0.530
2.053
5.643
0.530
0.108
1.033
8.228
0.000
0.000
0.031
5.359
1.456
0.014
0.000
7.174
0.429
0.079
0.000
0.000
2.465
2.257
4.127
23.655
12.076
21.408
21.822
0.045
0.112
7.157
5.335
0.779
3.076
4.075
5.105
9.768
7.780
46.465
72.300
13.692
21.008
20.970
39.812
5.435
29.402
8.106
10.859
21.294
29.857
7.514
24.530
17.111
38.960
38.521
23.488
17.146
16.746
9.409
17.836
22.848
7.411
14.626
23.648
60.576
10.978
76.671
15.745
23.575
25.301
63.108
21.633
144.444
9.991
6.686
25.317
43.456
102.078
12.382
4.446
8.305
18.869
30.449
30.957
120.417
15.408
12.694
74.422
13.269
32.956
1.222
7.342
15.173
28.116
5.592
11.452
10.380
9.742
12.193
18.480
3.869
21.350
5.311
58.339
2.774
11.882
33.852
15.410
9.680
13.288
2.012
2.735
9.162
17.829
22.975
31.665
17.126
7.526
6.547
31.556
11.939
4.946
28.057
61.087
14.121
73.155
13.517
104.347
7.062
8.120
11.637
27.905
17.635
29.000
21.340
6.799
2.329
0.510
28.520
4.369
0.031
0.000
1.881
4.125
9.266
9.620
12.974
21.885
29.103
20.009
22.050
23.191
13.366
3.519
6.012
13.105
38.694
26.989
13.111
20.090
21.252
29.299
9.565
12.954
8.480
13.273
10.458
12.181
18.452
11.532
27.418
5.414
12.490
11.302
6.513
13.089
10.197
21.516
14.359
6.084
7.275
8.166
7.035
0.124
0.000
0.021
0.003
0.000
0.000
0.000
0.000
0.003
0.227
0.093
0.608
0.113
0.831
8.641
0.742
1.207
0.000
7.114
6.137
17.908
25.087
19.422
6.739
13.166
6.092
9.853
0.026
2.153
1.047
3.831
10.770
13.101
0.000
0.148
1.126
0.000
0.010
0.000
1.226
20.891
4.803
3.395
9.809
12.918
13.843
2.874
6.334
20.290
0.312
0.076
17.949
15.977
7.471
5.311
5.433
2.688
19.542
18.903
7.409
9.798
10.674
6.145
2.486
5.222
31.160
23.408
11.869
14.262
9.912
19.360
29.352
37.693
8.391
1.864
0.577
3.025
10.049
19.567
9.120
18.763
10.933
0.216
20.419
7.999
0.051
0.048
9.634
7.445
9.074
14.667
0.393
0.000
2.901
0.096
0.355
31.987
26.771
20.391
13.754
0.041
0.000
0.000
5.007
14.275
3.047
17.776
40.927
13.448
30.422
12.562
11.927
24.005
33.735
42.054
21.276
9.266
20.908
19.350
23.761
35.302
34.847
24.328
17.393
3.509
13.505
5.991
6.715
18.467
19.786
15.810
12.188
21.574
24.578
18.114
19.511
36.602
118.927
21.550
28.376
21.852
26.213
32.355
11.326
16.703
19.187
17.149
11.848
18.800
3.480
11.656
0.807
7.642
19.173
16.546
28.055
39.637
36.523
20.431
15.882
72.309
16.788
13.024
21.815
2.511
9.510
2.317
-99.000
0.886
30.367
18.162
14.622
41.346
9.968
14.941
42.119
21.734
4.625
15.244
5.294
3.042
8.717
16.873
9.970
6.285
12.238
19.566
8.974
11.052
11.158
6.259
23.907
18.685
19.652
3.753
5.909
20.247
21.023
111.173
3.365
2.929
11.906
24.269
41.669
22.501
9.850
0.000
0.000
2.400
1.432
2.623
0.000
5.864
8.562
26.391
21.774
7.533
12.224
14.976
11.968
2.225
5.948
1.617
0.498
1.777
3.636
1.030
0.000
2.036
3.045
9.194
7.522
6.753
18.838
2.221
0.113
3.268
7.618
0.000
0.048
4.098
27.224
32.521
68.441
1.253
18.380
14.935
58.320
26.563
35.160
27.256
4.223
5.656
13.887
17.963
8.945
11.093
8.037
35.173
46.239
22.901
15.819
76.669
7.962
11.532
0.779
5.775
6.134
0.076
0.704
2.788
7.114
20.671
16.586
20.635
19.600
5.981
15.898
56.054
11.232
26.810
8.290
13.978
121.901
10.343
22.956
87.491
3.243
19.008
9.541
29.570
12.193
12.538
3.330
20.943
13.874
13.166
46.687
19.384
37.439
15.784
15.734
53.565
9.283
8.789
10.052
11.886
8.581
26.508
44.498
10.032
16.679
31.907
77.258
13.795
11.455
9.967
8.456
17.719
15.343
9.201
6.206
3.171
11.574
16.517
17.211
7.226
17.530
11.050
65.321
42.061
16.393
6.262
23.616
15.770
52.650
2.515
8.942
19.732
37.618
20.707
31.239
45.887
13.532
12.418
12.217
7.515
5.999
0.681
6.973
3.419
4.374
7.171
1.377
5.895
5.184
4.728
16.881
24.434
9.658
5.061
8.396
8.495
8.132
8.420
11.989
10.133
0.366
0.000
0.000
0.017
0.029
1.720
1.166
5.430
-99.000
-99.000
-99.000
-99.000
-99.000
-99.000
-99.000
-99.000
9.012
0.000
0.000
0.060
9.859
3.883
2.836
0.021
0.045
0.024
6.963
5.953
2.345
0.347
0.000
0.003
0.213
1.651
9.283
15.480
14.148
9.867
23.892
12.246
1.566
2.908
12.724
0.000
0.831
0.045
0.014
0.000
0.000
0.755
0.065
0.000
11.431
16.632
52.199
11.699
24.858
13.439
24.554
6.702
9.038
22.012
19.180
11.555
6.537
0.046
0.170
0.316
0.000
0.000
0.000
0.141
0.268
0.000
0.890
0.130
0.000
9.397
7.093
13.125
2.414
13.555
14.194
1.164
0.318
4.710
3.069
6.484
16.421
18.158
0.376
5.421
1.651
15.004
23.665
57.325
14.695
35.005
1.909
33.893
17.765
22.647
0.106
12.330
20.275
11.068
29.689
21.832
20.606
25.466
13.680
14.198
17.543
9.023
31.284
10.540
24.443
3.454
0.062
14.697
18.706
9.328
10.564
22.211
22.682
34.921
10.250
45.480
16.685
163.952
22.872
2.099
17.068
0.463
1.976
6.921
3.862
7.340
7.378
5.019
11.565
5.176
5.723
7.498
21.622
16.239
15.632
96.910
7.591
86.595
10.705
26.673
26.377
31.078
29.275
37.398
51.025
7.285
3.715
12.109
14.052
2.269
20.950
18.210
6.327
12.531
6.527
10.300
19.024
27.933
19.769
7.910
31.544
3.227
0.247
1.998
3.080
5.624
9.232
31.399
15.570
33.131
27.282
14.701
16.519
6.736
5.534
2.882
12.032
15.676
4.585
43.235
11.148
1.449
4.233
5.885
3.208
19.171
21.883
19.405
80.233
3.601
3.351
1.600
12.222
32.302
39.964
35.556
21.037
82.998
24.195
80.684
10.289
35.745
11.698
2.903
13.063
11.421
18.377
20.965
26.393
34.641
19.001
78.961
0.160
2.201
12.106
12.828
108.792
32.120
28.534
9.204
10.658
14.490
32.009
46.438
50.970
3.574
17.865
29.675
27.526
10.082
8.035
11.173
10.554
8.030
9.404
8.188
7.012
5.155
6.521
3.622
21.305
12.484
13.977
41.667
21.784
24.575
20.332
17.243
10.277
15.247
19.916
28.140
5.563
11.922
21.207
17.309
39.983
11.132
5.297
10.771
81.488
9.603
20.459
12.586
16.610
11.243
16.128
131.494
18.174
13.869
10.399
2.007
18.699
21.974
5.869
14.783
6.118
20.860
120.635
15.952
11.601
18.816
6.413
24.796
5.203
6.067
4.894
4.235
11.325
16.344
18.692
27.663
58.540
20.817
3.988
12.218
7.692
16.124
25.821
11.098
20.071
44.531
4.358
31.081
17.513
23.682
2.129
5.814
3.097
3.213
4.425
1.263
15.865
25.485
14.598
8.339
18.179
12.387
11.155
6.485
18.440
18.802
16.459
11.299
21.598
43.293
15.455
18.690
26.115
23.310
18.445
17.939
10.969
7.790
4.764
17.257
8.665
10.434
0.069
19.985
18.436
5.836
12.700
0.771
0.951
2.674
14.747
13.067
15.374
5.294
4.992
11.330
6.228
0.817
0.000
0.000
0.000
0.000
0.113
0.045
0.000
0.000
0.000
0.000
0.000
2.549
11.148
10.756
0.560
0.338
0.076
0.000
0.218
7.423
2.527
6.851
1.864
0.000
1.174
7.854
0.000
0.000
0.007
1.384
0.275
0.014
6.761
0.361
0.000
0.000
0.000
0.017
0.014
0.000
0.000
0.000
0.173
6.344
0.702
0.003
1.936
9.790
0.946
20.294
1.439
1.313
3.016
16.601
9.824
10.476
4.649
5.938
1.167
2.424
13.017
23.085
16.868
0.666
0.072
0.211
9.290
4.175
0.117
3.129
13.003
8.351
3.876
0.209
0.000
1.186
0.130
0.000
0.000
0.000
0.100
0.000
0.000
2.331
11.481
5.431
0.096
0.385
15.422
5.455
12.071
5.572
0.000
0.093
0.017
0.000
0.542
0.079
0.000
0.000
0.000
0.000
1.452
4.065
12.576
1.792
0.604
0.910
22.359
19.343
19.290
23.083
33.447
25.996
8.859
33.493
9.877
28.312
60.730
17.612
10.849
0.578
4.817
17.324
13.246
10.319
5.473
3.471
9.436
10.169
9.167
11.729
3.586
4.132
9.206
28.758
27.919
14.330
3.993
21.085
3.550
19.351
18.279
7.742
16.823
156.263
56.380
3.361
131.719
13.980
24.309
4.901
9.517
19.624
8.477
16.950
26.220
3.313
9.925
16.090
19.947
47.320
28.053
0.429
7.690
1.013
17.012
39.281
48.942
3.207
10.741
4.796
9.867
6.463
11.327
24.630
21.125
15.765
12.815
10.473
14.996
8.044
21.176
26.638
16.316
0.010
9.697
16.133
5.299
1.068
27.517
4.626
8.411
3.274
15.048
9.508
0.580
9.517
53.150
0.457
7.567
9.441
9.287
10.466
13.741
19.906
3.430
20.194
14.447
4.305
2.520
3.577
1.051
8.408
5.201
1.239
1.217
2.530
7.028
10.849
17.317
37.003
2.599
29.196
12.768
9.126
17.540
17.327
4.777
19.036
19.773
12.627
29.079
10.502
22.046
8.668
18.358
12.803
7.963
2.352
7.043
25.741
14.256
25.190
8.744
13.398
9.943
32.071
13.941
3.838
16.771
35.757
11.307
28.132
31.067
13.072
33.122
19.384
10.485
3.207
11.429
97.363
1.514
20.836
24.218
7.611
19.082
2.887
3.959
1.864
9.695
3.111
15.674
16.682
22.549
8.322
15.422
26.216
45.923
11.203
26.522
18.673
14.203
16.208
24.142
2.002
11.941
13.769
29.165
5.519
20.783
36.320
16.624
72.445
6.760
23.414
20.402
19.643
19.307
17.699
10.964
19.100
5.411
11.918
0.848
6.387
0.278
0.759
0.278
11.764
38.126
16.677
19.307
15.556
5.421
24.457
36.104
21.115
13.961
12.519
51.421
4.223
0.134
12.879
12.854
28.649
4.000
6.066
2.505
23.142
38.245
22.144
31.424
28.986
89.733
17.858
17.879
1.677
2.467
8.914
16.095
5.467
22.010
19.926
32.219
25.560
7.136
11.695
8.496
8.595
18.622
11.695
17.800
0.484
10.174
5.406
8.932
3.011
7.296
0.529
0.359
8.470
11.197
7.018
4.824
0.891
3.598
1.230
0.100
0.000
0.089
5.723
9.606
13.744
16.916
10.280
9.931
18.026
21.048
8.991
45.327
6.221
15.937
5.857
11.817
7.840
9.366
9.670
1.126
0.062
0.275
9.246
25.612
6.662
11.527
8.350
6.932
13.535
8.744
9.194
4.944
5.229
5.428
6.956
7.651
16.376
0.304
0.000
5.534
0.000
0.000
0.000
0.010
0.038
0.000
0.000
0.000
0.069
12.317
10.334
0.120
0.000
0.000
0.000
0.000
0.000
0.000
0.000
0.000
0.000
3.045
12.456
18.471
33.283
21.408
28.664
7.261
19.326
37.875
9.810
6.139
5.610
13.371
9.091
18.443
18.100
13.393
11.409
12.514
42.781
9.520
3.584
1.277
0.027
13.022
11.481
13.142
4.364
5.538
6.135
6.568
4.498
7.529
7.323
9.579
11.028
12.442
7.721
12.926
13.450
1.787
3.910
6.448
13.829
18.993
5.606
24.809
12.166
18.357
13.407
16.905
15.110
0.374
2.287
16.376
10.145
14.008
19.168
0.409
0.601
8.442
18.157
13.283
24.623
13.764
10.396
28.588
14.955
1.552
14.076
4.752
2.949
19.429
29.382
33.783
15.415
9.457
11.980
79.192
13.786
37.632
68.517
4.770
42.840
75.062
8.496
6.782
3.852
4.846
4.564
3.514
1.111
5.244
9.807
11.118
9.407
39.422
20.095
23.343
11.791
13.256
7.081
29.442
25.657
6.508
18.646
16.524
15.443
12.401
6.547
18.088
19.798
14.090
12.883
8.193
3.598
12.099
9.048
7.796
6.013
20.056
10.206
12.071
11.960
66.727
10.230
35.712
12.645
5.555
15.067
5.021
9.457
12.987
26.546
18.104
13.261
23.432
10.804
3.667
10.432
4.693
83.089
0.954
4.255
0.752
0.000
1.972
2.123
0.182
3.543
5.696
10.471
22.738
16.982
54.521
18.176
0.239
7.486
16.910
14.509
17.063
11.792
9.925
4.158
15.087
9.421
14.612
14.056
70.853
0.570
11.773
20.896
1.816
5.816
70.530
3.183
4.175
43.640
51.292
2.946
9.081
5.146
25.378
8.841
28.252
17.815
26.429
4.734
26.666
23.418
20.974
34.490
2.589
10.063
8.207
31.587
29.318
5.569
12.076
51.668
20.122
31.558
16.831
16.857
13.451
16.438
12.766
131.405
13.990
13.609
11.254
71.840
5.588
32.913
22.524
4.856
8.808
11.479
16.710
42.071
3.380
2.987
0.000
8.034
4.041
18.917
21.286
10.646
0.989
0.244
0.501
11.453
70.007
3.076
17.455
19.964
9.259
18.127
11.800
9.692
72.664
3.371
0.426
9.761
54.139
11.949
7.426
13.673
19.097
13.551
10.022
21.186
21.569
14.701
4.374
17.127
29.569
6.083
6.915
29.847
2.189
0.932
38.386
4.511
0.206
0.000
14.155
11.276
12.411
16.419
10.741
22.258
8.439
16.988
14.061
9.704
3.152
6.561
26.173
31.714
8.883
24.528
11.002
18.375
33.492
1.796
0.980
2.746
21.863
12.302
4.031
3.124
8.911
5.097
2.550
2.158
1.258
1.880
0.017
0.000
0.000
0.000
0.000
0.000
0.000
0.000
0.000
3.292
8.233
6.749
11.308
1.349
2.329
1.248
0.093
1.239
8.288
4.288
7.560
15.031
11.829
17.253
17.015
13.953
8.444
9.299
1.142
4.128
41.633
9.498
11.730
11.064
0.506
10.490
5.876
16.715
16.498
36.763
12.320
5.965
4.022
31.054
11.297
23.344
19.381
12.305
2.479
0.000
10.107
21.324
21.420
32.395
10.281
9.436
5.515
1.572
0.194
1.985
0.761
0.716
0.576
0.000
0.000
0.106
2.798
0.924
0.081
0.753
16.572
9.965
14.087
5.733
2.264
0.374
4.226
2.534
2.225
2.547
5.109
0.000
0.046
0.000
0.220
0.038
2.757
5.328
0.010
11.864
17.243
30.566
25.227
5.751
37.951
6.679
10.068
3.409
12.435
13.216
31.680
9.366
9.258
6.478
6.413
1.102
2.262
10.372
6.448
5.438
9.290
0.855
12.978
17.369
38.916
3.280
0.021
14.828
11.649
32.408
22.206
36.296
48.082
145.418
18.151
12.782
22.701
66.143
31.133
35.227
7.886
12.658
11.851
19.672
4.851
22.800
11.062
9.072
9.768
3.076
17.427
12.542
33.869
21.901
18.745
30.099
11.930
11.261
30.494
6.760
8.082
4.199
8.686
14.207
17.139
16.885
13.263
18.608
7.381
50.681
3.746
19.858
7.936
17.571
10.245
41.494
47.964
4.467
19.463
60.929
8.408
4.932
6.585
15.331
4.587
12.247
30.508
10.427
63.755
16.660
91.514
0.710
17.449
30.420
13.736
3.734
6.429
4.056
5.481
4.340
1.838
2.858
16.890
7.043
15.293
16.591
13.778
2.019
18.666
1.784
21.271
22.292
18.604
38.480
31.141
21.535
28.354
12.705
14.684
18.462
18.224
19.634
16.888
18.121
13.005
89.052
16.685
12.267
6.266
15.615
22.790
7.266
10.803
19.920
21.017
16.970
9.831
1.031
37.494
0.000
0.000
18.110
8.072
8.308
13.050
7.220
6.705
33.410
10.001
15.848
7.611
3.217
33.021
65.331
81.330
10.691
15.673
8.161
19.092
25.639
2.606
6.911
10.128
2.616
3.086
17.046
77.881
10.087
30.793
19.348
12.457
26.997
27.510
81.460
9.403
2.431
16.452
17.851
133.190
29.412
8.629
28.119
26.826
31.055
30.606
8.350
18.062
2.852
8.226
25.196
38.090
0.000
23.452
13.721
12.518
17.527
36.872
43.564
36.213
4.564
17.856
27.672
73.787
21.477
6.787
16.275
28.746
94.084
15.999
67.583
17.506
1.239
8.806
34.490
16.624
22.989
4.395
12.044
16.984
34.458
6.115
11.426
70.014
4.750
12.396
38.207
14.936
21.029
16.162
13.675
26.494
5.150
11.285
4.365
1.310
5.545
4.651
16.965
23.616
12.735
34.301
8.149
15.185
37.249
11.997
16.315
13.978
6.727
6.645
18.337
21.362
13.151
15.321
28.322
18.194
2.666
18.244
16.401
8.356
7.981
16.634
12.399
7.581
20.744
13.297
6.489
10.056
1.311
10.533
10.015
12.233
2.489
7.718
1.542
0.079
4.213
0.000
0.124
3.371
12.902
16.933
8.278
0.000
0.000
0.000
0.000
0.000
0.000
0.103
5.706
2.235
3.219
12.899
20.939
2.194
3.152
12.899
8.860
13.808
21.720
8.185
1.576
13.384
10.693
1.806
0.221
0.053
7.421
3.595
0.000
0.730
1.128
1.327
1.195
0.000
0.000
0.000
0.000
0.000
0.000
0.000
0.000
0.000
1.037
0.196
0.007
0.000
0.000
0.000
0.000
0.093
0.251
2.784
16.610
29.364
44.563
22.628
14.468
16.902
25.014
29.098
0.374
0.000
0.000
0.000
0.041
0.645
0.151
0.034
0.762
31.708
19.140
16.016
16.435
21.349
12.606
6.674
20.568
15.527
5.443
6.745
41.223
31.773
22.254
9.206
21.878
2.884
9.974
0.069
0.451
0.000
0.000
0.000
0.021
0.079
0.000
0.000
22.196
13.841
9.513
3.790
0.048
4.588
2.022
2.019
0.948
0.003
10.262
10.777
24.433
22.319
12.380
6.183
13.118
2.942
30.858
5.047
17.135
8.957
18.984
15.511
15.666
4.841
56.085
11.275
0.412
4.055
2.558
8.236
24.776
16.153
15.470
17.674
26.498
17.350
21.135
8.940
17.115
22.319
76.908
7.478
12.391
58.379
1.596
10.753
45.590
1.205
5.661
25.117
18.134
37.875
6.851
7.306
14.612
2.283
0.450
10.746
5.122
11.110
8.851
15.292
28.151
5.327
5.359
4.525
5.885
12.421
5.912
13.654
49.164
15.916
3.842
5.957
1.188
0.687
1.178
2.973
27.480
14.605
29.498
35.817
42.812
6.781
39.403
16.081
16.558
10.087
17.582
55.316
10.269
26.065
45.658
27.425
15.441
19.923
9.278
1.667
12.385
10.114
9.836
24.173
24.831
40.394
9.002
7.208
13.357
8.805
13.829
7.787
5.816
2.532
12.659
15.158
7.766
15.041
4.504
4.770
0.592
1.148
6.658
5.921
6.662
109.719
19.248
29.485
49.131
16.740
23.130
1.433
0.189
26.520
52.107
42.697
22.823
17.724
41.183
5.359
23.944
0.949
0.000
0.000
5.915
19.059
10.452
13.558
14.981
9.646
0.000
0.118
9.074
7.708
0.142
0.333
3.551
2.798
0.000
1.744
2.544
2.372
9.325
8.061
23.303
17.039
8.137
19.317
10.585
3.316
0.000
2.178
0.010
20.613
74.673
7.512
10.907
17.324
31.088
17.609
4.096
13.990
3.165
7.932
27.619
11.326
8.686
22.728
34.703
16.854
1.665
40.361
25.090
19.889
36.351
6.187
17.630
43.496
17.408
28.242
8.676
9.472
32.853
15.642
29.409
38.938
11.845
14.129
2.218
0.000
6.176
7.896
25.282
14.310
22.113
16.349
10.193
20.774
129.989
12.236
30.671
27.579
30.861
43.217
9.246
23.344
17.997
28.094
6.458
12.751
24.276
0.415
5.167
5.371
7.584
19.147
8.281
14.207
14.133
13.812
7.272
5.567
3.888
20.761
19.389
62.334
6.545
10.157
11.668
16.153
14.313
22.877
23.191
13.831
12.118
10.657
8.724
0.743
20.689
9.622
13.808
13.307
1.429
1.027
0.864
1.733
5.902
8.685
4.702
11.829
0.342
0.000
0.000
0.003
0.000
0.675
11.968
10.866
10.289
15.494
0.489
0.000
3.378
6.604
8.851
8.520
8.981
11.907
2.975
0.000
0.000
0.000
0.000
0.000
0.625
0.014
0.000
0.000
0.000
0.000
0.462
0.633
0.309
0.031
0.130
3.502
0.483
0.000
0.000
0.000
2.594
6.178
2.427
8.738
0.034
0.000
0.000
0.010
1.274
21.358
23.581
16.579
9.963
0.179
2.093
0.000
0.000
0.000
1.184
0.000
0.000
0.000
0.117
0.000
0.306
0.175
0.014
0.309
0.010
0.996
0.664
0.086
0.000
0.227
0.110
0.633
1.475
0.137
0.144
0.000
0.000
0.010
0.093
4.344
17.017
0.338
1.035
0.058
0.000
0.306
11.270
9.282
0.000
0.000
0.000
0.000
0.000
0.027
0.326
0.062
2.008
21.624
18.254
18.059
0.000
4.127
0.742
2.139
2.317
0.034
0.007
2.692
33.749
5.768
15.060
2.443
2.087
13.795
7.697
8.247
31.102
7.203
8.408
25.490
28.276
25.262
41.116
22.093
11.453
11.103
20.445
15.007
32.468
15.759
11.549
109.747
4.266
43.037
74.396
11.254
2.953
0.718
3.052
25.514
24.319
12.310
44.503
18.642
73.794
12.548
68.385
9.737
11.163
12.468
39.688
36.540
15.125
50.968
7.649
47.252
6.842
13.316
7.409
13.626
9.484
67.156
4.337
13.961
19.882
19.018
25.550
14.625
16.009
28.715
11.549
3.565
1.653
0.100
1.735
6.290
10.777
18.411
17.276
8.609
3.895
0.726
2.760
0.611
8.657
50.913
35.879
18.868
1.641
8.772
7.117
3.399
1.387
2.070
3.821
36.732
9.780
2.949
3.522
9.531
33.168
110.660
46.654
11.199
22.313
18.320
1.761
0.645
1.490
11.628
0.429
0.958
0.467
0.594
2.094
13.989
70.779
10.914
21.441
25.193
16.588
5.610
0.631
5.900
0.433
0.000
4.364
8.047
80.180
13.506
22.613
12.164
22.146
14.328
46.943
12.940
39.631
7.644
14.806
12.008
8.744
4.794
8.614
0.000
0.000
0.790
2.810
14.262
74.906
16.607
25.105
8.478
15.458
20.709
11.553
45.149
20.759
13.245
12.408
74.103
9.896
11.484
13.399
22.706
127.711
4.558
16.940
7.829
22.976
72.683
0.256
15.922
77.555
9.096
7.239
1.924
16.277
18.442
12.071
2.046
10.928
15.661
9.717
15.690
8.664
28.225
18.658
2.160
9.047
17.051
1.030
2.438
5.869
0.141
0.000
0.108
10.839
18.648
23.801
24.572
26.397
15.183
17.097
23.910
11.334
19.863
26.128
22.234
20.795
12.311
6.518
14.765
26.329
8.508
19.950
17.516
21.073
9.946
18.464
6.602
13.285
18.848
19.006
14.622
25.301
28.994
21.574
26.329
20.558
11.891
14.660
4.980
10.023
19.460
16.641
11.838
22.649
15.467
11.608
17.345
10.365
8.792
20.974
13.451
10.581
11.536
0.604
10.765
10.293
9.345
12.645
12.248
9.730
4.975
13.947
3.955
4.709
24.024
12.730
3.220
0.000
0.000
0.000
0.000
0.000
0.000
0.422
13.781
15.429
7.079
1.675
5.739
3.883
8.487
8.140
2.408
17.636
36.687
17.122
14.746
5.601
4.432
3.644
2.764
2.692
2.644
9.637
5.400
6.815
3.162
6.012
10.650
3.852
0.470
0.017
2.510
1.476
4.999
8.355
16.751
32.547
11.220
7.735
22.941
2.226
6.145
1.670
3.984
0.810
5.597
18.637
12.174
22.594
10.978
8.938
16.631
3.457
0.201
0.000
0.000
0.000
0.034
0.079
0.017
0.000
0.000
0.110
2.717
16.217
1.614
0.007
4.923
6.027
0.501
4.988
0.613
12.457
17.485
2.602
0.072
0.108
0.053
18.340
5.596
0.000
21.036
0.786
2.275
26.971
11.031
6.956
8.010
4.510
27.926
15.997
22.263
32.165
1.784
4.223
24.411
9.653
12.645
10.779
17.295
18.757
19.383
20.692
18.680
14.708
10.087
13.405
10.818
20.241
7.405
18.481
6.544
12.957
31.011
24.817
18.845
9.127
19.752
7.402
4.276
30.079
8.377
13.280
9.812
10.801
36.304
14.408
5.931
14.832
18.134
14.883
76.894
10.252
20.036
19.851
10.791
13.469
5.538
26.130
11.573
11.422
9.009
8.350
9.541
8.923
0.306
8.161
12.995
17.297
11.179
3.773
18.193
14.677
15.278
22.556
10.258
17.661
21.578
0.144
9.131
14.157
2.000
3.535
3.526
5.011
10.042
8.628
8.875
10.373
9.774
2.352
1.375
2.341
51.361
4.736
76.812
1.339
9.622
6.829
7.116
11.530
7.138
11.179
17.575
21.794
30.628
8.653
13.881
29.483
16.253
58.626
18.308
4.537
13.166
99.375
10.305
4.561
8.648
12.879
14.868
31.613
14.044
4.631
2.782
17.736
29.493
4.539
0.000
1.016
7.091
14.610
12.457
29.909
15.666
8.399
3.055
5.894
24.578
19.966
30.037
4.441
4.352
0.400
0.000
0.125
7.290
0.821
2.767
33.798
16.428
11.500
68.603
19.449
9.603
17.443
20.851
28.753
15.197
12.818
13.802
6.429
0.235
2.226
7.575
11.005
0.603
13.269
45.799
10.361
11.426
5.447
54.051
20.253
14.993
64.459
11.058
15.625
9.362
9.414
18.847
19.734
21.736
30.202
115.137
16.617
23.147
11.182
13.977
86.737
9.105
22.240
5.131
29.982
26.456
19.635
13.249
8.089
13.781
15.846
33.441
14.323
14.238
15.582
11.065
14.989
4.247
2.946
13.633
20.955
16.390
6.506
11.275
97.662
9.723
20.361
28.746
21.114
78.288
8.453
14.117
9.544
15.292
10.825
26.170
70.642
22.948
14.564
3.763
27.330
19.954
35.743
28.571
1.627
25.634
7.399
12.123
29.824
52.340
14.298
14.212
20.740
18.769
5.346
4.075
1.071
21.514
18.200
29.419
3.565
5.584
7.505
4.087
5.170
14.861
31.833
19.367
1.387
2.292
7.879
15.698
24.431
11.093
3.893
11.801
9.283
29.648
34.979
13.649
10.183
8.664
7.062
10.013
7.994
33.949
5.926
17.999
7.284
3.272
7.733
7.941
8.604
3.519
0.400
1.861
2.118
3.337
0.721
7.151
0.306
0.000
0.000
0.270
0.285
0.000
0.000
0.000
10.715
13.232
9.623
0.007
8.065
2.892
5.157
1.669
0.017
0.000
0.244
7.898
11.797
8.892
4.178
15.137
5.517
0.000
0.000
0.000
0.000
0.000
0.000
0.000
0.000
0.000
0.000
1.215
2.695
1.586
0.786
0.062
0.021
10.643
14.591
0.237
1.030
0.000
0.000
0.948
6.046
2.383
6.484
18.256
4.805
7.182
23.403
12.451
10.921
16.258
11.086
0.000
5.136
8.408
15.879
8.133
15.508
20.385
8.384
13.771
2.194
1.380
1.936
0.618
0.203
2.870
5.534
18.521
20.891
0.482
8.871
0.611
2.002
20.465
29.085
25.605
24.826
6.458
12.336
29.819
1.535
7.447
8.116
34.731
30.017
8.995
29.179
6.374
10.427
34.741
23.488
21.631
11.853
16.625
17.853
23.579
15.039
7.732
15.273
17.856
50.607
29.749
11.676
29.424
31.175
19.084
2.988
0.319
30.285
9.223
22.788
20.764
12.521
3.557
2.587
21.432
13.977
19.461
19.286
11.620
16.957
7.514
13.257
11.043
29.696
21.648
7.926
54.885
10.209
102.266
1.842
16.261
17.945
7.460
29.415
2.386
16.610
21.009
4.646
58.736
12.840
7.738
6.511
22.043
99.225
11.811
17.242
3.220
10.739
10.248
11.041
6.338
51.924
2.493
2.008
5.239
21.114
1.662
6.702
4.316
16.763
16.129
22.726
21.200
12.499
6.286
32.804
16.282
46.379
69.087
8.281
20.944
9.768
4.199
14.200
12.531
3.613
6.599
27.861
10.952
6.580
14.450
48.575
5.898
12.895
47.404
5.967
11.412
6.228
0.000
0.000
0.000
0.031
0.597
0.000
5.866
0.980
9.889
22.263
22.908
29.824
77.182
9.731
12.725
20.393
16.426
41.743
5.775
27.440
45.923
8.616
14.771
6.832
15.335
8.058
71.603
15.120
23.801
22.316
16.334
14.232
3.722
6.973
13.584
35.081
44.150
13.208
18.599
42.324
23.420
5.081
9.495
11.512
130.009
2.968
25.175
0.735
1.947
6.003
27.833
69.272
37.687
26.779
77.818
20.043
6.864
6.566
34.808
33.531
1.756
6.374
7.460
9.055
16.696
25.219
17.360
36.722
14.486
11.773
13.917
62.621
18.874
38.569
7.174
28.868
29.728
28.103
27.131
12.954
56.657
1.483
10.229
14.715
25.134
19.853
10.386
24.684
27.204
27.620
10.881
6.820
8.870
13.898
5.599
22.199
51.927
4.395
39.379
33.920
37.286
3.259
12.243
4.437
8.072
1.720
3.753
21.205
7.014
3.601
6.710
12.090
23.228
9.345
14.737
23.978
5.965
36.696
4.561
6.225
7.827
7.745
5.325
8.317
30.881
18.793
17.273
6.907
4.228
17.473
23.392
12.450
12.182
14.711
77.110
27.069
20.806
4.767
5.340
2.747
18.327
0.259
8.049
16.849
9.433
5.747
4.041
10.125
13.489
10.138
10.166
16.837
5.387
13.391
18.380
9.299
6.743
5.720
0.000
3.361
0.065
10.011
9.407
8.554
2.741
0.594
8.504
6.327
2.613
6.121
0.072
0.000
0.000
0.000
0.000
0.000
0.000
0.000
0.000
0.000
0.000
0.000
0.000
1.530
0.000
0.000
0.000
0.379
0.033
6.017
0.184
7.693
12.521
14.643
10.688
16.376
5.464
3.801
0.000
0.106
0.017
0.000
0.000
0.064
2.448
1.751
0.460
0.065
12.274
0.941
0.051
0.000
0.041
0.041
0.000
0.000
0.000
0.000
0.000
0.000
0.000
0.000
0.549
0.000
0.069
3.837
0.597
0.158
3.111
14.581
1.202
3.650
0.065
0.924
2.289
0.000
0.000
0.230
7.658
12.106
19.236
11.580
11.070
0.309
10.645
2.535
0.299
6.624
21.178
14.938
4.568
8.619
18.020
7.613
1.957
0.065
0.000
0.000
0.448
15.135
14.214
4.410
7.620
3.385
7.986
12.600
24.288
11.113
38.634
7.368
8.755
23.339
7.623
16.473
10.694
13.204
9.369
3.241
8.223
17.764
15.353
11.137
7.213
20.831
5.843
17.939
8.590
17.353
9.922
16.373
13.008
22.481
11.704
16.991
49.143
78.449
17.019
8.360
8.171
17.475
3.790
10.492
8.298
4.563
9.019
24.287
24.431
44.907
20.383
35.819
8.652
61.328
27.850
0.045
11.573
16.497
8.240
9.071
12.473
17.849
11.134
3.217
5.874
9.452
14.808
17.935
89.190
13.692
11.152
19.619
10.324
20.489
28.353
1.435
13.757
11.868
18.180
6.456
1.291
2.808
13.371
8.894
26.798
30.856
15.585
22.568
10.089
8.295
14.747
40.272
1.098
7.249
20.618
43.087
18.725
12.967
23.538
46.362
11.333
21.736
46.424
6.547
18.385
6.890
9.980
5.071
7.066
26.072
20.574
25.694
63.975
16.383
19.514
1.387
11.433
17.873
22.882
64.641
12.366
26.884
15.779
34.332
7.162
0.196
5.091
31.826
2.994
8.284
14.301
27.998
19.226
0.158
2.884
5.019
27.263
9.459
0.184
8.259
0.410
18.249
46.906
6.305
7.857
1.792
9.314
35.860
6.221
15.421
20.608
11.692
27.064
12.643
34.065
27.606
6.829
9.867
19.245
6.231
15.710
0.141
0.141
4.360
11.252
12.085
28.187
29.543
14.808
21.777
1.380
10.145
19.446
12.789
132.279
16.346
27.219
30.267
23.878
22.240
3.553
16.641
10.073
2.160
17.255
11.436
14.059
26.807
5.222
19.782
23.896
11.785
31.299
49.116
9.800
9.903
1.226
1.867
5.914
9.041
1.071
0.282
17.249
22.355
28.128
32.166
12.869
14.900
29.009
82.876
7.086
29.548
33.050
4.970
21.411
54.468
9.354
11.045
9.536
14.367
17.484
8.693
5.782
13.757
7.394
11.582
16.639
22.224
71.454
17.279
21.149
10.047
3.142
0.910
15.488
5.881
33.805
10.483
12.057
6.048
7.989
10.305
19.038
6.346
0.716
5.497
5.531
0.700
2.383
0.010
10.480
17.253
15.853
27.061
9.498
5.615
11.679
10.864
13.372
9.931
8.640
1.796
5.366
7.035
14.898
13.390
11.017
6.678
8.439
5.625
11.806
12.025
8.075
3.021
2.448
7.126
6.772
4.600
9.580
9.869
4.880
4.037
8.463
2.513
13.338
7.996
8.545
6.331
10.269
9.616
4.870
19.221
13.975
11.450
15.190
7.816
7.642
11.936
7.866
8.969
8.181
8.308
2.958
6.698
8.394
1.607
0.000
0.000
0.007
3.231
0.288
4.752
8.533
0.031
7.100
21.428
9.797
15.316
0.919
7.531
16.497
8.791
10.101
16.407
22.049
16.419
8.911
10.022
19.240
18.855
12.815
1.639
11.640
7.030
11.859
17.561
4.027
2.384
16.782
10.471
21.884
21.017
24.070
8.167
3.675
11.074
1.924
8.114
10.643
6.978
6.018
14.778
21.356
21.622
18.584
14.653
16.756
9.330
4.877
2.120
5.380
7.484
22.525
14.344
12.097
2.604
12.916
18.270
4.340
8.837
15.675
3.080
1.249
19.333
51.872
9.929
23.763
15.724
13.321
5.797
74.545
6.839
13.843
28.142
14.378
9.562
8.200
10.825
9.661
14.370
6.358
6.650
19.448
17.166
17.923
17.224
68.637
9.100
6.683
10.761
40.128
12.358
25.542
43.925
23.868
98.977
18.570
16.998
38.231
45.003
14.317
22.901
11.098
145.330
6.108
29.143
7.779
12.502
7.296
5.384
22.923
0.669
13.447
26.314
23.669
21.810
11.279
6.463
35.730
7.108
13.796
6.504
3.536
16.814
3.564
7.139
6.068
24.453
6.979
4.584
4.752
3.890
4.008
3.831
8.178
69.830
10.953
27.565
17.602
12.684
29.452
2.623
5.502
10.641
41.031
2.412
9.786
29.553
16.207
13.681
23.418
3.876
7.859
7.327
7.939
7.893
21.681
5.727
25.090
29.773
5.164
20.840
20.397
11.553
0.021
1.387
3.917
3.032
31.242
0.934
3.801
1.061
11.996
1.305
1.363
6.805
20.047
23.607
11.692
3.691
14.615
24.821
21.990
2.880
7.814
16.850
38.653
11.276
6.511
65.582
82.876
49.057
20.385
26.822
21.799
77.538
1.984
12.377
13.541
3.680
18.807
2.125
6.451
16.993
117.899
1.105
19.271
16.132
42.020
6.723
15.334
23.531
14.238
33.896
3.334
13.191
33.740
29.387
12.422
13.272
31.075
18.407
22.952
13.209
15.298
28.507
7.530
16.310
4.969
76.289
36.061
13.623
9.113
24.497
32.935
13.285
20.157
2.704
11.500
35.171
8.341
9.575
21.841
15.461
22.040
11.532
18.778
84.148
0.295
25.778
41.364
5.958
6.260
8.708
5.354
7.263
2.098
5.972
7.332
3.301
5.927
7.490
1.190
9.726
12.972
14.012
10.779
13.997
11.626
14.605
19.104
8.813
5.221
10.918
25.372
4.900
20.078
7.292
6.822
13.589
16.219
15.975
7.884
11.400
8.097
22.405
20.220
14.504
19.679
1.802
12.871
14.890
5.854
0.000
0.000
0.000
0.000
0.000
0.000
0.336
0.072
9.400
16.335
17.894
12.984
15.050
12.681
13.446
13.759
10.541
13.130
4.328
5.800
11.380
16.456
16.032
4.252
4.431
5.788
30.429
32.835
33.607
12.306
7.100
17.891
14.747
18.621
4.418
0.154
0.000
0.041
0.980
1.569
4.774
3.515
1.030
0.000
10.719
1.978
9.428
0.017
0.481
9.227
17.806
12.905
11.316
2.111
7.948
39.774
0.000
0.220
19.590
6.393
15.577
8.731
11.937
1.226
3.433
10.451
14.268
0.990
9.198
11.755
6.166
0.209
4.558
0.282
8.882
13.554
12.138
11.278
49.342
20.084
16.813
3.674
1.799
11.227
7.107
8.060
14.773
8.538
23.210
34.301
16.054
33.556
0.024
1.332
9.654
2.170
1.967
4.544
10.598
18.969
8.885
21.207
7.963
24.992
10.870
1.322
0.000
0.000
0.000
0.000
0.000
0.000
0.034
1.286
0.807
1.313
1.135
0.076
1.250
6.164
0.146
8.945
9.978
0.000
1.574
2.105
0.000
1.959
10.358
14.112
1.821
4.032
2.012
1.402
2.520
0.000
0.000
0.000
6.161
16.553
25.828
16.227
3.689
22.505
4.201
4.262
7.787
15.771
14.965
16.415
21.310
5.162
19.568
12.399
14.000
16.737
18.493
10.241
17.467
1.945
24.503
3.794
3.890
11.630
11.153
20.114
31.368
70.151
9.338
96.975
15.091
10.286
10.248
23.524
8.011
11.232
7.943
96.268
11.697
13.006
15.433
17.540
0.158
2.043
24.911
135.034
37.913
21.068
9.635
3.890
2.211
6.789
20.699
13.685
12.797
29.399
15.623
4.286
8.487
6.053
6.195
9.512
11.232
13.436
1.490
17.374
2.439
0.877
12.476
19.540
32.427
11.403
18.670
19.405
23.152
36.260
9.626
30.971
9.465
27.716
25.958
8.944
8.446
26.640
6.932
2.266
3.361
0.373
0.000
0.000
2.784
6.808
8.130
12.682
6.877
5.040
9.548
3.131
0.223
1.308
5.845
23.875
20.829
14.828
0.275
0.000
0.000
0.000
0.288
1.840
2.084
6.516
15.371
7.704
46.211
24.676
26.189
3.723
17.558
2.170
7.620
1.742
3.569
0.000
10.638
1.608
2.077
6.378
14.610
17.576
5.055
0.000
8.171
12.042
36.513
91.983
0.000
19.648
5.953
10.626
20.867
37.128
24.408
1.658
0.000
11.787
28.326
20.524
147.715
24.156
9.266
16.160
43.101
15.494
19.624
20.107
14.783
5.759
9.582
19.947
10.238
3.179
4.316
9.177
5.126
15.395
52.158
11.343
34.705
29.588
15.910
19.192
8.449
5.902
24.503
32.080
8.698
15.281
29.131
19.557
16.931
68.774
8.430
25.856
23.557
15.369
8.549
12.063
7.518
7.864
7.855
0.388
18.109
11.115
9.208
5.248
12.339
14.270
11.942
9.912
10.212
12.616
8.429
12.603
22.434
40.485
11.076
9.237
34.955
5.359
10.628
25.240
20.491
21.342
26.740
30.346
40.989
7.459
7.944
11.010
0.165
12.342
9.156
0.863
12.746
3.445
1.003
2.137
3.914
6.908
9.127
14.380
10.595
3.042
9.223
0.203
5.210
16.217
4.885
21.241
7.574
12.403
10.274
22.585
15.506
8.058
1.665
8.830
1.698
2.345
0.278
7.850
5.389
0.103
0.014
0.824
0.192
1.199
2.848
0.017
0.034
0.007
0.340
0.062
0.206
0.539
9.163
10.935
0.280
0.000
0.000
0.000
0.000
0.000
2.798
12.899
6.290
4.848
0.311
0.000
3.643
0.694
2.142
6.796
20.507
0.166
0.000
0.000
0.000
0.000
0.000
0.021
3.583
1.826
0.240
0.000
9.405
0.000
0.014
0.096
0.000
0.589
10.216
31.943
19.817
0.381
3.749
29.552
4.091
0.003
0.249
4.853
15.180
5.644
0.007
0.000
0.676
2.632
0.000
0.062
13.063
14.262
3.275
3.050
1.957
0.000
0.312
6.214
0.029
12.959
0.192
0.218
3.663
0.000
1.317
61.348
19.149
89.640
0.031
0.433
0.000
0.000
0.000
10.806
0.041
0.065
0.086
11.064
4.353
0.034
19.847
37.706
20.975
4.903
9.258
12.926
11.041
7.036
0.000
0.000
0.220
0.000
11.628
3.330
2.403
0.010
5.225
23.106
19.346
4.782
49.013
47.179
17.310
7.670
17.733
16.273
29.938
16.929
20.740
4.171
5.390
13.153
22.131
68.043
29.332
4.398
22.687
14.114
7.175
11.268
12.366
18.382
12.284
15.219
0.570
15.683
3.746
0.405
2.204
4.645
16.212
11.621
21.904
28.170
59.982
41.322
13.002
12.617
24.881
29.430
28.341
52.254
18.206
25.856
13.166
4.405
2.376
14.330
8.992
0.707
3.711
6.276
35.034
8.461
1.057
62.038
7.153
17.307
37.460
11.557
15.643
36.816
19.022
41.790
6.609
47.883
18.198
16.895
31.599
22.495
10.437
11.932
16.605
11.775
10.363
30.362
34.581
15.486
24.373
1.746
0.058
10.619
8.789
70.920
3.770
32.756
31.270
31.033
40.093
40.811
11.790
37.199
7.924
3.598
4.192
13.764
21.331
32.643
89.211
11.391
25.904
20.469
143.595
5.301
25.210
11.415
27.806
13.214
31.778
18.855
47.457
29.910
14.075
7.596
16.988
14.473
16.467
16.957
27.591
49.593
41.792
1.279
16.322
16.095
21.588
29.137
20.750
31.472
76.432
94.572
2.468
5.687
7.486
20.381
18.785
90.814
37.209
7.095
7.986
5.054
94.683
1.030
12.869
10.588
37.977
38.847
15.920
18.699
2.415
4.556
6.166
17.230
28.643
15.269
13.486
15.772
16.725
3.037
7.895
12.372
30.999
29.522
33.465
12.452
16.667
19.132
40.996
48.647
2.292
13.303
19.963
9.647
26.465
28.137
11.700
3.601
29.776
7.402
2.039
27.440
14.238
10.389
4.564
11.914
22.201
7.898
9.884
15.511
7.261
6.032
0.607
6.092
1.681
7.915
0.051
13.651
0.572
5.182
6.142
2.438
0.898
1.487
11.520
19.209
15.669
2.941
10.220
23.727
23.258
1.609
4.705
1.737
5.792
10.169
12.777
17.100
5.967
11.074
13.817
23.434
16.706
30.856
75.540
0.481
9.119
6.205
9.456
9.864
10.633
5.814
7.412
15.178
6.952
1.899
2.613
0.134
9.156
13.755
14.167
1.696
2.577
2.151
2.721
18.182
18.857
12.380
8.751
13.894
3.150
6.847
13.055
11.282
9.725
12.864
10.137
0.074
8.815
24.942
21.602
14.686
19.193
9.539
28.002
22.843
17.674
9.314
14.907
1.809
4.824
1.631
0.165
0.082
0.893
10.612
8.013
7.206
0.882
0.615
4.077
15.868
4.250
12.849
20.920
13.307
4.151
19.175
17.571
11.194
17.001
11.762
7.189
1.984
0.000
0.402
8.708
21.016
16.710
8.628
15.731
17.396
15.158
14.351
8.178
13.290
3.346
21.873
33.120
11.199
18.232
68.500
16.909
16.933
4.213
2.994
9.036
38.981
11.103
10.911
18.177
15.644
22.522
17.005
5.232
8.623
2.793
4.803
15.740
7.737
17.401
18.557
6.812
9.492
9.023
2.501
2.822
7.359
19.844
7.747
5.064
13.530
7.936
7.915
16.613
23.239
14.808
6.540
21.107
9.530
19.734
202.729
9.326
8.710
4.037
16.217
11.158
2.699
26.171
51.037
14.488
20.088
23.475
41.995
10.815
15.511
10.291
18.189
17.077
47.876
11.740
16.864
4.916
10.928
6.781
12.615
15.973
39.506
6.190
78.185
25.931
2.266
17.942
5.273
7.040
20.574
5.079
4.219
4.501
14.128
12.918
59.872
7.872
27.589
10.612
4.831
13.252
2.365
15.302
34.450
16.976
27.549
19.430
14.093
25.342
14.866
8.738
12.719
11.101
16.287
13.579
9.723
3.481
14.035
59.807
47.586
5.363
11.572
10.596
10.783
12.641
14.181
5.017
12.298
27.249
12.166
3.111
40.819
1.366
12.470
4.710
12.118
24.594
26.791
13.289
8.863
14.136
19.678
9.217
36.512
44.884
21.597
8.437
10.336
5.596
0.317
16.633
14.577
17.630
21.502
24.467
2.448
7.241
59.254
15.868
14.468
13.352
8.937
16.239
12.981
0.786
4.726
4.449
7.414
3.612
10.499
5.725
14.186
6.997
71.157
53.879
3.959
9.069
2.432
15.796
5.188
10.454
7.575
3.574
20.402
13.362
8.810
9.948
20.617
26.099
14.914
60.057
7.512
9.249
28.513
31.716
9.280
2.709
0.814
16.946
3.639
2.764
29.787
14.337
18.327
19.106
3.845
21.574
59.130
0.395
8.947
15.583
37.000
18.866
12.507
8.353
15.908
89.158
0.290
15.408
26.431
1.251
13.861
21.171
32.526
3.480
21.123
14.123
7.361
20.023
27.952
20.900
11.297
12.013
2.206
15.015
2.914
8.964
10.402
1.398
7.977
9.706
18.493
20.461
4.944
12.452
19.627
23.349
14.334
15.103
16.972
31.632
17.944
22.529
24.668
34.361
19.950
10.105
18.454
50.565
12.823
27.410
11.582
33.683
8.461
18.895
15.779
14.511
12.531
27.475
18.675
13.086
1.727
11.364
5.522
9.212
3.547
16.685
11.332
29.160
19.643
3.237
3.150
10.502
20.350
30.509
32.714
10.852
1.397
2.563
10.353
8.015
11.031
3.860
0.355
0.846
0.369
7.605
13.666
2.344
5.966
0.352
9.277
11.870
11.301
0.601
0.340
10.140
25.262
11.827
11.920
6.022
2.470
9.847
7.977
18.471
14.808
22.951
20.857
12.531
15.415
16.778
16.716
17.582
17.631
7.979
5.922
1.794
1.039
17.619
17.417
5.685
2.541
7.411
0.312
6.578
10.169
7.405
9.421
14.179
8.652
4.882
12.130
5.122
3.629
1.868
3.155
3.478
0.196
0.000
0.000
0.000
0.000
0.000
0.010
0.237
4.592
1.493
0.106
7.038
13.857
9.994
0.000
0.275
0.124
1.009
4.518
29.931
32.475
11.494
10.037
21.410
7.069
0.903
0.024
0.718
6.927
1.408
0.000
0.000
0.000
0.000
0.000
5.596
4.511
1.030
8.714
10.543
30.003
18.234
32.320
17.489
20.888
46.167
25.121
10.077
15.759
24.134
8.865
17.587
8.264
26.262
54.595
15.879
1.899
0.000
2.819
17.508
21.365
28.671
2.688
16.249
14.574
5.718
4.441
2.644
0.227
0.021
0.350
0.450
0.125
1.358
2.094
0.000
1.147
18.229
61.166
9.354
3.500
9.503
43.662
3.889
20.598
14.695
1.083
0.493
0.343
6.449
9.667
14.377
7.405
14.825
17.593
56.574
8.029
21.303
10.967
9.627
30.399
16.370
66.373
19.830
28.906
18.758
9.047
29.566
11.433
11.668
11.860
34.195
11.357
48.958
4.367
18.141
14.167
0.645
15.621
14.732
2.700
13.317
25.924
0.929
13.311
13.235
31.054
11.706
29.982
17.994
20.211
11.391
17.207
20.793
9.410
52.360
19.520
14.502
62.780
6.695
1.754
12.981
5.500
42.708
14.220
13.963
5.407
17.365
30.727
6.769
7.605
15.278
28.719
56.121
16.047
24.833
102.226
32.252
14.577
6.060
16.342
38.414
75.874
31.895
4.140
11.846
12.421
12.214
11.517
13.451
12.214
11.253
12.152
18.256
20.412
17.927
22.841
26.662
14.569
2.075
0.669
8.908
7.200
10.852
5.233
42.701
39.027
23.022
11.391
13.409
24.227
12.001
2.135
10.148
24.121
9.471
3.165
36.124
5.513
22.397
0.285
19.644
41.377
63.163
14.190
4.602
3.548
7.605
90.700
8.558
5.592
0.026
0.465
0.000
0.110
5.188
5.174
5.859
2.641
6.058
6.945
1.781
18.103
2.104
39.269
3.790
20.435
5.909
26.062
62.576
27.068
22.910
64.036
19.112
6.286
7.467
0.457
13.015
26.728
49.098
14.960
27.423
23.877
15.694
18.088
37.207
17.405
14.501
13.381
7.629
14.099
27.224
34.155
8.238
25.936
43.511
6.530
14.730
23.586
8.351
5.567
4.942
0.000
30.854
19.513
18.216
17.391
3.309
13.240
68.756
8.691
7.948
13.463
7.596
18.756
3.404
5.549
16.328
11.107
11.407
26.566
116.982
11.113
24.940
39.796
70.602
21.616
7.035
4.308
10.686
41.571
5.735
32.406
11.848
95.570
21.734
27.813
6.722
3.342
12.557
14.473
9.881
24.849
14.085
15.666
12.124
13.599
5.290
6.954
22.205
42.543
23.615
6.631
0.112
0.000
4.855
5.882
8.269
7.444
14.768
11.469
6.116
15.706
10.777
9.925
0.233
11.534
14.299
25.100
14.097
10.681
11.900
15.549
1.466
3.619
0.848
0.062
0.096
0.000
1.792
3.553
1.059
7.042
6.969
5.473
4.106
6.470
11.137
17.753
17.039
9.436
10.046
4.947
8.660
10.816
4.261
4.558
0.280
2.744
0.000
0.000
1.094
5.648
15.410
0.548
0.027
0.000
0.294
0.213
0.204
0.917
14.173
11.730
12.622
13.872
12.576
14.752
10.861
10.418
5.459
1.753
0.000
0.000
0.000
0.110
0.000
0.000
0.000
0.385
0.367
0.227
1.753
0.299
0.000
0.000
0.319
0.000
0.000
0.000
0.000
0.031
0.007
0.014
3.045
0.000
0.048
0.017
0.000
0.051
7.320
10.118
6.285
1.732
11.113
0.196
4.477
17.003
8.915
58.042
34.686
23.603
16.916
20.318
15.329
0.082
5.297
0.113
12.998
12.567
10.287
3.881
0.069
16.517
13.019
38.591
48.537
31.611
32.490
24.757
21.501
3.111
25.190
21.737
13.784
10.847
10.609
0.000
15.892
29.016
47.403
49.905
27.189
47.366
12.225
22.766
27.434
73.191
18.648
73.653
12.009
26.113
18.254
82.662
36.954
9.987
9.489
16.009
16.504
10.622
25.148
22.335
35.025
46.297
60.990
10.003
24.185
53.610
4.712
97.453
21.326
30.015
38.461
24.594
7.248
13.975
29.146
11.417
14.940
26.324
27.377
18.383
7.572
27.365
13.535
24.851
11.579
5.813
16.390
1.004
14.864
99.663
0.136
12.641
18.469
31.497
17.640
34.272
6.475
10.270
24.924
19.431
62.756
9.119
24.975
18.994
5.325
132.814
35.191
18.540
34.336
7.893
3.402
4.049
11.225
25.723
33.668
3.775
4.585
3.130
9.777
0.223
0.936
7.448
3.621
5.770
22.407
12.978
7.048
1.291
1.009
12.387
10.684
71.463
42.393
27.431
67.810
7.596
11.742
11.213
12.023
65.542
15.601
17.995
27.236
139.492
20.908
31.426
28.015
0.000
6.145
126.357
4.693
120.407
4.446
20.850
19.432
19.722
0.014
4.942
6.064
48.058
23.242
28.681
25.900
1.873
0.000
0.105
0.283
3.975
19.032
35.261
27.415
13.661
17.626
13.892
6.818
5.704
15.240
0.137
18.395
54.995
67.613
13.683
22.268
8.150
23.763
2.844
9.083
47.088
4.607
28.946
35.630
7.958
2.404
11.912
16.308
18.386
10.035
90.109
19.325
41.710
11.242
3.159
1.390
7.263
15.129
3.686
24.707
71.092
18.273
33.810
4.709
8.392
34.147
4.772
10.413
80.114
10.907
21.049
23.112
9.956
16.909
11.120
60.491
8.514
14.028
105.694
19.897
23.485
31.643
46.640
16.307
24.412
3.327
10.400
10.138
13.927
67.389
17.048
9.642
11.930
8.209
12.597
9.062
2.484
11.979
15.393
17.863
0.882
0.419
0.000
0.268
4.079
37.570
24.843
33.893
100.594
28.479
27.617
26.913
8.096
14.545
16.687
14.117
21.973
91.918
12.979
18.189
23.670
17.705
9.805
11.422
5.558
8.054
4.183
8.811
9.939
5.376
14.718
3.698
2.204
4.417
15.408
16.979
17.065
29.189
1.535
2.661
10.707
8.284
16.280
6.954
4.527
17.393
13.467
39.178
34.300
22.316
27.970
13.918
12.904
5.164
5.782
1.219
21.624
7.026
11.567
6.249
10.195
2.919
2.544
5.801
8.511
8.683
16.219
10.516
24.534
6.944
0.692
2.019
3.622
6.372
6.712
16.394
14.042
7.141
0.112
0.000
4.638
14.493
18.986
19.275
13.584
33.954
3.579
0.000
0.000
1.801
0.318
27.353
8.396
24.240
29.962
28.527
11.412
1.040
4.213
7.783
18.784
18.564
10.753
8.332
0.024
0.000
0.000
0.000
6.405
4.402
11.601
4.988
1.432
0.000
0.573
0.010
0.089
7.771
6.941
0.223
0.000
0.000
0.000
8.870
15.225
18.248
0.000
0.000
0.000
0.846
11.276
26.398
20.472
20.501
21.959
33.821
27.623
23.754
42.929
26.190
23.566
120.571
11.261
22.604
33.738
34.789
21.968
48.373
24.072
26.777
8.335
18.090
28.856
23.133
19.741
40.651
49.850
16.994
30.020
13.922
22.694
4.446
10.427
13.259
10.176
12.840
17.283
17.722
159.439
25.952
35.644
11.922
23.161
4.401
153.115
7.296
29.220
5.184
11.378
18.632
12.380
15.940
10.384
17.983
14.502
0.282
14.691
19.260
75.740
4.827
24.839
8.724
7.855
13.721
30.168
34.703
19.264
6.376
68.198
19.501
80.564
25.845
70.089
18.689
64.219
36.499
5.891
0.072
0.000
3.701
8.901
4.334
10.492
18.220
119.923
3.378
11.879
1.184
21.739
16.219
38.013
32.441
8.205
30.523
10.437
19.329
25.516
7.917
8.362
6.839
3.447
7.598
8.923
1.826
1.760
6.509
13.386
0.165
1.929
11.594
18.097
14.111
1.720
11.638
10.634
13.549
29.309
33.283
10.205
3.229
8.353
9.840
10.396
34.891
0.000
0.041
9.330
6.616
19.849
55.117
9.520
62.074
31.769
2.076
8.121
16.275
3.866
3.406
3.401
0.640
0.227
2.858
8.478
5.225
1.298
2.829
1.658
3.986
6.509
0.594
1.504
6.801
1.130
5.188
3.234
1.142
6.763
1.160
1.174
0.285
0.000
12.899
7.711
20.009
6.273
19.770
17.372
22.264
72.730
9.967
15.479
39.599
5.907
16.550
22.916
43.901
57.022
12.646
19.288
10.422
24.769
4.336
16.658
13.759
27.505
25.357
14.499
38.250
24.079
26.608
21.913
18.176
9.628
16.037
1.377
1.145
8.832
56.576
8.057
16.258
8.437
56.217
23.203
76.609
5.888
5.224
20.026
12.495
11.994
28.169
109.123
11.654
9.888
20.522
165.803
0.000
17.509
4.486
10.063
31.198
6.734
16.953
17.314
14.420
21.865
1.581
21.743
13.812
0.271
4.545
29.445
14.483
14.981
16.406
22.276
10.022
14.921
16.634
13.808
11.127
52.731
22.721
30.580
0.422
5.548
10.492
12.636
30.384
14.828
24.997
22.096
11.876
21.585
17.087
17.511
29.564
19.470
51.164
4.973
12.092
12.586
11.800
23.555
30.139
17.415
36.780
18.739
0.429
0.000
15.654
17.202
5.733
26.130
11.319
13.184
8.329
3.437
7.678
49.766
38.517
22.093
16.442
13.956
6.736
19.367
19.010
14.698
5.301
7.896
9.213
10.904
11.522
16.006
10.411
2.856
0.137
0.687
0.608
3.275
9.259
7.019
6.381
1.945
9.707
9.215
0.000
0.494
0.549
2.269
0.079
7.749
0.034
0.192
0.134
11.821
3.392
0.000
0.000
2.039
7.388
2.156
0.000
2.953
0.000
0.000
0.278
9.012
14.359
2.407
0.082
0.000
0.000
3.965
3.464
1.423
1.694
36.363
25.873
34.143
29.442
1.099
13.335
13.342
4.190
3.684
5.318
10.039
5.064
1.390
6.619
9.592
11.755
30.099
2.891
2.832
4.522
10.174
14.602
8.837
2.609
0.439
0.000
2.379
0.563
0.072
0.457
5.898
13.245
7.884
19.576
10.331
14.073
12.102
13.273
17.767
20.400
2.551
13.534
3.574
7.819
11.845
11.450
5.644
9.435
24.560
29.461
13.875
0.000
0.666
6.739
16.946
24.975
21.142
13.585
15.094
2.625
10.925
31.805
207.504
11.302
9.689
28.036
19.274
12.772
13.626
27.946
30.707
20.205
17.197
14.210
15.439
3.238
13.534
10.787
62.543
22.500
16.092
10.586
19.872
88.374
3.931
11.211
17.295
13.911
110.050
20.816
26.611
45.307
14.164
8.986
28.371
21.366
121.214
11.856
24.707
20.597
38.929
29.984
15.801
14.593
29.433
12.379
10.904
28.681
16.354
12.298
30.231
23.614
6.072
60.387
12.263
9.362
15.271
3.370
2.328
6.159
3.375
142.386
12.512
32.307
39.307
73.899
13.022
31.623
21.659
72.791
27.023
7.220
21.760
10.782
19.779
13.149
11.343
7.608
3.880
22.409
45.413
17.109
14.823
14.202
18.014
122.970
8.915
33.483
25.813
33.507
13.036
43.781
37.548
18.896
3.962
9.666
7.898
0.731
4.834
1.353
0.295
4.946
1.148
10.217
8.463
12.147
43.978
4.415
6.703
21.253
125.670
14.950
71.212
27.265
20.052
17.702
9.726
26.185
6.053
33.083
32.029
4.724
12.456
11.862
17.681
8.947
13.271
53.366
7.145
8.422
15.003
12.131
89.772
20.895
36.732
12.082
51.134
96.965
10.513
4.686
100.645
4.813
6.990
11.033
4.820
50.235
5.943
28.419
55.922
1.492
13.586
27.574
14.095
12.720
14.004
16.346
18.381
1.723
18.423
37.579
84.574
3.011
0.927
0.000
18.531
97.512
23.102
11.661
11.234
32.853
13.517
7.641
86.275
10.722
12.195
14.761
14.214
25.104
1.097
20.483
24.566
15.882
2.376
14.979
20.623
7.714
5.404
15.146
18.073
16.037
31.702
11.374
7.460
31.249
16.229
25.131
21.085
25.445
17.724
26.793
4.855
19.959
22.793
13.124
4.968
5.000
16.446
21.756
16.334
27.769
19.423
16.193
11.723
3.180
1.307
24.706
17.885
9.561
16.091
22.565
32.144
20.373
8.569
18.064
39.300
48.309
15.704
21.229
44.555
1.245
11.580
12.293
21.545
8.638
2.463
2.209
17.770
2.973
3.897
2.729
19.011
7.975
18.769
16.289
12.675
8.159
6.649
6.484
4.973
0.049
5.304
22.060
15.365
18.684
29.694
18.933
3.159
11.291
9.440
12.616
13.214
14.512
3.140
2.122
0.000
0.000
0.000
0.000
0.000
0.000
3.201
7.684
26.609
34.806
23.984
27.093
7.670
0.124
0.407
2.094
4.764
6.240
3.847
0.014
8.826
4.849
4.307
11.113
4.156
0.000
0.000
1.248
0.965
0.371
0.869
2.556
0.000
0.000
0.000
0.031
0.299
0.000
0.340
0.000
0.000
0.000
0.055
0.793
0.908
0.096
12.003
1.548
0.700
1.006
24.918
5.857
10.348
5.349
22.110
2.122
4.769
11.639
15.271
30.322
26.367
9.495
2.010
0.000
0.000
0.000
30.091
34.341
14.766
24.468
60.454
30.645
0.000
0.000
0.000
0.000
3.909
0.759
11.265
19.193
1.714
2.630
17.169
14.176
0.743
25.093
31.287
19.547
7.369
0.501
0.000
6.286
20.134
22.000
34.597
37.463
11.783
24.347
9.560
19.444
17.281
49.927
6.787
8.387
13.015
29.465
22.623
24.546
16.059
15.603
11.776
116.028
2.326
9.592
27.177
13.463
4.695
12.723
19.386
20.167
28.894
40.016
29.272
20.167
2.637
6.051
10.660
63.844
7.258
15.573
12.277
14.437
11.297
13.209
70.318
34.284
207.879
10.969
13.822
8.089
12.634
9.996
6.729
6.331
12.360
9.574
24.714
21.343
26.982
23.998
40.413
2.462
6.527
11.268
11.100
10.691
62.299
9.678
35.778
13.196
24.719
87.544
10.779
5.088
18.224
3.704
29.476
2.781
1.459
14.354
12.744
9.115
20.558
7.067
0.845
9.476
9.970
6.571
5.491
14.008
27.861
0.402
87.146
27.220
19.315
17.250
34.262
88.534
12.338
30.957
28.400
27.080
22.543
29.584
9.859
26.160
29.404
31.714
66.328
17.298
39.525
14.075
13.988
15.366
19.544
0.021
3.959
26.700
30.725
69.587
89.451
0.010
12.539
0.112
4.525
14.111
7.668
14.056
28.630
72.542
0.000
0.000
0.000
3.198
0.486
7.053
6.190
2.527
8.449
22.165
45.621
17.382
30.860
145.905
34.185
8.135
4.022
26.209
19.312
19.319
40.261
20.793
17.209
21.720
27.275
46.556
8.700
17.634
29.552
7.515
18.521
21.888
17.456
8.993
7.799
13.745
1.751
12.444
73.021
7.613
17.101
94.261
16.728
69.331
11.599
10.652
25.799
14.900
24.587
27.947
23.583
28.465
37.199
36.339
35.194
18.042
14.377
13.416
54.142
19.441
96.819
9.043
12.607
18.908
20.339
7.931
5.033
9.713
23.195
17.905
30.600
33.131
10.801
24.834
18.095
37.232
7.745
10.804
1.056
8.288
13.613
23.099
8.411
7.289
25.877
22.912
21.367
22.773
20.649
25.885
5.388
15.024
7.831
20.345
5.380
3.455
4.027
4.257
5.240
9.180
6.806
12.732
12.385
19.423
16.522
10.604
9.707
10.703
22.517
22.925
22.803
8.393
7.884
4.031
11.884
13.657
18.225
21.593
12.810
12.212
21.159
8.993
19.217
2.115
11.228
7.963
9.953
6.960
17.199
12.724
14.152
0.223
9.749
18.813
10.331
12.600
1.003
10.149
3.287
8.058
10.547
9.968
4.575
11.182
7.984
18.651
7.031
8.216
9.630
1.967
4.728
26.302
27.971
8.164
13.973
52.412
22.563
31.670
13.520
6.702
7.586
39.037
11.299
32.633
4.132
0.151
3.890
8.291
5.946
3.907
18.953
31.071
6.834
8.147
16.184
21.863
14.698
9.024
10.389
0.821
0.055
1.878
1.823
0.930
6.590
29.603
14.042
8.459
21.976
9.373
12.669
10.828
3.232
19.300
9.970
5.783
1.250
0.000
0.000
0.000
11.862
0.000
0.024
0.477
10.719
3.306
2.039
24.934
32.386
25.945
10.042
6.760
3.749
4.988
1.346
12.851
2.994
19.885
1.449
4.353
9.761
0.000
16.085
1.109
11.012
42.830
32.952
0.000
22.999
41.085
20.932
12.818
12.154
1.401
13.862
10.442
11.268
19.841
11.122
37.251
29.569
52.734
21.943
79.613
4.712
13.106
3.526
11.163
2.350
11.824
15.437
10.731
10.161
13.033
14.045
16.720
18.409
19.691
14.184
6.465
2.608
5.682
5.941
19.807
15.712
136.282
11.587
32.988
34.050
14.483
18.697
12.480
19.581
33.543
11.968
57.833
18.398
36.295
20.174
10.617
12.300
33.146
9.145
52.401
28.003
11.975
4.385
9.592
8.229
10.379
10.138
14.989
13.360
8.395
13.584
18.796
13.288
47.791
26.764
67.063
2.859
4.372
67.108
61.602
7.490
27.736
23.252
11.268
32.244
23.252
23.839
8.073
15.946
8.739
12.541
5.795
13.246
51.062
20.476
19.823
25.201
7.304
6.003
15.420
15.966
21.928
35.421
38.629
18.914
10.135
19.828
9.060
11.100
13.748
1.524
8.715
10.042
18.088
11.005
2.886
14.977
11.453
6.254
18.882
34.024
28.801
96.235
18.713
11.571
6.166
4.978
5.079
7.129
0.310
11.201
17.027
1.490
7.205
0.836
13.608
15.453
1.033
6.293
21.053
40.826
10.198
20.689
97.620
1.257
2.012
7.392
16.256
9.486
16.764
12.428
4.055
20.926
1.397
5.943
13.616
40.182
16.349
23.954
40.763
20.690
24.755
20.472
6.990
13.741
29.661
14.577
23.434
6.533
11.342
32.775
89.853
19.154
5.001
5.483
8.405
46.546
71.960
18.169
69.675
23.693
6.751
12.584
18.435
28.607
12.056
35.764
5.126
15.189
12.157
20.399
15.843
10.518
15.005
3.215
25.724
79.440
18.443
33.400
10.313
26.511
23.765
24.524
11.244
16.270
15.566
5.140
11.577
8.126
6.345
2.843
7.306
6.389
6.606
8.166
96.450
2.949
10.561
29.311
17.667
11.355
9.857
6.211
5.138
20.186
20.464
23.387
14.119
20.646
89.152
15.558
6.951
11.114
23.788
26.103
7.167
4.302
30.346
31.143
5.683
5.180
0.858
6.746
10.197
4.565
17.314
12.841
16.949
17.417
4.707
15.827
25.545
23.862
1.858
0.148
0.154
2.999
6.983
5.236
10.578
7.011
11.989
15.072
6.726
7.944
10.052
10.131
13.716
25.639
32.935
32.935
8.257
3.516
1.648
8.621
19.487
17.705
55.611
6.475
12.480
2.427
9.174
2.194
0.573
6.909
7.666
0.477
0.014
2.537
4.034
8.451
6.231
2.304
3.612
4.425
13.063
1.143
9.050
6.650
1.154
3.567
15.693
17.770
12.634
17.276
15.501
1.243
0.000
0.141
3.880
13.221
18.790
24.592
28.619
41.346
24.613
3.744
16.232
15.156
15.319
12.378
8.455
3.898
0.345
6.283
6.526
10.377
7.416
0.753
10.134
12.821
21.586
4.651
0.000
0.000
0.238
8.524
10.966
0.000
0.046
0.641
0.651
13.345
0.011
2.172
59.134
7.644
26.250
20.991
15.944
18.385
30.923
16.747
15.580
15.005
4.425
19.988
20.678
9.840
5.888
1.960
7.280
23.131
64.634
79.998
20.340
24.669
20.884
46.757
52.398
11.834
37.134
29.903
47.457
13.980
25.802
46.318
23.808
12.962
59.973
31.115
21.870
14.293
22.477
25.998
20.769
47.617
12.757
28.947
42.308
14.631
4.776
0.247
7.635
8.926
96.673
17.757
14.802
25.952
13.356
23.926
11.963
97.529
21.114
38.013
6.034
21.433
25.928
23.056
0.010
22.168
56.485
13.781
15.800
24.620
71.348
30.297
23.461
12.485
36.396
5.571
21.681
4.454
16.751
21.990
18.171
117.844
1.408
11.783
17.558
7.182
14.632
17.525
15.492
49.174
28.495
55.191
6.892
27.248
134.237
31.352
53.552
32.877
81.024
1.772
21.114
0.297
8.744
33.766
8.374
6.890
18.040
6.654
27.696
17.750
16.706
42.747
4.412
8.466
15.194
21.087
23.085
15.523
3.952
34.267
26.173
17.698
0.000
0.000
0.000
0.022
0.469
4.250
7.021
7.199
11.342
11.975
17.049
14.789
4.500
7.160
21.146
13.467
11.656
23.361
22.374
33.326
16.320
17.300
17.324
161.209
17.913
11.342
27.825
11.620
40.958
14.411
22.731
8.073
2.506
2.024
77.430
5.678
3.090
3.430
0.821
50.760
36.378
23.299
16.346
36.103
6.908
17.116
17.261
35.893
63.218
21.014
26.501
13.941
21.684
55.064
25.230
14.450
13.043
17.605
49.471
8.092
11.774
12.085
12.761
22.747
16.885
27.310
25.459
8.038
26.089
12.684
67.423
91.430
19.626
22.969
23.958
30.225
27.072
19.360
1.019
17.003
30.295
19.743
9.869
9.483
23.236
20.592
15.281
105.960
4.640
1.794
4.475
18.933
11.948
107.711
10.914
43.163
14.749
25.931
89.076
9.792
11.640
17.549
13.857
17.786
6.624
7.280
12.432
13.475
5.275
19.810
1.636
3.370
8.013
3.777
9.953
10.470
11.110
7.606
27.716
87.527
17.300
10.732
14.183
8.041
60.469
7.004
14.025
4.733
7.260
4.389
12.181
19.758
22.678
11.586
13.180
18.871
24.518
25.408
10.756
3.437
2.456
20.551
20.395
5.464
12.056
7.292
1.996
9.613
6.525
11.868
15.376
18.127
14.517
3.583
13.174
19.765
22.570
18.735
5.864
10.531
14.555
17.377
19.676
26.192
7.793
10.753
9.702
3.756
7.340
1.875
0.125
0.196
14.124
21.482
9.496
14.418
10.430
26.456
23.593
12.373
4.903
2.431
4.501
7.416
9.812
11.484
21.973
6.334
0.000
6.523
4.798
6.587
1.657
8.617
10.535
0.198
17.913
2.541
6.108
4.922
6.501
0.000
0.476
22.520
3.905
0.000
0.445
0.000
0.062
0.021
0.326
31.277
3.243
4.638
0.345
8.957
12.023
0.062
0.027
0.000
0.000
0.000
2.741
0.518
0.858
7.407
0.336
0.000
0.024
1.439
9.356
10.775
8.874
10.828
15.998
23.844
0.982
0.838
0.245
0.000
0.000
0.000
1.281
5.081
5.814
1.924
0.591
0.000
12.784
39.207
31.771
18.351
44.646
22.725
30.283
31.232
2.736
20.395
5.692
11.948
19.691
29.747
27.483
35.256
21.914
19.990
14.591
35.865
20.972
8.490
13.280
17.417
19.293
17.218
40.009
6.312
12.863
35.625
92.434
32.166
9.534
12.409
25.669
40.829
62.760
5.227
10.776
2.626
14.518
14.086
8.893
14.026
18.336
25.855
7.124
9.958
2.471
22.665
22.892
48.221
4.425
20.940
15.732
15.699
17.814
8.168
27.445
42.481
18.436
32.207
13.606
26.522
45.300
11.240
36.636
2.372
7.944
15.700
62.526
7.979
19.209
0.676
99.986
1.830
0.206
10.650
15.513
26.680
4.731
2.197
10.077
12.615
15.862
22.790
102.437
3.468
13.211
10.066
27.078
5.172
3.268
27.244
24.953
39.304
32.770
47.701
12.902
7.179
15.916
16.545
13.266
43.252
28.166
17.599
9.431
4.401
6.887
14.818
169.296
27.672
35.379
35.125
79.297
32.310
3.207
9.211
20.108
4.901
4.151
3.576
3.378
7.929
42.103
16.145
105.337
4.525
10.809
8.116
30.312
26.258
19.277
32.846
29.416
5.220
15.568
14.514
32.485
8.132
46.074
2.530
11.228
9.225
7.751
5.433
7.390
3.050
0.954
7.826
3.323
20.201
101.740
107.815
30.521
0.982
0.007
6.262
45.504
4.528
6.434
31.613
96.518
14.981
22.419
24.173
79.247
102.199
12.816
24.707
17.827
9.194
4.170
10.634
22.881
6.825
16.376
10.854
6.753
75.639
20.429
52.983
19.156
4.614
22.551
16.813
8.920
29.419
107.443
8.212
6.091
15.971
28.995
78.383
25.523
50.862
11.979
3.868
12.880
29.349
7.404
9.313
23.557
17.150
6.862
32.923
19.370
13.998
9.368
12.146
3.868
16.627
21.463
17.120
23.669
10.083
10.729
4.690
21.547
29.186
2.448
11.728
20.747
2.458
12.686
16.716
16.907
32.073
44.546
14.756
13.757
14.430
17.997
16.469
14.512
1.411
17.855
2.184
1.248
2.468
2.589
4.360
2.901
21.271
22.915
19.528
12.938
56.889
12.116
25.044
31.864
7.266
9.620
20.790
24.163
22.651
12.051
3.553
9.967
9.534
8.937
17.666
30.121
27.174
21.049
15.637
6.980
5.569
13.379
17.012
6.472
4.982
9.002
3.062
5.117
3.023
2.616
7.421
11.766
20.555
7.589
7.627
5.122
11.297
20.853
38.128
9.425
14.308
7.390
11.556
8.348
15.836
33.405
20.096
16.998
30.511
14.547
20.601
15.823
12.446
8.597
9.654
7.074
0.007
0.000
0.000
1.064
0.551
16.033
11.979
26.240
17.748
7.395
7.735
5.661
7.220
13.139
21.667
20.126
17.353
1.291
5.758
15.341
18.481
21.846
0.882
14.684
27.965
9.476
0.367
0.000
0.000
0.000
0.003
8.069
2.323
1.292
1.208
3.676
29.319
44.934
54.658
40.148
22.065
2.110
12.893
15.074
22.501
12.406
20.388
16.532
12.184
16.184
4.091
8.583
4.587
12.621
7.936
15.015
1.435
10.075
14.319
1.441
0.072
6.896
6.173
16.928
31.962
20.412
1.212
0.007
6.812
7.874
11.518
24.058
22.785
27.926
0.702
8.053
4.455
21.440
25.009
20.306
11.979
16.031
14.050
8.554
41.815
1.682
6.461
23.118
24.295
26.501
1.838
4.988
6.715
14.133
27.529
8.544
11.812
13.549
0.570
7.452
1.258
13.708
15.034
8.793
14.344
25.094
18.356
15.257
14.763
13.618
22.786
19.557
24.941
85.099
37.832
45.089
31.026
9.628
28.050
10.743
0.323
25.931
19.779
26.127
15.310
17.182
30.432
20.819
54.600
94.414
29.217
31.349
5.567
4.971
11.678
12.724
8.952
6.619
22.580
106.828
20.754
13.208
6.595
19.099
26.573
6.997
4.058
60.548
46.960
0.719
11.069
9.838
32.564
9.785
9.469
9.356
15.340
20.126
16.304
9.665
11.852
4.546
9.328
21.715
11.422
8.365
24.544
9.651
7.385
10.791
19.226
12.209
18.162
74.012
12.315
23.030
9.864
11.591
21.252
21.327
11.949
79.500
10.258
71.770
22.505
25.154
26.731
20.311
20.580
14.751
38.150
18.411
14.129
25.133
46.841
8.009
25.762
16.025
1.004
9.819
16.073
11.374
20.922
6.964
15.788
4.903
17.623
25.440
55.534
17.829
24.894
40.615
8.971
17.953
12.783
15.305
11.112
137.041
7.323
2.866
19.115
30.185
56.834
19.627
0.455
20.929
24.764
7.304
4.638
18.012
23.059
14.114
11.068
6.497
3.236
38.813
14.804
13.014
9.199
30.583
1.978
4.740
6.980
5.260
15.254
22.460
27.559
3.852
11.752
14.044
51.200
73.663
2.149
11.093
6.190
20.400
6.025
14.880
100.305
27.440
32.717
1.861
10.839
3.533
4.985
17.410
21.238
13.458
16.957
14.523
0.000
5.026
6.393
40.876
24.201
2.553
12.574
18.100
14.553
25.892
9.649
16.414
43.252
100.518
25.587
25.337
10.610
0.175
3.291
2.941
14.337
17.604
10.545
10.878
15.795
20.402
12.995
14.315
8.545
11.324
29.921
55.835
9.005
6.070
15.644
3.042
18.668
16.723
16.128
0.093
8.008
8.786
9.009
7.807
8.494
11.597
17.057
28.944
5.806
10.178
1.016
14.662
12.651
12.572
6.533
26.728
40.322
14.311
10.456
61.105
60.914
2.630
6.636
11.453
0.400
11.041
21.102
26.106
27.861
10.149
11.209
20.009
5.284
3.591
6.492
10.878
19.834
11.003
0.220
0.724
1.318
0.021
1.147
7.404
11.525
9.448
12.600
10.416
11.972
1.984
10.482
1.102
2.043
6.592
15.144
15.099
9.256
4.231
3.833
9.558
11.414
18.711
6.145
25.444
2.814
12.128
8.766
11.807
8.451
8.407
14.629
13.403
56.763
4.638
13.848
9.513
24.772
16.232
18.060
11.611
5.806
3.229
2.438
3.423
17.240
11.297
16.504
15.755
41.350
2.760
19.635
9.812
15.008
0.168
0.048
14.083
7.491
5.988
18.285
32.070
12.263
6.822
13.606
11.999
21.015
13.087
17.647
16.328
17.587
13.781
34.600
11.110
8.710
18.361
6.180
23.215
64.344
7.998
19.552
17.314
15.123
20.555
23.573
9.359
7.083
8.302
2.420
0.697
5.716
18.196
17.994
26.925
57.781
21.938
16.555
59.058
50.273
42.138
18.625
17.829
12.099
4.745
18.974
2.839
8.518
7.112
6.376
0.045
8.068
7.306
0.000
4.576
4.089
12.813
17.218
14.244
22.333
17.856
18.625
2.884
4.034
14.028
16.445
30.655
35.112
42.744
220.245
17.496
25.631
10.876
13.132
23.796
15.302
18.708
23.394
34.784
6.290
13.657
8.305
8.473
21.198
23.885
9.335
52.604
7.563
7.553
0.276
6.214
36.557
9.857
12.483
27.274
4.130
30.346
17.887
124.623
4.964
54.387
4.745
37.022
7.912
17.314
4.192
36.258
8.339
37.354
2.062
0.106
3.656
18.599
26.623
23.246
23.188
41.219
7.254
4.083
9.747
30.667
0.958
30.866
15.122
13.400
20.923
15.376
54.213
33.721
14.812
15.793
25.305
1.351
15.206
13.438
7.684
7.553
50.271
2.044
14.601
27.244
16.962
21.423
26.474
85.516
11.194
12.151
40.811
13.750
6.880
15.783
8.116
14.085
9.302
13.269
8.883
59.543
13.053
6.204
128.502
2.944
7.836
7.871
8.053
19.843
12.406
14.344
6.741
15.336
31.332
24.003
6.741
13.309
12.329
13.940
18.472
17.194
17.530
7.184
7.883
12.238
17.767
120.314
14.614
20.017
83.982
2.498
14.196
23.296
17.896
18.280
11.865
7.398
65.631
70.881
17.973
42.194
15.741
24.748
57.241
30.688
13.978
8.525
22.354
74.913
45.226
30.137
6.763
10.708
5.050
23.092
3.931
4.879
77.378
27.320
12.370
22.663
138.658
4.140
10.464
15.887
15.144
18.848
45.425
9.409
12.406
11.776
15.910
15.546
38.826
24.733
12.926
5.330
9.503
26.923
16.047
12.112
9.301
28.922
56.514
3.715
19.815
33.060
20.823
20.266
16.929
16.744
3.447
5.445
34.820
3.502
25.965
35.201
21.628
25.696
17.108
27.816
14.656
7.732
5.885
15.800
14.663
15.219
18.687
11.287
5.824
17.063
31.840
42.498
2.872
13.966
20.229
34.557
23.272
31.431
7.845
19.149
15.338
26.812
39.518
26.053
7.464
20.314
12.097
12.020
12.349
18.884
12.649
13.966
15.357
16.828
8.511
12.595
8.211
5.964
1.943
3.876
3.183
10.840
18.711
10.688
12.996
8.171
8.641
1.373
3.268
9.953
6.829
13.565
14.715
37.154
21.368
7.900
11.831
9.529
22.440
17.685
4.134
35.481
11.179
11.937
5.018
3.842
0.017
0.000
0.000
4.467
2.367
5.814
5.618
0.374
7.636
7.175
4.292
0.021
0.000
0.000
0.951
0.233
0.014
1.047
5.157
0.364
0.268
3.227
6.382
11.525
15.362
17.104
27.057
24.887
12.665
0.357
0.007
2.331
1.126
0.079
0.000
2.235
14.419
18.016
11.835
17.280
4.091
11.414
23.844
11.960
13.050
15.800
21.585
20.136
17.709
12.637
1.065
6.533
28.005
29.378
15.879
20.105
21.753
26.788
14.773
10.614
14.880
17.554
149.225
21.142
36.713
80.832
55.762
24.469
17.122
21.585
27.813
22.919
13.716
43.621
17.274
78.281
20.349
87.149
8.387
17.733
23.082
54.145
4.355
8.995
19.542
5.160
17.221
32.701
23.360
25.341
19.968
19.341
15.106
26.410
25.911
46.405
82.761
19.344
21.221
25.111
76.508
14.821
54.101
1.183
21.808
18.464
8.205
18.284
10.106
7.060
24.481
3.201
2.089
8.399
24.671
24.208
50.280
4.415
7.745
13.166
13.220
11.143
37.965
21.406
27.761
0.913
15.113
41.920
22.944
37.099
9.150
18.550
18.394
7.323
17.279
84.838
12.950
22.536
20.021
40.474
6.111
19.854
13.695
9.383
23.348
60.516
28.990
2.108
6.235
9.683
11.220
37.959
19.130
11.834
8.245
16.311
1.851
8.691
17.541
12.250
134.442
21.545
4.351
5.258
23.751
0.326
12.373
118.275
16.955
19.375
16.800
2.070
8.015
1.073
5.819
24.559
50.244
19.427
18.764
9.094
18.018
13.653
8.027
85.844
2.828
7.807
119.045
10.753
19.368
17.513
12.040
10.361
57.537
24.378
19.508
10.040
38.478
11.361
20.984
12.542
7.812
17.293
43.236
7.356
17.111
14.449
10.610
76.743
16.364
51.210
16.284
22.810
29.416
20.795
16.603
24.139
68.136
7.431
58.924
57.946
3.320
17.073
17.455
15.597
7.962
11.453
55.436
17.393
40.928
17.700
65.424
28.372
25.646
18.316
57.184
19.796
8.714
25.069
45.336
22.889
12.202
22.779
12.033
22.429
12.864
1.394
14.612
23.823
14.117
11.034
11.388
20.843
19.085
10.918
14.354
27.617
12.730
0.463
7.457
35.016
32.818
17.019
43.458
4.769
22.903
86.466
6.200
3.742
5.322
43.846
89.525
15.771
5.421
26.274
6.602
16.668
16.260
15.077
5.303
4.539
9.192
14.890
13.087
23.954
21.235
23.181
25.497
39.491
20.811
6.624
5.142
8.865
25.414
28.182
5.926
22.676
19.369
14.449
9.306
6.637
15.309
8.087
4.290
16.413
14.145
12.468
7.186
1.802
0.726
2.262
3.989
14.869
16.595
12.315
5.260
15.103
25.763
2.808
6.842
7.430
25.382
16.778
13.508
14.713
14.165
11.234
14.559
25.377
14.138
15.559
12.054
13.729
22.024
36.615
10.626
6.056
53.757
21.825
27.037
11.398
10.497
55.476
51.119
12.099
15.274
5.109
19.635
14.667
23.123
43.583
12.840
11.769
17.097
16.782
3.114
0.438
8.300
9.345
18.282
19.092
12.583
6.331
9.948
11.570
7.131
3.111
7.546
20.280
15.959
22.793
22.711
23.095
20.325
18.275
19.518
27.198
17.233
20.455
17.180
10.605
21.434
74.151
13.685
13.311
17.688
9.407
10.061
3.795
2.451
22.573
5.617
16.701
20.544
11.608
10.825
13.805
9.342
9.419
9.574
10.361
0.563
6.245
7.563
13.578
19.990
16.445
7.146
11.826
9.450
26.015
10.317
21.166
47.926
32.120
20.332
7.368
7.708
6.053
7.689
9.716
9.778
15.638
28.774
34.123
36.796
64.467
1.990
17.163
19.729
14.886
15.669
14.075
27.365
38.404
14.857
9.610
0.604
0.002
0.137
4.822
8.193
24.239
41.733
47.401
50.843
21.749
12.648
9.222
34.743
71.202
8.346
23.914
32.502
13.510
25.552
21.446
22.139
24.273
13.664
10.281
17.233
27.545
18.936
24.987
13.946
36.324
49.873
28.211
10.116
15.886
20.519
29.584
16.960
36.378
1.346
12.006
7.007
0.213
11.975
17.000
34.732
7.282
10.181
4.283
18.242
22.810
26.590
26.390
12.722
25.457
11.941
17.585
36.869
42.593
44.172
11.474
11.580
30.896
3.495
10.492
13.077
9.283
1.480
2.096
2.185
6.027
5.912
16.401
0.000
6.444
2.544
0.058
17.338
47.614
25.821
26.110
25.420
8.140
4.542
1.871
7.203
4.621
9.483
2.575
15.872
16.916
21.585
27.466
34.724
30.298
28.063
15.129
29.757
27.207
55.520
19.683
11.803
17.142
26.712
17.592
23.542
12.267
12.957
5.181
8.569
14.862
20.079
0.003
5.589
21.624
12.775
3.282
29.229
2.942
0.124
17.276
29.584
25.396
8.295
20.253
18.200
3.509
13.311
19.720
22.426
24.407
15.515
38.943
30.789
43.324
31.507
39.111
49.809
10.090
59.985
5.069
0.117
0.203
11.003
25.358
22.725
13.197
28.506
24.702
26.666
18.385
30.458
21.677
27.617
23.535
2.522
49.675
19.753
30.930
14.375
15.410
8.645
8.344
8.992
5.739
3.605
23.339
0.062
13.774
40.164
16.404
15.844
13.755
28.405
24.778
38.706
8.508
14.581
24.465
29.498
32.430
4.285
4.573
21.597
38.020
57.373
1.294
20.181
22.481
16.881
13.987
18.618
35.089
1.516
10.219
22.309
17.372
5.895
19.497
73.650
15.511
18.773
14.152
14.001
2.003
22.076
22.043
0.841
17.865
24.177
18.179
18.612
12.935
15.400
13.881
7.536
7.838
11.161
25.845
0.690
20.565
0.182
0.120
0.038
0.000
0.000
3.124
6.454
15.154
16.557
15.425
5.709
3.843
11.251
5.991
7.014
17.025
19.640
0.858
12.392
17.915
30.889
79.627
11.462
3.179
10.245
19.720
1.741
14.014
16.608
9.206
1.811
0.922
10.087
13.711
11.016
5.620
5.433
1.602
10.204
14.619
12.313
16.043
18.151
13.839
4.281
23.682
29.519
22.295
9.112
23.013
64.413
13.632
25.334
16.083
9.002
20.366
18.148
1.311
0.601
1.373
1.521
21.677
23.794
11.558
18.996
15.154
16.950
24.506
12.856
13.348
34.703
17.461
14.935
17.734
9.012
8.528
14.602
22.424
28.928
21.495
26.196
9.019
10.054
10.913
9.242
4.274
8.684
9.359
15.970
17.963
14.226
11.817
13.362
13.587
2.420
3.449
4.451
4.336
13.489
6.166
13.513
17.413
11.391
13.626
13.252
19.099
9.572
2.750
0.067
7.951
19.837
8.484
7.941
19.587
46.918
20.728
13.139
24.510
8.401
10.961
5.026
3.090
9.356
13.870
8.981
10.892
5.301
0.754
8.434
9.804
16.512
20.119
10.023
18.115
14.361
7.260
13.434
25.049
24.929
18.651
20.992
13.570
10.399
8.023
11.627
8.446
18.344
16.298
8.653
13.644
24.407
38.753
35.033
29.759
22.973
26.899
29.515
22.701
15.467
22.342
14.438
9.877
18.975
19.161
19.923
23.686
66.042
23.809
29.510
9.023
1.445
12.765
27.335
27.387
11.798
9.834
17.606
1.909
6.020
15.182
21.564
29.522
8.782
0.000
0.326
25.085
10.155
16.576
16.897
12.715
13.831
60.658
24.072
29.759
18.749
35.067
15.298
8.415
21.152
28.873
20.929
16.146
41.975
6.049
9.891
29.349
108.533
5.112
3.952
51.610
17.091
33.031
35.795
23.576
13.472
1.111
21.729
31.632
21.247
41.364
105.105
3.169
19.422
21.466
23.137
19.484
13.623
34.422
23.672
45.734
16.541
31.052
16.092
30.793
24.719
10.602
29.859
98.297
52.279
25.794
11.017
1.957
36.859
8.858
17.166
15.149
28.087
15.000
2.311
30.250
12.384
14.268
37.220
15.587
39.654
27.366
14.037
9.405
15.858
16.377
24.845
45.998
11.563
27.394
36.744
25.148
16.689
28.547
11.230
28.499
60.830
15.405
26.810
28.183
22.845
14.135
35.500
8.978
4.690
18.038
52.683
5.203
18.627
14.025
43.835
36.914
11.735
0.134
23.926
40.409
16.644
13.589
83.300
9.929
19.751
34.700
39.920
26.690
18.073
24.403
31.615
12.548
6.935
21.576
16.232
5.006
9.860
20.040
63.044
34.684
3.437
29.433
26.704
31.962
14.577
13.254
27.117
22.460
19.020
31.730
23.301
35.040
33.357
134.095
16.208
17.192
17.733
17.300
27.112
34.986
18.533
14.423
7.217
19.398
8.166
11.089
13.242
8.889
28.166
5.249
21.083
10.662
7.756
9.819
20.452
20.819
16.867
131.592
24.256
9.865
24.747
31.682
22.707
7.502
7.843
14.085
126.456
56.511
9.651
15.470
19.614
14.066
8.034
5.610
21.207
16.395
4.896
1.717
11.324
12.955
9.836
1.057
2.153
0.000
5.349
16.840
20.836
17.583
97.878
9.984
22.594
28.043
20.229
24.407
20.088
9.874
14.801
6.721
14.210
18.574
25.166
14.262
3.821
21.406
32.401
6.219
5.037
12.215
13.863
11.915
19.872
15.460
7.160
33.366
22.888
21.032
28.982
17.623
21.681
6.762
16.751
8.624
1.085
4.679
10.983
7.048
4.353
13.311
21.087
24.027
31.143
4.283
14.907
18.450
31.661
5.852
7.282
12.463
13.166
18.512
28.873
29.620
5.340
21.700
20.539
12.092
25.100
11.048
9.671
13.036
8.631
14.473
7.181
10.059
14.605
10.089
4.504
0.045
1.380
2.117
5.703
0.050
0.393
2.717
2.910
7.500
7.982
2.593
4.400
2.802
0.599
2.105
4.601
20.256
25.900
17.108
4.071
13.433
5.026
5.890
3.898
5.002
27.112
41.994
40.945
31.675
38.907
19.947
12.056
17.237
17.346
17.358
9.136
9.428
5.459
16.967
8.219
6.607
30.374
14.502
17.805
5.927
15.518
14.854
16.991
18.382
3.323
15.528
16.215
38.040
100.882
16.239
57.074
22.409
26.448
35.525
17.446
27.720
23.899
21.811
39.352
94.774
144.427
71.082
22.065
41.017
37.714
25.591
20.749
16.509
7.172
0.064
7.007
25.217
21.859
36.869
31.143
46.797
46.817
49.109
37.146
7.189
16.454
12.226
18.699
14.598
19.902
38.548
23.502
24.225
203.302
24.383
12.167
23.085
34.219
26.611
22.392
76.750
6.520
18.550
5.902
14.880
11.531
7.660
16.773
12.653
57.091
42.706
14.914
14.869
12.823
28.571
17.043
0.288
25.064
5.577
1.449
7.737
25.687
62.572
18.965
14.600
16.186
30.662
49.463
46.510
1.212
7.064
14.260
49.372
40.184
9.144
13.803
28.202
52.889
16.840
23.499
98.074
6.736
3.224
16.764
46.297
6.204
25.716
19.744
10.451
8.906
6.937
35.687
31.165
12.794
26.745
58.939
23.742
34.966
21.050
30.992
33.642
36.026
18.493
14.049
20.190
26.892
40.133
30.434
57.086
6.760
6.570
19.308
60.751
16.636
23.994
6.466
21.368
17.338
29.517
17.372
27.967
30.683
38.413
22.457
34.397
168.736
23.765
21.562
23.296
34.240
26.535
21.825
24.961
52.146
28.427
55.735
22.441
30.775
26.051
19.744
16.225
19.151
12.119
46.836
27.112
13.537
11.843
18.038
29.488
37.487
20.905
36.904
45.889
26.185
0.845
20.974
13.369
14.969
18.464
21.441
20.538
37.120
29.388
34.662
21.952
2.918
13.541
43.535
33.642
44.551
10.121
6.255
21.859
23.411
43.008
21.070
30.279
19.741
11.474
26.192
7.088
20.974
17.731
6.434
18.464
13.063
12.057
2.292
16.994
0.117
27.059
31.387
16.552
27.780
7.035
5.234
0.652
16.902
17.029
19.734
48.985
11.827
16.177
32.602
6.013
14.571
14.684
8.104
20.512
22.560
22.783
0.247
17.377
22.584
29.285
32.015
22.865
2.007
31.417
11.646
1.016
9.670
8.257
9.889
24.908
38.562
12.631
23.576
0.676
8.861
18.732
20.223
17.025
7.237
10.398
29.670
5.802
7.098
0.233
1.195
8.724
7.773
12.020
12.679
5.600
11.712
4.674
14.459
12.488
16.524
33.651
13.398
18.318
20.560
21.035
64.260
4.839
12.511
11.805
16.783
3.662
12.424
2.032
2.692
16.631
7.874
8.190
13.499
12.469
13.932
8.214
8.485
12.730
13.915
19.003
18.318
4.403
23.748
8.164
17.772
29.842
38.679
27.646
17.391
15.103
10.025
5.045
8.664
1.926
4.683
4.331
5.102
4.082
2.559
6.851
0.076
7.814
11.803
22.096
14.183
6.990
14.749
11.771
5.395
14.183
17.624
11.920
12.981
16.054
2.630
6.801
4.058
12.703
8.355
1.933
4.055
10.567
29.256
31.483
19.290
39.515
14.399
14.814
13.221
11.596
7.859
10.334
8.332
8.717
11.058
12.449
15.752
8.295
18.617
10.851
7.117
15.369
12.159
25.770
19.302
16.991
12.799
11.852
22.244
5.809
12.724
14.128
8.501
6.006
12.572
10.008
5.936
7.757
9.170
10.073
11.644
17.628
17.779
20.409
2.173
6.640
10.358
14.317
8.892
16.534
20.143
21.804
0.584
0.000
12.548
12.123
8.200
17.242
12.823
18.007
28.094
11.326
22.786
29.821
32.248
26.642
21.729
24.908
82.188
12.342
7.060
3.725
10.193
15.898
7.158
16.830
30.331
18.368
10.667
15.237
19.966
31.249
34.624
31.685
23.171
42.867
31.819
20.812
32.104
32.032
54.537
12.782
38.517
24.585
45.071
22.338
34.487
25.847
25.674
3.045
14.632
6.327
76.159
22.917
59.546
22.110
8.240
16.246
20.421
28.594
113.111
10.377
8.480
9.922
2.959
13.072
11.232
27.399
24.069
5.129
23.509
24.805
8.250
10.083
7.256
20.816
15.310
7.028
24.754
13.019
31.301
33.560
7.351
3.090
24.700
24.474
28.613
26.735
8.556
27.306
22.900
131.795
7.045
55.972
2.448
25.358
33.089
30.504
98.767
16.449
13.259
37.899
77.893
34.861
8.262
10.447
35.949
38.294
104.679
11.144
22.563
23.284
16.122
9.055
30.003
27.468
15.269
17.226
24.384
25.032
49.160
37.759
9.342
15.044
10.609
21.919
14.250
19.202
20.455
21.959
9.409
29.742
17.588
21.509
30.103
19.305
42.253
25.634
15.065
15.300
21.576
211.336
12.439
31.527
48.172
21.544
