19790101
4.437
0.069
0.017
0.000
0.000
0.000
0.000
0.000
0.000
0.000
0.000
0.000
0.000
1.330
0.805
0.245
0.000
0.000
0.000
0.000
0.644
0.237
0.348
2.570
0.312
0.476
7.320
0.165
0.914
0.386
4.561
7.278
1.725
0.007
0.038
0.000
2.441
0.021
1.497
0.789
0.494
2.172
2.039
2.224
1.052
1.672
5.776
3.629
0.031
3.042
0.000
0.076
5.018
0.373
10.047
7.879
10.328
1.056
0.742
0.179
3.176
1.311
3.571
2.039
2.242
11.259
12.840
2.518
6.827
2.290
3.890
0.113
1.933
3.900
1.118
0.000
1.488
0.024
0.024
0.474
2.448
3.615
2.223
1.425
6.829
7.855
17.609
11.086
10.360
2.870
8.140
25.135
28.568
4.448
18.951
9.611
8.518
3.612
8.240
10.030
15.456
8.581
10.368
2.973
9.335
8.542
10.035
5.610
13.221
19.391
22.798
16.661
13.355
12.514
10.749
10.763
10.660
0.144
18.472
0.951
9.441
8.315
17.108
53.946
3.378
12.092
10.111
8.422
8.782
11.536
9.603
13.269
6.163
9.538
11.433
9.035
17.451
2.177
5.442
2.503
3.924
13.194
0.364
2.098
5.013
15.989
15.450
14.797
4.171
0.491
4.738
13.036
36.960
22.997
2.448
0.433
1.439
8.815
10.537
19.293
11.261
12.524
27.792
18.728
108.483
7.400
44.896
0.833
15.506
34.945
13.347
9.294
19.456
12.730
19.862
17.664
18.476
18.493
8.811
10.885
10.298
14.600
2.882
11.570
15.537
1.404
4.832
5.854
8.648
11.735
14.416
13.678
16.763
13.445
2.000
8.686
10.890
62.888
48.556
9.834
22.213
20.999
53.392
37.317
12.811
15.034
18.600
5.184
33.047
17.312
22.879
1.334
7.127
14.102
10.707
8.291
7.646
9.872
11.812
6.652
22.452
21.686
7.848
6.166
17.151
27.205
14.068
7.732
32.750
10.068
110.770
2.544
22.596
16.934
35.585
127.766
0.717
3.634
4.302
3.275
3.136
10.101
3.934
3.356
18.102
18.318
12.550
4.770
14.923
0.024
3.600
5.359
7.179
9.709
15.068
67.839
9.690
9.156
5.180
8.135
9.881
21.851
42.515
1.906
5.862
15.352
7.330
10.557
22.005
6.094
3.643
4.175
11.119
7.076
7.862
19.127
11.220
32.650
88.612
6.115
11.597
3.268
8.140
13.087
6.870
13.245
1.950
8.689
9.797
8.047
21.344
6.257
5.366
0.755
22.714
0.498
2.008
4.089
8.473
9.101
7.993
0.745
0.742
5.443
13.911
4.604
8.255
1.365
27.346
0.203
0.000
16.381
3.133
5.691
4.796
7.021
3.488
0.240
11.962
6.530
5.088
7.105
0.790
4.381
3.902
3.061
19.896
53.064
0.627
4.913
7.533
14.069
11.620
4.067
30.061
9.089
17.467
5.656
6.400
10.262
8.914
10.005
20.522
4.317
9.265
0.311
2.081
5.877
12.700
3.819
11.035
2.637
0.345
6.108
5.939
7.741
2.891
0.051
0.121
4.031
1.583
6.269
8.950
2.772
8.341
4.456
7.910
8.566
13.496
3.704
0.000
0.076
0.436
3.251
0.072
0.051
0.000
0.010
3.569
3.353
0.280
0.288
5.517
13.791
3.922
1.835
3.351
4.360
63.504
5.718
4.853
4.710
9.802
5.280
7.920
0.134
3.229
0.031
5.483
1.620
0.225
0.948
0.021
0.273
0.036
3.862
5.328
0.316
0.000
0.000
0.000
2.333
0.357
5.148
4.401
2.880
11.034
0.113
0.074
0.053
0.206
1.322
0.000
0.834
0.089
0.031
1.433
0.041
0.074
0.014
0.007
0.000
0.000
0.484
7.804
9.667
4.322
5.476
7.546
2.625
0.000
0.058
7.479
3.765
1.358
0.158
0.021
0.000
0.000
7.678
11.549
11.901
9.635
11.784
24.290
46.735
4.944
5.383
3.492
0.728
0.014
1.243
5.373
0.000
5.788
5.792
6.348
0.000
0.082
0.027
0.003
7.656
15.745
13.053
11.474
10.011
22.225
13.932
4.353
11.488
48.563
4.642
8.511
5.061
9.479
13.424
11.839
13.645
3.383
14.165
14.499
3.308
18.909
7.397
1.178
6.298
7.314
20.148
57.218
76.707
9.304
7.057
9.114
48.716
3.488
4.510
65.745
7.405
1.463
9.361
6.135
24.779
48.499
4.733
15.602
41.824
5.964
24.050
63.807
10.370
25.705
10.398
6.690
7.363
7.210
8.599
17.154
45.883
8.357
13.357
5.193
2.288
11.591
8.061
15.824
28.726
11.067
9.840
20.179
9.151
5.663
13.078
14.302
12.609
14.535
13.654
12.640
4.907
1.624
10.186
9.004
4.041
4.983
6.910
11.431
20.926
16.236
10.418
9.397
32.992
27.572
8.300
5.964
8.959
9.735
34.801
5.277
5.845
17.839
12.227
68.551
3.131
6.587
18.457
48.635
15.872
6.647
25.347
23.923
4.113
7.138
19.411
8.329
15.625
12.124
3.850
26.374
0.340
15.017
64.418
7.066
8.085
14.608
25.389
6.176
62.910
5.181
16.019
8.339
30.072
4.140
11.876
11.481
24.441
11.350
10.739
41.751
0.292
7.244
10.118
7.126
5.424
14.595
2.640
9.479
19.284
2.213
9.750
6.949
8.731
16.322
9.342
17.815
3.615
7.007
6.959
25.876
65.849
0.041
13.740
34.123
17.097
8.465
18.615
0.814
15.762
2.414
71.490
4.099
1.281
4.549
8.518
13.893
0.941
6.709
39.132
12.638
4.676
16.128
12.009
11.045
96.561
2.070
5.476
4.858
9.934
7.272
22.337
8.178
10.897
11.021
14.207
22.692
16.105
9.144
17.875
26.182
104.971
6.800
9.920
5.771
2.561
2.027
2.359
10.288
4.609
1.517
9.447
10.913
7.732
5.601
4.377
11.349
10.942
1.306
1.814
5.806
2.892
2.546
3.458
9.998
14.424
3.684
0.537
0.500
9.100
14.806
2.190
0.764
6.973
6.866
2.935
4.494
4.185
16.325
3.500
1.547
2.300
7.478
14.941
8.295
8.032
9.295
5.297
11.273
12.329
12.387
1.550
2.695
3.138
0.391
5.881
2.877
2.115
0.900
0.378
2.194
0.518
2.317
3.481
3.395
1.658
1.205
0.000
0.000
6.049
1.645
3.244
4.003
9.510
4.395
0.549
0.000
0.266
3.008
0.968
1.147
0.596
2.901
0.000
0.000
0.100
1.548
3.830
5.452
4.013
2.887
5.277
0.999
0.834
1.802
8.597
4.381
1.239
9.697
4.563
0.302
3.433
4.273
1.394
4.635
4.156
4.844
0.106
6.757
4.350
4.700
4.025
0.110
16.304
24.915
12.890
6.503
5.732
13.532
2.596
7.951
8.054
8.296
4.274
10.010
15.898
4.166
11.587
43.884
2.638
5.914
23.234
9.500
2.971
11.385
2.402
8.895
2.311
5.341
0.000
1.174
0.072
6.709
1.981
0.041
1.898
4.136
0.506
1.632
1.158
0.010
9.107
3.682
3.304
1.044
1.287
0.182
2.297
17.520
3.790
1.923
3.323
0.615
0.000
4.374
20.551
34.298
18.560
31.558
14.430
18.443
13.911
14.351
1.967
3.327
0.165
12.425
15.858
12.387
5.193
14.356
16.964
24.215
2.879
3.241
16.380
25.483
3.159
16.735
18.198
3.643
31.962
0.613
1.193
25.888
1.691
2.361
3.454
1.482
10.452
5.612
12.526
11.429
10.071
13.747
11.826
50.807
3.694
2.038
15.474
103.802
8.792
10.950
11.498
68.019
14.129
20.053
12.607
7.467
9.187
7.829
14.066
7.965
75.098
35.493
51.897
6.103
11.287
42.469
9.713
19.329
9.416
13.836
8.332
18.989
14.945
59.613
14.303
8.047
13.263
10.260
8.923
20.126
28.843
66.196
11.429
4.068
11.848
35.537
28.307
13.475
5.177
8.398
15.635
2.918
5.287
9.398
40.337
26.347
15.516
13.678
14.560
21.933
8.957
21.743
34.789
18.007
11.714
17.558
5.658
6.339
4.338
9.836
7.347
14.217
2.074
3.986
8.221
4.058
12.875
9.220
6.612
26.446
38.564
76.575
5.644
14.650
13.699
6.183
48.683
16.328
4.429
3.917
19.906
36.385
8.920
15.738
4.985
10.667
129.972
9.417
3.972
21.653
27.730
5.733
7.931
8.319
49.995
19.844
13.592
34.531
6.262
7.187
69.243
13.070
103.762
0.726
58.813
0.158
13.168
5.902
4.546
10.303
22.834
9.781
12.971
32.351
23.579
3.904
20.342
24.223
12.897
12.621
14.229
15.626
0.776
13.122
11.750
7.735
65.527
10.040
33.155
6.269
5.258
11.922
6.170
1.905
13.087
1.157
6.973
5.414
11.388
11.539
9.414
9.513
5.795
6.650
8.351
67.683
8.485
67.446
3.449
4.892
4.374
19.532
9.289
12.727
5.411
13.812
10.262
10.784
3.804
8.926
2.764
6.808
7.369
2.956
5.689
22.882
11.714
14.540
17.290
12.545
6.698
9.311
0.683
11.103
2.249
11.426
5.424
5.970
1.737
0.546
3.008
3.093
5.212
4.892
0.841
1.995
12.051
4.704
12.243
3.893
5.091
9.881
4.982
7.371
101.553
26.587
3.389
7.687
2.208
8.841
22.465
3.668
7.775
4.216
1.875
1.952
40.668
0.151
0.082
0.460
2.542
2.977
3.073
0.929
7.613
6.111
0.944
8.073
0.827
14.100
3.447
4.956
0.518
1.483
1.178
2.664
0.295
8.463
5.176
7.402
4.206
2.242
1.277
3.133
0.632
0.055
0.000
0.000
0.000
1.088
4.213
6.654
8.755
1.787
0.965
0.724
4.669
0.944
2.724
0.172
1.085
1.926
2.748
16.346
9.623
4.285
7.908
10.822
0.309
2.585
7.300
11.755
8.609
7.648
5.948
5.618
1.545
2.626
0.565
0.000
0.252
0.148
3.770
1.710
1.748
1.665
8.104
25.624
0.051
0.120
0.010
2.415
1.123
1.711
0.000
5.647
0.273
0.000
0.352
5.653
1.911
1.653
0.632
0.517
0.192
0.017
0.014
0.747
0.561
9.065
25.416
5.649
0.024
0.091
6.789
13.053
10.219
0.297
0.069
5.764
8.645
1.972
10.034
4.623
18.399
69.439
4.074
12.576
2.160
0.051
0.000
0.000
5.488
4.884
5.929
1.761
4.427
7.210
7.018
13.795
2.750
3.971
10.887
5.912
16.951
19.355
13.348
49.967
0.182
11.134
7.800
1.916
9.452
14.490
105.105
0.381
10.897
19.164
18.775
43.859
5.153
18.021
6.398
9.390
7.666
0.309
14.797
19.370
37.741
5.016
22.670
19.604
4.377
13.726
29.941
2.160
12.236
5.998
6.056
12.581
16.838
172.636
8.247
17.697
136.772
1.796
13.835
7.364
4.621
15.264
23.215
8.492
24.681
17.144
86.564
19.317
4.110
17.448
124.597
2.503
21.104
13.391
11.223
21.744
20.162
14.457
15.664
13.420
7.273
12.901
12.847
18.821
11.375
11.407
8.313
6.002
4.547
8.638
11.055
12.339
73.222
3.940
9.328
15.612
5.011
8.953
14.655
18.433
9.525
13.919
18.778
5.749
16.473
5.165
7.335
146.943
6.748
22.345
4.752
8.358
7.892
54.378
9.668
8.061
27.797
28.860
9.313
6.780
7.987
11.383
10.459
13.186
11.984
13.414
6.096
13.511
11.048
9.208
3.399
16.813
10.797
7.172
17.394
12.794
3.334
16.723
1.968
16.741
19.643
22.991
5.780
7.211
104.528
16.080
8.825
6.034
5.902
5.790
31.289
30.874
13.980
111.956
6.950
14.529
124.467
38.842
3.453
1.947
59.930
18.509
18.749
15.717
16.831
54.066
4.753
0.058
12.150
12.543
37.584
17.673
15.595
6.067
26.277
0.505
3.944
9.841
13.230
5.174
29.622
20.415
34.004
11.269
20.756
2.350
8.909
19.145
9.148
9.218
6.282
10.844
10.272
5.746
14.780
7.376
3.544
19.835
31.128
5.224
8.420
6.372
8.011
9.539
19.030
11.546
14.547
7.035
14.286
1.191
11.326
8.030
5.854
22.790
0.192
0.748
1.181
6.418
26.381
4.297
0.233
7.316
16.164
0.259
0.283
1.042
0.415
8.535
3.777
19.576
5.873
0.076
0.587
2.265
4.032
7.888
16.648
4.368
4.206
1.208
4.167
4.269
5.050
10.226
6.824
15.695
2.718
0.309
0.443
2.630
3.828
0.632
0.575
7.214
3.428
8.494
3.785
3.735
4.576
0.839
4.176
0.031
0.000
0.034
3.406
0.446
0.062
0.292
0.130
0.812
0.774
0.278
0.003
0.628
0.364
2.149
0.017
0.065
0.027
0.463
0.000
0.000
0.062
2.015
0.000
0.070
1.535
0.175
0.007
0.862
1.370
1.933
0.336
4.126
0.233
0.000
0.062
0.003
0.038
0.000
0.597
0.003
1.404
0.333
0.000
0.000
0.000
0.076
0.000
0.010
0.000
4.669
0.000
0.336
1.159
0.014
2.966
4.968
2.455
8.753
1.275
10.578
0.003
1.978
4.432
0.112
0.000
5.253
5.843
2.118
1.202
0.237
0.000
0.000
0.307
0.141
0.209
1.717
14.708
10.949
14.523
0.546
3.526
6.073
6.945
4.793
7.735
55.441
0.872
6.430
2.929
1.172
0.000
0.439
0.000
6.674
0.021
6.688
8.449
12.974
10.252
5.170
0.000
0.000
2.661
3.406
1.142
2.757
11.034
0.000
0.137
2.190
0.592
3.914
11.481
8.981
1.342
10.272
9.706
4.113
4.017
15.721
84.221
7.677
15.638
11.436
4.151
2.444
11.007
13.136
37.347
38.030
18.210
3.880
34.082
30.854
6.774
17.173
2.747
11.110
22.996
25.687
26.807
28.695
8.394
3.886
13.620
7.646
2.194
11.704
14.114
6.029
1.006
2.620
5.076
7.718
46.692
9.314
15.053
70.776
6.884
13.170
15.594
1.617
8.889
101.778
0.560
2.652
18.306
8.786
64.287
6.787
10.914
9.033
9.122
8.624
19.024
14.488
18.864
15.642
6.660
20.685
4.728
5.584
4.683
16.964
9.390
16.102
8.492
27.497
8.504
23.078
13.791
12.154
22.031
6.631
11.443
10.938
20.335
23.627
10.262
9.081
12.315
2.843
8.326
7.587
9.397
2.012
6.674
5.234
4.906
7.996
18.699
69.993
6.709
82.500
8.267
5.167
20.594
8.336
14.087
7.714
3.512
4.676
11.354
20.465
4.152
15.590
15.068
9.290
10.200
8.250
10.942
11.412
121.471
12.954
7.725
3.986
26.173
77.773
3.665
3.910
18.491
7.203
103.251
5.521
6.027
18.141
101.924
12.185
41.348
9.405
154.021
24.429
41.166
3.569
28.879
5.591
4.235
19.738
13.256
43.638
48.064
2.379
14.128
153.172
19.717
9.083
0.802
13.340
18.263
21.696
26.441
20.309
132.636
6.849
6.303
13.316
8.854
31.194
125.919
12.300
11.677
11.682
7.189
14.782
11.574
3.938
9.015
13.565
30.499
7.654
7.783
0.249
6.166
4.571
35.702
52.154
18.068
7.817
12.209
6.476
11.348
13.334
2.002
10.178
8.750
41.672
6.939
12.337
12.445
5.174
8.090
5.359
4.597
14.163
8.144
13.136
12.607
4.664
14.021
7.625
0.007
4.451
8.459
5.305
9.747
11.784
5.735
4.044
4.616
9.882
10.086
13.017
6.853
3.806
0.302
12.827
8.549
15.518
7.347
4.511
14.780
8.370
3.492
4.762
4.662
3.131
7.107
1.634
3.540
3.461
11.970
38.806
1.236
6.115
5.974
0.766
6.063
6.432
2.625
6.403
4.013
6.242
7.699
7.598
7.002
36.128
17.413
3.045
9.342
4.449
0.000
0.323
0.333
1.282
1.207
2.007
7.134
1.286
0.978
5.473
2.355
5.061
2.714
16.132
23.657
14.751
9.834
6.849
5.696
2.390
8.544
0.259
0.271
2.309
7.938
1.188
4.067
1.159
5.809
11.488
22.850
0.388
4.611
1.404
5.294
8.243
10.641
7.141
12.363
8.717
5.589
2.444
7.179
3.231
1.935
8.556
26.776
6.303
7.450
17.283
16.874
19.154
36.279
4.999
4.467
15.971
5.576
13.290
15.195
5.936
6.901
4.449
20.225
10.785
10.808
2.348
2.022
0.227
0.172
6.104
1.068
0.656
0.000
0.000
0.058
0.000
0.000
0.000
0.285
7.539
0.100
0.137
0.027
3.279
4.863
10.835
11.913
77.792
5.054
3.797
0.645
3.845
1.875
0.656
1.404
0.261
7.635
33.429
0.209
6.956
3.536
2.105
14.289
4.776
1.006
6.787
2.184
7.821
0.618
9.373
2.935
9.469
4.590
10.736
3.536
1.954
7.131
37.556
8.897
4.769
8.435
26.210
18.665
11.082
14.830
32.070
13.560
1.051
10.947
10.227
18.071
13.026
14.044
23.919
10.322
16.146
18.663
10.429
154.974
9.215
11.124
9.987
1.179
9.467
7.445
25.336
16.469
9.510
8.973
6.671
8.978
2.221
10.962
27.586
14.131
43.952
15.501
5.915
15.450
59.549
18.730
19.305
15.247
53.964
14.444
9.524
12.322
92.453
8.559
25.255
38.260
57.137
49.787
14.729
1.172
5.521
22.319
29.306
1.689
2.039
6.887
5.071
14.602
9.048
9.558
16.569
46.153
8.257
5.953
12.047
2.244
16.435
66.375
24.290
187.973
10.303
16.564
30.528
20.956
13.846
23.909
8.264
19.329
14.943
6.218
7.963
20.558
11.476
27.040
72.256
5.457
5.306
14.967
94.070
6.075
30.092
50.583
13.161
25.292
107.838
12.071
10.442
12.784
9.301
6.612
12.527
76.626
2.367
8.190
31.054
57.550
0.000
27.539
11.599
134.727
0.606
14.595
19.051
4.623
8.475
40.660
4.484
3.989
8.697
13.611
18.807
20.445
54.034
8.381
70.529
38.220
2.144
21.217
3.433
14.729
0.745
17.722
21.044
188.477
56.192
39.056
2.958
7.584
13.494
7.996
10.126
5.797
4.660
22.337
46.505
1.648
25.627
9.458
9.180
11.249
8.240
10.624
3.749
88.411
7.018
7.675
26.456
5.153
8.684
1.444
9.330
7.327
18.675
10.056
4.032
8.374
6.715
8.230
12.189
75.031
18.416
3.562
9.050
22.969
78.752
4.238
0.014
5.643
3.789
2.874
3.964
4.700
19.072
16.191
2.400
0.348
3.989
7.430
1.028
3.253
3.226
0.027
6.640
1.351
5.277
45.994
2.101
9.007
12.198
9.223
4.673
3.891
7.318
7.064
2.529
12.370
1.766
5.497
11.704
10.034
7.180
3.631
4.119
3.002
0.034
1.420
1.123
1.299
1.943
2.493
3.114
6.425
10.458
10.919
0.539
0.635
2.659
5.164
4.415
8.235
3.867
1.066
0.127
0.328
2.172
0.287
0.038
0.000
0.000
0.058
0.306
0.285
3.337
0.031
1.439
0.297
0.948
0.745
0.000
0.000
0.000
0.003
0.000
0.000
0.007
0.021
0.010
1.425
1.768
0.759
0.014
1.909
1.351
6.952
5.675
5.514
0.106
0.254
0.058
0.642
3.078
1.670
0.755
0.172
1.572
2.173
5.552
3.250
4.307
16.994
15.875
11.488
3.828
0.884
1.687
0.000
0.130
1.109
0.244
0.000
0.017
0.055
0.142
0.108
0.000
0.000
0.000
3.557
6.073
1.119
67.556
15.319
13.190
0.041
0.062
3.289
5.787
3.928
10.547
3.114
0.079
0.041
0.038
0.103
1.789
1.154
0.000
3.172
1.713
0.014
0.082
2.685
7.179
23.355
3.910
7.773
19.976
11.402
6.908
7.673
0.158
2.196
7.787
9.513
12.679
15.697
0.597
11.206
22.975
3.778
11.639
19.868
1.133
3.753
5.351
2.386
7.896
13.221
0.000
4.532
2.815
10.056
16.823
9.668
9.603
14.780
1.428
0.748
3.862
5.766
7.175
9.611
17.602
7.841
8.924
11.192
9.963
11.034
30.133
1.884
7.761
17.690
21.695
15.056
91.422
5.897
3.069
11.033
3.603
6.415
7.359
11.510
3.157
7.623
13.307
10.270
7.973
19.234
5.917
13.211
2.724
2.683
23.456
16.258
23.526
19.486
44.728
31.563
18.945
9.776
2.069
1.746
7.566
18.790
4.576
7.824
12.981
10.035
7.476
6.360
3.799
8.064
15.268
14.758
8.803
9.436
11.041
14.007
3.528
2.427
2.932
13.582
5.246
12.739
18.584
11.961
39.290
6.630
5.376
15.601
11.975
16.569
10.506
12.868
7.635
19.432
9.692
10.152
20.033
11.400
101.867
4.408
14.310
19.185
26.319
11.065
12.250
11.882
14.277
12.912
10.846
33.002
17.739
50.618
11.718
78.255
7.728
67.035
47.552
5.641
3.901
12.698
9.414
24.067
6.327
21.897
70.664
8.576
9.996
20.532
9.542
24.936
79.871
16.715
93.567
14.590
6.913
26.723
89.252
97.260
4.786
3.643
10.025
10.471
54.588
19.889
55.337
9.457
27.457
28.333
8.187
67.712
12.342
0.678
6.171
55.244
8.089
5.677
10.707
33.690
17.715
5.507
14.008
9.496
13.827
22.582
7.692
10.937
21.547
3.766
15.412
12.097
1.152
8.278
8.010
12.694
11.016
6.524
3.538
0.443
6.494
23.639
6.813
5.850
3.462
109.726
11.534
76.139
11.462
30.683
1.832
1.983
8.779
14.311
10.068
12.001
2.211
5.100
32.463
5.205
88.988
2.858
0.179
0.041
0.017
3.768
4.851
7.725
6.252
13.491
32.520
12.686
7.507
7.845
7.165
3.922
7.069
4.420
1.001
7.920
7.495
18.708
11.227
15.961
3.522
10.928
6.142
2.530
5.382
5.404
5.747
15.820
24.039
14.663
5.939
0.889
8.164
46.622
1.967
8.743
6.743
5.679
3.547
7.345
7.508
1.195
0.003
0.704
3.492
0.000
0.000
0.312
0.082
0.498
1.590
1.536
0.058
0.000
1.013
13.929
5.749
1.926
0.000
6.602
2.575
4.189
5.751
21.677
2.695
9.441
4.029
0.707
0.124
1.102
0.024
4.029
2.407
1.679
0.003
0.031
0.048
0.000
0.000
0.000
0.809
3.713
2.589
1.291
1.423
2.980
1.924
0.601
2.846
3.155
0.010
0.000
10.283
4.316
0.106
1.679
2.973
0.199
2.390
7.907
7.375
10.272
4.721
4.930
0.958
3.584
4.285
6.413
0.453
2.997
0.021
0.288
4.758
8.092
0.762
0.096
0.000
0.000
3.049
0.601
0.445
5.016
11.653
3.224
1.710
1.670
0.053
0.000
0.326
0.000
0.565
10.520
0.270
0.216
0.517
9.160
10.418
12.844
20.809
9.288
1.425
0.010
0.000
0.206
0.014
1.027
0.066
4.857
37.848
9.349
16.603
0.021
11.374
16.655
6.894
3.831
1.432
10.725
5.953
11.168
14.584
2.901
25.732
4.841
2.441
4.731
10.986
8.611
1.023
0.494
4.975
9.201
16.435
13.070
13.211
11.543
15.044
5.315
34.672
11.131
55.045
3.852
8.089
25.018
4.491
6.915
0.069
0.000
0.089
6.293
0.615
5.891
0.144
0.021
11.395
40.409
11.766
65.860
33.737
31.273
16.416
16.655
17.202
8.355
40.564
52.865
6.046
5.787
-99.000
0.065
6.115
5.854
9.891
9.867
5.627
7.284
26.635
2.599
16.325
17.254
80.375
16.998
7.055
5.546
11.673
8.307
19.952
23.190
10.087
7.939
11.393
12.274
8.411
12.203
3.773
10.315
17.703
10.399
20.486
54.599
8.367
10.090
6.482
22.563
46.788
22.098
11.189
6.575
2.541
7.038
11.488
10.121
4.765
9.946
17.525
19.578
8.841
10.123
19.310
20.721
14.087
7.186
11.144
8.135
4.068
11.414
9.029
14.485
15.144
14.713
24.139
12.442
21.804
14.133
29.107
9.309
15.652
10.834
7.114
19.473
14.540
13.762
14.964
28.829
149.716
2.786
13.604
9.925
77.073
12.984
28.116
5.246
6.698
16.270
4.183
53.054
15.836
11.131
18.282
75.315
58.842
7.261
21.655
22.452
0.000
6.833
10.816
10.483
13.564
19.729
5.455
26.061
26.522
14.576
12.021
9.568
18.493
8.586
9.523
46.816
7.170
13.323
133.014
4.655
55.453
4.698
25.366
37.753
3.337
9.512
3.762
55.419
5.205
18.622
3.104
15.940
5.847
11.045
8.768
4.819
3.234
6.379
12.009
6.499
10.437
7.835
15.113
5.164
4.606
12.397
9.670
2.455
3.588
12.054
23.634
6.887
2.390
66.079
3.008
2.929
16.043
9.395
11.996
5.494
4.494
7.678
1.269
1.085
3.801
11.706
11.926
13.503
4.178
2.951
9.284
5.820
19.399
8.547
4.639
7.671
18.295
8.538
15.934
28.710
0.254
7.755
4.617
1.306
0.370
1.423
2.399
0.623
0.343
2.692
0.089
0.980
6.257
9.642
11.481
1.233
4.099
5.679
4.506
6.915
9.593
2.723
5.043
2.425
0.000
0.000
0.000
1.696
0.069
0.010
1.009
2.064
-99.000
-99.000
-99.000
-99.000
-99.000
-99.000
-99.000
-99.000
4.793
1.054
0.000
0.367
2.669
1.178
0.024
0.003
0.000
0.381
1.923
3.275
1.823
0.113
0.000
1.394
3.025
4.202
10.979
11.536
6.091
1.562
11.467
3.083
4.463
1.270
0.797
0.010
1.730
0.010
1.325
0.045
0.491
0.000
2.676
5.464
2.350
6.678
4.786
2.529
5.594
1.760
10.509
6.807
7.879
4.134
9.226
4.788
3.256
0.115
5.061
5.691
0.014
0.000
0.539
0.089
3.675
3.085
1.950
0.284
3.323
6.388
2.510
2.803
0.374
4.180
3.075
0.643
1.511
0.908
0.000
0.433
0.354
1.023
0.000
6.715
8.506
7.942
13.717
6.755
19.817
43.357
13.086
10.066
6.242
13.688
0.488
3.280
8.006
44.480
4.880
0.326
3.665
7.050
23.308
15.822
46.927
9.718
72.915
5.577
3.596
1.905
0.773
3.331
5.818
7.515
1.897
0.522
5.181
30.564
16.073
21.083
7.423
51.323
11.688
16.380
20.009
6.418
14.952
8.262
3.969
9.005
10.928
4.532
15.613
22.491
13.407
3.193
14.430
131.932
3.397
107.834
6.877
17.443
13.197
14.365
22.429
6.401
27.195
5.596
59.024
24.915
6.070
9.136
6.430
0.470
4.906
12.301
5.342
6.492
4.841
18.582
30.312
21.145
69.293
9.177
7.955
8.209
3.265
8.339
8.456
14.758
13.259
18.859
9.011
21.358
12.825
21.135
9.429
14.691
4.824
7.608
13.894
13.620
12.214
45.768
15.741
6.616
7.369
10.396
11.395
18.040
12.051
25.598
13.474
8.518
7.991
11.656
10.925
20.247
28.922
52.584
16.804
64.658
18.171
26.388
11.647
25.094
14.522
12.416
16.354
15.777
24.734
11.400
17.400
96.726
13.529
21.408
2.992
7.601
16.013
10.822
108.712
16.179
20.438
10.851
11.271
5.557
17.152
106.020
5.960
1.820
10.260
90.912
16.459
7.538
2.918
6.594
10.097
5.354
16.847
17.892
21.404
11.671
13.287
13.760
7.769
8.477
19.506
8.997
6.528
9.936
113.657
26.436
16.531
128.806
17.238
11.706
12.109
19.917
8.967
8.198
211.680
6.149
13.124
13.859
4.671
8.867
15.145
7.145
20.562
7.193
18.589
21.871
1.416
9.186
15.358
1.813
18.579
21.280
17.966
13.509
6.123
17.758
45.425
9.072
17.425
3.037
6.913
11.508
4.175
13.750
0.144
0.264
1.515
9.565
2.716
3.833
16.835
97.666
0.875
9.441
6.721
10.508
19.290
12.789
7.866
4.983
5.715
27.801
38.793
21.971
1.599
1.808
16.811
5.466
2.341
19.034
5.579
10.674
13.043
4.242
13.999
11.845
16.744
9.860
11.845
9.814
10.585
10.478
5.819
16.857
1.224
11.048
15.207
7.802
9.730
3.866
8.796
7.543
6.310
6.812
9.919
6.633
5.376
4.951
0.288
4.113
5.277
0.460
3.593
5.878
4.214
3.552
4.268
6.654
3.409
9.124
4.546
3.083
0.014
0.000
4.044
8.974
3.073
1.919
0.168
0.000
0.000
0.412
0.000
2.891
5.301
0.216
1.140
7.355
0.170
0.098
1.263
1.277
0.148
4.574
0.427
0.000
0.699
7.035
0.000
0.088
0.324
0.000
0.625
0.609
1.790
0.062
1.217
0.010
0.010
0.053
0.182
0.000
0.000
0.000
0.000
0.041
0.098
0.000
7.532
6.872
3.131
2.688
1.182
0.896
0.034
5.167
8.223
12.806
6.108
4.639
0.106
2.793
9.976
7.012
9.399
1.905
0.350
1.064
7.610
1.284
0.090
0.007
3.061
0.176
0.017
0.000
0.000
0.072
0.000
0.007
0.000
0.062
0.010
0.000
0.000
5.706
3.286
0.189
0.021
0.000
10.554
0.007
1.184
4.707
0.336
2.850
0.779
0.000
0.034
3.988
0.570
0.000
0.000
0.027
0.007
0.113
2.458
0.704
0.000
0.106
6.901
9.383
3.210
10.437
10.746
8.339
8.587
7.210
5.406
11.397
10.668
11.047
6.968
0.996
7.467
14.674
7.394
2.312
5.493
2.992
4.762
5.641
2.918
10.349
1.064
9.752
7.098
11.548
5.493
11.058
0.419
9.994
14.629
21.636
9.383
2.432
3.200
74.233
33.951
7.962
28.355
8.720
11.779
12.178
14.684
9.958
6.424
20.053
2.232
5.418
11.773
11.503
20.661
132.440
4.511
4.134
10.372
10.265
13.596
19.818
30.353
4.056
4.503
3.984
11.846
6.999
19.737
14.104
15.837
14.758
7.854
9.529
7.546
9.665
21.078
10.509
3.476
1.394
6.760
5.643
13.398
4.269
15.175
1.155
3.888
0.492
8.164
22.508
4.872
14.924
9.692
10.736
0.041
8.837
3.052
9.635
7.208
30.030
8.144
7.031
12.432
4.058
13.431
6.434
15.978
18.646
7.567
10.502
5.358
15.690
1.449
6.300
54.314
11.570
9.299
5.445
8.013
20.270
8.109
28.990
9.230
6.061
4.068
93.514
15.638
15.956
15.560
14.921
15.696
12.706
3.746
6.849
6.082
15.417
27.818
4.163
6.163
9.323
16.699
15.168
3.301
8.120
8.933
9.103
6.139
1.191
1.533
5.921
9.577
0.405
5.239
2.317
15.254
66.337
9.373
21.238
9.301
10.152
30.775
11.337
11.446
5.785
4.374
2.057
5.534
21.557
26.038
14.529
16.634
32.166
52.897
14.004
15.525
12.136
13.534
8.727
79.768
4.772
6.808
18.466
18.986
0.058
11.652
12.974
11.280
28.069
10.025
8.668
10.952
2.309
5.888
6.885
3.234
17.403
4.985
7.101
4.721
2.767
7.290
3.995
0.086
4.810
21.137
6.552
7.788
6.039
4.549
9.086
6.964
25.159
7.610
5.352
34.472
3.694
77.337
5.054
12.316
22.525
57.893
7.537
3.896
11.742
43.316
8.362
18.404
19.244
13.711
5.181
23.327
6.079
6.271
1.444
13.379
4.307
5.991
1.406
4.319
6.903
9.859
4.091
4.595
4.563
16.885
4.942
21.986
0.154
4.178
0.248
5.057
10.943
2.378
0.000
0.414
5.416
5.178
5.061
4.231
5.948
0.331
0.310
0.010
0.110
2.168
0.003
2.604
4.043
1.871
3.334
7.700
8.257
5.787
7.652
4.067
6.197
6.935
8.775
7.745
2.896
5.248
5.285
1.428
0.079
0.000
2.894
2.264
12.269
4.290
4.491
2.917
0.845
4.178
3.993
3.282
5.658
0.992
3.265
0.790
2.204
1.123
0.000
2.731
0.000
0.076
0.000
0.113
0.000
0.007
0.944
0.062
0.000
3.193
3.354
0.062
0.021
0.000
0.000
0.000
0.000
0.000
0.000
0.041
0.000
0.014
3.165
10.152
35.994
11.692
1.123
1.809
4.031
13.712
7.088
2.448
5.129
6.582
5.193
8.504
9.850
6.942
0.714
0.591
1.655
0.120
2.626
0.391
0.000
9.352
0.381
6.049
11.209
2.444
2.012
1.710
4.013
0.041
0.563
2.132
5.126
3.995
8.624
3.897
3.977
0.089
0.185
0.000
0.216
3.979
0.625
10.379
22.489
41.298
10.159
3.656
22.182
1.154
2.637
2.283
0.051
3.272
3.502
0.000
0.089
4.745
2.559
2.657
7.464
8.439
22.958
1.054
11.769
4.810
11.481
14.275
1.457
6.461
15.216
6.956
9.625
0.656
10.137
80.628
0.161
5.842
5.117
6.494
25.208
68.840
2.750
6.875
13.961
5.534
6.051
7.363
3.875
4.197
9.630
16.599
18.666
13.644
2.542
9.030
6.684
4.930
1.569
11.291
26.589
9.093
25.565
42.272
6.182
14.234
34.708
9.936
15.089
10.811
31.756
18.100
12.063
16.615
3.042
5.136
4.514
14.075
26.552
3.430
36.396
72.398
19.708
43.616
3.574
3.552
16.324
15.595
6.180
10.183
24.560
14.769
20.793
2.657
6.025
13.110
7.194
10.662
39.087
7.908
7.957
4.031
8.636
11.820
3.831
3.283
12.694
12.016
14.935
68.496
10.878
130.492
15.764
14.241
9.823
15.216
1.574
8.013
16.202
7.319
19.556
4.563
5.845
21.677
9.064
24.544
2.283
2.571
26.570
7.866
12.960
3.722
6.588
10.403
11.673
4.022
5.280
3.183
22.048
11.443
8.590
10.190
4.446
1.916
4.940
13.166
162.251
9.232
35.160
3.279
1.267
5.639
19.971
26.400
8.229
19.585
38.401
11.779
4.973
9.656
8.710
2.963
20.040
8.710
22.067
8.090
9.508
12.052
34.142
16.184
32.909
9.891
2.196
1.097
8.284
23.139
56.698
4.100
0.041
4.268
3.835
5.524
15.652
104.422
6.156
2.630
3.131
3.807
15.408
28.225
0.213
21.746
35.345
5.400
5.802
1.933
4.316
16.198
5.006
3.189
26.927
128.293
5.493
8.820
4.180
12.978
16.023
3.275
10.787
8.145
0.718
3.883
143.576
16.229
15.659
6.829
0.168
5.407
1.502
56.585
41.360
0.163
0.000
3.876
4.116
6.892
6.947
6.326
8.653
3.785
7.341
11.829
5.630
6.345
9.639
16.658
32.329
11.718
10.875
7.630
5.130
8.081
2.328
1.631
15.239
20.282
1.463
0.561
2.959
9.535
3.771
6.691
1.048
1.203
1.001
0.000
0.000
0.003
4.221
2.748
0.000
0.000
1.531
0.000
0.199
1.533
2.791
5.464
0.845
0.048
0.821
0.505
3.891
1.607
6.144
11.991
9.234
7.084
7.835
5.349
2.396
2.554
4.443
0.048
5.788
1.469
12.142
4.819
5.315
0.146
2.264
4.825
1.638
6.727
0.966
0.482
2.755
3.028
2.673
5.977
4.369
1.895
1.284
0.869
0.276
15.798
7.936
6.887
2.067
1.530
0.633
0.145
1.619
0.007
0.419
0.521
0.651
0.136
0.007
0.007
0.767
0.445
5.553
0.283
1.678
4.084
1.904
4.648
2.460
0.984
0.017
2.741
1.851
0.309
1.040
0.982
0.175
0.000
0.261
0.069
0.972
0.415
9.472
0.378
7.194
48.606
14.643
11.398
17.532
14.868
9.004
1.667
0.170
2.014
5.804
9.604
4.597
10.341
1.099
1.102
0.007
0.206
0.378
0.120
1.020
1.744
0.254
1.133
35.173
59.494
11.311
6.084
13.548
12.373
8.041
5.373
12.600
18.766
20.029
1.720
3.097
8.576
32.303
5.322
3.519
2.252
7.055
9.953
15.965
6.880
19.988
47.152
4.055
3.725
14.780
6.252
21.032
27.387
8.073
9.513
27.377
5.116
11.570
99.577
4.302
5.881
21.643
3.124
6.173
20.160
11.319
12.816
11.934
3.238
27.092
6.681
11.357
4.896
76.482
9.658
23.815
129.469
5.759
13.834
142.565
6.812
5.517
2.384
9.359
0.833
11.999
24.867
75.897
118.788
23.912
18.661
9.859
4.425
20.582
19.619
2.450
2.050
13.350
5.725
18.579
19.456
14.057
10.942
6.314
7.714
7.696
15.845
20.399
26.439
4.867
26.288
16.431
13.463
21.724
35.829
4.446
77.638
11.024
54.384
5.301
29.384
11.936
8.578
11.757
10.310
121.403
3.358
9.394
9.661
9.189
21.753
30.595
10.266
22.998
36.449
4.796
10.379
17.076
46.050
4.033
7.119
19.192
21.327
5.974
6.245
4.530
6.769
40.505
22.440
11.556
16.346
20.079
20.850
151.543
44.144
6.942
13.589
6.111
8.978
9.253
14.564
5.617
10.495
14.756
12.320
4.587
7.896
18.560
32.259
13.901
19.849
28.115
12.530
63.300
7.466
10.408
17.262
19.727
45.672
28.859
4.276
17.726
45.401
21.983
1.749
7.457
1.384
4.104
13.072
24.486
82.425
7.884
25.557
6.837
6.501
6.350
30.627
34.825
4.515
5.018
18.872
8.253
26.000
2.163
11.141
23.202
7.199
13.719
12.923
9.740
4.003
0.112
12.222
8.983
7.738
30.480
0.323
8.314
13.074
5.445
5.342
6.345
98.149
3.073
11.112
8.300
9.438
13.887
7.012
7.272
8.889
12.195
8.006
8.888
2.891
4.724
0.746
17.889
14.980
12.118
16.154
8.296
9.332
82.155
11.170
11.839
31.127
10.897
5.965
15.690
7.137
11.309
9.062
8.760
12.207
8.719
10.530
6.315
4.109
5.312
9.744
2.536
7.835
13.311
12.912
1.181
0.797
1.339
0.663
8.126
3.533
1.301
3.914
2.032
1.749
4.092
2.402
6.231
2.153
2.702
2.822
1.730
0.000
0.034
0.000
0.000
0.000
0.000
0.062
1.590
0.072
0.124
5.775
7.339
0.275
1.746
5.927
1.853
2.505
5.375
2.472
1.531
1.547
4.111
0.027
0.218
0.807
0.924
1.435
0.000
1.830
1.274
0.261
0.403
0.000
0.000
0.000
0.000
0.000
0.000
0.000
0.000
0.000
0.000
0.082
2.819
0.000
0.000
0.000
0.000
0.000
0.048
0.299
0.591
2.814
3.883
8.511
14.351
7.478
3.547
2.669
0.000
0.010
0.045
0.000
0.000
0.017
0.093
0.000
5.788
4.906
17.322
14.638
8.954
13.281
3.009
0.231
1.689
1.159
1.787
3.188
3.778
1.730
5.603
8.739
22.670
4.673
2.013
0.172
0.067
0.017
0.017
0.000
0.000
0.300
0.007
0.021
1.693
1.102
3.347
0.841
0.096
0.163
0.611
0.000
0.000
0.000
2.812
10.011
9.817
13.932
22.014
4.765
4.473
4.918
34.559
11.584
14.615
5.342
22.676
9.297
3.107
6.770
41.027
3.057
15.752
1.765
6.317
14.172
9.380
2.853
5.157
9.421
11.539
15.683
14.574
2.060
14.365
10.873
90.490
9.661
19.343
99.014
0.360
12.768
68.371
0.086
3.914
1.466
4.154
43.461
34.780
10.945
6.963
2.571
1.284
10.694
1.457
5.174
12.823
16.397
18.946
20.071
27.644
22.972
4.292
12.950
16.576
20.489
84.045
12.136
6.588
8.010
6.221
27.686
26.820
10.571
14.001
12.480
22.721
128.387
10.700
19.700
96.709
15.690
24.716
11.865
30.353
24.012
52.099
35.555
37.820
82.796
17.489
28.563
6.368
14.631
16.104
49.627
4.094
23.859
15.266
1.775
6.176
9.628
22.647
12.903
6.396
7.443
7.050
16.186
4.265
9.443
4.887
27.365
14.167
7.619
15.939
13.065
23.053
5.270
7.682
21.368
15.407
99.028
7.277
2.832
16.145
4.798
4.518
12.730
64.380
166.428
34.484
7.726
42.704
10.858
14.230
0.652
0.489
1.630
16.826
11.399
5.529
21.396
27.321
9.917
12.349
6.714
13.110
9.595
3.580
5.652
13.356
8.502
2.640
4.216
7.261
10.119
16.795
15.577
14.183
40.605
8.535
7.936
14.916
10.771
8.205
8.116
7.723
16.049
94.685
9.987
4.192
7.800
89.065
48.810
12.099
14.921
0.089
6.793
30.848
20.393
7.309
18.690
5.545
17.075
12.936
26.443
18.172
14.553
64.430
13.870
8.175
40.007
4.098
74.491
0.065
4.254
24.283
10.677
9.936
47.406
7.763
5.864
4.276
1.167
6.587
10.592
7.515
17.760
13.288
13.297
6.482
2.671
45.375
4.043
2.750
67.078
12.847
64.699
8.013
3.811
2.917
0.386
3.217
3.612
7.024
8.075
2.537
4.971
6.025
4.492
4.769
2.894
3.395
4.875
11.882
3.112
2.295
9.553
6.762
90.613
1.588
7.668
5.457
13.245
4.268
19.490
19.503
10.918
10.791
0.426
0.275
0.003
5.696
0.657
7.994
3.943
0.051
0.197
0.031
0.000
2.525
1.371
3.765
7.372
1.705
0.003
0.014
0.000
0.000
0.932
0.968
2.905
6.746
4.171
0.003
1.303
0.270
0.976
1.936
2.348
1.610
2.473
0.896
3.364
0.034
0.000
0.000
0.000
0.000
0.209
0.000
0.017
0.055
0.000
0.021
0.024
0.311
0.096
0.000
1.218
0.007
0.000
0.000
0.000
2.070
0.936
0.518
0.000
0.000
0.010
0.000
3.179
0.000
4.491
28.794
6.080
2.582
0.000
0.718
0.010
2.819
0.062
1.198
0.000
0.000
0.000
0.000
0.000
0.312
0.536
0.000
0.058
0.223
0.278
0.045
0.007
0.045
1.696
0.714
0.166
0.698
0.021
0.364
0.439
0.391
0.130
0.654
3.268
4.932
0.120
2.578
0.261
0.000
0.014
0.311
0.010
0.000
0.003
0.000
0.000
0.000
0.000
0.000
0.218
0.000
6.224
0.048
2.259
0.000
0.089
0.000
0.079
1.439
0.148
1.088
3.346
72.407
1.662
5.225
0.669
6.973
6.482
10.588
12.051
9.448
4.906
1.603
1.368
6.230
38.935
42.733
8.600
13.675
15.257
3.054
8.368
13.953
3.416
10.370
90.780
0.656
19.089
32.295
28.616
0.342
3.679
12.710
27.208
0.709
3.816
2.338
16.325
31.611
16.043
11.603
6.568
8.940
4.951
10.271
26.723
16.546
7.328
21.913
45.121
0.333
1.458
2.649
12.663
13.299
121.691
10.622
14.461
12.713
11.961
8.717
10.945
15.256
24.578
11.419
9.765
4.673
4.336
12.351
4.958
10.650
10.284
11.062
9.923
13.721
17.345
11.116
9.689
11.078
71.600
11.213
18.076
10.861
12.667
3.165
4.916
13.589
10.167
15.261
20.177
17.533
5.668
3.430
8.530
14.856
27.229
5.435
9.119
15.244
28.225
4.623
4.367
6.623
10.451
3.979
2.959
8.525
8.456
8.885
10.719
69.770
13.750
21.255
57.129
6.545
0.791
7.139
14.763
9.266
12.289
16.565
27.051
73.734
13.588
7.691
7.804
43.775
88.228
3.754
5.449
12.880
2.152
8.206
17.303
5.546
14.520
2.175
0.764
5.146
10.490
28.043
12.584
61.827
16.320
198.593
12.564
9.361
11.163
30.861
18.636
10.447
7.962
15.161
23.859
4.082
7.676
19.688
22.519
37.487
9.568
12.859
9.196
3.000
50.159
2.559
9.949
7.323
13.487
18.384
13.424
5.903
4.938
172.324
0.051
7.875
6.639
11.592
13.003
16.445
11.824
2.541
9.088
13.271
6.583
19.296
1.798
0.521
1.571
7.792
4.650
15.759
107.403
7.012
24.148
26.780
25.035
106.155
4.457
17.918
7.117
16.107
19.169
43.755
13.598
3.672
6.620
9.702
3.818
11.103
9.009
5.994
0.553
3.395
5.431
6.702
6.990
8.339
14.996
12.641
9.888
9.369
2.829
2.699
3.510
1.449
4.427
7.629
2.513
4.228
3.510
16.425
2.767
0.525
8.631
2.074
3.226
7.127
8.470
8.786
14.299
6.523
6.233
3.526
7.974
8.245
13.069
5.696
0.045
4.053
3.389
5.400
6.729
4.183
0.388
0.000
0.000
0.017
0.000
0.000
0.453
1.748
3.481
2.709
0.560
0.278
0.285
0.000
1.075
3.845
5.881
6.024
7.541
14.686
8.628
3.430
1.401
1.464
5.323
1.941
1.859
8.418
0.216
2.187
14.193
1.284
5.449
3.330
0.439
3.272
0.556
10.180
2.197
5.867
8.988
4.288
3.011
2.151
0.264
0.000
0.045
0.000
2.522
1.471
0.000
1.435
3.217
9.126
3.023
2.030
1.878
0.148
0.034
0.000
0.000
0.000
0.000
0.000
0.000
0.000
0.000
0.000
0.306
1.078
2.062
0.566
3.783
2.103
0.010
0.000
0.134
1.607
4.003
0.946
1.246
7.016
10.844
5.699
0.541
8.513
5.055
4.367
15.044
7.666
2.118
7.967
7.701
4.218
6.437
35.093
8.641
8.795
1.826
5.497
4.774
3.252
2.965
6.073
5.515
5.213
8.429
15.345
8.930
7.773
5.071
8.726
1.562
13.156
0.197
9.314
13.558
18.354
8.578
10.418
10.238
5.938
6.808
2.393
7.385
5.720
10.351
33.325
10.863
11.754
7.306
3.746
4.362
9.414
15.024
20.016
105.695
6.894
12.936
7.224
15.492
12.439
13.544
19.796
26.377
10.106
6.132
4.813
11.385
11.570
3.952
4.758
13.908
11.234
6.489
1.336
7.533
9.826
16.758
67.253
9.860
21.132
14.583
0.027
5.541
5.236
3.845
3.505
17.861
9.574
6.103
16.605
5.850
6.326
10.988
13.340
10.550
8.347
16.685
11.347
90.419
3.090
9.546
5.548
16.720
21.554
16.104
6.199
8.712
14.579
9.246
10.540
6.956
11.870
22.556
42.950
5.960
0.014
11.747
140.301
17.836
7.224
7.189
6.654
32.070
48.417
12.789
12.665
9.277
47.004
32.993
0.716
3.196
11.407
10.327
6.684
16.565
17.829
25.567
7.067
10.584
26.274
21.590
15.163
76.898
16.876
1.813
3.873
11.529
12.677
8.133
2.014
8.542
33.526
36.100
8.773
34.005
3.658
19.224
7.703
10.234
69.648
5.874
151.357
11.767
9.766
3.770
11.727
17.127
37.472
0.637
10.241
80.739
4.326
4.355
3.684
97.263
2.829
7.302
35.857
5.287
20.177
8.727
8.841
16.691
12.895
19.405
5.716
20.919
8.422
13.960
2.781
9.479
46.915
0.887
15.419
19.312
22.690
67.518
13.383
3.375
7.533
8.990
12.059
56.550
4.031
2.460
10.993
10.660
6.327
7.776
6.939
14.801
18.067
11.426
7.642
8.645
23.418
8.367
18.982
35.124
12.665
115.137
8.181
5.885
4.235
6.173
6.796
7.241
52.048
13.297
7.732
1.926
13.111
13.723
14.389
62.910
3.670
12.864
3.783
10.066
15.934
101.466
5.301
9.479
37.384
4.982
8.089
1.947
13.050
4.537
3.411
55.893
1.792
6.633
5.155
9.563
9.431
4.525
3.936
7.969
1.768
10.233
1.310
1.040
14.471
4.353
2.565
0.202
0.084
4.587
2.528
2.806
12.233
3.016
2.941
1.394
10.820
4.671
19.853
13.467
6.058
8.272
6.672
0.812
3.104
1.662
2.261
0.910
0.144
0.176
0.414
1.825
1.277
0.000
0.000
0.000
0.369
0.000
0.000
0.000
1.054
3.172
4.460
0.000
0.551
1.765
3.485
2.159
0.021
0.000
0.021
8.271
3.100
4.226
2.317
5.497
0.285
0.000
0.000
0.000
0.017
0.000
0.003
0.000
0.007
0.010
0.038
2.053
0.024
0.113
0.000
0.894
0.000
8.605
9.675
0.196
0.051
0.213
0.000
0.041
2.558
1.590
4.086
7.206
0.000
1.981
7.054
0.515
4.127
0.010
1.864
0.010
0.110
4.156
4.539
1.905
0.343
13.386
6.599
9.702
0.093
0.014
0.034
0.000
0.130
0.058
2.905
7.835
3.402
0.014
0.194
0.893
0.591
0.999
9.908
100.384
18.663
0.728
1.801
9.685
1.157
2.685
3.478
21.650
8.612
24.833
4.353
4.036
1.638
24.062
12.986
9.905
1.984
1.459
1.855
14.930
7.421
9.309
2.165
0.321
5.225
3.674
1.020
3.631
4.213
14.739
10.312
6.067
8.346
5.170
1.917
17.242
7.405
8.293
3.826
19.345
20.021
11.036
7.320
10.988
9.472
3.725
6.371
7.498
20.258
6.858
10.966
17.836
1.513
41.846
0.000
4.828
23.531
4.034
104.874
2.089
9.497
5.673
0.118
2.379
14.222
4.358
11.252
6.738
26.918
8.819
6.873
0.352
6.806
12.579
23.960
8.758
52.607
1.631
0.144
7.454
14.804
8.521
21.638
9.139
3.152
6.499
3.280
15.343
6.298
7.639
13.657
10.324
65.448
24.996
4.189
10.109
11.755
7.654
31.098
11.234
20.205
20.156
10.219
8.604
13.477
12.899
36.110
3.747
29.091
1.176
4.407
10.670
18.993
7.431
5.809
6.075
8.030
3.833
12.414
13.130
16.473
20.157
22.509
25.251
21.284
148.024
14.155
22.635
10.386
19.532
12.511
11.902
26.882
24.009
18.884
10.372
9.479
11.311
12.636
38.639
7.845
10.037
12.651
12.736
5.011
6.652
7.460
14.512
31.392
68.258
5.703
7.256
13.574
3.365
9.287
9.857
7.237
14.754
4.607
9.061
8.556
12.077
7.365
21.759
16.543
53.423
19.329
35.642
12.760
9.580
11.300
20.005
13.585
6.400
26.286
9.374
12.918
10.822
5.279
11.762
14.241
7.296
7.199
8.300
17.242
2.911
4.885
11.997
16.821
14.662
17.673
3.998
13.831
58.190
5.792
6.278
8.930
14.129
19.449
9.766
3.996
2.893
5.625
8.103
5.316
11.664
10.077
3.960
10.313
61.829
4.142
17.501
20.723
4.127
3.628
8.351
2.477
9.891
76.772
7.567
9.968
11.211
4.144
10.535
9.747
17.070
4.220
10.868
59.930
12.722
63.007
4.351
6.025
3.435
6.459
1.548
9.756
4.347
9.742
6.666
13.231
7.001
14.062
4.813
9.879
11.595
5.109
9.244
12.939
12.975
2.832
3.505
3.928
7.677
3.330
1.193
3.298
1.840
3.746
7.831
5.783
5.543
5.850
6.348
16.375
10.918
9.124
2.891
1.741
1.566
0.618
0.000
0.393
0.000
0.124
3.358
6.612
0.996
0.000
1.442
0.017
0.017
0.189
0.089
0.038
0.000
0.003
0.000
0.048
0.007
0.010
0.000
0.000
0.000
0.000
0.000
0.021
0.000
0.000
0.007
1.337
1.212
1.288
1.536
3.529
3.902
4.807
8.459
15.946
9.279
4.516
0.000
0.000
0.000
0.000
0.024
0.610
2.256
0.082
3.196
0.000
0.082
0.000
0.000
0.000
0.000
0.000
0.000
0.000
0.000
0.000
0.000
0.000
0.082
0.000
0.000
0.000
0.522
4.510
0.003
0.031
5.552
6.520
0.093
0.000
3.426
11.297
2.052
0.000
2.184
2.321
3.423
4.103
1.997
4.283
5.522
0.017
10.303
5.721
0.886
3.420
1.278
7.534
0.604
2.898
12.904
8.229
0.045
2.776
0.120
0.038
1.329
20.316
30.878
3.361
0.191
3.383
4.518
13.063
11.843
11.141
37.693
11.965
4.831
12.919
7.381
13.355
5.874
6.403
0.271
0.017
0.021
5.826
12.624
3.735
20.029
19.497
1.693
0.855
9.249
11.982
11.180
19.164
45.906
16.201
17.558
13.784
23.878
103.100
24.839
71.027
14.282
12.095
20.750
8.573
0.175
8.130
20.218
15.508
64.970
1.823
23.466
8.559
9.627
58.279
26.031
4.106
8.408
12.294
12.095
36.924
7.048
1.480
9.805
7.320
9.658
7.131
7.371
15.777
141.384
16.631
10.149
1.780
11.295
15.113
6.268
7.206
10.054
11.561
6.746
27.167
17.633
12.719
11.113
3.361
9.321
23.432
21.815
18.344
7.076
11.961
7.630
23.629
10.831
7.380
12.466
80.041
11.276
6.231
40.248
19.099
31.445
13.036
3.969
12.758
7.680
10.832
13.913
16.716
26.597
15.491
9.665
37.714
37.893
12.136
78.755
12.741
9.344
126.645
8.255
67.199
4.463
13.954
9.974
1.691
2.664
0.034
9.397
23.919
2.539
13.614
1.744
31.498
8.566
3.612
4.885
12.126
41.693
32.063
0.139
4.274
11.153
8.480
137.985
17.667
5.854
15.583
5.074
77.109
0.134
5.685
9.045
11.903
94.894
10.102
12.175
35.397
1.851
14.354
8.650
20.290
12.679
4.937
9.136
16.291
6.818
13.019
3.780
89.216
8.302
93.078
10.344
13.386
28.142
14.595
146.304
3.471
13.898
13.240
12.270
26.546
2.341
7.831
17.259
12.298
45.782
2.674
17.029
5.830
9.359
6.312
22.113
1.916
13.358
0.815
94.556
26.558
7.750
4.558
50.470
26.889
1.760
0.681
12.521
30.209
9.920
4.475
6.530
13.336
17.225
1.194
10.243
4.774
83.592
6.674
19.216
103.950
13.323
4.873
76.513
7.694
8.320
19.176
1.885
15.803
12.256
9.646
12.385
3.658
8.191
20.607
24.695
2.764
0.382
7.253
3.238
1.858
20.548
1.497
4.431
13.734
6.236
3.065
12.868
2.118
0.003
6.987
2.503
1.332
0.343
4.341
4.811
3.389
9.386
14.656
3.777
0.415
2.461
0.716
8.501
0.830
1.691
0.185
4.393
3.679
4.811
9.285
3.438
5.387
7.036
13.620
3.534
1.433
23.420
3.176
4.163
3.085
5.826
8.230
10.998
3.392
4.667
7.618
4.230
7.464
4.546
9.558
9.596
10.643
3.512
0.924
4.992
6.647
4.247
4.954
7.742
9.402
8.394
4.391
7.629
5.613
4.758
5.541
0.007
3.885
6.242
0.165
0.021
0.000
0.000
5.828
0.742
0.639
2.872
2.190
1.114
15.067
3.627
7.927
0.047
7.696
1.784
10.950
15.868
100.087
13.203
7.629
0.642
35.076
5.785
9.565
8.085
0.354
3.909
2.709
2.335
2.158
3.008
6.861
47.835
10.334
13.887
18.953
4.063
7.001
0.577
8.005
2.625
10.914
4.346
0.286
0.553
1.378
5.423
4.815
1.270
0.474
2.573
0.939
1.650
1.049
3.377
5.470
0.905
8.010
4.465
4.564
6.662
17.372
1.974
8.066
5.188
0.467
1.087
20.301
6.539
15.072
9.405
1.701
13.254
7.725
23.186
13.732
8.688
7.840
10.028
8.300
4.673
9.077
10.023
3.957
3.162
0.312
5.527
1.775
2.862
6.432
10.612
11.858
8.130
9.988
158.322
9.064
18.800
22.671
11.158
39.335
16.533
31.948
14.114
15.436
7.390
84.087
21.866
87.142
25.442
3.578
8.212
12.756
7.627
5.874
9.637
2.290
12.620
7.707
9.836
1.579
6.221
9.704
7.466
8.303
2.719
50.266
11.179
1.897
8.120
20.960
9.079
14.172
10.843
6.819
11.701
4.091
23.416
8.149
16.138
33.813
16.278
38.838
16.691
9.615
15.748
4.362
4.576
13.434
10.543
8.341
26.479
98.462
11.100
6.202
42.333
13.355
4.704
11.282
4.999
33.326
6.159
14.529
28.501
71.984
0.625
11.014
21.530
11.518
4.817
3.965
7.804
4.147
14.729
5.112
4.199
10.368
21.174
17.113
10.168
14.176
21.883
14.983
9.584
13.953
2.685
12.070
12.334
18.787
12.942
17.938
46.719
8.718
11.007
111.019
8.014
16.415
6.935
78.398
68.793
12.852
10.573
10.748
10.293
29.375
5.093
1.008
14.584
6.755
30.269
11.043
10.402
15.080
1.821
2.823
14.859
9.829
18.658
5.430
12.192
9.531
15.868
48.719
15.250
15.467
110.313
2.017
8.252
6.987
8.159
17.207
4.302
3.196
6.957
22.318
6.594
5.548
8.097
34.584
67.102
9.140
5.267
8.856
11.393
10.469
1.838
2.662
12.006
11.929
8.175
2.875
12.806
22.572
5.905
20.605
20.835
23.281
12.959
9.982
6.259
6.871
40.637
5.445
1.226
8.710
11.084
0.791
8.320
6.281
23.961
10.234
11.123
2.559
9.939
6.070
23.061
10.705
4.954
2.229
8.681
1.044
12.950
12.432
2.486
17.286
6.506
6.684
5.284
9.886
10.552
12.310
4.959
4.486
31.816
6.506
7.093
6.650
5.174
0.055
0.254
0.154
0.137
0.021
0.031
0.000
6.475
9.191
29.680
18.112
1.567
6.738
6.896
8.636
8.501
4.673
1.916
1.732
4.512
2.302
11.414
22.240
3.124
8.319
13.356
13.249
0.790
34.400
10.180
10.440
21.850
4.427
2.333
3.650
0.027
4.449
0.000
2.055
8.707
2.779
0.437
0.922
0.000
2.338
2.723
4.092
5.679
0.652
6.058
8.080
4.927
3.248
2.489
4.401
1.840
0.000
0.656
4.371
1.497
4.522
11.287
7.289
3.371
1.559
9.280
8.195
1.698
9.682
5.143
3.292
0.072
1.926
1.452
3.728
1.287
0.875
5.819
1.480
9.345
6.698
0.031
3.636
17.008
2.510
1.016
4.928
14.440
9.132
19.988
31.263
1.978
0.017
1.517
0.106
1.064
2.256
3.807
9.792
4.468
1.064
8.233
7.464
16.050
3.301
0.239
0.000
0.000
0.000
0.000
0.000
0.000
0.000
0.422
0.348
0.457
0.007
0.142
2.719
3.838
1.645
1.188
3.272
0.007
0.000
0.247
0.000
3.397
8.549
10.626
0.000
1.073
0.058
1.287
0.007
0.007
0.000
0.000
0.474
5.351
5.327
0.096
0.630
2.154
0.058
0.412
6.528
3.116
15.195
10.131
6.396
14.260
10.780
10.705
16.725
21.018
2.242
16.370
5.626
16.349
19.662
4.697
5.406
6.116
6.664
7.682
12.782
69.228
10.664
30.858
2.307
0.082
4.170
11.128
12.463
15.764
0.276
18.258
11.127
9.750
4.642
7.431
2.934
18.363
10.638
179.271
16.054
5.028
18.110
3.228
7.309
6.377
23.700
16.183
14.577
72.774
5.850
4.261
3.711
10.327
5.174
1.828
14.883
49.936
0.937
8.889
4.405
6.358
4.597
15.063
20.883
8.810
10.028
14.629
16.374
14.759
7.944
14.390
10.428
24.156
103.857
1.864
18.163
30.101
3.625
6.183
15.249
3.404
7.874
4.762
2.819
18.982
7.673
20.053
14.193
7.220
6.750
8.528
9.568
14.708
4.614
36.457
7.745
7.759
9.764
4.566
6.887
3.759
9.338
8.861
4.233
10.892
13.108
6.077
4.415
7.474
16.205
7.359
18.692
11.510
10.534
7.673
5.792
2.772
8.806
18.996
11.626
16.222
9.809
14.041
13.379
5.847
6.341
11.946
18.272
27.368
0.254
9.936
19.363
11.108
9.144
17.764
5.519
5.581
5.011
14.369
6.955
10.116
60.909
9.544
5.469
14.456
16.349
30.360
2.664
3.116
6.338
16.794
15.666
13.857
4.237
7.481
7.251
7.275
8.775
16.938
41.882
12.260
18.922
22.752
27.353
36.272
14.289
6.448
11.264
78.521
2.125
3.419
69.233
12.128
8.099
69.969
4.918
4.785
13.477
4.839
11.527
12.217
5.616
4.340
9.271
1.318
4.290
4.940
2.962
9.017
8.494
19.027
8.650
16.437
3.267
5.827
12.214
25.758
10.123
3.086
10.023
11.155
102.077
7.082
12.328
20.664
9.671
9.239
3.382
6.214
9.908
2.241
13.122
51.443
0.912
3.180
0.724
1.025
3.723
0.233
0.772
0.608
0.294
2.441
2.525
9.889
1.111
50.062
3.020
0.007
9.884
11.518
3.165
3.755
4.379
6.261
10.071
11.958
6.794
8.207
3.544
5.651
2.273
0.831
0.130
6.569
0.151
0.000
0.000
1.167
0.309
0.021
0.000
1.248
0.000
0.000
0.010
0.000
0.256
0.271
0.722
2.472
0.000
0.000
0.000
0.000
0.000
0.000
0.000
2.242
1.990
1.557
0.007
0.357
0.328
0.733
3.593
6.248
9.162
0.566
0.003
0.263
0.021
0.134
0.110
0.220
1.159
0.263
0.000
0.000
0.354
0.007
1.001
0.000
0.000
0.039
9.083
4.753
0.378
0.010
0.000
4.082
0.700
0.407
0.750
2.932
31.086
1.926
0.142
0.205
4.504
3.036
4.094
2.814
1.267
0.704
3.062
0.096
0.084
0.000
1.008
0.257
3.227
0.318
0.407
0.065
1.217
0.000
5.500
75.593
8.784
15.269
2.053
0.373
0.010
0.000
0.017
2.700
0.100
1.602
0.000
0.342
0.781
0.003
4.031
2.662
3.116
17.156
2.848
5.605
6.250
1.856
0.000
0.000
0.000
0.000
2.256
0.034
0.000
0.082
0.000
26.927
101.445
12.260
14.179
6.372
4.453
6.351
7.498
5.157
2.949
18.728
3.550
0.910
12.239
17.503
3.032
28.534
12.837
5.586
3.189
6.451
66.972
13.486
15.446
17.842
12.624
18.938
0.697
14.200
1.414
8.703
12.569
7.986
10.866
7.817
6.595
8.497
37.875
32.660
4.386
10.887
14.164
7.275
12.720
140.797
8.202
10.835
17.365
11.120
4.010
7.804
1.027
10.576
56.933
7.957
24.874
4.742
3.033
10.106
9.598
11.678
92.707
8.720
10.581
19.873
15.867
44.872
5.002
64.589
12.142
9.996
41.454
18.579
10.270
20.155
39.180
30.911
7.474
14.845
21.001
12.912
7.983
9.918
13.585
25.241
1.600
45.071
0.230
7.148
37.178
46.081
31.428
18.715
10.852
50.489
9.541
9.028
7.402
10.447
34.861
22.927
20.543
5.624
26.348
6.451
54.252
10.310
17.966
3.715
12.538
11.639
32.695
17.674
28.788
5.615
15.310
4.932
20.057
16.078
3.581
6.789
10.990
112.905
5.623
18.624
12.037
105.919
16.867
4.600
15.481
31.637
41.384
22.766
2.838
0.537
12.548
12.940
22.406
34.291
0.134
13.477
21.351
15.177
13.297
3.821
9.907
7.126
66.948
14.924
22.797
12.518
10.111
7.718
2.735
10.403
10.171
5.167
2.656
9.299
2.935
8.992
11.088
13.015
19.757
41.132
3.749
6.803
37.530
10.950
11.563
1.850
7.004
5.995
22.519
13.577
7.110
11.967
6.781
9.948
2.799
7.508
9.726
3.522
122.398
7.699
14.779
11.962
9.060
11.618
7.505
16.565
11.702
24.481
1.725
1.552
2.237
3.500
10.974
1.215
0.232
1.011
5.129
1.960
0.158
4.698
4.729
2.858
0.244
11.979
12.085
13.609
7.443
0.548
2.015
9.426
6.175
9.033
12.045
11.090
13.022
3.385
3.738
10.445
5.774
18.833
48.034
1.354
7.726
6.206
9.373
3.564
3.725
0.524
0.802
4.633
2.151
1.138
0.742
0.024
0.324
6.535
7.201
59.735
1.245
0.021
0.100
7.474
7.205
9.725
10.028
7.361
19.544
9.813
6.887
4.250
4.041
10.219
5.780
2.149
2.383
13.220
4.383
16.631
6.516
7.124
4.112
5.709
12.051
3.114
9.517
4.707
5.479
0.937
0.968
0.724
0.000
3.880
1.974
0.007
0.093
0.014
0.354
8.808
3.004
2.391
7.805
6.444
1.624
9.352
34.013
1.868
10.698
10.945
5.026
4.127
0.003
0.117
5.191
0.851
1.184
3.035
6.709
8.762
3.509
1.184
0.827
0.707
0.160
1.940
6.609
1.425
7.522
52.930
7.553
10.197
10.145
3.090
1.531
6.121
1.524
0.463
6.765
11.764
3.450
8.164
0.182
1.147
0.446
4.571
15.225
5.311
10.519
6.689
3.682
3.175
1.056
0.017
2.103
14.464
22.434
6.089
0.611
5.315
5.643
3.704
4.666
7.926
1.480
2.929
3.584
9.607
7.664
89.003
2.953
9.798
5.423
9.828
10.083
5.545
16.390
18.866
8.604
2.262
6.729
4.655
0.731
13.099
8.502
8.102
10.231
1.686
10.969
7.797
5.881
9.829
5.672
6.465
10.942
96.941
10.897
151.093
3.495
7.649
3.646
8.765
9.204
13.039
7.272
4.378
2.781
7.924
15.022
23.868
16.677
3.337
20.608
11.099
1.670
13.424
9.762
26.989
18.121
38.026
1.487
7.026
15.571
8.372
6.326
16.061
6.935
13.942
9.969
2.451
8.006
13.493
55.119
38.648
3.052
12.495
19.210
7.141
5.577
60.748
0.745
5.054
1.861
0.535
8.548
19.897
0.553
9.309
12.432
7.611
10.918
34.059
20.409
29.127
9.488
98.280
8.005
28.392
130.471
12.282
43.113
10.037
3.148
1.585
10.073
3.629
11.937
63.731
15.183
6.115
10.365
28.963
9.108
6.606
13.874
11.749
14.505
5.085
6.350
11.934
7.043
12.586
8.202
10.969
29.807
11.536
10.873
100.583
11.292
13.374
27.933
28.104
3.492
5.994
8.885
8.611
9.325
23.775
6.877
7.866
8.576
15.226
24.953
2.743
12.092
28.228
11.331
23.758
36.814
5.160
3.447
4.947
19.860
20.208
3.677
3.277
17.382
3.231
14.770
8.738
16.521
78.236
4.261
11.124
7.354
5.531
35.616
42.814
4.946
13.335
44.648
0.223
7.697
48.647
2.517
5.667
26.555
78.949
1.596
4.075
5.531
4.580
17.273
103.637
6.623
1.926
14.131
9.013
16.296
5.508
12.835
13.551
4.417
2.526
1.317
7.454
2.293
6.528
25.763
15.047
17.555
11.068
18.304
1.488
3.730
11.788
9.934
16.019
13.295
9.128
12.079
18.998
108.586
9.301
4.717
5.914
1.657
5.074
13.417
8.439
3.494
1.928
3.281
10.947
9.093
2.329
1.995
7.132
6.721
2.268
12.197
15.994
17.140
13.860
14.272
1.611
3.848
10.789
10.483
10.755
5.730
10.047
11.301
11.488
1.542
1.581
0.177
0.014
1.511
0.304
8.908
6.417
0.713
1.657
0.438
3.357
3.459
5.069
8.259
0.994
3.111
6.822
0.827
8.157
11.704
2.302
3.141
6.259
8.490
2.008
4.875
8.322
0.972
7.512
8.827
2.417
10.296
11.967
8.181
1.260
2.587
1.996
8.430
2.390
0.000
1.092
1.675
1.332
13.029
6.103
3.559
5.823
8.253
6.733
3.625
6.915
2.338
2.977
0.343
0.457
0.869
0.010
0.051
0.000
0.000
0.797
0.412
0.051
0.000
3.370
0.199
0.041
4.518
8.308
1.535
0.000
0.206
0.000
1.119
5.277
24.397
12.425
3.766
13.146
3.413
3.416
1.905
0.446
0.039
0.972
1.246
0.000
0.000
0.000
0.024
0.306
2.252
2.105
3.347
0.556
0.735
7.498
2.108
5.191
2.554
3.097
9.150
0.144
0.151
2.221
3.322
0.381
9.301
5.711
3.847
13.407
10.973
0.062
0.000
0.000
1.586
2.403
1.929
0.282
9.884
10.567
6.851
2.355
1.293
0.206
0.000
0.000
0.000
0.000
0.000
0.000
0.000
3.670
19.821
60.078
6.812
1.212
4.841
34.513
1.222
0.242
19.805
0.680
0.393
0.333
2.824
1.758
12.190
5.083
2.455
15.451
4.202
14.711
17.937
2.662
1.952
93.794
14.860
33.410
16.134
124.683
4.793
4.686
29.893
9.865
8.768
8.437
5.033
19.017
171.576
0.779
16.553
20.323
13.630
6.183
10.368
15.944
18.265
2.765
7.811
10.839
16.418
54.630
6.473
24.022
8.288
13.932
2.290
6.097
12.387
3.838
88.886
6.266
13.760
86.026
0.944
30.477
49.620
6.523
8.096
21.861
53.071
12.583
6.091
67.147
4.528
5.624
14.564
39.187
13.235
18.838
92.045
14.926
54.116
9.804
12.710
33.093
52.601
116.095
2.517
0.539
8.839
20.416
22.053
6.116
18.242
11.978
28.002
97.502
7.127
2.443
4.031
18.618
8.911
9.477
14.698
6.656
6.248
20.584
4.139
7.181
37.487
24.554
158.680
5.522
8.259
4.388
8.127
18.856
8.531
59.765
15.200
13.644
35.072
8.874
4.071
7.206
5.288
66.864
15.051
62.263
4.896
9.701
7.780
98.147
6.425
10.652
7.104
6.291
5.907
16.076
20.376
14.342
11.743
4.987
12.669
7.010
6.233
8.112
8.481
36.475
9.420
10.487
6.618
30.794
7.146
8.229
27.787
7.027
13.027
24.741
3.786
1.919
8.354
22.561
155.675
11.458
15.271
13.452
12.711
14.588
23.876
7.588
19.336
12.730
3.595
7.459
31.375
21.528
3.892
10.028
50.815
7.148
13.198
9.956
10.607
7.618
21.942
10.167
2.803
10.204
11.911
13.703
6.088
12.761
73.586
5.241
17.793
13.995
27.838
6.321
1.994
6.010
3.205
5.393
5.052
5.764
95.312
8.340
12.395
6.371
55.278
31.683
4.154
5.896
9.263
69.935
6.881
2.862
26.582
58.621
6.775
15.005
1.588
1.662
3.601
2.105
10.910
2.276
16.469
0.072
0.141
7.241
8.517
6.961
13.431
18.455
3.960
3.174
1.610
0.003
0.754
6.054
4.787
12.101
10.779
18.258
5.649
3.123
5.270
8.356
14.176
7.330
5.452
10.648
10.949
12.442
5.527
9.170
1.102
3.341
0.209
0.034
0.639
0.429
2.256
0.381
2.745
0.151
4.851
2.008
1.566
1.327
1.112
6.643
2.108
2.697
18.752
27.294
3.456
11.340
1.940
1.543
0.137
0.461
0.000
0.000
1.232
4.633
2.566
3.219
0.711
1.104
0.906
0.000
0.000
0.189
15.920
5.406
10.707
12.373
3.248
2.003
8.731
3.542
3.999
3.153
0.000
0.462
0.000
0.000
0.124
0.003
0.855
0.000
0.000
0.000
1.919
6.257
0.000
0.000
0.000
0.000
0.000
0.000
0.034
0.316
0.093
0.000
1.358
0.000
0.079
0.000
0.031
0.163
0.457
1.111
1.030
0.250
0.024
0.000
2.153
1.732
2.133
13.299
4.389
0.572
20.079
1.620
4.494
0.304
4.053
2.575
3.885
0.805
0.699
0.000
0.000
0.038
1.147
1.878
3.881
16.330
10.255
1.521
1.445
4.676
8.364
97.351
8.420
8.185
4.370
0.180
1.608
0.316
12.169
29.598
12.516
14.275
8.332
4.424
18.551
163.902
14.868
103.399
7.150
4.918
8.992
64.038
8.140
4.765
2.592
0.058
1.363
3.665
0.977
12.341
9.335
37.127
62.416
4.171
7.040
8.751
2.975
3.836
7.162
0.182
0.007
0.783
3.317
4.159
9.876
28.976
17.856
33.637
36.109
4.516
10.448
13.879
11.203
4.669
2.091
7.155
9.302
0.721
4.971
35.233
0.098
13.853
18.012
15.283
77.855
10.543
0.038
0.256
2.275
11.251
112.088
11.972
66.124
20.261
16.689
36.413
21.322
1.594
6.061
9.924
5.867
4.504
8.873
2.290
25.348
1.787
11.496
18.189
13.105
3.776
21.670
19.776
27.149
3.215
6.094
2.323
7.421
8.624
6.439
11.127
6.760
9.936
21.138
8.930
44.347
6.808
13.259
12.336
0.364
7.836
7.922
12.775
21.252
108.444
15.704
55.153
5.140
10.923
19.532
30.920
4.724
25.966
8.576
8.528
2.084
6.822
15.484
5.491
6.851
22.891
10.376
13.233
22.326
4.970
11.000
9.822
6.030
24.748
17.653
11.635
38.782
20.955
26.052
14.376
14.478
10.411
12.603
0.386
11.687
75.553
6.830
5.916
6.802
5.967
10.719
9.362
16.059
20.251
8.774
18.567
2.099
11.422
3.450
4.883
8.786
9.421
13.726
82.313
17.229
21.166
8.841
2.850
13.855
7.725
9.653
11.958
8.660
29.125
2.175
19.860
5.275
24.736
9.481
4.317
14.109
8.171
1.320
25.461
16.710
21.743
17.449
8.284
39.034
1.650
15.178
69.652
3.011
5.491
18.763
52.301
17.120
17.436
2.891
5.799
6.494
8.137
39.262
8.085
2.113
0.489
3.344
12.021
8.168
27.000
4.772
2.160
1.835
0.669
0.065
0.208
2.125
4.896
7.601
6.461
119.427
75.806
18.289
5.826
8.375
3.907
15.292
4.080
6.060
17.750
111.855
10.641
9.452
19.226
4.219
4.820
15.640
1.315
0.910
0.395
4.077
4.693
0.014
0.759
0.007
0.027
1.995
2.043
14.965
13.927
10.258
10.682
4.766
6.987
4.007
15.343
6.613
3.413
7.392
13.663
15.649
14.303
8.897
19.262
7.146
5.797
3.704
6.981
3.553
7.208
2.178
5.148
12.015
11.307
2.783
2.910
2.614
14.595
4.528
3.413
5.996
14.047
7.754
0.857
1.971
1.130
0.667
7.296
11.000
6.410
2.388
3.960
0.877
2.381
4.911
9.654
7.902
7.938
11.623
0.685
0.003
0.082
0.051
0.000
7.684
5.464
3.596
5.715
1.816
0.151
1.984
1.454
3.315
1.742
9.032
5.119
1.267
0.000
0.000
0.000
0.021
0.618
0.148
0.767
1.344
0.000
0.000
0.038
0.007
1.085
0.828
0.223
0.000
0.000
0.000
0.007
0.295
6.925
1.959
0.000
0.000
0.000
0.551
1.639
3.095
2.275
3.965
5.637
4.355
10.544
12.303
20.771
21.094
14.857
32.978
2.764
3.949
8.413
10.382
6.947
6.836
0.331
0.192
2.489
9.994
1.772
15.168
23.288
5.576
5.370
0.769
6.866
5.696
13.623
5.617
2.135
1.459
0.542
0.000
2.867
10.317
17.818
8.470
5.091
11.726
20.943
5.665
25.732
19.976
19.254
3.028
4.250
5.205
2.541
11.230
6.001
10.204
134.294
9.524
11.209
12.658
13.548
5.637
4.182
5.103
5.390
8.063
18.598
68.790
14.533
3.485
8.878
25.190
5.383
12.425
29.043
5.538
24.565
8.607
17.839
0.089
0.000
3.107
1.456
1.166
11.101
15.697
79.596
14.856
22.879
0.412
0.158
0.113
7.519
12.500
9.956
22.879
7.405
76.959
4.824
2.458
16.162
15.997
3.447
14.835
5.431
7.467
5.969
6.681
14.567
28.437
4.934
17.736
29.560
34.562
24.603
22.565
25.324
26.595
49.351
156.730
8.786
8.303
9.826
23.550
21.753
14.848
6.369
28.784
13.197
8.350
15.364
49.354
12.162
120.014
5.100
5.070
1.856
8.473
12.148
11.621
10.983
17.645
4.685
4.127
6.137
2.544
10.978
23.308
25.286
11.491
10.904
8.010
10.519
5.428
10.737
23.149
17.417
12.418
19.197
20.016
17.291
6.724
7.783
15.072
1.442
4.237
14.469
22.985
8.387
102.938
34.731
3.042
11.736
19.144
40.423
14.081
8.819
133.706
29.255
5.253
12.888
12.290
14.462
8.745
12.934
16.843
11.098
17.939
5.277
107.829
16.952
25.651
6.030
8.374
6.723
12.871
1.641
6.425
5.356
34.854
4.146
7.103
5.474
23.039
15.465
78.333
6.015
3.658
15.170
8.301
5.589
18.520
138.709
4.029
6.339
12.877
39.080
0.154
3.594
2.002
2.259
8.612
4.721
3.674
1.505
7.768
4.381
15.372
9.477
20.965
4.367
12.662
26.054
10.360
1.890
7.266
11.086
6.660
8.056
6.564
9.776
7.529
3.457
5.864
2.105
4.542
7.627
11.302
17.798
44.045
1.548
7.986
12.703
19.432
7.903
9.294
12.995
91.786
9.558
29.320
8.199
5.023
4.074
8.490
2.970
8.154
7.903
11.982
5.373
7.450
4.762
3.780
3.667
2.044
3.286
8.811
3.780
2.046
4.686
2.127
2.391
2.808
6.315
5.091
0.398
5.291
11.827
9.682
6.345
2.918
4.894
3.728
4.285
5.256
4.882
0.106
2.328
0.034
0.700
0.508
0.439
0.415
2.695
0.621
1.658
4.367
0.429
2.863
0.941
0.754
3.183
5.684
4.786
0.007
0.014
0.014
0.680
1.063
0.000
0.463
4.988
4.515
0.000
0.632
6.805
0.985
0.000
0.000
1.284
2.647
0.031
0.014
0.000
0.649
1.315
0.745
0.463
12.684
6.875
15.353
12.633
1.432
0.185
9.095
7.498
0.038
6.266
11.254
6.921
0.021
0.027
0.546
2.288
13.561
0.415
1.408
7.272
0.869
4.171
5.651
2.798
5.988
0.532
0.724
2.225
0.450
0.476
0.100
1.051
2.173
1.030
5.122
11.790
10.609
5.359
10.224
12.375
9.071
4.710
2.846
2.328
0.208
3.100
2.262
1.519
1.957
30.580
7.591
4.158
0.000
0.637
8.144
4.185
9.364
5.208
16.109
4.501
0.072
0.687
5.881
191.547
7.938
80.489
7.333
2.853
3.478
0.014
11.395
19.367
9.489
24.328
7.821
18.811
0.659
16.531
25.663
19.460
25.111
10.810
13.951
18.850
9.186
8.358
2.427
9.745
9.646
118.319
15.717
9.237
48.851
4.415
7.193
8.704
25.796
123.431
5.038
26.125
15.626
4.958
10.530
5.495
9.975
27.622
18.145
11.886
24.886
7.936
3.459
8.568
4.892
16.788
58.712
2.043
2.575
3.450
9.544
11.014
14.523
19.508
15.710
66.993
13.118
72.376
5.294
17.130
19.676
8.758
13.359
0.398
8.806
8.841
26.767
0.532
17.479
31.507
10.777
8.343
69.986
11.762
0.185
5.418
7.596
19.509
19.878
11.814
21.169
9.114
9.558
1.318
13.392
17.224
3.225
8.520
31.670
5.798
1.608
4.408
9.443
19.128
10.078
17.650
13.705
8.600
9.776
18.896
5.371
6.061
20.838
60.888
13.211
71.888
13.486
3.148
15.486
4.189
16.260
5.562
11.199
92.048
7.821
6.709
11.457
18.364
19.120
6.406
4.123
6.108
9.853
16.181
10.595
27.765
11.079
63.978
3.327
30.048
140.295
14.047
9.781
9.927
10.059
11.129
14.215
6.650
24.906
8.465
124.534
0.659
5.513
10.539
3.734
2.087
5.651
3.495
12.785
12.377
0.165
2.649
13.387
38.311
15.549
6.461
8.159
10.557
180.090
3.596
10.676
15.369
14.047
6.149
7.069
9.500
10.557
14.557
0.572
11.680
10.502
0.034
10.217
9.862
5.225
18.653
7.732
6.389
5.706
180.866
3.686
3.093
11.896
12.772
10.756
3.962
25.708
2.132
12.887
8.796
149.313
7.804
4.549
6.331
1.423
9.822
0.364
1.045
7.533
5.834
6.170
6.672
18.039
36.011
1.574
21.329
17.601
2.938
4.484
3.643
5.211
11.844
15.883
12.876
3.598
10.204
10.630
18.254
31.725
7.620
15.545
24.786
0.860
5.481
13.247
10.147
9.982
2.699
3.296
4.949
6.127
3.038
7.387
4.400
9.021
4.307
10.850
8.465
4.585
5.314
6.775
8.320
1.159
2.687
5.323
3.701
3.093
2.894
11.201
11.927
0.355
2.783
8.748
3.519
4.543
0.189
0.189
0.000
0.000
0.000
0.000
0.000
0.000
0.094
4.031
6.758
3.150
11.009
9.021
4.834
0.000
0.000
0.146
1.651
0.992
0.594
0.000
0.068
0.161
0.596
12.509
0.031
0.265
0.244
0.227
1.042
0.254
2.074
2.089
0.000
0.000
0.493
2.891
3.279
0.000
0.199
1.452
0.000
0.000
0.014
0.000
2.345
1.198
2.596
3.787
0.000
0.954
0.168
0.000
0.989
3.172
2.554
0.484
3.519
0.656
1.605
5.098
0.117
1.172
3.138
0.000
0.000
0.850
10.401
30.836
3.716
3.426
17.688
11.759
4.993
0.007
5.129
7.639
1.885
0.427
1.784
3.819
3.118
0.139
0.034
2.875
0.917
12.473
9.376
1.081
0.000
0.000
0.000
0.930
4.743
0.792
5.045
13.429
1.488
3.601
3.438
12.998
9.788
133.674
2.077
2.355
0.793
16.074
1.136
0.391
4.381
7.484
8.719
5.778
8.582
3.047
4.031
6.820
3.292
2.719
10.487
7.320
22.124
106.955
9.407
10.454
13.149
17.279
11.529
26.721
5.322
2.829
11.721
15.717
11.134
19.343
67.856
9.682
46.671
4.134
6.015
8.236
63.504
12.255
5.552
2.657
13.328
12.288
10.542
86.852
14.200
113.599
31.019
2.125
9.441
20.816
2.024
9.551
48.271
6.733
0.132
6.015
3.540
21.664
24.544
10.792
47.732
7.454
6.793
6.067
0.227
8.806
11.920
11.731
5.064
1.442
1.397
14.183
13.767
7.989
9.469
10.918
33.872
12.329
64.469
5.289
8.638
7.527
16.301
24.359
21.184
41.880
3.794
11.826
15.970
57.779
27.239
27.843
18.816
16.014
3.934
15.546
54.370
15.669
12.601
5.045
20.920
0.800
4.846
11.822
18.020
153.999
69.497
0.205
0.065
13.162
7.484
15.844
76.012
26.567
38.540
15.653
4.364
1.013
12.408
14.337
3.244
9.535
14.955
11.185
9.412
5.176
17.774
4.932
119.844
67.548
10.107
28.752
7.922
26.637
2.060
7.411
12.603
15.431
3.018
8.756
12.983
31.512
10.538
14.331
20.383
6.384
2.944
13.617
7.431
3.589
6.520
10.260
10.513
3.299
20.519
3.033
18.596
122.880
7.780
4.444
13.027
2.110
3.209
8.550
28.549
9.975
21.054
11.442
8.147
7.545
14.581
13.233
7.759
9.744
13.620
25.236
32.334
12.473
21.283
8.224
13.039
21.162
0.261
9.054
4.831
10.342
49.826
28.887
1.123
4.425
10.324
66.094
7.979
2.719
0.031
5.792
16.318
8.611
6.108
1.922
16.938
11.437
12.282
8.756
12.384
10.230
15.783
23.467
34.918
6.482
0.930
0.313
0.156
0.000
0.021
0.990
4.920
4.515
10.756
2.856
1.818
9.951
6.966
6.123
23.561
15.710
2.142
9.426
0.635
1.233
2.578
8.247
12.998
3.789
2.122
14.359
4.595
2.202
10.339
13.956
0.659
3.232
1.105
1.750
3.562
6.194
6.606
0.090
6.497
4.837
3.655
7.903
0.000
5.970
1.543
3.294
6.712
2.553
1.262
0.649
0.935
4.214
3.145
2.827
3.650
0.354
6.985
1.907
8.156
0.000
2.856
28.187
6.969
11.179
12.389
7.038
5.776
12.047
12.899
7.175
0.000
0.000
2.547
2.942
1.459
0.920
4.530
2.575
6.889
4.346
7.272
3.698
3.677
4.532
1.631
0.000
0.134
1.190
1.521
0.889
1.009
1.051
0.051
0.374
1.675
1.360
3.371
3.571
2.075
14.335
1.964
4.861
0.233
0.110
1.823
0.041
1.984
0.000
0.831
0.000
2.362
0.295
2.836
14.632
11.910
12.548
4.649
0.803
2.678
2.827
3.516
5.665
4.793
0.985
1.555
3.931
1.967
3.691
3.464
1.057
5.339
26.515
149.503
7.522
5.648
19.250
146.156
65.362
1.875
0.623
13.503
7.187
2.592
10.034
19.992
4.769
4.856
17.995
16.430
24.410
7.514
11.942
16.080
11.184
0.383
9.623
14.876
4.848
3.444
1.025
15.331
8.193
11.953
13.398
0.606
0.000
0.000
0.000
0.633
18.513
19.372
39.568
12.265
14.766
143.784
6.975
7.254
12.521
12.354
10.955
12.272
40.457
15.322
16.613
99.304
15.207
16.213
23.095
16.712
11.700
13.281
24.211
5.315
7.204
6.355
1.583
2.488
8.919
6.464
11.568
23.692
11.651
10.923
94.470
19.904
8.671
8.422
17.161
13.453
15.072
17.720
20.480
9.955
8.224
1.332
0.580
19.163
6.068
5.263
12.212
10.431
13.305
17.040
32.562
51.480
6.741
4.337
6.199
10.404
10.277
8.308
35.188
17.755
114.532
14.497
7.823
10.984
15.128
12.909
7.617
6.860
3.998
5.253
11.455
14.440
1.562
2.537
0.508
2.101
5.527
23.403
21.518
203.286
11.680
0.664
6.553
2.472
11.868
19.688
2.695
11.072
10.071
8.596
12.001
6.164
24.263
65.585
3.948
48.714
14.586
17.597
6.065
4.755
71.552
7.230
11.749
11.611
27.662
0.367
5.157
8.152
0.264
2.458
6.825
9.067
19.614
0.800
12.123
15.240
55.989
8.998
14.928
3.018
4.892
6.817
8.514
19.930
16.021
0.999
7.756
13.266
186.753
14.407
4.294
12.863
7.151
82.948
37.012
7.835
52.885
13.842
4.312
7.400
22.776
19.990
1.279
13.784
3.509
6.576
4.290
19.617
12.907
32.813
9.412
13.338
12.996
86.936
8.051
22.524
8.813
10.760
35.187
23.521
13.602
2.953
4.144
11.084
5.287
10.238
4.226
9.277
6.585
3.210
12.521
9.972
30.054
1.624
13.218
10.945
2.606
2.693
2.228
0.086
8.176
1.105
11.913
21.296
5.552
19.339
12.214
10.873
7.203
13.236
4.722
18.402
6.777
4.439
7.749
59.333
4.873
7.916
1.242
0.204
8.762
8.732
9.884
7.958
13.441
6.798
11.973
0.885
12.662
12.348
3.260
1.190
1.147
0.165
3.533
0.038
1.593
4.415
2.551
0.522
1.919
4.896
2.489
2.177
9.126
1.270
6.121
12.497
1.366
0.199
4.120
6.128
10.059
6.693
17.173
2.019
13.551
1.950
3.014
3.040
6.061
3.716
5.775
0.017
0.460
3.790
4.549
8.422
3.296
2.098
0.038
0.594
6.825
1.226
4.415
2.620
3.217
0.721
2.853
9.314
18.440
31.397
4.755
3.045
0.000
0.000
2.723
7.430
1.978
7.596
7.625
4.573
13.709
12.445
8.597
17.949
7.585
13.492
13.296
5.056
3.058
2.126
10.447
7.823
1.621
1.970
3.916
0.295
3.286
0.328
0.086
0.000
0.777
0.114
0.132
0.031
0.000
0.000
0.000
5.482
0.092
9.898
2.256
4.844
5.885
6.738
17.870
4.786
2.571
0.745
0.474
5.960
10.794
4.003
14.759
5.826
5.390
3.976
0.627
3.141
20.266
38.239
8.841
11.247
19.322
52.168
6.798
2.699
11.378
15.470
15.470
6.963
11.893
81.560
10.732
18.804
3.637
2.566
1.275
1.655
5.842
6.188
15.903
23.349
14.291
16.409
4.036
0.824
0.134
0.340
0.034
11.769
39.800
14.481
14.789
49.075
13.096
101.225
28.257
59.620
12.361
11.331
10.034
7.333
3.940
5.435
1.682
13.685
22.587
2.839
9.359
8.163
29.282
66.361
18.498
21.526
3.842
9.096
80.566
6.923
17.503
9.340
5.134
181.913
5.905
20.718
6.724
6.238
7.654
9.828
6.302
30.721
8.153
8.805
11.374
16.342
151.632
15.724
19.096
27.651
87.832
3.306
32.801
10.229
9.874
2.805
6.736
8.075
21.106
5.217
28.156
4.964
7.220
17.235
15.741
9.373
17.218
27.444
31.421
7.706
9.809
7.735
4.456
17.791
10.171
10.382
6.975
5.584
9.196
4.873
23.293
10.179
6.285
25.811
5.919
22.023
16.525
13.693
42.283
55.241
3.557
5.569
17.163
15.441
8.811
7.522
5.786
158.219
9.322
9.129
26.642
8.041
12.627
20.070
13.235
1.196
0.599
13.533
17.963
10.698
12.986
19.547
5.114
98.971
29.953
28.984
16.724
27.339
5.677
14.033
21.347
90.153
0.421
18.172
1.023
8.823
9.826
119.396
27.269
17.959
31.716
3.709
23.918
2.008
4.080
1.277
8.017
12.959
2.288
77.689
55.091
3.022
4.250
7.088
7.086
24.251
3.932
5.430
13.465
19.172
12.609
4.225
9.803
9.771
118.402
2.242
9.332
9.731
9.011
3.164
9.488
87.106
10.173
3.299
7.852
11.949
4.923
20.984
5.467
14.401
0.791
10.609
48.819
4.697
1.988
52.719
7.480
3.193
8.942
10.142
3.098
13.057
0.120
8.459
6.314
0.616
0.453
0.240
1.517
0.875
2.378
11.556
29.608
27.708
10.010
10.849
2.760
10.370
4.631
1.742
4.796
3.323
1.754
5.038
7.831
14.977
26.034
4.240
3.765
9.275
44.488
5.047
2.669
7.145
4.977
2.180
6.315
5.565
11.694
3.823
4.710
0.237
6.111
8.558
6.682
1.483
4.689
3.464
2.540
14.001
5.091
9.706
11.409
0.110
1.322
9.539
0.992
82.092
0.069
6.949
6.448
0.426
5.596
2.765
1.995
1.603
2.578
3.385
7.790
7.517
7.969
10.736
12.827
5.970
5.761
4.374
1.246
5.970
5.153
4.395
4.719
4.752
0.010
0.070
3.407
1.782
2.135
0.000
0.071
3.777
5.284
0.000
1.686
0.848
1.797
5.268
2.856
3.554
0.292
0.027
0.041
3.404
0.045
2.002
0.426
1.979
0.000
3.102
0.959
2.541
0.017
0.051
0.076
0.158
0.000
0.000
0.898
0.000
0.676
0.137
1.164
1.104
0.010
0.000
0.000
0.809
10.367
3.323
0.000
6.858
0.640
0.055
0.394
0.223
0.278
4.992
17.269
7.793
2.717
2.195
1.564
0.814
14.667
12.351
11.900
16.658
15.271
12.936
9.488
17.570
4.388
0.179
2.015
6.647
8.978
64.497
2.304
12.892
14.250
11.948
12.921
10.192
5.991
0.798
1.641
1.363
0.666
0.034
15.650
19.620
13.274
26.777
19.284
12.693
1.366
10.204
7.165
17.981
133.182
2.850
11.127
3.022
7.726
1.404
9.406
14.661
1.669
5.556
4.116
3.680
5.181
1.253
15.232
153.101
4.329
4.605
4.628
11.238
41.139
4.477
8.511
9.845
8.944
14.241
5.747
7.563
5.593
13.695
13.901
2.414
2.259
10.245
25.365
7.632
0.333
11.548
30.662
0.683
9.802
18.557
5.392
5.998
1.734
0.161
9.455
1.720
15.820
6.420
28.336
9.477
9.637
4.635
15.549
0.096
1.485
37.364
9.850
146.788
7.333
73.083
7.859
5.758
5.023
12.119
12.857
32.211
15.110
28.956
1.370
3.917
7.752
6.374
82.375
15.638
32.909
48.831
93.943
25.856
12.425
33.004
7.828
11.407
3.315
10.568
6.441
7.541
98.584
14.126
73.088
0.051
7.030
18.314
28.104
11.264
15.979
11.455
18.121
30.211
79.464
14.030
146.468
13.463
49.624
0.948
8.248
10.971
7.866
10.342
16.004
6.061
11.232
8.573
6.980
11.349
94.788
72.326
23.722
0.573
0.889
9.929
17.758
1.700
11.696
20.922
92.208
6.619
7.400
36.198
61.535
58.950
4.456
16.171
18.424
9.744
7.280
60.001
4.782
7.340
7.486
23.143
37.127
10.578
6.048
58.415
11.405
14.675
29.706
0.772
4.453
16.878
78.013
0.426
2.628
2.590
19.463
59.698
128.868
3.032
7.989
0.374
3.587
23.899
0.249
9.213
17.336
26.361
2.698
58.147
1.114
3.371
6.944
4.307
5.839
25.942
8.564
2.051
2.434
8.429
7.769
5.610
10.585
12.246
11.766
12.291
6.616
6.070
11.258
2.640
9.199
16.936
2.383
0.350
5.534
5.703
14.347
9.956
5.078
6.746
6.988
3.098
4.789
3.389
0.900
10.001
11.730
0.882
2.875
8.017
17.183
40.823
5.649
3.934
11.179
3.613
1.900
4.959
17.777
0.220
0.762
2.424
14.747
8.805
5.510
10.485
11.975
9.726
10.062
3.512
11.106
6.267
13.817
4.804
3.302
1.760
2.044
1.027
6.750
3.965
3.622
5.062
2.036
11.234
9.759
12.251
3.127
1.436
5.334
15.032
10.416
0.512
0.450
4.362
2.812
5.692
3.023
4.692
15.306
13.853
17.047
11.524
23.483
19.532
5.867
4.867
4.472
2.139
0.000
0.000
0.000
0.038
2.252
9.452
4.494
9.217
4.745
1.143
0.374
1.095
5.019
12.730
8.171
27.225
0.584
3.601
5.246
2.674
1.289
2.118
4.552
4.113
0.065
0.663
0.000
0.000
0.000
0.000
0.729
0.000
0.000
0.302
2.297
8.065
16.208
16.107
1.225
18.263
8.319
3.264
5.213
10.991
18.447
16.491
2.242
0.460
11.642
1.059
4.241
6.222
1.514
6.006
3.454
0.000
3.006
13.676
0.069
0.024
1.682
0.000
10.670
3.723
1.988
0.076
0.000
3.547
4.741
0.378
3.080
0.824
17.000
0.000
4.772
9.349
21.038
3.582
2.173
3.787
9.313
0.539
0.942
37.453
0.592
0.058
11.299
26.100
4.465
2.527
6.251
4.259
3.198
1.037
3.936
7.309
6.403
5.929
4.908
0.302
6.034
7.339
3.685
0.307
5.491
5.263
12.231
6.521
23.528
13.508
5.653
5.011
8.109
4.559
1.346
0.896
0.448
26.777
51.787
1.318
1.744
8.116
6.170
5.697
3.782
7.062
12.466
133.834
43.992
21.097
36.001
4.693
5.308
8.937
8.796
0.488
2.221
0.762
68.627
17.005
5.280
1.044
10.118
15.091
2.905
2.046
10.434
15.268
0.821
3.313
11.131
16.500
2.335
8.624
3.569
4.226
32.509
1.868
18.203
1.940
1.411
14.414
15.573
15.446
17.360
16.552
2.499
10.135
22.333
16.133
4.964
14.529
22.688
8.521
27.126
26.652
5.085
18.069
14.523
18.266
71.559
13.218
16.375
14.502
96.869
16.355
10.546
8.433
119.642
12.717
5.960
6.406
66.967
14.446
4.425
13.850
23.342
0.572
4.892
6.932
5.116
29.591
4.803
7.998
13.211
18.828
34.513
78.032
7.989
105.421
7.345
6.645
13.584
1.285
9.944
10.184
118.249
14.833
7.423
65.622
101.788
5.691
21.718
2.611
8.635
7.809
2.777
12.787
20.768
18.718
60.699
5.873
16.042
10.451
2.923
5.128
12.672
16.507
7.878
7.136
3.002
1.976
2.527
2.496
13.098
80.770
1.200
8.950
13.808
69.358
37.103
17.496
9.850
12.037
24.860
11.155
8.123
15.656
7.859
70.446
1.813
3.303
1.672
6.400
7.361
4.885
2.355
8.432
12.926
0.103
0.354
0.857
14.409
1.095
2.278
6.532
0.975
2.850
6.427
2.738
12.921
89.103
53.261
16.986
10.065
3.260
0.353
2.020
4.062
14.341
8.568
5.692
0.000
8.826
2.556
1.075
13.601
0.106
12.452
26.020
135.788
0.421
6.185
8.898
6.497
19.770
7.893
12.730
0.273
0.319
10.300
4.589
5.850
5.064
2.462
6.991
16.612
5.957
1.243
0.017
5.165
14.480
12.550
11.962
11.457
9.312
10.398
6.317
217.418
53.692
9.289
0.278
2.990
0.477
6.456
17.939
30.588
9.562
8.662
1.377
9.517
6.624
3.749
4.192
5.823
10.866
5.105
0.179
4.690
3.076
0.501
0.000
4.376
6.259
0.110
1.844
6.880
4.724
0.175
9.586
0.148
2.903
4.776
6.386
3.021
4.798
11.745
3.253
6.374
10.228
28.629
5.894
7.139
4.564
18.169
3.763
3.670
6.686
9.938
5.782
1.723
4.671
0.021
6.255
1.782
7.671
8.025
34.265
3.801
8.508
0.639
0.994
3.876
2.963
5.354
2.293
9.967
13.009
12.205
9.810
6.386
5.850
0.000
0.010
10.925
0.573
9.491
6.887
9.170
2.568
5.521
4.127
3.704
7.536
8.257
14.160
8.648
6.362
12.119
13.606
4.628
13.345
0.814
0.154
1.366
8.047
1.641
0.453
6.664
0.041
7.376
8.985
13.142
7.948
0.213
0.769
0.996
0.000
6.314
7.567
10.197
13.637
0.021
13.122
3.083
4.312
7.900
1.414
6.853
0.409
7.491
7.783
0.089
7.962
7.270
0.086
0.031
7.745
1.102
0.000
0.096
5.133
1.239
3.224
4.326
15.219
8.264
14.385
0.467
7.553
6.235
5.239
5.359
6.042
11.254
153.761
4.988
73.753
10.286
5.850
4.082
4.927
7.282
0.961
9.768
2.091
8.332
1.804
1.208
11.280
8.911
8.013
5.215
0.604
13.053
9.644
15.360
21.767
4.195
12.257
1.236
12.387
7.663
11.508
96.185
2.019
20.773
12.490
16.579
1.586
11.498
5.806
9.915
10.839
19.885
4.072
0.375
13.508
7.442
55.910
35.776
8.674
35.144
8.985
6.910
11.427
3.141
13.098
15.791
13.857
9.404
6.237
8.739
14.521
13.700
0.774
11.857
6.657
4.494
23.888
2.259
9.188
9.453
29.454
6.585
3.728
27.102
16.912
16.440
89.418
14.178
19.305
22.121
104.420
23.361
1.396
8.376
16.171
8.344
3.310
12.269
8.437
13.702
14.801
13.078
98.118
0.326
2.422
6.248
18.260
17.200
8.135
12.742
9.216
16.227
51.766
7.567
7.905
10.734
10.015
18.039
10.947
10.246
20.531
4.858
7.884
3.240
15.233
142.870
11.349
11.553
64.715
2.508
8.351
8.978
1.689
25.397
8.509
10.245
14.655
30.039
5.356
70.555
13.074
12.164
115.968
79.735
1.784
3.605
23.579
35.390
7.714
12.686
18.962
19.662
12.354
11.393
14.296
7.436
115.634
5.292
2.644
8.487
19.168
2.791
2.983
8.338
12.967
20.119
30.079
5.855
4.697
8.758
3.749
12.542
10.231
20.658
10.715
16.234
5.747
2.575
1.682
11.326
4.393
14.588
9.603
14.378
26.261
5.347
18.934
16.802
13.328
3.275
14.643
10.210
14.924
0.130
5.857
7.663
6.707
9.967
4.288
9.428
2.839
13.348
1.830
4.278
10.811
8.109
8.758
7.102
7.261
10.664
13.911
22.865
1.051
8.039
8.169
6.599
8.956
10.592
16.256
6.961
4.456
2.560
11.560
10.054
15.010
19.665
14.883
19.420
23.861
7.336
3.627
3.828
6.762
5.964
7.890
2.494
2.599
4.855
7.175
5.761
3.698
7.237
8.978
7.323
3.217
4.724
17.911
9.362
11.367
4.594
3.938
5.761
1.969
6.273
4.467
1.741
14.835
0.058
10.200
0.958
5.620
6.266
8.954
10.471
7.467
5.682
0.412
1.013
0.615
3.133
1.744
2.419
0.220
0.000
5.854
3.679
5.356
1.246
0.395
0.000
2.565
1.926
0.395
1.840
0.343
1.629
0.010
3.749
3.624
1.390
6.278
4.786
8.851
6.729
4.559
0.841
0.467
3.574
1.557
0.130
0.000
0.090
3.747
11.909
6.074
2.771
4.975
10.329
3.997
4.653
6.885
3.885
1.947
11.220
1.210
0.895
4.886
15.997
19.423
13.045
8.070
8.480
3.365
13.383
173.041
7.761
3.385
18.733
45.961
4.345
7.574
5.720
5.387
12.832
7.704
11.541
13.067
38.335
13.740
26.323
5.737
52.655
3.461
6.338
6.444
5.040
20.232
15.185
4.111
4.106
8.164
1.514
0.395
10.001
42.021
4.796
13.664
14.181
4.540
13.396
2.783
33.237
9.986
4.492
13.398
13.973
4.582
13.342
1.636
9.527
9.691
8.624
13.019
5.979
3.071
16.643
13.341
0.573
8.441
4.465
46.852
30.892
25.646
0.987
12.506
14.095
12.267
12.377
51.849
6.351
23.494
0.000
11.961
152.379
17.642
9.754
3.718
8.878
8.279
21.511
10.279
184.848
20.744
14.337
10.279
39.836
13.681
9.984
6.472
3.481
19.152
15.209
7.210
1.967
1.212
15.309
7.569
53.560
80.319
7.999
5.576
12.485
12.169
17.884
17.587
9.690
27.691
7.999
5.284
8.329
5.126
16.128
24.788
18.073
2.288
4.829
11.067
0.263
18.114
23.495
9.437
20.434
1.033
5.545
5.553
9.684
17.546
6.601
6.805
15.077
6.836
14.416
56.466
2.015
14.544
17.739
10.943
20.043
22.254
24.335
7.776
12.705
16.629
2.333
6.988
21.353
5.661
3.081
8.693
11.110
10.665
15.700
28.837
20.108
3.078
117.600
16.401
48.859
10.298
10.997
11.831
18.629
11.683
6.029
24.474
3.845
7.773
8.528
14.028
9.853
1.696
13.891
1.576
5.974
8.677
22.745
11.385
14.595
8.120
5.122
26.412
9.977
8.689
19.422
79.208
47.279
11.306
12.152
16.651
18.804
41.206
18.484
8.926
23.312
14.742
16.342
19.748
22.910
3.426
4.230
7.351
17.880
16.071
8.329
5.370
14.840
9.641
18.814
22.131
11.690
11.666
20.460
3.006
2.750
14.962
31.136
23.641
14.116
8.806
2.300
11.654
15.553
12.423
31.924
6.947
3.710
9.685
12.136
6.468
17.401
16.203
18.491
7.466
9.711
23.040
5.025
4.276
0.742
11.232
14.730
10.052
12.663
17.800
7.967
3.432
6.049
16.176
8.492
2.618
9.009
5.033
12.591
2.029
3.124
2.935
1.950
0.972
6.660
9.271
1.294
2.465
10.770
7.814
2.149
32.856
1.868
10.337
4.686
8.290
5.938
14.050
13.225
0.733
5.172
0.718
9.151
6.674
1.191
16.957
5.188
2.657
10.636
129.711
39.602
12.339
2.949
4.683
27.147
10.389
10.001
7.268
11.807
12.494
8.150
6.794
6.401
1.849
6.365
10.375
5.243
0.989
0.000
1.528
1.006
4.343
15.815
7.381
6.132
4.257
8.010
7.543
5.713
8.652
14.323
10.039
10.746
23.775
17.612
13.074
14.032
15.436
31.922
20.184
2.968
15.278
7.891
16.548
6.540
21.966
16.325
16.603
12.121
14.783
10.777
1.686
8.288
11.045
13.499
21.592
15.063
10.756
16.564
20.205
13.261
9.330
8.135
0.745
3.028
7.244
7.412
22.096
12.164
10.717
4.975
3.692
9.979
7.594
22.838
84.212
39.698
16.071
3.419
3.625
7.321
8.147
9.191
17.506
16.050
15.879
8.885
26.913
52.056
16.972
9.208
7.539
13.153
10.219
6.928
17.279
14.196
13.436
10.609
0.064
0.017
0.651
14.536
8.600
6.935
13.944
38.433
33.496
36.993
6.592
7.457
21.185
16.249
18.076
36.590
47.382
13.688
49.796
25.052
32.928
27.857
1.957
25.294
83.366
49.181
52.058
110.200
14.670
96.961
96.118
18.182
4.510
6.688
12.123
20.829
26.638
15.788
14.783
16.301
4.477
3.801
0.132
10.447
34.128
17.527
21.231
29.071
19.739
20.673
14.207
19.029
29.610
35.340
20.706
29.364
28.527
41.552
35.215
40.265
37.214
36.588
21.197
13.537
11.906
15.240
5.538
3.588
13.640
17.295
12.494
1.789
1.899
0.000
23.964
21.286
27.524
48.163
14.785
30.861
20.795
7.924
18.893
16.926
18.519
13.400
13.111
21.267
26.508
21.904
41.003
39.353
28.328
29.327
50.551
24.278
33.632
32.544
99.759
15.417
27.909
23.138
66.208
46.616
17.750
66.241
18.857
7.385
21.585
37.858
35.275
14.471
18.241
26.711
23.864
22.591
43.099
31.172
9.400
33.481
39.321
45.703
10.137
22.328
34.006
2.753
22.242
35.774
32.159
23.555
24.276
95.725
22.632
31.469
47.602
41.223
102.705
27.236
13.637
15.798
13.803
20.798
26.147
28.455
31.977
21.190
32.537
32.039
46.967
25.588
33.543
10.361
37.426
38.298
26.036
12.888
35.072
37.714
34.274
35.989
26.268
30.652
31.431
23.706
12.078
28.187
8.981
23.085
26.697
25.749
29.842
21.442
22.977
19.048
36.114
11.165
16.619
17.733
28.667
31.181
15.269
19.686
7.785
31.273
6.650
9.180
28.444
30.285
17.000
33.719
46.270
43.798
28.515
23.624
20.891
34.878
49.088
30.181
25.780
11.106
22.354
22.392
27.792
30.506
39.431
14.689
27.912
18.591
15.525
33.450
16.294
12.852
22.668
26.453
22.807
4.005
31.581
30.854
21.875
33.543
14.447
5.895
0.271
3.632
0.189
0.045
7.011
29.358
26.180
28.127
38.394
18.648
16.655
17.056
11.247
15.901
17.679
11.979
16.347
20.102
15.120
12.459
27.588
19.192
26.281
27.397
9.963
24.992
33.146
15.323
6.190
29.155
88.042
23.217
19.787
10.540
10.610
3.177
13.067
14.624
6.997
25.461
12.243
55.999
14.512
16.545
26.494
15.865
11.584
14.629
21.372
11.596
17.425
24.905
18.158
32.830
17.439
21.348
86.653
77.605
21.269
31.493
21.425
22.924
25.734
20.524
12.265
31.349
14.830
7.151
30.460
17.036
16.260
17.949
6.630
11.951
13.802
14.545
12.665
18.802
26.541
11.920
6.267
7.914
9.716
8.528
5.691
12.195
12.209
23.373
15.089
10.298
16.431
6.230
0.086
0.292
5.751
4.865
9.912
4.199
17.180
12.463
12.215
11.433
21.262
13.455
8.597
17.451
0.874
24.831
25.730
1.545
12.222
18.800
48.845
19.999
15.432
9.256
0.113
6.224
1.061
7.158
12.830
14.504
6.643
1.329
6.370
0.522
8.520
13.541
19.839
20.958
10.710
23.236
10.573
3.018
8.350
34.420
7.266
22.400
25.718
7.785
5.418
4.492
2.556
4.556
12.789
14.626
9.179
9.033
13.877
24.086
8.336
8.624
15.547
18.546
20.720
7.654
13.283
16.158
20.014
6.475
10.269
17.770
11.482
25.626
22.961
30.341
24.100
21.712
49.669
18.090
17.891
21.015
12.040
4.621
18.011
3.946
9.759
9.204
18.182
28.733
19.624
8.233
3.821
20.258
6.729
26.487
35.863
24.070
10.875
10.791
24.233
41.058
23.600
33.881
26.446
25.004
16.737
57.465
79.148
30.111
46.222
26.645
30.190
30.017
8.435
32.317
37.130
102.763
29.495
29.100
29.067
24.235
26.618
24.934
27.122
43.350
28.707
37.973
36.825
34.456
28.527
37.705
30.439
40.447
31.345
45.696
12.167
14.251
21.859
25.305
29.103
35.905
15.288
20.074
37.285
66.546
32.216
24.990
25.626
27.013
94.259
14.917
22.846
24.192
10.118
19.219
1.133
26.772
108.274
23.842
110.258
16.957
37.738
22.290
25.696
11.668
24.027
22.766
20.436
27.114
27.189
39.235
31.110
25.275
14.560
31.648
26.010
38.741
22.800
12.281
23.248
28.225
89.219
40.519
24.472
25.475
9.543
30.724
55.093
7.989
27.366
34.452
53.902
83.043
17.080
14.155
26.813
36.210
7.079
23.809
62.667
31.431
31.472
62.268
52.432
27.291
32.849
29.102
32.768
27.631
34.610
35.302
17.801
1.233
37.683
35.513
119.078
37.683
28.304
29.205
26.237
30.583
25.378
21.049
42.464
28.571
33.999
35.778
32.693
43.437
34.504
12.708
29.285
30.029
27.425
20.514
37.608
39.377
19.061
30.504
15.044
21.674
23.373
29.227
24.218
13.499
26.304
23.706
13.558
30.044
25.382
17.822
23.799
26.460
25.608
21.420
29.337
18.205
29.958
151.000
49.971
21.590
21.919
22.227
24.534
50.695
23.487
15.968
27.624
19.829
11.367
4.666
12.700
43.221
13.798
19.247
23.974
19.159
6.564
23.372
3.289
0.362
3.310
10.313
17.928
27.147
72.345
40.492
28.132
37.618
32.176
17.669
28.225
7.603
20.708
13.005
24.118
20.129
31.651
17.726
11.752
19.978
13.573
5.382
6.818
17.348
18.890
18.351
42.816
46.973
19.300
22.857
21.348
44.936
102.988
24.587
16.359
16.955
28.125
5.164
4.343
8.387
11.412
7.155
3.241
9.541
13.324
21.926
20.675
16.577
32.640
21.423
38.256
4.628
9.500
11.464
17.678
32.880
25.794
25.679
6.836
15.256
14.090
29.402
21.901
23.478
12.006
14.608
13.719
22.160
12.815
19.454
3.975
10.389
0.082
0.270
0.191
1.821
0.019
0.012
0.029
0.696
0.354
3.481
5.327
1.124
0.170
2.012
1.888
2.580
0.254
7.012
2.803
0.719
3.706
2.299
0.208
6.228
2.807
2.250
1.294
13.055
12.730
6.956
12.229
11.580
0.786
9.852
3.176
1.651
6.671
2.820
7.811
15.669
2.613
11.295
4.123
0.508
13.611
10.348
11.700
18.200
19.583
16.754
9.860
14.148
14.474
46.963
179.287
27.902
13.786
2.856
19.020
13.925
20.464
17.077
20.692
19.628
24.397
35.573
54.858
11.419
2.412
17.784
31.417
32.121
39.055
33.822
31.524
9.589
19.315
24.604
25.941
25.423
21.866
16.826
16.255
34.456
31.641
35.537
26.760
23.899
30.305
33.642
35.551
12.658
11.721
37.036
133.604
40.579
28.353
15.671
32.090
28.746
30.566
77.646
31.872
11.573
8.968
11.398
26.252
12.658
9.623
10.787
22.525
24.026
16.483
16.696
18.665
27.414
20.433
4.947
30.695
13.084
11.227
0.127
20.229
18.438
55.735
35.692
20.284
30.968
52.202
162.041
24.462
13.529
38.622
39.300
40.385
16.349
34.940
22.218
17.925
20.778
29.764
25.756
19.655
23.494
26.879
36.449
29.919
37.149
31.156
32.708
35.889
28.805
18.484
32.587
22.946
38.225
19.935
35.994
18.078
41.539
89.451
41.204
43.773
31.850
23.840
25.682
23.410
30.978
28.633
16.425
10.246
14.347
26.374
105.649
27.595
41.614
27.328
23.957
26.779
23.883
27.801
43.207
39.899
30.599
32.447
133.020
32.729
31.723
21.868
17.671
32.046
29.871
38.057
26.026
34.986
41.700
102.638
43.842
36.897
27.201
43.084
35.429
33.210
22.237
67.010
46.469
28.216
21.775
21.729
32.011
48.690
20.692
40.097
55.392
31.321
17.963
31.503
42.826
16.710
20.802
27.613
11.755
26.196
49.517
32.269
33.944
44.175
40.004
13.129
25.004
25.596
18.903
15.776
27.480
29.025
36.011
36.518
5.639
18.060
34.030
39.228
20.321
28.664
71.809
19.164
33.919
21.525
32.145
37.420
23.157
30.487
29.049
33.972
41.242
38.298
31.531
33.937
21.997
28.321
33.014
17.887
31.496
36.279
31.696
76.104
49.299
13.544
28.990
15.882
35.252
37.020
5.630
0.050
30.593
22.134
38.418
41.037
30.185
16.957
17.784
29.780
13.335
29.134
16.504
28.709
39.544
47.567
28.527
32.619
9.925
21.945
25.255
21.511
51.831
9.407
31.289
34.722
25.578
19.472
12.360
4.575
11.688
10.319
27.495
11.961
18.321
13.966
28.650
30.980
19.457
32.351
136.720
15.991
25.052
30.297
26.606
18.869
6.992
14.141
19.942
11.486
8.599
26.069
12.528
13.894
18.438
21.446
16.838
10.278
12.464
16.474
78.597
15.122
17.039
21.044
26.268
18.843
9.908
6.916
13.822
19.966
26.000
46.687
33.062
25.543
14.842
18.242
18.582
4.353
3.574
3.138
6.022
6.808
3.914
0.036
0.103
0.900
13.153
12.372
24.403
14.914
10.756
9.325
14.619
12.895
18.703
16.382
3.390
10.684
37.354
9.005
3.581
10.008
9.510
3.243
0.129
0.553
4.741
10.162
21.375
20.764
14.447
4.008
6.091
6.842
1.789
0.261
8.686
10.425
11.165
5.505
12.310
15.453
7.069
17.099
12.150
5.586
5.505
7.596
20.290
21.300
22.216
17.782
18.773
19.161
0.934
3.962
2.094
2.039
1.856
8.834
1.260
1.318
5.047
1.075
3.847
7.548
9.677
16.189
8.332
0.019
5.953
18.842
22.117
20.369
20.004
15.134
8.672
0.182
5.423
8.097
15.989
0.570
8.945
10.195
21.362
24.877
12.171
28.019
24.438
33.076
16.517
16.565
13.417
11.086
10.396
9.002
7.783
8.047
3.109
1.552
13.558
20.520
16.359
11.340
16.105
44.378
22.855
24.644
25.849
19.199
34.974
19.363
18.452
23.428
40.131
17.273
18.969
30.729
36.646
39.872
40.517
19.133
23.549
48.743
10.489
27.049
19.295
31.908
35.785
49.984
42.151
26.920
46.527
31.829
34.518
15.036
24.058
14.200
18.385
12.823
18.076
10.540
25.389
46.774
41.168
83.566
31.773
31.510
27.473
24.168
24.369
121.885
15.657
15.659
28.856
41.896
33.680
37.937
19.501
34.880
39.501
44.241
6.018
21.756
40.457
26.676
49.411
22.752
99.634
26.875
22.089
29.378
30.221
18.848
18.339
24.269
28.077
65.942
160.867
20.646
25.382
46.184
45.459
113.932
28.036
21.660
31.239
29.951
25.991
40.931
117.849
20.459
24.335
25.686
36.636
40.382
191.176
29.179
25.330
22.972
21.919
25.957
29.358
23.823
25.162
33.488
19.233
15.875
37.426
35.949
29.564
43.149
24.822
25.636
12.360
35.263
40.076
21.811
47.018
36.389
51.835
