19790101
0.000
0.000
0.000
0.000
0.000
0.000
0.000
0.000
0.000
0.000
0.000
0.000
0.000
0.400
0.216
0.000
0.000
0.000
0.000
0.000
0.000
0.223
0.592
0.148
0.000
0.000
4.185
9.970
15.249
0.690
0.000
0.000
0.000
0.000
0.000
0.000
0.000
0.000
0.000
0.576
3.153
0.651
0.112
0.000
0.208
0.165
0.000
0.000
0.000
0.000
0.000
0.000
0.187
0.086
0.302
2.232
20.386
31.742
18.570
3.581
8.535
4.003
7.254
20.987
2.843
17.037
29.848
6.513
0.000
0.505
2.314
0.206
0.093
0.343
0.086
0.000
0.000
1.451
2.180
15.712
13.249
6.997
5.682
0.185
3.378
0.652
3.100
0.527
0.000
0.000
0.000
0.731
0.319
9.941
12.497
11.354
10.131
0.041
5.936
4.860
0.000
0.000
8.916
9.769
6.654
16.349
19.985
9.785
7.876
13.225
29.816
83.548
3.275
11.570
3.873
129.337
0.041
15.748
6.139
2.750
12.236
32.022
4.631
6.860
5.198
6.427
2.414
2.649
3.289
3.306
3.553
9.898
72.204
10.454
4.714
124.904
0.518
7.436
2.211
7.807
20.970
3.251
8.157
5.246
5.284
16.349
6.118
5.483
99.423
5.438
3.526
2.850
14.433
25.421
4.230
29.890
1.358
2.261
1.188
0.086
2.039
7.771
2.276
5.018
3.102
0.663
2.432
5.835
3.061
3.117
3.056
2.573
2.359
0.838
1.372
0.748
1.210
3.258
5.618
7.407
4.882
7.610
1.435
5.212
4.614
1.593
0.000
0.000
0.033
0.758
0.055
1.116
4.951
2.460
7.615
9.283
2.371
7.826
11.761
1.564
0.669
1.545
2.777
2.539
3.540
1.408
0.000
0.000
0.000
0.000
6.054
10.303
4.207
1.842
7.242
1.789
0.000
0.000
0.000
0.000
0.282
0.000
0.000
0.089
0.017
1.566
7.021
3.815
7.407
1.365
0.079
6.544
5.394
1.775
1.631
1.334
7.993
7.148
4.099
3.564
7.234
8.695
5.957
1.456
4.571
1.411
2.506
87.013
1.205
4.309
45.144
6.291
30.568
47.961
5.725
1.311
10.480
3.969
53.773
4.378
17.340
11.191
3.445
3.440
5.100
11.632
4.477
4.065
6.049
10.876
11.232
6.127
11.062
3.766
3.924
0.000
0.745
0.915
4.403
10.073
14.780
17.822
3.910
22.313
1.188
14.217
46.575
4.209
4.570
72.352
25.039
4.834
9.756
1.772
1.418
0.014
1.027
3.516
4.894
116.441
2.784
49.408
0.000
0.239
3.399
2.580
10.411
38.135
133.401
2.474
0.110
2.927
6.590
4.995
16.311
95.330
4.494
0.791
2.359
7.617
3.138
2.297
3.758
8.762
6.283
14.409
9.972
8.291
4.436
8.417
5.057
6.746
5.097
4.539
1.605
2.559
0.362
4.338
1.282
0.000
0.000
0.000
1.081
0.328
0.000
0.000
0.000
7.634
9.208
8.391
22.173
16.007
30.121
5.406
25.626
0.000
0.000
0.381
1.534
0.000
0.031
1.299
17.000
11.393
2.764
5.589
3.382
5.325
0.944
0.000
0.000
0.000
0.000
0.000
0.000
0.000
0.000
0.000
0.000
0.000
7.811
6.987
3.056
1.342
0.340
0.000
0.000
4.079
7.285
1.425
0.000
0.000
0.000
0.748
0.000
0.026
0.845
0.000
5.430
15.661
2.252
0.127
0.000
0.000
0.000
0.003
0.000
0.000
0.000
0.000
0.000
0.000
0.010
10.113
13.405
10.109
1.069
3.579
0.000
0.000
0.000
0.000
0.000
0.072
0.062
1.451
1.042
1.900
3.170
0.000
0.000
0.000
0.000
0.003
0.046
0.014
0.525
0.199
0.046
0.000
0.000
0.000
0.000
0.299
0.072
0.000
0.000
0.000
0.000
0.000
0.000
0.000
0.000
0.000
0.000
1.090
0.000
0.000
2.238
1.439
0.007
0.000
0.536
0.144
0.347
10.389
17.197
3.430
2.499
9.551
11.800
0.113
0.000
0.000
0.017
0.007
2.554
28.623
0.010
2.568
6.499
11.278
9.778
3.042
5.898
19.470
9.232
35.429
76.027
2.027
5.629
23.090
5.807
9.122
3.243
8.020
1.990
3.478
9.163
14.541
0.151
1.112
9.787
9.613
1.571
4.048
1.502
5.505
8.973
9.180
4.103
22.235
23.236
1.832
4.123
1.838
5.321
8.269
7.900
4.149
5.524
9.101
2.468
2.542
4.482
11.537
6.020
4.439
3.394
0.803
1.670
0.000
0.000
0.043
4.302
6.103
8.338
2.113
2.534
6.000
0.000
1.368
0.659
0.000
0.000
0.000
0.000
0.000
0.000
0.000
0.000
0.000
0.000
0.000
0.000
0.000
0.000
0.000
0.000
0.594
1.078
0.755
0.000
0.000
0.223
1.486
2.242
0.994
7.991
6.537
5.490
4.887
2.166
2.130
5.570
3.720
2.141
0.853
6.087
4.865
4.789
6.557
4.625
4.302
3.346
2.208
8.641
2.613
4.219
5.850
3.083
3.416
3.399
5.304
4.192
3.790
4.432
2.939
2.925
3.595
1.257
0.000
0.203
4.027
1.480
0.117
0.082
0.694
3.389
13.146
6.595
3.021
2.098
3.409
0.879
4.625
2.721
2.520
1.140
0.000
2.451
9.582
6.331
11.522
2.755
0.000
0.144
0.855
0.556
3.701
2.475
10.767
1.075
4.753
2.959
2.541
7.241
10.798
13.977
4.896
14.038
4.673
19.847
48.463
14.729
142.146
0.985
2.365
1.641
0.395
4.851
2.954
2.513
1.318
3.200
57.628
0.385
10.344
23.849
5.174
0.985
0.203
7.601
10.983
25.691
5.045
1.274
10.125
12.001
5.263
10.945
25.348
6.250
66.476
0.621
15.153
1.943
8.336
8.758
6.053
5.495
1.809
4.860
12.257
1.116
3.092
2.831
0.000
0.000
0.003
0.000
7.210
7.527
8.458
7.805
0.077
1.554
6.049
9.321
4.897
0.546
0.357
0.724
7.728
3.792
5.452
4.223
6.125
1.322
0.000
6.540
8.665
6.182
17.468
11.898
13.060
12.662
13.887
1.483
0.254
0.494
1.083
0.137
0.137
0.546
9.263
9.390
8.006
5.950
5.394
2.214
0.055
0.000
0.000
0.000
0.000
0.000
0.000
0.000
0.000
0.000
0.100
0.051
2.247
0.275
0.000
0.082
0.058
0.000
0.000
0.000
0.000
0.000
0.082
0.110
2.431
3.783
0.021
1.521
0.930
0.000
0.051
0.007
0.000
0.000
1.710
0.985
0.120
0.227
0.257
0.323
0.039
0.000
0.000
0.021
0.580
12.049
7.651
0.848
6.890
7.184
10.616
9.603
8.453
88.122
10.313
0.738
3.560
10.602
0.000
3.864
2.817
6.885
6.115
3.706
6.279
1.998
7.503
10.804
1.792
0.000
0.000
4.940
2.523
0.926
0.101
0.515
0.156
3.339
0.287
0.065
0.000
1.512
6.906
0.414
0.139
0.031
0.010
0.714
0.000
0.000
0.000
0.010
0.858
7.114
3.811
0.968
0.391
1.370
0.481
0.113
0.000
7.910
1.916
18.570
36.897
16.188
3.495
5.067
3.763
8.940
0.920
2.496
2.647
7.340
11.834
1.439
4.395
11.364
10.940
38.505
18.136
1.876
5.450
8.199
4.379
63.353
0.249
2.269
5.313
10.511
31.514
4.561
4.569
35.615
0.367
0.388
7.155
1.457
0.230
2.997
9.004
20.261
17.951
132.833
4.915
5.861
7.112
7.112
24.506
4.185
0.000
4.472
6.434
24.033
2.633
7.673
4.964
15.968
48.635
0.793
2.954
2.331
6.273
5.232
0.683
6.012
2.420
23.912
39.125
7.845
1.988
8.830
3.856
10.499
4.899
15.120
1.215
4.559
5.054
3.711
3.359
3.790
1.222
5.030
9.280
6.358
5.550
2.650
6.321
11.707
2.012
4.027
1.497
2.046
1.686
0.982
4.007
2.628
1.586
1.250
0.779
1.188
6.267
2.132
2.448
0.474
0.100
0.062
0.000
0.000
0.000
0.000
0.000
0.041
0.031
0.000
0.000
0.941
9.455
2.328
0.000
0.192
1.233
3.886
6.266
13.139
1.514
2.178
4.216
1.775
1.078
3.471
1.414
2.630
4.305
14.928
5.153
0.330
1.027
0.845
5.198
5.081
7.100
3.753
1.634
26.336
3.852
5.548
7.807
7.430
3.241
5.632
6.454
26.190
0.048
3.021
17.307
5.902
8.253
9.311
9.719
6.351
2.276
2.122
1.497
3.241
1.147
7.018
7.907
9.853
78.803
5.050
0.000
6.413
4.477
6.791
7.107
1.123
1.524
6.367
3.799
12.130
4.134
6.655
14.708
122.017
2.832
2.592
2.929
15.753
2.446
2.250
3.262
2.151
10.840
3.241
38.150
9.895
2.771
7.672
42.035
5.119
42.620
1.112
28.115
23.439
6.463
0.522
0.566
1.057
12.761
63.089
6.750
1.332
2.125
11.810
0.968
16.170
15.707
5.586
11.252
10.470
16.184
9.098
19.624
119.260
5.177
13.053
1.360
0.021
1.236
3.375
12.473
6.338
11.069
5.922
3.318
5.771
99.189
14.560
5.081
0.755
3.739
42.871
8.940
0.192
0.227
2.431
0.676
0.058
3.759
10.090
4.508
4.628
0.158
0.024
0.045
0.000
0.515
4.525
5.507
1.425
7.258
2.884
19.796
16.198
5.720
11.543
11.045
10.168
4.473
0.154
0.203
0.172
1.820
6.508
1.287
0.000
0.185
1.796
0.439
0.124
0.000
0.000
0.000
0.000
0.000
0.000
0.120
0.027
1.586
1.353
0.113
0.014
0.000
0.000
0.000
0.100
11.986
12.162
2.774
1.112
1.926
3.591
2.573
2.561
2.834
2.602
10.737
9.326
0.263
2.898
6.654
4.611
8.817
1.351
0.027
0.937
27.002
0.003
0.000
0.000
0.000
0.079
0.508
6.636
1.954
1.011
0.834
0.270
0.076
0.027
0.000
0.199
0.017
0.187
0.211
0.051
0.000
0.043
0.460
2.505
0.481
0.230
0.000
0.000
0.728
5.795
3.658
16.366
26.099
0.905
3.010
0.276
0.716
0.568
9.860
15.631
2.946
2.597
11.565
29.450
17.444
0.578
0.000
2.060
14.399
87.671
0.335
0.982
2.144
7.747
19.779
19.762
20.082
0.000
9.186
3.728
8.240
5.773
5.128
1.471
20.075
9.974
3.921
22.206
0.577
3.069
21.042
1.720
85.278
5.977
2.225
6.544
0.656
0.220
2.407
5.737
10.526
25.629
6.928
2.856
13.644
37.587
6.956
6.121
4.813
6.643
7.732
4.638
43.925
14.454
7.738
48.618
8.803
0.367
0.055
2.566
8.988
4.873
5.272
3.250
5.628
14.174
17.197
23.619
1.684
1.480
0.981
0.117
0.039
0.000
0.227
0.144
5.007
1.725
1.277
0.000
0.000
0.000
0.000
0.000
0.000
0.000
0.000
0.000
0.000
0.000
0.000
0.000
0.000
0.000
0.000
0.000
0.000
0.000
1.864
1.076
0.000
0.000
0.000
0.000
0.000
0.000
0.000
0.000
0.046
0.000
0.000
0.000
0.000
0.000
0.017
0.536
0.206
0.000
0.000
0.000
0.000
0.000
0.000
0.000
5.014
2.075
0.159
0.000
0.000
0.000
0.000
0.000
0.000
0.000
0.000
0.000
0.000
0.000
0.000
0.000
0.000
0.000
0.000
0.000
1.188
0.227
1.018
0.180
0.038
4.235
5.021
0.433
6.556
2.293
0.766
0.000
0.000
3.715
1.617
0.168
0.094
1.099
0.225
3.208
5.212
2.254
1.308
0.100
0.000
2.032
0.889
0.000
0.010
1.284
3.751
10.322
4.597
11.391
4.844
1.492
1.372
7.841
3.148
2.010
5.879
9.989
15.609
16.097
8.326
0.031
3.967
18.080
5.143
3.575
4.714
12.921
71.718
7.793
15.400
0.038
7.510
3.692
3.865
4.984
4.927
1.799
7.112
3.023
5.243
4.010
8.097
28.956
5.297
28.304
6.207
7.457
2.012
3.859
3.725
2.558
5.023
5.466
2.781
0.000
0.000
0.000
3.732
1.157
10.224
3.050
7.932
2.738
6.987
13.046
0.652
0.000
8.597
11.755
8.257
2.506
1.054
0.000
0.000
0.000
0.000
0.000
0.000
0.000
5.165
4.125
16.030
0.000
2.047
5.767
1.277
0.000
0.000
2.809
4.880
8.372
12.416
4.176
0.706
0.000
0.000
0.000
1.375
5.786
0.034
3.301
3.244
0.366
0.000
0.000
0.000
0.000
0.000
0.000
0.000
0.000
0.000
0.000
0.000
0.000
0.000
0.000
0.000
0.000
0.000
0.000
0.000
0.000
0.000
0.000
0.000
0.000
0.522
0.000
0.000
2.915
0.000
0.000
0.000
0.000
0.000
0.007
0.007
0.000
0.000
0.000
0.038
1.844
0.544
0.000
0.000
0.000
0.000
0.000
0.000
0.000
0.647
0.254
0.000
0.619
0.238
0.405
0.867
0.000
1.277
2.256
0.000
0.532
6.053
3.186
0.635
0.185
0.721
0.165
0.450
1.301
5.023
6.322
6.329
0.594
0.000
0.000
3.268
17.863
9.441
5.668
0.000
0.189
0.100
0.010
0.649
17.779
0.000
1.483
0.529
0.034
0.065
0.000
10.770
3.924
8.229
0.790
0.000
2.043
5.091
19.120
8.065
0.237
2.994
4.489
7.220
11.472
7.742
15.656
61.242
3.821
24.282
5.675
13.105
10.684
8.102
7.732
12.887
16.926
33.385
6.303
66.309
16.624
0.319
8.755
24.791
79.843
2.238
2.383
6.194
2.630
12.727
5.184
9.671
4.283
12.603
14.849
129.124
12.030
8.700
43.035
23.411
14.444
2.757
1.741
0.000
5.503
13.862
90.881
9.695
15.786
10.183
1.984
2.317
7.266
11.309
6.832
0.982
0.330
0.014
0.051
4.813
18.708
2.079
3.303
0.676
0.951
80.681
0.481
1.717
0.584
0.120
0.014
0.055
0.079
0.282
0.184
0.772
6.760
1.593
9.249
3.234
0.141
3.086
0.649
0.130
0.000
1.250
3.938
4.589
7.248
5.915
10.101
5.497
0.010
0.000
0.055
2.311
1.586
0.000
0.000
0.000
0.000
0.000
0.000
0.007
0.000
0.000
0.000
0.000
0.000
0.000
0.779
0.924
0.034
0.704
7.158
3.183
0.460
4.391
4.786
0.000
0.000
0.000
2.894
3.883
3.409
1.387
0.000
0.000
0.000
0.000
0.000
1.109
0.632
3.371
3.763
1.796
2.657
2.355
0.000
3.411
1.837
1.765
2.565
0.920
2.225
1.737
2.105
1.545
1.772
2.268
2.094
0.609
0.014
2.247
3.320
0.584
1.821
6.980
7.052
3.315
4.274
3.147
1.008
3.584
6.709
2.506
2.989
2.235
5.113
4.074
2.652
1.091
0.000
0.354
0.697
5.231
5.679
5.527
15.777
2.008
4.434
6.075
6.170
4.865
5.744
6.784
7.843
13.645
10.732
36.336
16.703
0.299
3.083
8.102
49.748
20.108
0.530
7.261
3.702
9.525
18.325
17.539
2.117
9.297
5.279
6.954
16.004
8.214
4.994
11.167
2.250
0.079
3.107
7.472
11.922
20.383
7.878
11.710
20.424
5.972
3.699
22.920
0.000
0.117
0.144
0.529
4.613
4.305
1.657
4.645
9.397
10.652
26.800
1.833
3.174
1.799
0.594
4.010
2.204
4.570
5.682
13.046
4.257
7.694
3.941
1.517
1.373
0.776
6.091
1.809
5.222
3.155
4.535
4.183
1.875
0.000
0.000
0.000
0.000
0.628
4.494
1.579
0.179
0.000
0.000
0.007
10.042
5.763
5.164
0.168
0.302
1.087
0.072
2.271
1.069
0.179
6.360
0.644
1.037
0.000
1.049
0.546
0.000
0.000
0.000
0.000
0.525
0.223
0.010
0.154
0.014
0.064
0.000
0.130
4.937
1.016
0.000
0.371
5.898
5.541
22.992
5.946
10.101
1.737
0.292
0.000
0.000
0.000
0.000
6.894
2.599
6.908
4.831
3.763
0.419
0.000
0.000
3.275
3.622
6.925
6.815
4.508
1.387
3.104
3.952
10.416
0.220
1.009
1.119
0.330
0.381
1.081
5.013
2.547
1.590
5.723
0.985
0.000
0.000
0.000
0.000
0.110
3.505
17.860
2.637
0.000
0.000
5.387
5.328
3.059
3.159
0.161
3.052
3.735
5.246
6.121
4.333
0.254
0.433
0.058
0.130
5.716
8.844
3.179
0.288
0.000
6.042
5.552
17.194
4.271
4.487
9.476
3.492
6.283
1.741
0.124
0.501
5.328
2.259
58.646
2.221
12.669
10.725
21.856
14.902
13.463
15.199
22.714
17.705
11.604
1.761
1.929
6.913
8.187
3.995
5.673
10.652
14.706
5.839
8.973
18.725
61.221
12.296
8.065
0.827
0.676
1.566
1.821
1.269
3.483
6.429
14.243
9.608
7.100
1.802
0.197
3.054
6.672
4.662
7.265
2.444
2.688
0.144
5.342
3.200
17.633
2.911
3.581
1.878
0.350
0.227
0.000
0.000
0.000
0.000
1.243
0.680
0.017
0.467
0.247
0.000
2.575
3.162
3.050
7.742
6.465
2.036
8.439
16.679
9.881
4.044
3.313
5.811
4.415
4.885
7.800
2.242
6.712
5.582
2.489
0.862
5.582
1.620
0.069
0.048
0.117
2.726
0.827
3.845
4.570
0.841
0.110
7.076
1.538
2.535
6.103
3.744
4.362
4.937
3.102
2.020
6.642
6.046
1.960
3.402
5.220
0.580
0.000
0.814
3.739
5.174
3.758
5.016
2.697
8.598
4.419
13.602
4.444
6.592
7.840
4.512
8.760
8.107
2.659
0.254
1.713
3.304
1.696
0.427
5.028
2.010
1.763
0.000
0.000
0.000
0.168
4.305
3.715
5.143
10.392
0.021
5.114
4.722
2.010
4.844
12.234
6.458
2.252
10.806
43.914
6.602
3.905
3.765
18.630
1.267
11.593
3.998
5.119
3.598
4.396
4.498
2.850
18.545
20.987
5.622
88.625
15.063
4.446
3.112
3.174
5.090
6.982
11.704
12.459
5.856
5.322
0.223
13.774
59.376
2.172
8.866
30.733
3.721
18.206
54.950
3.959
19.866
16.915
4.685
0.158
1.559
4.316
5.953
3.286
7.648
1.835
0.518
3.299
2.753
0.331
0.347
3.895
3.541
4.499
2.932
1.614
3.020
6.127
9.023
9.575
1.684
3.749
7.172
3.662
5.771
12.645
4.635
28.498
22.168
3.201
0.922
0.058
0.000
0.000
0.000
0.000
0.000
0.000
0.000
0.000
3.040
9.295
8.648
4.104
0.086
2.125
1.044
3.476
10.513
0.055
0.000
0.472
0.257
10.006
0.000
0.000
0.000
0.000
0.000
0.000
0.000
0.000
0.000
0.000
0.021
0.364
0.759
0.000
0.000
0.000
0.007
0.000
0.014
0.000
0.000
0.000
0.000
0.000
0.000
0.000
0.261
0.309
0.000
1.167
0.367
0.000
0.000
0.309
0.278
0.000
0.000
0.189
0.048
0.000
0.000
0.000
0.000
0.000
0.000
0.000
4.072
1.112
0.000
0.000
0.000
0.000
0.000
0.000
0.000
0.000
0.000
0.000
0.000
0.000
0.000
0.000
0.000
0.000
0.000
0.000
0.000
0.000
0.000
3.430
10.463
2.523
0.000
0.086
0.000
0.000
1.342
10.410
20.373
30.769
1.294
0.010
2.444
6.987
6.446
12.645
21.557
11.398
2.139
0.024
3.612
0.264
12.288
1.044
0.656
13.063
11.177
11.941
19.727
8.985
5.074
3.885
0.316
7.728
2.204
9.263
5.160
2.832
4.611
1.195
0.024
0.625
10.283
1.620
0.613
5.473
3.708
3.995
11.052
20.589
11.045
1.322
6.595
0.275
0.041
4.810
3.505
0.000
0.000
6.290
6.493
15.238
4.916
2.956
7.479
6.051
8.374
7.035
3.299
9.407
9.601
6.091
2.017
1.493
6.980
14.114
3.597
3.586
3.327
4.441
11.040
18.445
3.625
1.596
3.189
0.834
2.813
1.277
1.211
4.819
12.963
1.040
0.000
10.197
6.005
1.169
1.572
3.450
0.930
0.000
0.000
0.000
0.000
0.000
0.000
0.000
0.000
0.000
0.000
0.000
0.360
0.000
0.000
0.233
0.548
0.191
0.000
0.000
0.000
0.000
0.000
0.000
0.000
0.003
0.000
0.000
2.846
4.995
2.060
0.474
0.000
0.000
0.089
1.689
1.569
1.548
0.412
0.017
0.237
1.943
5.390
3.155
2.740
0.027
2.918
2.053
0.130
1.579
0.175
0.429
5.716
1.591
0.469
4.302
4.336
1.675
4.324
4.243
7.615
5.704
1.545
0.328
4.292
3.208
5.098
5.040
6.135
7.699
1.629
2.379
1.706
2.182
1.492
4.776
5.855
3.557
0.575
0.089
2.716
1.416
2.731
0.118
0.518
0.681
2.726
4.077
11.062
17.575
11.834
56.255
2.314
6.588
32.920
67.993
5.162
4.171
0.802
2.426
2.558
0.932
2.585
6.179
3.227
1.974
7.441
4.858
4.012
2.149
4.786
1.799
6.472
10.552
4.341
0.976
0.687
4.374
20.840
10.742
16.414
7.716
4.252
1.581
1.124
5.709
5.368
6.672
7.284
4.499
9.807
3.225
0.000
9.290
4.511
7.042
37.541
2.767
0.747
26.144
3.066
3.941
17.128
0.920
0.000
0.000
0.000
14.265
0.323
3.138
1.517
0.591
0.010
6.836
10.736
10.478
7.543
8.039
1.384
7.754
17.942
6.805
9.215
2.965
1.854
7.629
10.633
8.892
0.810
4.777
5.061
2.843
5.318
5.994
5.318
10.712
14.090
3.076
24.438
3.014
1.329
6.746
0.714
0.282
0.000
0.000
0.000
0.000
0.000
0.000
0.000
0.000
0.000
0.000
0.000
0.000
0.000
0.000
0.000
0.000
0.000
0.570
0.158
0.000
0.000
0.000
0.000
0.360
0.223
0.000
0.000
0.000
0.003
0.000
0.000
0.000
0.000
0.000
0.000
0.000
0.000
0.000
0.000
0.000
0.000
0.000
0.000
0.000
0.000
0.000
0.172
4.218
1.682
0.000
0.000
0.000
0.000
0.000
0.000
3.869
11.841
0.000
0.000
0.000
0.000
0.000
0.000
0.021
1.717
0.748
0.000
0.000
0.000
3.876
15.147
9.771
7.955
6.606
0.625
8.974
29.498
7.361
1.847
1.119
0.069
7.943
22.091
1.155
0.671
0.462
1.121
0.647
0.000
0.000
0.587
2.093
0.999
8.050
3.195
5.146
9.460
0.191
0.065
0.091
1.221
7.010
1.055
0.000
0.000
0.000
0.000
0.000
0.453
4.197
5.507
40.794
7.028
46.400
5.164
82.761
16.452
9.153
25.598
14.406
74.638
0.223
7.308
3.675
6.046
0.007
0.845
10.531
9.435
8.336
13.101
1.322
37.487
0.257
3.138
15.930
9.764
9.417
11.573
21.859
12.253
5.019
13.462
29.021
10.423
13.338
5.974
16.449
5.191
7.464
4.302
6.018
22.115
7.646
7.890
0.570
18.781
3.124
7.672
14.989
38.044
3.502
4.257
5.632
5.122
5.603
3.090
17.216
4.673
6.626
-99.000
16.267
54.286
31.781
10.193
2.709
17.113
0.360
8.199
4.010
0.529
2.826
0.127
0.000
0.620
1.842
0.917
0.000
1.105
2.204
0.000
0.000
1.329
1.919
0.529
0.000
0.000
0.000
0.000
0.985
0.838
0.000
0.000
0.185
0.151
0.810
0.000
1.202
0.079
0.000
0.000
0.000
0.000
0.000
0.000
0.000
0.000
0.000
0.000
0.000
0.000
0.000
0.000
0.000
0.000
0.000
0.000
0.000
0.000
0.000
0.000
0.000
0.000
0.000
0.000
0.000
0.000
0.045
0.000
0.000
0.000
0.000
0.000
0.000
0.048
0.014
2.369
0.767
0.000
2.214
1.236
0.082
0.323
0.247
0.584
2.434
3.845
1.713
0.144
0.000
4.539
2.695
3.801
2.269
3.984
4.776
1.275
0.000
0.000
0.000
1.265
0.292
0.000
0.017
0.007
0.766
0.390
0.000
0.000
2.474
5.019
0.745
3.557
2.596
8.374
5.770
2.554
29.622
5.579
7.884
14.330
38.734
2.362
3.845
3.444
33.256
0.470
33.907
0.041
11.597
18.371
5.593
20.816
12.578
22.848
30.333
37.886
117.859
0.093
5.780
0.412
48.106
6.966
1.408
4.491
9.146
38.085
0.076
8.295
5.315
2.410
1.397
7.611
11.491
5.867
4.165
2.792
3.275
4.056
2.105
0.983
9.551
30.887
6.284
0.045
8.542
67.871
2.934
10.284
31.062
5.782
6.282
5.918
5.091
12.073
11.427
40.090
50.723
14.643
18.073
13.918
5.022
4.551
0.546
4.470
0.000
2.570
0.402
1.301
6.384
3.009
1.325
0.000
0.000
0.000
0.000
0.000
0.000
0.000
0.000
0.000
0.000
0.000
0.000
0.000
0.000
0.000
0.000
-99.000
-99.000
-99.000
-99.000
-99.000
-99.000
-99.000
-99.000
0.467
0.000
0.000
0.110
0.772
6.173
4.518
0.481
0.000
0.000
0.000
0.000
0.000
0.000
0.000
0.000
0.000
0.000
0.000
0.000
0.010
0.168
3.615
0.000
0.000
0.000
0.000
0.000
0.000
0.000
0.000
0.000
0.000
0.000
0.000
0.000
0.000
0.635
0.676
6.556
0.906
0.024
0.652
55.042
2.000
1.042
0.936
1.381
0.242
0.000
0.000
0.000
0.000
0.000
0.000
0.000
0.000
0.000
0.000
0.000
0.000
0.086
1.327
15.481
7.021
0.072
1.584
7.256
0.000
0.021
0.542
0.240
0.853
0.594
0.877
0.158
0.827
2.280
2.925
8.149
6.640
1.735
6.832
11.867
6.552
4.995
4.745
2.075
6.017
21.535
9.977
2.403
15.743
9.716
0.563
3.633
0.657
4.491
3.770
6.437
1.572
0.000
0.000
0.445
4.709
2.505
2.975
0.810
3.842
1.610
2.656
10.904
8.140
13.317
11.412
2.252
1.411
7.857
7.454
2.640
5.435
13.932
9.479
82.058
0.784
3.445
2.987
20.150
27.267
1.785
0.000
1.439
12.312
17.523
8.240
18.203
4.068
3.965
7.890
130.737
7.910
0.000
11.755
10.334
0.409
6.104
10.863
0.000
2.633
4.158
4.058
3.018
5.009
6.860
11.625
36.035
65.046
5.490
0.000
0.000
2.043
0.798
0.862
0.000
2.517
1.229
0.137
1.669
5.081
5.253
19.284
3.478
7.543
7.903
7.146
1.950
0.831
1.003
0.000
4.202
16.215
6.271
0.000
5.344
4.824
0.397
0.000
2.481
1.378
0.000
0.591
6.750
2.431
0.100
1.813
8.264
15.360
14.590
4.051
0.676
0.894
0.000
0.000
0.000
0.000
3.265
7.153
10.550
14.226
20.426
9.237
0.443
8.961
3.207
0.668
2.924
5.421
4.609
1.148
2.874
7.699
2.570
3.023
14.124
29.299
0.326
0.000
1.545
4.322
5.709
1.142
0.367
1.711
2.683
4.257
1.306
1.023
0.458
0.656
4.178
9.601
7.002
5.243
2.446
3.292
1.387
0.067
5.244
12.623
5.586
3.801
4.431
1.123
1.138
2.695
9.459
22.675
64.964
0.747
1.258
4.704
2.705
5.224
4.338
5.730
42.134
7.371
33.586
7.138
8.734
3.606
8.065
80.911
9.390
11.654
3.450
20.931
16.454
2.850
3.514
6.262
5.182
67.944
6.731
19.043
4.827
114.289
1.560
0.666
22.187
0.058
10.240
7.074
3.691
2.501
1.773
6.216
4.189
9.740
90.620
0.599
2.997
2.687
14.553
1.411
1.902
3.608
0.855
14.111
4.604
3.722
0.803
0.000
2.218
1.658
2.743
7.412
8.253
9.469
4.422
8.913
8.363
9.392
11.381
5.692
15.970
7.965
5.083
37.168
7.967
5.007
6.990
11.700
11.834
0.618
2.151
1.662
15.992
50.295
2.235
4.134
1.284
5.797
3.680
17.578
8.394
0.124
0.031
0.000
0.000
0.000
0.000
0.000
0.000
0.000
0.000
0.000
0.000
0.000
0.000
0.000
0.000
0.000
0.000
0.000
0.000
0.000
0.000
0.000
0.000
0.000
0.000
0.000
0.000
0.000
0.000
0.000
0.000
0.000
0.000
0.000
0.596
2.159
0.000
0.000
0.031
0.007
0.000
0.000
0.000
0.000
0.000
0.000
0.000
0.000
0.000
0.000
0.000
0.000
0.000
0.000
0.096
0.024
0.712
0.179
2.237
0.652
0.209
0.000
0.000
0.000
0.000
0.000
0.000
0.000
0.000
1.742
0.676
0.003
1.281
0.690
1.566
0.513
0.027
0.000
0.000
0.000
0.000
0.000
0.000
0.000
0.000
0.000
0.862
7.835
1.411
1.394
3.461
4.803
3.598
0.021
0.007
0.000
0.000
0.000
0.000
0.000
0.000
0.000
0.000
0.000
0.000
0.069
0.405
0.263
0.000
0.000
0.000
7.141
6.103
2.960
4.190
54.118
20.673
4.326
25.718
15.932
21.722
16.101
21.840
4.971
7.210
0.865
4.111
6.966
9.637
10.810
97.234
14.672
3.799
0.785
1.583
7.084
10.894
8.314
1.897
0.134
11.992
7.594
13.185
5.297
10.585
3.135
1.336
4.988
7.042
5.514
11.628
2.942
4.364
9.422
23.641
3.097
18.879
4.674
4.326
3.502
3.866
1.092
0.000
0.000
1.463
16.531
7.402
5.672
7.045
10.008
0.869
13.542
19.250
6.166
2.015
2.494
0.620
2.336
4.130
14.409
7.680
4.108
7.356
3.607
6.949
6.757
3.595
18.974
10.978
4.995
5.334
9.196
5.124
8.650
2.125
4.201
0.283
6.188
2.072
7.248
8.041
3.816
5.164
2.877
4.896
2.798
6.245
1.397
4.947
5.926
11.203
3.533
1.875
1.322
1.542
0.776
0.199
2.932
0.000
0.000
0.000
1.651
0.697
1.603
2.335
2.070
2.410
0.014
5.016
5.503
2.664
11.366
28.389
3.239
8.011
3.778
5.049
5.184
13.929
3.274
27.123
12.035
3.243
5.697
5.194
12.106
6.015
2.355
94.242
8.538
8.552
15.585
16.624
2.728
2.347
2.391
3.608
5.237
9.979
2.944
2.640
32.755
3.368
7.388
9.836
3.959
10.526
64.129
12.936
2.925
7.656
33.618
1.672
3.255
3.014
3.924
3.564
5.177
7.515
21.114
132.516
0.378
1.772
8.257
8.202
3.625
0.192
3.244
3.330
2.005
0.618
13.036
21.830
9.186
1.418
6.185
6.034
5.253
40.629
2.831
7.962
4.182
1.128
2.302
2.383
12.469
9.017
0.477
7.419
3.852
0.062
5.883
11.420
1.473
2.971
7.069
8.705
67.637
6.932
2.681
6.000
11.565
5.066
3.251
10.130
1.841
1.310
10.014
0.003
0.342
7.130
109.820
17.092
19.963
8.529
1.001
2.927
6.483
7.411
2.129
1.185
4.288
19.779
2.709
5.038
4.946
5.167
8.046
3.979
15.154
7.507
0.434
0.000
0.000
6.396
1.366
1.162
0.168
0.000
2.426
6.166
0.000
0.000
0.000
1.718
0.426
0.017
0.000
0.000
0.000
0.000
0.000
0.000
0.000
1.821
1.636
0.907
5.328
1.576
4.201
12.883
8.734
9.113
15.974
0.051
0.000
0.000
4.583
1.030
0.000
0.000
0.000
0.000
0.000
0.000
0.000
3.557
0.755
0.000
0.000
0.000
0.000
0.000
0.000
1.524
0.724
0.000
0.000
0.000
0.000
0.000
0.000
0.000
0.000
0.000
0.000
0.000
0.000
0.000
0.000
0.000
0.000
0.000
0.000
0.000
0.000
0.000
0.000
0.000
0.000
0.000
0.000
0.000
1.274
0.553
1.250
6.242
11.580
15.130
1.542
3.849
0.501
0.000
0.536
0.738
0.390
1.033
1.136
8.586
16.280
32.159
16.459
22.821
26.546
1.418
0.237
6.736
0.010
0.010
0.000
2.111
9.184
17.908
11.196
11.965
4.360
0.525
0.323
4.020
5.430
0.336
8.971
42.665
3.327
15.147
5.306
0.367
0.230
0.000
0.000
0.000
0.000
5.164
1.658
0.096
0.000
0.000
0.000
0.000
0.000
0.000
0.000
0.333
2.458
7.284
8.504
1.796
0.000
0.316
0.106
9.936
18.898
7.323
5.054
11.234
18.100
1.658
7.606
6.357
0.544
1.382
2.556
4.257
2.671
10.967
13.048
5.215
16.454
1.002
0.000
0.000
0.000
0.000
0.000
0.000
0.669
0.520
0.388
5.768
8.933
2.000
4.561
15.346
0.024
0.000
1.164
14.189
19.010
0.100
0.139
3.723
0.627
0.915
1.293
0.302
0.000
0.426
0.045
0.000
0.000
0.000
0.000
0.000
0.000
0.000
0.077
2.098
2.563
2.070
8.312
5.071
0.704
0.348
0.000
3.770
2.846
1.475
0.154
2.983
2.362
7.393
0.565
1.481
5.922
2.685
0.000
0.000
0.000
0.000
0.000
0.000
0.000
0.000
1.851
1.148
1.981
1.013
0.233
7.756
9.735
1.641
4.922
4.855
2.766
3.876
1.179
6.015
4.583
1.603
0.862
5.112
2.407
0.412
2.489
1.078
0.000
10.695
11.403
0.076
1.830
8.827
8.854
1.054
1.353
3.399
3.801
7.491
3.959
3.948
2.353
4.580
1.469
2.132
9.077
4.985
9.366
0.889
4.916
8.693
3.246
106.974
12.150
8.339
1.308
0.264
6.115
9.953
7.175
3.457
7.133
4.817
1.636
5.047
3.557
1.131
9.304
7.066
1.184
3.461
9.436
4.893
5.533
1.885
1.701
19.873
3.119
0.027
1.775
3.430
5.201
33.996
10.258
3.584
0.288
7.632
12.597
27.469
0.285
6.949
42.943
5.359
3.310
5.792
8.140
5.335
12.641
5.263
4.666
8.171
9.846
37.577
20.941
6.509
5.349
23.748
8.875
6.163
5.857
6.472
27.049
23.623
4.331
38.328
25.588
8.966
27.395
23.994
7.364
7.371
1.373
0.669
0.024
0.027
12.730
12.014
15.676
0.500
0.381
5.157
1.675
8.485
9.476
7.829
6.225
1.030
0.000
3.923
7.236
16.380
64.517
0.923
4.616
17.303
0.189
0.000
0.000
0.017
0.948
0.336
0.000
0.000
0.000
0.000
0.000
0.000
0.000
0.000
0.000
0.000
0.000
0.000
3.150
4.384
2.943
0.105
0.000
0.000
0.000
0.000
0.000
0.163
0.439
5.574
1.102
0.000
0.000
3.201
1.677
0.000
0.000
0.000
6.034
1.404
0.000
0.000
0.000
0.000
0.000
0.476
0.086
0.000
0.000
0.000
0.000
0.000
0.000
0.000
0.000
0.000
0.000
0.000
0.000
0.048
0.017
0.072
0.292
0.024
0.000
0.000
0.000
0.565
0.173
0.007
0.000
0.000
0.000
0.000
0.118
0.024
0.000
0.000
0.000
0.000
0.315
0.000
0.000
0.000
0.000
0.000
0.271
0.076
0.306
0.055
0.000
0.000
0.000
0.000
0.000
0.000
0.000
0.000
0.000
0.000
0.000
0.000
0.000
0.062
0.010
0.000
0.000
0.179
0.031
0.000
0.316
0.360
0.275
0.034
0.869
7.254
7.414
5.885
22.676
8.597
21.557
1.250
4.140
1.119
0.000
0.000
1.112
1.463
3.395
2.314
2.925
11.371
73.553
1.765
8.168
21.018
0.000
5.033
19.405
17.561
10.135
2.252
19.923
21.368
1.003
63.290
15.954
42.428
4.511
3.093
11.601
11.918
6.073
2.472
0.264
2.626
7.560
5.119
2.376
0.000
0.244
0.000
0.000
0.000
0.000
6.180
6.688
3.838
9.987
7.824
3.488
6.674
0.772
0.668
0.352
4.103
1.303
2.959
0.000
0.000
4.316
2.786
0.879
0.000
0.542
0.000
0.031
5.895
11.491
10.065
10.023
11.930
25.166
4.970
0.187
1.900
0.936
0.000
0.000
2.753
0.000
0.000
0.000
0.000
0.000
0.000
0.000
0.000
0.000
0.000
0.000
7.876
10.471
7.629
1.265
0.180
1.488
0.633
1.234
0.000
5.038
4.364
1.020
4.432
4.685
2.908
0.637
0.000
0.000
0.024
0.197
0.112
1.967
10.379
0.414
0.000
0.254
0.154
0.000
0.886
2.805
1.140
0.000
4.202
1.432
0.285
0.000
0.000
0.021
0.446
5.067
3.097
1.095
0.034
0.000
0.000
0.000
0.000
0.594
0.000
0.000
0.000
1.016
7.742
5.030
8.147
1.105
6.187
2.851
0.982
10.428
4.922
0.000
0.000
0.656
3.380
4.942
4.182
0.000
0.000
2.429
6.363
1.159
0.000
0.630
0.580
0.000
2.929
9.546
44.893
19.089
92.175
3.519
2.170
6.501
7.040
1.692
0.106
1.476
10.258
9.812
9.337
60.569
0.048
8.267
31.167
0.000
1.662
105.046
0.199
19.885
4.810
1.861
0.742
4.350
20.761
3.011
16.922
44.917
3.296
18.618
2.125
5.964
58.216
1.940
41.223
0.055
1.013
0.306
3.214
1.437
2.668
25.008
1.311
4.129
17.523
4.611
8.661
1.295
0.039
2.723
7.031
1.435
0.000
0.000
0.000
0.000
2.599
1.530
0.000
1.057
7.186
1.857
2.123
7.709
6.202
8.976
66.378
3.229
19.148
0.439
13.894
21.420
12.902
11.367
5.747
4.669
4.752
6.358
2.022
0.000
0.000
0.000
0.000
0.000
0.000
0.000
0.000
0.000
0.000
0.000
0.000
0.000
0.000
0.000
0.000
0.000
0.000
0.000
0.000
0.000
4.479
2.711
0.252
0.000
2.353
1.471
0.197
0.000
0.000
0.000
0.000
0.007
0.003
0.000
0.000
0.000
0.000
0.000
0.000
0.256
0.000
0.000
0.000
0.000
0.000
0.000
0.000
0.000
0.000
0.000
0.000
0.000
0.000
0.000
0.000
0.000
0.000
0.014
0.683
1.329
0.482
1.229
2.441
1.003
3.323
6.640
2.774
0.000
0.000
0.000
0.000
0.045
0.000
0.000
0.000
0.000
0.000
0.000
0.000
0.000
1.349
4.167
4.293
1.397
22.762
0.031
0.239
4.757
5.445
31.097
32.238
2.810
0.972
0.000
1.387
0.338
0.000
0.000
0.000
0.000
0.000
0.000
0.000
0.000
0.086
15.726
24.381
0.000
0.000
1.027
0.930
2.254
0.000
0.000
0.233
0.089
0.566
0.103
1.686
1.057
9.088
8.157
9.692
2.201
12.919
0.687
7.886
30.185
6.324
11.052
21.557
2.915
5.085
3.176
0.350
4.642
7.656
2.365
6.612
14.131
13.544
9.057
10.471
2.015
3.969
7.117
6.695
2.527
5.404
7.821
17.286
12.595
8.120
0.724
6.928
8.477
2.122
2.287
3.327
8.257
6.928
18.392
10.379
5.397
17.765
5.524
5.394
1.954
3.021
9.354
5.994
9.568
3.862
3.409
2.108
3.571
8.576
4.405
0.000
0.000
0.000
0.000
1.027
8.865
9.019
0.000
0.203
2.156
7.672
7.436
3.025
2.915
1.174
1.514
3.306
12.315
0.000
0.000
0.000
3.025
1.718
5.811
6.928
3.088
0.000
2.470
3.505
0.566
6.044
3.076
0.000
0.000
0.000
0.000
0.000
0.000
0.000
0.000
0.000
0.000
0.000
0.000
0.000
0.000
0.000
0.000
0.000
0.000
0.070
0.673
3.677
11.270
24.620
2.649
0.000
0.051
0.000
0.000
0.000
4.929
8.297
2.297
0.065
0.501
1.483
0.079
0.000
0.000
1.552
4.294
2.271
2.711
1.377
0.845
0.335
0.000
0.000
0.000
0.000
1.947
0.153
2.446
2.805
0.000
0.000
2.499
7.447
5.315
3.358
2.396
0.000
0.000
0.000
1.526
0.659
0.173
5.752
11.852
2.105
4.951
3.334
5.984
7.179
8.471
4.140
8.971
11.158
3.725
5.474
18.718
6.633
6.211
4.343
11.953
11.501
7.927
1.057
6.959
5.543
21.609
0.896
1.483
3.976
2.489
2.819
0.189
13.263
111.309
0.663
0.000
17.982
2.621
0.000
0.000
1.245
0.518
6.695
8.906
12.310
21.204
0.223
5.236
31.895
0.055
0.196
4.182
8.992
10.245
6.796
8.738
10.784
3.826
7.807
47.114
82.085
8.466
34.133
40.768
1.123
2.307
6.599
1.840
0.003
4.429
9.977
7.069
6.630
8.540
21.178
5.620
1.476
2.101
0.515
0.000
0.000
3.538
4.115
6.623
12.917
0.000
0.000
0.000
0.000
0.000
0.000
0.000
0.000
0.000
0.328
0.165
13.717
6.094
0.000
3.461
0.000
0.000
0.000
0.000
0.385
0.184
0.000
0.107
0.751
0.237
0.000
0.000
2.208
0.917
0.367
2.844
5.491
0.800
0.000
0.000
0.000
0.000
0.000
0.000
0.000
0.000
0.000
0.000
0.000
0.000
0.000
0.000
0.000
0.000
1.044
0.295
0.000
0.000
0.000
0.000
0.000
0.745
1.030
4.952
0.000
0.000
0.065
0.086
0.000
0.000
0.007
3.378
4.264
3.138
0.021
0.000
0.000
0.000
0.000
0.000
0.000
0.000
0.000
0.000
0.000
0.000
0.000
0.051
0.034
0.000
0.000
0.000
0.000
0.000
0.000
0.111
0.079
0.031
0.000
0.000
0.000
0.000
0.000
4.502
7.337
2.304
0.000
0.000
0.000
0.000
0.203
1.459
0.373
0.000
0.230
0.367
0.484
0.000
0.000
0.000
1.321
3.006
0.680
0.196
0.113
0.000
1.315
0.350
0.000
0.000
0.000
0.865
4.594
6.559
1.809
6.787
10.025
5.435
15.777
8.865
11.556
9.452
1.198
2.475
4.839
11.335
47.818
23.543
13.537
22.230
71.451
1.555
1.493
7.115
1.742
0.678
52.506
9.723
34.615
0.024
0.000
0.000
0.000
3.461
2.646
5.339
59.843
11.110
16.831
8.158
27.493
15.328
23.468
2.470
21.710
3.413
6.439
6.939
18.927
8.616
55.075
2.347
2.721
4.599
6.228
3.337
4.242
2.815
0.851
3.720
1.911
2.432
2.057
0.318
0.000
2.628
0.547
0.000
0.000
0.000
1.732
1.660
0.445
0.046
0.000
0.000
0.000
0.036
0.086
3.663
0.954
0.034
0.419
0.158
0.000
0.031
0.000
0.000
0.000
0.000
0.113
0.000
0.041
3.021
6.204
6.479
2.884
3.521
0.371
0.076
0.031
0.000
0.000
0.209
7.316
0.000
0.000
0.000
0.354
2.008
5.349
4.848
0.958
7.414
3.059
0.000
0.000
0.000
0.000
0.010
4.142
1.085
0.000
4.096
1.135
0.000
0.000
5.479
6.884
7.237
1.425
0.000
0.101
0.051
0.000
0.000
0.000
0.000
0.000
2.966
1.675
1.761
2.172
3.715
9.522
1.947
0.041
0.017
0.681
0.270
0.000
2.372
1.425
2.657
1.538
0.000
0.000
9.127
8.676
65.259
8.683
4.013
4.771
3.184
3.723
9.792
94.975
0.834
19.302
0.980
3.320
0.000
2.376
1.615
2.017
7.387
8.025
3.013
0.946
6.542
11.262
37.262
4.748
13.499
38.688
0.280
14.175
0.000
0.000
0.000
0.000
2.238
3.356
8.078
1.329
0.000
9.011
10.825
6.969
4.343
7.471
3.212
3.299
2.932
2.479
7.275
2.441
2.822
1.178
5.260
1.888
3.639
94.544
4.171
0.134
5.273
15.522
99.395
4.365
9.627
1.140
2.716
13.142
14.923
20.280
4.621
2.410
2.429
14.021
26.901
29.601
94.136
0.687
4.322
6.324
7.373
5.023
12.900
79.744
2.685
7.848
4.899
1.826
0.625
0.886
8.616
3.553
2.283
8.561
0.024
0.707
8.475
6.830
0.000
0.000
0.000
0.000
0.000
0.000
0.000
0.000
0.000
0.000
0.000
0.000
0.247
0.000
0.000
0.000
0.000
0.000
0.000
0.350
13.276
5.400
8.425
0.027
0.000
0.000
0.000
0.010
4.300
0.230
5.088
0.948
0.000
0.000
0.000
0.000
0.288
0.048
0.000
1.797
5.071
6.338
0.000
0.817
2.654
0.000
0.000
0.000
0.000
0.017
1.375
0.829
4.573
1.972
0.000
0.465
0.079
0.000
0.218
0.000
0.000
0.000
0.108
0.118
0.000
0.000
0.000
0.000
0.472
0.884
0.093
0.000
0.397
0.644
1.596
0.390
0.017
0.779
4.733
1.142
0.000
0.134
0.316
0.079
0.000
3.488
2.714
0.000
0.000
5.043
2.638
1.329
6.322
16.716
2.501
0.282
6.238
0.838
10.904
2.130
7.885
76.449
2.489
1.499
2.530
2.764
0.515
0.000
1.761
16.567
7.280
15.989
76.247
6.252
5.799
55.678
19.909
21.962
1.806
12.063
14.639
125.215
1.166
42.744
2.384
3.583
12.063
18.498
11.850
9.513
5.073
46.596
15.024
0.000
17.135
7.481
3.179
0.000
16.425
12.133
48.481
6.400
29.656
12.507
134.177
0.110
17.128
1.978
6.602
0.704
4.185
23.775
20.356
30.710
8.298
87.005
5.332
5.246
16.528
61.019
0.549
3.413
11.393
0.604
3.044
1.861
0.216
0.191
0.105
0.000
0.000
0.000
0.000
0.000
0.000
0.591
0.489
3.507
10.200
3.111
3.830
1.404
1.643
1.394
1.135
5.663
3.967
5.540
1.490
2.647
1.205
0.000
0.000
0.343
0.106
2.245
2.753
3.732
3.461
1.646
0.165
0.082
0.000
0.000
0.010
1.705
1.632
0.506
1.617
0.627
1.083
2.886
0.237
0.000
0.000
0.062
0.038
1.105
1.888
0.381
1.814
2.335
1.088
0.263
0.000
0.034
0.000
0.000
0.000
0.000
0.000
0.000
2.700
4.189
1.866
12.054
3.474
0.000
1.487
2.980
2.235
1.761
1.607
2.091
0.294
0.000
0.022
0.577
2.117
3.047
4.249
0.857
9.884
7.292
0.421
1.778
3.516
3.406
3.351
2.630
3.196
7.617
14.042
2.190
0.457
0.072
2.723
10.289
3.461
8.614
6.839
14.038
5.861
6.077
37.319
1.006
0.237
3.646
7.251
6.880
23.270
0.000
1.473
2.953
8.641
24.716
2.290
13.954
7.296
5.311
2.266
0.669
4.178
1.820
6.279
3.183
7.886
5.105
1.439
0.000
2.225
1.099
6.523
23.095
15.783
2.084
2.935
2.997
2.688
0.894
6.935
12.658
5.902
5.332
1.669
1.662
5.339
9.816
7.272
11.053
7.807
6.915
6.585
2.702
5.294
2.644
8.308
14.045
94.719
11.599
5.505
3.316
17.166
18.896
2.450
11.517
18.500
0.453
0.076
3.610
3.193
0.855
3.749
3.574
46.647
93.353
31.575
5.589
9.095
9.428
9.647
10.307
4.669
0.000
0.000
0.000
0.000
5.812
11.987
5.596
24.962
1.118
2.674
15.197
4.274
6.137
6.985
0.021
0.000
0.000
0.000
0.000
0.000
0.000
0.000
0.000
0.000
0.000
0.000
0.000
0.000
1.267
11.577
3.104
0.103
0.000
0.000
0.192
0.017
0.000
0.000
0.000
0.776
0.501
0.096
0.000
0.000
0.000
0.000
0.000
0.000
0.000
0.000
0.000
0.000
0.000
0.000
0.000
0.000
0.000
0.000
0.000
0.000
0.000
0.000
0.031
0.000
0.000
0.000
0.000
0.000
0.000
0.000
1.887
3.347
0.000
1.487
1.099
0.323
0.731
0.542
0.127
0.021
21.073
20.031
6.684
8.123
31.721
0.096
0.731
1.480
17.341
15.697
3.121
0.017
0.103
0.086
0.017
1.076
0.551
0.608
1.037
9.644
3.622
3.382
0.388
0.086
0.244
2.537
4.916
48.733
1.851
0.014
2.074
1.687
14.825
12.885
40.821
21.531
21.295
15.807
7.611
6.104
26.250
31.227
7.726
4.564
0.506
0.539
4.655
9.522
22.960
15.877
0.500
0.165
3.967
10.672
8.370
11.410
37.161
1.068
5.871
13.560
7.522
12.638
185.532
10.840
42.122
5.859
3.746
0.918
14.799
1.289
0.000
0.000
11.026
32.082
2.877
10.591
9.704
19.281
0.371
0.536
19.389
2.438
0.098
3.714
7.208
1.260
5.572
12.706
16.521
2.577
5.245
17.844
9.158
3.721
7.057
3.116
8.202
1.212
4.250
12.123
7.388
10.705
6.915
3.011
4.031
0.000
0.436
11.615
7.026
0.000
0.000
2.146
2.911
7.337
2.211
0.000
0.453
1.984
0.000
0.000
0.000
0.048
0.948
0.378
0.000
6.218
7.927
1.265
3.284
5.476
1.705
1.270
16.428
9.622
0.062
0.000
0.000
0.000
0.000
0.000
0.000
0.000
0.000
0.000
0.000
0.000
1.928
3.835
5.382
1.332
0.000
0.000
0.000
4.901
5.373
2.934
2.839
0.836
2.762
1.768
0.007
0.000
0.000
4.116
8.008
5.359
7.675
8.465
9.958
0.000
0.000
1.263
2.723
5.397
0.721
1.140
4.534
7.096
0.000
0.961
7.555
3.435
3.353
2.631
0.000
0.000
3.699
2.669
0.529
3.905
3.619
4.599
2.094
3.366
5.849
7.635
7.812
5.256
2.783
0.700
3.480
2.434
1.116
0.000
3.766
8.535
1.416
3.753
6.698
10.645
107.436
13.931
124.597
2.678
0.982
6.171
5.133
15.412
5.145
0.003
3.734
0.903
3.241
0.929
4.334
1.600
0.048
23.827
0.000
10.664
47.075
7.915
19.736
0.448
2.486
7.088
32.171
27.250
3.573
1.059
0.599
0.645
3.232
18.708
0.900
9.792
0.041
0.010
4.326
4.827
5.378
4.674
14.692
51.698
12.354
3.181
3.345
7.628
36.656
0.142
43.643
17.435
19.025
6.676
3.102
6.580
5.689
9.595
7.702
20.203
19.217
20.907
4.002
22.015
55.553
2.005
5.735
1.526
0.000
0.106
0.082
5.425
2.980
2.637
0.800
0.292
0.048
0.000
0.045
0.000
0.000
0.000
0.000
3.660
1.188
0.000
0.000
0.000
0.711
5.109
7.290
3.656
0.179
6.394
1.758
1.123
5.581
0.985
0.000
0.172
0.103
0.000
0.000
0.000
0.000
0.000
0.000
0.000
0.000
0.000
0.000
0.000
0.000
0.000
0.036
1.495
0.000
0.000
0.000
0.144
1.334
2.332
0.397
0.000
0.000
0.000
0.000
0.000
0.000
0.000
0.000
0.481
0.657
0.000
0.000
0.436
0.378
0.000
0.000
0.000
0.000
0.000
0.000
0.000
0.000
0.000
0.000
0.000
0.000
0.000
0.000
0.000
6.180
0.051
11.728
2.122
7.347
13.589
2.523
2.750
4.358
0.000
0.000
0.000
0.000
0.094
0.261
1.642
11.579
16.466
8.398
20.984
2.081
0.000
1.996
1.068
0.302
0.127
3.646
6.863
10.549
0.385
0.000
0.000
0.000
8.887
27.951
22.466
0.551
7.018
5.287
5.081
16.246
0.529
0.412
0.230
2.558
5.788
10.169
13.386
35.839
1.250
8.223
8.147
9.513
4.415
21.585
52.552
1.318
68.373
5.502
21.767
10.640
10.420
9.081
0.158
0.003
2.932
24.603
37.882
8.940
12.236
29.663
9.548
6.509
4.405
1.473
8.998
1.263
2.444
0.474
4.055
1.418
2.269
1.095
1.329
12.027
5.579
1.814
0.752
8.865
1.500
0.972
7.230
2.204
9.812
30.044
50.946
7.560
24.554
0.299
35.040
2.729
4.530
10.212
9.015
5.304
99.747
2.156
3.422
5.279
1.140
0.000
8.090
40.545
9.622
0.886
5.510
7.249
4.946
1.004
2.987
1.099
0.621
0.093
1.423
0.017
0.010
0.000
5.321
1.600
0.021
2.983
6.187
1.336
0.000
9.229
7.814
0.958
0.000
0.000
0.000
0.000
3.488
2.534
1.298
2.057
4.717
6.097
7.927
2.925
1.631
0.906
7.745
3.746
7.215
2.170
7.512
20.989
25.133
1.899
3.615
3.104
10.246
7.642
8.942
7.550
2.820
0.709
0.000
2.074
4.243
4.674
9.155
17.307
0.604
0.362
2.451
16.555
3.397
3.819
22.347
19.652
0.000
2.353
0.410
2.676
15.968
7.927
12.132
22.904
9.460
1.995
0.743
0.261
0.841
0.659
0.000
0.000
0.625
1.130
0.306
7.412
1.531
3.365
6.036
8.463
2.472
4.312
3.066
28.276
5.383
3.413
1.277
1.253
4.892
4.546
4.649
2.977
5.160
8.813
2.953
6.791
6.214
20.582
6.474
7.399
4.080
18.340
9.793
188.537
8.300
120.209
26.341
0.062
1.196
42.955
2.402
3.002
12.955
11.786
50.755
0.129
14.952
0.900
6.580
3.636
5.608
5.146
17.489
7.704
2.622
0.000
3.044
2.317
2.269
17.504
39.233
26.417
2.456
0.718
7.611
7.154
8.657
1.437
1.353
6.779
6.400
20.789
6.787
4.218
2.094
7.781
5.120
6.984
11.070
14.973
11.375
2.628
4.024
7.152
6.497
0.000
0.213
0.960
3.843
6.609
10.216
5.582
11.630
6.003
11.622
4.910
0.000
13.666
31.797
11.190
8.714
9.622
0.594
0.355
0.000
3.744
5.503
4.365
5.478
1.814
6.942
4.753
4.772
6.544
1.311
0.007
6.310
0.814
0.000
0.000
0.120
0.300
11.268
0.604
0.000
0.232
4.398
2.953
1.912
0.316
1.966
8.262
7.381
0.034
0.608
0.735
19.219
36.497
7.965
0.851
10.803
6.581
0.000
0.000
0.000
0.000
0.000
0.000
0.000
0.000
1.677
1.073
1.588
3.540
1.672
7.955
38.014
2.546
11.112
4.896
4.317
1.054
0.081
0.027
3.809
2.426
4.333
5.114
1.799
2.887
5.141
13.724
10.958
2.163
0.000
0.000
1.912
8.583
11.850
8.564
22.706
6.595
11.077
0.000
0.000
0.000
9.350
15.975
12.437
73.665
46.259
7.205
19.478
11.872
5.572
4.283
3.181
0.683
1.210
6.549
4.399
0.551
0.929
5.442
1.727
3.615
1.329
1.124
2.176
4.873
2.657
5.861
17.407
3.607
6.887
19.173
1.751
5.309
1.366
7.362
28.542
29.100
3.013
0.779
2.182
1.754
3.495
2.146
10.337
30.025
0.000
0.184
7.088
9.971
0.588
7.538
5.648
4.681
11.561
8.945
8.432
16.634
7.162
79.289
5.219
14.129
2.522
22.675
8.355
1.217
18.095
98.954
4.120
13.227
13.240
19.487
98.444
10.544
39.054
0.537
2.529
1.332
5.766
3.589
1.277
8.035
3.569
6.616
3.136
21.401
20.683
24.609
10.696
4.082
9.893
4.770
0.521
1.476
4.220
0.000
0.000
3.996
11.826
8.124
4.765
9.586
8.221
4.564
3.886
33.788
0.027
0.000
0.000
1.102
0.627
0.227
7.340
1.729
5.193
23.633
21.463
30.350
1.329
6.860
4.340
0.769
0.299
1.452
61.870
2.014
3.059
3.275
3.159
5.630
1.425
0.000
0.137
1.995
0.192
0.000
0.000
0.000
0.048
0.010
8.243
16.030
165.849
8.614
9.342
2.712
0.000
0.855
3.081
2.381
6.262
11.754
2.716
1.591
6.545
6.485
8.787
1.392
5.267
1.236
0.000
1.828
1.193
6.082
6.544
3.040
1.820
6.173
1.801
2.398
0.601
6.915
12.488
9.383
9.338
9.393
11.572
35.009
9.253
33.403
6.750
5.634
44.968
4.932
4.722
8.556
1.953
0.014
0.021
4.463
4.790
0.943
6.159
8.877
5.573
0.586
0.014
0.010
4.316
1.000
0.000
7.315
8.756
10.882
3.175
10.153
2.106
25.390
2.329
0.000
8.760
11.546
61.903
5.431
5.888
2.120
29.861
13.218
5.363
20.900
47.132
4.182
3.092
10.835
7.692
5.335
5.372
11.706
6.050
0.776
0.000
5.974
3.584
0.700
0.118
8.880
63.880
0.263
3.783
2.850
2.036
7.474
5.871
0.730
0.000
0.000
5.785
5.603
9.150
18.460
1.006
0.714
1.717
3.111
38.974
1.933
1.236
3.073
0.652
0.182
0.000
0.000
0.000
0.000
3.457
0.175
4.611
7.536
3.074
0.000
1.411
6.587
5.306
1.344
1.612
0.000
0.000
0.000
0.101
0.000
0.000
0.328
3.541
8.744
13.246
4.916
0.388
0.000
0.000
0.000
0.000
0.000
0.000
0.000
0.000
0.000
0.000
0.000
0.000
0.000
0.000
2.105
2.956
0.439
0.000
0.000
0.000
0.000
0.000
1.174
4.734
7.546
6.376
1.339
0.766
0.333
1.349
1.174
0.457
0.247
0.000
0.000
0.000
0.000
0.000
0.501
0.707
0.021
0.230
0.249
0.000
0.381
0.065
2.616
4.518
6.204
1.071
6.444
8.669
10.681
8.820
10.605
12.090
10.863
0.000
0.000
0.000
0.000
17.842
0.000
0.000
0.000
0.000
0.000
0.000
0.000
0.000
0.000
0.000
0.000
0.000
0.000
0.000
0.000
0.000
0.000
0.000
0.000
0.000
0.000
0.000
0.000
0.000
0.000
0.000
0.000
0.000
5.548
12.526
0.055
0.000
0.017
0.000
0.000
0.000
0.124
0.187
0.017
0.003
0.426
0.113
0.536
0.000
0.000
0.031
2.204
0.410
1.380
1.852
0.918
0.388
0.058
0.000
0.067
1.416
0.809
3.462
6.846
3.766
9.651
2.472
3.133
0.014
6.346
69.967
80.012
9.064
8.592
5.344
0.117
0.400
2.851
1.911
0.206
0.704
0.124
0.335
0.000
3.165
6.178
10.873
2.614
0.000
3.219
3.347
5.534
1.868
0.151
0.000
0.000
0.000
0.000
9.304
7.175
2.479
2.699
7.026
14.212
17.175
39.743
13.068
7.380
2.034
3.105
13.879
127.021
12.440
30.635
4.655
8.475
1.711
2.262
2.802
10.066
6.001
0.987
0.000
1.476
0.000
0.000
0.000
0.151
0.093
0.000
6.825
6.669
1.126
1.140
5.121
3.744
3.845
0.000
0.000
0.000
0.000
0.000
0.000
0.000
0.000
0.000
0.000
0.158
0.000
0.000
0.000
0.000
0.000
0.055
0.034
0.000
0.000
0.000
0.000
0.000
0.000
0.000
0.000
5.143
2.479
6.832
3.770
0.048
0.000
0.000
3.869
1.207
0.024
0.000
0.000
0.038
0.142
0.079
0.000
0.000
0.000
0.197
0.443
0.000
0.000
0.000
0.189
2.352
0.642
0.000
2.235
2.568
5.500
1.689
2.245
3.715
0.851
0.230
1.509
3.229
4.508
1.593
0.518
0.000
2.905
0.748
27.239
7.783
0.930
2.705
9.562
0.000
0.000
2.757
1.071
0.000
0.638
2.091
1.991
0.532
8.806
3.723
20.579
17.468
10.241
7.639
0.041
0.103
3.656
3.478
3.382
3.114
1.341
3.090
17.112
2.941
0.386
9.524
55.066
1.442
4.494
21.263
4.185
5.936
1.367
4.492
72.034
5.393
2.439
4.183
3.989
2.390
7.150
1.523
0.000
2.800
2.372
1.883
2.391
0.541
0.192
2.570
8.379
3.254
0.000
3.468
4.751
23.928
11.295
39.947
2.041
2.549
3.623
9.623
5.138
38.351
4.951
12.321
9.908
33.158
0.103
8.442
1.463
3.559
4.333
10.920
14.818
5.759
3.612
8.247
16.359
21.015
3.147
0.225
0.000
0.000
1.938
1.411
0.000
0.000
0.000
0.000
0.000
0.000
0.960
1.831
0.055
0.000
0.000
0.000
0.010
0.000
0.000
0.000
0.000
0.000
0.000
0.000
0.000
0.086
0.079
0.000
0.000
0.000
0.000
0.000
0.000
0.000
2.417
1.270
0.000
0.681
0.000
0.000
0.000
0.000
0.000
0.176
0.143
0.000
0.000
0.000
0.000
0.000
0.000
0.000
0.000
0.000
0.196
0.158
0.000
0.000
0.000
0.000
0.000
0.003
13.237
7.836
0.172
7.100
3.116
1.624
0.000
0.000
0.065
3.473
5.808
0.000
0.000
0.000
0.000
0.055
0.129
0.027
0.007
0.611
0.343
0.000
0.000
0.000
1.639
1.598
0.144
0.000
0.000
0.000
0.312
2.187
5.560
1.936
1.006
0.512
0.000
0.000
0.000
0.965
0.427
0.484
0.000
0.000
4.566
3.083
1.207
2.053
13.895
0.141
1.972
26.690
0.268
4.379
11.464
1.004
0.000
0.000
0.409
5.840
41.061
0.367
2.019
34.380
6.784
8.614
19.690
1.521
54.242
1.569
18.811
13.053
9.579
10.447
13.252
12.542
53.188
11.841
10.138
2.596
12.634
40.114
11.570
18.399
0.934
4.065
9.871
6.544
3.897
2.462
6.825
2.726
17.128
6.623
38.188
4.819
5.534
13.479
8.765
4.601
8.047
13.678
5.596
6.521
10.876
5.253
13.499
12.583
3.049
10.499
21.135
9.297
7.515
14.632
12.312
18.838
30.593
8.377
14.025
13.196
3.922
0.443
13.723
10.406
2.019
0.148
0.048
0.000
0.000
0.609
4.520
17.521
11.124
0.419
0.000
0.003
0.251
2.767
2.657
0.170
0.426
4.709
1.917
4.365
4.468
1.159
0.213
0.000
0.000
2.771
8.322
8.518
8.195
2.444
1.947
6.156
3.430
3.732
5.521
1.435
0.958
3.625
3.282
1.603
4.144
0.350
0.034
3.066
8.847
11.611
14.533
5.407
4.995
9.043
10.427
7.224
4.044
4.343
1.566
3.413
1.662
0.000
1.411
1.286
5.728
4.952
4.657
7.966
13.651
0.007
3.459
1.212
7.096
4.376
3.385
5.000
7.258
19.375
15.384
7.854
4.939
10.609
5.201
4.839
4.130
1.696
3.907
2.027
1.349
2.826
2.820
5.409
3.905
0.755
5.668
3.581
3.399
4.106
7.392
1.993
16.969
18.340
12.205
11.122
8.870
6.772
6.157
6.195
10.780
7.256
6.719
14.497
15.314
5.552
3.794
10.555
7.036
5.132
4.051
6.906
10.701
9.242
17.693
6.145
32.638
10.097
0.000
4.051
0.989
1.813
4.405
4.431
20.584
11.809
5.009
9.472
14.301
1.355
71.459
0.027
1.591
9.520
16.670
5.845
0.685
1.617
6.925
46.424
8.066
13.523
0.733
1.015
12.227
0.563
1.978
8.626
6.581
2.511
17.458
0.953
0.220
17.139
10.370
7.174
26.178
13.415
10.935
8.114
12.087
10.145
56.517
10.582
20.076
8.733
1.665
15.065
6.269
3.253
5.787
2.216
5.588
5.952
9.804
26.043
3.456
13.788
80.583
5.572
6.842
0.000
3.928
7.601
0.034
0.436
1.778
0.599
3.797
1.366
0.000
1.037
2.221
9.515
0.000
0.000
0.000
8.072
3.748
6.717
14.490
18.101
1.662
2.160
3.636
5.119
0.065
0.000
0.010
0.000
0.000
0.000
0.065
6.001
10.581
1.720
0.024
0.182
0.807
0.000
0.948
0.371
0.000
0.027
2.218
2.774
1.001
0.282
0.000
0.000
0.000
0.000
0.000
0.412
0.072
0.000
0.000
0.027
0.007
0.000
0.000
0.093
3.062
3.162
2.565
0.978
8.274
17.561
21.119
4.415
23.904
69.935
7.874
25.526
8.954
14.426
28.043
4.135
2.275
0.014
0.817
10.307
7.320
11.230
1.851
3.528
4.695
0.865
0.103
0.021
0.000
0.059
0.939
5.687
2.388
3.569
5.576
10.095
8.444
2.022
7.308
6.434
2.187
6.386
9.669
2.180
0.669
6.003
7.912
3.378
8.389
14.631
7.515
9.726
8.640
23.264
48.649
1.923
15.101
18.958
34.428
16.758
17.067
3.337
0.203
5.768
2.908
2.474
0.529
0.000
0.000
0.000
0.000
0.000
0.000
4.800
11.237
47.811
2.486
14.368
17.255
17.010
85.369
7.030
31.879
3.747
19.298
10.525
6.923
4.268
15.897
30.952
19.737
5.464
52.970
5.292
6.766
2.175
3.932
1.936
0.285
0.604
9.785
4.655
0.985
0.644
0.603
0.177
2.436
0.000
3.512
4.990
11.434
9.428
23.222
0.017
0.000
0.627
4.856
54.754
5.696
1.003
13.390
15.597
3.071
3.567
1.582
0.007
3.207
27.986
5.728
6.412
0.990
4.492
6.300
5.514
1.054
4.671
7.756
2.376
1.996
14.384
47.486
0.000
6.434
4.879
7.637
4.352
2.575
1.967
5.545
6.207
2.729
3.131
2.338
1.408
3.413
0.000
0.000
2.050
0.439
0.000
0.000
0.000
0.000
0.858
2.692
0.982
0.000
0.000
1.310
3.193
0.906
0.000
0.000
0.000
2.632
6.369
5.073
1.200
6.314
5.174
0.968
2.177
1.751
0.268
0.522
5.699
5.428
0.621
0.834
5.263
5.485
9.229
2.704
26.247
2.304
1.586
24.306
3.756
5.994
15.003
31.841
2.990
1.401
3.571
37.745
30.755
1.941
6.961
2.328
1.598
5.491
42.833
10.853
9.904
9.029
112.478
7.533
3.960
54.072
7.083
0.927
4.147
2.232
1.883
1.773
4.984
15.583
1.028
4.248
88.199
13.790
32.259
7.170
0.118
5.786
1.995
0.355
0.856
10.104
4.122
0.003
0.034
3.591
3.347
37.720
0.872
2.840
2.505
2.779
1.816
8.410
6.046
7.428
25.875
10.288
10.332
0.748
4.980
2.585
1.608
6.195
4.518
2.424
18.078
1.521
0.589
6.039
9.215
24.288
5.982
2.809
6.670
1.984
4.488
6.707
3.934
27.057
2.851
0.266
3.531
8.586
3.577
0.927
5.321
5.557
0.003
0.010
1.215
1.967
6.551
10.474
2.815
0.601
6.805
5.424
3.728
2.592
9.338
3.406
7.546
12.291
3.358
0.027
0.000
2.918
8.195
14.193
11.992
2.407
12.799
3.742
4.580
3.495
1.607
0.000
0.288
0.096
0.240
0.100
5.764
13.249
9.074
0.288
1.085
0.137
0.000
0.000
0.000
3.025
13.901
3.656
10.073
11.443
0.069
0.000
0.000
0.000
0.000
0.000
0.000
0.000
0.000
0.000
0.000
0.000
0.000
0.263
0.048
0.000
0.000
3.426
6.458
1.531
0.000
0.000
0.000
1.068
0.484
5.208
1.123
0.917
6.029
1.195
0.000
0.000
0.000
0.000
0.000
0.000
0.000
0.000
0.000
0.000
0.168
0.041
0.000
0.096
1.816
0.930
1.147
10.688
13.630
10.083
1.548
10.217
0.127
0.275
0.045
3.838
2.532
2.678
6.571
8.504
1.861
0.000
0.000
0.000
2.125
0.539
0.000
0.000
1.833
1.275
0.100
0.000
0.038
0.493
0.292
1.205
0.007
0.007
3.926
7.268
0.206
0.130
4.647
3.201
0.342
0.000
4.034
10.255
25.546
3.464
1.031
0.100
0.000
0.000
4.855
1.064
0.076
1.214
8.944
10.890
6.290
6.660
7.469
4.994
9.278
13.038
6.194
6.614
2.396
0.237
0.000
1.281
7.154
11.477
4.211
4.745
4.043
7.811
8.295
12.325
8.779
9.132
4.525
1.564
2.427
13.312
9.895
17.025
50.597
1.428
1.143
6.581
2.922
2.431
4.851
22.937
9.108
5.277
2.050
0.687
0.000
2.959
6.520
10.513
2.414
12.765
0.134
0.000
0.000
3.212
5.157
9.271
8.631
10.842
5.915
0.996
5.555
6.551
4.964
0.652
1.734
4.333
1.490
0.000
0.000
0.000
0.007
12.741
8.023
0.000
0.000
0.000
0.000
0.000
0.000
0.038
0.038
0.000
0.000
0.252
4.743
0.506
0.000
0.000
0.000
0.000
0.000
0.000
2.444
3.639
0.151
0.000
9.832
12.179
4.051
1.011
0.000
0.000
0.000
0.000
0.000
6.440
10.341
9.647
20.801
1.401
0.000
10.243
5.907
4.987
12.136
16.737
3.390
1.145
0.369
1.465
0.000
0.000
0.000
0.000
0.000
0.000
0.000
0.112
0.204
0.039
0.000
0.000
4.630
3.062
6.351
1.454
0.378
9.977
2.398
0.640
8.084
8.071
3.026
5.637
9.368
3.028
4.566
4.007
6.887
5.313
0.736
0.941
3.619
7.330
6.384
3.996
2.829
4.738
3.011
3.114
12.168
14.778
0.360
5.025
6.278
0.879
4.522
1.140
8.298
48.355
5.732
2.147
4.546
5.713
6.838
1.069
0.000
5.929
5.994
6.554
2.542
0.847
6.096
14.593
8.112
5.182
7.278
1.368
0.000
2.218
5.265
10.308
6.951
11.679
68.532
0.000
4.976
10.883
3.469
1.176
13.426
17.674
4.669
5.112
1.473
4.247
5.935
3.404
4.760
2.327
13.548
13.992
33.500
10.714
11.712
9.323
5.416
0.000
4.752
0.563
1.385
0.048
0.000
0.000
0.000
0.000
0.539
0.292
0.405
0.177
1.528
0.917
1.658
7.258
12.471
0.000
1.871
2.427
1.035
0.343
0.000
0.000
0.000
0.000
0.000
0.000
0.000
0.000
0.000
0.000
0.488
8.985
0.000
0.000
0.000
0.000
0.000
0.000
0.000
2.146
1.511
0.769
0.000
0.000
0.000
0.000
0.000
0.000
0.000
0.000
0.000
0.000
0.000
0.000
0.000
0.000
0.000
0.000
0.000
0.364
0.065
0.000
0.893
0.196
1.400
2.039
0.604
0.098
0.031
0.000
0.000
0.000
0.000
0.000
0.000
0.000
0.000
0.000
0.000
0.000
0.000
0.000
0.000
0.000
0.000
0.000
0.000
0.000
0.000
0.000
0.000
0.003
0.000
0.000
0.000
0.000
0.027
0.014
0.247
6.551
8.562
0.319
0.077
2.642
5.819
2.400
24.777
81.840
14.780
0.666
2.721
2.580
3.914
0.666
0.089
0.170
0.290
1.972
0.587
1.960
9.884
19.853
27.787
74.374
13.953
2.616
9.390
7.146
1.109
1.195
3.708
2.573
4.333
4.049
1.016
0.024
0.000
5.849
1.545
0.000
4.772
4.319
7.677
5.175
1.414
2.434
10.909
11.036
19.606
31.941
5.996
8.017
1.287
0.000
0.845
0.666
0.151
0.000
0.872
3.510
0.718
1.148
1.299
3.718
7.006
4.872
9.697
30.836
9.160
143.088
53.867
14.445
3.833
3.595
1.627
11.242
26.844
2.946
13.258
3.086
10.442
3.603
3.898
14.483
65.436
7.376
6.111
1.263
2.173
1.883
7.692
0.007
0.961
1.392
9.261
16.019
0.014
3.117
1.821
0.000
0.000
0.000
0.000
0.000
3.188
4.564
13.406
10.055
1.559
0.093
6.271
1.880
0.000
0.680
1.502
0.268
0.000
0.000
0.000
0.000
0.000
0.000
2.190
11.742
0.762
0.000
0.000
0.000
1.627
0.467
8.298
14.928
14.543
7.857
6.585
3.279
0.563
6.307
9.338
1.631
0.000
0.000
5.394
7.361
1.377
2.036
1.569
0.158
6.025
3.107
3.797
4.226
0.618
7.251
4.640
0.000
3.234
13.899
4.446
2.549
1.612
4.362
1.138
0.347
0.000
0.000
0.000
0.074
0.031
4.530
1.640
0.031
0.094
1.621
0.597
1.938
0.766
4.419
1.490
1.277
0.767
4.954
1.135
5.529
2.434
0.918
5.423
7.357
6.813
7.218
2.245
2.566
2.204
3.411
4.290
5.352
12.221
9.258
3.325
15.664
3.445
1.667
0.525
2.596
7.670
3.236
12.722
19.564
9.572
8.858
1.150
2.608
0.441
3.140
8.144
1.473
2.958
0.951
3.092
1.037
6.324
5.996
3.353
6.218
6.123
7.493
28.439
5.426
7.404
1.969
3.171
21.200
13.941
3.507
7.265
2.856
1.009
5.253
4.941
11.275
1.929
0.764
6.798
28.225
2.925
4.836
14.809
30.473
22.275
0.000
0.000
5.023
2.736
0.230
0.000
0.354
4.024
12.243
7.608
15.436
28.693
5.212
6.080
4.772
2.630
15.331
9.275
17.659
3.354
0.007
1.967
4.978
32.113
34.234
7.804
0.000
0.038
8.065
6.111
13.721
4.504
5.737
9.368
8.267
4.552
4.969
54.165
0.512
3.162
12.906
2.021
5.544
13.517
22.505
16.661
12.753
8.130
6.545
14.883
5.363
5.128
7.763
4.920
6.762
0.077
3.392
0.735
0.062
0.112
0.000
0.000
0.000
0.000
0.108
6.613
16.249
0.894
0.014
0.000
0.000
0.112
0.048
4.429
1.210
0.000
0.000
0.000
0.000
0.000
0.000
0.000
0.000
0.000
0.000
0.000
0.000
0.000
0.000
0.000
0.000
0.000
9.836
17.056
6.279
0.151
0.000
1.749
3.109
0.000
0.000
0.000
0.000
0.000
0.000
0.000
0.000
0.000
0.299
0.055
0.000
0.000
6.211
1.730
0.000
0.283
0.812
0.205
0.000
0.000
0.000
0.014
0.000
0.000
0.000
0.000
0.000
0.000
1.735
0.819
0.748
13.040
4.053
0.534
0.000
5.380
4.678
5.661
28.135
19.455
2.199
0.364
0.233
5.991
1.650
6.252
62.995
25.725
2.716
4.734
1.954
2.592
0.505
0.395
50.053
110.035
18.035
7.553
10.602
46.455
5.157
9.919
21.609
2.383
3.217
1.421
5.445
10.959
17.053
6.001
12.160
0.000
14.052
9.513
3.107
10.028
2.273
3.845
7.718
1.318
0.000
0.000
0.488
0.000
0.000
5.359
13.685
17.417
0.000
1.579
0.000
1.370
1.143
8.013
1.493
4.734
11.900
3.653
2.201
10.767
15.657
3.746
22.024
43.046
36.457
0.014
3.845
1.377
1.241
33.809
5.219
0.563
0.000
22.759
11.831
11.573
26.724
11.601
3.684
14.876
13.819
25.868
0.972
9.719
6.437
0.000
0.163
0.484
0.055
0.000
0.000
0.000
0.000
0.000
0.000
0.000
0.000
1.524
0.271
0.000
0.000
0.000
0.000
0.000
7.963
8.767
1.854
0.000
0.000
0.850
1.217
3.407
0.000
0.014
0.000
0.000
8.696
10.535
1.442
8.571
6.588
0.927
0.089
0.038
0.000
0.000
0.000
0.000
0.000
0.000
0.000
0.000
1.476
3.176
3.529
1.284
0.000
3.828
8.015
1.476
0.366
0.240
0.000
0.000
0.000
0.000
0.000
0.000
0.000
2.791
4.189
0.673
0.199
4.916
4.051
8.295
3.619
19.161
8.255
13.197
49.598
1.902
6.480
10.574
4.677
4.580
3.572
4.494
0.814
0.839
4.195
11.572
32.525
2.509
1.281
6.834
9.641
6.736
2.571
3.957
43.847
19.779
0.000
3.684
6.027
2.517
6.144
125.344
8.243
20.728
4.005
1.404
0.065
4.992
1.387
0.000
0.000
7.479
13.721
45.677
0.000
1.715
20.673
10.439
32.375
3.874
2.328
8.085
0.958
4.769
8.303
10.619
20.943
19.973
1.293
13.613
19.679
69.743
5.512
4.662
11.773
15.743
11.124
5.912
10.626
1.878
10.097
3.845
5.315
12.840
8.302
22.522
0.000
0.000
0.000
5.033
9.740
0.954
0.000
4.964
2.372
1.528
0.790
1.682
0.597
1.061
0.402
0.000
0.000
0.000
0.000
0.000
5.775
1.511
0.000
0.000
0.000
0.000
0.000
0.000
0.000
0.000
0.000
0.000
0.000
0.738
5.744
8.878
11.312
11.594
1.456
2.012
5.236
0.851
0.000
0.000
0.000
0.000
0.000
0.000
0.000
0.000
0.000
0.000
0.000
0.000
0.000
0.000
0.000
0.000
0.000
0.105
0.017
0.000
0.000
0.000
0.000
0.000
0.000
0.000
0.000
0.000
0.000
0.000
0.000
0.000
0.021
0.000
0.000
0.000
0.000
0.000
0.000
0.000
0.000
0.000
0.000
0.000
0.000
0.000
0.000
0.000
0.000
0.000
0.000
4.209
1.068
0.000
0.000
0.000
0.000
0.436
4.576
3.735
0.683
0.003
0.275
2.149
0.170
5.255
7.872
1.408
0.106
0.014
0.000
0.000
0.000
0.000
0.000
0.000
0.000
0.000
0.000
0.000
0.000
4.240
8.974
5.280
5.267
4.017
3.059
20.098
12.693
9.647
9.441
1.408
8.957
5.449
12.342
14.413
1.933
4.958
10.077
5.594
1.092
0.000
1.253
8.113
6.073
2.015
5.610
8.065
22.829
20.950
20.493
17.963
14.207
4.268
20.332
12.854
8.408
7.296
77.869
9.311
6.015
16.013
89.834
30.096
22.168
114.711
3.680
2.805
2.067
7.466
1.399
1.651
9.876
6.294
0.508
0.230
6.271
0.824
3.713
14.105
2.266
7.699
8.348
2.398
1.084
0.000
5.194
12.445
6.283
13.576
49.726
12.073
17.659
1.952
25.993
5.208
1.464
3.892
2.283
9.489
7.783
7.800
9.328
35.881
5.359
4.906
8.120
0.913
0.000
1.566
10.145
12.123
2.905
11.879
7.443
2.317
8.319
13.290
7.096
23.662
0.601
8.988
15.302
11.817
4.082
1.133
0.000
0.000
0.000
4.738
4.120
15.676
0.000
0.000
0.338
5.929
2.182
3.761
8.501
11.546
0.237
3.229
11.592
6.273
0.000
0.000
2.331
1.669
0.000
0.000
0.000
0.000
0.000
0.000
1.157
6.698
6.561
0.000
0.000
0.000
1.179
5.960
18.965
13.978
0.254
0.000
1.919
0.989
1.957
6.145
4.988
1.394
0.000
1.744
1.555
2.372
2.843
2.156
0.302
2.606
10.291
9.407
14.948
3.893
2.877
0.529
0.206
1.397
3.100
1.463
4.278
13.977
0.000
1.430
2.905
3.744
8.562
14.895
8.458
13.714
8.535
3.945
0.010
9.077
4.782
4.168
4.302
2.735
14.347
11.270
12.756
10.667
5.479
53.673
0.000
9.052
14.179
27.404
5.685
0.548
2.400
3.083
16.007
14.368
1.157
3.214
5.112
4.412
19.731
30.600
6.925
139.859
9.987
14.639
9.002
1.449
17.091
78.436
3.279
7.924
11.625
112.085
32.252
103.416
0.611
5.934
5.368
7.648
2.553
0.218
11.419
2.602
1.998
7.457
0.222
5.282
5.383
2.427
0.000
8.374
3.088
18.200
65.727
3.395
79.050
0.426
13.102
4.349
1.711
0.194
0.000
3.650
3.253
2.158
6.242
2.626
14.943
5.192
3.370
0.838
0.000
3.177
2.644
5.633
22.870
5.370
2.026
0.342
6.654
1.421
8.648
13.910
0.034
3.859
3.823
4.336
0.718
0.503
0.216
0.000
0.000
0.000
0.000
0.014
1.432
1.145
0.000
0.000
0.000
0.000
2.118
19.308
0.237
0.000
0.000
0.000
0.000
0.000
0.000
0.000
0.494
0.113
0.000
0.000
9.871
14.426
0.154
0.000
0.000
0.000
0.225
0.755
0.534
0.285
0.615
0.378
0.220
0.000
0.000
0.000
0.000
0.000
0.000
0.000
0.000
0.000
0.000
0.000
0.000
0.000
0.000
0.000
0.000
0.000
0.000
0.000
0.000
0.000
0.000
0.000
0.000
0.000
0.000
1.445
0.360
0.017
2.482
7.924
0.474
2.187
4.405
0.975
3.553
14.157
7.388
0.000
0.000
0.000
0.000
0.000
0.000
0.000
0.000
0.173
0.482
0.227
0.072
0.000
0.000
0.027
0.007
0.000
0.445
0.112
0.000
0.364
1.202
1.396
0.158
2.185
9.908
46.682
42.038
12.288
0.841
0.000
4.501
27.201
20.496
21.126
4.255
5.263
1.598
3.118
0.799
2.079
9.538
0.508
10.822
29.141
76.934
11.452
11.956
0.191
9.859
63.403
5.285
17.166
53.513
11.949
40.821
4.954
6.496
6.404
0.752
7.186
35.541
4.836
10.337
2.335
0.676
2.963
2.077
0.508
0.295
7.134
1.490
0.034
0.103
0.731
44.762
10.190
9.908
12.734
157.070
15.942
28.197
1.940
1.198
0.232
11.131
5.761
0.460
3.032
12.881
0.124
0.000
0.000
7.828
1.837
1.397
12.971
6.631
0.445
0.687
0.474
1.507
1.610
1.229
0.000
0.235
0.000
0.058
0.000
0.000
3.344
8.762
1.272
0.000
0.000
0.000
0.000
0.000
0.261
0.096
0.000
0.029
3.708
3.169
1.160
4.214
2.451
0.000
4.103
5.637
0.766
0.000
2.261
2.913
5.783
1.251
7.563
2.822
1.449
5.577
7.502
1.677
1.703
3.803
0.252
1.972
1.004
0.082
17.394
5.996
10.992
2.390
0.000
0.000
0.582
2.506
1.135
1.766
4.724
1.363
0.000
0.000
1.411
0.987
0.000
0.000
0.385
4.867
1.859
0.000
1.682
2.934
0.807
0.486
2.652
1.124
12.183
4.655
0.010
1.373
10.370
9.620
5.668
3.917
4.230
1.717
8.542
22.601
59.038
7.573
2.274
3.464
7.957
3.574
54.832
6.781
2.075
3.268
8.049
9.747
12.313
4.868
5.673
11.487
2.442
0.000
7.157
11.321
46.997
14.487
18.579
18.749
14.123
57.153
0.000
0.000
6.973
16.121
20.560
17.717
37.141
3.416
16.121
6.022
5.867
34.729
3.140
0.338
1.202
5.364
1.121
2.681
21.927
10.593
18.567
1.632
0.393
0.118
7.308
8.274
13.659
15.795
174.750
0.629
4.606
4.689
6.595
31.749
3.752
12.822
10.074
41.899
6.147
44.603
13.052
13.554
0.111
0.467
5.376
3.110
56.015
5.519
26.736
9.513
1.473
0.000
0.007
0.738
5.855
2.620
4.135
8.774
8.768
2.517
0.144
1.064
0.649
6.872
1.854
0.000
0.000
0.000
0.000
0.318
0.515
4.084
55.354
9.465
0.024
1.928
1.282
1.027
3.085
3.552
1.133
0.000
0.000
0.000
0.000
0.254
0.069
0.003
1.648
0.292
0.000
0.000
0.000
0.000
0.000
0.855
0.716
0.072
0.000
0.000
8.490
8.017
9.448
3.035
3.564
26.731
6.463
18.385
41.130
6.904
0.000
0.000
2.544
1.720
0.302
10.430
24.678
1.497
0.000
0.000
0.000
0.110
0.017
0.000
0.000
0.498
0.130
0.000
0.000
3.068
22.670
4.281
0.000
1.926
11.498
1.885
0.000
0.000
0.838
2.379
0.000
0.000
0.000
0.000
0.000
0.000
0.000
0.659
0.306
2.534
6.537
7.248
7.929
2.194
6.681
5.510
14.296
3.928
4.623
5.397
3.210
0.127
0.021
0.000
0.288
0.117
0.000
0.357
4.580
4.748
5.140
0.869
0.000
3.866
5.009
0.680
1.215
3.258
1.511
1.569
1.595
3.248
2.970
6.563
10.090
0.652
0.000
6.583
2.400
0.000
5.304
1.986
16.447
111.861
2.245
3.021
3.176
5.352
4.022
9.819
5.445
5.955
22.235
12.027
6.933
0.021
4.571
1.346
6.527
2.089
0.117
3.243
7.948
4.231
52.876
2.371
3.480
19.662
10.966
12.018
11.446
5.130
3.303
5.150
17.166
8.868
122.916
20.934
31.920
5.785
39.992
0.134
3.184
5.733
30.907
10.230
6.008
2.741
7.273
1.435
0.000
9.407
17.403
26.796
21.500
16.861
35.745
36.442
35.208
3.210
4.546
6.824
5.890
27.460
20.355
2.788
12.106
4.927
5.445
4.365
3.833
2.017
0.362
0.553
3.971
4.471
4.523
3.327
1.715
0.021
7.508
9.089
7.986
7.618
3.287
4.089
0.549
5.630
5.792
7.866
6.130
4.398
5.641
10.398
21.727
37.680
10.780
3.318
14.331
2.106
6.396
1.972
4.098
1.489
0.000
0.000
2.592
1.142
0.000
0.000
0.000
1.170
2.419
2.908
6.056
4.594
3.722
4.872
4.137
2.632
0.000
5.239
1.950
4.594
4.827
5.102
11.776
6.715
16.476
86.126
3.447
4.044
0.340
2.074
12.744
15.810
8.326
7.601
11.742
24.826
4.810
4.679
6.056
8.961
2.819
1.267
0.656
3.722
1.392
0.687
2.966
4.060
1.952
0.465
0.000
0.000
2.534
0.484
7.035
3.346
4.192
4.166
7.508
8.018
10.672
6.238
5.636
10.085
5.354
17.650
4.432
5.138
20.311
37.259
0.223
0.711
4.425
1.669
12.967
9.273
29.879
46.469
6.763
2.846
4.405
0.110
5.215
6.276
3.581
82.044
9.179
0.621
3.045
6.458
2.448
3.052
2.159
2.108
49.473
1.069
14.763
37.402
1.147
16.368
14.535
11.244
34.973
7.639
11.524
3.662
0.872
3.562
1.456
1.639
16.826
27.548
106.705
3.732
13.775
26.433
3.274
21.586
6.765
14.586
4.154
2.328
5.960
94.120
12.198
4.069
3.081
1.964
0.415
0.072
0.000
1.456
0.838
0.405
0.268
6.465
10.296
8.566
8.247
0.014
0.000
0.000
1.442
14.588
8.387
0.072
0.000
0.000
0.000
0.000
0.000
0.412
2.870
2.019
1.157
1.566
3.468
5.133
2.735
1.418
0.474
0.000
0.000
0.000
0.000
9.517
23.384
13.414
8.319
3.241
0.089
0.000
0.000
0.663
0.381
0.412
1.765
7.237
1.298
0.306
0.130
0.014
0.000
0.000
0.000
0.000
0.000
0.000
4.796
9.170
0.000
0.000
0.000
1.200
11.231
16.628
8.108
12.984
0.964
0.198
1.062
0.833
0.014
0.000
0.000
0.141
0.183
0.000
0.000
0.000
0.435
0.434
0.000
0.000
0.000
0.000
0.000
0.000
0.000
0.572
6.724
0.000
0.000
2.800
4.230
1.016
8.580
0.000
0.649
0.553
1.291
0.021
0.000
0.000
0.000
0.875
2.815
0.903
5.493
1.627
2.305
4.022
5.191
13.366
9.572
8.892
2.571
0.340
3.368
0.175
4.863
1.439
6.597
1.950
1.267
17.897
12.018
59.889
14.729
26.029
11.496
11.852
8.132
14.380
121.854
12.009
3.181
1.003
7.090
13.843
7.663
2.187
10.200
3.960
0.000
1.940
0.038
10.676
36.207
13.724
96.293
7.976
30.370
23.289
16.804
7.431
14.636
41.880
6.075
2.276
4.364
16.988
20.881
21.746
18.926
7.694
3.267
7.990
3.772
21.248
6.719
6.283
12.813
0.000
0.000
0.007
2.637
0.797
0.108
7.117
3.174
3.462
6.509
8.219
10.921
15.594
1.023
0.676
6.798
3.159
2.915
9.711
8.247
5.933
1.208
0.031
1.909
10.624
8.175
0.824
14.691
4.700
1.421
3.282
4.305
3.212
7.677
4.640
1.212
0.656
0.000
0.000
0.000
0.000
0.000
0.000
0.000
2.388
2.511
0.673
0.000
0.000
2.492
1.030
0.000
0.000
0.000
5.600
2.192
0.966
5.047
4.151
0.764
0.347
2.855
4.839
3.397
0.778
0.000
9.004
5.383
4.327
11.268
25.015
0.352
1.130
6.005
0.175
1.883
1.090
1.469
9.780
3.409
4.046
1.662
0.108
0.158
0.000
3.971
7.618
1.842
8.997
7.042
6.250
3.638
0.633
0.000
7.114
10.380
6.825
1.806
12.049
0.752
0.177
9.024
12.843
5.117
4.034
2.525
6.790
0.694
10.137
14.962
14.009
1.430
1.706
1.979
4.839
8.058
7.375
3.476
7.651
8.707
3.157
3.018
1.838
4.868
1.008
4.405
3.416
7.262
4.060
1.183
2.050
2.788
7.078
10.052
3.531
9.481
45.204
7.029
6.465
6.214
7.213
6.672
2.376
10.986
37.415
88.850
12.092
26.958
83.475
2.491
3.533
2.287
1.418
8.456
0.620
1.897
5.591
7.469
1.826
2.391
10.792
21.774
3.646
37.101
4.307
1.962
1.895
8.714
7.287
4.551
12.572
18.855
0.032
2.596
2.221
1.394
7.958
6.825
10.262
1.892
1.842
2.625
21.454
3.323
4.801
0.490
4.590
9.404
15.399
6.374
5.194
12.884
20.829
1.559
0.000
0.000
3.866
14.591
2.719
2.321
6.897
12.421
18.945
16.129
4.961
6.705
15.388
1.586
0.508
0.189
0.000
0.000
1.826
0.532
1.823
0.900
4.381
1.298
0.000
5.157
1.734
0.014
0.000
0.000
0.000
0.000
0.000
0.000
0.000
0.000
0.000
0.000
0.000
0.527
0.151
0.000
0.000
0.000
0.000
0.000
0.000
0.000
0.108
0.024
0.000
0.000
0.000
0.000
0.000
0.405
4.365
8.288
0.000
0.000
0.000
0.000
0.000
0.000
0.000
0.000
0.000
0.000
0.000
0.000
2.747
3.210
0.561
0.000
0.580
2.544
0.488
3.323
12.487
4.282
13.544
0.000
0.000
0.000
0.000
0.000
0.000
0.000
0.000
0.000
0.000
0.000
0.000
7.857
8.171
3.047
1.445
0.779
4.470
6.255
1.289
0.429
0.014
5.277
9.656
0.827
11.149
115.727
6.087
4.673
9.089
26.224
30.927
21.279
8.494
14.301
9.326
2.868
6.030
6.525
13.395
0.194
12.842
5.058
10.446
33.665
4.407
1.893
0.209
0.205
0.895
1.451
0.768
6.109
2.887
4.116
2.708
17.886
8.933
5.522
8.876
0.508
1.475
13.237
5.158
22.075
33.831
6.134
3.606
4.989
15.172
63.515
0.240
48.223
7.052
0.014
5.370
4.822
16.188
24.009
0.045
6.015
8.992
2.177
12.185
1.270
4.940
3.862
4.391
8.223
15.494
4.012
8.175
7.258
21.471
2.743
31.905
6.152
3.763
1.219
23.377
11.659
4.927
5.939
3.186
6.197
2.026
0.120
0.000
7.749
2.345
5.751
0.031
1.607
2.187
5.067
3.148
0.759
2.211
0.927
0.000
2.537
4.944
3.728
7.828
1.181
0.000
8.223
4.659
0.439
2.623
4.137
0.000
0.000
0.000
0.000
4.455
2.295
7.148
5.000
1.155
0.000
0.000
2.748
3.860
3.049
3.035
7.172
2.022
1.893
4.954
3.241
2.822
4.358
14.399
7.821
3.960
0.776
5.229
3.763
0.798
4.113
5.243
6.218
7.026
8.789
3.059
0.165
9.680
14.318
3.885
5.677
7.874
0.166
12.852
8.590
15.571
6.176
10.260
2.314
0.283
12.851
1.342
8.398
10.672
5.619
12.504
49.471
17.679
1.717
0.086
0.802
2.417
18.575
36.344
3.837
15.336
16.792
6.672
1.399
0.712
7.888
19.449
1.233
0.324
0.000
2.304
4.861
53.589
2.929
0.908
2.731
7.227
2.319
2.697
3.526
0.975
13.875
2.966
27.229
34.567
4.419
14.230
23.638
21.822
5.697
0.003
2.537
2.846
0.336
1.689
15.226
11.786
67.075
9.211
8.806
46.407
2.122
11.745
9.663
11.045
20.829
8.538
15.999
7.790
9.297
3.866
2.939
2.537
0.800
6.120
7.541
1.861
0.570
3.969
16.780
1.447
2.923
7.069
12.281
4.554
6.157
1.559
12.952
15.362
1.234
8.726
10.866
3.797
7.436
7.915
8.569
1.907
0.000
0.151
2.335
12.610
14.613
9.395
0.620
0.000
0.000
4.111
2.230
1.231
0.242
0.072
1.409
7.869
1.717
1.221
2.256
0.635
0.000
4.939
11.443
8.155
9.201
9.076
12.621
35.556
11.165
10.501
4.358
8.011
4.219
0.536
5.984
1.251
0.000
0.893
2.905
0.453
0.000
0.000
0.000
0.000
0.000
0.000
0.000
0.000
0.027
0.845
4.765
10.317
1.672
0.014
0.000
0.124
0.034
0.989
0.189
0.371
0.209
0.000
0.000
0.000
0.000
0.137
0.024
0.000
0.000
0.000
0.000
0.000
0.000
0.000
0.205
0.039
0.169
0.000
0.453
0.079
0.212
0.000
2.671
0.530
0.000
0.000
0.119
0.039
0.450
0.079
5.936
3.398
2.101
0.681
2.790
0.551
0.183
0.098
0.516
0.277
5.785
7.839
0.983
0.000
0.000
2.498
6.873
7.781
53.739
21.707
0.184
0.058
0.300
0.247
0.000
6.528
4.789
1.250
0.618
2.632
0.738
0.000
0.348
0.371
9.531
6.003
5.589
6.297
1.030
1.289
8.978
23.213
18.163
15.527
51.903
16.124
4.245
7.900
7.811
4.395
1.869
10.576
5.503
10.446
48.009
18.807
87.590
36.088
0.190
0.000
0.000
0.007
7.448
3.064
5.521
10.579
13.683
20.575
60.605
23.088
142.638
8.132
9.455
21.331
26.139
1.311
49.953
9.689
13.590
1.899
0.000
5.493
3.021
2.091
1.768
8.063
5.637
1.437
9.026
11.223
0.000
4.717
6.496
3.155
8.027
23.131
10.094
4.885
2.839
25.334
8.810
34.703
3.617
0.199
3.629
11.927
5.236
0.130
3.207
10.080
8.957
1.799
6.036
5.222
6.509
4.484
1.669
0.254
7.732
7.687
0.196
4.710
3.650
3.052
0.632
7.079
13.000
10.162
0.831
7.175
0.000
0.000
0.048
0.014
0.014
5.818
12.583
12.037
4.903
7.000
4.810
0.810
6.348
33.792
3.564
0.000
2.604
2.789
7.054
2.593
14.066
18.260
6.714
1.509
0.000
0.254
1.998
0.000
2.482
1.457
1.603
7.430
2.338
9.807
3.064
7.098
9.235
4.266
4.671
2.673
3.933
0.292
0.000
2.273
6.980
4.988
4.840
3.492
0.120
1.990
4.700
3.588
59.747
10.447
6.945
6.813
4.661
88.095
4.237
20.562
11.719
7.493
3.874
65.120
11.704
2.860
3.104
2.441
3.996
11.759
0.034
0.086
3.910
4.082
10.743
7.096
0.000
1.586
2.208
5.651
7.587
5.558
18.919
2.082
2.160
41.353
5.397
33.216
2.980
13.493
2.232
3.646
18.907
7.059
3.770
7.254
12.133
16.425
0.010
4.690
16.445
116.977
1.183
4.281
2.814
11.438
19.842
0.730
2.250
3.056
2.872
0.508
16.129
0.297
5.886
2.171
7.365
10.514
10.240
5.447
4.753
8.072
7.982
4.781
10.543
22.707
5.671
4.177
26.983
17.530
13.693
2.640
10.581
3.224
2.546
14.948
4.388
1.730
0.288
3.269
14.430
11.046
22.658
73.792
6.805
60.990
12.066
51.208
1.856
9.174
6.362
11.429
12.801
13.546
2.686
14.925
15.671
8.980
17.149
13.388
5.208
8.350
0.151
0.021
0.000
0.045
0.000
0.082
2.070
9.270
9.074
0.117
0.000
0.000
0.000
0.000
1.037
7.172
8.938
20.232
2.664
0.000
0.000
0.000
0.000
0.000
0.268
0.954
2.472
0.343
0.000
0.000
2.383
0.548
2.748
3.317
4.144
9.323
0.000
0.000
0.000
0.000
0.000
0.000
7.557
9.357
14.938
5.680
4.103
9.590
20.592
13.379
0.256
0.148
0.079
0.000
0.000
0.000
8.377
27.543
11.718
0.000
6.949
4.123
0.302
0.000
0.000
0.000
0.120
0.000
0.000
0.000
4.144
24.496
4.305
6.324
2.287
0.000
0.000
0.000
0.021
5.196
8.250
6.468
10.162
10.121
7.948
0.316
8.396
11.898
15.631
3.753
0.000
0.000
0.000
0.000
0.000
0.000
0.096
1.758
7.278
7.127
0.000
4.309
14.461
82.672
4.353
10.749
13.012
26.951
42.706
10.835
7.210
2.596
5.900
2.448
5.840
6.980
11.896
71.645
12.744
4.683
1.487
0.268
0.259
4.745
26.302
4.604
1.583
18.533
24.390
6.152
3.749
2.256
5.445
8.645
1.744
7.436
1.861
4.504
5.878
7.299
1.133
0.000
0.007
0.000
3.114
12.178
65.259
13.293
9.129
83.783
4.801
11.513
3.023
15.532
30.720
0.000
1.929
4.130
8.425
5.593
4.171
13.839
6.369
1.476
9.153
13.053
25.255
2.026
1.902
6.863
26.595
3.289
2.194
3.049
0.427
6.952
1.871
7.400
1.641
0.000
1.157
11.103
14.356
5.193
3.940
2.247
4.698
32.144
11.319
21.182
29.708
45.811
3.030
7.709
1.962
1.259
11.393
0.000
2.196
6.485
14.196
19.190
16.941
0.000
2.357
16.337
20.582
0.086
0.003
0.000
6.315
16.299
10.767
0.129
2.012
2.093
5.696
6.125
3.083
0.975
0.000
0.000
0.000
0.000
0.000
0.000
2.393
6.908
11.034
12.409
6.018
1.219
0.000
0.000
0.000
3.452
1.538
5.634
1.370
0.592
0.115
0.000
0.616
4.590
2.745
17.460
4.003
0.759
5.049
10.094
4.511
3.888
6.707
5.303
14.926
5.550
4.001
6.006
6.537
6.545
2.850
2.661
3.229
5.000
5.711
4.099
9.163
6.154
2.235
3.294
4.357
7.896
9.335
6.245
3.004
1.384
3.028
9.220
2.365
0.958
4.237
4.110
106.169
4.661
10.585
50.108
2.716
9.946
4.515
4.377
9.826
19.336
9.338
0.549
0.563
1.469
2.668
23.899
6.321
0.000
0.582
20.967
44.059
16.696
1.085
2.743
1.160
0.158
2.266
2.197
50.257
19.532
10.859
35.695
113.092
6.686
9.805
3.557
76.252
9.991
10.135
13.249
5.933
75.727
2.843
0.048
3.485
0.649
5.782
19.209
3.203
16.179
12.078
50.168
5.571
25.705
18.469
5.622
0.215
6.830
2.906
21.061
12.543
11.845
7.325
7.459
4.413
3.038
13.966
0.774
0.000
0.000
0.000
0.000
0.000
2.038
5.576
2.240
10.954
4.400
2.084
1.013
0.079
0.000
0.000
1.703
0.553
0.000
1.912
2.959
1.713
0.031
0.000
0.000
0.000
0.000
0.000
0.000
0.027
6.643
5.009
2.166
2.609
11.577
10.142
21.966
4.498
11.670
4.576
0.000
0.000
0.000
0.000
0.000
0.000
0.000
0.000
0.000
0.000
0.000
0.000
3.308
0.886
0.000
0.000
0.000
0.000
0.000
0.000
0.000
0.000
0.000
0.000
2.005
3.330
4.297
5.754
9.091
3.203
0.000
0.000
0.000
0.000
0.000
0.000
0.000
0.000
0.515
4.406
5.536
1.540
3.814
4.019
0.970
0.093
2.515
2.007
0.927
14.061
5.388
1.567
0.000
0.505
13.383
27.981
4.760
17.939
60.234
28.734
2.654
8.310
2.826
26.166
69.547
18.105
20.066
21.725
47.200
37.137
9.479
2.793
8.501
14.838
10.737
4.168
2.753
7.920
25.478
35.070
1.473
0.000
7.076
2.695
0.154
0.117
1.449
1.789
7.045
2.177
13.058
33.659
5.596
6.097
3.263
19.405
26.350
10.985
55.368
12.871
16.888
20.793
12.124
6.515
31.356
8.384
25.830
5.469
0.309
8.674
8.744
3.044
18.502
66.797
0.017
1.509
0.824
7.431
8.614
3.035
13.867
4.647
6.746
4.261
24.836
30.219
35.857
7.495
6.242
0.862
13.712
11.137
0.803
0.000
8.137
10.703
8.895
7.533
5.445
3.282
0.858
1.813
11.553
13.414
4.116
50.187
1.772
19.978
5.747
53.589
0.395
3.032
1.838
5.461
0.668
2.534
4.307
3.363
0.493
11.656
7.447
4.959
1.248
6.557
7.780
20.296
59.233
2.381
2.566
2.113
1.123
8.381
4.549
41.576
3.111
0.383
0.038
1.476
4.958
5.332
70.860
4.628
5.282
5.903
4.103
1.984
5.130
6.688
9.992
32.358
18.650
15.034
0.921
8.648
6.130
8.865
8.921
3.778
14.907
12.475
0.855
17.475
2.288
1.277
3.924
6.592
5.993
3.366
10.966
3.845
7.131
5.641
2.517
13.911
92.081
3.910
3.056
0.721
4.096
8.957
5.629
16.232
6.163
1.720
1.662
4.477
8.734
4.587
0.594
2.633
8.782
6.279
5.878
16.198
2.338
11.333
3.866
5.466
36.420
8.508
15.436
5.411
0.659
1.842
2.280
1.607
15.051
9.488
1.782
7.224
42.778
0.244
14.203
7.828
14.787
0.000
0.007
8.408
1.109
24.668
2.287
15.503
4.913
2.815
19.391
40.440
3.399
20.186
68.199
55.704
12.082
24.912
64.129
5.177
1.732
17.990
6.901
1.907
11.785
29.035
0.369
18.038
2.685
0.154
4.549
7.709
0.984
4.391
7.664
7.893
10.243
45.396
4.894
20.395
5.524
17.015
15.717
13.814
35.256
55.489
5.146
5.168
25.571
10.212
5.684
58.791
1.500
4.803
1.037
5.112
2.831
0.221
3.581
7.254
3.940
3.135
13.781
5.009
16.699
15.848
7.745
1.435
2.328
19.456
3.329
5.764
6.963
4.934
8.396
11.223
11.532
8.447
12.758
4.158
44.100
16.994
25.444
11.779
28.091
10.025
9.874
4.329
3.512
0.333
0.604
9.325
24.221
14.001
27.157
55.817
7.296
3.260
3.905
0.954
3.529
33.107
1.631
1.476
6.084
7.996
5.263
11.942
5.830
2.527
0.213
0.000
0.000
0.000
0.237
0.096
2.896
3.725
0.865
0.069
9.740
2.705
2.372
0.158
0.000
0.124
0.814
0.106
6.489
13.094
7.515
0.874
2.055
0.261
0.192
0.474
0.172
3.641
0.017
1.439
0.865
0.875
0.908
5.945
0.446
0.405
0.000
0.002
0.000
0.000
1.061
9.174
13.063
2.544
5.248
4.128
7.242
15.590
10.204
9.850
16.346
36.140
34.864
14.437
2.249
0.343
0.760
0.585
4.027
3.605
5.196
0.446
3.509
22.275
41.230
4.151
6.515
4.976
11.639
35.196
10.423
7.646
27.177
7.838
1.238
0.000
0.793
0.094
1.555
4.872
12.366
3.395
8.032
23.665
38.332
4.135
8.296
5.557
2.256
73.648
1.116
68.102
9.189
26.860
12.373
0.649
11.694
8.968
17.662
133.748
18.248
16.275
75.723
18.675
14.121
29.121
30.556
44.517
37.189
85.171
12.857
20.493
191.052
14.900
7.175
18.448
8.950
46.785
14.440
60.775
1.480
17.588
29.354
11.419
29.917
15.587
23.030
12.109
5.600
2.156
5.054
7.821
45.614
36.068
3.392
100.817
61.966
33.488
7.481
55.914
8.595
0.821
0.113
2.360
5.469
103.048
4.350
2.259
30.034
25.887
9.229
51.469
27.147
7.625
52.909
15.906
37.347
2.774
45.882
0.086
3.756
18.160
1.040
0.227
10.763
0.968
1.617
1.239
0.038
0.965
4.590
9.754
4.556
34.614
0.024
0.000
120.937
10.001
94.256
18.694
25.166
8.844
0.034
4.243
10.827
31.836
46.125
1.648
19.617
125.199
2.309
13.046
23.082
0.992
9.036
4.803
23.694
1.598
41.623
0.000
0.000
1.607
4.937
8.909
1.318
1.912
1.552
10.873
7.704
2.077
14.258
24.875
62.124
32.983
5.006
1.033
6.856
9.500
16.620
143.820
8.168
4.782
3.471
4.594
4.010
11.137
20.768
95.578
72.153
30.655
142.918
6.279
13.414
52.925
53.672
3.320
15.075
65.746
12.226
26.165
1.178
29.141
54.317
2.918
7.536
1.756
0.862
1.164
2.774
89.892
0.003
1.222
2.180
18.138
210.567
6.053
7.536
8.700
115.641
25.128
5.682
31.019
17.970
13.929
8.377
2.523
17.817
0.161
0.429
2.578
17.791
1.627
63.944
0.608
1.318
24.858
0.855
67.492
16.143
8.643
41.800
0.941
11.673
64.428
5.339
27.074
4.458
31.544
4.116
2.956
19.312
7.838
6.745
8.030
0.079
1.311
2.767
0.374
0.051
0.009
6.259
11.398
20.385
2.547
54.695
7.787
77.951
0.450
1.988
0.930
9.184
21.849
1.699
2.163
22.179
23.370
0.000
1.744
61.839
8.971
20.685
13.259
51.225
44.642
9.725
5.201
21.235
17.122
1.796
5.807
15.044
53.584
118.851
0.007
0.276
15.065
48.697
51.579
8.514
4.611
3.193
6.420
5.970
23.540
30.987
42.570
10.727
4.134
29.979
8.001
10.516
38.081
129.766
3.207
11.833
1.239
1.782
6.039
0.026
0.000
0.347
0.285
0.168
0.021
0.244
0.065
5.308
0.175
0.000
0.000
0.615
2.561
18.344
4.321
0.573
4.810
0.027
1.559
0.989
0.316
0.117
0.021
0.460
6.973
0.362
0.764
1.802
2.511
1.152
0.000
0.927
2.482
4.412
4.377
4.700
5.006
0.985
2.362
0.570
1.140
0.457
0.062
0.616
0.448
4.901
7.574
0.283
4.168
5.569
7.520
2.844
1.439
6.705
0.165
0.268
1.844
1.202
0.120
0.536
0.774
0.990
0.388
0.537
3.121
7.752
3.117
2.971
2.681
2.242
4.408
3.701
6.276
4.640
18.624
1.835
0.302
2.905
4.461
6.022
2.314
7.569
4.288
4.558
10.578
12.681
7.902
24.656
39.997
10.791
8.950
14.466
20.896
20.795
19.308
1.753
2.197
7.587
10.815
12.183
7.237
17.176
3.715
69.155
16.047
17.499
31.424
11.625
212.088
53.744
21.362
21.147
1.023
7.388
54.221
0.529
7.829
8.284
9.847
3.325
0.848
22.761
85.144
28.455
27.806
24.120
59.209
55.213
4.745
2.328
4.000
36.818
8.920
55.282
15.000
61.364
1.665
18.570
1.243
6.578
17.104
3.032
68.781
11.386
16.629
0.014
0.647
1.485
19.363
29.134
63.173
59.000
2.362
7.763
5.066
21.657
8.875
9.098
10.168
11.278
24.925
5.562
25.907
31.390
17.417
1.409
5.524
1.909
4.113
0.772
0.233
0.460
21.458
132.191
28.005
174.573
33.615
54.657
2.808
0.000
2.573
1.586
6.647
140.254
16.298
3.931
68.126
10.533
7.495
4.044
5.517
8.974
23.954
0.038
0.924
12.768
31.309
37.242
4.580
0.994
0.477
2.324
10.725
9.023
9.702
38.075
2.592
0.117
1.761
68.864
9.002
10.293
162.151
8.837
5.253
6.351
0.735
0.307
1.257
2.166
8.126
19.374
35.156
4.944
5.376
25.045
8.961
19.655
25.804
14.639
12.178
82.645
6.630
60.641
12.375
7.555
36.948
23.123
1.760
6.606
134.988
44.385
48.326
9.156
41.147
99.467
7.532
48.611
6.451
5.184
1.612
6.638
6.939
4.003
1.569
2.051
26.017
135.008
118.666
12.827
13.881
21.938
54.303
13.496
1.037
8.406
88.886
9.259
11.917
9.980
27.998
41.872
0.000
3.677
5.497
109.949
37.228
64.394
3.220
10.231
2.304
10.293
2.927
35.506
50.477
4.470
3.220
34.573
11.903
3.387
1.916
54.578
5.867
5.514
4.202
22.282
8.262
4.856
21.863
20.901
70.177
3.258
5.970
2.383
21.011
32.516
1.816
0.000
0.227
0.000
8.245
10.863
15.163
43.698
19.106
8.830
5.284
11.736
0.975
3.529
1.936
2.898
2.705
1.596
5.031
8.961
17.619
8.744
14.502
34.818
50.994
46.040
26.091
3.481
2.057
3.934
46.951
3.457
5.303
3.234
0.235
6.889
3.275
8.865
7.253
10.372
1.957
0.288
0.000
0.127
0.168
0.378
3.821
0.144
3.856
5.830
1.208
3.375
23.020
24.328
1.940
0.000
0.772
3.574
6.468
7.680
1.928
12.900
14.880
7.459
0.694
1.967
1.624
0.000
2.355
0.000
0.003
0.000
0.257
0.068
0.000
0.000
0.000
0.000
0.000
0.000
0.000
0.000
0.000
0.105
1.291
3.385
3.432
2.801
1.000
0.522
0.201
1.063
15.292
11.500
12.171
2.496
4.546
1.160
0.584
2.017
5.146
2.637
11.167
43.846
0.821
9.795
4.154
3.296
14.385
11.247
7.557
1.648
1.734
1.984
0.745
5.170
1.957
5.315
0.845
0.934
1.572
2.235
1.725
3.680
3.440
3.553
1.054
3.433
16.510
46.599
32.053
26.247
1.133
1.003
7.033
8.089
2.304
3.341
1.490
17.818
23.420
12.296
140.975
22.246
4.903
12.445
9.241
10.712
22.491
25.488
8.077
7.484
24.142
23.119
0.034
1.905
8.118
1.990
17.417
24.397
10.849
8.702
20.725
1.243
2.850
129.608
9.846
9.747
6.564
9.239
0.635
11.623
3.124
8.312
70.519
5.407
8.552
78.173
19.178
4.048
8.683
12.097
12.717
23.521
8.003
7.484
43.394
29.907
15.913
6.087
0.021
52.110
3.502
4.782
29.845
31.126
5.411
20.579
37.908
26.151
0.000
1.360
1.785
5.256
26.292
44.735
42.483
7.768
42.550
15.697
56.789
6.142
59.965
51.890
1.006
12.154
26.197
21.272
62.093
1.241
5.141
113.623
2.110
1.527
20.612
7.225
80.070
16.277
0.002
1.020
3.900
15.584
64.621
14.263
12.128
126.942
1.330
3.080
4.491
6.858
15.669
3.239
34.794
0.257
3.836
50.642
0.000
4.255
50.480
1.542
1.045
25.863
6.520
3.946
4.832
31.775
31.390
1.054
10.727
3.615
36.636
126.926
4.154
0.299
0.000
3.512
2.299
1.263
3.703
15.717
8.686
1.648
4.829
1.542
0.577
1.372
11.218
1.406
19.511
16.006
11.587
51.735
3.917
42.301
0.934
3.945
20.689
0.319
19.257
60.030
49.030
3.934
28.709
1.243
24.613
0.082
13.232
32.138
6.018
28.134
138.069
28.952
161.108
9.000
4.048
3.667
10.348
20.496
31.747
30.604
34.665
75.284
35.591
79.246
88.962
12.566
28.032
0.041
36.667
17.959
4.255
57.925
18.577
84.190
4.810
14.825
13.987
13.489
37.815
4.625
69.004
48.978
5.490
0.003
18.715
22.803
24.712
0.772
26.055
22.144
22.640
2.235
73.931
3.567
1.758
28.853
23.123
2.220
2.158
19.415
7.735
8.087
17.235
28.719
7.955
16.105
5.854
1.329
55.914
58.382
0.000
7.635
0.985
3.533
60.699
0.110
5.253
1.090
79.840
0.666
3.457
23.279
26.511
24.669
15.510
0.649
1.813
0.834
2.513
14.943
58.104
39.209
1.181
21.401
9.137
1.663
31.263
0.015
2.268
1.126
1.864
4.226
2.642
0.000
9.469
6.454
0.570
11.877
0.003
43.133
6.012
21.780
3.962
0.288
4.216
2.094
4.290
8.032
0.213
11.464
5.359
7.828
30.808
4.393
0.000
2.757
7.364
2.987
13.944
3.322
7.399
8.250
2.750
0.204
0.027
0.000
0.264
3.114
1.923
2.249
0.002
0.000
0.000
0.000
0.076
0.470
2.602
1.933
0.024
4.683
5.478
8.664
3.902
4.662
1.281
0.941
0.000
0.007
0.000
3.179
1.274
0.635
1.281
11.191
1.840
6.444
9.798
1.463
3.540
2.898
0.814
3.583
0.824
1.758
1.123
3.524
0.134
1.727
6.077
3.931
3.468
3.948
1.519
0.985
2.860
7.656
5.840
2.872
4.020
3.643
5.795
0.350
3.011
2.637
4.336
6.722
4.077
4.613
4.934
3.553
3.385
5.392
16.703
66.423
68.673
10.094
4.369
1.528
1.171
4.274
22.716
11.177
30.463
4.834
0.894
0.124
4.652
1.677
3.835
1.596
1.487
3.941
1.147
0.388
5.922
11.222
10.612
8.494
19.477
2.417
0.014
0.223
0.633
3.152
9.641
0.395
6.805
20.896
2.482
3.768
13.599
13.647
11.148
8.192
4.484
1.315
2.956
48.199
6.029
11.282
130.789
10.579
1.741
8.779
12.837
11.465
12.775
37.031
64.737
1.208
23.281
26.813
1.871
12.229
6.636
2.932
139.126
1.463
25.128
1.281
46.695
14.832
4.317
10.131
3.248
0.484
5.795
0.100
7.924
10.966
10.197
13.911
94.791
11.858
8.374
3.862
0.000
0.117
4.843
1.439
4.055
4.134
8.617
88.591
29.035
0.024
4.654
16.675
8.944
5.201
16.251
5.939
6.966
23.236
12.263
16.648
0.000
0.357
10.216
25.354
19.535
3.914
2.221
18.773
3.306
24.486
0.391
0.750
1.586
4.535
17.358
0.172
1.463
9.840
0.094
2.369
6.297
19.125
4.000
4.587
9.036
2.513
1.648
0.000
0.000
0.003
0.268
8.099
16.835
1.397
2.053
6.276
0.017
0.007
1.833
3.203
0.700
0.347
0.436
2.094
5.629
11.518
15.395
8.696
1.912
11.711
0.000
