19790101
0.000
0.000
0.000
0.000
0.000
0.000
0.000
0.000
0.000
0.000
0.000
0.000
0.000
1.936
0.862
0.000
0.000
0.000
0.000
0.000
0.000
0.134
1.020
0.616
0.168
0.000
11.582
26.733
13.769
0.953
0.628
0.814
0.062
0.000
0.000
0.000
0.000
0.000
0.000
1.082
2.427
0.472
0.000
0.201
1.195
1.442
0.939
0.245
0.000
0.000
0.000
0.000
1.202
1.722
18.509
4.369
7.252
47.974
12.045
10.547
13.946
6.327
11.879
16.603
9.294
26.419
28.693
13.103
3.255
0.038
6.403
7.608
0.000
0.251
0.637
0.257
0.007
1.710
0.886
1.281
1.366
1.998
0.666
1.995
8.744
3.433
3.794
5.148
1.851
0.264
2.177
10.035
11.347
28.158
18.515
13.324
41.133
19.061
18.328
22.194
3.687
0.000
13.939
21.260
13.379
27.991
16.885
8.126
8.133
4.288
7.924
38.068
8.638
23.545
18.900
64.438
11.251
16.191
14.138
0.783
11.419
74.494
10.478
41.405
15.365
7.313
20.160
16.696
22.148
10.214
14.368
32.334
56.477
14.742
3.632
44.235
3.447
36.921
9.259
27.088
12.548
4.930
10.444
21.310
6.139
27.342
17.806
25.169
34.899
5.370
8.995
14.984
33.459
1.703
4.343
83.884
0.179
13.062
4.254
4.841
5.406
15.992
33.146
40.524
11.091
8.705
30.647
26.189
14.375
17.001
10.384
29.898
15.657
28.137
11.974
15.743
17.481
12.696
16.350
17.578
27.747
44.711
18.138
21.801
27.193
31.596
1.796
0.000
1.818
9.612
20.644
20.677
28.563
15.843
21.459
30.930
17.223
33.386
42.816
10.192
7.807
19.152
20.084
24.498
31.917
32.087
23.749
4.340
0.010
0.731
16.249
58.137
19.672
32.602
27.323
16.239
8.023
14.845
6.056
2.674
3.802
0.664
1.147
24.453
10.597
21.626
19.528
15.485
17.298
14.782
26.199
11.553
18.540
23.554
9.855
19.199
29.376
50.386
13.618
8.446
15.103
24.771
21.918
4.340
3.126
18.454
36.974
127.098
4.134
6.683
17.515
10.961
40.370
72.527
32.410
33.773
116.223
5.019
20.955
8.015
22.449
34.835
27.037
23.557
27.186
30.477
26.729
4.927
48.282
75.509
47.312
41.137
13.994
35.644
15.827
18.945
16.121
27.612
30.865
43.497
40.735
25.131
11.948
98.791
15.628
25.557
71.658
9.628
23.125
69.094
34.349
13.142
33.668
4.879
7.220
3.159
0.635
12.195
14.699
58.746
13.884
30.837
0.024
5.503
30.626
28.633
12.298
45.401
118.922
1.430
18.006
13.273
8.480
10.281
39.637
82.126
4.166
5.653
4.473
21.981
12.806
24.531
13.287
28.829
24.496
8.964
21.913
3.934
12.777
21.077
19.695
21.054
15.482
21.240
27.722
12.928
4.446
6.984
18.490
7.627
11.483
8.394
8.950
14.745
0.608
0.000
0.000
8.921
11.209
10.473
17.103
10.058
12.191
8.813
14.538
6.312
2.065
0.000
0.430
0.283
0.000
7.768
21.017
25.190
26.585
7.196
21.519
9.795
10.099
19.782
0.783
0.000
0.000
0.000
0.000
0.000
0.000
0.000
0.336
0.803
1.950
0.443
0.869
8.047
9.891
0.144
0.051
7.423
11.258
5.933
1.116
10.228
2.836
10.873
2.470
0.299
0.917
0.072
3.258
8.621
6.511
0.000
0.000
0.000
0.000
0.685
4.274
0.000
0.000
0.000
0.000
0.000
4.959
11.925
27.334
15.772
12.708
5.725
0.000
0.000
0.000
0.000
0.051
0.000
0.786
2.592
7.601
2.244
0.000
0.000
0.000
0.000
0.000
0.211
0.100
2.027
0.459
13.208
12.557
0.465
0.000
0.000
0.707
0.367
0.055
0.000
2.850
1.176
0.000
3.916
1.202
0.127
0.000
0.774
0.252
1.737
6.860
16.195
23.061
4.611
0.000
0.045
0.007
0.000
0.264
4.233
8.566
0.112
1.902
8.744
22.165
10.307
7.457
1.590
0.000
4.604
39.123
107.604
4.322
15.618
16.325
27.528
42.895
28.987
22.309
38.931
20.776
28.832
133.347
14.756
31.903
60.694
16.682
42.684
14.646
6.626
6.027
18.431
18.088
44.833
0.235
7.309
9.188
11.235
4.949
17.576
14.919
21.042
17.336
30.254
9.474
64.634
22.864
14.517
16.699
6.439
1.198
23.684
22.064
12.638
20.081
9.527
18.843
28.290
17.494
46.334
24.488
28.106
26.398
21.847
18.040
0.491
8.152
14.507
21.947
22.144
14.366
3.169
11.366
17.376
13.812
13.113
12.475
1.488
0.000
0.000
0.487
0.234
0.000
0.488
0.754
0.000
0.000
2.335
1.160
2.859
2.343
12.006
9.987
12.522
17.659
4.365
0.151
3.885
9.433
9.512
13.949
16.680
17.470
27.766
23.504
26.283
17.679
17.676
16.222
27.629
9.944
15.706
34.442
39.190
26.144
26.985
21.224
33.900
37.511
29.495
29.615
17.173
35.246
24.462
24.857
22.532
25.069
17.842
15.834
18.646
22.302
36.094
22.141
18.086
12.706
1.974
3.876
19.484
11.213
21.368
4.446
6.499
7.213
28.963
42.026
13.836
14.018
14.766
11.146
16.301
22.596
20.963
12.095
9.309
21.317
25.495
20.102
67.339
41.578
5.002
6.949
2.043
2.407
3.318
37.906
24.661
2.190
18.763
51.183
17.082
24.561
36.543
39.820
15.089
38.260
3.444
19.030
64.486
13.757
119.799
0.000
5.160
17.180
30.920
13.716
30.393
22.927
43.664
35.616
25.732
5.967
12.758
29.086
21.569
2.290
9.342
23.943
26.614
29.227
18.663
29.347
19.549
11.323
5.812
15.491
76.261
12.219
119.761
8.631
15.369
4.024
21.810
18.848
25.725
7.862
22.345
10.405
47.350
4.988
7.067
10.396
3.677
2.220
9.107
8.141
13.501
20.487
9.182
20.193
2.743
5.112
9.862
16.239
21.324
8.693
17.089
1.308
9.204
9.435
9.127
4.401
9.258
7.519
7.553
6.458
15.789
24.208
17.952
13.688
21.509
23.511
25.330
6.087
8.061
5.596
10.645
5.514
2.359
8.312
4.000
7.393
8.360
14.217
13.819
3.502
1.291
0.010
0.000
0.148
2.098
0.209
4.223
1.651
2.789
2.791
0.000
0.000
0.953
0.124
0.319
0.247
0.254
0.055
0.000
0.000
0.000
0.000
0.474
6.829
7.615
28.444
1.517
1.140
0.100
1.390
0.803
4.621
15.436
11.369
13.630
15.347
0.000
0.395
6.025
3.876
0.223
0.491
0.429
0.000
4.340
4.237
17.319
23.658
17.376
13.601
18.181
15.268
27.768
33.519
6.606
16.280
3.492
19.837
4.827
5.823
6.836
23.545
5.658
13.601
34.391
21.121
5.323
6.781
10.320
8.423
1.195
9.620
11.441
2.254
0.271
0.051
0.477
0.887
0.342
0.055
0.160
3.641
1.131
0.772
0.000
0.000
0.338
1.641
0.539
0.000
0.261
0.079
0.711
1.772
0.673
0.076
0.007
0.003
0.415
1.490
7.601
8.669
7.859
23.435
11.779
18.711
4.700
11.048
7.694
11.144
11.168
21.245
16.569
21.918
33.757
13.905
20.647
18.732
29.361
49.638
50.944
13.189
11.467
2.189
11.733
32.655
5.828
7.742
8.870
49.605
24.019
7.256
13.735
72.434
5.162
26.949
33.112
23.583
12.056
13.445
17.774
23.930
99.344
115.468
5.449
7.361
6.327
59.767
1.689
0.488
0.213
8.640
13.129
61.321
5.301
15.977
12.353
35.709
152.360
10.083
21.034
15.741
38.524
18.577
39.432
24.012
8.702
16.854
35.349
5.397
9.740
15.714
16.970
22.979
33.158
24.961
6.042
22.052
22.342
16.582
23.262
16.620
11.724
9.953
29.529
40.831
18.363
16.315
29.931
25.025
33.282
28.798
27.555
22.608
13.875
22.289
24.845
29.991
19.178
13.390
23.502
7.526
31.802
10.216
16.267
12.480
6.796
8.542
5.164
4.899
0.340
0.000
0.003
5.871
19.827
12.971
9.944
7.979
19.999
26.918
11.601
4.618
8.302
23.990
36.341
51.474
4.834
8.830
20.160
25.186
22.196
15.158
24.809
25.928
9.163
29.012
42.448
31.778
28.067
8.617
14.996
27.916
23.652
31.297
1.181
40.468
12.864
17.784
26.544
17.393
21.540
10.720
17.118
134.188
0.977
17.786
42.287
11.079
33.642
23.222
20.967
13.362
8.707
2.819
15.482
16.545
12.923
22.385
13.031
31.874
113.643
13.307
39.204
34.082
10.430
22.766
25.200
26.427
5.562
23.246
52.707
17.489
15.096
39.039
25.451
80.571
22.632
7.381
10.773
8.676
18.735
21.609
47.504
6.163
5.709
2.139
80.006
15.621
21.441
12.516
41.206
15.539
30.350
7.344
42.002
5.627
2.273
12.439
36.015
39.319
29.716
144.711
15.137
22.426
33.925
18.759
9.132
16.960
38.270
18.426
16.981
24.879
40.608
21.485
22.639
44.972
5.215
33.574
11.361
8.195
13.953
18.979
44.035
22.161
17.293
16.850
20.574
24.067
137.540
23.291
24.290
4.357
11.331
71.418
6.262
13.166
11.563
21.513
30.781
11.000
18.462
30.765
18.852
18.236
10.911
4.487
1.260
0.000
1.006
5.438
11.367
8.099
11.367
13.039
12.325
10.052
13.467
18.642
24.654
6.999
2.211
0.257
1.562
1.305
3.519
4.346
1.749
3.708
8.672
9.853
4.601
10.897
0.072
0.000
0.000
0.000
0.000
0.168
0.089
0.007
4.219
1.401
0.120
0.216
0.251
0.179
0.007
0.000
3.222
10.768
2.369
6.458
17.626
11.206
13.875
22.495
18.344
3.533
12.726
14.668
18.380
16.215
27.062
14.881
2.752
6.266
1.514
0.900
4.535
0.010
0.105
0.000
2.481
0.525
1.933
12.909
2.372
0.000
2.537
9.160
1.499
0.045
0.678
5.558
1.274
0.026
4.566
1.121
0.000
0.642
1.387
6.594
0.000
0.003
0.000
0.240
3.781
3.462
5.489
5.061
4.928
1.972
8.970
14.143
17.556
18.646
28.398
24.457
2.174
0.858
18.309
83.446
22.115
9.464
13.930
24.386
28.588
32.693
0.000
0.000
0.086
6.010
7.184
12.127
15.958
7.666
10.024
9.293
13.359
9.469
13.481
11.857
1.221
36.584
8.997
112.370
3.770
11.676
38.548
11.676
26.903
16.395
7.512
20.520
9.263
10.372
17.563
16.164
11.065
43.756
9.898
10.382
13.994
162.721
14.914
14.818
2.963
25.629
46.228
23.470
114.268
15.171
10.530
31.198
3.698
3.586
7.855
24.596
28.506
30.889
20.096
25.862
15.135
51.030
30.620
100.630
28.786
24.688
14.287
10.178
15.764
19.932
8.377
25.423
26.232
17.497
22.313
8.492
2.789
0.058
5.464
1.904
0.038
0.000
0.666
0.133
0.000
0.010
1.955
0.553
0.819
8.611
10.471
1.492
0.120
2.814
18.749
20.574
5.194
0.000
0.000
2.185
6.567
6.940
13.913
3.011
6.432
2.623
3.821
2.357
0.294
2.880
26.480
8.130
15.810
1.632
0.000
0.000
1.735
3.294
0.673
0.000
10.864
16.314
14.093
3.521
0.000
1.287
1.003
0.000
0.000
3.759
5.347
3.298
7.493
3.044
0.850
4.515
5.885
1.253
1.778
2.259
5.158
5.563
3.790
4.243
1.138
17.000
58.329
3.184
20.486
15.286
13.035
4.417
2.877
10.526
8.039
24.990
31.229
15.734
16.173
29.181
22.433
15.223
25.642
3.748
3.650
25.428
23.199
11.363
13.513
5.861
19.114
37.589
27.017
21.740
5.406
12.684
53.551
8.992
11.821
28.118
31.639
19.563
34.609
77.670
10.143
0.000
4.922
34.567
9.738
37.075
12.009
46.357
178.835
21.230
21.509
0.453
3.632
16.316
11.093
28.210
22.260
27.272
21.900
9.501
15.499
15.657
15.757
87.973
15.470
47.890
13.019
7.704
1.981
12.947
14.268
15.367
25.900
9.187
7.622
0.144
0.027
3.790
7.821
22.783
10.622
0.000
16.467
16.931
15.930
17.249
7.696
6.001
13.647
17.891
12.672
4.762
1.602
1.826
6.357
6.757
7.841
8.929
1.104
2.518
15.616
12.353
19.666
5.808
6.987
12.798
2.405
0.048
1.119
4.674
6.471
2.261
15.036
12.380
9.941
3.785
0.000
0.323
2.807
4.692
0.594
0.048
1.028
0.221
0.000
0.000
0.000
0.000
1.311
0.395
0.000
0.000
0.000
0.724
0.189
0.175
0.580
0.312
0.000
0.000
0.079
0.000
0.213
0.196
0.498
0.203
0.199
0.566
2.338
0.251
1.813
16.926
0.106
0.072
0.000
0.000
0.000
0.242
0.151
0.000
0.000
0.000
1.095
0.051
0.000
0.000
0.000
0.870
1.366
0.328
0.000
0.000
0.755
0.165
0.000
0.647
1.462
0.949
15.389
5.282
5.078
57.874
3.183
2.578
4.388
8.334
1.284
0.405
6.533
2.513
23.521
1.318
9.302
23.585
4.661
0.117
0.223
0.402
14.303
31.285
10.717
0.821
0.000
2.091
0.532
0.000
4.861
28.714
3.059
5.119
0.824
0.000
0.000
0.024
2.156
10.914
3.059
11.546
12.792
4.048
12.428
7.996
14.196
9.695
6.441
0.984
1.260
7.306
5.854
35.498
19.343
21.648
20.168
5.006
16.675
17.602
31.277
17.269
26.249
25.715
51.299
9.836
98.788
2.218
2.805
3.914
15.326
35.888
5.957
5.740
16.105
43.571
18.605
17.932
19.473
28.401
21.990
37.841
135.815
14.323
10.674
33.793
12.439
15.271
28.661
0.443
0.000
9.376
19.681
139.231
21.475
46.077
11.228
3.457
9.819
37.563
33.687
53.933
11.431
12.600
1.349
10.657
4.659
62.155
1.737
2.743
1.473
5.984
73.076
0.694
13.379
32.113
3.179
6.427
10.056
13.166
33.773
5.461
6.190
12.459
16.885
39.568
43.545
19.762
16.998
3.619
2.626
0.000
11.048
12.559
6.159
12.991
15.534
42.974
20.345
3.936
0.893
0.520
13.414
7.635
12.638
4.889
0.000
0.000
1.064
1.641
25.008
6.602
0.512
0.000
0.000
5.033
6.226
7.488
13.963
8.762
21.077
24.357
23.421
7.848
16.637
43.849
1.003
4.417
4.407
30.511
12.597
12.325
3.835
0.000
12.538
16.414
0.130
0.536
15.213
15.590
10.928
15.697
9.390
12.480
10.962
1.274
17.429
15.954
19.422
25.176
13.517
12.612
14.164
12.039
15.887
17.399
12.219
21.585
22.371
26.283
9.153
9.179
7.605
42.393
29.546
10.555
14.006
16.799
23.968
17.106
18.763
12.657
20.167
15.537
17.350
23.386
15.971
11.581
7.532
7.708
13.963
6.445
15.578
21.897
23.727
38.595
24.352
25.020
23.823
20.980
7.556
11.886
5.277
20.941
34.748
3.716
22.828
3.510
3.203
5.443
27.516
26.825
29.308
4.470
10.426
12.432
26.535
34.585
101.266
17.982
32.959
42.991
5.428
11.428
24.888
18.682
24.737
32.106
6.463
24.863
14.782
22.686
41.429
7.606
10.621
32.485
15.288
12.396
15.946
2.290
11.132
10.953
9.297
15.843
14.064
12.598
21.545
24.467
10.655
37.525
3.804
14.974
11.357
13.973
25.814
18.708
20.328
11.855
7.962
8.629
5.304
9.465
20.242
9.189
1.502
11.591
10.705
14.323
30.405
15.223
18.268
12.143
6.224
0.000
0.000
0.000
2.211
14.945
10.657
5.181
3.759
11.642
2.475
9.651
9.495
6.386
0.872
0.031
0.000
0.034
8.087
12.037
4.534
6.583
2.378
4.594
0.072
9.514
10.303
6.935
4.789
9.296
2.814
0.757
2.122
2.091
2.343
2.899
3.902
4.494
15.980
12.609
7.732
0.299
6.111
10.107
13.024
37.161
16.764
10.801
7.893
9.929
5.545
1.483
12.706
2.891
12.373
5.510
4.446
12.476
4.407
4.566
12.645
17.087
19.823
21.897
20.153
22.251
21.392
13.482
10.444
12.700
13.190
15.381
0.973
6.633
3.313
8.082
23.748
9.150
13.201
18.986
8.545
3.948
0.000
0.536
0.154
0.000
0.000
0.529
1.741
1.851
0.000
0.340
5.201
19.257
19.669
8.150
2.352
5.493
9.421
26.323
20.229
23.193
6.341
3.416
1.663
1.112
6.276
2.990
15.419
18.066
20.610
13.427
2.105
8.830
13.778
52.964
42.256
11.594
27.377
15.638
4.165
1.294
9.184
14.749
136.955
7.375
18.004
36.863
50.063
3.620
4.058
6.355
11.053
46.563
18.043
15.534
16.473
29.406
27.066
22.180
24.063
46.172
6.765
4.023
16.893
20.220
27.442
20.986
15.989
18.363
12.687
12.075
16.128
14.239
23.803
14.438
34.492
34.671
12.473
32.022
17.268
22.012
17.909
21.705
26.697
17.499
34.573
13.726
24.276
33.203
50.558
11.361
19.933
6.094
13.086
14.514
9.908
11.158
5.418
5.850
24.675
6.863
12.011
13.788
12.583
18.900
22.252
20.146
19.300
26.299
20.975
23.094
33.024
19.717
19.576
36.059
23.518
21.204
22.117
32.966
26.134
34.267
14.595
8.902
13.822
17.752
21.118
15.316
8.264
17.564
16.533
16.555
14.948
30.604
20.524
10.130
9.040
18.776
23.816
15.285
18.648
12.288
17.111
31.220
33.790
24.848
17.673
21.120
20.235
15.760
15.510
26.260
24.928
11.985
54.563
40.807
16.650
19.826
14.688
50.678
11.872
18.308
27.710
21.475
23.438
28.503
15.547
26.405
19.236
19.425
30.578
28.755
24.263
14.093
22.834
29.186
4.660
9.114
7.524
14.088
15.010
17.211
14.858
15.709
212.300
7.769
17.122
30.971
18.625
4.789
15.019
43.561
51.265
1.056
26.589
12.488
25.775
48.664
7.071
11.438
21.333
29.504
31.846
28.408
41.540
22.108
5.802
28.302
85.412
10.083
80.501
6.564
9.670
5.797
11.242
12.464
17.364
37.505
30.111
19.634
19.823
28.017
13.911
61.550
12.967
12.160
58.234
10.728
20.558
54.690
15.300
44.651
43.199
18.199
1.365
6.990
8.502
38.365
24.848
18.754
21.453
10.650
17.156
6.712
6.775
5.102
9.838
14.442
9.634
22.151
13.808
12.227
31.465
27.040
23.856
9.934
21.873
11.900
8.720
9.304
35.275
18.121
17.187
28.398
12.439
12.542
8.523
0.609
0.000
3.205
1.845
0.082
0.000
0.000
0.000
0.064
3.159
14.798
2.903
1.039
8.303
7.454
7.036
8.873
1.833
0.661
4.516
22.017
7.637
1.267
0.000
0.000
0.000
0.000
0.000
0.000
0.000
0.000
0.000
0.625
0.360
0.027
0.000
0.000
0.000
0.000
0.069
0.299
0.000
0.000
0.000
0.000
0.000
0.000
0.000
0.000
0.000
0.000
0.666
0.968
0.000
0.000
0.374
0.268
0.000
0.199
0.570
0.206
0.000
0.000
0.129
0.525
0.302
0.000
0.000
8.035
11.360
0.633
0.795
0.421
0.177
0.000
0.000
0.000
0.024
0.007
0.000
0.000
0.000
0.072
0.017
0.000
0.000
0.000
0.010
1.581
4.535
5.194
4.395
19.746
12.919
2.015
0.191
0.000
0.000
0.154
18.673
23.064
15.345
1.902
0.000
0.652
9.586
2.218
14.492
11.728
0.048
0.103
1.662
15.783
0.954
11.196
3.921
1.682
25.305
2.070
14.948
20.084
32.029
5.033
3.210
2.115
8.882
15.652
19.175
25.883
7.306
13.596
3.241
19.202
8.607
13.149
15.594
8.581
5.054
8.265
20.996
42.012
9.167
7.989
3.701
5.998
1.442
1.057
7.213
2.420
0.302
0.000
2.340
14.164
38.514
45.542
19.854
22.145
50.293
9.553
40.248
17.619
3.054
3.627
0.000
7.545
10.048
27.941
14.543
8.879
12.844
13.259
19.999
26.178
60.502
20.531
6.271
13.869
15.376
20.365
24.947
30.657
29.879
37.574
11.731
1.435
19.473
17.491
7.342
10.825
19.053
12.883
2.805
0.070
0.027
0.024
0.905
1.027
0.151
0.000
0.000
0.000
0.000
3.059
0.723
0.042
6.537
27.751
6.235
6.890
0.000
0.000
0.000
0.000
0.106
3.557
14.063
0.000
5.424
14.124
22.227
24.475
6.472
0.591
4.084
7.965
9.187
8.274
10.509
4.213
7.883
11.815
16.322
25.416
21.310
12.737
10.768
18.502
8.961
18.701
5.823
4.158
12.809
20.639
21.753
9.604
20.220
17.976
17.441
30.024
18.999
30.178
24.302
17.716
12.200
29.581
25.605
32.308
15.477
17.707
37.506
20.819
16.946
20.751
15.686
32.932
16.993
21.162
28.403
16.610
13.968
20.237
14.442
6.049
2.135
8.401
7.093
14.044
24.113
25.049
196.864
13.263
79.630
8.992
19.245
44.823
118.654
16.905
17.639
18.007
8.883
11.982
4.903
20.396
15.028
24.887
19.022
37.702
32.427
7.756
5.909
13.414
13.029
10.787
15.400
15.757
0.141
4.940
29.396
36.126
27.628
74.365
24.134
10.562
12.617
13.149
15.154
19.313
27.691
38.804
23.636
24.220
15.469
2.050
6.097
12.839
10.835
48.067
23.043
7.268
48.712
10.624
4.358
3.244
7.105
0.168
0.000
0.000
8.078
2.922
8.374
28.132
34.765
32.327
13.963
5.167
9.747
22.927
7.898
22.208
14.456
26.517
27.322
31.220
11.718
11.288
21.149
16.631
5.109
6.121
13.408
10.161
8.765
18.280
29.632
10.451
11.254
17.386
12.943
17.389
5.270
2.918
5.976
21.144
5.600
1.147
4.549
4.360
0.505
0.021
0.007
0.000
0.000
0.000
0.000
0.000
0.000
0.000
0.000
0.000
0.000
1.665
4.329
10.341
0.000
0.000
0.000
0.206
2.252
3.049
1.758
4.268
0.752
0.209
0.371
0.072
0.000
0.010
2.146
1.095
1.023
0.000
0.000
0.000
0.000
0.000
0.000
0.663
0.268
1.521
0.639
0.196
0.930
0.542
0.168
0.031
0.000
0.000
0.000
0.000
9.625
19.442
0.000
0.000
0.517
1.040
0.491
2.685
1.435
7.114
8.923
0.591
1.432
1.531
7.011
14.650
6.568
8.841
9.862
9.974
13.956
31.823
7.028
0.003
0.000
10.514
35.691
22.084
4.568
2.299
4.262
4.827
3.150
0.000
0.378
1.282
3.450
8.961
17.326
8.856
0.901
5.083
0.793
3.456
7.932
5.177
16.777
17.296
0.000
0.000
0.000
0.378
0.309
2.297
8.137
7.744
149.644
19.123
15.278
24.503
108.174
0.336
0.093
12.535
35.778
56.906
11.604
24.036
13.283
9.905
1.449
12.555
16.212
61.171
5.445
4.329
1.864
39.060
10.832
10.386
21.966
24.451
8.511
11.755
19.308
12.686
6.987
13.445
125.031
6.338
22.786
9.483
7.086
5.510
9.026
7.644
34.895
14.550
9.204
4.271
11.100
81.932
2.812
14.129
7.557
72.515
18.100
23.753
26.268
21.041
12.351
19.415
13.606
4.065
5.747
-99.000
9.050
92.385
33.103
38.002
33.405
39.475
17.283
29.249
21.030
22.392
5.933
2.438
0.220
8.278
15.989
6.787
11.134
15.070
16.555
5.112
0.000
9.706
20.520
19.837
1.409
1.092
4.154
5.586
18.309
18.042
5.229
0.000
0.055
6.224
16.401
12.978
6.097
9.062
1.013
1.514
4.216
1.909
1.861
0.000
0.896
5.991
9.023
3.406
3.086
3.516
8.820
19.569
1.136
0.167
0.024
0.000
1.174
0.000
0.014
2.321
1.219
0.000
0.546
7.361
4.532
8.619
5.550
0.196
0.017
0.996
9.541
3.780
20.903
31.354
19.672
19.418
9.651
20.692
19.992
16.507
12.610
31.115
20.194
3.512
0.584
16.828
20.308
21.732
1.888
24.922
12.363
28.255
26.147
36.725
20.429
4.019
0.879
0.014
0.000
7.599
9.253
7.751
9.603
3.172
20.847
6.791
6.639
5.260
11.942
20.388
10.402
36.724
51.768
15.429
21.123
17.547
25.236
30.120
27.674
15.741
145.227
8.243
24.968
6.702
65.721
36.021
24.366
0.000
16.679
35.421
14.602
35.438
18.266
26.048
36.742
42.981
81.793
0.151
0.137
9.009
48.906
17.971
22.299
9.943
13.209
117.121
5.716
17.752
14.471
44.857
15.120
13.015
15.559
33.900
14.505
14.074
11.558
12.521
9.449
7.464
17.118
41.375
4.672
5.306
10.157
60.358
4.928
28.597
98.866
6.921
16.265
10.589
16.279
13.069
17.443
19.272
25.709
10.085
2.913
6.036
3.099
6.753
0.503
0.451
3.113
0.865
7.064
7.512
18.836
28.489
24.412
8.353
0.896
0.000
0.000
0.000
0.000
0.000
0.000
0.000
0.000
0.000
0.000
0.000
0.000
0.000
0.024
-99.000
-99.000
-99.000
-99.000
-99.000
-99.000
-99.000
-99.000
8.947
0.000
0.000
0.704
6.911
15.197
2.415
0.014
0.000
0.000
0.000
0.000
0.000
0.000
0.000
0.000
0.000
1.336
5.802
12.432
4.692
22.361
10.186
1.281
0.069
0.038
0.000
0.000
0.000
0.000
0.086
0.021
0.000
0.000
0.000
0.187
6.985
8.998
21.140
9.771
1.205
0.228
3.006
8.753
10.796
12.663
11.788
4.705
4.433
0.195
0.284
0.283
0.058
0.000
0.000
0.000
0.369
0.105
0.010
0.003
0.172
3.560
4.344
8.133
12.186
0.105
4.156
1.288
0.000
0.000
0.031
0.000
3.680
6.053
1.284
5.426
5.378
8.363
20.749
14.289
15.177
24.623
20.500
32.571
8.037
14.984
9.817
13.239
16.846
27.625
25.360
4.549
23.119
21.226
14.773
1.259
10.202
17.290
21.049
19.983
19.391
0.910
0.076
11.987
13.446
11.889
9.544
9.378
16.763
8.717
5.467
9.491
5.143
33.076
32.880
17.422
6.993
0.882
12.047
26.634
19.638
31.301
12.439
33.769
12.471
26.311
8.058
7.052
15.014
3.316
9.764
10.042
24.012
31.785
17.032
37.010
11.762
23.006
21.683
66.405
10.283
1.243
30.233
18.999
10.118
30.999
28.558
0.055
9.857
15.848
23.229
13.675
21.530
16.184
6.667
69.949
94.040
2.499
1.311
6.417
15.221
11.146
12.621
10.562
13.838
4.614
5.761
14.368
16.375
22.742
129.141
15.177
18.497
37.007
32.550
27.205
11.937
7.920
17.520
16.043
18.371
19.880
0.285
18.151
25.021
13.858
10.425
12.667
11.906
15.450
15.489
17.022
34.966
11.953
15.825
50.122
45.176
55.619
6.979
3.841
1.239
6.903
7.733
8.726
2.884
10.581
24.774
31.733
21.078
57.443
39.209
11.527
14.644
31.435
29.963
32.289
19.480
26.144
22.488
17.703
26.034
26.909
21.262
31.526
84.966
1.492
1.334
12.236
25.723
24.221
21.511
7.825
21.652
20.290
23.739
16.876
16.672
20.846
9.719
11.379
12.063
16.816
25.708
25.208
38.537
15.417
7.107
35.165
37.532
13.538
8.926
21.477
16.316
13.997
11.716
22.573
36.808
151.828
4.817
2.699
11.859
12.457
25.208
27.244
53.007
111.161
19.022
104.444
4.889
19.712
14.406
22.919
24.359
12.878
3.498
31.248
16.387
25.059
0.400
24.124
35.680
30.581
71.954
3.533
27.202
20.929
71.772
25.657
12.454
7.884
2.403
18.131
7.697
27.521
39.681
36.923
17.614
5.972
14.814
42.273
8.119
2.089
6.760
13.790
16.711
8.576
10.231
13.434
11.615
4.207
16.164
7.646
4.590
4.570
4.113
15.817
12.665
23.756
16.222
19.096
19.868
18.088
13.108
13.139
6.988
19.521
10.040
8.422
23.586
28.518
14.392
24.369
19.140
21.241
1.768
7.917
25.578
20.702
33.241
1.291
5.687
10.258
18.999
21.973
16.057
4.552
7.883
5.943
7.478
4.484
0.014
0.000
0.000
0.000
0.000
0.000
0.000
0.000
0.000
0.000
0.000
0.306
0.330
0.065
0.000
0.000
0.000
0.000
0.000
0.161
1.892
3.756
0.666
0.000
0.000
0.000
0.000
0.007
0.477
0.000
0.000
0.446
2.709
0.000
0.000
0.000
0.000
0.000
0.000
0.000
0.000
0.000
0.000
0.608
0.108
0.000
0.000
0.000
2.558
2.352
3.609
0.003
0.338
1.972
2.390
5.742
9.338
5.055
0.010
0.000
0.762
3.117
0.062
0.000
0.000
0.014
4.190
3.073
0.101
0.385
0.151
0.000
0.000
0.000
0.000
0.027
0.000
0.000
0.000
0.000
0.000
0.000
0.000
0.525
0.371
1.130
0.457
2.046
4.728
2.911
4.140
0.494
0.000
0.000
0.000
0.000
0.000
0.000
0.000
0.000
0.000
0.000
0.000
1.804
0.578
0.048
0.014
0.060
10.065
15.700
11.721
16.473
49.037
13.620
6.906
59.659
22.894
31.544
11.700
18.761
10.691
12.693
20.144
22.869
25.894
16.066
26.872
22.610
9.793
5.431
8.584
12.112
31.296
38.375
7.508
20.354
1.981
5.915
5.421
38.548
4.573
37.609
13.949
18.618
19.655
17.146
6.194
16.586
15.508
16.850
34.030
13.302
12.574
55.817
12.646
21.564
33.153
11.244
17.894
3.876
20.960
6.767
29.152
30.436
17.458
20.730
30.171
20.773
27.016
30.272
17.647
6.607
11.628
14.303
16.817
22.852
21.171
15.571
18.167
10.953
11.558
19.003
40.263
46.939
70.476
18.855
27.473
13.481
9.749
41.446
26.965
23.585
60.500
14.528
17.329
24.886
17.736
27.181
37.929
30.415
19.205
25.365
29.989
15.233
10.808
12.785
14.468
25.437
20.026
11.814
3.677
18.121
11.601
9.503
10.701
5.146
5.122
8.205
13.153
10.416
16.181
24.695
11.637
18.896
3.996
16.068
17.211
16.857
28.195
62.897
29.083
20.400
14.631
12.130
36.484
33.060
24.843
34.918
47.538
6.698
15.367
18.529
23.313
17.336
8.490
76.489
14.523
30.678
83.699
43.217
10.653
4.688
2.508
4.884
37.060
22.625
20.841
16.092
38.004
2.534
6.880
35.555
8.490
14.138
53.150
54.417
2.661
15.007
16.114
12.703
16.068
16.802
82.150
28.214
13.959
31.895
11.611
86.589
0.515
10.420
32.090
32.502
21.128
23.312
30.765
17.273
15.916
13.925
31.177
3.672
4.147
13.046
17.975
15.491
11.702
94.427
6.657
23.473
9.750
16.394
38.330
13.436
17.904
8.338
13.820
23.464
6.719
1.099
9.507
13.651
8.707
22.465
21.619
32.022
74.738
7.857
9.879
17.559
20.881
18.131
0.369
30.478
3.679
18.146
7.907
0.360
7.115
26.960
53.465
7.841
55.304
3.830
23.494
14.559
7.216
7.158
9.124
3.207
16.803
20.603
11.773
7.081
28.175
28.546
6.456
19.789
28.978
19.729
19.782
8.715
6.552
18.242
16.268
8.892
0.986
1.427
6.952
8.173
0.086
2.565
0.783
6.245
7.492
0.703
0.000
0.000
0.000
0.017
0.000
0.000
0.000
1.394
5.903
3.327
12.421
9.758
11.639
11.706
9.592
15.441
26.729
3.299
5.564
1.440
5.655
3.195
0.827
0.072
0.000
0.000
0.000
0.003
0.285
5.219
18.627
3.732
0.306
0.000
0.000
0.680
3.564
5.243
1.926
0.278
0.100
0.000
0.000
0.209
0.041
0.000
0.000
0.000
0.000
0.000
0.000
0.000
0.000
0.027
0.031
0.007
0.000
0.058
0.014
0.000
0.000
0.000
0.000
0.000
0.000
0.000
1.500
1.847
7.007
19.489
27.057
4.552
0.474
8.892
9.725
5.351
14.852
4.285
14.274
9.428
14.560
11.937
19.662
16.912
16.514
28.369
34.547
1.222
0.240
0.604
0.580
0.295
0.076
4.292
13.705
10.042
13.997
10.252
2.705
0.045
1.758
9.153
26.848
11.161
11.927
12.411
4.010
1.672
0.117
0.034
2.757
8.137
2.547
2.242
4.504
2.386
1.449
13.699
0.062
1.614
0.398
0.031
0.999
1.950
0.072
3.337
3.097
12.342
15.257
7.066
0.000
0.608
0.120
14.526
28.190
5.136
13.960
37.091
75.912
6.854
13.606
17.999
18.759
25.969
48.893
0.237
4.831
15.743
3.794
0.611
20.078
0.451
4.206
5.742
1.332
1.404
1.564
1.489
12.361
9.843
11.755
9.254
44.661
6.906
6.406
31.944
5.042
0.421
4.889
18.094
49.399
13.620
23.734
7.690
5.514
6.523
21.861
17.060
32.140
7.898
9.277
4.259
0.000
0.000
0.000
0.000
4.943
4.465
21.193
18.244
18.367
14.666
14.564
32.247
18.411
8.359
3.179
12.893
14.592
20.242
5.051
11.556
7.812
9.862
4.293
15.341
27.797
21.602
1.138
0.752
0.335
2.237
0.000
1.526
1.881
0.000
8.429
29.770
17.631
32.672
14.030
26.970
96.070
8.325
14.143
19.822
18.692
17.246
14.636
7.371
7.014
17.003
16.610
16.977
9.908
2.554
17.520
16.510
8.792
17.499
37.800
1.854
12.404
26.031
21.035
11.426
22.927
14.217
18.031
32.355
12.840
28.448
15.875
6.557
11.216
5.943
28.575
17.506
48.505
8.830
17.142
14.420
14.212
146.288
11.826
25.670
4.920
17.527
19.748
19.999
47.946
42.101
17.643
21.921
9.989
21.332
19.981
12.926
13.975
36.399
13.269
7.117
9.126
22.734
16.134
12.401
2.453
15.527
3.344
0.007
6.125
10.863
21.032
55.958
9.665
5.521
5.459
10.715
13.802
21.008
6.087
26.213
94.170
8.755
11.007
20.974
21.416
1.384
12.869
10.856
22.941
18.067
17.173
37.292
12.166
3.337
2.843
7.055
11.192
7.776
11.992
9.817
56.094
20.180
12.821
56.154
37.239
6.125
4.483
0.726
9.338
1.262
3.008
5.375
9.388
15.232
15.750
15.899
32.327
5.148
9.014
22.615
17.499
14.299
10.768
45.120
14.620
21.027
24.027
7.291
19.173
18.304
21.777
11.325
21.435
28.695
0.316
0.134
0.566
8.463
4.619
7.018
0.017
0.000
0.000
0.000
1.243
0.306
0.000
0.000
0.000
0.000
0.000
0.230
10.432
2.336
6.159
2.908
0.000
0.000
0.000
0.000
2.498
2.544
6.925
22.546
13.390
15.049
7.687
14.686
14.514
0.551
0.000
6.642
5.043
1.296
0.000
0.000
0.000
0.000
0.000
3.346
2.860
1.782
0.304
0.003
0.000
7.656
2.099
0.000
0.496
0.134
0.000
0.000
4.626
2.002
1.723
1.875
2.161
0.017
0.566
0.100
0.000
0.118
1.760
0.629
0.014
0.000
0.000
0.000
0.067
0.017
0.000
0.242
0.041
0.994
0.869
0.000
0.000
0.000
0.000
0.000
0.237
2.894
1.432
0.079
0.000
0.000
0.000
0.000
2.510
0.474
0.403
1.775
6.363
9.009
1.260
2.802
3.402
5.330
1.130
0.278
0.048
1.722
0.285
2.843
1.136
0.096
0.000
0.000
2.553
8.988
10.095
20.344
8.123
2.012
7.045
5.854
9.452
15.080
0.000
0.000
4.206
1.382
4.528
17.485
25.784
15.961
27.723
10.413
15.058
19.648
19.207
9.419
17.348
25.969
4.693
32.853
97.263
9.404
1.490
123.974
12.463
15.316
0.831
7.632
20.304
19.384
16.102
8.010
3.320
21.969
8.724
32.293
3.766
10.890
3.838
5.397
1.957
0.000
2.355
16.332
23.686
11.783
33.107
39.733
16.799
6.561
17.403
33.577
3.329
4.594
11.652
12.547
7.375
6.034
36.354
15.288
15.762
7.513
1.590
4.432
11.637
15.350
12.859
17.495
16.541
96.441
28.733
13.062
15.721
10.739
9.464
3.157
0.312
9.138
0.000
1.852
7.356
4.884
6.434
2.302
0.652
2.587
7.801
6.726
1.179
22.187
29.127
20.098
9.074
20.191
13.295
17.673
8.373
8.162
32.635
14.107
15.549
19.918
23.815
6.402
4.111
1.854
2.134
7.433
15.649
12.561
5.582
36.866
0.893
5.318
8.597
9.363
0.000
7.745
19.099
25.258
11.357
13.747
15.146
20.972
7.608
5.737
3.986
8.538
5.373
10.612
35.026
23.964
3.323
4.051
0.772
6.640
5.651
0.336
0.460
1.408
3.270
12.373
11.060
32.636
32.712
4.673
9.089
7.086
17.714
48.024
19.593
1.349
11.778
22.132
15.058
13.944
11.527
11.140
7.896
16.080
60.375
7.678
2.910
3.198
11.119
20.294
15.427
36.130
20.091
164.125
1.629
7.409
13.729
20.929
26.547
7.237
14.227
17.317
28.647
28.092
22.362
0.264
12.984
43.873
0.378
5.758
51.478
0.666
5.160
0.975
26.309
17.255
39.156
47.579
16.253
10.125
73.602
8.459
33.505
0.470
9.362
70.857
8.406
30.872
8.913
26.199
33.683
9.132
25.711
39.271
65.224
22.402
9.112
19.480
15.135
17.739
19.538
5.788
9.834
10.063
14.850
13.986
13.415
4.431
4.417
16.105
10.645
9.917
10.281
13.829
5.567
9.011
11.594
14.809
13.678
72.345
17.403
27.893
15.772
14.004
25.756
38.737
19.590
13.733
2.949
6.911
21.035
6.743
2.506
1.892
1.116
0.385
0.000
0.000
0.000
0.000
0.027
0.007
0.000
0.000
0.000
0.000
0.000
0.000
0.117
1.682
0.350
0.366
0.168
4.515
7.131
2.826
0.405
4.084
6.295
3.819
0.712
0.000
0.038
0.007
0.000
0.000
0.000
0.000
0.000
0.000
0.000
0.017
0.014
0.000
0.000
0.000
0.000
0.000
0.000
0.000
0.000
0.000
0.000
0.000
0.000
0.000
0.000
0.000
0.000
0.000
0.031
4.841
1.105
2.963
3.625
0.220
0.470
8.906
18.560
15.192
2.644
0.000
0.000
0.003
0.007
0.021
0.405
0.089
0.000
1.868
1.401
0.793
0.460
27.383
13.618
7.517
2.189
10.766
4.101
0.014
2.317
13.211
18.309
23.809
6.697
8.123
7.862
18.183
3.625
0.000
0.000
0.000
0.000
0.070
0.014
0.000
0.000
0.060
8.209
11.026
4.290
0.999
0.458
4.116
0.089
0.000
0.893
4.051
3.886
5.936
1.645
0.106
6.897
28.867
26.862
11.117
0.673
6.406
12.243
19.231
40.897
9.404
9.493
32.554
4.762
5.751
6.671
5.740
14.509
20.184
24.802
16.136
30.494
11.618
20.241
6.908
2.541
10.969
15.165
17.709
17.681
14.286
17.043
23.573
1.519
9.840
14.186
30.281
30.034
3.639
34.950
14.375
15.625
11.457
47.626
22.058
30.703
30.523
13.348
11.724
18.083
15.760
48.946
13.112
23.034
40.691
12.215
9.059
13.609
8.284
1.473
1.085
15.601
16.758
6.757
18.268
15.566
57.404
8.940
8.576
2.242
0.508
8.710
17.829
14.605
9.119
14.694
15.789
26.831
6.194
16.394
23.597
20.977
44.076
27.926
39.428
20.975
21.913
15.644
22.496
14.672
11.318
12.351
2.680
2.851
0.393
4.140
5.521
3.825
0.572
0.944
14.857
2.764
0.845
0.326
0.000
0.318
3.392
6.226
4.016
0.000
7.261
27.052
22.778
19.897
53.672
41.604
4.235
0.096
5.485
12.288
12.004
11.834
18.120
11.839
4.618
5.562
26.631
4.865
0.000
2.357
11.702
21.919
30.132
24.472
12.657
12.868
11.997
6.700
0.110
0.000
0.000
7.984
6.459
9.925
18.129
2.256
0.027
11.738
21.993
18.066
17.753
16.586
1.009
0.007
0.151
6.791
2.482
2.127
5.852
28.535
7.007
16.596
26.875
34.185
32.458
13.481
21.083
15.450
58.200
11.668
23.497
33.124
22.216
22.083
19.401
4.410
17.365
22.591
10.749
13.791
17.777
23.377
3.818
3.636
22.567
11.302
13.309
14.004
31.651
49.971
24.144
4.007
26.501
14.268
0.036
0.000
7.179
6.231
10.825
16.991
29.023
10.684
0.704
9.338
17.013
9.038
8.300
15.261
8.065
12.428
7.371
11.244
14.203
12.456
17.379
45.538
89.624
6.719
18.244
19.187
3.516
6.575
9.513
6.564
5.703
9.860
14.907
20.723
7.397
12.300
28.667
11.906
9.146
13.311
14.547
2.216
2.556
13.110
11.710
19.902
6.947
1.224
0.000
0.000
0.000
0.000
0.000
0.000
0.000
0.000
0.527
0.236
5.589
6.061
3.044
0.802
0.000
0.000
0.000
0.007
0.280
0.728
0.144
4.346
4.676
0.561
0.000
0.083
3.818
1.524
0.661
1.349
4.346
16.086
2.496
0.000
0.000
0.000
0.000
0.000
0.000
0.000
0.153
0.000
0.000
0.000
0.010
0.184
0.517
0.086
0.000
0.000
0.000
0.000
0.000
0.146
0.855
0.438
1.358
1.531
0.000
0.000
0.017
2.365
1.239
2.733
10.063
27.795
16.754
1.126
0.244
0.024
0.007
0.007
0.000
0.000
0.000
0.000
0.000
0.000
0.010
0.518
0.179
2.626
0.680
0.000
0.014
0.003
0.000
0.000
0.065
0.738
0.158
0.000
0.000
0.000
0.000
0.000
0.177
8.499
9.460
2.498
0.021
0.000
0.000
0.014
0.007
0.415
0.000
0.000
0.100
0.414
0.000
0.000
0.000
0.007
4.941
7.559
14.063
3.814
0.034
0.003
0.117
2.472
2.029
0.268
0.000
2.383
12.071
17.952
22.620
13.194
10.585
48.227
21.156
15.244
22.189
8.810
5.667
7.548
12.269
17.123
107.834
58.561
13.218
51.570
108.883
9.671
40.976
19.425
16.055
10.890
70.201
2.093
53.749
1.408
2.321
0.000
0.000
9.965
74.814
18.394
65.865
29.770
75.068
14.542
43.609
29.069
26.479
1.624
8.044
25.002
0.680
18.740
28.316
30.034
68.384
0.264
8.461
13.882
18.577
10.555
15.729
10.494
2.721
29.014
43.877
14.317
11.295
3.699
5.915
10.462
3.685
0.003
10.779
16.332
27.727
40.808
19.425
1.609
0.000
0.003
15.389
15.421
19.250
16.835
25.311
8.031
0.000
0.000
0.154
0.319
0.007
0.144
2.235
5.812
1.941
0.220
4.336
22.196
22.313
18.821
38.449
9.780
14.814
10.269
1.502
0.113
2.180
9.141
24.108
2.554
0.000
0.326
9.946
34.219
15.886
21.544
8.549
28.971
15.210
1.085
1.770
6.678
5.268
6.127
17.772
21.997
15.268
18.545
11.316
7.960
18.521
13.953
27.241
22.622
14.341
8.877
7.967
10.712
10.140
0.821
4.728
2.977
0.000
4.693
6.506
18.010
14.923
13.453
12.052
13.819
7.843
7.761
17.896
18.872
10.044
22.239
8.032
9.318
12.811
3.905
7.540
24.009
14.727
93.897
36.895
19.925
22.256
11.693
11.292
19.470
73.008
3.977
21.461
0.184
0.017
0.323
20.241
3.680
19.266
15.341
32.541
6.609
6.389
21.780
35.191
50.974
13.779
91.310
14.989
1.985
26.150
0.925
0.000
0.000
2.242
8.849
31.974
18.162
18.520
4.952
14.330
14.311
12.054
25.905
30.384
28.360
14.100
13.553
16.979
25.053
20.380
20.311
37.587
38.143
27.349
27.668
125.660
7.642
22.592
25.955
25.293
81.148
17.496
5.806
27.023
4.353
10.540
17.767
4.858
5.905
9.302
23.612
18.438
20.642
27.401
19.398
7.265
12.583
10.028
16.122
5.002
9.759
17.897
23.446
7.409
16.004
14.320
2.932
12.466
18.292
5.373
6.338
9.913
3.680
9.483
15.429
9.901
0.879
0.000
0.000
0.000
0.000
0.000
0.000
0.000
0.587
2.417
0.800
0.000
0.360
0.000
0.021
0.021
0.100
1.064
4.116
10.265
32.053
20.823
9.507
11.477
4.449
0.000
0.257
3.603
8.715
8.906
12.233
13.754
1.823
0.000
0.158
0.347
0.728
0.158
0.017
3.373
9.105
18.484
1.233
1.682
0.481
0.000
0.000
0.184
0.141
0.000
2.486
1.556
4.364
9.932
1.512
0.165
0.014
0.525
0.007
0.000
0.000
0.000
0.000
0.000
0.000
0.000
0.000
0.000
1.123
0.594
0.000
0.014
0.400
0.048
0.197
0.237
0.158
0.510
3.501
0.627
0.000
0.160
5.248
5.376
1.306
4.267
6.274
1.461
6.528
17.065
11.585
4.611
9.023
16.663
22.321
12.560
28.211
19.902
10.137
13.414
13.311
91.823
2.814
5.240
11.300
8.169
3.951
7.523
12.373
13.525
17.000
26.130
69.401
17.758
21.458
62.780
38.574
14.682
11.508
8.659
8.604
34.744
24.673
11.774
1.779
16.162
21.590
35.754
24.972
9.714
14.368
90.838
16.728
12.090
16.788
16.514
4.930
0.783
20.459
13.802
21.193
6.485
64.236
16.689
148.659
5.191
26.899
14.880
9.383
2.980
13.266
57.616
29.152
60.140
8.988
47.197
1.229
17.019
20.043
114.842
0.419
9.084
87.904
0.800
5.167
29.509
1.370
9.323
11.155
2.496
0.369
0.597
0.324
6.921
12.452
10.993
27.012
13.323
31.469
15.468
15.204
6.094
13.450
9.527
14.301
8.631
19.652
30.596
9.627
12.451
6.839
9.278
10.761
2.482
10.794
12.708
35.575
19.233
14.866
7.951
7.902
5.467
0.601
0.336
12.162
16.092
11.839
6.654
9.747
8.484
10.579
18.359
3.336
0.439
3.289
14.076
9.319
8.350
18.802
7.284
14.224
14.472
19.314
11.349
2.561
0.716
0.472
0.594
7.287
0.199
1.148
4.338
17.999
9.648
31.057
73.862
12.746
13.474
12.751
21.326
11.388
25.964
17.758
11.273
7.213
1.003
3.244
7.491
13.125
14.373
13.099
7.042
14.844
55.251
1.500
3.950
13.033
16.874
13.984
18.900
12.037
48.949
21.277
4.673
13.537
11.611
7.196
21.586
21.519
24.839
15.141
94.630
41.885
29.021
139.846
23.535
2.795
12.452
20.057
26.158
106.073
0.041
0.113
11.403
13.585
57.812
4.364
32.047
23.906
20.218
17.122
11.541
25.025
25.936
23.198
21.681
21.368
20.768
9.853
11.201
15.697
35.633
31.321
20.167
23.174
9.543
6.156
8.435
20.296
17.496
17.255
47.116
21.633
21.840
30.072
14.234
8.617
28.249
26.875
25.325
15.796
19.600
7.151
12.064
15.092
15.347
15.803
52.127
37.838
39.039
9.112
14.699
22.495
14.917
8.525
12.512
2.048
8.875
7.656
15.350
20.816
21.300
10.365
38.464
55.917
56.312
43.193
6.001
7.422
6.794
13.438
14.460
14.035
10.926
3.112
0.829
2.688
13.118
33.372
0.752
17.704
9.301
12.536
12.982
7.654
13.103
8.140
3.092
1.681
0.850
0.000
0.017
0.790
0.455
0.000
0.000
0.000
0.000
0.000
0.000
0.000
5.023
12.466
0.934
0.000
0.007
0.000
1.277
0.343
0.000
0.000
0.476
6.097
3.275
0.398
0.000
0.000
0.000
0.000
0.000
0.000
0.000
0.000
0.000
0.000
0.000
0.000
0.000
0.000
0.034
0.014
1.140
0.203
0.010
1.605
1.868
1.974
0.000
0.000
0.000
0.467
0.117
0.000
3.450
8.163
2.036
3.468
2.547
3.342
2.884
1.469
0.038
2.252
15.134
4.934
13.228
17.698
37.470
15.247
0.292
4.848
10.372
9.400
4.638
0.000
0.014
0.185
0.213
1.631
0.915
0.000
2.355
10.588
3.251
5.373
5.394
17.091
27.716
29.244
25.239
68.314
5.438
1.308
4.140
15.956
18.363
31.548
24.448
15.922
25.883
10.695
10.825
16.341
18.639
11.941
9.783
17.337
1.969
0.000
0.000
21.487
17.126
14.561
1.720
0.900
11.283
10.672
15.484
17.823
73.854
6.631
14.330
15.398
54.736
19.600
96.513
31.917
53.878
0.819
1.451
0.000
10.554
3.861
2.968
21.798
32.283
84.952
13.093
32.901
3.311
11.639
0.473
5.054
14.392
18.241
29.539
12.013
1.535
5.739
23.293
20.508
30.293
6.374
15.140
25.473
18.805
14.650
11.766
15.147
27.559
33.285
10.705
29.584
14.536
19.384
28.420
10.210
21.646
7.522
6.259
25.114
85.105
4.576
2.884
7.124
27.663
28.582
13.383
14.639
12.820
14.116
0.640
0.000
0.227
6.206
9.531
6.798
5.613
14.327
19.084
10.949
13.603
18.285
10.979
20.223
21.762
31.735
0.074
5.709
4.772
0.000
0.034
0.007
0.000
0.000
0.000
3.188
5.612
9.245
12.008
27.265
14.268
9.329
1.833
2.050
5.234
15.724
19.865
8.453
15.607
20.704
19.642
11.773
3.938
0.000
1.797
11.900
29.857
12.830
8.557
26.326
45.669
0.045
2.178
9.247
14.107
20.301
5.429
2.975
33.383
64.625
0.505
7.508
19.272
17.818
22.877
7.237
0.000
0.000
13.657
16.049
14.296
5.256
13.906
8.885
12.195
13.160
15.753
17.140
21.461
10.149
20.087
13.687
17.633
25.665
11.052
14.178
19.664
49.241
9.721
24.280
32.950
37.475
153.484
9.836
61.790
16.936
4.825
56.557
24.865
28.707
8.827
9.756
25.178
16.649
3.730
8.157
32.543
62.917
0.867
6.152
3.682
11.234
13.925
18.167
42.620
3.757
8.214
29.969
51.183
115.840
3.924
8.034
21.226
22.366
18.694
12.643
4.312
15.554
7.974
11.486
24.927
24.067
16.441
13.651
20.015
42.646
74.456
2.446
2.898
15.404
18.850
4.618
25.837
3.230
29.445
8.583
24.969
29.062
17.855
28.140
19.061
28.527
18.880
8.526
8.998
18.358
40.186
1.655
11.832
18.373
0.041
0.086
0.934
6.279
6.791
8.895
9.244
14.723
14.680
6.468
12.147
3.200
1.195
2.400
1.904
6.072
1.550
0.000
0.000
0.000
2.032
4.137
7.910
11.287
10.459
11.251
7.742
2.561
1.802
0.965
0.000
0.000
0.000
0.000
0.000
0.000
0.000
0.000
0.000
0.000
0.000
0.000
0.000
0.000
0.000
0.000
0.699
2.622
0.469
0.076
0.705
1.722
3.382
3.505
2.944
0.554
0.000
0.000
0.000
0.000
0.000
0.000
0.000
0.834
0.096
0.000
0.000
0.772
0.302
0.000
0.000
0.000
0.292
0.055
0.000
0.000
0.000
0.000
0.000
0.000
0.000
0.000
0.000
0.000
0.755
0.027
0.896
2.400
26.158
4.202
0.216
0.381
12.106
0.158
0.000
0.342
0.379
2.247
7.943
3.063
11.786
25.749
6.053
15.729
2.747
0.197
9.111
2.735
3.023
0.865
1.598
34.693
9.951
1.802
0.000
0.000
0.000
0.257
15.618
17.308
2.771
10.628
4.170
17.166
19.449
9.117
2.213
4.525
4.473
14.454
25.684
38.732
33.062
10.791
22.910
4.024
14.231
2.784
14.941
48.487
26.693
49.586
18.478
13.111
10.289
10.083
19.707
8.295
19.513
12.576
84.166
10.876
8.250
25.080
31.895
16.140
8.923
26.233
15.532
11.240
10.046
22.450
11.961
6.949
18.845
13.297
41.312
10.567
22.498
16.689
5.847
10.674
32.571
25.402
15.680
13.747
18.361
12.713
4.398
8.995
15.020
29.886
5.771
36.917
5.778
6.887
14.121
23.316
14.977
132.545
7.536
0.427
7.179
6.678
3.226
26.649
257.353
35.343
13.747
18.067
25.899
24.024
20.299
18.373
23.018
15.469
14.322
5.689
13.333
2.273
7.289
16.591
14.886
31.263
24.826
17.142
3.062
9.383
30.000
24.560
12.835
1.655
4.388
4.745
8.494
13.033
11.845
19.193
19.271
20.048
41.515
29.162
6.915
8.044
19.947
44.062
29.910
11.016
22.757
27.274
49.241
19.993
0.227
5.280
10.691
46.944
24.324
17.654
14.902
29.799
6.684
3.315
9.488
17.985
23.070
1.989
25.428
24.565
21.562
33.009
50.201
12.318
3.428
31.917
64.073
15.726
19.752
12.904
7.680
41.942
7.031
21.166
101.359
26.170
13.659
8.099
8.140
13.671
6.942
2.616
3.625
7.399
18.419
25.825
24.603
22.560
10.471
34.140
20.421
9.953
12.037
36.039
11.711
9.874
23.760
9.029
5.435
16.517
21.859
4.927
18.073
24.932
16.655
23.803
31.702
34.192
112.225
11.267
33.637
14.292
18.287
12.675
66.126
22.788
97.479
44.998
0.082
0.031
5.129
0.335
7.387
21.801
22.651
71.907
0.783
12.739
0.381
6.001
13.729
7.926
10.332
25.657
10.137
24.035
0.130
9.836
2.582
11.797
32.511
46.931
17.496
5.663
7.680
14.208
23.381
25.354
20.391
3.658
17.013
26.905
19.026
11.959
11.125
13.788
10.840
6.512
11.300
11.642
15.069
32.548
8.434
12.155
20.261
17.451
6.578
9.740
8.245
11.501
9.510
13.086
9.639
14.490
3.787
10.529
5.008
0.151
5.143
7.438
12.950
10.513
11.357
12.347
9.392
6.145
9.374
8.550
2.803
10.748
8.216
8.140
25.337
20.301
16.323
7.886
2.408
9.191
5.658
0.000
1.064
2.872
4.920
19.741
9.726
0.786
4.365
8.964
8.300
6.564
4.491
0.850
11.197
9.680
2.613
0.968
1.212
25.227
65.454
12.995
9.960
12.907
5.067
0.000
0.000
0.000
0.000
0.000
0.000
0.000
0.000
3.119
5.910
4.791
13.997
0.704
9.822
38.953
16.322
9.853
10.248
2.388
0.113
7.520
1.239
8.708
12.661
1.354
4.520
4.432
0.845
6.382
7.577
6.381
1.083
0.748
0.944
4.037
25.986
25.535
18.481
32.580
9.905
23.221
5.244
5.023
2.832
6.915
13.678
11.615
46.582
63.496
3.746
6.240
8.034
2.067
4.218
4.499
0.388
4.276
16.055
10.841
2.115
0.168
4.820
15.776
18.114
25.385
29.280
16.136
15.438
19.764
14.303
26.949
11.530
20.946
25.087
11.127
12.543
26.936
12.523
73.945
81.136
15.633
8.264
6.374
8.108
9.429
23.409
17.264
46.891
0.017
10.887
26.958
24.617
5.043
13.808
16.224
4.409
6.479
33.179
24.772
118.311
13.458
32.995
2.750
10.919
2.886
3.583
19.466
14.885
38.358
137.971
15.129
18.933
15.954
26.554
45.717
26.166
93.990
6.777
26.604
25.052
26.899
18.368
12.578
20.471
45.332
22.465
23.777
124.393
30.504
50.933
10.011
6.724
24.942
34.004
0.055
5.697
21.527
0.288
0.762
22.367
24.845
25.877
10.008
7.821
22.022
35.094
56.604
107.213
3.826
7.436
18.294
16.117
12.524
0.954
9.345
10.667
24.664
55.241
28.058
99.272
16.201
14.739
20.905
11.769
10.080
11.141
38.030
0.194
10.753
23.583
14.911
44.392
11.505
0.704
4.137
6.345
8.559
2.788
15.125
5.732
6.073
14.481
21.777
23.923
74.465
14.413
41.408
14.117
0.755
6.097
24.364
22.169
20.689
99.701
11.234
17.388
27.203
25.136
21.986
14.457
4.396
2.693
8.324
12.449
4.422
15.499
43.556
60.670
13.580
21.981
9.160
18.639
26.848
28.540
37.291
21.431
26.711
18.388
23.332
127.546
29.654
138.689
16.702
9.908
99.796
8.616
10.051
41.500
8.127
2.985
8.635
17.307
17.589
15.000
14.115
14.741
38.956
13.360
8.458
12.243
38.134
5.682
1.348
11.204
23.614
12.936
66.491
41.860
21.089
11.247
3.014
1.684
13.723
20.956
88.437
12.557
21.737
11.376
10.729
27.423
0.726
27.311
36.567
6.376
27.953
40.766
11.740
14.183
6.797
6.425
7.196
7.197
6.913
17.961
17.546
15.886
21.566
21.047
51.156
12.603
12.758
17.234
24.661
25.142
23.598
1.852
0.395
7.450
19.664
12.981
20.369
5.708
3.601
1.257
5.524
10.416
17.403
2.784
10.169
8.315
1.576
0.220
0.069
0.000
0.000
0.000
1.227
10.784
21.588
18.627
21.607
9.512
10.626
14.890
13.364
6.751
3.786
2.165
0.112
3.280
11.394
10.579
9.527
20.887
12.577
16.735
17.540
12.379
10.924
2.628
0.173
0.115
0.000
0.000
0.000
0.000
0.000
0.000
0.000
0.000
0.000
0.000
0.000
1.593
5.771
2.997
0.000
0.000
0.000
0.000
0.010
2.729
6.581
2.860
1.143
0.024
0.580
0.779
0.481
0.378
0.288
0.031
0.000
0.000
0.000
0.000
0.144
0.345
0.113
0.755
2.448
1.071
0.175
0.000
0.994
10.212
1.397
2.434
10.262
17.530
16.600
24.791
14.495
11.920
27.188
20.203
0.069
0.000
0.000
1.171
31.472
0.391
0.000
0.000
0.000
0.000
0.000
0.024
0.189
0.168
0.000
0.134
0.024
0.000
0.000
0.000
0.000
0.000
0.000
0.000
0.000
0.000
0.489
0.484
2.970
0.500
0.000
0.003
0.043
5.558
6.800
0.000
0.000
0.000
0.000
0.000
0.221
0.055
0.017
4.140
0.000
0.000
0.024
0.014
0.000
0.000
0.000
5.143
1.142
3.940
15.618
12.385
0.980
0.712
1.581
1.504
4.532
4.740
13.366
12.730
16.464
9.714
20.924
16.710
6.288
38.407
104.264
67.211
16.232
22.723
14.533
3.171
6.202
9.278
10.922
10.114
6.616
3.917
4.173
1.306
0.486
22.201
89.839
14.596
12.773
24.675
28.290
15.489
29.385
18.254
3.280
0.000
1.231
5.194
12.190
13.675
3.910
6.393
6.621
32.042
3.159
39.645
21.801
16.881
17.037
0.374
15.153
166.946
12.888
74.915
30.880
18.234
18.888
12.499
11.089
26.796
7.318
9.306
9.263
0.709
3.907
25.794
8.684
9.081
12.784
0.661
14.075
18.836
21.396
28.470
25.729
2.858
20.225
1.332
1.978
1.916
0.000
0.000
0.000
0.000
0.460
0.213
5.981
5.294
0.209
0.027
0.316
4.944
3.471
3.789
10.509
3.598
16.469
0.137
0.165
5.960
0.000
0.000
0.034
9.493
14.152
22.783
30.659
5.435
2.913
0.585
11.228
9.134
0.910
2.890
0.027
0.000
1.825
4.958
0.227
1.097
5.553
12.557
17.599
0.076
0.000
0.000
5.236
13.012
5.831
1.409
15.501
27.792
16.713
14.212
36.187
53.301
16.291
12.342
6.197
9.379
18.457
13.304
9.592
4.525
17.460
22.045
43.427
4.552
0.512
8.233
12.583
4.017
7.666
13.668
3.777
1.243
2.198
8.964
19.703
21.650
15.568
19.288
66.004
23.906
10.835
28.640
0.055
12.524
27.480
8.021
9.992
18.390
11.625
1.694
33.317
5.861
2.656
16.495
147.612
1.332
17.020
25.617
20.615
14.503
10.885
13.960
63.487
5.807
3.267
5.198
16.165
23.629
14.670
11.067
10.679
11.932
12.741
37.151
38.337
11.963
7.385
6.355
16.137
15.220
6.113
25.258
28.683
28.983
19.866
38.413
16.946
5.054
16.301
18.867
11.553
23.365
11.900
16.733
32.882
18.359
4.247
4.837
9.093
16.126
9.232
26.852
33.072
15.934
9.026
18.218
29.066
61.664
11.782
1.427
1.157
6.647
14.112
12.286
0.515
0.000
0.644
0.731
0.000
0.000
0.371
1.913
2.010
0.000
0.271
0.105
1.346
0.766
0.551
0.000
0.000
0.000
0.000
0.000
0.000
2.863
6.206
0.429
0.000
0.000
0.000
0.000
0.000
0.000
9.150
2.353
0.153
0.048
0.000
0.245
0.621
0.489
0.086
4.685
2.999
0.000
0.000
0.000
0.000
0.000
0.000
0.247
0.233
0.000
0.000
0.000
0.000
0.000
0.014
0.000
0.000
7.021
21.538
14.687
0.137
17.707
12.123
0.482
0.000
0.017
0.529
16.900
20.758
7.791
0.000
0.000
10.432
7.716
10.979
7.076
6.442
2.101
0.700
0.014
0.094
2.206
0.779
3.432
0.525
0.000
0.000
0.000
3.152
1.344
9.141
28.443
29.321
3.464
0.000
0.000
0.000
0.050
8.892
10.209
0.000
0.000
4.165
7.033
3.335
19.778
39.503
7.524
6.391
12.116
3.641
7.452
9.845
0.093
0.000
0.000
0.000
37.930
74.978
7.948
8.405
40.433
12.195
29.615
44.707
4.237
14.186
4.424
12.291
14.296
11.934
17.146
11.422
15.837
89.123
7.629
17.372
6.238
20.963
125.467
11.292
27.871
16.201
9.143
22.405
17.654
78.961
2.238
1.102
15.429
42.847
4.903
10.540
13.017
18.351
16.298
16.239
10.883
13.712
25.876
5.699
6.307
30.312
12.888
13.705
33.429
40.883
20.023
47.942
17.513
68.119
19.532
27.940
11.264
12.373
7.153
19.192
54.025
22.731
11.953
42.107
31.145
25.150
9.888
1.202
2.850
2.479
12.748
13.528
36.615
44.560
13.102
9.637
25.124
27.236
17.418
25.583
21.719
8.779
18.129
19.032
27.056
18.143
11.477
3.356
6.530
3.138
9.294
37.992
27.366
20.665
15.388
39.537
34.315
16.699
26.316
22.240
20.242
18.632
17.043
19.944
22.323
30.508
23.720
10.808
14.059
32.712
40.007
125.440
33.429
12.627
14.536
14.773
28.455
19.796
17.341
22.222
19.758
11.050
4.268
17.951
33.883
29.315
17.487
22.848
33.224
35.379
5.660
15.825
31.198
14.330
25.157
24.668
17.424
24.608
72.387
25.059
11.077
48.450
19.278
47.274
68.656
31.241
4.758
9.802
11.194
13.338
13.063
32.363
21.756
11.896
9.072
21.677
17.170
22.345
4.398
33.841
28.580
37.427
13.951
20.186
60.423
29.040
21.082
22.747
35.827
19.278
28.822
24.421
77.170
17.108
18.756
21.568
9.687
9.694
6.146
10.320
16.215
18.680
41.379
27.174
20.215
39.286
10.628
12.439
21.322
18.726
11.561
8.605
9.472
59.079
11.618
26.726
20.465
17.678
10.859
37.542
8.204
35.046
5.352
10.713
6.865
5.129
7.812
16.598
22.450
18.009
98.432
8.708
12.567
28.007
11.172
33.076
25.674
15.658
3.380
18.541
2.640
12.281
21.271
11.122
10.023
17.247
16.363
31.247
31.437
18.804
10.772
32.195
13.953
22.155
4.571
6.260
11.125
10.509
0.196
2.752
10.566
17.319
12.143
37.318
13.156
13.947
20.716
55.285
9.481
15.078
0.798
7.385
8.267
4.345
10.662
11.676
14.813
12.742
11.846
7.539
10.478
12.890
6.338
0.055
0.000
0.223
9.042
8.556
4.405
5.220
24.562
4.412
10.797
18.292
14.234
6.684
5.819
5.706
0.000
0.000
0.000
0.412
8.078
5.390
0.474
0.000
0.000
0.000
0.000
1.813
0.316
0.000
1.136
4.638
12.085
20.543
3.062
0.319
0.027
0.000
0.000
0.453
0.556
0.124
0.000
0.968
1.727
0.687
1.380
1.040
1.620
4.480
7.258
4.271
9.915
17.726
14.368
18.442
20.112
12.277
47.097
13.887
29.749
2.280
12.116
28.846
5.488
2.132
8.195
9.294
11.621
6.846
4.968
3.859
0.498
0.197
4.180
0.024
0.010
0.010
0.017
1.224
6.937
1.718
12.852
20.369
46.282
6.238
15.935
10.628
4.427
13.245
9.905
17.709
10.451
3.124
16.476
16.569
32.070
21.501
21.861
17.484
14.780
20.239
31.843
59.312
15.848
13.498
27.196
33.089
16.188
25.093
5.182
10.684
22.144
24.208
10.696
23.597
0.000
0.000
0.669
1.349
7.635
7.879
28.616
48.673
45.075
0.532
9.620
30.326
19.678
78.757
9.516
70.776
19.180
25.248
30.581
31.194
12.762
52.675
68.585
57.642
17.305
41.985
10.442
20.613
8.300
35.995
12.180
5.584
19.410
29.280
21.128
4.425
11.403
14.539
8.215
16.069
4.930
7.045
12.575
23.785
14.184
14.200
0.939
8.925
17.736
11.276
127.303
32.073
24.524
66.650
21.809
28.289
17.405
8.751
16.237
39.719
42.998
28.364
18.061
20.498
13.536
35.527
10.888
23.324
40.141
36.286
16.013
37.697
44.229
38.293
3.439
2.561
5.620
16.002
17.691
24.886
8.775
23.137
23.590
11.361
29.969
11.882
6.866
42.981
1.878
0.755
2.184
17.667
5.438
4.443
3.286
4.473
6.358
14.993
7.831
5.895
2.905
10.489
28.839
4.288
0.333
1.665
10.413
19.573
15.226
15.144
16.395
14.392
16.655
31.249
22.100
14.680
3.639
14.907
17.877
10.547
9.277
1.459
13.784
11.843
20.036
27.689
86.013
5.706
7.320
22.682
11.021
28.743
17.128
91.090
3.275
0.295
14.399
25.478
39.458
3.541
27.781
4.654
14.814
15.997
117.471
8.276
14.624
13.415
79.118
11.640
21.279
64.824
14.881
27.916
8.638
16.940
9.419
21.067
13.332
37.128
18.656
14.383
69.578
18.194
88.127
6.484
0.299
11.703
16.298
5.607
26.710
5.948
12.572
2.078
9.634
15.815
17.113
37.060
7.191
17.476
18.806
15.166
7.560
1.214
7.369
23.067
58.789
2.884
37.378
15.879
1.947
11.189
5.035
14.742
5.835
18.615
14.478
4.956
9.843
17.600
25.923
43.076
13.840
9.404
16.370
1.640
9.411
37.783
24.700
24.803
12.466
14.801
16.831
13.495
23.782
16.672
12.134
8.942
0.163
1.691
2.403
4.774
18.565
4.518
8.580
10.640
12.631
18.723
21.538
6.250
2.402
13.307
17.348
25.725
13.094
2.077
8.157
6.877
12.181
21.358
24.057
27.734
22.848
23.754
16.974
11.347
10.289
12.353
3.773
1.466
2.398
3.435
7.211
9.036
5.740
1.027
0.786
5.699
4.106
0.309
0.072
1.926
12.425
15.892
9.862
13.572
9.805
2.571
0.045
0.542
0.000
0.000
0.000
0.000
0.000
0.000
0.000
0.000
0.597
1.054
0.233
0.010
0.000
20.060
5.174
0.000
0.000
0.000
0.007
2.153
9.325
11.127
4.988
9.081
15.697
5.455
0.000
0.000
0.144
0.175
0.419
0.000
0.000
0.000
0.000
0.010
0.003
0.014
0.000
0.690
2.434
1.521
4.865
18.443
21.667
12.981
9.589
12.974
1.097
1.748
2.733
7.320
1.881
0.621
5.909
5.661
14.639
0.179
0.000
0.027
1.432
0.247
0.000
0.271
6.018
8.368
0.731
0.027
0.065
0.237
0.014
0.000
0.000
0.000
0.216
5.421
1.593
4.219
13.598
13.779
3.330
3.953
6.566
17.947
19.199
16.823
3.819
0.556
0.000
0.007
6.496
7.246
4.616
12.616
21.770
18.735
28.503
17.903
19.401
10.631
27.371
84.137
13.664
4.913
16.023
18.548
11.405
7.170
10.319
23.202
28.923
19.367
27.387
26.755
20.833
54.787
3.457
9.359
20.108
22.220
8.868
17.226
7.704
19.667
101.261
6.097
11.319
9.891
25.025
23.161
14.025
65.176
102.152
17.355
15.916
6.760
9.661
12.974
22.728
31.126
63.875
17.664
0.924
1.195
23.123
27.819
14.116
16.002
7.999
16.596
22.330
8.940
14.327
22.378
22.745
10.193
9.307
28.710
34.454
8.604
4.189
12.411
20.486
41.909
74.103
1.919
2.788
4.589
6.890
6.176
0.000
5.957
28.200
4.570
6.281
10.444
16.369
1.834
0.007
0.000
0.000
0.000
0.003
0.443
9.798
15.340
8.323
6.111
7.205
19.013
25.953
6.168
0.950
0.010
5.094
7.654
13.049
17.730
20.587
37.948
51.291
3.064
5.073
24.312
19.039
19.889
29.272
21.390
11.629
12.885
5.012
4.286
1.275
0.000
0.000
0.786
1.952
1.511
1.909
1.305
7.155
4.503
0.021
1.521
10.875
21.911
28.195
24.386
6.533
27.485
26.650
5.450
30.417
40.397
52.098
13.233
166.694
20.399
13.219
6.895
21.518
21.986
21.355
26.421
23.560
14.413
20.626
21.726
13.261
13.939
9.263
13.319
24.972
53.782
9.989
14.576
62.203
1.919
18.941
16.300
16.428
116.786
15.127
0.010
7.981
11.664
25.417
1.754
0.000
5.883
7.339
15.534
15.291
6.933
29.261
42.675
22.843
13.534
16.170
20.555
4.654
7.302
2.844
16.304
18.714
9.934
17.307
0.175
7.552
13.923
10.746
7.395
25.075
32.293
8.272
26.860
8.913
8.336
10.205
14.353
12.647
15.789
23.943
20.377
96.707
4.002
3.468
6.451
9.272
3.711
4.195
5.239
10.572
13.158
0.076
0.000
0.000
0.010
5.450
2.393
2.369
6.549
10.372
21.056
12.535
23.940
36.876
8.796
4.635
12.183
16.466
6.939
1.885
1.311
0.027
0.000
0.000
0.000
0.000
0.000
0.000
0.000
1.054
6.880
0.069
0.014
0.000
3.488
0.975
0.017
0.220
15.292
12.032
16.397
0.003
0.000
0.000
0.000
0.000
0.000
0.000
0.000
0.227
0.039
0.086
0.017
0.000
0.000
0.000
0.000
0.070
0.826
0.309
6.624
10.555
2.127
3.115
14.056
3.256
3.873
1.655
0.000
0.000
0.000
0.000
0.000
0.000
0.000
0.000
0.000
0.000
0.000
0.000
0.000
0.000
0.000
0.000
0.000
0.000
0.000
0.000
0.000
0.000
0.118
0.091
0.000
0.000
0.000
0.003
0.144
0.905
6.185
11.421
0.110
0.010
2.659
0.800
0.568
34.223
59.082
29.969
2.650
3.957
17.146
18.785
5.165
0.014
0.565
5.099
5.483
5.255
3.502
5.485
9.114
41.700
26.463
16.613
23.494
15.115
23.854
10.554
7.472
22.513
6.298
19.501
22.337
1.729
0.000
0.027
3.110
6.798
1.773
10.988
27.201
11.081
11.465
7.493
13.232
37.120
25.137
36.736
111.379
16.273
11.750
53.651
6.390
0.000
0.000
0.687
0.254
7.296
7.833
14.057
12.982
32.320
25.004
21.022
50.122
31.567
67.394
18.516
53.397
42.771
39.130
8.199
6.858
13.652
23.880
116.460
8.633
35.320
4.201
14.321
6.527
8.564
20.414
75.916
9.534
30.535
19.775
25.239
3.497
9.115
2.925
14.821
43.228
21.810
85.390
5.823
10.607
25.196
11.347
13.450
7.814
9.653
5.921
15.475
16.775
21.665
24.057
0.021
5.943
8.193
2.475
2.214
14.928
17.420
10.217
5.802
18.549
3.631
0.144
0.465
4.625
15.478
34.431
18.019
2.262
0.000
0.000
0.924
15.748
19.230
48.920
38.981
31.991
14.886
15.120
5.984
21.804
16.843
2.954
2.802
7.515
15.213
8.202
22.622
16.993
23.332
2.328
16.862
12.219
11.206
8.741
7.539
22.278
54.642
3.701
12.924
18.188
25.131
19.794
8.005
16.991
15.683
20.947
0.237
1.984
5.461
6.521
12.590
26.247
15.183
7.031
2.641
10.628
17.412
21.132
5.395
10.367
11.923
25.159
16.042
15.688
8.199
15.722
10.077
6.520
17.218
48.403
14.332
28.520
12.640
31.466
12.986
8.022
19.181
17.539
19.545
29.998
9.029
23.334
5.026
8.106
4.585
7.222
15.863
5.373
15.523
45.209
23.250
43.006
9.621
15.934
65.961
6.291
49.590
33.114
9.346
7.598
7.349
15.259
21.461
19.813
14.200
5.702
10.016
9.838
26.462
12.729
17.772
17.171
13.474
16.277
23.015
17.743
25.958
26.467
9.131
15.532
10.529
42.848
9.278
14.783
14.794
12.708
7.007
14.675
57.210
9.548
2.733
0.014
0.007
12.435
28.152
10.138
8.985
3.801
11.941
18.666
15.391
33.539
9.895
4.640
28.987
21.671
27.504
37.094
20.290
5.229
2.740
10.828
16.275
30.455
29.407
22.855
4.563
1.023
0.482
2.017
0.051
8.355
7.407
12.756
13.798
14.310
9.719
9.853
36.426
8.370
11.309
20.316
16.977
15.475
15.769
21.348
26.640
15.252
24.994
31.888
32.832
5.746
9.726
33.912
20.515
66.302
12.542
9.136
13.869
2.616
2.694
0.082
2.448
0.642
0.295
6.212
9.270
13.584
3.095
0.024
0.000
0.793
5.107
1.655
7.754
2.177
0.000
0.000
0.000
0.000
0.000
0.000
3.291
0.718
0.000
0.000
0.000
0.021
0.003
0.000
0.000
4.856
8.123
13.077
26.523
9.666
0.000
0.750
6.607
11.894
2.885
0.055
0.000
0.000
0.000
0.000
0.000
0.000
0.557
0.863
0.141
0.000
0.000
4.250
0.996
0.072
0.285
0.502
0.079
0.000
0.000
0.000
2.117
2.426
0.302
0.000
0.000
0.000
0.010
5.718
5.601
3.811
17.425
7.297
8.250
7.115
8.418
5.684
21.595
29.406
38.514
13.999
11.558
9.182
10.329
11.876
22.284
28.807
24.304
0.978
8.916
16.146
25.159
21.859
19.605
57.331
49.435
9.599
16.867
10.657
23.257
2.211
18.055
19.490
6.166
0.378
13.324
6.262
37.364
7.148
14.203
30.044
12.387
6.032
19.209
57.682
31.713
6.183
9.991
15.892
7.519
11.615
10.416
2.190
0.000
3.962
9.386
15.165
15.810
2.280
25.166
0.000
4.292
18.921
23.068
5.167
25.344
40.162
4.982
1.521
92.364
42.545
13.946
30.339
144.147
24.397
0.752
0.570
0.206
15.952
15.928
4.777
13.482
24.795
14.063
4.353
14.464
28.867
7.493
9.325
11.422
25.399
53.624
13.149
37.477
43.238
6.547
18.926
18.167
5.205
3.849
3.674
0.858
0.117
1.250
2.319
0.000
3.268
6.321
7.536
1.964
0.000
0.079
0.031
11.510
14.928
10.694
10.080
4.125
0.875
12.394
22.650
29.618
3.862
2.829
5.150
3.188
28.355
116.750
13.970
20.399
30.750
8.671
0.664
6.688
4.760
1.542
3.098
1.018
3.650
0.000
10.137
9.043
12.033
23.967
11.258
6.599
0.570
12.318
27.258
5.122
3.320
5.675
5.716
3.608
0.757
2.118
1.476
0.213
1.782
14.656
29.491
7.423
13.160
15.256
13.484
19.260
32.621
22.611
11.735
25.773
102.678
12.955
23.681
29.980
25.827
14.842
12.669
17.212
7.304
13.881
26.206
21.985
111.688
9.253
13.359
15.503
17.283
36.330
24.053
34.233
16.984
11.755
0.003
14.911
32.387
17.812
26.455
143.833
12.106
62.871
13.124
14.301
20.450
15.759
6.091
4.934
5.613
14.798
13.096
149.404
5.059
15.956
14.397
29.819
71.952
8.774
13.805
16.232
8.957
12.734
24.542
13.537
15.951
42.260
3.972
3.325
19.441
65.496
68.435
6.163
11.276
10.482
8.432
20.040
23.660
24.369
14.095
15.271
10.210
24.146
37.522
9.335
1.075
1.401
9.912
13.321
20.843
5.737
1.439
11.539
8.689
16.703
6.733
7.172
7.258
10.011
2.680
0.000
0.000
0.000
1.397
0.460
9.517
3.536
0.093
0.000
0.000
0.000
4.707
4.511
1.394
4.889
15.721
8.676
0.000
6.822
11.536
17.760
39.379
48.474
8.717
14.656
17.853
3.498
0.038
0.010
0.000
0.000
0.014
0.007
0.000
0.000
0.000
0.000
0.000
0.000
0.141
4.013
1.360
0.000
0.000
1.808
0.577
0.000
0.000
0.000
0.000
0.000
0.000
0.000
0.000
0.000
0.000
0.000
0.000
0.000
0.350
0.639
0.134
0.017
0.038
0.024
0.003
0.000
2.826
1.030
0.003
0.007
0.000
0.000
0.000
1.051
3.756
1.003
0.041
9.338
6.080
1.229
0.182
0.100
1.212
7.515
8.484
11.635
18.402
0.560
6.966
4.796
3.766
10.816
10.952
14.917
2.259
2.623
3.056
0.683
0.000
0.000
0.000
0.000
0.000
0.000
0.000
0.000
0.505
4.044
9.850
18.028
12.789
18.838
27.878
13.177
15.154
23.844
10.574
15.759
0.336
9.452
5.922
4.789
2.063
1.205
11.822
40.327
10.444
0.000
0.972
7.100
17.039
10.387
13.898
11.917
24.850
14.217
8.020
27.480
31.833
22.876
91.749
16.988
17.530
31.723
24.956
14.519
11.728
29.461
162.629
37.762
21.832
180.317
4.395
4.762
5.064
25.315
5.644
15.125
20.525
32.463
3.481
0.750
6.604
10.260
19.020
14.709
12.708
45.587
52.381
7.656
5.195
6.776
23.815
36.680
26.810
22.413
42.763
10.473
31.670
4.183
48.812
4.662
8.672
26.187
16.193
24.772
52.530
5.552
6.980
123.116
8.205
8.185
14.557
6.384
1.912
7.649
25.481
42.438
28.503
15.223
20.225
16.682
14.087
46.266
16.878
24.843
6.873
5.665
50.946
34.523
35.712
8.676
3.873
3.262
13.208
20.459
19.109
30.314
0.525
11.757
30.179
10.039
14.866
21.925
24.084
61.709
5.206
8.441
47.485
41.415
1.490
7.517
16.404
14.361
1.425
1.311
2.048
0.628
0.922
6.291
12.935
22.831
92.764
8.159
2.362
10.492
20.296
16.385
30.453
38.318
12.710
6.647
11.151
6.660
12.370
20.575
25.063
25.526
16.644
6.949
15.151
14.468
26.250
27.510
10.018
7.941
20.927
37.019
124.001
4.154
16.517
10.633
3.392
14.804
15.731
8.027
25.804
76.846
0.072
7.086
9.604
7.593
39.245
120.539
72.372
37.119
14.348
25.565
15.908
21.043
20.736
16.021
26.956
32.071
13.003
33.798
34.025
16.405
6.690
81.651
15.364
21.628
65.525
23.166
7.510
10.010
14.650
41.400
39.005
9.160
8.360
2.450
11.240
19.590
13.336
8.988
7.184
53.023
5.421
34.978
14.087
7.018
23.555
61.199
0.045
11.948
16.164
155.947
10.698
105.041
1.157
7.766
16.497
17.250
30.056
79.404
14.238
15.525
12.009
27.718
21.173
3.989
13.190
17.046
16.548
19.617
18.620
15.829
46.670
11.391
13.259
15.663
0.570
9.809
15.046
14.299
11.179
17.655
6.355
14.550
8.791
6.403
20.132
18.048
22.893
8.480
3.282
6.736
29.663
16.716
8.283
10.631
8.486
6.391
32.760
32.767
6.142
13.690
8.310
7.836
20.151
16.049
10.822
7.024
3.370
0.000
0.000
0.000
1.442
3.038
7.551
16.001
1.269
0.000
0.082
3.243
8.561
8.244
2.201
0.196
0.000
0.000
0.000
0.000
0.000
0.103
5.919
1.528
0.021
5.809
18.575
13.228
1.545
0.000
0.167
1.411
0.027
1.500
3.315
4.712
0.441
0.786
1.003
1.584
0.192
0.000
0.000
0.000
0.415
0.046
0.000
0.000
0.000
0.000
0.000
0.000
0.000
0.000
0.000
0.000
0.000
0.000
0.000
0.000
0.941
0.240
0.003
0.000
0.532
1.360
0.216
0.251
5.843
12.706
5.507
6.032
3.656
11.203
10.461
2.477
1.093
1.250
0.266
0.007
0.043
0.034
4.158
1.564
0.022
1.225
10.646
2.831
0.000
0.000
0.285
0.342
0.051
0.158
1.193
0.355
0.000
0.489
0.106
0.489
0.110
9.172
17.226
22.673
2.925
7.493
0.096
0.402
12.435
29.015
48.388
29.787
8.496
8.641
7.248
12.189
41.443
32.047
22.286
7.551
22.749
34.074
41.458
13.585
17.031
4.208
12.893
57.949
2.589
15.959
46.737
33.886
18.818
7.993
10.052
22.670
12.133
7.886
59.014
19.769
17.012
10.471
13.125
31.160
8.542
6.351
27.641
27.751
8.054
6.618
9.871
0.632
40.509
14.691
23.689
21.128
114.165
6.044
3.708
29.866
1.408
1.885
11.137
9.529
14.698
16.256
57.091
6.437
13.414
9.112
21.926
8.312
11.783
23.270
107.834
3.378
7.572
21.574
25.109
6.362
10.605
3.430
7.369
0.443
5.483
1.772
5.802
19.272
58.969
6.018
0.089
0.000
0.000
0.257
0.000
9.939
6.420
5.030
9.550
22.448
9.857
10.784
31.931
51.437
5.364
2.856
21.344
9.822
8.909
5.897
2.365
9.385
9.332
12.006
12.651
29.476
23.349
13.724
9.058
32.914
20.447
1.040
18.788
16.502
10.792
34.382
26.911
4.645
14.959
2.185
0.287
4.552
15.461
15.410
19.405
40.425
1.461
7.720
0.893
6.813
8.550
5.445
3.691
5.152
14.148
12.511
3.095
10.518
26.168
12.013
4.005
1.181
10.353
26.856
48.239
9.198
19.250
22.369
21.259
19.765
8.650
6.630
10.286
17.074
84.172
19.528
6.743
21.496
20.872
20.943
2.153
50.656
18.162
26.982
33.649
45.142
5.984
51.782
5.894
47.678
13.776
0.753
1.860
11.209
10.574
68.084
12.689
41.866
33.098
2.211
32.022
0.000
1.464
15.113
26.535
26.583
21.878
28.731
18.318
8.295
6.081
30.425
136.677
14.639
14.366
19.607
16.921
29.473
20.508
14.745
23.138
30.763
4.133
15.211
6.154
19.992
36.040
34.658
30.824
98.490
15.116
12.526
1.582
13.980
25.878
6.702
17.333
17.155
28.429
21.671
57.618
12.361
13.760
0.645
1.346
7.986
11.778
46.100
15.693
16.831
16.117
21.111
5.052
9.126
12.327
19.482
22.325
18.486
30.751
4.921
7.536
10.268
11.167
15.405
11.355
8.932
3.521
10.502
2.901
12.270
15.918
4.874
7.345
71.275
10.214
12.179
7.543
5.246
17.284
13.537
10.768
13.822
1.586
0.000
0.000
0.070
0.848
0.000
0.076
0.942
0.190
0.007
0.000
3.687
0.968
0.000
0.642
4.309
0.853
0.000
7.419
13.990
10.755
5.239
13.039
13.788
22.723
12.851
19.652
28.101
12.212
1.620
0.755
5.040
1.390
1.469
17.012
9.513
9.249
0.343
6.688
0.556
0.381
0.633
0.000
0.000
0.000
0.000
0.000
0.000
2.350
15.585
8.284
0.278
12.469
9.579
0.728
0.000
1.524
6.482
4.113
0.498
0.000
0.000
0.000
0.000
0.000
0.179
0.220
0.045
1.057
4.491
9.565
23.284
14.969
14.749
9.311
24.002
2.764
5.256
17.506
11.069
1.816
2.376
0.299
2.101
0.494
0.247
4.127
7.859
6.386
7.000
10.705
4.700
11.934
12.871
19.302
14.255
22.083
25.088
18.522
16.538
13.884
11.623
25.632
32.761
9.011
11.843
13.424
31.878
0.117
21.233
0.539
13.820
72.984
7.170
21.128
10.717
19.061
20.043
18.454
15.448
18.958
55.088
51.141
12.947
0.000
3.509
1.076
19.370
30.322
15.309
22.826
26.652
7.597
12.094
8.928
8.866
27.462
30.501
24.005
20.134
13.038
19.586
66.783
19.533
19.022
158.727
1.445
13.609
18.097
34.693
6.224
17.993
9.216
62.117
16.155
17.050
10.967
14.956
4.033
5.040
16.023
36.461
39.631
57.278
72.880
50.292
140.392
158.720
2.613
1.003
8.777
29.950
54.063
15.747
10.480
65.406
15.331
8.368
8.859
18.553
16.801
14.703
21.118
29.285
50.571
21.125
33.426
18.079
18.558
14.251
14.933
19.367
10.318
10.854
8.528
8.645
23.095
27.032
10.169
31.234
13.889
12.845
16.643
98.419
159.619
6.611
17.266
28.675
6.836
15.798
18.601
26.801
26.565
4.839
6.657
13.680
7.258
11.894
4.225
10.986
12.250
19.631
20.812
32.228
11.618
9.416
21.612
21.471
19.691
1.998
15.055
20.215
13.736
21.722
14.165
27.744
31.287
20.297
139.811
13.462
24.534
1.603
9.932
30.645
92.148
29.052
31.126
26.673
74.283
34.919
13.781
13.822
20.642
9.242
13.723
19.906
16.989
13.644
12.969
8.645
27.159
14.411
18.558
9.139
11.263
12.842
3.165
18.188
17.697
20.048
19.504
24.009
38.830
24.990
33.743
28.534
29.040
13.709
21.550
9.067
26.915
15.479
44.469
0.071
5.335
20.991
17.860
16.246
59.865
44.258
150.005
9.730
38.116
1.061
6.709
11.556
3.807
19.387
42.026
3.141
7.062
17.379
23.179
26.192
3.522
30.103
0.096
13.723
19.003
10.296
28.908
17.681
22.714
22.745
16.363
105.424
22.652
41.551
13.328
17.006
16.430
15.813
15.779
22.373
44.039
99.009
6.894
12.788
43.188
17.721
14.162
31.860
26.303
15.195
18.299
26.457
163.593
28.837
4.624
9.053
13.749
5.178
0.520
1.114
8.017
3.502
4.927
1.483
8.647
21.111
19.456
2.671
0.251
0.055
1.881
9.706
10.128
18.059
11.481
7.121
0.875
0.529
5.102
6.425
4.142
1.796
8.823
14.045
2.455
7.018
16.706
6.365
4.788
9.654
1.761
0.000
0.192
0.779
14.739
27.840
24.022
8.442
2.729
4.597
0.000
0.000
2.287
1.370
0.522
6.678
11.652
7.807
10.564
14.746
1.167
0.000
0.000
0.154
4.055
0.954
0.000
6.791
11.395
0.000
0.000
0.690
5.536
24.222
18.400
59.394
16.816
1.565
3.551
2.336
0.997
0.127
0.000
0.050
2.104
0.834
0.014
0.000
0.000
0.105
0.697
0.000
0.000
0.047
0.010
0.025
0.007
0.000
0.366
7.121
0.148
2.685
9.342
16.280
12.473
4.470
0.247
1.617
4.255
1.610
0.649
2.362
13.626
2.846
0.711
1.562
5.555
11.189
9.479
10.114
6.460
7.951
8.037
40.842
19.707
3.553
13.980
7.371
2.424
5.273
3.042
23.562
5.186
17.646
19.211
18.019
84.104
9.158
25.219
13.626
9.396
13.824
31.217
82.634
20.252
8.569
0.000
0.918
15.527
21.605
4.796
22.714
15.228
3.015
5.667
7.493
10.274
23.904
12.372
35.657
6.796
6.154
20.556
18.484
30.702
7.622
62.344
5.344
8.610
10.341
28.003
18.042
2.323
18.589
15.654
40.272
18.767
15.847
98.384
13.139
5.203
18.776
17.237
6.422
7.675
19.028
12.880
15.058
27.404
33.044
14.897
21.245
19.509
20.285
30.642
1.459
5.006
8.295
12.131
46.877
22.951
36.094
37.663
11.105
4.237
18.064
33.773
29.742
4.762
35.156
28.444
12.899
9.922
19.192
11.977
83.451
80.401
6.726
12.631
3.880
1.998
0.944
0.000
2.992
0.000
8.920
12.588
14.080
23.924
1.320
0.039
14.744
3.665
2.659
9.273
8.672
7.778
9.004
26.527
19.306
45.684
11.411
15.848
24.235
13.474
16.506
1.251
6.242
51.303
37.482
15.758
26.884
99.213
8.588
6.581
13.548
10.468
12.705
10.992
5.486
28.812
11.824
13.237
15.147
16.033
16.831
11.609
14.984
17.616
18.308
41.070
78.279
14.327
28.620
9.319
2.270
11.633
22.084
29.285
6.218
43.542
8.085
2.686
15.034
16.554
14.741
16.346
23.464
17.261
11.343
8.130
53.873
52.312
3.709
2.297
12.970
17.091
30.022
65.477
27.436
17.425
14.832
26.209
8.612
10.200
17.092
10.016
8.291
18.769
34.955
13.348
8.849
12.473
20.723
21.617
17.324
12.754
22.349
33.661
11.668
13.293
12.784
10.727
11.237
32.920
38.509
76.836
139.511
18.581
19.399
106.912
6.139
9.759
0.941
0.285
13.450
12.219
13.383
17.676
25.040
24.851
7.828
17.458
81.172
16.777
59.905
3.256
10.358
11.946
17.662
8.691
15.479
19.846
67.497
2.963
11.136
19.370
8.708
22.656
4.446
12.219
0.524
0.422
21.916
29.294
7.400
25.747
0.772
4.403
8.446
16.952
14.704
20.076
9.978
17.604
29.766
12.559
14.430
16.945
7.478
3.627
5.938
13.649
11.429
13.527
10.454
16.634
25.663
94.225
2.142
5.809
9.314
0.381
0.055
3.931
3.962
8.466
11.913
12.274
11.422
3.742
17.551
3.056
0.172
0.000
0.000
0.000
0.000
0.000
0.000
0.000
0.000
0.055
0.014
0.096
0.017
0.000
0.000
0.000
1.049
0.206
0.067
0.014
0.000
0.800
0.259
0.014
0.209
0.137
0.024
0.000
1.317
2.408
2.493
0.031
0.163
3.746
0.824
0.000
0.000
0.000
0.000
0.000
0.024
0.017
0.000
0.000
0.601
0.196
0.115
1.006
1.524
3.222
20.896
16.835
14.405
5.289
0.000
0.000
0.000
0.000
0.000
0.000
0.000
0.000
0.034
0.017
0.007
0.000
9.369
19.815
4.880
0.376
0.731
11.259
15.278
8.926
14.356
4.537
7.606
13.736
25.541
25.627
169.402
23.466
12.114
3.289
12.805
29.237
21.823
9.361
40.761
29.299
18.807
11.445
15.544
8.150
12.478
18.636
9.705
7.008
75.902
15.499
6.385
15.963
13.453
12.271
20.915
18.247
12.101
19.133
12.337
11.895
38.451
32.926
14.044
94.779
1.894
0.255
10.643
12.048
8.805
91.217
4.061
5.320
16.998
13.543
65.870
0.474
64.902
2.249
2.695
20.060
36.597
15.968
48.498
0.213
13.163
31.339
47.581
15.954
7.289
7.793
33.896
13.311
6.705
10.897
40.291
4.010
6.115
40.488
11.319
50.008
3.545
22.649
26.438
8.932
11.103
17.084
86.171
21.465
17.013
13.724
12.490
10.622
40.958
41.782
13.300
15.199
11.268
8.889
16.380
28.606
7.412
5.630
12.720
11.302
18.289
14.524
4.807
26.213
2.753
9.071
15.800
25.911
6.846
24.450
26.985
6.878
0.000
4.666
1.717
10.645
12.574
20.517
11.852
5.337
8.623
2.275
11.034
32.145
17.752
35.577
22.366
9.601
13.960
19.391
14.088
25.421
26.492
26.962
14.667
23.887
16.764
17.406
12.119
10.089
16.479
13.407
11.103
23.291
21.751
24.415
17.063
32.168
28.606
26.618
109.259
13.171
13.002
37.139
25.660
32.998
17.132
20.587
24.027
15.961
4.987
7.244
13.616
62.498
12.368
34.634
32.767
14.179
0.326
7.878
19.034
16.588
13.231
36.258
2.477
60.744
183.250
77.993
6.434
13.415
23.993
40.528
8.219
2.923
32.526
21.998
28.571
130.562
2.820
0.426
4.576
21.432
34.427
8.293
11.836
24.331
27.557
9.895
30.849
30.366
9.371
46.347
141.969
22.251
6.525
0.553
19.985
45.645
3.584
15.896
32.032
65.235
29.814
18.550
23.645
24.503
9.177
21.300
1.097
27.644
71.308
30.048
61.235
3.828
3.323
11.103
36.547
8.350
20.350
44.982
12.737
17.029
18.749
11.838
28.449
1.453
12.777
30.717
18.538
28.484
11.711
13.232
27.612
13.202
4.506
29.934
22.997
11.656
19.916
8.902
11.819
14.425
7.036
7.249
22.067
14.900
10.234
5.141
15.258
7.327
5.057
11.813
10.247
3.713
0.378
0.000
6.175
12.515
0.235
0.429
7.426
9.704
10.634
9.199
10.877
20.159
19.551
35.029
30.459
24.019
26.884
15.963
7.387
14.799
12.294
24.627
14.868
28.473
9.217
6.580
13.792
9.038
2.762
0.000
0.000
0.000
0.000
0.000
0.000
0.000
0.367
5.270
10.561
4.954
1.514
0.076
0.148
0.045
5.136
8.164
6.544
7.611
5.600
0.000
2.012
0.615
0.000
3.464
1.229
0.055
0.010
0.000
0.000
0.000
0.000
0.000
0.429
0.140
0.000
0.000
4.474
4.432
1.926
6.179
10.221
4.255
0.626
2.200
3.117
1.420
4.135
11.765
16.178
24.769
11.874
5.186
8.857
9.179
2.528
3.764
6.374
0.967
3.143
1.098
0.000
0.000
0.802
4.669
18.987
25.296
149.682
27.105
0.299
0.105
0.024
0.300
0.326
10.868
19.664
2.870
3.617
5.574
0.857
0.233
0.141
1.543
16.286
65.825
9.756
4.601
0.611
0.826
0.718
19.795
22.448
28.228
25.901
8.597
11.946
9.977
13.978
15.537
17.626
12.114
16.045
21.638
124.784
24.467
100.164
62.907
10.791
3.948
11.014
5.483
14.371
4.894
22.062
29.730
56.336
30.338
10.286
18.362
101.091
11.188
7.302
14.471
73.275
20.891
99.423
20.716
4.592
10.077
7.763
29.692
47.549
10.966
18.800
15.681
14.262
7.081
8.374
93.523
10.482
35.953
16.528
2.935
34.923
14.109
30.223
59.304
3.735
34.191
12.195
44.979
14.833
9.029
22.088
25.705
37.096
11.893
28.716
16.617
33.800
3.560
17.856
26.443
10.777
18.297
12.672
12.943
18.179
91.578
7.224
12.734
10.794
7.879
14.883
15.151
15.474
16.840
6.571
12.305
1.439
9.651
13.609
9.218
9.356
25.323
24.445
30.671
25.583
41.287
10.095
6.120
12.988
66.066
33.232
10.915
14.311
25.727
7.910
35.815
16.994
8.798
9.754
9.026
21.446
18.121
10.145
11.524
9.730
18.122
10.914
20.086
0.244
13.875
24.403
27.037
31.561
21.363
6.686
9.132
14.632
6.034
6.036
25.361
18.905
32.831
25.740
11.192
10.295
1.203
13.958
10.875
75.191
8.861
18.682
5.773
11.065
48.415
11.225
8.011
14.667
13.398
40.879
61.026
20.803
44.661
5.219
17.513
16.133
17.156
0.172
1.748
7.931
24.348
28.661
3.656
0.628
3.773
17.544
13.070
25.361
68.318
33.004
2.716
1.651
4.408
12.976
20.421
11.906
62.104
5.964
8.665
33.845
10.444
18.612
7.102
61.712
60.978
0.213
6.767
33.501
172.238
10.842
9.168
13.700
30.799
44.632
0.666
25.401
26.091
34.127
6.377
25.808
4.110
3.191
10.368
19.354
30.715
19.906
11.386
14.310
32.638
18.745
17.528
21.822
21.573
12.161
22.504
24.463
6.412
4.408
14.792
13.963
11.900
22.785
42.534
5.733
8.288
9.108
13.335
20.091
29.478
29.189
8.077
8.195
24.074
24.462
10.389
19.152
13.183
21.844
12.835
25.581
14.109
5.584
13.339
2.163
12.560
17.537
45.980
24.949
15.844
8.137
2.438
12.518
6.468
0.000
4.158
16.203
11.992
4.099
3.783
0.628
4.062
0.687
0.903
1.763
5.586
17.501
11.865
3.540
0.124
0.000
0.000
0.000
0.000
0.845
11.199
4.673
2.789
0.000
2.007
9.107
13.420
1.272
17.463
18.727
11.273
1.104
0.922
0.498
0.929
8.681
7.112
18.392
7.730
6.037
8.858
19.130
15.278
30.978
9.053
6.545
4.791
3.215
0.069
0.113
0.704
21.334
32.193
9.908
11.220
24.506
16.073
3.438
0.106
0.000
0.000
1.287
2.084
0.000
7.289
8.676
24.966
14.643
14.931
0.642
0.000
2.376
2.087
2.390
13.743
14.866
11.817
10.361
10.238
12.766
7.265
22.759
32.010
16.104
6.860
0.285
0.000
0.000
0.000
0.000
0.000
0.021
1.617
9.977
2.544
1.105
2.208
15.525
47.104
0.621
17.901
28.832
28.654
74.089
26.513
9.792
11.347
16.984
26.541
26.680
30.484
26.544
86.926
22.347
17.736
3.433
0.000
0.151
11.534
12.888
7.704
4.436
23.425
123.500
15.379
21.011
5.438
10.674
16.936
20.623
15.278
20.132
16.957
14.509
16.710
3.018
9.750
9.421
3.756
8.621
15.161
180.071
11.058
12.689
52.947
7.763
12.080
5.380
19.913
63.302
0.000
8.511
12.535
12.919
21.938
28.843
9.558
54.846
4.175
8.164
23.573
42.335
13.726
13.549
11.759
96.228
12.267
14.430
13.815
12.461
5.140
5.981
8.576
0.276
2.468
7.706
18.759
33.398
5.558
27.292
12.597
16.407
43.645
13.374
4.542
55.647
72.767
10.428
12.880
5.013
7.428
20.201
14.274
9.601
44.148
8.998
23.345
33.363
2.547
6.255
71.425
27.454
2.180
12.912
2.807
10.942
13.830
18.212
1.092
14.342
19.164
8.566
6.482
9.626
1.696
0.000
0.010
3.354
3.163
0.010
0.000
4.607
15.353
20.495
31.266
9.374
4.037
6.686
5.605
1.093
6.672
9.914
18.802
9.467
4.479
0.124
5.491
5.534
12.401
35.932
20.400
22.131
12.763
7.030
14.689
12.982
15.398
23.341
31.321
21.241
18.557
15.595
33.579
30.092
6.539
7.388
35.100
12.720
8.648
24.467
20.395
23.111
32.427
8.142
7.878
24.070
6.503
21.235
21.077
10.578
4.192
7.804
14.152
12.936
2.728
8.315
10.269
160.757
4.171
22.134
102.925
0.889
8.892
10.313
20.143
9.898
13.208
7.854
26.350
13.304
6.674
8.233
24.730
13.307
3.001
11.311
21.897
95.214
22.436
6.619
18.325
10.818
39.091
4.728
44.632
88.941
15.391
27.050
40.917
132.450
3.119
14.217
17.925
190.980
13.239
5.452
11.089
7.768
18.495
10.760
8.106
7.629
7.385
11.385
40.722
38.208
17.204
30.844
21.546
0.460
26.005
11.563
6.757
5.891
23.710
13.717
17.377
29.898
4.331
8.181
15.039
23.717
17.010
21.576
8.679
5.604
9.596
9.960
6.787
20.338
25.400
22.924
3.150
18.435
10.391
7.634
5.558
4.587
3.667
4.247
2.647
9.649
5.133
6.753
7.721
12.624
8.669
0.000
0.000
0.000
0.151
0.903
1.463
8.525
15.580
16.476
10.293
6.990
33.199
4.951
14.203
10.957
19.133
15.580
10.178
0.316
0.000
0.000
0.000
0.000
0.000
0.007
0.965
0.776
0.196
0.000
5.864
2.549
0.000
0.000
0.000
0.000
0.000
0.000
0.000
0.000
0.000
0.000
2.911
20.028
10.222
17.513
7.430
11.426
0.000
0.000
0.000
1.195
0.587
0.000
0.000
0.000
3.232
20.293
5.811
7.581
5.270
24.214
8.414
1.009
16.977
22.999
9.414
16.555
17.595
5.821
1.639
1.948
9.028
33.017
15.336
12.380
89.659
23.294
32.660
18.838
6.231
26.467
104.428
19.242
17.388
58.492
127.023
12.569
8.614
25.337
17.328
12.382
24.554
18.848
23.919
23.847
33.186
29.069
37.978
5.339
2.568
30.288
16.809
3.504
7.591
4.576
4.758
9.740
20.613
132.869
12.186
11.436
14.643
30.084
23.706
10.634
104.526
13.803
7.795
28.118
44.512
15.946
111.932
18.630
120.314
13.429
10.557
15.051
10.586
25.418
32.065
43.521
20.405
12.694
27.196
9.577
29.493
3.787
12.696
45.490
17.758
32.078
140.261
18.416
80.320
2.527
17.932
13.798
16.871
13.778
16.689
13.307
7.606
25.694
26.614
20.380
6.156
15.276
18.409
30.545
17.128
41.710
8.535
19.672
2.321
32.564
11.769
38.521
14.433
22.987
15.144
18.371
22.687
24.912
12.494
31.500
2.529
12.902
25.232
44.605
49.396
9.661
21.247
47.691
111.367
2.147
19.583
31.131
5.138
12.176
15.286
33.175
1.703
0.041
1.751
23.586
48.989
28.352
120.005
18.339
5.143
19.434
18.505
46.779
4.754
19.353
63.801
4.640
65.302
70.180
2.012
32.548
89.446
18.409
41.243
32.291
53.830
14.329
13.956
5.346
7.361
27.713
23.878
19.018
16.631
11.333
25.303
27.064
12.502
19.144
9.891
27.450
81.184
6.652
11.474
31.369
12.679
14.859
21.054
38.287
22.498
29.546
41.470
32.186
66.852
16.809
58.718
11.144
36.571
26.559
68.599
96.288
3.121
10.712
26.604
22.343
68.658
26.501
45.119
1.772
5.279
25.818
28.963
25.241
18.124
32.938
11.213
24.537
84.705
0.024
48.718
37.395
30.521
8.604
7.045
30.144
25.756
13.084
29.581
77.083
1.555
10.990
18.313
32.598
8.854
27.583
44.629
21.870
3.550
25.890
33.309
9.596
0.944
20.898
45.696
34.234
45.957
136.725
17.111
43.041
4.587
7.951
8.576
22.402
32.560
5.078
17.639
31.246
24.103
93.039
2.066
21.392
14.169
32.940
20.299
24.187
57.633
24.057
5.615
26.577
35.965
13.774
27.128
19.901
10.629
8.920
27.287
26.058
10.547
7.634
21.097
24.781
24.105
4.779
3.595
12.445
19.219
16.940
11.906
1.463
3.457
19.078
8.302
13.391
23.047
30.618
31.167
31.304
12.634
21.930
27.486
9.410
24.407
19.652
34.676
38.902
27.246
18.660
9.689
11.474
17.092
27.195
17.643
15.982
24.482
26.800
19.195
56.116
23.006
12.095
15.884
9.126
19.233
44.261
6.533
0.769
6.393
7.646
10.492
16.449
25.869
12.717
10.346
3.255
0.748
5.177
3.797
11.131
17.957
25.610
7.721
12.032
26.147
16.246
24.091
19.089
15.134
5.840
7.069
7.867
13.214
17.585
11.292
7.596
10.806
6.660
6.988
6.976
4.985
12.226
4.614
14.327
12.298
6.683
9.671
12.923
11.942
5.085
0.965
0.057
0.010
0.003
0.948
6.993
19.545
19.628
11.712
14.152
14.634
18.385
14.063
11.858
23.590
31.936
46.410
10.677
6.825
4.518
5.390
5.629
25.900
9.721
18.917
18.546
16.040
21.574
76.127
14.842
24.400
11.246
12.919
18.505
23.346
7.979
20.211
12.880
8.169
0.815
2.760
11.227
16.607
21.010
32.293
32.734
33.225
24.383
16.651
11.003
14.445
25.880
18.608
15.286
14.399
62.694
1.859
5.867
22.211
11.793
10.032
9.925
24.942
128.283
14.615
21.703
118.431
21.878
17.190
29.200
20.768
10.077
24.989
90.713
21.791
16.292
52.213
15.827
18.083
13.685
32.765
13.812
23.588
73.933
8.291
126.554
11.850
21.255
28.839
5.692
29.375
16.541
21.588
6.657
8.825
18.872
118.055
3.547
8.041
24.489
35.026
10.890
9.596
17.592
8.013
4.853
2.185
1.059
10.822
30.755
6.489
11.560
30.233
22.282
36.694
37.623
20.594
8.288
34.875
24.575
14.293
18.406
56.326
20.895
18.038
4.626
7.443
1.469
18.131
11.369
14.045
13.259
4.710
10.873
39.456
11.827
9.356
121.682
1.174
10.415
99.232
7.405
152.331
7.373
24.223
16.294
5.380
15.525
14.493
44.728
12.813
7.074
35.489
35.870
25.627
32.058
15.220
3.083
18.663
5.895
11.553
13.778
8.823
2.427
12.844
11.683
15.508
17.269
16.879
32.180
13.475
16.946
65.554
8.741
27.964
19.849
48.412
51.243
4.293
8.720
16.593
11.213
17.825
179.650
21.252
11.532
7.206
12.778
16.093
48.326
56.617
24.668
21.149
36.238
45.061
16.267
9.960
58.142
105.232
9.210
18.073
5.914
24.616
10.087
0.453
13.815
36.861
0.855
5.236
22.941
11.144
7.800
18.127
35.455
5.624
18.883
14.935
21.861
87.613
10.701
5.879
13.832
26.309
11.440
20.980
17.049
10.389
25.281
4.199
11.268
22.359
3.756
22.567
22.797
5.047
26.075
132.114
1.988
4.199
54.475
9.352
22.592
19.741
16.670
24.664
3.953
18.378
24.221
25.045
26.022
7.543
19.233
21.310
2.917
21.284
7.268
22.259
28.987
8.356
18.711
5.297
0.223
0.124
0.000
9.304
11.227
15.407
14.456
22.941
30.206
36.368
1.940
5.945
4.587
12.499
11.800
7.325
12.009
19.398
19.319
14.169
24.180
26.954
18.430
20.465
21.243
20.021
22.620
4.302
4.875
5.802
6.849
10.322
9.213
17.655
24.925
21.849
22.400
16.476
15.137
13.815
23.379
13.342
12.154
11.110
10.386
10.643
16.498
20.678
16.236
6.961
10.990
7.383
18.836
11.412
16.188
31.735
19.322
13.268
16.919
8.837
15.371
0.094
0.093
11.872
7.011
2.923
2.005
9.975
4.422
4.473
10.034
1.178
1.545
4.834
25.215
21.892
9.608
2.977
9.991
7.524
9.249
5.078
8.552
9.081
9.834
5.342
18.088
2.901
3.747
5.941
7.670
0.776
0.055
1.854
1.411
10.404
18.876
11.707
5.064
5.167
6.036
13.170
15.518
2.414
5.256
0.259
0.879
11.525
11.646
8.748
12.512
16.208
7.491
11.627
12.020
8.391
2.262
3.660
3.571
2.977
7.502
6.688
12.080
0.580
0.172
0.556
0.130
5.833
3.631
1.581
4.439
5.795
2.426
3.814
2.753
10.113
12.457
14.656
3.608
2.527
2.977
11.778
12.353
6.657
5.455
11.441
9.888
5.284
30.478
39.633
54.595
24.062
24.156
17.841
13.855
17.056
18.806
27.371
19.161
17.897
20.232
8.659
14.849
8.439
12.444
20.991
12.535
54.849
10.283
31.266
21.169
13.408
8.557
18.888
6.983
23.451
11.556
15.001
19.791
16.078
13.441
7.716
12.143
12.572
25.092
19.015
26.189
11.017
19.980
16.081
23.504
11.489
10.204
45.308
25.080
18.539
28.304
18.134
8.844
11.242
9.586
42.486
56.940
17.279
4.528
4.410
27.485
8.096
9.105
12.406
14.359
23.911
0.987
9.146
16.049
12.305
18.737
31.033
69.753
5.116
20.603
16.019
110.715
8.411
49.215
29.788
6.796
13.508
17.036
19.257
23.397
10.468
5.170
12.469
14.162
24.702
26.364
124.702
14.334
12.820
6.966
9.565
9.201
15.474
23.737
12.634
17.091
25.052
15.834
17.558
12.370
21.063
31.936
10.789
9.235
3.492
13.716
33.084
44.167
26.175
16.837
17.104
9.822
21.447
10.646
6.767
15.759
114.632
13.905
8.173
8.748
32.841
16.905
14.004
57.170
14.612
17.379
37.879
11.405
10.609
3.100
15.745
18.900
81.278
49.140
3.938
31.242
21.413
7.488
17.389
16.414
4.518
23.693
18.563
18.055
49.493
11.747
22.869
2.626
9.194
24.542
15.779
80.101
34.720
24.860
23.188
11.834
33.258
12.574
3.993
11.589
10.416
15.721
11.414
46.009
19.343
14.279
19.542
16.541
156.658
82.773
5.758
11.678
17.300
145.291
16.751
11.833
21.114
89.120
12.071
12.274
63.679
4.044
21.719
4.099
19.690
17.209
48.589
11.697
23.325
18.299
19.226
0.542
20.414
7.656
32.811
13.227
11.865
13.156
21.523
8.126
10.571
3.576
21.792
15.734
13.293
17.554
13.918
24.706
21.731
30.957
19.381
23.016
15.226
11.223
11.932
30.515
5.038
6.963
14.856
15.777
8.792
4.820
14.749
13.970
33.934
25.591
12.239
18.416
19.108
21.581
11.199
26.805
21.655
14.141
16.303
11.549
16.555
25.063
15.343
12.363
20.718
21.907
17.533
13.196
8.583
8.126
8.278
32.296
12.490
10.907
7.663
17.813
30.837
13.369
16.232
12.866
40.014
14.639
5.469
4.870
9.431
4.461
4.120
8.909
11.422
10.768
16.380
8.993
8.580
12.185
19.171
5.249
7.419
12.518
17.636
22.033
16.940
11.972
15.904
16.641
16.340
6.460
10.815
4.322
0.920
3.670
0.508
4.939
3.852
6.394
4.583
0.000
0.005
0.000
0.000
0.000
0.000
0.000
0.000
0.045
0.127
1.227
1.904
0.023
0.601
0.141
0.450
0.845
1.732
11.934
21.732
7.833
9.725
4.025
0.294
0.357
1.030
2.826
4.786
17.693
42.369
18.636
25.004
13.019
9.089
20.203
17.547
16.813
9.785
10.035
7.141
6.901
3.210
10.274
19.865
7.467
2.475
0.918
5.466
2.093
6.566
9.077
5.564
9.077
14.461
22.395
22.302
9.915
33.594
13.221
8.216
32.417
21.641
11.076
3.519
15.580
22.179
21.717
17.463
93.871
28.691
23.415
30.734
19.914
6.432
23.059
13.812
5.871
14.104
13.590
13.087
18.708
18.776
18.950
8.059
27.974
28.086
2.314
21.794
12.136
6.760
19.805
23.614
9.445
15.360
11.273
13.338
13.899
12.789
6.882
17.345
57.719
18.138
17.132
100.884
8.559
1.339
7.615
21.312
18.042
10.552
4.968
18.833
31.915
19.484
29.608
6.448
11.910
35.232
27.421
15.630
17.288
8.185
10.030
17.784
30.503
11.440
16.356
7.629
14.715
23.967
21.238
15.710
7.308
20.812
53.551
8.849
43.276
7.457
21.010
20.414
8.669
13.939
17.837
10.578
20.330
7.440
37.580
16.287
0.598
2.253
28.218
7.019
75.653
34.150
14.014
21.511
11.759
16.300
23.398
12.282
31.906
82.720
24.026
22.818
18.124
10.650
19.781
11.060
12.852
5.030
19.008
14.179
7.321
13.992
18.325
14.991
9.308
34.262
15.630
12.967
12.485
34.361
11.141
19.652
22.925
10.265
59.223
20.565
7.399
8.302
16.720
25.372
14.009
5.407
27.667
16.001
23.061
5.965
26.711
16.236
7.589
13.678
40.734
10.593
28.808
69.300
35.723
32.314
18.963
35.311
34.799
15.123
31.960
8.051
20.493
183.324
15.051
8.786
33.680
4.642
4.920
10.248
22.182
26.704
17.149
107.462
101.424
32.648
86.373
30.492
17.702
18.179
14.040
27.401
4.844
18.567
21.509
74.683
60.171
49.317
43.671
12.538
6.000
5.030
69.006
13.470
6.748
23.500
22.683
107.874
9.479
16.445
22.077
21.082
30.631
14.107
58.672
17.940
0.378
1.349
20.884
19.319
8.947
3.852
43.183
13.259
19.746
13.129
30.927
19.049
14.337
134.651
9.867
0.287
20.021
22.879
19.950
19.269
27.902
24.379
12.597
36.234
9.445
7.526
26.038
52.841
8.830
20.253
21.842
20.646
44.690
8.089
8.308
14.001
31.157
106.025
8.314
20.371
28.204
20.220
21.018
6.592
17.360
10.574
13.091
32.030
41.113
24.893
13.395
24.635
9.389
17.970
21.192
12.039
9.848
8.314
14.737
12.717
2.929
9.346
5.505
17.185
13.033
2.917
14.165
25.639
4.825
5.285
4.031
12.107
9.110
8.587
19.877
12.080
6.479
12.530
12.586
14.583
12.567
13.573
4.286
7.685
15.317
12.229
15.575
5.194
21.705
11.311
6.224
1.093
0.000
0.003
0.433
7.620
4.470
12.215
3.253
0.608
0.021
5.083
10.269
8.700
7.378
8.387
5.603
6.109
3.189
13.953
9.275
10.317
6.770
0.316
0.000
0.000
1.737
6.123
0.463
0.824
2.802
23.641
16.071
9.536
31.067
7.962
6.345
5.304
2.838
7.651
7.297
3.686
9.115
8.744
6.578
8.326
7.606
13.111
7.249
10.344
11.529
6.060
9.843
7.787
0.230
10.760
6.341
16.423
6.681
5.352
1.253
1.761
2.122
5.152
5.438
2.355
3.995
2.350
5.742
6.957
18.291
40.955
21.516
9.929
6.171
7.601
6.932
6.719
3.327
22.062
19.823
5.895
0.484
8.626
11.560
14.100
6.777
3.615
4.655
17.077
16.744
12.538
12.094
9.742
14.437
21.931
25.385
16.479
2.650
0.397
0.913
2.247
5.291
0.992
1.651
13.745
21.243
10.883
7.131
23.159
14.962
24.338
5.421
9.484
14.564
16.871
11.954
20.332
100.861
10.614
11.834
8.145
11.924
7.682
48.857
33.055
35.055
6.073
38.452
4.152
11.230
23.301
6.609
13.239
52.194
8.494
26.316
14.420
18.967
36.471
9.380
5.291
11.024
6.341
16.275
9.266
5.811
25.214
24.881
12.772
107.513
2.956
7.292
5.155
12.524
11.685
3.207
12.948
8.346
27.984
23.274
23.150
7.375
5.093
17.848
21.138
14.334
4.377
16.595
12.409
20.352
18.727
19.355
19.875
15.484
5.335
20.709
35.367
27.969
15.079
8.202
10.777
7.141
35.513
9.239
5.534
20.984
16.878
13.565
16.493
8.823
19.102
2.961
32.822
18.977
11.424
8.823
11.994
8.418
15.230
21.004
4.268
0.203
2.468
1.785
15.201
20.213
8.291
10.386
27.972
10.310
12.727
0.244
9.345
5.758
17.221
3.172
3.217
14.885
19.375
68.819
3.778
17.218
14.890
3.296
