19790101
0.897
0.901
0.903
0.908
0.951
0.934
0.944
0.883
0.846
0.876
0.891
0.961
0.916
0.960
0.951
0.971
0.897
0.897
0.890
0.969
0.971
0.944
0.955
0.928
0.953
0.918
0.959
0.977
0.965
0.963
0.954
0.949
0.931
0.937
0.961
0.916
0.956
0.961
0.968
0.962
0.959
0.936
0.908
0.934
0.887
0.931
0.935
0.966
0.935
0.961
0.914
0.941
0.946
0.946
0.954
0.940
0.964
0.962
0.911
0.948
0.950
0.945
0.976
0.984
0.985
0.991
0.983
0.951
0.946
0.924
0.978
0.936
0.967
0.939
0.930
0.955
0.933
0.921
0.914
0.932
0.977
0.970
0.963
0.938
0.980
0.945
0.947
0.965
0.954
0.934
0.968
0.969
0.936
0.940
0.940
0.944
0.958
0.945
0.927
0.933
0.890
0.891
0.924
0.931
0.935
0.922
0.897
0.950
0.973
0.943
0.974
0.949
0.875
0.891
0.952
0.946
0.925
0.956
0.853
0.871
0.918
0.946
0.949
0.969
0.964
0.913
0.925
0.882
0.893
0.912
0.930
0.954
0.905
0.947
0.937
0.814
0.969
0.953
0.943
0.906
0.962
0.966
0.958
0.959
0.909
0.926
0.910
0.948
0.937
0.881
0.933
0.946
0.942
0.928
0.950
0.867
0.856
0.928
0.914
0.909
0.907
0.951
0.930
0.920
0.936
0.896
0.881
0.908
0.888
0.926
0.891
0.891
0.897
0.891
0.904
0.900
0.859
0.851
0.862
0.867
0.896
0.894
0.895
0.860
0.878
0.876
0.871
0.813
0.804
0.818
0.863
0.790
0.923
0.945
0.890
0.963
0.858
0.969
0.860
0.850
0.962
0.899
0.939
0.898
0.896
0.876
0.898
0.860
0.866
0.898
0.940
0.883
0.942
0.929
0.914
0.859
0.877
0.836
0.842
0.822
0.808
0.785
0.878
0.866
0.874
0.874
0.941
0.924
0.877
0.855
0.914
0.925
0.895
0.914
0.947
0.928
0.899
0.965
0.920
0.935
0.900
0.974
0.972
0.889
0.900
0.970
0.927
0.932
0.971
0.890
0.921
0.946
0.953
0.972
0.959
0.970
0.945
0.965
0.909
0.927
0.900
0.940
0.968
0.884
0.964
0.966
0.888
0.935
0.935
0.892
0.920
0.910
0.923
0.919
0.901
0.891
0.913
0.950
0.910
0.923
0.904
0.916
0.885
0.954
0.928
0.967
0.949
0.933
0.974
0.974
0.925
0.976
0.915
0.910
0.931
0.953
0.949
0.929
0.910
0.939
0.983
0.911
0.922
0.896
0.920
0.888
0.908
0.946
0.900
0.874
0.872
0.860
0.885
0.942
0.978
0.957
0.909
0.807
0.905
0.964
0.926
0.938
0.967
0.875
0.901
0.876
0.906
0.923
0.869
0.909
0.948
0.913
0.951
0.938
0.963
0.941
0.901
0.928
0.899
0.907
0.928
0.883
0.931
0.892
0.954
0.896
0.932
0.925
0.882
0.941
0.967
0.885
0.939
0.951
0.879
0.864
0.868
0.842
0.886
0.909
0.883
0.907
0.925
0.933
0.915
0.926
0.928
0.939
0.924
0.923
0.860
0.874
0.883
0.881
0.864
0.917
0.909
0.922
0.916
0.910
0.880
0.848
0.897
0.941
0.908
0.905
0.927
0.904
0.952
0.889
0.890
0.905
0.943
0.924
0.916
0.850
0.895
0.916
0.898
0.949
0.940
0.928
0.926
0.923
0.933
0.899
0.916
0.926
0.896
0.887
0.844
0.860
0.929
0.936
0.953
0.969
0.939
0.885
0.936
0.927
0.937
0.957
0.906
0.977
0.910
0.935
0.988
0.979
0.830
0.921
0.817
0.815
0.881
0.850
0.871
0.931
0.953
0.968
0.945
0.957
0.935
0.949
0.968
0.895
0.922
0.826
0.937
0.929
0.934
0.938
0.901
0.858
0.902
0.917
0.907
0.941
0.928
0.894
0.919
0.934
0.935
0.957
0.886
0.956
0.965
0.776
0.762
0.841
0.945
0.802
0.833
0.843
0.855
0.855
0.827
0.860
0.904
0.900
0.904
0.931
0.974
0.961
0.913
0.916
0.929
0.920
0.920
0.935
0.834
0.937
0.927
0.938
0.950
0.936
0.874
0.880
0.951
0.910
0.941
0.939
0.916
0.824
0.886
0.949
0.952
0.940
0.948
0.905
0.907
0.864
0.909
0.894
0.907
0.903
0.915
0.953
0.919
0.909
0.980
0.950
0.924
0.955
0.951
0.885
0.917
0.935
0.919
0.935
0.925
0.948
0.889
0.827
0.867
0.853
0.923
0.913
0.909
0.875
0.920
0.940
0.923
0.915
0.882
0.862
0.848
0.823
0.829
0.803
0.827
0.868
0.835
0.811
0.834
0.872
0.890
0.906
0.892
0.926
0.954
0.934
0.942
0.925
0.913
0.927
0.919
0.932
0.919
0.922
0.918
0.945
0.952
0.918
0.961
0.950
0.928
0.948
0.941
0.933
0.957
0.931
0.947
0.957
0.944
0.939
0.953
0.952
0.950
0.944
0.910
0.867
0.879
0.908
0.921
0.927
0.902
0.912
0.897
0.884
0.867
0.881
0.831
0.794
0.826
0.846
0.800
0.808
0.850
0.777
0.885
0.842
0.882
0.918
0.884
0.857
0.874
0.854
0.898
0.867
0.801
0.817
0.874
0.883
0.935
0.954
0.940
0.908
0.901
0.968
0.861
0.936
0.943
0.930
0.881
0.919
0.957
0.888
0.946
0.962
0.954
0.962
0.918
0.927
0.959
0.947
0.946
0.961
0.980
0.951
0.936
0.954
0.927
0.942
0.941
0.969
0.933
0.958
0.940
0.890
0.918
0.946
0.951
0.929
0.912
0.949
0.930
0.932
0.931
0.939
0.966
0.967
0.970
0.946
0.961
0.969
0.976
0.966
0.889
0.896
0.929
0.919
0.934
0.947
0.960
0.963
0.900
0.929
0.927
0.955
0.936
0.953
0.936
0.949
0.936
0.954
0.885
0.953
0.963
0.970
0.916
0.971
0.974
0.943
0.967
0.935
0.953
0.932
0.915
0.919
0.940
0.929
0.936
0.934
0.940
0.959
0.960
0.965
0.968
0.906
0.884
0.873
0.880
0.934
0.929
0.942
0.941
0.934
0.959
0.899
0.926
0.927
0.972
0.905
0.925
0.920
0.919
0.924
0.887
0.921
0.905
0.926
0.908
0.873
0.897
0.849
0.815
0.901
0.885
0.944
0.898
0.910
0.939
0.899
0.855
0.847
0.839
0.887
0.865
0.900
0.917
0.932
0.940
0.930
0.945
0.941
0.965
0.938
0.947
0.943
0.945
0.929
0.964
0.952
0.938
0.964
0.949
0.959
0.964
0.930
0.954
0.960
0.949
0.959
0.932
0.944
0.932
0.945
0.934
0.944
0.937
0.960
0.927
0.920
0.882
0.950
0.963
0.970
0.960
0.965
0.927
0.935
0.955
0.949
0.964
0.960
0.952
0.919
0.927
0.958
0.955
0.970
0.957
0.959
0.958
0.971
0.964
0.922
0.953
0.942
0.956
0.960
0.937
0.938
0.941
0.924
0.947
0.944
0.925
0.943
0.897
0.909
0.917
0.916
0.929
0.923
0.967
0.929
0.889
0.904
0.887
0.910
0.893
0.813
0.832
0.900
0.956
0.945
0.949
0.972
0.956
0.936
0.915
0.902
0.901
0.832
0.881
0.963
0.947
0.895
0.821
0.961
0.892
0.942
0.908
0.882
0.930
0.960
0.962
0.946
0.960
0.889
0.912
0.918
0.890
0.962
0.955
0.924
0.963
0.947
0.888
0.956
0.953
0.967
0.968
0.964
0.959
0.941
0.962
0.962
0.972
0.973
0.973
0.950
0.952
0.935
0.916
0.938
0.933
0.927
0.953
0.876
0.916
0.906
0.887
0.924
0.918
0.918
0.902
0.874
0.925
0.914
0.914
0.936
0.975
0.928
0.922
0.961
0.952
0.939
0.940
0.956
0.949
0.951
0.952
0.961
0.963
0.938
0.963
0.948
0.951
0.940
0.965
0.952
0.952
0.949
0.914
0.945
0.940
0.936
0.940
0.938
0.943
0.922
0.915
0.913
0.931
0.912
0.922
0.921
0.925
0.957
0.934
0.905
0.906
0.927
0.911
0.960
0.919
0.914
0.909
0.906
0.856
0.894
0.818
0.866
0.898
0.930
0.885
0.897
0.904
0.897
0.860
0.941
0.884
0.914
0.927
0.886
0.918
0.894
0.881
0.913
0.875
0.936
0.911
0.931
0.938
0.928
0.934
0.945
0.911
0.896
0.905
0.891
0.904
0.870
0.876
0.866
0.859
0.890
0.915
0.879
0.928
0.916
0.954
0.928
0.905
0.934
0.955
0.936
0.925
0.931
0.952
0.958
0.944
0.969
0.936
0.972
0.923
0.939
0.974
0.956
0.939
0.976
0.960
0.926
0.945
0.952
0.919
0.919
0.951
0.933
0.954
0.922
0.938
0.962
0.938
0.974
0.868
0.916
0.956
0.968
0.948
0.947
0.960
0.941
0.976
0.961
0.902
0.912
0.971
0.934
0.927
0.920
0.950
0.928
0.974
0.968
0.878
0.854
0.974
0.958
0.958
0.963
0.934
0.927
0.950
0.902
0.975
0.965
0.962
0.937
0.929
0.857
0.946
0.944
0.976
0.948
0.930
0.958
0.941
0.915
0.965
0.927
0.922
0.937
0.954
0.967
0.888
0.915
0.940
0.955
0.928
0.928
0.912
0.930
0.949
0.977
0.903
0.934
0.965
0.958
0.970
0.876
0.799
0.908
0.882
0.892
0.930
0.935
0.972
0.929
0.843
0.858
0.911
0.897
0.860
0.813
0.866
0.948
0.939
0.933
0.876
0.906
0.875
0.930
0.970
0.947
0.950
0.913
0.869
0.970
0.949
0.933
0.943
0.923
0.896
0.941
0.925
0.954
0.936
0.963
0.950
0.879
0.882
0.923
0.799
0.916
0.907
0.891
0.893
0.909
0.901
0.913
0.915
0.932
0.922
0.939
0.834
0.874
0.938
0.906
0.933
0.892
0.917
0.958
0.935
0.933
0.959
0.892
0.951
0.942
0.877
0.942
0.867
0.937
0.936
0.901
0.885
0.916
0.954
0.933
0.958
0.855
0.898
0.929
0.921
0.927
0.927
0.952
0.968
0.943
0.916
0.921
0.885
0.910
0.770
0.887
0.914
0.912
0.740
0.643
0.607
0.668
0.852
0.841
0.910
0.894
0.915
0.928
0.944
0.950
0.876
0.892
0.881
0.947
0.871
0.961
0.927
0.947
0.977
0.942
0.896
0.933
0.949
0.970
0.914
0.945
0.940
0.942
0.910
0.927
0.972
0.932
0.907
0.938
0.931
0.935
0.946
0.939
0.973
0.973
0.910
0.948
0.962
0.971
0.904
0.946
0.911
0.898
0.877
0.890
0.914
0.860
0.947
0.897
0.946
0.921
0.838
0.958
0.880
0.886
0.897
0.876
0.854
0.882
0.884
0.893
0.885
0.898
0.820
0.849
0.854
0.808
0.847
0.833
0.847
0.784
0.783
0.780
0.722
0.811
0.816
0.803
0.861
0.794
0.820
0.808
0.873
0.835
0.840
0.861
0.780
0.841
0.807
0.859
0.806
0.833
0.806
0.780
0.843
0.831
0.761
0.772
0.831
0.822
0.889
0.831
0.819
0.784
0.805
0.870
0.726
0.736
0.719
0.863
0.875
0.840
0.838
0.757
0.722
0.774
0.732
0.749
0.796
0.689
0.792
0.792
0.683
0.726
0.766
0.758
0.758
0.725
0.760
0.842
0.739
0.788
0.759
0.836
0.853
0.803
0.742
0.817
0.884
0.778
0.793
0.784
0.818
0.848
0.833
0.845
0.855
0.879
0.852
0.883
0.888
0.923
0.883
0.895
0.881
0.826
0.869
0.866
0.892
0.947
0.790
0.966
0.971
0.952
0.918
0.922
0.899
0.935
0.891
0.949
0.936
0.816
0.971
0.859
0.953
0.966
0.910
0.924
0.791
0.877
0.907
0.922
0.785
0.838
0.932
0.904
0.902
0.965
0.941
0.818
0.871
0.863
0.819
0.894
0.848
0.896
0.956
0.838
0.839
0.904
0.845
0.821
0.914
0.937
0.907
0.902
0.958
0.839
0.907
0.828
0.831
0.945
0.813
0.845
0.880
0.869
0.902
0.865
0.861
0.898
0.904
0.911
0.919
0.962
0.803
0.793
0.826
0.875
0.896
0.876
0.890
0.872
0.938
0.900
0.944
0.913
0.926
0.887
0.906
0.868
0.819
0.810
0.892
0.875
0.840
0.888
0.854
0.851
0.846
0.843
0.859
0.864
0.849
0.890
0.883
0.770
0.713
0.780
0.831
0.818
0.854
0.747
0.718
0.694
0.730
0.706
0.713
0.713
0.711
0.673
0.655
0.661
0.681
0.694
0.646
0.669
0.691
0.682
0.683
0.695
0.698
0.691
0.665
0.728
0.710
0.638
0.789
0.697
0.647
0.627
0.607
0.681
0.710
0.752
0.782
0.752
0.847
0.823
0.816
0.878
0.809
0.680
0.652
0.666
0.790
0.716
0.648
0.656
0.682
0.657
0.689
0.781
0.775
0.765
0.820
0.681
0.739
0.793
0.754
0.704
0.797
0.890
0.891
0.884
0.766
0.873
0.895
0.834
0.696
0.717
0.843
0.860
0.858
0.870
0.738
0.726
0.846
0.755
0.757
0.843
0.860
0.832
0.957
0.883
0.895
0.872
0.904
0.899
0.937
0.878
0.908
0.924
0.951
0.862
0.916
0.964
0.885
0.963
0.818
0.896
0.902
0.971
0.875
0.806
0.956
0.784
0.891
0.926
0.806
0.904
0.806
0.923
0.924
0.838
0.873
0.815
0.784
0.884
0.943
0.911
0.912
0.967
0.874
0.883
0.822
0.911
0.865
0.864
0.906
0.890
0.938
0.830
0.950
0.961
0.854
0.964
0.950
0.784
0.870
0.841
0.914
0.905
0.859
0.898
0.791
0.799
0.900
0.915
0.909
0.945
0.893
0.898
0.915
0.946
0.922
0.959
0.880
0.866
0.959
0.837
0.835
0.887
0.896
0.872
0.839
0.870
0.854
0.805
0.857
0.874
0.866
0.838
0.874
0.881
0.861
0.852
0.923
0.887
0.882
0.847
0.846
0.829
0.944
0.879
0.941
0.862
0.927
0.875
0.822
0.801
0.784
0.851
0.880
0.872
0.822
0.785
0.772
0.801
0.805
0.798
0.817
0.771
0.695
0.699
0.776
0.766
0.818
0.814
0.839
0.860
0.841
0.859
0.811
0.874
0.826
0.817
0.828
0.794
0.804
0.838
0.867
0.838
0.776
0.811
0.768
0.766
0.801
0.877
0.817
0.890
0.848
0.843
0.862
0.791
0.862
0.820
0.820
0.838
0.865
0.810
0.821
0.855
0.885
0.868
0.904
0.855
0.867
0.926
0.929
0.878
0.886
0.851
0.890
0.857
0.941
0.926
0.872
0.883
0.855
0.876
0.887
0.848
0.854
0.854
0.876
0.834
0.857
0.855
0.782
0.855
0.813
0.849
0.898
0.919
0.884
0.872
0.826
0.916
0.901
0.892
0.882
0.915
0.917
0.967
0.923
0.969
0.810
0.801
0.873
0.972
0.923
0.944
0.941
0.896
0.894
0.898
0.843
0.918
0.946
0.864
0.943
0.825
0.932
0.957
0.900
0.925
0.914
0.896
0.918
0.845
0.941
0.932
0.907
0.964
0.956
0.923
0.953
0.874
0.893
0.886
0.917
0.902
0.863
0.928
0.942
0.958
0.908
0.880
0.962
0.968
0.944
0.909
0.929
0.896
0.921
0.945
0.916
0.939
0.940
0.895
0.918
0.934
0.908
0.922
0.909
0.880
0.885
0.917
0.952
0.897
0.900
0.887
0.861
0.854
0.887
0.900
0.891
0.856
0.847
0.840
0.858
0.940
0.921
0.886
0.922
0.891
0.922
0.862
0.891
0.940
0.894
0.831
0.890
0.919
0.834
0.840
0.840
0.831
0.846
0.865
0.859
0.904
0.951
0.920
0.872
0.976
0.932
0.911
0.883
0.920
0.861
0.869
0.888
0.890
0.888
0.893
0.928
0.955
0.901
0.923
0.884
0.922
0.883
0.899
0.870
0.867
0.857
0.940
0.890
0.865
0.893
0.905
0.909
0.886
0.881
0.889
0.904
0.930
0.911
0.881
0.933
0.827
0.916
0.910
0.915
0.812
0.861
0.909
0.908
0.910
0.920
0.889
0.813
0.842
0.858
0.869
0.904
0.915
0.844
0.853
0.783
0.792
0.872
0.889
0.909
0.850
0.935
0.932
0.905
0.887
0.880
0.883
0.865
0.825
0.877
0.867
0.888
0.921
0.905
0.914
0.911
0.899
0.891
0.962
0.880
0.910
0.931
0.878
0.943
0.917
0.917
0.891
0.888
0.889
0.934
0.905
0.796
0.933
0.936
0.883
0.780
0.847
0.959
0.855
0.870
0.895
0.887
0.891
0.909
0.863
0.916
0.956
0.889
0.945
0.950
0.866
0.920
0.847
0.903
0.898
0.936
0.888
0.917
0.933
0.918
0.934
0.931
0.944
0.957
0.964
0.957
0.922
0.949
0.894
0.924
0.955
0.962
0.882
0.913
0.911
0.948
0.870
0.944
0.950
0.906
0.915
0.884
0.895
0.927
0.895
0.896
0.879
0.908
0.870
0.849
0.900
0.940
0.911
0.944
0.949
0.899
0.892
0.939
0.932
0.922
0.923
0.910
0.942
0.925
0.955
0.924
0.931
0.945
0.914
0.918
0.920
0.870
0.922
0.883
0.864
0.886
0.847
0.854
0.904
0.865
0.898
0.851
0.881
0.861
0.835
0.847
0.844
0.784
0.825
0.858
0.887
0.884
0.912
0.921
0.870
0.871
0.905
0.867
0.903
0.877
0.879
0.886
0.860
0.876
0.843
0.877
0.911
0.929
0.898
0.928
0.912
0.895
0.947
0.918
0.926
0.892
0.884
0.927
0.855
0.829
0.879
0.813
0.845
0.810
0.847
0.865
0.880
0.899
0.872
0.920
0.863
0.875
0.909
0.920
0.930
0.946
0.905
0.926
0.930
0.936
0.954
0.816
0.916
0.906
0.837
0.894
0.930
0.922
0.870
0.913
0.864
0.902
0.896
0.871
0.968
0.852
0.943
0.889
0.954
0.814
0.902
0.900
0.899
0.925
0.971
0.938
0.938
0.952
0.965
0.891
0.927
0.933
0.952
0.897
0.960
0.909
0.923
0.917
0.962
0.955
0.917
0.874
0.903
0.804
0.849
0.805
0.875
0.911
0.894
0.858
0.785
0.843
0.946
0.910
0.899
0.894
0.803
0.939
0.954
0.949
0.974
0.962
0.942
0.969
0.962
0.963
0.967
0.933
0.937
0.980
0.963
0.921
0.927
0.922
0.899
0.907
0.879
0.892
0.906
0.883
0.894
0.881
0.911
0.903
0.926
0.919
0.914
0.895
0.877
0.913
0.928
0.940
0.908
0.881
0.912
0.885
0.904
0.834
0.837
0.848
0.816
0.809
0.791
0.820
0.770
0.775
0.794
0.876
0.894
0.846
0.870
0.793
0.872
0.793
0.851
0.866
0.856
0.921
0.818
0.770
0.744
0.846
0.853
0.927
0.862
0.920
0.885
0.909
0.951
0.913
0.904
0.827
0.844
0.919
0.885
0.929
0.850
0.804
0.770
0.749
0.757
0.871
0.845
0.829
0.846
0.871
0.877
0.830
0.827
0.697
0.697
0.777
0.784
0.836
0.799
0.838
0.834
0.895
0.881
0.842
0.739
0.730
0.776
0.820
0.919
0.921
0.907
0.930
0.885
0.785
0.900
0.888
0.860
0.855
0.861
0.881
0.940
0.787
0.810
0.851
0.849
0.852
0.912
0.710
0.688
0.671
0.742
0.774
0.809
0.902
0.836
0.885
0.873
0.899
0.932
0.775
0.801
0.895
0.933
0.932
0.906
0.919
0.957
0.954
0.816
0.876
0.870
0.923
0.901
0.889
0.875
0.936
0.917
0.941
0.932
0.952
0.870
0.855
0.878
0.865
0.776
0.751
0.768
0.808
0.877
0.924
0.857
0.850
0.822
0.925
0.940
0.865
0.961
0.972
0.945
0.941
0.831
0.945
0.905
0.969
0.898
0.932
0.934
0.864
0.939
0.956
0.937
0.953
0.940
0.910
0.867
0.900
0.896
0.888
0.929
0.952
0.866
0.930
0.926
0.925
0.889
0.906
0.797
0.776
0.776
0.796
0.800
0.832
0.837
0.803
0.785
0.739
0.718
0.711
0.763
0.820
0.779
0.797
0.870
0.873
0.801
0.847
0.926
0.893
0.859
0.842
0.835
0.857
0.790
0.836
0.842
0.853
0.915
0.891
0.835
0.820
0.846
0.806
0.847
0.819
0.853
0.843
0.834
0.855
0.821
0.864
0.917
0.912
0.894
0.924
0.909
0.951
0.876
0.922
0.936
0.916
0.867
0.835
0.886
0.888
0.924
0.923
0.928
0.949
0.870
0.878
0.927
0.911
0.915
0.912
0.902
0.937
0.870
0.891
0.944
0.896
0.900
0.893
0.896
0.917
0.839
0.873
0.887
0.861
0.892
0.853
0.873
0.818
0.840
0.917
0.896
0.909
0.888
0.948
0.932
0.897
0.913
0.929
0.914
0.901
0.943
0.877
0.902
0.852
0.881
0.851
0.923
0.923
0.915
0.918
0.934
0.916
0.918
0.937
0.920
0.971
0.968
0.907
0.905
0.946
0.951
0.900
0.943
0.903
0.949
0.944
0.890
0.879
0.868
0.894
0.934
0.956
0.935
0.961
0.960
0.928
0.916
0.863
0.954
0.956
0.906
0.857
0.925
0.946
0.869
0.928
0.832
0.791
0.827
0.791
0.790
0.844
0.869
0.964
0.954
0.938
0.949
0.955
0.964
0.902
0.979
0.908
0.974
0.869
0.898
0.897
0.906
0.956
0.884
0.900
0.825
0.867
0.831
0.878
0.895
0.921
0.952
0.951
0.881
0.798
0.902
0.915
0.898
0.902
0.879
0.972
0.943
0.920
0.961
0.966
0.883
0.871
0.865
0.859
0.830
0.843
0.815
0.830
0.864
0.861
0.914
0.932
0.871
0.955
0.865
0.783
0.896
0.824
0.803
0.882
0.862
0.894
0.929
0.889
0.839
0.868
0.854
0.815
0.839
0.804
0.779
0.829
0.875
0.920
0.881
0.839
0.922
0.790
0.774
0.821
0.842
0.855
0.804
0.846
0.853
0.854
0.783
0.858
0.952
0.812
0.848
0.957
0.950
0.876
0.939
0.874
0.938
0.914
0.897
0.926
0.945
0.946
0.930
0.937
0.904
0.965
0.965
0.907
0.827
0.872
0.915
0.959
0.939
0.921
0.839
0.884
0.921
0.924
0.931
0.873
0.922
0.907
0.888
0.909
0.922
0.893
0.910
0.940
0.899
0.955
0.916
0.950
0.921
0.926
0.874
0.859
0.884
0.895
0.872
0.882
0.820
0.829
0.894
0.924
0.899
0.906
0.881
0.950
0.923
0.916
0.942
0.877
0.920
0.876
0.945
0.892
0.937
0.922
0.896
0.928
0.914
0.940
0.897
0.924
0.929
0.868
0.938
0.821
0.871
0.861
0.873
0.887
0.947
0.933
0.947
0.928
0.974
0.880
0.939
0.954
0.945
0.936
0.921
0.931
0.926
0.953
0.902
0.956
0.962
0.947
0.927
0.954
0.868
0.936
0.923
0.896
0.944
0.894
0.935
0.925
0.955
0.930
0.959
0.933
0.921
0.949
0.876
-99.000
0.953
0.965
0.957
0.913
0.961
0.932
0.906
0.933
0.902
0.919
0.921
0.943
0.903
0.903
0.906
0.892
0.884
0.859
0.854
0.829
0.827
0.848
0.840
0.856
0.834
0.832
0.839
0.834
0.873
0.859
0.906
0.838
0.835
0.839
0.882
0.827
0.850
0.834
0.871
0.777
0.794
0.812
0.785
0.779
0.830
0.833
0.821
0.843
0.807
0.822
0.878
0.826
0.786
0.714
0.700
0.708
0.717
0.723
0.787
0.790
0.819
0.787
0.819
0.851
0.803
0.871
0.740
0.805
0.767
0.762
0.773
0.779
0.805
0.861
0.854
0.944
0.899
0.933
0.889
0.932
0.834
0.902
0.862
0.856
0.917
0.876
0.914
0.835
0.831
0.861
0.839
0.928
0.861
0.939
0.882
0.758
0.828
0.806
0.828
0.849
0.813
0.801
0.823
0.841
0.846
0.840
0.895
0.900
0.835
0.920
0.857
0.917
0.849
0.960
0.860
0.971
0.962
0.902
0.945
0.939
0.968
0.889
0.936
0.934
0.938
0.930
0.901
0.954
0.918
0.962
0.867
0.939
0.911
0.946
0.924
0.914
0.972
0.857
0.918
0.901
0.963
0.952
0.966
0.962
0.932
0.935
0.912
0.924
0.912
0.940
0.900
0.904
0.935
0.938
0.969
0.936
0.951
0.900
0.898
0.904
0.933
0.929
0.968
0.903
0.953
0.938
0.955
0.978
0.962
0.956
0.906
0.945
0.940
0.899
0.960
0.945
0.919
0.945
0.859
0.883
0.861
0.838
0.827
0.841
0.825
0.836
0.918
0.928
0.912
0.935
0.910
0.935
0.937
0.903
0.867
0.907
0.880
0.903
0.896
0.908
0.825
0.858
0.847
0.847
0.853
0.895
0.913
-99.000
-99.000
-99.000
-99.000
-99.000
-99.000
-99.000
-99.000
0.899
0.834
0.832
0.893
0.928
0.898
0.870
0.856
0.855
0.914
0.943
0.903
0.899
0.874
0.884
0.855
0.864
0.907
0.904
0.895
0.903
0.934
0.939
0.922
0.878
0.850
0.824
0.753
0.789
0.805
0.861
0.777
0.769
0.831
0.839
0.820
0.828
0.849
0.856
0.810
0.787
0.784
0.884
0.824
0.886
0.882
0.875
0.829
0.853
0.884
0.849
0.842
0.845
0.764
0.746
0.787
0.771
0.732
0.833
0.778
0.866
0.920
0.917
0.899
0.881
0.959
0.951
0.948
0.794
0.712
0.754
0.955
0.915
0.912
0.833
0.892
0.897
0.923
0.895
0.949
0.966
0.947
0.887
0.930
0.937
0.948
0.860
0.822
0.915
0.892
0.933
0.918
0.926
0.941
0.911
0.785
0.896
0.916
0.922
0.906
0.912
0.875
0.954
0.914
0.931
0.918
0.947
0.890
0.891
0.895
0.921
0.972
0.900
0.925
0.878
0.926
0.961
0.958
0.903
0.945
0.936
0.948
0.939
0.888
0.884
0.957
0.889
0.902
0.853
0.920
0.866
0.913
0.810
0.879
0.960
0.914
0.917
0.919
0.955
0.921
0.907
0.871
0.966
0.926
0.839
0.916
0.807
0.867
0.871
0.865
0.893
0.862
0.908
0.899
0.953
0.947
0.892
0.932
0.919
0.865
0.851
0.902
0.917
0.893
0.916
0.874
0.882
0.888
0.880
0.863
0.888
0.876
0.882
0.890
0.871
0.871
0.821
0.837
0.829
0.882
0.884
0.868
0.855
0.894
0.891
0.882
0.849
0.875
0.892
0.870
0.887
0.911
0.883
0.875
0.868
0.927
0.953
0.960
0.870
0.865
0.869
0.839
0.810
0.893
0.837
0.913
0.856
0.895
0.906
0.937
0.954
0.891
0.978
0.931
0.945
0.952
0.919
0.919
0.878
0.946
0.943
0.894
0.930
0.927
0.917
0.871
0.886
0.874
0.899
0.850
0.899
0.856
0.860
0.861
0.883
0.840
0.869
0.854
0.879
0.935
0.910
0.890
0.877
0.883
0.934
0.929
0.916
0.954
0.912
0.888
0.897
0.904
0.941
0.838
0.843
0.898
0.944
0.949
0.919
0.835
0.885
0.880
0.941
0.955
0.928
0.978
0.888
0.939
0.938
0.922
0.893
0.905
0.960
0.910
0.980
0.923
0.953
0.947
0.909
0.916
0.942
0.895
0.909
0.971
0.904
0.909
0.908
0.922
0.963
0.908
0.939
0.941
0.969
0.960
0.963
0.972
0.939
0.951
0.889
0.976
0.939
0.976
0.937
0.948
0.910
0.875
0.916
0.896
0.896
0.960
0.960
0.926
0.921
0.937
0.941
0.939
0.944
0.958
0.956
0.941
0.925
0.932
0.923
0.871
0.868
0.909
0.905
0.941
0.956
0.971
0.934
0.946
0.941
0.930
0.943
0.952
0.916
0.944
0.937
0.915
0.946
0.943
0.961
0.929
0.967
0.937
0.921
0.950
0.915
0.920
0.889
0.895
0.882
0.901
0.869
0.886
0.847
0.802
0.773
0.811
0.847
0.863
0.899
0.854
0.895
0.861
0.905
0.871
0.877
0.926
0.888
0.883
0.860
0.905
0.935
0.928
0.871
0.869
0.889
0.916
0.864
0.919
0.940
0.929
0.886
0.916
0.915
0.949
0.897
0.889
0.827
0.822
0.877
0.915
0.896
0.855
0.862
0.894
0.924
0.921
0.885
0.899
0.903
0.913
0.922
0.934
0.903
0.881
0.927
0.887
0.947
0.919
0.943
0.921
0.874
0.874
0.927
0.899
0.924
0.949
0.933
0.936
0.886
0.922
0.863
0.840
0.824
0.885
0.902
0.895
0.943
0.939
0.957
0.975
0.922
0.836
0.854
0.908
0.782
0.882
0.900
0.904
0.876
0.860
0.885
0.860
0.879
0.893
0.830
0.830
0.855
0.814
0.821
0.850
0.894
0.845
0.876
0.913
0.947
0.930
0.937
0.969
0.965
0.927
0.949
0.978
0.978
0.942
0.906
0.911
0.926
0.902
0.875
0.927
0.917
0.931
0.905
0.870
0.912
0.965
0.930
0.939
0.952
0.947
0.977
0.967
0.939
0.930
0.941
0.967
0.956
0.937
0.956
0.945
0.915
0.912
0.946
0.952
0.923
0.935
0.884
0.928
0.962
0.954
0.948
0.923
0.952
0.947
0.910
0.877
0.920
0.974
0.909
0.969
0.975
0.921
0.959
0.928
0.931
0.896
0.934
0.914
0.906
0.919
0.927
0.905
0.924
0.918
0.945
0.947
0.946
0.945
0.940
0.968
0.935
0.973
0.957
0.950
0.939
0.953
0.936
0.972
0.944
0.906
0.914
0.961
0.955
0.966
0.954
0.972
0.962
0.953
0.955
0.942
0.919
0.942
0.946
0.931
0.880
0.813
0.871
0.874
0.871
0.880
0.893
0.866
0.869
0.852
0.938
0.901
0.916
0.906
0.864
0.888
0.898
0.914
0.924
0.934
0.936
0.923
0.909
0.955
0.952
0.926
0.935
0.949
0.930
0.951
0.923
0.913
0.895
0.911
0.923
0.944
0.962
0.926
0.965
0.958
0.971
0.920
0.938
0.944
0.922
0.954
0.924
0.948
0.942
0.958
0.971
0.840
0.945
0.915
0.913
0.950
0.935
0.955
0.974
0.929
0.974
0.945
0.952
0.951
0.958
0.888
0.931
0.944
0.977
0.966
0.886
0.961
0.952
0.955
0.960
0.962
0.928
0.918
0.925
0.914
0.960
0.969
0.927
0.967
0.967
0.951
0.906
0.935
0.962
0.931
0.908
0.959
0.952
0.947
0.901
0.847
0.853
0.888
0.924
0.886
0.890
0.938
0.970
0.947
0.945
0.906
0.959
0.902
0.952
0.971
0.893
0.950
0.947
0.955
0.967
0.947
0.948
0.954
0.933
0.975
0.952
0.921
0.973
0.964
0.971
0.929
0.960
0.972
0.955
0.911
0.923
0.963
0.969
0.961
0.905
0.954
0.953
0.949
0.974
0.965
0.949
0.951
0.917
0.942
0.889
0.898
0.957
0.935
0.932
0.939
0.951
0.900
0.893
0.911
0.943
0.963
0.956
0.935
0.935
0.972
0.869
0.925
0.878
0.938
0.912
0.946
0.958
0.965
0.949
0.912
0.954
0.942
0.900
0.853
0.963
0.940
0.918
0.960
0.958
0.959
0.957
0.962
0.949
0.959
0.961
0.947
0.946
0.942
0.919
0.939
0.958
0.945
0.952
0.965
0.928
0.915
0.918
0.949
0.933
0.954
0.967
0.956
0.957
0.945
0.912
0.958
0.973
0.954
0.915
0.921
0.941
0.942
0.964
0.945
0.918
0.917
0.903
0.932
0.951
0.881
0.923
0.792
0.932
0.957
0.958
0.923
0.920
0.947
0.920
0.943
0.938
0.902
0.860
0.911
0.915
0.921
0.958
0.953
0.929
0.932
0.892
0.968
0.972
0.886
0.939
0.929
0.948
0.869
0.907
0.915
0.845
0.894
0.889
0.914
0.908
0.945
0.917
0.864
0.858
0.850
0.792
0.685
0.674
0.720
0.848
0.957
0.835
0.920
0.868
0.933
0.893
0.952
0.935
0.953
0.937
0.948
0.906
0.882
0.945
0.927
0.928
0.966
0.962
0.962
0.959
0.893
0.900
0.924
0.954
0.965
0.941
0.929
0.967
0.972
0.915
0.910
0.943
0.957
0.936
0.973
0.966
0.896
0.955
0.918
0.975
0.948
0.933
0.968
0.923
0.888
0.865
0.852
0.867
0.883
0.847
0.938
0.893
0.935
0.913
0.963
0.932
0.906
0.893
0.910
0.900
0.945
0.932
0.950
0.962
0.946
0.900
0.965
0.932
0.931
0.895
0.911
0.914
0.852
0.918
0.870
0.910
0.874
0.922
0.946
0.951
0.930
0.927
0.940
0.940
0.956
0.930
0.927
0.957
0.936
0.895
0.942
0.885
0.910
0.889
0.942
0.870
0.870
0.905
0.883
0.844
0.853
0.840
0.839
0.811
0.855
0.750
0.845
0.890
0.896
0.923
0.916
0.945
0.864
0.905
0.965
0.952
0.919
0.934
0.928
0.946
0.959
0.923
0.903
0.880
0.901
0.906
0.869
0.922
0.900
0.889
0.938
0.890
0.888
0.925
0.899
0.930
0.913
0.913
0.922
0.923
0.928
0.901
0.925
0.931
0.915
0.899
0.930
0.922
0.948
0.920
0.936
0.886
0.926
0.937
0.973
0.967
0.973
0.960
0.938
0.925
0.961
0.939
0.938
0.913
0.889
0.917
0.906
0.906
0.872
0.966
0.935
0.908
0.922
0.840
0.916
0.932
0.940
0.962
0.926
0.921
0.846
0.915
0.918
0.960
0.930
0.890
0.905
0.909
0.959
0.919
0.925
0.976
0.927
0.936
0.951
0.952
0.922
0.953
0.925
0.905
0.916
0.914
0.953
0.941
0.934
0.960
0.931
0.914
0.949
0.947
0.974
0.945
0.980
0.960
0.899
0.976
0.918
0.886
0.916
0.896
0.881
0.803
0.690
0.747
0.874
0.919
0.950
0.919
0.938
0.937
0.918
0.925
0.940
0.955
0.942
0.943
0.961
0.976
0.936
0.929
0.927
0.966
0.977
0.894
0.962
0.920
0.892
0.911
0.958
0.925
0.918
0.949
0.902
0.947
0.971
0.926
0.916
0.936
0.891
0.944
0.905
0.906
0.857
0.978
0.944
0.939
0.955
0.872
0.850
0.908
0.853
0.759
0.885
0.940
0.904
0.950
0.926
0.961
0.902
0.942
0.941
0.945
0.971
0.980
0.977
0.910
0.971
0.947
0.901
0.918
0.953
0.927
0.899
0.931
0.906
0.869
0.885
0.912
0.932
0.849
0.906
0.908
0.946
0.876
0.891
0.970
0.940
0.941
0.932
0.867
0.927
0.916
0.948
0.959
0.965
0.963
0.945
0.959
0.967
0.959
0.955
0.966
0.899
0.938
0.958
0.948
0.967
0.967
0.843
0.766
0.815
0.877
0.838
0.923
0.959
0.913
0.920
0.880
0.940
0.889
0.907
0.894
0.877
0.869
0.931
0.906
0.947
0.888
0.941
0.963
0.909
0.922
0.914
0.908
0.939
0.946
0.925
0.935
0.829
0.813
0.852
0.834
0.908
0.873
0.912
0.951
0.969
0.959
0.959
0.930
0.906
0.908
0.905
0.910
0.929
0.941
0.950
0.968
0.958
0.919
0.916
0.974
0.960
0.963
0.933
0.945
0.952
0.974
0.915
0.963
0.937
0.942
0.897
0.900
0.799
0.879
0.938
0.919
0.974
0.929
0.899
0.912
0.972
0.902
0.903
0.973
0.947
0.907
0.924
0.927
0.916
0.890
0.908
0.916
0.961
0.889
0.978
0.891
0.962
0.931
0.916
0.956
0.910
0.942
0.922
0.915
0.946
0.941
0.942
0.842
0.872
0.902
0.917
0.892
0.966
0.930
0.937
0.945
0.952
0.925
0.904
0.891
0.872
0.876
0.842
0.857
0.936
0.903
0.926
0.900
0.905
0.880
0.897
0.872
0.865
0.903
0.903
0.893
0.910
0.966
0.878
0.957
0.915
0.963
0.913
0.896
0.937
0.928
0.903
0.925
0.914
0.947
0.907
0.887
0.888
0.891
0.935
0.904
0.861
0.884
0.855
0.833
0.831
0.844
0.790
0.828
0.869
0.891
0.854
0.848
0.883
0.861
0.871
0.861
0.851
0.836
0.840
0.861
0.924
0.934
0.868
0.878
0.886
0.833
0.873
0.801
0.795
0.833
0.799
0.807
0.894
0.905
0.962
0.922
0.943
0.934
0.934
0.948
0.931
0.865
0.879
0.884
0.920
0.913
0.909
0.881
0.891
0.938
0.935
0.854
0.896
0.883
0.866
0.880
0.897
0.965
0.862
0.974
0.908
0.953
0.905
0.926
0.935
0.934
0.897
0.914
0.949
0.938
0.950
0.931
0.977
0.939
0.969
0.907
0.932
0.967
0.917
0.928
0.960
0.949
0.936
0.912
0.903
0.942
0.948
0.964
0.969
0.897
0.922
0.970
0.898
0.974
0.941
0.963
0.898
0.942
0.938
0.946
0.978
0.917
0.959
0.900
0.940
0.968
0.957
0.959
0.904
0.917
0.954
0.938
0.897
0.909
0.885
0.920
0.974
0.866
0.961
0.938
0.930
0.976
0.918
0.958
0.938
0.949
0.973
0.943
0.946
0.974
0.947
0.964
0.929
0.926
0.924
0.868
0.866
0.903
0.913
0.928
0.934
0.882
0.888
0.868
0.897
0.895
0.901
0.897
0.892
0.855
0.869
0.915
0.930
0.893
0.853
0.895
0.907
0.934
0.909
0.959
0.939
0.831
0.883
0.947
0.953
0.958
0.953
0.959
0.949
0.947
0.964
0.914
0.935
0.903
0.906
0.935
0.956
0.948
0.973
0.917
0.934
0.890
0.854
0.796
0.923
0.839
0.810
0.851
0.870
0.862
0.885
0.896
0.943
0.847
0.815
0.794
0.783
0.759
0.809
0.843
0.898
0.867
0.871
0.923
0.866
0.928
0.898
0.902
0.893
0.968
0.897
0.825
0.796
0.844
0.795
0.849
0.863
0.891
0.896
0.932
0.897
0.896
0.892
0.897
0.966
0.877
0.813
0.899
0.897
0.950
0.959
0.858
0.898
0.952
0.959
0.907
0.903
0.935
0.907
0.840
0.892
0.944
0.971
0.936
0.964
0.934
0.931
0.785
0.856
0.973
0.905
0.806
0.875
0.846
0.881
0.908
0.914
0.910
0.925
0.965
0.886
0.888
0.926
0.932
0.886
0.885
0.942
0.910
0.864
0.965
0.943
0.950
0.971
0.885
0.889
0.958
0.935
0.967
0.927
0.960
0.954
0.949
0.955
0.949
0.882
0.971
0.945
0.919
0.919
0.921
0.926
0.927
0.919
0.923
0.917
0.950
0.961
0.976
0.869
0.923
0.939
0.902
0.893
0.953
0.890
0.973
0.932
0.922
0.883
0.929
0.945
0.871
0.951
0.962
0.959
0.925
0.952
0.891
0.912
0.886
0.870
0.864
0.882
0.886
0.910
0.924
0.928
0.956
0.960
0.949
0.943
0.957
0.926
0.917
0.931
0.936
0.917
0.937
0.956
0.942
0.939
0.935
0.908
0.929
0.922
0.956
0.933
0.927
0.922
0.932
0.893
0.905
0.897
0.873
0.913
0.831
0.850
0.845
0.862
0.829
0.862
0.816
0.866
0.850
0.857
0.854
0.867
0.838
0.854
0.898
0.923
0.953
0.907
0.934
0.872
0.863
0.902
0.937
0.911
0.940
0.926
0.915
0.852
0.877
0.825
0.788
0.713
0.781
0.884
0.875
0.866
0.867
0.821
0.865
0.788
0.797
0.789
0.881
0.830
0.831
0.786
0.828
0.802
0.790
0.791
0.786
0.897
0.810
0.867
0.838
0.875
0.805
0.795
0.824
0.795
0.800
0.928
0.863
0.954
0.936
0.920
0.960
0.938
0.953
0.944
0.964
0.909
0.915
0.933
0.929
0.918
0.919
0.912
0.933
0.941
0.910
0.864
0.908
0.829
0.921
0.882
0.936
0.904
0.867
0.904
0.835
0.958
0.879
0.927
0.931
0.920
0.873
0.845
0.813
0.846
0.840
0.910
0.924
0.950
0.958
0.910
0.906
0.934
0.939
0.895
0.938
0.923
0.910
0.932
0.927
0.949
0.952
0.925
0.959
0.881
0.922
0.937
0.898
0.971
0.962
0.903
0.923
0.908
0.916
0.963
0.920
0.952
0.937
0.943
0.950
0.898
0.908
0.908
0.917
0.890
0.962
0.906
0.963
0.944
0.895
0.879
0.898
0.912
0.950
0.880
0.898
0.874
0.898
0.927
0.849
0.905
0.924
0.971
0.894
0.904
0.900
0.904
0.920
0.844
0.875
0.896
0.957
0.946
0.893
0.881
0.872
0.907
0.860
0.864
0.850
0.880
0.892
0.874
0.865
0.852
0.862
0.855
0.890
0.950
0.885
0.831
0.786
0.791
0.830
0.845
0.850
0.813
0.857
0.933
0.886
0.873
0.835
0.962
0.813
0.925
0.865
0.947
0.839
0.851
0.954
0.844
0.813
0.799
0.858
0.939
0.912
0.886
0.925
0.879
0.856
0.915
0.924
0.925
0.812
0.850
0.924
0.872
0.833
0.877
0.832
0.864
0.877
0.872
0.898
0.806
0.809
0.800
0.798
0.892
0.844
0.854
0.823
0.875
0.864
0.849
0.868
0.951
0.944
0.880
0.768
0.855
0.818
0.761
0.894
0.894
0.900
0.823
0.878
0.871
0.893
0.854
0.827
0.801
0.833
0.885
0.967
0.871
0.924
0.919
0.929
0.880
0.809
0.804
0.834
0.893
0.909
0.915
0.837
0.930
0.804
0.908
0.917
0.874
0.940
0.901
0.811
0.846
0.920
0.921
0.915
0.958
0.958
0.950
0.918
0.904
0.911
0.918
0.865
0.891
0.835
0.737
0.940
0.957
0.926
0.857
0.835
0.860
0.900
0.858
0.893
0.895
0.907
0.927
0.903
0.960
0.900
0.943
0.975
0.903
0.919
0.901
0.911
0.972
0.917
0.862
0.936
0.912
0.956
0.896
0.903
0.882
0.884
0.857
0.938
0.925
0.883
0.875
0.874
0.867
0.886
0.823
0.838
0.847
0.803
0.877
0.905
0.881
0.794
0.789
0.746
0.799
0.839
0.792
0.868
0.871
0.818
0.821
0.860
0.785
0.814
0.764
0.791
0.853
0.780
0.801
0.814
0.809
0.846
0.883
0.963
0.785
0.886
0.937
0.844
0.801
0.802
0.798
0.841
0.827
0.762
0.750
0.788
0.855
0.857
0.916
0.851
0.847
0.885
0.793
0.808
0.838
0.795
0.795
0.835
0.841
0.855
0.858
0.897
0.853
0.828
0.866
0.929
0.904
0.889
0.822
0.860
0.870
0.865
0.864
0.844
0.857
0.754
0.735
0.840
0.827
0.858
0.914
0.843
0.957
0.843
0.936
0.841
0.872
0.859
0.875
0.870
0.852
0.845
0.832
0.875
0.874
0.870
0.946
0.907
0.967
0.900
0.943
0.858
0.901
0.905
0.887
0.977
0.897
0.922
0.915
0.910
0.935
0.853
0.879
0.886
0.962
0.907
0.906
0.935
0.917
0.902
0.931
0.914
0.911
0.965
0.816
0.888
0.798
0.811
0.851
0.895
0.885
0.907
0.883
0.889
0.949
0.867
0.931
0.876
0.879
0.928
0.947
0.905
0.968
0.851
0.908
0.900
0.920
0.949
0.877
0.914
0.852
0.838
0.953
0.926
0.887
0.915
0.942
0.952
0.922
0.957
0.931
0.918
0.914
0.952
0.953
0.914
0.922
0.942
0.963
0.948
0.894
0.874
0.841
0.940
0.970
0.967
0.890
0.896
0.869
0.802
0.951
0.971
0.948
0.942
0.919
0.906
0.944
0.898
0.948
0.919
0.901
0.911
0.961
0.863
0.930
0.873
0.859
0.867
0.856
0.875
0.871
0.871
0.891
0.936
0.863
0.879
0.835
0.857
0.880
0.889
0.961
0.959
0.915
0.838
0.942
0.955
0.929
0.960
0.924
0.968
0.948
0.919
0.887
0.927
0.975
0.932
0.884
0.854
0.912
0.914
0.877
0.870
0.865
0.833
0.859
0.899
0.965
0.802
0.872
0.885
0.856
0.938
0.884
0.905
0.881
0.888
0.897
0.937
0.960
0.852
0.808
0.882
0.896
0.845
0.882
0.897
0.869
0.752
0.854
0.905
0.943
0.922
0.891
0.950
0.917
0.933
0.883
0.924
0.933
0.902
0.885
0.905
0.934
0.936
0.860
0.812
0.853
0.820
0.847
0.890
0.903
0.911
0.930
0.945
0.936
0.904
0.890
0.868
0.965
0.880
0.825
0.829
0.829
0.878
0.933
0.945
0.938
0.933
0.915
0.954
0.941
0.944
0.911
0.774
0.794
0.912
0.930
0.926
0.891
0.887
0.956
0.958
0.940
0.823
0.838
0.898
0.940
0.911
0.929
0.908
0.914
0.953
0.953
0.952
0.942
0.918
0.916
0.921
0.934
0.939
0.901
0.948
0.956
0.949
0.968
0.829
0.919
0.966
0.924
0.959
0.927
0.964
0.921
0.956
0.939
0.938
0.869
0.953
0.967
0.920
0.943
0.838
0.952
0.830
0.819
0.911
0.874
0.879
0.847
0.880
0.859
0.894
0.868
0.906
0.898
0.871
0.884
0.795
0.904
0.947
0.891
0.899
0.867
0.896
0.858
0.884
0.915
0.943
0.924
0.888
0.894
0.911
0.954
0.959
0.896
0.929
0.933
0.911
0.905
0.949
0.903
0.925
0.860
0.888
0.892
0.904
0.939
0.887
0.936
0.883
0.913
0.913
0.849
0.816
0.860
0.821
0.877
0.886
0.868
0.881
0.863
0.879
0.915
0.884
0.869
0.859
0.869
0.776
0.848
0.799
0.759
0.802
0.852
0.837
0.902
0.925
0.916
0.901
0.882
0.878
0.881
0.914
0.931
0.911
0.928
0.879
0.866
0.845
0.866
0.865
0.920
0.926
0.907
0.932
0.898
0.888
0.885
0.898
0.920
0.892
0.890
0.914
0.938
0.864
0.916
0.916
0.925
0.929
0.931
0.925
0.967
0.939
0.944
0.913
0.953
0.903
0.958
0.902
0.935
0.936
0.945
0.899
0.869
0.904
0.882
0.958
0.967
0.922
0.912
0.919
0.902
0.945
0.887
0.906
0.884
0.923
0.941
0.903
0.906
0.915
0.915
0.957
0.905
0.971
0.837
0.928
0.953
0.939
0.975
0.923
0.930
0.949
0.928
0.936
0.888
0.965
0.905
0.971
0.950
0.954
0.876
0.939
0.908
0.938
0.869
0.847
0.926
0.936
0.912
0.860
0.859
0.890
0.976
0.952
0.942
0.857
0.906
0.911
0.943
0.936
0.964
0.915
0.908
0.973
0.952
0.857
0.908
0.855
0.847
0.906
0.891
0.944
0.926
0.959
0.934
0.900
0.897
0.906
0.941
0.960
0.916
0.947
0.965
0.962
0.942
0.940
0.970
0.942
0.891
0.914
0.915
0.942
0.936
0.950
0.915
0.907
0.920
0.939
0.966
0.875
0.868
0.910
0.953
0.954
0.958
0.878
0.979
0.957
0.951
0.895
0.964
0.895
0.884
0.942
0.911
0.909
0.901
0.972
0.926
0.920
0.917
0.879
0.893
0.828
0.791
0.848
0.878
0.877
0.938
0.965
0.895
0.921
0.874
0.946
0.950
0.902
0.846
0.914
0.874
0.940
0.968
0.938
0.958
0.946
0.967
0.947
0.930
0.943
0.957
0.901
0.918
0.922
0.969
0.968
0.951
0.968
0.927
0.921
0.921
0.967
0.968
0.972
0.915
0.899
0.838
0.932
0.938
0.952
0.962
0.955
0.972
0.966
0.924
0.796
0.889
0.924
0.969
0.966
0.963
0.962
0.956
0.950
0.939
0.936
0.963
0.967
0.953
0.958
0.906
0.914
0.935
0.953
0.944
0.952
0.945
0.909
0.960
0.955
0.952
0.925
0.958
0.967
0.942
0.942
0.874
0.947
0.965
0.957
0.920
0.961
0.950
0.954
0.945
0.953
0.937
0.970
0.920
0.948
0.921
0.847
0.849
0.907
0.950
0.872
0.934
0.909
0.950
0.946
0.962
0.950
0.922
0.918
0.916
0.946
0.921
0.927
0.970
0.973
0.903
0.922
0.946
0.925
0.978
0.960
0.965
0.944
0.946
0.945
0.949
0.960
0.962
0.955
0.942
0.937
0.922
0.970
0.916
0.971
0.904
0.909
0.873
0.931
0.911
0.880
0.904
0.889
0.926
0.908
0.924
0.906
0.949
0.953
0.907
0.906
0.932
0.938
0.931
0.919
0.878
0.918
0.915
0.869
0.913
0.874
0.884
0.883
0.933
0.856
0.863
0.912
0.819
0.764
0.783
0.769
0.752
0.791
0.768
0.852
0.865
0.876
0.893
0.892
0.920
0.904
0.927
0.888
0.878
0.878
0.921
0.852
0.901
0.886
0.897
0.872
0.864
0.852
0.847
0.916
0.926
0.875
0.889
0.942
0.877
0.859
0.864
0.869
0.909
0.826
0.808
0.903
0.912
0.935
0.875
0.918
0.920
0.906
0.859
0.846
0.837
0.854
0.889
0.905
0.897
0.895
0.914
0.893
0.912
0.861
0.883
0.891
0.833
0.880
0.858
0.881
0.865
0.927
0.890
0.897
0.915
0.882
0.890
0.881
0.883
0.917
0.909
0.954
0.958
0.923
0.918
0.947
0.948
0.879
0.939
0.967
0.935
0.932
0.960
0.893
0.964
0.889
0.934
0.879
0.909
0.971
0.960
0.951
0.950
0.956
0.931
0.963
0.971
0.923
0.858
0.878
0.873
0.894
0.915
0.907
0.934
0.961
0.918
0.941
0.924
0.920
0.961
0.918
0.910
0.920
0.944
0.955
0.953
0.941
0.964
0.968
0.956
0.976
0.966
0.939
0.937
0.931
0.935
0.931
0.976
0.936
0.939
0.928
0.925
0.960
0.886
0.915
0.913
0.938
0.960
0.963
0.974
0.945
0.922
0.960
0.938
0.941
0.938
0.913
0.903
0.904
0.918
0.916
0.904
0.915
0.886
0.903
0.841
0.806
0.899
0.894
0.928
0.937
0.954
0.946
0.930
0.939
0.853
0.808
0.816
0.843
0.791
0.809
0.856
0.868
0.826
0.837
0.893
0.895
0.899
0.885
0.848
0.848
0.859
0.948
0.860
0.844
0.840
0.846
0.847
0.892
0.929
0.843
0.896
0.866
0.865
0.836
0.813
0.833
0.840
0.909
0.928
0.937
0.835
0.884
0.874
0.934
0.861
0.866
0.822
0.902
0.841
0.773
0.845
0.795
0.841
0.800
0.781
0.879
0.824
0.797
0.912
0.947
0.890
0.796
0.723
0.765
0.886
0.793
0.876
0.865
0.814
0.916
0.855
0.916
0.912
0.941
0.942
0.963
0.973
0.939
0.936
0.961
0.863
0.717
0.728
0.677
0.880
0.935
0.971
0.886
0.861
0.892
0.901
0.868
0.897
0.914
0.945
0.935
0.909
0.947
0.872
0.948
0.938
0.944
0.919
0.961
0.951
0.937
0.957
0.887
0.887
0.931
0.942
0.964
0.935
0.877
0.943
0.966
0.862
0.918
0.906
0.925
0.968
0.952
0.962
0.924
0.924
0.962
0.967
0.963
0.946
0.974
0.968
0.951
0.958
0.938
0.953
0.941
0.883
0.946
0.952
0.945
0.936
0.968
0.922
0.971
0.973
0.923
0.971
0.944
0.955
0.965
0.955
0.962
0.968
0.893
0.952
0.967
0.961
0.939
0.912
0.929
0.924
0.970
0.940
0.959
0.966
0.923
0.969
0.946
0.917
0.907
0.927
0.930
0.951
0.921
0.976
0.889
0.932
0.957
0.938
0.961
0.924
0.926
0.927
0.940
0.955
0.908
0.933
0.897
0.951
0.957
0.966
0.915
0.914
0.923
0.915
0.948
0.902
0.882
0.866
0.906
0.884
0.915
0.860
0.929
0.940
0.913
0.923
0.973
0.917
0.903
0.936
0.953
0.956
0.943
0.972
0.966
0.933
0.947
0.931
0.945
0.950
0.945
0.955
0.930
0.943
0.962
0.889
0.874
0.883
0.923
0.967
0.897
0.890
0.947
0.927
0.936
0.950
0.970
0.931
0.962
0.928
0.872
0.915
0.946
0.935
0.808
0.895
0.962
0.949
0.911
0.913
0.888
0.850
0.899
0.789
0.865
0.872
0.906
0.962
0.927
0.944
0.910
0.968
0.942
0.952
0.896
0.941
0.936
0.894
0.913
0.908
0.916
0.939
0.914
0.975
0.947
0.900
0.928
0.912
0.933
0.948
0.944
0.965
0.936
0.920
0.908
0.963
0.970
0.910
0.959
0.955
0.897
0.959
0.916
0.819
0.949
0.924
0.965
0.972
0.949
0.962
0.960
0.921
0.926
0.931
0.970
0.925
0.947
0.974
0.909
0.900
0.954
0.906
0.973
0.899
0.964
0.966
0.976
0.902
0.959
0.942
0.879
0.970
0.977
0.896
0.936
0.889
0.967
0.958
0.913
0.855
0.931
0.919
0.974
0.885
0.875
0.938
0.929
0.924
0.939
0.918
0.970
0.948
0.952
0.938
0.941
0.914
0.926
0.854
0.880
0.910
0.912
0.944
0.911
0.787
0.895
0.910
0.970
0.922
0.948
0.943
0.948
0.951
0.970
0.946
0.975
0.896
0.947
0.961
0.926
0.957
0.960
0.947
0.920
0.963
0.961
0.943
0.964
0.968
0.915
0.969
0.963
0.908
0.940
0.876
0.948
0.950
0.971
0.939
0.965
0.894
0.874
0.915
0.883
0.878
0.889
0.904
0.917
0.938
0.895
0.944
0.933
0.925
0.961
0.960
0.955
0.926
0.904
0.890
0.879
0.917
0.866
0.883
0.919
0.947
0.957
0.903
0.933
0.952
0.952
0.934
0.845
0.949
0.963
0.896
0.927
0.867
0.902
0.917
0.891
0.906
0.975
0.938
0.958
0.954
0.922
0.924
0.944
0.877
0.925
0.947
0.950
0.957
0.924
0.824
0.916
0.936
0.888
0.882
0.890
0.882
0.946
0.937
0.916
0.932
0.965
0.959
0.931
0.951
0.931
0.977
0.969
0.945
0.951
0.960
0.949
0.919
0.954
0.925
0.962
0.949
0.954
0.895
0.946
0.945
0.921
0.925
0.861
0.875
0.929
0.927
0.942
0.928
0.917
0.941
0.969
0.972
0.967
0.957
0.961
0.955
0.932
0.913
0.964
0.944
0.963
0.929
0.960
0.948
0.964
0.916
0.956
0.950
0.944
0.919
0.937
0.969
0.955
0.942
0.961
0.961
0.928
0.960
0.953
0.961
0.950
0.970
0.939
0.892
0.957
0.978
0.953
0.941
0.955
0.949
0.949
0.956
0.938
0.965
0.951
0.956
0.861
0.918
0.892
0.876
0.888
0.919
0.916
0.937
0.933
0.961
0.933
0.959
0.972
0.970
0.928
0.935
0.921
0.902
0.917
0.975
0.943
0.940
0.950
0.957
0.950
0.950
0.944
0.953
0.927
0.895
0.951
0.947
0.866
0.921
0.927
0.963
0.946
0.885
0.913
0.896
0.904
0.856
0.832
0.866
0.929
0.847
0.886
0.878
0.892
0.953
0.932
0.975
0.911
0.913
0.940
0.897
0.920
0.920
0.935
0.962
0.921
0.921
0.960
0.950
0.959
0.934
0.911
0.867
0.913
0.890
0.896
0.930
0.918
0.920
0.886
0.930
0.936
0.919
0.928
0.928
0.949
0.931
0.950
0.914
0.947
0.915
0.950
0.951
0.904
0.969
0.932
0.952
0.928
0.952
0.943
0.921
0.916
0.925
0.896
0.892
0.924
0.893
0.905
0.887
0.915
0.910
0.957
0.893
0.890
0.892
0.922
0.963
0.942
0.924
0.942
0.885
0.900
0.879
0.932
0.950
0.949
0.967
0.965
0.965
0.929
0.954
0.967
0.971
0.908
0.888
0.909
0.930
0.981
0.969
0.918
0.940
0.957
0.943
0.922
0.952
0.917
0.957
0.951
0.948
0.894
0.928
0.909
0.964
0.969
0.971
0.978
0.907
0.918
0.884
0.953
0.962
0.931
0.885
0.872
0.966
0.967
0.960
0.968
0.932
0.943
0.868
0.867
0.821
0.847
0.801
0.778
0.873
0.933
0.973
0.922
0.891
0.959
0.951
0.977
0.949
0.969
0.931
0.945
0.913
0.941
0.927
0.936
0.944
0.962
0.952
0.954
0.927
0.937
0.935
0.900
0.923
0.876
0.895
0.914
0.869
0.881
0.880
0.915
0.893
0.889
0.976
0.953
0.888
0.861
0.935
0.912
0.932
0.909
0.949
0.923
0.874
0.959
0.963
0.934
0.914
0.895
0.928
0.894
0.962
0.916
0.963
0.943
0.914
0.929
0.899
0.904
0.909
0.909
0.973
0.973
0.895
0.899
0.906
0.893
0.888
0.928
0.902
0.941
0.955
0.888
0.862
0.888
0.814
0.911
0.920
0.933
0.898
0.942
0.917
0.946
0.946
0.970
0.897
0.893
0.946
0.904
0.892
0.950
0.912
0.894
0.931
0.923
0.910
0.942
0.956
0.911
0.921
0.898
0.774
0.819
0.821
0.901
0.911
0.875
0.903
0.884
0.853
0.937
0.973
0.971
0.933
0.907
0.910
0.817
0.841
0.821
0.761
0.858
0.923
0.895
0.834
0.838
0.865
0.923
0.906
0.817
0.947
0.924
0.916
0.914
0.942
0.924
0.917
0.928
0.920
0.939
0.945
0.922
0.954
0.940
0.948
0.955
0.967
0.912
0.932
0.965
0.959
0.973
0.887
0.923
0.884
0.859
0.907
0.895
0.943
0.890
0.890
0.876
0.871
0.901
0.890
0.868
0.896
0.910
0.881
0.901
0.855
0.918
0.917
0.933
0.932
0.894
0.865
0.875
0.915
0.900
0.884
0.944
0.908
0.893
0.923
0.977
0.916
0.963
0.935
0.942
0.962
0.837
0.950
0.906
0.901
0.974
0.924
0.895
0.957
0.925
0.878
0.941
0.892
0.941
0.942
0.944
0.914
0.907
0.933
0.899
0.936
0.934
0.926
0.941
0.960
0.972
0.910
0.911
0.891
0.896
0.860
0.834
0.832
0.802
0.839
0.817
0.877
0.885
0.878
0.847
0.854
0.857
0.841
0.870
0.867
0.875
0.868
0.873
0.825
0.838
0.789
0.670
0.687
0.717
0.829
0.840
0.880
0.791
0.854
0.935
0.824
0.909
0.763
0.862
0.824
0.799
0.800
0.807
0.685
0.795
0.764
0.863
0.795
0.843
0.790
0.826
0.857
0.889
0.922
0.843
0.803
0.850
0.848
0.870
0.882
0.880
0.895
0.778
0.802
0.872
0.885
0.888
0.892
0.907
0.891
0.911
0.927
0.960
0.920
0.871
0.908
0.903
0.880
0.901
0.865
0.826
0.879
0.835
0.925
0.930
0.946
0.930
0.936
0.957
0.938
0.928
0.906
0.931
0.887
0.903
0.839
0.878
0.933
0.963
0.867
0.936
0.899
0.876
0.914
0.886
0.919
0.878
0.875
0.950
0.867
0.919
0.885
0.922
0.939
0.846
0.922
0.958
0.926
0.951
0.886
0.922
0.926
0.929
0.940
0.842
0.871
0.918
0.924
0.913
0.907
0.891
0.916
0.915
0.926
0.931
0.940
0.902
0.959
0.924
0.951
0.944
0.851
0.818
0.875
0.912
0.916
0.901
0.833
0.911
0.957
0.933
0.825
0.872
0.793
0.772
0.909
0.911
0.854
0.933
0.926
0.862
0.895
0.875
0.852
0.872
0.826
0.883
0.873
0.884
0.901
0.915
0.833
0.734
0.801
0.862
0.800
0.830
0.891
0.823
0.762
0.759
0.806
0.810
0.844
0.828
0.769
0.782
0.612
0.688
0.670
0.655
0.679
0.798
0.886
0.854
0.882
0.801
0.735
0.738
0.734
0.850
0.854
0.903
0.910
0.855
0.824
0.833
0.803
0.824
0.863
0.817
0.862
0.821
0.757
0.876
0.717
0.660
0.867
0.813
0.720
0.673
0.890
0.837
0.889
0.867
0.893
0.915
0.917
0.770
0.825
0.942
0.885
0.804
0.825
0.787
0.861
0.811
0.858
0.928
0.826
0.871
0.765
0.812
0.779
0.854
0.853
0.911
0.928
0.912
0.815
0.873
0.849
0.812
0.846
0.860
0.898
0.783
0.747
0.778
0.748
0.827
0.923
0.940
0.772
0.790
0.846
0.905
0.899
0.889
0.947
0.851
0.898
0.952
0.723
0.785
0.889
0.923
0.699
0.619
0.689
0.901
0.961
0.850
0.895
0.844
0.869
0.944
0.912
0.882
0.822
0.937
0.795
0.901
0.871
0.910
0.883
0.950
0.880
0.976
0.851
0.872
0.927
0.927
0.924
0.968
0.798
0.876
0.928
0.899
0.971
0.905
0.968
0.970
0.886
0.850
0.885
0.876
0.898
0.971
0.955
0.852
0.900
0.897
0.908
0.878
0.847
0.840
0.938
0.892
0.922
0.940
0.924
0.920
0.963
0.927
0.915
0.956
0.902
0.882
0.967
0.937
0.929
0.923
0.930
0.904
0.929
0.903
0.953
0.882
0.896
0.862
0.889
0.887
0.922
0.944
0.867
0.909
0.917
0.877
0.945
0.943
0.948
0.942
0.917
0.882
0.910
0.928
0.875
0.855
0.857
0.856
0.893
0.944
0.958
0.928
0.942
0.950
0.966
0.927
0.936
0.929
0.888
0.895
0.901
0.929
0.943
0.927
0.946
0.905
0.934
0.916
0.962
0.909
0.963
0.938
0.936
0.931
0.927
0.945
0.919
0.917
0.911
0.905
0.880
0.970
0.904
0.935
0.921
0.960
0.952
0.941
0.921
0.911
0.930
0.918
0.912
0.926
0.919
0.947
0.958
0.946
0.933
0.920
0.952
0.969
0.960
0.918
0.916
0.914
0.933
0.919
0.936
0.919
0.973
0.953
0.931
0.954
0.962
0.941
0.959
0.945
0.965
0.870
0.909
0.946
0.922
0.920
0.949
0.938
0.908
0.950
0.942
0.964
0.976
0.956
0.945
0.892
0.971
0.933
0.967
0.928
0.945
0.954
0.971
0.950
0.943
0.952
0.971
0.955
0.958
0.917
0.929
0.912
0.928
0.936
0.941
0.964
0.971
0.974
0.976
0.880
0.921
0.938
0.930
0.886
0.760
0.838
0.931
0.973
0.955
0.961
0.963
0.971
0.935
0.929
0.978
0.979
0.928
0.958
0.939
0.902
0.928
0.960
0.970
0.934
0.950
0.965
0.961
0.972
0.946
0.958
0.931
0.940
0.969
0.920
0.970
0.957
0.927
0.858
0.835
0.863
0.841
0.902
0.957
0.896
0.856
0.877
0.906
0.957
0.832
0.846
0.851
0.944
0.935
0.971
0.935
0.958
0.952
0.933
0.938
0.921
0.947
0.955
0.896
0.871
0.930
0.879
0.966
0.924
0.945
0.917
0.888
0.944
0.931
0.949
0.942
0.941
0.937
0.862
0.942
0.970
0.953
0.977
0.918
0.837
0.908
0.823
0.778
0.843
0.885
0.938
0.917
0.913
0.969
0.938
0.956
0.962
0.932
0.946
0.930
0.914
0.925
0.943
0.934
0.951
0.974
0.953
0.947
0.964
0.960
0.934
0.922
0.931
0.961
0.912
0.969
0.915
0.963
0.919
0.926
0.958
0.869
0.933
0.857
0.924
0.895
0.923
0.900
0.900
0.962
0.903
0.930
0.905
0.847
0.912
0.939
0.940
0.870
0.926
0.890
0.934
0.886
0.872
0.884
0.895
0.946
0.961
0.925
0.907
0.852
0.886
0.867
0.918
0.915
0.965
0.937
0.894
0.925
0.939
0.957
0.972
0.879
0.944
0.951
0.959
0.940
0.947
0.904
0.913
0.926
0.956
0.919
0.953
0.960
0.963
0.937
0.977
0.969
0.901
0.924
0.907
0.903
0.914
0.910
0.899
0.919
0.949
0.956
0.948
0.936
0.945
0.957
0.963
0.851
0.968
0.949
0.931
0.930
0.950
0.955
0.847
0.951
0.889
0.810
0.952
0.959
0.935
0.966
0.945
0.933
0.924
0.928
0.918
0.904
0.933
0.906
0.904
0.896
0.898
0.917
0.902
0.919
0.943
0.876
0.849
0.928
0.923
0.935
0.943
0.935
0.963
0.936
0.939
0.925
0.947
0.926
0.945
0.962
0.940
0.976
0.948
0.978
0.926
0.927
0.956
0.958
0.945
0.948
0.946
0.955
0.938
0.953
0.939
0.946
0.930
0.952
0.954
0.925
0.955
0.917
0.913
0.909
0.897
0.876
0.899
0.898
0.849
0.877
0.861
0.897
0.878
0.879
0.908
0.909
0.867
0.879
0.930
0.891
0.907
0.868
0.894
0.878
0.854
0.864
0.853
0.856
0.879
0.963
0.847
0.885
0.942
0.928
0.909
0.899
0.898
0.897
0.900
0.945
0.957
0.879
0.835
0.905
0.857
0.952
0.924
0.943
0.930
0.940
0.917
0.942
0.902
0.952
0.963
0.854
0.884
0.864
0.945
0.913
0.951
0.958
0.928
0.930
0.946
0.925
0.867
0.933
0.966
0.973
0.896
0.948
0.941
0.976
0.943
0.921
0.862
0.944
0.902
0.956
0.932
0.943
0.944
0.915
0.950
0.974
0.961
0.947
0.917
0.949
0.939
0.944
0.865
0.950
0.845
0.837
0.950
0.948
0.960
0.978
0.924
0.909
0.903
0.899
0.934
0.962
0.951
0.937
0.972
0.972
0.931
0.962
0.967
0.965
0.955
0.930
0.911
0.951
0.961
0.940
0.927
0.979
0.973
0.955
0.981
0.977
0.932
0.925
0.968
0.978
0.965
0.926
0.970
0.973
0.974
0.936
0.953
0.891
0.889
0.850
0.892
0.912
0.966
0.937
0.879
0.968
0.965
0.915
0.976
0.921
0.884
0.904
0.932
0.954
0.945
0.930
0.931
0.969
0.959
0.958
0.961
0.937
0.931
0.966
0.928
0.961
0.950
0.957
0.949
0.941
0.901
0.966
0.924
0.839
0.798
0.856
0.856
0.858
0.877
0.907
0.960
0.946
0.909
0.858
0.859
0.873
0.930
0.912
0.895
0.929
0.959
0.935
0.924
0.871
0.902
0.900
0.906
0.879
0.897
0.870
0.884
0.865
0.899
0.925
0.934
0.921
0.862
0.954
0.949
0.957
0.921
0.948
0.942
0.928
0.929
0.895
0.916
0.898
0.864
0.886
0.913
0.895
0.879
0.907
0.941
0.965
0.942
0.963
0.948
0.920
0.933
0.944
0.927
0.939
0.969
0.929
0.949
0.962
0.940
0.943
0.917
0.912
0.944
0.965
0.952
0.929
0.941
0.963
0.970
0.908
0.929
0.942
0.924
0.933
0.950
0.965
0.949
0.947
0.933
0.972
0.938
0.949
0.963
0.863
0.872
0.924
0.869
0.933
0.953
0.967
0.863
0.917
0.924
0.923
0.882
0.904
0.935
0.903
0.930
0.906
0.904
0.923
0.896
0.944
0.904
0.919
0.948
0.948
0.953
0.960
0.933
0.942
0.940
0.935
0.966
0.962
0.924
0.882
0.927
0.935
0.962
0.940
0.968
0.935
0.940
0.933
0.902
0.880
0.976
0.926
0.928
0.959
0.962
0.952
0.918
0.888
0.972
0.919
0.946
0.946
0.926
0.975
0.900
0.896
0.912
0.909
0.947
0.951
0.943
0.960
0.935
0.876
0.974
0.928
0.922
0.936
0.910
0.930
0.948
0.920
0.920
0.938
0.876
0.907
0.919
0.915
0.934
0.931
0.961
0.962
0.938
0.926
0.903
0.949
0.975
0.903
0.926
0.924
0.874
0.912
0.877
0.891
0.925
0.884
0.923
0.885
0.939
0.880
0.920
0.899
0.895
0.914
0.884
0.911
0.893
0.904
0.895
0.910
0.866
0.895
0.965
0.921
0.935
0.902
0.910
0.900
0.879
0.919
0.902
0.935
0.906
0.906
0.888
0.894
0.924
0.928
0.958
0.965
0.857
0.911
0.918
0.931
0.868
0.827
0.846
0.819
0.878
0.844
0.863
0.857
0.868
0.807
0.839
0.828
0.856
0.885
0.904
0.907
0.906
0.920
0.927
0.950
0.915
0.920
0.942
0.935
0.948
0.924
0.914
0.934
0.903
0.950
0.942
0.930
0.962
0.912
0.962
0.954
0.892
0.936
0.908
0.844
0.927
0.965
0.931
0.893
0.919
0.904
0.890
0.950
0.931
0.943
0.971
0.922
0.902
0.915
0.912
0.947
0.896
0.894
0.906
0.916
0.922
0.885
0.886
0.897
0.962
0.898
0.912
0.900
0.906
0.875
0.892
0.923
0.943
0.909
0.928
0.953
0.922
0.870
0.944
0.937
0.948
0.942
0.959
0.948
0.962
0.831
0.927
0.917
0.865
0.853
0.939
0.858
0.879
0.839
0.831
0.851
0.818
0.887
0.914
0.969
0.973
0.978
0.963
0.898
0.888
0.919
0.926
0.904
0.886
0.916
0.887
0.918
0.920
0.911
0.962
0.940
0.917
0.923
0.951
0.938
0.930
0.924
0.924
0.887
0.890
0.882
0.941
0.929
0.962
0.910
0.897
0.937
0.888
0.895
0.878
0.871
0.822
0.934
0.879
0.935
0.931
0.886
0.910
0.838
0.912
0.893
0.862
0.891
0.871
0.941
0.830
0.846
0.885
0.945
0.947
0.939
0.895
0.893
0.879
0.886
0.913
0.959
0.940
0.931
0.969
0.908
0.935
0.901
0.877
0.838
0.881
0.819
0.821
0.866
0.887
0.883
0.886
0.934
0.836
0.855
0.790
0.791
0.837
0.796
0.777
0.760
0.710
0.778
0.859
0.808
0.879
0.889
0.817
0.808
0.829
0.942
0.853
0.853
0.949
0.939
0.976
0.916
0.906
0.925
0.869
0.938
0.955
0.937
0.936
0.902
0.894
0.959
0.974
0.935
0.853
0.885
0.928
0.942
0.964
0.888
0.925
0.932
0.970
0.974
0.915
0.936
0.944
0.897
0.949
0.882
0.925
0.931
0.896
0.944
0.925
0.948
0.885
0.886
0.864
0.881
0.903
0.972
0.922
0.869
0.915
0.945
0.919
0.942
0.945
0.905
0.945
0.851
0.968
0.916
0.890
0.944
0.944
0.925
0.913
0.916
0.891
0.883
0.951
0.869
0.951
0.901
0.943
0.933
0.941
0.916
0.962
0.971
0.892
0.900
0.913
0.955
0.949
0.941
0.979
0.951
0.872
0.943
0.946
0.926
0.978
0.907
0.954
0.949
0.919
0.968
0.907
0.921
0.944
0.922
0.950
0.974
0.903
0.954
0.925
0.935
0.918
0.897
0.884
0.944
0.888
0.869
0.936
0.927
0.940
0.922
0.911
0.934
0.864
0.857
0.965
0.931
0.848
0.892
0.859
0.860
0.764
0.737
0.836
0.895
0.925
0.889
0.867
0.835
0.836
0.890
0.906
0.901
0.912
0.913
0.956
0.951
0.909
0.903
0.966
0.885
0.905
0.901
0.909
0.951
0.961
0.930
0.961
0.849
0.834
0.907
0.889
0.873
0.876
0.859
0.920
0.847
0.839
0.943
0.884
0.909
0.915
0.898
0.911
0.911
0.836
0.804
0.840
0.846
0.890
0.914
0.909
0.878
0.835
0.902
0.870
0.879
0.820
0.825
0.857
0.885
0.932
0.889
0.923
0.872
0.878
0.928
0.858
0.917
0.929
0.939
0.926
0.931
0.876
0.915
0.933
0.904
0.891
0.946
0.965
0.953
0.919
0.919
0.857
0.881
0.940
0.928
0.866
0.914
0.962
0.929
0.965
0.924
0.935
0.949
0.945
0.964
0.945
0.894
0.891
0.885
0.886
0.920
0.903
0.940
0.893
0.906
0.933
0.959
0.882
0.914
0.917
0.950
0.940
0.948
0.880
0.932
0.947
0.953
0.949
0.974
0.907
0.878
0.950
0.964
0.870
0.841
0.964
0.922
0.921
0.842
0.791
0.896
0.959
0.960
0.937
0.925
0.953
0.961
0.964
0.972
0.963
0.929
0.976
0.922
0.971
0.969
0.928
0.961
0.964
0.971
0.958
0.957
0.956
0.963
0.902
0.937
0.964
0.936
0.934
0.874
0.902
0.925
0.930
0.909
0.956
0.976
0.975
0.931
0.966
0.902
0.972
0.971
0.872
0.925
0.942
0.933
0.924
0.957
0.975
0.880
0.940
0.961
0.956
0.976
0.912
0.964
0.948
0.973
0.901
0.934
0.916
0.950
0.898
0.907
0.949
0.959
0.916
0.941
0.876
0.906
0.910
0.891
0.917
0.920
0.905
0.907
0.898
0.880
0.914
0.870
0.899
0.874
0.887
0.923
0.878
0.887
0.823
0.844
0.878
0.848
0.880
0.900
0.901
0.905
0.898
0.846
0.838
0.876
0.748
0.906
0.934
0.897
0.887
0.848
0.921
0.864
0.861
0.843
0.844
0.877
0.930
0.928
0.918
0.842
0.846
0.858
0.892
0.906
0.794
0.845
0.865
0.930
0.883
0.924
0.862
0.828
0.795
0.791
0.809
0.853
0.903
0.918
0.963
0.929
0.872
0.971
0.938
0.936
0.934
0.841
0.843
0.839
0.910
0.937
0.931
0.951
0.902
0.852
0.890
0.937
0.881
0.948
0.903
0.957
0.937
0.936
0.911
0.962
0.862
0.840
0.824
0.848
0.879
0.890
0.921
0.923
0.937
0.902
0.899
0.900
0.960
0.967
0.941
0.961
0.926
0.937
0.954
0.959
0.960
0.941
0.892
0.921
0.879
0.890
0.906
0.895
0.934
0.864
0.879
0.878
0.874
0.831
0.879
0.908
0.942
0.917
0.963
0.945
0.968
0.934
0.976
0.891
0.946
0.956
0.836
0.721
0.728
0.831
0.895
0.918
0.915
0.959
0.914
0.958
0.936
0.894
0.935
0.866
0.942
0.919
0.910
0.948
0.928
0.937
0.910
0.899
0.863
0.923
0.839
0.815
0.789
0.778
0.735
0.736
0.759
0.758
0.807
0.800
0.846
0.817
0.796
0.751
0.841
0.902
0.933
0.957
0.877
0.877
0.877
0.864
0.908
0.919
0.860
0.858
0.837
0.920
0.899
0.910
0.925
0.945
0.904
0.934
0.890
0.910
0.892
0.862
0.892
0.841
0.791
0.848
0.866
0.835
0.856
0.834
0.857
0.864
0.814
0.880
0.858
0.878
0.851
0.838
0.843
0.863
0.838
0.791
0.764
0.782
0.856
0.910
0.933
0.877
0.864
0.893
0.889
0.901
0.935
0.963
0.912
0.962
0.888
0.951
0.905
0.921
0.957
0.913
0.894
0.906
0.910
0.885
0.877
0.910
0.900
0.906
0.914
0.906
0.933
0.957
0.933
0.918
0.904
0.920
0.896
0.899
0.912
0.910
0.942
0.893
0.953
0.897
0.960
0.925
0.877
0.895
0.902
0.876
0.872
0.898
0.940
0.856
0.954
0.899
0.968
0.940
0.881
0.887
0.939
0.927
0.933
0.951
0.894
0.963
0.943
0.960
0.928
0.958
0.881
0.976
0.947
0.857
0.961
0.907
0.909
0.960
0.953
0.971
0.899
0.908
0.912
0.917
0.891
0.913
0.961
0.900
0.943
0.944
0.914
0.915
0.884
0.928
0.888
0.966
0.868
0.926
0.896
0.912
0.893
0.904
0.892
0.901
0.878
0.913
0.883
0.887
0.862
0.865
0.892
0.888
0.884
0.954
0.922
0.937
0.920
0.924
0.899
0.915
0.916
0.940
0.976
0.943
0.828
0.945
0.952
0.918
0.939
0.873
0.880
0.896
0.893
0.892
0.928
0.906
0.871
0.873
0.864
0.849
0.874
0.874
0.813
0.792
0.762
0.726
0.740
0.714
0.780
0.810
0.805
0.869
0.823
0.787
0.847
0.812
0.883
0.865
0.843
0.949
0.893
0.845
0.824
0.828
0.820
0.808
0.776
0.820
0.857
0.883
0.880
0.774
0.778
0.792
0.756
0.850
0.871
0.767
0.847
0.856
0.880
0.858
0.829
0.922
0.841
0.913
0.893
0.953
0.891
0.959
0.875
0.916
0.902
0.921
0.930
0.926
0.948
0.915
0.919
0.932
0.880
0.910
0.874
0.869
0.827
0.860
0.865
0.858
0.870
0.901
0.923
0.960
0.875
0.865
0.866
0.859
0.880
0.716
0.849
0.918
0.891
0.918
0.893
0.893
0.873
0.967
0.940
0.944
0.861
0.801
0.860
0.921
0.924
0.876
0.904
0.925
0.876
0.921
0.936
0.955
0.963
0.854
0.873
0.880
0.847
0.920
0.935
0.967
0.962
0.943
0.918
0.933
0.956
0.882
0.958
0.906
0.903
0.962
0.839
0.917
0.931
0.924
0.936
0.935
0.956
0.919
0.965
0.932
0.893
0.968
0.932
0.944
0.891
0.890
0.935
0.958
0.947
0.914
0.910
0.966
0.940
0.941
0.947
0.879
0.938
0.909
0.953
0.955
0.939
0.949
0.971
0.959
0.896
0.962
0.971
0.894
0.935
0.915
0.924
0.933
0.947
0.961
0.971
0.952
0.925
0.957
0.914
0.950
0.928
0.939
0.929
0.953
0.912
0.887
0.884
0.929
0.883
0.930
0.914
0.826
0.910
0.882
0.930
0.939
0.899
0.942
0.945
0.958
0.929
0.893
0.899
0.871
0.876
0.892
0.919
0.852
0.829
0.863
0.785
0.818
0.862
0.854
0.907
0.885
0.903
0.845
0.903
0.861
0.903
0.903
0.948
0.959
0.902
0.843
0.909
0.896
0.913
0.920
0.897
0.884
0.875
0.903
0.860
0.924
0.858
0.876
0.884
0.875
0.939
0.937
0.895
0.951
0.933
0.906
0.895
0.874
0.918
0.862
0.914
0.898
0.891
0.904
0.856
0.851
0.893
0.896
0.946
0.945
0.957
0.967
0.950
0.934
0.945
0.894
0.928
0.892
0.908
0.932
0.923
0.936
0.958
0.856
0.925
0.977
0.886
0.919
0.964
0.957
0.930
0.942
0.957
0.930
0.948
0.959
0.916
0.967
0.965
0.926
0.966
0.924
0.880
0.893
0.927
0.917
0.957
0.907
0.956
0.977
0.956
0.942
0.963
0.890
0.927
0.943
0.925
0.939
0.943
0.941
0.966
0.920
0.906
0.885
0.801
0.831
0.907
0.941
0.959
0.956
0.964
0.937
0.940
0.960
0.894
0.910
0.941
0.957
0.967
0.966
0.950
0.912
0.909
0.938
0.928
0.952
0.933
0.934
0.977
0.932
0.963
0.914
0.940
0.909
0.858
0.966
0.880
0.825
0.888
0.929
0.884
0.939
0.915
0.943
0.957
0.948
0.950
0.969
0.929
0.889
0.903
0.910
0.894
0.914
0.866
0.937
0.804
0.866
0.930
0.888
0.947
0.861
0.866
0.917
0.821
0.847
0.808
0.858
0.912
0.899
0.924
0.912
0.962
0.922
0.934
0.943
0.907
0.925
0.871
0.962
0.899
0.816
0.831
0.885
0.946
0.938
0.962
0.886
0.855
0.897
0.909
0.888
0.871
0.871
0.872
0.875
0.882
0.882
0.880
0.883
0.843
0.792
0.842
0.810
0.744
0.747
0.848
0.860
0.906
0.883
0.915
0.895
0.832
0.861
0.919
0.927
0.898
0.917
0.962
0.927
0.881
0.931
0.938
0.880
0.909
0.900
0.905
0.889
0.894
0.928
0.925
0.944
0.966
0.878
0.946
0.831
0.842
0.911
0.920
0.945
0.932
0.886
0.891
0.913
0.905
0.918
0.949
0.896
0.912
0.921
0.884
0.893
0.836
0.806
0.755
0.887
0.971
0.916
0.973
0.893
0.865
0.901
0.907
0.947
0.940
0.939
0.942
0.901
0.964
0.943
0.933
0.863
0.916
0.961
0.925
0.954
0.952
0.968
0.940
0.908
0.912
0.867
0.942
0.945
0.903
0.935
0.947
0.930
0.960
0.946
0.911
0.925
0.890
0.901
0.914
0.914
0.915
0.935
0.926
0.901
0.966
0.918
0.952
0.976
0.967
0.921
0.970
0.974
0.913
0.933
0.926
0.930
0.961
0.975
0.970
0.867
0.931
0.941
0.921
0.898
0.928
0.952
0.830
0.906
0.893
0.901
0.925
0.878
0.877
0.844
0.897
0.879
0.870
0.871
0.858
0.874
0.890
0.845
0.825
0.807
0.851
0.857
0.895
0.902
0.859
0.904
0.920
0.903
0.891
0.914
0.923
0.928
0.912
0.934
0.897
0.892
0.876
0.909
0.886
0.951
0.911
0.913
0.860
0.862
0.931
0.910
0.901
0.927
0.934
0.913
0.917
0.879
0.919
0.884
0.922
0.904
0.877
0.777
0.801
0.861
0.868
0.869
0.927
0.851
0.797
0.691
0.825
0.789
0.823
0.816
0.812
0.863
0.896
0.834
0.868
0.936
0.860
0.849
0.870
0.865
0.911
0.909
0.907
0.923
0.884
0.944
0.941
0.906
0.868
0.853
0.864
0.860
0.942
0.888
0.966
0.950
0.952
0.902
0.918
0.944
0.907
0.903
0.936
0.920
0.908
0.876
0.924
0.923
0.906
0.887
0.864
0.885
0.865
0.942
0.944
0.976
0.844
0.973
0.876
0.862
0.903
0.915
0.855
0.965
0.955
0.948
0.886
0.926
0.961
0.940
0.910
0.937
0.898
0.908
0.919
0.925
0.973
0.883
0.951
0.944
0.934
0.957
0.896
0.913
0.944
0.939
0.959
0.896
0.960
0.929
0.953
0.956
0.951
0.925
0.960
0.925
0.912
0.926
0.969
0.869
0.874
0.853
0.871
0.900
0.901
0.927
0.884
0.860
0.928
0.937
0.897
0.907
0.903
0.964
0.923
0.935
0.974
0.924
0.933
0.975
0.931
0.961
0.900
0.936
0.907
0.959
0.926
0.947
0.929
0.945
0.945
0.962
0.887
0.951
0.951
0.954
0.931
0.918
0.942
0.929
0.924
0.922
0.901
0.954
0.897
0.917
0.879
0.908
0.862
0.920
0.916
0.859
0.891
0.919
0.949
0.938
0.941
0.894
0.922
0.936
0.930
0.958
0.959
0.877
0.947
0.910
0.845
0.818
0.880
0.928
0.872
0.821
0.841
0.904
0.951
0.955
0.903
0.872
0.931
0.948
0.962
0.930
0.928
0.904
0.902
0.909
0.841
0.842
0.858
0.963
0.901
0.893
0.958
0.940
0.903
0.956
0.959
0.956
0.921
0.883
0.929
0.959
0.956
0.932
0.935
0.972
0.878
0.906
0.962
0.887
0.952
0.953
0.970
0.972
0.875
0.965
0.939
0.833
0.888
0.866
0.882
0.891
0.868
0.927
0.917
0.938
0.930
0.937
0.941
0.974
0.886
0.837
0.891
0.920
0.892
0.959
0.941
0.914
0.914
0.893
0.936
0.930
0.960
0.871
0.896
0.883
0.966
0.954
0.966
0.903
0.965
0.926
0.908
0.905
0.910
0.879
0.870
0.850
0.950
0.903
0.915
0.862
0.837
0.849
0.819
0.914
0.970
0.957
0.959
0.925
0.919
0.926
0.945
0.908
0.946
0.936
0.956
0.861
0.910
0.926
0.913
0.951
0.920
0.924
0.941
0.953
0.946
0.921
0.942
0.859
0.877
0.879
0.890
0.870
0.910
0.901
0.961
0.931
0.900
0.889
0.945
0.938
0.959
0.935
0.977
0.930
0.952
0.941
0.904
0.890
0.940
0.962
0.940
0.885
0.937
0.935
0.880
0.899
0.914
0.871
0.876
0.936
0.942
0.924
0.923
0.852
0.880
0.871
0.926
0.952
0.931
0.956
0.830
0.872
0.890
0.894
0.904
0.945
0.919
0.906
0.872
0.879
0.874
0.926
0.844
0.969
0.947
0.917
0.935
0.937
0.927
0.947
0.894
0.896
0.868
0.869
0.841
0.825
0.824
0.834
0.845
0.849
0.881
0.871
0.906
0.826
0.895
0.885
0.834
0.874
0.860
0.863
0.839
0.866
0.899
0.923
0.923
0.902
0.975
0.925
0.868
0.851
0.860
0.950
0.949
0.902
0.927
0.931
0.887
0.907
0.896
0.927
0.902
0.884
0.883
0.882
0.877
0.874
0.886
0.918
0.877
0.859
0.870
0.883
0.881
0.873
0.947
0.874
0.882
0.859
0.888
0.879
0.940
0.928
0.914
0.894
0.959
0.941
0.920
0.945
0.900
0.942
0.925
0.969
0.961
0.921
0.961
0.912
0.921
0.906
0.884
0.944
0.956
0.947
0.932
0.886
0.906
0.933
0.925
0.895
0.958
0.965
0.967
0.943
0.967
0.953
0.964
0.896
0.966
0.884
0.912
0.947
0.886
0.958
0.968
0.979
0.962
0.975
0.949
0.932
0.954
0.929
0.943
0.933
0.938
0.972
0.889
0.923
0.908
0.935
0.961
0.943
0.940
0.932
0.929
0.935
0.957
0.912
0.889
0.893
0.932
0.842
0.908
0.940
0.946
0.950
0.923
0.916
0.946
0.894
0.908
0.873
0.959
0.910
0.952
0.951
0.956
0.962
0.943
0.951
0.933
0.925
0.970
0.954
0.908
0.968
0.902
0.964
0.957
0.931
0.910
0.908
0.923
0.939
0.938
0.900
0.951
0.949
0.959
0.902
0.858
0.868
0.880
0.895
0.935
0.976
0.911
0.945
0.945
0.936
0.976
0.960
0.957
0.951
0.921
0.904
0.937
0.921
0.927
0.893
0.953
0.933
0.896
0.930
0.929
0.958
0.955
0.922
0.952
0.938
0.969
0.912
0.930
0.942
0.871
0.858
0.883
0.900
0.909
0.938
0.848
0.823
0.820
0.861
0.853
0.927
0.873
0.957
0.850
0.912
0.909
0.947
0.955
0.925
0.859
0.934
0.904
0.952
0.916
0.900
0.919
0.946
0.867
0.898
0.924
0.950
0.945
0.929
0.939
0.949
0.936
0.952
0.837
0.951
0.952
0.936
0.971
0.901
0.937
0.876
0.962
0.942
0.857
0.920
0.966
0.895
0.962
0.956
0.912
0.972
0.881
0.832
0.940
0.926
0.887
0.897
0.940
0.977
0.884
0.920
0.843
0.925
0.968
0.947
0.915
0.962
0.954
0.905
0.936
0.961
0.966
0.932
0.924
0.916
0.947
0.967
0.925
0.897
0.965
0.903
0.967
0.937
0.938
0.945
0.978
0.963
0.924
0.942
0.941
0.904
0.926
0.956
0.934
0.914
0.969
0.929
0.964
0.933
0.901
0.925
0.897
0.926
0.903
0.940
0.945
0.881
0.921
0.927
0.943
0.930
0.974
0.980
0.947
0.944
0.959
0.959
0.940
0.956
0.924
0.931
0.921
0.933
0.912
0.880
0.898
0.867
0.889
0.939
0.899
0.845
0.901
0.892
0.891
0.844
0.831
0.761
0.787
0.771
0.760
0.823
0.784
0.811
0.878
0.796
0.900
0.849
0.841
0.826
0.845
0.838
0.847
0.824
0.844
0.845
0.841
0.838
0.815
0.843
0.944
0.869
0.859
0.921
0.913
0.951
0.925
0.901
0.872
0.852
0.868
0.898
0.813
0.845
0.832
0.856
0.891
0.882
0.924
0.892
0.935
0.933
0.877
0.874
0.912
0.959
0.906
0.908
0.907
0.910
0.891
0.876
0.860
0.955
0.931
0.956
0.855
0.916
0.902
0.917
0.924
0.870
0.900
0.895
0.929
0.864
0.851
0.956
0.923
0.923
0.913
0.889
0.949
0.943
0.891
0.963
0.902
0.929
0.836
0.967
0.946
0.906
0.895
0.917
0.899
0.946
0.823
0.842
0.865
0.888
0.894
0.885
0.964
0.925
0.952
0.928
0.891
0.915
0.925
0.914
0.940
0.958
0.919
0.893
0.897
0.920
0.910
0.919
0.760
0.763
0.805
0.809
0.845
0.947
0.957
0.953
0.907
0.918
0.974
0.902
0.933
0.941
0.856
0.931
0.895
0.935
0.971
0.938
0.956
0.944
0.803
0.964
0.968
0.872
0.930
0.932
0.956
0.818
0.889
0.959
0.907
0.975
0.926
0.952
0.929
0.911
0.956
0.936
0.961
0.903
0.970
0.883
0.961
0.947
0.903
0.944
0.932
0.953
0.911
0.924
0.969
0.881
0.920
0.910
0.850
0.912
0.939
0.925
0.905
0.924
0.914
0.975
0.911
0.945
0.938
0.949
0.954
0.953
0.970
0.893
0.895
0.910
0.874
0.891
0.852
0.848
0.879
0.938
0.890
0.912
0.900
0.867
0.838
0.870
0.890
0.894
0.903
0.878
0.934
0.947
0.944
0.950
0.914
0.875
0.889
0.951
0.900
0.930
0.973
0.872
0.894
0.837
0.869
0.853
0.838
0.814
0.812
0.858
0.816
0.818
0.825
0.788
0.842
0.866
0.842
0.843
0.882
0.893
0.963
0.905
0.755
0.921
0.860
0.873
0.856
0.771
0.813
0.757
0.795
0.865
0.840
0.879
0.890
0.857
0.872
0.923
0.909
0.912
0.894
0.920
0.885
0.947
0.954
0.912
0.944
0.932
0.865
0.893
0.917
0.808
0.912
0.949
0.942
0.916
0.936
0.942
0.923
0.949
0.921
0.928
0.928
0.976
0.943
0.965
0.957
0.936
0.944
0.890
0.915
0.933
0.945
0.893
0.893
0.878
0.947
0.971
0.935
0.926
0.935
0.939
0.958
0.919
0.973
0.921
0.922
0.909
0.912
0.886
0.888
0.961
0.941
0.951
0.896
0.941
0.950
0.937
0.956
0.921
0.954
0.975
0.910
0.969
0.941
0.945
0.887
0.956
0.877
0.941
0.912
0.953
0.936
0.971
0.883
0.923
0.961
0.860
0.965
0.976
0.951
0.971
0.960
0.975
0.918
0.951
0.944
0.943
0.960
0.962
0.935
0.943
0.943
0.934
0.897
0.887
0.944
0.908
0.883
0.926
0.933
0.905
0.938
0.889
0.894
0.902
0.906
0.940
0.920
0.867
0.887
0.922
0.893
0.862
0.890
0.859
0.810
0.810
0.792
0.802
0.840
0.878
0.859
0.947
0.916
0.899
0.891
0.893
0.914
0.898
0.923
0.915
0.904
0.932
0.935
0.939
0.964
0.952
0.915
0.908
0.955
0.880
0.888
0.880
0.848
0.845
0.882
0.872
0.899
0.888
0.912
0.921
0.922
0.944
0.962
0.920
0.925
0.902
0.928
0.895
0.902
0.919
0.872
0.918
0.959
0.910
0.919
0.932
0.926
0.895
0.965
0.928
0.949
0.906
0.905
0.910
0.944
0.920
0.910
0.908
0.899
0.960
0.909
0.873
0.864
0.952
0.939
0.898
0.892
0.926
0.922
0.971
0.949
0.889
0.892
0.883
0.959
0.930
0.931
0.942
0.935
0.938
0.971
0.926
0.947
0.865
0.876
0.959
0.976
0.870
0.919
0.902
0.890
0.911
0.879
0.963
0.973
0.887
0.977
0.970
0.948
0.896
0.926
0.910
0.965
0.971
0.854
0.947
0.894
0.936
0.881
0.954
0.897
0.868
0.973
0.936
0.977
0.964
0.964
0.966
0.878
0.940
0.939
0.922
0.912
0.909
0.946
0.968
0.920
0.909
0.936
0.974
0.937
0.943
0.959
0.931
0.939
0.905
0.964
0.978
0.933
0.942
0.937
0.940
0.949
0.941
0.957
0.919
0.948
0.896
0.888
0.929
0.896
0.806
0.928
0.957
0.897
0.884
0.947
0.879
0.921
0.917
0.938
0.883
0.874
0.956
0.886
0.926
0.937
0.924
0.945
0.954
0.942
0.944
0.955
0.966
0.950
0.934
0.952
0.898
0.936
0.917
0.865
0.846
0.885
0.906
0.920
0.933
0.958
0.836
0.810
0.868
0.906
0.936
0.959
0.941
0.943
0.937
0.901
0.952
0.906
0.924
0.917
0.933
0.944
0.948
0.972
0.878
0.885
0.965
0.943
0.881
0.864
0.884
0.855
0.869
0.908
0.967
0.911
0.891
0.892
0.910
0.895
0.941
0.924
0.930
0.950
0.824
0.917
0.888
0.863
0.870
0.896
0.882
0.921
0.924
0.964
0.946
0.902
0.834
0.922
0.941
0.850
0.944
0.881
0.917
0.849
0.911
0.923
0.948
0.833
0.880
0.936
0.940
0.866
0.936
0.900
0.947
0.913
0.897
0.886
0.952
0.913
0.905
0.915
0.916
0.965
0.952
0.869
0.882
0.955
0.840
0.846
0.792
0.816
0.911
0.944
0.954
0.835
0.937
0.894
0.864
0.838
0.865
0.875
0.946
0.904
0.910
0.897
0.923
0.973
0.933
0.924
0.933
0.899
0.900
0.948
0.846
0.935
0.895
0.945
0.962
0.852
0.904
0.889
0.929
0.918
0.894
0.946
0.948
0.888
0.958
0.901
0.896
0.874
0.936
0.915
0.927
0.893
0.930
0.937
0.965
0.886
0.961
0.939
0.876
0.845
0.919
0.947
0.941
0.896
0.955
0.921
0.943
0.906
0.910
0.931
0.933
0.930
0.920
0.932
0.904
0.893
0.925
0.909
0.918
0.954
0.934
0.924
0.919
0.942
0.891
0.947
0.959
0.960
0.919
0.924
0.935
0.915
0.886
0.914
0.904
0.918
0.937
0.908
0.944
0.956
0.885
0.906
0.954
0.939
0.918
0.927
0.954
0.946
0.923
0.908
0.974
0.855
0.907
0.839
0.919
0.869
0.925
0.826
0.888
0.898
0.872
0.933
0.880
0.938
0.899
0.936
0.971
0.882
0.941
0.917
0.898
0.897
0.917
0.886
0.929
0.914
0.881
0.909
0.895
0.916
0.934
0.963
0.900
0.944
0.971
0.927
0.958
0.908
0.945
0.933
0.967
0.894
0.929
0.927
0.972
0.933
0.923
0.932
0.941
0.942
0.807
0.917
0.923
0.924
0.931
0.928
0.880
0.897
0.903
0.925
0.906
0.954
0.955
0.898
0.972
0.912
0.873
0.873
0.949
0.942
0.872
0.911
0.959
0.943
0.953
0.870
0.944
0.946
0.954
0.920
0.842
0.943
0.897
0.957
0.925
0.956
0.943
0.898
0.889
0.951
0.919
0.928
0.927
0.937
0.975
0.978
0.934
0.974
0.952
0.969
0.927
0.872
0.957
0.946
0.911
0.922
0.927
0.948
0.953
0.822
0.915
0.978
0.920
0.955
0.946
0.937
0.920
0.967
0.963
0.960
0.967
0.964
0.967
0.893
0.951
0.926
0.910
0.969
0.971
0.937
0.928
0.942
0.973
0.975
0.910
0.911
0.896
0.946
0.906
0.913
0.908
0.931
0.944
0.921
0.910
0.969
0.912
0.947
0.925
0.938
0.937
0.945
0.942
0.904
0.915
0.971
0.946
0.885
0.927
0.849
0.886
0.954
0.912
0.957
0.926
0.939
0.956
0.897
0.896
0.925
0.964
0.902
0.960
0.936
0.957
0.936
0.935
0.843
0.943
0.960
0.960
0.959
0.957
0.902
0.967
0.924
0.876
0.960
0.849
0.966
0.924
0.951
0.950
0.906
0.831
0.864
0.918
0.966
0.920
0.933
0.906
0.972
0.951
0.954
0.918
0.892
0.959
0.963
0.910
0.943
0.955
0.965
0.970
0.863
0.860
0.874
0.916
0.926
0.930
0.910
0.958
0.972
0.965
0.931
0.909
0.950
0.913
0.915
0.958
0.909
0.921
0.921
0.965
0.953
0.971
0.932
0.961
0.889
0.893
0.917
0.846
0.834
0.958
0.914
0.947
0.947
0.946
0.954
0.943
0.875
0.901
0.863
0.967
0.972
0.945
0.973
0.881
0.875
0.925
0.931
0.791
0.896
0.886
0.918
0.965
0.940
0.970
0.888
0.953
0.942
0.952
0.966
0.957
0.941
0.908
0.944
0.925
0.913
0.921
0.943
0.965
0.911
0.939
0.954
0.944
0.885
0.935
0.963
0.954
0.913
0.941
0.952
0.888
0.848
0.904
0.930
0.855
0.917
0.949
0.865
0.926
0.899
0.925
0.948
0.913
0.923
0.945
0.929
0.938
0.916
0.943
0.949
0.936
0.902
0.961
0.939
0.934
0.960
0.885
0.952
0.863
0.893
0.911
0.959
0.970
0.935
0.942
0.922
0.928
0.972
0.960
0.929
0.964
0.879
0.900
0.956
0.911
0.921
0.965
0.938
0.957
0.942
0.931
0.961
0.909
0.927
0.906
0.937
0.929
0.930
0.922
0.938
0.936
0.956
0.954
0.933
0.923
0.944
0.931
0.936
0.861
0.866
0.915
0.859
0.877
0.863
0.858
0.888
0.882
0.931
0.874
0.948
0.949
0.917
0.907
0.911
0.895
0.928
0.879
0.913
0.860
0.874
0.906
0.893
0.882
0.922
0.969
0.950
0.951
0.937
0.872
0.903
0.923
0.898
0.924
0.942
0.970
0.945
0.963
0.951
0.968
0.890
0.950
0.922
0.966
0.894
0.909
0.932
0.915
0.962
0.968
0.890
0.895
0.925
0.931
0.949
0.891
0.893
0.914
0.955
0.968
0.914
0.911
0.968
0.916
0.941
0.980
0.980
0.896
0.885
0.917
0.928
0.906
0.976
0.970
0.946
0.906
0.917
0.924
0.953
0.899
0.874
0.920
0.952
0.958
0.958
0.874
0.957
0.944
0.915
0.902
0.961
0.922
0.855
0.918
0.969
0.960
0.856
0.965
0.910
0.908
0.901
0.906
0.875
0.913
0.905
0.921
0.937
0.944
0.928
0.906
0.964
0.940
0.930
0.880
0.884
0.931
0.900
0.918
0.913
0.880
0.944
0.969
0.962
0.902
0.962
0.944
0.956
0.929
0.971
0.945
0.936
0.955
0.970
0.909
0.976
0.972
0.921
0.934
0.975
0.955
0.934
0.961
0.916
0.918
0.927
0.913
0.940
0.951
0.940
0.936
0.875
0.948
0.951
0.955
0.898
0.919
0.899
0.962
0.898
0.931
0.967
0.929
0.950
0.959
0.933
0.937
0.946
0.947
0.894
0.893
0.901
0.939
0.857
0.849
0.826
0.831
0.823
0.855
0.827
0.805
0.810
0.859
0.906
0.888
0.842
0.818
0.806
0.822
0.839
0.853
0.813
0.839
0.839
0.850
0.845
0.934
0.927
0.964
0.879
0.879
0.890
0.883
0.857
0.821
0.801
0.773
0.765
0.806
0.900
0.942
0.873
0.906
0.887
0.906
0.931
0.905
0.896
0.967
0.861
0.951
0.878
0.821
0.828
0.906
0.846
0.962
0.920
0.753
0.802
0.907
0.885
0.825
0.882
0.896
0.883
0.820
0.845
0.882
0.887
0.907
0.892
0.939
0.952
0.911
0.853
0.950
0.937
0.908
0.950
0.922
0.879
0.909
0.923
0.900
0.904
0.900
0.841
0.938
0.867
0.883
0.952
0.928
0.971
0.892
0.942
0.971
0.950
0.947
0.906
0.834
0.946
0.937
0.890
0.925
0.845
0.867
0.911
0.889
0.894
0.864
0.880
0.964
0.933
0.881
0.892
0.894
0.873
0.964
0.938
0.884
0.949
0.945
0.857
0.893
0.905
0.912
0.944
0.838
0.919
0.951
0.888
0.865
0.869
0.889
0.918
0.889
0.948
0.940
0.903
0.900
0.928
0.935
0.952
0.969
0.817
0.865
0.959
0.941
0.968
0.862
0.795
0.885
0.950
0.949
0.913
0.951
0.897
0.951
0.893
0.889
0.941
0.964
0.956
0.974
0.900
0.957
0.944
0.939
0.954
0.937
0.931
0.949
0.934
0.910
0.856
0.896
0.921
0.933
0.932
0.960
0.946
0.949
0.935
0.938
0.959
0.922
0.929
0.949
0.957
0.913
0.873
0.894
0.936
0.923
0.940
0.952
0.900
0.967
0.953
0.874
0.891
0.914
0.962
0.933
0.914
0.942
0.919
0.902
0.955
0.923
0.955
0.974
0.958
0.977
0.973
0.889
0.911
0.974
0.885
0.920
0.942
0.977
0.938
0.929
0.927
0.920
0.970
0.949
0.903
0.933
0.946
0.946
0.966
0.942
0.934
0.888
0.948
0.945
0.949
0.950
0.976
0.913
0.969
0.965
0.922
0.921
0.952
0.970
0.968
0.956
0.939
0.968
0.961
0.964
0.883
0.944
0.914
0.959
0.942
0.957
0.951
0.933
0.969
0.942
0.947
0.941
0.919
0.959
0.900
0.917
0.932
0.974
0.977
0.902
0.966
0.925
0.969
0.922
0.968
0.933
0.920
0.939
0.964
0.963
0.963
0.914
0.935
0.922
0.930
0.938
0.961
0.969
0.960
0.943
0.945
0.940
0.925
0.914
0.975
0.943
0.935
0.914
0.960
0.908
0.969
0.895
0.904
0.923
0.939
0.949
0.972
0.890
0.904
0.933
0.960
0.912
0.960
0.973
0.959
0.972
0.963
0.943
0.937
0.961
0.976
0.956
0.926
0.957
0.960
0.928
0.921
0.916
0.959
0.921
0.975
0.900
0.932
0.936
0.965
0.971
0.969
0.917
0.945
0.964
0.974
0.960
0.945
0.943
0.863
0.900
0.881
0.923
0.929
0.964
0.943
0.957
0.920
0.951
0.956
0.927
0.942
0.957
0.951
0.963
0.960
0.962
0.969
0.948
0.976
0.977
0.933
0.985
0.911
0.909
0.967
0.970
0.944
0.966
0.983
0.978
0.957
0.964
0.945
0.978
0.939
0.959
0.964
0.942
0.959
0.956
0.911
0.986
0.932
0.986
0.963
0.980
0.940
0.983
0.954
0.958
0.936
0.959
0.982
0.928
0.942
0.986
0.970
0.896
0.915
0.962
0.916
0.957
0.868
0.955
0.988
0.989
0.945
0.933
0.907
0.902
0.916
0.973
0.986
0.833
0.943
0.964
0.969
0.984
0.987
0.938
0.909
0.939
0.927
0.921
0.972
0.957
0.919
0.883
0.861
0.832
0.771
0.889
0.880
0.957
0.970
0.974
0.987
0.925
0.917
0.924
0.963
0.979
0.910
0.946
0.977
0.971
0.969
0.952
0.943
0.976
0.970
0.936
0.969
0.942
0.944
0.937
0.964
0.984
0.931
0.987
0.929
0.930
0.987
0.899
0.867
0.922
0.936
0.864
0.900
0.860
0.813
0.909
0.980
0.971
0.971
0.975
0.920
0.957
0.980
0.897
0.978
0.970
0.984
0.971
0.948
0.975
0.969
0.971
0.972
0.974
0.985
0.986
0.960
0.914
0.928
0.987
0.944
0.889
0.976
0.948
0.881
0.937
0.950
0.969
0.983
0.986
0.917
0.978
0.985
0.985
0.985
0.951
0.962
0.917
0.972
0.962
0.952
0.965
0.961
0.957
0.967
0.949
0.967
0.953
0.959
0.966
0.980
0.984
0.901
0.941
0.977
0.982
0.981
0.986
0.895
0.894
0.858
0.968
0.985
0.888
0.966
0.926
0.975
0.927
0.971
0.879
0.954
0.980
0.967
0.971
0.980
0.984
0.971
0.963
0.869
0.965
0.960
0.950
0.954
0.953
0.964
0.947
0.915
0.912
0.975
0.984
0.985
0.986
0.947
0.849
0.864
0.968
0.964
0.896
0.964
0.917
0.928
0.904
0.973
0.950
0.976
0.979
0.930
0.980
0.965
0.971
0.942
0.965
0.963
0.962
0.961
0.883
0.927
0.905
0.893
0.964
0.978
0.895
0.956
0.932
0.925
0.918
0.974
0.976
0.965
0.929
0.973
0.962
0.988
0.871
0.924
0.961
0.914
0.963
0.964
0.974
0.987
0.909
0.970
0.882
0.971
0.946
0.982
0.923
0.953
0.963
0.942
0.958
0.971
0.978
0.972
0.974
0.953
0.984
0.966
0.899
0.967
0.980
0.981
0.985
0.967
0.988
0.987
0.968
0.928
0.988
0.954
0.980
0.871
0.868
0.844
0.799
0.864
0.919
0.958
0.967
0.974
0.977
0.975
0.933
0.986
0.909
0.959
0.978
0.986
0.969
0.962
0.942
0.946
0.985
0.988
0.985
0.939
0.985
0.981
0.904
0.988
0.986
0.987
0.988
0.958
0.918
0.986
0.951
0.937
0.945
0.963
0.987
0.987
0.986
0.986
0.987
0.913
0.959
0.980
0.984
0.961
0.985
0.989
0.919
0.977
0.976
0.981
0.987
0.981
0.987
0.980
0.975
0.978
0.987
0.987
0.948
0.961
0.974
0.980
0.972
0.967
0.979
0.967
0.965
0.959
0.979
0.960
0.973
0.972
0.982
0.952
0.988
0.919
0.961
0.975
0.970
0.951
0.962
0.960
0.961
0.970
0.930
0.918
0.988
0.933
0.938
0.945
0.968
0.967
0.926
0.973
0.883
0.969
0.979
0.968
0.979
0.970
0.966
0.973
0.975
0.971
0.986
0.976
0.970
0.970
0.965
0.910
0.940
0.983
0.967
0.953
0.949
0.953
0.940
0.946
0.974
0.908
0.960
0.940
0.921
0.969
0.969
0.972
0.975
0.921
0.970
0.915
0.945
0.941
0.972
0.979
0.923
0.928
0.938
0.958
0.906
0.952
0.892
0.959
0.950
0.965
0.931
0.981
0.936
0.970
0.987
0.920
0.960
0.979
0.969
0.936
0.950
0.961
0.950
0.969
0.949
0.904
0.959
0.970
0.960
0.953
0.969
0.986
0.946
0.975
0.986
0.957
0.929
0.959
0.924
0.814
0.943
0.838
0.884
0.978
0.863
0.911
0.873
0.909
0.941
0.877
0.933
0.869
0.977
0.973
0.955
0.926
0.957
0.957
0.958
0.906
0.971
0.972
0.948
0.950
0.930
0.957
0.965
0.982
0.938
0.976
0.984
0.892
0.944
0.971
0.974
0.986
0.969
0.958
0.943
0.899
0.950
0.958
0.969
0.959
0.940
0.967
0.962
0.943
0.962
0.969
0.959
0.955
0.969
0.959
0.964
0.945
0.950
0.925
0.978
0.978
0.953
0.954
0.976
0.970
0.918
0.937
0.963
0.954
0.952
0.867
0.910
0.960
0.964
0.974
0.914
0.937
0.906
0.969
0.913
0.922
0.969
0.953
0.984
0.959
0.964
0.948
0.965
0.968
0.971
0.931
0.896
0.933
0.924
0.903
0.956
0.939
0.968
0.983
0.934
0.953
0.967
0.965
0.903
0.953
0.963
0.971
0.975
0.980
0.896
0.966
0.954
0.956
0.956
0.955
0.959
0.971
0.977
0.975
0.969
0.962
0.967
0.980
0.972
0.970
0.975
0.972
0.917
0.965
0.957
0.931
0.973
0.951
0.987
0.969
0.947
0.969
0.959
0.975
0.959
0.902
0.938
0.954
0.969
0.959
0.960
0.922
0.928
0.947
0.956
0.932
0.977
0.967
0.968
0.966
0.936
0.975
0.978
0.961
0.966
0.949
0.951
0.957
0.987
0.922
0.975
0.933
0.959
0.933
0.910
0.971
0.938
0.978
0.928
0.986
0.971
0.987
0.910
0.972
0.978
0.966
0.967
0.893
0.978
0.987
0.951
0.978
0.935
0.984
0.878
0.858
0.947
0.982
0.977
0.975
0.956
0.896
0.928
0.977
0.946
0.976
0.969
0.917
0.964
0.972
0.960
0.964
0.960
0.948
0.973
0.970
0.955
0.970
0.933
0.961
0.947
0.979
0.877
0.934
0.982
0.938
0.984
0.983
0.984
0.965
0.970
0.967
0.963
0.950
0.973
0.986
0.971
0.965
0.944
0.888
0.939
0.958
0.901
0.953
0.966
0.965
0.977
0.982
0.966
0.982
0.922
0.987
0.915
0.988
0.946
0.933
0.968
0.982
0.946
0.962
0.966
0.979
0.962
0.968
0.967
0.973
0.970
0.946
0.938
0.912
0.947
0.947
0.941
0.972
0.959
0.906
0.948
0.934
0.983
0.952
0.942
0.952
0.976
0.946
0.966
0.962
0.936
0.939
0.942
0.936
0.976
0.964
0.976
0.973
0.956
0.952
0.967
0.976
0.947
0.962
0.985
0.935
0.966
0.946
0.926
0.980
0.977
0.956
0.937
0.847
0.981
0.954
0.944
0.918
0.974
0.964
0.911
0.959
0.969
0.985
0.975
0.971
0.968
0.968
0.969
0.974
0.984
0.982
0.973
0.963
0.884
0.952
0.974
0.947
0.946
0.977
0.972
0.983
0.975
0.972
0.955
0.960
0.913
0.961
0.982
0.981
0.971
0.978
0.904
0.960
0.955
0.900
0.965
0.963
0.956
0.956
0.973
0.941
0.974
0.983
0.938
0.971
0.957
0.961
0.966
0.962
0.954
0.972
0.972
0.965
0.974
0.976
0.971
0.970
0.980
0.972
0.937
0.917
0.887
0.833
0.883
0.944
0.963
0.958
0.977
0.955
0.980
0.901
0.972
0.965
0.913
0.898
0.963
0.968
0.914
0.929
0.962
0.983
0.972
0.971
0.973
0.944
0.982
0.965
0.933
0.945
0.973
0.968
0.985
0.957
0.977
0.928
0.966
0.977
0.961
0.967
0.963
0.978
0.982
0.886
0.917
0.929
0.972
0.971
0.967
0.972
0.967
0.968
0.972
0.984
0.945
0.959
0.975
0.982
0.969
0.928
0.968
0.969
0.962
0.977
0.968
0.978
0.982
0.964
0.943
0.973
0.983
0.972
0.963
0.966
0.949
0.961
0.977
0.945
0.962
0.947
0.958
0.970
0.971
0.946
0.964
0.948
0.970
0.927
0.970
0.974
0.978
0.971
0.967
0.985
0.958
0.934
0.919
0.934
0.979
0.966
0.930
0.943
0.963
0.972
0.985
0.954
0.974
0.955
0.950
0.970
0.982
0.986
0.961
0.965
0.980
0.962
0.942
0.963
0.973
0.973
0.976
0.937
0.981
0.899
0.952
0.957
0.956
0.983
0.957
0.979
0.968
0.968
0.963
0.966
0.972
0.976
0.960
0.986
0.899
0.961
0.984
0.896
0.962
0.983
0.975
0.955
0.966
0.967
0.964
0.974
0.975
0.981
0.970
0.946
0.955
0.936
0.970
0.971
0.975
0.962
0.978
0.984
0.986
0.971
0.973
0.928
0.963
0.985
0.962
0.953
0.966
0.933
0.943
0.970
0.984
0.921
0.977
0.987
0.965
0.910
0.943
0.914
0.975
0.889
0.931
0.978
0.963
0.890
0.984
0.905
0.964
0.970
0.955
0.981
0.961
0.985
0.987
0.927
0.985
0.903
0.881
0.925
0.980
0.896
0.908
0.948
0.969
0.976
0.975
0.976
0.976
0.974
0.954
0.978
0.986
0.940
0.939
0.949
0.981
0.959
0.977
0.928
0.988
0.973
0.974
0.986
0.959
0.970
0.987
0.958
0.964
0.972
0.985
0.971
0.948
0.977
0.960
0.983
0.961
0.969
0.972
0.972
0.975
0.984
0.919
0.985
0.924
0.984
0.977
0.949
0.914
0.879
0.868
0.919
0.966
0.972
0.972
0.975
0.966
0.984
0.975
0.984
0.989
0.981
0.961
0.933
0.975
0.927
0.958
0.921
0.966
0.942
0.931
0.953
0.965
0.959
0.983
0.986
0.978
0.952
0.985
0.984
0.922
0.937
0.965
0.927
0.985
0.919
0.948
0.984
0.888
0.965
0.949
0.984
0.913
0.937
0.970
0.970
0.973
0.969
0.971
0.975
0.958
0.962
0.956
0.980
0.928
0.979
0.941
0.976
0.964
0.955
0.984
0.925
0.978
0.982
0.913
0.920
0.908
0.955
0.987
0.941
0.983
0.988
0.988
0.935
0.891
0.977
0.979
0.948
0.978
0.966
0.987
0.982
0.939
0.974
0.907
0.933
0.965
0.955
0.976
0.958
0.921
0.953
0.970
0.965
0.945
0.903
0.948
0.965
0.879
0.956
0.964
0.974
0.970
0.972
0.953
0.954
0.977
0.955
0.950
0.983
0.915
0.888
0.941
0.891
0.951
0.958
0.956
0.983
0.875
0.983
0.968
0.903
0.948
0.978
0.983
0.974
0.987
0.914
0.955
0.938
0.967
0.923
0.943
0.982
0.953
0.981
0.939
0.887
0.946
0.951
0.961
0.924
0.955
0.937
0.980
0.924
0.891
0.980
0.967
0.914
0.957
0.965
0.973
0.978
0.909
0.962
0.973
0.974
0.973
0.958
0.946
0.965
0.961
0.964
0.966
0.938
0.937
0.972
0.961
0.977
0.916
0.945
0.962
0.981
0.891
0.913
0.940
0.961
0.962
0.983
0.927
0.964
0.975
0.880
0.942
0.905
0.936
0.930
0.951
0.961
0.946
0.972
0.954
0.896
0.894
0.909
0.901
0.923
0.945
0.961
0.972
0.938
0.922
0.940
0.912
0.951
0.951
0.968
0.956
0.926
0.936
0.964
0.951
0.959
0.950
0.922
0.950
