19790101
0.570
0.577
0.638
0.710
0.728
0.747
0.735
0.717
0.714
0.655
0.633
0.560
0.617
0.650
0.783
0.715
0.671
0.611
0.665
0.583
0.551
0.731
0.686
0.711
0.664
0.525
0.580
0.836
0.758
0.753
0.506
0.606
0.732
0.587
0.457
0.532
0.594
0.550
0.561
0.521
0.548
0.547
0.579
0.470
0.546
0.536
0.636
0.582
0.566
0.442
0.431
0.456
0.474
0.534
0.569
0.629
0.664
0.686
0.804
0.717
0.686
0.647
0.823
0.821
0.812
0.916
0.924
0.901
0.848
0.829
0.858
0.863
0.822
0.825
0.857
0.807
0.852
0.850
0.851
0.876
0.898
0.938
0.931
0.991
0.992
0.878
0.846
0.858
0.850
0.832
0.852
0.826
0.811
0.798
0.802
0.744
0.730
0.734
0.685
0.584
0.549
0.537
0.512
0.560
0.550
0.583
0.576
0.545
0.527
0.603
0.846
0.795
0.778
0.712
0.721
0.888
0.881
0.736
0.865
0.779
0.803
0.676
0.633
0.614
0.594
0.566
0.568
0.546
0.567
0.554
0.592
0.600
0.582
0.558
0.603
0.641
0.675
0.641
0.800
0.677
0.695
0.753
0.760
0.722
0.655
0.633
0.594
0.580
0.649
0.685
0.579
0.567
0.619
0.625
0.598
0.670
0.709
0.620
0.703
0.592
0.563
0.558
0.544
0.557
0.588
0.574
0.542
0.545
0.551
0.545
0.565
0.554
0.545
0.527
0.538
0.556
0.555
0.567
0.582
0.532
0.526
0.530
0.521
0.636
0.677
0.729
0.716
0.509
0.489
0.471
0.502
0.480
0.443
0.484
0.490
0.479
0.491
0.465
0.515
0.511
0.483
0.424
0.438
0.441
0.420
0.436
0.429
0.464
0.451
0.463
0.474
0.479
0.458
0.475
0.502
0.511
0.515
0.500
0.514
0.543
0.531
0.488
0.507
0.513
0.506
0.478
0.476
0.489
0.487
0.485
0.474
0.470
0.483
0.496
0.546
0.602
0.747
0.704
0.561
0.608
0.630
0.571
0.655
0.812
0.721
0.622
0.527
0.575
0.565
0.505
0.594
0.658
0.549
0.493
0.503
0.560
0.624
0.685
0.604
0.519
0.639
0.546
0.538
0.505
0.525
0.530
0.558
0.560
0.534
0.479
0.496
0.472
0.504
0.538
0.587
0.659
0.634
0.677
0.687
0.662
0.666
0.672
0.699
0.701
0.776
0.783
0.771
0.716
0.768
0.804
0.851
0.830
0.839
0.870
0.888
0.857
0.775
0.826
0.836
0.893
0.987
0.925
0.865
0.800
0.840
0.817
0.812
0.863
0.774
0.839
0.776
0.814
0.841
0.699
0.721
0.903
0.811
0.790
0.840
0.847
0.878
0.838
0.877
0.756
0.789
0.810
0.847
0.868
0.883
0.808
0.706
0.671
0.625
0.646
0.623
0.658
0.593
0.607
0.579
0.570
0.533
0.539
0.549
0.543
0.511
0.496
0.538
0.622
0.563
0.568
0.708
0.911
0.944
0.849
0.820
0.840
0.871
0.848
0.786
0.718
0.661
0.632
0.567
0.739
0.708
0.763
0.658
0.632
0.530
0.526
0.537
0.453
0.439
0.451
0.514
0.590
0.703
0.696
0.672
0.818
0.851
0.786
0.749
0.701
0.685
0.540
0.500
0.478
0.573
0.511
0.468
0.446
0.431
0.511
0.569
0.652
0.688
0.681
0.644
0.801
0.828
0.798
0.741
0.650
0.590
0.652
0.599
0.428
0.431
0.414
0.390
0.496
0.570
0.684
0.783
0.753
0.750
0.738
0.649
0.676
0.645
0.614
0.577
0.610
0.587
0.580
0.608
0.794
0.721
0.831
0.779
0.786
0.700
0.648
0.659
0.656
0.431
0.641
0.707
0.710
0.703
0.712
0.792
0.580
0.782
0.450
0.729
0.740
0.730
0.752
0.807
0.497
0.609
0.662
0.472
0.707
0.706
0.745
0.831
0.752
0.483
0.685
0.699
0.711
0.903
0.802
0.781
0.643
0.615
0.820
0.787
0.543
0.534
0.530
0.517
0.504
0.505
0.495
0.533
0.531
0.507
0.616
0.612
0.684
0.563
0.680
0.731
0.729
0.707
0.549
0.575
0.567
0.544
0.527
0.587
0.559
0.520
0.551
0.594
0.629
0.662
0.629
0.575
0.689
0.604
0.544
0.553
0.530
0.550
0.568
0.591
0.594
0.576
0.564
0.525
0.525
0.543
0.646
0.628
0.604
0.582
0.637
0.660
0.650
0.610
0.578
0.579
0.551
0.556
0.563
0.561
0.566
0.556
0.555
0.550
0.514
0.544
0.601
0.582
0.510
0.485
0.460
0.539
0.491
0.493
0.550
0.558
0.503
0.658
0.640
0.652
0.693
0.698
0.719
0.742
0.761
0.769
0.768
0.785
0.783
0.791
0.809
0.794
0.803
0.812
0.812
0.800
0.801
0.807
0.806
0.807
0.791
0.790
0.787
0.803
0.791
0.807
0.778
0.762
0.790
0.772
0.786
0.761
0.776
0.742
0.740
0.732
0.713
0.681
0.696
0.658
0.591
0.569
0.465
0.511
0.525
0.523
0.509
0.510
0.489
0.486
0.473
0.455
0.511
0.542
0.538
0.549
0.448
0.496
0.479
0.533
0.518
0.499
0.523
0.524
0.511
0.493
0.462
0.518
0.513
0.527
0.502
0.490
0.516
0.537
0.488
0.475
0.529
0.534
0.481
0.514
0.512
0.468
0.490
0.499
0.475
0.464
0.623
0.663
0.625
0.577
0.630
0.654
0.750
0.718
0.757
0.762
0.763
0.732
0.711
0.737
0.696
0.721
0.705
0.697
0.799
0.745
0.744
0.745
0.709
0.716
0.717
0.694
0.731
0.727
0.719
0.723
0.813
0.765
0.738
0.730
0.778
0.749
0.768
0.672
0.932
0.807
0.954
0.789
0.774
0.768
0.668
0.620
0.806
0.686
0.760
0.901
0.719
0.627
0.603
0.626
0.577
0.600
0.616
0.605
0.568
0.583
0.618
0.672
0.664
0.729
0.729
0.695
0.618
0.654
0.556
0.510
0.544
0.540
0.528
0.501
0.558
0.526
0.589
0.596
0.617
0.725
0.775
0.794
0.722
0.714
0.646
0.599
0.546
0.565
0.639
0.757
0.854
0.791
0.777
0.820
0.819
0.863
0.757
0.506
0.452
0.516
0.465
0.490
0.506
0.465
0.486
0.706
0.822
0.767
0.575
0.657
0.615
0.687
0.861
0.711
0.758
0.770
0.704
0.693
0.666
0.715
0.534
0.504
0.618
0.492
0.483
0.541
0.480
0.535
0.809
0.727
0.588
0.498
0.502
0.551
0.462
0.521
0.655
0.599
0.678
0.698
0.617
0.581
0.613
0.504
0.546
0.526
0.559
0.648
0.695
0.590
0.563
0.525
0.516
0.509
0.562
0.633
0.643
0.685
0.839
0.773
0.803
0.851
0.860
0.878
0.804
0.831
0.885
0.840
0.873
0.888
0.860
0.864
0.856
0.922
0.862
0.911
0.874
0.853
0.781
0.860
0.831
0.841
0.842
0.765
0.712
0.785
0.755
0.734
0.719
0.692
0.687
0.689
0.632
0.554
0.549
0.565
0.558
0.651
0.707
0.664
0.812
0.671
0.763
0.724
0.704
0.715
0.674
0.683
0.569
0.574
0.664
0.672
0.709
0.707
0.810
0.818
0.805
0.935
0.817
0.810
0.714
0.638
0.949
0.884
0.767
0.711
0.638
0.648
0.624
0.592
0.580
0.631
0.614
0.572
0.574
0.565
0.616
0.619
0.563
0.624
0.611
0.631
0.701
0.656
0.589
0.628
0.569
0.581
0.594
0.567
0.570
0.576
0.758
0.633
0.611
0.651
0.590
0.569
0.546
0.576
0.544
0.570
0.615
0.576
0.576
0.570
0.567
0.582
0.596
0.573
0.560
0.561
0.562
0.554
0.536
0.669
0.668
0.618
0.719
0.748
0.762
0.796
0.775
0.774
0.794
0.802
0.809
0.809
0.812
0.802
0.793
0.815
0.819
0.813
0.887
0.824
0.803
0.811
0.819
0.829
0.833
0.817
0.802
0.807
0.816
0.799
0.798
0.767
0.772
0.782
0.762
0.742
0.736
0.747
0.769
0.720
0.707
0.705
0.693
0.611
0.568
0.523
0.548
0.569
0.552
0.536
0.527
0.536
0.581
0.568
0.580
0.525
0.530
0.484
0.488
0.521
0.556
0.569
0.570
0.506
0.523
0.530
0.547
0.542
0.516
0.525
0.508
0.564
0.509
0.502
0.565
0.541
0.495
0.514
0.494
0.492
0.545
0.456
0.523
0.504
0.489
0.477
0.499
0.513
0.526
0.534
0.506
0.512
0.558
0.687
0.701
0.714
0.698
0.695
0.803
0.787
0.821
0.811
0.842
0.862
0.862
0.844
0.801
0.825
0.773
0.745
0.719
0.705
0.735
0.766
0.799
0.777
0.587
0.761
0.843
0.807
0.916
0.856
0.834
0.748
0.749
0.710
0.621
0.589
0.713
0.706
0.703
0.671
0.692
0.845
0.907
0.946
0.771
0.804
0.788
0.765
0.828
0.817
0.837
0.749
0.770
0.708
0.613
0.636
0.630
0.632
0.791
0.810
0.849
0.692
0.628
0.618
0.720
0.827
0.760
0.600
0.602
0.610
0.703
0.624
0.600
0.618
0.690
0.699
0.740
0.814
0.714
0.724
0.711
0.675
0.697
0.618
0.562
0.526
0.535
0.543
0.594
0.609
0.833
0.653
0.783
0.769
0.794
0.769
0.897
0.884
0.808
0.718
0.717
0.754
0.716
0.645
0.717
0.746
0.687
0.707
0.691
0.431
0.469
0.526
0.659
0.715
0.613
0.567
0.612
0.608
0.562
0.587
0.575
0.511
0.473
0.539
0.569
0.630
0.592
0.587
0.594
0.586
0.539
0.570
0.553
0.554
0.589
0.628
0.756
0.730
0.810
0.845
0.762
0.856
0.860
0.748
0.761
0.750
0.735
0.715
0.648
0.632
0.646
0.651
0.767
0.684
0.715
0.702
0.703
0.748
0.654
0.582
0.517
0.499
0.527
0.587
0.659
0.765
0.815
0.717
0.707
0.669
0.590
0.540
0.533
0.619
0.688
0.910
0.750
0.733
0.668
0.644
0.573
0.582
0.594
0.589
0.608
0.748
0.782
0.789
0.823
0.738
0.750
0.801
0.817
0.729
0.797
0.775
0.796
0.777
0.799
0.824
0.621
0.527
0.532
0.595
0.601
0.574
0.637
0.584
0.632
0.769
0.739
0.606
0.614
0.578
0.574
0.550
0.563
0.566
0.538
0.537
0.499
0.532
0.525
0.514
0.533
0.588
0.559
0.593
0.607
0.552
0.572
0.666
0.561
0.658
0.579
0.601
0.614
0.640
0.560
0.557
0.562
0.551
0.527
0.531
0.526
0.552
0.556
0.550
0.556
0.559
0.580
0.564
0.500
0.538
0.559
0.535
0.533
0.532
0.530
0.494
0.513
0.526
0.533
0.530
0.523
0.521
0.471
0.475
0.506
0.506
0.476
0.484
0.521
0.548
0.529
0.531
0.532
0.517
0.516
0.517
0.510
0.464
0.534
0.535
0.531
0.520
0.488
0.475
0.467
0.482
0.511
0.527
0.487
0.515
0.523
0.521
0.510
0.516
0.604
0.608
0.531
0.521
0.493
0.484
0.496
0.480
0.498
0.462
0.491
0.505
0.500
0.459
0.490
0.482
0.511
0.507
0.487
0.498
0.513
0.504
0.497
0.508
0.518
0.491
0.490
0.491
0.493
0.488
0.497
0.483
0.441
0.432
0.428
0.475
0.500
0.493
0.508
0.494
0.487
0.492
0.480
0.501
0.489
0.488
0.482
0.525
0.530
0.467
0.458
0.460
0.472
0.467
0.452
0.425
0.426
0.438
0.417
0.442
0.519
0.564
0.585
0.598
0.594
0.531
0.579
0.579
0.543
0.551
0.516
0.535
0.562
0.621
0.681
0.652
0.653
0.619
0.665
0.670
0.576
0.546
0.566
0.619
0.714
0.695
0.686
0.623
0.658
0.780
0.662
0.603
0.600
0.641
0.623
0.617
0.584
0.609
0.726
0.818
0.788
0.855
0.786
0.696
0.593
0.617
0.603
0.717
0.751
0.657
0.582
0.531
0.555
0.556
0.532
0.582
0.563
0.552
0.560
0.550
0.578
0.532
0.520
0.670
0.898
0.591
0.499
0.542
0.541
0.541
0.585
0.572
0.534
0.565
0.529
0.567
0.582
0.572
0.567
0.632
0.572
0.493
0.516
0.581
0.567
0.599
0.682
0.611
0.585
0.567
0.519
0.536
0.547
0.596
0.578
0.598
0.529
0.516
0.546
0.597
0.584
0.525
0.542
0.552
0.576
0.569
0.538
0.524
0.570
0.538
0.600
0.572
0.550
0.556
0.525
0.512
0.498
0.510
0.485
0.492
0.504
0.461
0.461
0.485
0.509
0.484
0.467
0.549
0.593
0.536
0.426
0.454
0.507
0.544
0.537
0.610
0.778
0.804
0.751
0.707
0.652
0.650
0.694
0.599
0.501
0.506
0.531
0.528
0.517
0.495
0.504
0.489
0.492
0.489
0.470
0.455
0.500
0.491
0.528
0.551
0.518
0.540
0.585
0.628
0.646
0.646
0.581
0.611
0.571
0.518
0.508
0.482
0.451
0.588
0.784
0.571
0.404
0.444
0.387
0.481
0.523
0.521
0.590
0.644
0.740
0.655
0.645
0.565
0.582
0.518
0.585
0.612
0.504
0.512
0.704
0.593
0.590
0.599
0.604
0.527
0.645
0.574
0.587
0.602
0.548
0.597
0.545
0.560
0.705
0.599
0.585
0.670
0.653
0.687
0.567
0.769
0.850
0.739
0.652
0.639
0.612
0.618
0.564
0.552
0.551
0.512
0.516
0.518
0.511
0.513
0.513
0.543
0.559
0.575
0.653
0.720
0.705
0.866
0.752
0.825
0.755
0.613
0.540
0.575
0.553
0.719
0.643
0.604
0.547
0.542
0.514
0.525
0.510
0.520
0.484
0.539
0.589
0.569
0.500
0.567
0.537
0.529
0.533
0.562
0.594
0.533
0.534
0.503
0.488
0.476
0.536
0.621
0.514
0.493
0.496
0.511
0.510
0.489
0.500
0.520
0.510
0.460
0.480
0.518
0.507
0.523
0.518
0.536
0.526
0.494
0.500
0.510
0.485
0.525
0.524
0.515
0.542
0.491
0.496
0.488
0.465
0.495
0.470
0.426
0.432
0.468
0.505
0.498
0.518
0.527
0.499
0.454
0.463
0.454
0.482
0.484
0.504
0.492
0.469
0.476
0.458
0.457
0.461
0.476
0.462
0.496
0.478
0.480
0.484
0.504
0.489
0.473
0.461
0.457
0.456
0.487
0.461
0.446
0.493
0.476
0.418
0.404
0.472
0.426
0.386
0.424
0.448
0.406
0.405
0.426
0.428
0.452
0.438
0.480
0.490
0.450
0.458
0.431
0.430
0.444
0.437
0.445
0.454
0.409
0.382
0.428
0.436
0.418
0.436
0.454
0.402
0.395
0.416
0.442
0.531
0.530
0.481
0.461
0.460
0.478
0.413
0.440
0.449
0.531
0.692
0.737
0.927
0.793
0.797
0.741
0.836
0.847
0.846
0.808
0.670
0.693
0.782
0.677
0.704
0.703
0.642
0.752
0.751
0.753
0.742
0.781
0.777
0.758
0.734
0.760
0.744
0.751
0.840
0.889
0.729
0.753
0.694
0.711
0.681
0.529
0.507
0.538
0.555
0.521
0.519
0.587
0.508
0.524
0.540
0.601
0.609
0.619
0.692
0.555
0.548
0.602
0.831
0.699
0.784
0.696
0.702
0.615
0.629
0.635
0.623
0.572
0.570
0.598
0.584
0.593
0.652
0.615
0.570
0.581
0.568
0.558
0.552
0.570
0.580
0.554
0.540
0.583
0.590
0.672
0.647
0.651
0.645
0.621
0.798
0.687
0.756
0.726
0.693
0.697
0.700
0.635
0.580
0.461
0.496
0.530
0.534
0.540
0.583
0.634
0.675
0.631
0.607
0.661
0.642
0.626
0.627
0.691
0.676
0.540
0.535
0.569
0.622
0.614
0.690
0.728
0.722
0.799
0.800
0.767
0.756
0.665
0.698
0.766
0.813
0.801
0.871
0.818
0.774
0.787
0.745
0.764
0.712
0.594
0.693
0.778
0.704
0.678
0.730
0.771
0.749
0.679
0.576
0.578
0.579
0.611
0.625
0.711
0.720
0.766
0.682
0.591
0.600
0.712
0.691
0.731
0.773
0.679
0.649
0.515
0.631
0.778
0.789
0.689
0.812
0.713
0.740
0.855
0.783
0.752
0.784
0.690
0.676
0.662
0.595
0.712
0.711
0.630
0.621
0.514
0.629
0.601
0.603
0.675
0.652
0.783
0.725
0.579
0.419
0.555
0.743
0.736
0.813
0.697
0.654
0.695
0.818
0.676
0.765
0.949
0.780
0.625
0.588
0.474
0.404
0.498
0.539
0.537
0.579
0.608
0.684
0.896
0.755
0.741
0.865
0.835
0.811
0.687
0.555
0.601
0.616
0.532
0.576
0.620
0.663
0.627
0.703
0.692
0.581
0.549
0.560
0.586
0.583
0.771
0.660
0.558
0.534
0.602
0.603
0.702
0.543
0.564
0.527
0.545
0.544
0.567
0.536
0.501
0.514
0.534
0.503
0.498
0.503
0.519
0.524
0.511
0.656
0.560
0.511
0.508
0.545
0.528
0.521
0.508
0.519
0.562
0.577
0.521
0.504
0.529
0.529
0.493
0.489
0.498
0.505
0.514
0.523
0.523
0.518
0.525
0.535
0.472
0.495
0.531
0.527
0.513
0.512
0.497
0.515
0.545
0.552
0.546
0.501
0.484
0.496
0.549
0.508
0.486
0.472
0.501
0.523
0.514
0.500
0.498
0.500
0.506
0.503
0.526
0.523
0.517
0.528
0.501
0.506
0.500
0.507
0.533
0.462
0.480
0.513
0.518
0.514
0.496
0.493
0.471
0.500
0.506
0.497
0.480
0.456
0.494
0.488
0.577
0.540
0.499
0.478
0.515
0.497
0.541
0.591
0.483
0.559
0.631
0.797
0.627
0.616
0.688
0.633
0.653
0.519
0.526
0.491
0.504
0.492
0.534
0.542
0.561
0.578
0.653
0.585
0.599
0.676
0.752
0.662
0.582
0.576
0.604
0.660
0.623
0.619
0.599
0.680
0.690
0.631
0.605
0.659
0.636
0.714
0.793
0.878
0.826
0.893
0.979
0.929
0.900
0.883
0.815
0.802
0.894
0.812
0.914
0.962
0.826
0.848
0.829
0.854
0.883
0.872
0.824
0.631
0.595
0.602
0.621
0.581
0.581
0.670
0.643
0.700
0.589
0.575
0.578
0.627
0.607
0.678
0.687
0.641
0.533
0.548
0.553
0.550
0.504
0.543
0.644
0.638
0.609
0.601
0.591
0.682
0.647
0.611
0.640
0.656
0.731
0.642
0.592
0.587
0.569
0.602
0.600
0.574
0.589
0.556
0.560
0.531
0.502
0.549
0.550
0.550
0.547
0.606
0.648
0.698
0.639
0.693
0.646
0.665
0.634
0.685
0.833
0.731
0.827
0.698
0.622
0.611
0.675
0.688
0.772
0.740
0.778
0.726
0.701
0.672
0.702
0.680
0.677
0.645
0.701
0.688
0.706
0.664
0.631
0.528
0.446
0.481
0.535
0.531
0.555
0.532
0.504
0.506
0.494
0.438
0.453
0.452
0.433
0.452
0.447
0.415
0.418
0.455
0.561
0.573
0.532
0.480
0.487
0.535
0.488
0.523
0.491
0.530
0.532
0.543
0.515
0.463
0.487
0.628
0.796
0.724
0.621
0.595
0.659
0.573
0.532
0.655
0.767
0.631
0.639
0.694
0.603
0.517
0.568
0.599
0.656
0.653
0.651
0.747
0.714
0.808
0.804
0.769
0.836
0.669
0.660
0.562
0.572
0.625
0.638
0.470
0.425
0.457
0.531
0.497
0.434
0.462
0.458
0.457
0.486
0.566
0.567
0.654
0.657
0.857
0.912
0.883
0.866
0.818
0.807
0.673
0.457
0.569
0.638
0.769
0.534
0.676
0.607
0.648
0.707
0.831
0.828
0.821
0.594
0.613
0.645
0.865
0.904
0.569
0.561
0.495
0.531
0.587
0.524
0.496
0.487
0.475
0.495
0.482
0.634
0.524
0.562
0.582
0.535
0.579
0.532
0.540
0.560
0.510
0.476
0.477
0.444
0.451
0.477
0.477
0.477
0.494
0.487
0.500
0.505
0.488
0.490
0.513
0.499
0.487
0.486
0.498
0.496
0.463
0.439
0.418
0.432
0.475
0.462
0.448
0.409
0.442
0.504
0.500
0.509
0.556
0.506
0.504
0.517
0.512
0.536
0.537
0.505
0.502
0.506
0.517
0.509
0.488
0.482
0.503
0.520
0.597
0.508
0.511
0.521
0.474
0.462
0.493
0.491
0.498
0.488
0.490
0.480
0.503
0.513
0.488
0.459
0.529
0.508
0.465
0.480
0.478
0.482
0.474
0.485
0.507
0.482
0.474
0.495
0.479
0.504
0.533
0.614
0.498
0.476
0.502
0.499
0.459
0.433
0.480
0.490
0.486
0.488
0.483
0.529
0.556
0.551
0.522
0.496
0.568
0.515
0.478
0.463
0.446
0.451
0.451
0.460
0.464
0.480
0.513
0.474
0.508
0.589
0.536
0.577
0.492
0.481
0.542
0.550
0.574
0.561
0.536
0.514
0.532
0.525
0.578
0.535
0.552
0.487
0.449
0.457
0.484
0.536
0.548
0.567
0.587
0.657
0.762
0.670
0.616
0.667
0.839
0.796
0.887
0.861
0.796
0.825
0.759
0.619
0.643
0.640
0.802
0.820
0.664
0.579
0.678
0.568
0.604
0.566
0.600
0.578
0.627
0.568
0.567
0.579
0.547
0.561
0.534
0.575
0.568
0.564
0.686
0.887
0.685
0.588
0.530
0.587
0.658
0.695
0.749
0.705
0.747
0.811
0.691
0.785
0.661
0.687
0.648
0.591
0.600
0.610
0.640
0.688
0.538
0.434
0.428
0.488
0.486
0.509
0.558
0.490
0.530
0.580
0.550
0.566
0.651
0.775
0.789
0.544
0.490
0.458
0.515
0.591
0.558
0.491
0.518
0.539
0.510
0.445
0.521
0.516
0.514
0.510
0.570
0.563
0.651
0.573
0.521
0.528
0.550
0.534
0.543
0.549
0.536
0.555
0.594
0.793
0.579
0.561
0.635
0.725
0.656
0.718
0.709
0.627
0.598
0.520
0.518
0.541
0.560
0.535
0.583
0.742
0.819
0.663
0.642
0.613
0.732
0.825
0.814
0.717
0.655
0.645
0.634
0.831
0.853
0.838
0.942
0.741
0.725
0.738
0.752
0.676
0.664
0.643
0.750
0.655
0.622
0.652
0.735
0.706
0.715
0.675
0.708
0.621
0.552
0.497
0.491
0.476
0.559
0.550
0.477
0.485
0.494
0.513
0.536
0.557
0.557
0.533
0.581
0.641
0.720
0.633
0.850
0.750
0.789
0.749
0.620
0.732
0.566
0.545
0.490
0.502
0.556
0.628
0.670
0.575
0.741
0.801
0.859
0.681
0.857
0.610
0.594
0.548
0.587
0.591
0.576
0.568
0.530
0.550
0.522
0.522
0.549
0.555
0.557
0.506
0.521
0.543
0.602
0.656
0.575
0.554
0.526
0.561
0.455
0.448
0.559
0.572
0.489
0.482
0.496
0.489
0.464
0.473
0.537
0.694
0.869
-99.000
0.942
0.638
0.614
0.509
0.606
0.558
0.551
0.524
0.519
0.691
0.610
0.565
0.504
0.475
0.476
0.576
0.535
0.524
0.509
0.503
0.529
0.524
0.517
0.516
0.508
0.524
0.537
0.516
0.481
0.471
0.480
0.476
0.501
0.517
0.517
0.513
0.524
0.511
0.520
0.522
0.509
0.522
0.502
0.473
0.455
0.461
0.459
0.510
0.505
0.500
0.482
0.483
0.530
0.538
0.528
0.519
0.483
0.468
0.475
0.479
0.453
0.466
0.477
0.498
0.504
0.495
0.502
0.507
0.475
0.489
0.493
0.482
0.460
0.469
0.473
0.466
0.375
0.452
0.465
0.450
0.408
0.397
0.451
0.398
0.381
0.399
0.445
0.422
0.396
0.433
0.448
0.490
0.515
0.490
0.492
0.457
0.504
0.466
0.441
0.458
0.501
0.499
0.508
0.487
0.473
0.486
0.481
0.408
0.356
0.403
0.469
0.492
0.494
0.522
0.502
0.501
0.620
0.531
0.551
0.520
0.540
0.539
0.577
0.572
0.532
0.550
0.540
0.512
0.500
0.545
0.491
0.538
0.628
0.926
0.754
0.779
0.783
0.655
0.673
0.662
0.652
0.759
0.661
0.607
0.566
0.599
0.551
0.586
0.560
0.572
0.597
0.733
0.630
0.610
0.715
0.579
0.525
0.515
0.520
0.490
0.542
0.550
0.634
0.639
0.543
0.563
0.566
0.571
0.590
0.565
0.536
0.572
0.580
0.585
0.628
0.683
0.874
0.806
0.890
0.826
0.845
0.768
0.804
0.785
0.726
0.857
0.646
0.566
0.577
0.579
0.605
0.590
0.572
0.560
0.555
0.510
0.541
0.577
0.687
0.665
0.650
0.552
0.505
0.532
0.543
0.542
0.585
-99.000
-99.000
-99.000
-99.000
-99.000
-99.000
-99.000
-99.000
0.569
0.559
0.552
0.521
0.565
0.608
0.710
0.749
0.698
0.610
0.510
0.525
0.511
0.527
0.535
0.500
0.545
0.547
0.549
0.545
0.542
0.572
0.627
0.832
0.601
0.547
0.523
0.514
0.490
0.493
0.591
0.543
0.533
0.514
0.506
0.501
0.495
0.521
0.536
0.577
0.584
0.595
0.589
0.595
0.594
0.575
0.573
0.547
0.542
0.523
0.533
0.519
0.515
0.502
0.511
0.523
0.510
0.519
0.509
0.511
0.491
0.490
0.549
0.764
0.574
0.676
0.842
0.806
0.696
0.719
0.707
0.775
0.687
0.588
0.593
0.562
0.532
0.530
0.491
0.513
0.545
0.532
0.599
0.644
0.672
0.666
0.717
0.736
0.701
0.818
0.800
0.748
0.809
0.700
0.567
0.659
0.611
0.577
0.567
0.508
0.484
0.433
0.426
0.455
0.518
0.540
0.484
0.505
0.708
0.531
0.493
0.483
0.503
0.526
0.505
0.682
0.610
0.619
0.617
0.556
0.862
0.715
0.969
0.820
0.859
0.862
0.816
0.717
0.661
0.577
0.546
0.633
0.517
0.510
0.476
0.521
0.492
0.456
0.555
0.582
0.594
0.655
0.798
0.815
0.788
0.644
0.507
0.506
0.508
0.488
0.487
0.507
0.507
0.508
0.552
0.580
0.630
0.629
0.566
0.566
0.503
0.504
0.497
0.494
0.508
0.529
0.491
0.497
0.500
0.514
0.519
0.485
0.480
0.503
0.523
0.522
0.514
0.512
0.492
0.498
0.488
0.507
0.513
0.497
0.503
0.587
0.520
0.499
0.492
0.517
0.496
0.490
0.491
0.509
0.499
0.506
0.493
0.560
0.579
0.492
0.486
0.509
0.507
0.482
0.473
0.476
0.496
0.521
0.730
0.521
0.522
0.509
0.512
0.500
0.492
0.482
0.501
0.469
0.461
0.470
0.470
0.486
0.470
0.478
0.482
0.458
0.460
0.458
0.451
0.482
0.465
0.485
0.502
0.494
0.474
0.475
0.486
0.457
0.480
0.451
0.432
0.441
0.457
0.450
0.455
0.471
0.501
0.516
0.483
0.454
0.454
0.431
0.453
0.390
0.419
0.463
0.491
0.478
0.443
0.439
0.403
0.405
0.470
0.505
0.536
0.548
0.544
0.492
0.564
0.618
0.564
0.496
0.572
0.612
0.597
0.584
0.757
0.720
0.554
0.533
0.563
0.568
0.583
0.668
0.737
0.840
0.759
0.604
0.542
0.689
0.740
0.662
0.710
0.591
0.552
0.573
0.593
0.585
0.601
0.608
0.613
0.693
0.653
0.783
0.832
0.798
0.744
0.699
0.548
0.603
0.661
0.524
0.496
0.485
0.548
0.566
0.557
0.565
0.701
0.579
0.616
0.681
0.703
0.838
0.800
0.614
0.552
0.578
0.703
0.783
0.752
0.630
0.616
0.649
0.720
0.694
0.677
0.710
0.878
0.755
0.671
0.657
0.631
0.696
0.639
0.677
0.536
0.572
0.542
0.561
0.606
0.481
0.453
0.448
0.455
0.437
0.435
0.436
0.420
0.392
0.426
0.451
0.425
0.465
0.445
0.463
0.429
0.415
0.468
0.426
0.460
0.416
0.424
0.427
0.548
0.599
0.651
0.552
0.474
0.489
0.514
0.542
0.548
0.534
0.515
0.552
0.603
0.544
0.483
0.460
0.431
0.396
0.435
0.432
0.433
0.431
0.419
0.426
0.488
0.608
0.605
0.455
0.477
0.448
0.522
0.589
0.780
0.840
0.809
0.681
0.549
0.578
0.564
0.525
0.556
0.396
0.505
0.602
0.526
0.635
0.762
0.923
0.849
0.809
0.706
0.715
0.763
0.570
0.401
0.407
0.614
0.479
0.501
0.710
0.825
0.836
0.757
0.850
0.790
0.704
0.676
0.550
0.377
0.397
0.350
0.344
0.350
0.357
0.330
0.316
0.327
0.370
0.376
0.399
0.417
0.438
0.466
0.477
0.506
0.648
0.584
0.623
0.593
0.535
0.570
0.621
0.784
0.839
0.874
0.828
0.833
0.870
0.865
0.751
0.791
0.883
0.812
0.832
0.799
0.672
0.680
0.592
0.585
0.574
0.551
0.786
0.599
0.628
0.810
0.608
0.671
0.580
0.512
0.508
0.516
0.549
0.545
0.510
0.611
0.865
0.560
0.550
0.610
0.595
0.558
0.595
0.642
0.625
0.504
0.777
0.583
0.627
0.625
0.617
0.639
0.744
0.687
0.575
0.621
0.667
0.807
0.538
0.512
0.476
0.475
0.534
0.597
0.521
0.503
0.505
0.529
0.505
0.527
0.742
0.642
0.584
0.645
0.760
0.649
0.630
0.633
0.733
0.571
0.567
0.532
0.536
0.534
0.501
0.512
0.658
0.636
0.558
0.521
0.489
0.496
0.509
0.501
0.510
0.540
0.507
0.433
0.457
0.477
0.482
0.467
0.471
0.480
0.488
0.447
0.470
0.495
0.518
0.533
0.461
0.457
0.453
0.455
0.472
0.468
0.480
0.485
0.468
0.420
0.431
0.449
0.456
0.525
0.517
0.463
0.432
0.416
0.440
0.456
0.544
0.575
0.576
0.519
0.620
0.518
0.473
0.483
0.603
0.561
0.536
0.576
0.462
0.486
0.528
0.771
0.656
0.625
0.591
0.540
0.492
0.530
0.649
0.571
0.615
0.729
0.719
0.762
0.601
0.712
0.752
0.483
0.525
0.530
0.596
0.560
0.539
0.561
0.759
0.620
0.583
0.450
0.439
0.420
0.484
0.546
0.826
0.671
0.602
0.548
0.556
0.500
0.504
0.492
0.481
0.439
0.499
0.531
0.766
0.687
0.777
0.770
0.644
0.662
0.657
0.683
0.713
0.637
0.602
0.617
0.759
0.833
0.738
0.643
0.629
0.646
0.643
0.603
0.651
0.590
0.570
0.657
0.665
0.611
0.690
0.636
0.628
0.689
0.621
0.598
0.576
0.568
0.732
0.821
0.737
0.878
0.943
0.918
0.858
0.792
0.836
0.795
0.773
0.807
0.717
0.770
0.854
0.836
0.831
0.825
0.730
0.742
0.775
0.702
0.837
0.876
0.944
0.886
0.748
0.791
0.839
0.753
0.718
0.762
0.908
0.812
0.653
0.582
0.587
0.617
0.532
0.566
0.567
0.579
0.588
0.609
0.580
0.604
0.650
0.574
0.570
0.588
0.650
0.658
0.701
0.650
0.652
0.622
0.472
0.474
0.545
0.586
0.495
0.505
0.519
0.544
0.532
0.584
0.565
0.535
0.461
0.438
0.452
0.561
0.621
0.625
0.693
0.608
0.637
0.587
0.719
0.682
0.678
0.619
0.497
0.556
0.602
0.583
0.543
0.536
0.525
0.499
0.488
0.709
0.584
0.453
0.458
0.505
0.554
0.583
0.600
0.764
0.802
0.769
0.634
0.610
0.535
0.451
0.494
0.487
0.513
0.607
0.825
0.864
0.810
0.731
0.751
0.838
0.772
0.822
0.809
0.804
0.822
0.803
0.796
0.841
0.855
0.758
0.778
0.782
0.797
0.778
0.783
0.750
0.788
0.888
0.777
0.735
0.852
0.818
0.808
0.611
0.624
0.541
0.507
0.523
0.534
0.544
0.495
0.523
0.525
0.528
0.480
0.520
0.614
0.532
0.592
0.536
0.529
0.540
0.520
0.495
0.491
0.550
0.610
0.799
0.679
0.700
0.801
0.845
0.797
0.807
0.784
0.644
0.614
0.726
0.718
0.573
0.666
0.730
0.637
0.633
0.607
0.487
0.448
0.484
0.491
0.505
0.519
0.478
0.488
0.514
0.526
0.520
0.612
0.564
0.548
0.510
0.473
0.503
0.521
0.560
0.596
0.554
0.662
0.511
0.489
0.507
0.532
0.478
0.647
0.551
0.518
0.478
0.452
0.456
0.563
0.464
0.450
0.472
0.495
0.488
0.493
0.518
0.589
0.526
0.555
0.406
0.401
0.407
0.456
0.471
0.430
0.525
0.562
0.525
0.453
0.453
0.437
0.468
0.470
0.494
0.488
0.476
0.513
0.466
0.448
0.452
0.491
0.499
0.499
0.494
0.622
0.724
0.632
0.550
0.604
0.511
0.505
0.510
0.466
0.431
0.426
0.425
0.453
0.488
0.440
0.475
0.561
0.489
0.476
0.512
0.495
0.473
0.487
0.492
0.467
0.511
0.472
0.476
0.497
0.470
0.479
0.466
0.432
0.440
0.424
0.455
0.493
0.511
0.495
0.465
0.447
0.506
0.548
0.574
0.743
0.551
0.530
0.503
0.485
0.485
0.523
0.473
0.434
0.401
0.423
0.469
0.439
0.451
0.461
0.444
0.535
0.498
0.437
0.440
0.500
0.499
0.559
0.641
0.517
0.465
0.523
0.515
0.589
0.652
0.561
0.491
0.455
0.504
0.552
0.527
0.536
0.611
0.530
0.508
0.533
0.716
0.541
0.488
0.468
0.510
0.538
0.541
0.619
0.667
0.701
0.726
0.644
0.589
0.604
0.570
0.558
0.652
0.818
0.853
0.896
0.825
0.871
0.816
0.840
0.920
0.644
0.780
0.799
0.700
0.595
0.641
0.618
0.586
0.598
0.547
0.615
0.599
0.539
0.485
0.538
0.546
0.567
0.536
0.531
0.556
0.700
0.723
0.801
0.859
0.759
0.830
0.606
0.499
0.573
0.699
0.723
0.780
0.644
0.775
0.598
0.482
0.591
0.625
0.542
0.401
0.477
0.512
0.548
0.645
0.733
0.870
0.750
0.833
0.830
0.818
0.600
0.543
0.640
0.555
0.589
0.639
0.735
0.778
0.718
0.617
0.584
0.595
0.514
0.628
0.631
0.609
0.515
0.503
0.470
0.462
0.459
0.461
0.461
0.453
0.444
0.437
0.467
0.440
0.431
0.449
0.445
0.432
0.422
0.477
0.468
0.472
0.610
0.654
0.637
0.630
0.607
0.624
0.661
0.749
0.782
0.683
0.727
0.704
0.649
0.660
0.632
0.668
0.634
0.589
0.703
0.950
0.898
0.793
0.675
0.624
0.619
0.571
0.647
0.690
0.738
0.486
0.459
0.445
0.428
0.457
0.441
0.393
0.429
0.447
0.449
0.416
0.419
0.451
0.467
0.434
0.452
0.486
0.588
0.660
0.587
0.764
0.851
0.781
0.692
0.704
0.720
0.769
0.739
0.662
0.733
0.774
0.666
0.535
0.508
0.403
0.391
0.424
0.515
0.569
0.610
0.627
0.785
0.787
0.882
0.778
0.757
0.718
0.744
0.678
0.609
0.739
0.706
0.758
0.799
0.676
0.816
0.863
0.770
0.738
0.692
0.669
0.797
0.782
0.694
0.600
0.595
0.574
0.613
0.576
0.603
0.533
0.484
0.496
0.473
0.491
0.529
0.524
0.597
0.546
0.497
0.446
0.473
0.466
0.484
0.525
0.539
0.546
0.505
0.483
0.478
0.475
0.573
0.476
0.460
0.490
0.502
0.505
0.500
0.514
0.515
0.513
0.525
0.557
0.535
0.493
0.491
0.504
0.514
0.491
0.479
0.473
0.461
0.454
0.465
0.492
0.495
0.501
0.467
0.477
0.467
0.459
0.477
0.507
0.502
0.451
0.490
0.469
0.501
0.472
0.481
0.464
0.472
0.448
0.442
0.450
0.457
0.435
0.425
0.461
0.490
0.487
0.457
0.468
0.482
0.505
0.507
0.508
0.513
0.457
0.456
0.462
0.479
0.481
0.476
0.433
0.432
0.473
0.515
0.495
0.460
0.441
0.451
0.455
0.446
0.442
0.425
0.400
0.417
0.469
0.425
0.462
0.442
0.432
0.438
0.553
0.484
0.465
0.504
0.485
0.543
0.434
0.450
0.463
0.410
0.397
0.430
0.446
0.462
0.460
0.445
0.416
0.401
0.447
0.452
0.473
0.433
0.404
0.398
0.454
0.491
0.622
0.615
0.536
0.488
0.491
0.465
0.473
0.462
0.435
0.432
0.549
0.556
0.593
0.604
0.510
0.542
0.488
0.534
0.673
0.651
0.594
0.613
0.612
0.627
0.728
0.779
0.643
0.529
0.666
0.571
0.621
0.609
0.572
0.577
0.538
0.624
0.606
0.868
0.638
0.641
0.684
0.788
0.656
0.750
0.844
0.707
0.523
0.541
0.537
0.526
0.488
0.498
0.460
0.482
0.489
0.497
0.490
0.539
0.496
0.517
0.526
0.519
0.858
0.613
0.566
0.538
0.499
0.637
0.782
0.678
0.686
0.722
0.804
0.769
0.794
0.840
0.832
0.892
0.865
0.785
0.771
0.763
0.591
0.500
0.499
0.474
0.469
0.469
0.491
0.498
0.479
0.477
0.479
0.495
0.530
0.508
0.545
0.532
0.513
0.541
0.559
0.883
0.762
0.717
0.682
0.594
0.573
0.632
0.596
0.585
0.588
0.589
0.729
0.818
0.834
0.706
0.713
0.734
0.611
0.651
0.675
0.698
0.668
0.572
0.375
0.407
0.359
0.393
0.406
0.377
0.368
0.394
0.560
0.600
0.701
0.562
0.525
0.448
0.441
0.642
0.676
0.647
0.615
0.649
0.544
0.579
0.527
0.521
0.595
0.583
0.617
0.668
0.662
0.433
0.409
0.430
0.462
0.448
0.422
0.399
0.423
0.554
0.864
0.758
0.754
0.807
0.696
0.785
0.643
0.595
0.658
0.711
0.604
0.619
0.657
0.696
0.714
0.669
0.708
0.575
0.358
0.377
0.476
0.648
0.577
0.538
0.645
0.812
0.616
0.730
0.709
0.852
0.675
0.590
0.504
0.465
0.444
0.653
0.684
0.504
0.602
0.651
0.710
0.686
0.736
0.747
0.761
0.775
0.872
0.812
0.623
0.624
0.597
0.565
0.527
0.446
0.507
0.503
0.540
0.565
0.536
0.560
0.657
0.562
0.588
0.549
0.526
0.492
0.573
0.468
0.508
0.534
0.530
0.649
0.552
0.525
0.537
0.576
0.705
0.738
0.590
0.671
0.838
0.787
0.689
0.729
0.532
0.530
0.487
0.495
0.515
0.563
0.530
0.538
0.561
0.507
0.519
0.534
0.718
0.508
0.524
0.516
0.495
0.493
0.478
0.537
0.531
0.578
0.586
0.554
0.583
0.521
0.485
0.505
0.517
0.484
0.498
0.497
0.475
0.509
0.526
0.510
0.519
0.502
0.473
0.490
0.509
0.496
0.504
0.495
0.497
0.498
0.489
0.469
0.446
0.483
0.503
0.498
0.482
0.474
0.484
0.453
0.455
0.464
0.483
0.491
0.472
0.477
0.466
0.465
0.481
0.478
0.497
0.520
0.467
0.466
0.413
0.438
0.449
0.453
0.461
0.456
0.433
0.431
0.424
0.459
0.488
0.456
0.417
0.417
0.430
0.455
0.478
0.460
0.458
0.457
0.458
0.426
0.403
0.433
0.456
0.452
0.404
0.441
0.468
0.425
0.370
0.397
0.441
0.438
0.453
0.440
0.451
0.480
0.445
0.414
0.393
0.391
0.440
0.557
0.534
0.465
0.466
0.453
0.455
0.466
0.468
0.477
0.465
0.500
0.492
0.444
0.421
0.464
0.546
0.565
0.427
0.343
0.404
0.517
0.554
0.498
0.460
0.447
0.439
0.453
0.480
0.443
0.458
0.461
0.462
0.479
0.455
0.426
0.376
0.381
0.395
0.396
0.438
0.478
0.522
0.469
0.450
0.476
0.496
0.484
0.462
0.447
0.583
0.520
0.474
0.498
0.514
0.599
0.629
0.735
0.645
0.709
0.793
0.736
0.673
0.760
0.653
0.505
0.472
0.478
0.551
0.552
0.532
0.512
0.554
0.511
0.460
0.473
0.451
0.436
0.486
0.484
0.524
0.620
0.526
0.477
0.459
0.448
0.469
0.473
0.444
0.479
0.507
0.583
0.715
0.785
0.838
0.776
0.753
0.648
0.536
0.727
0.560
0.519
0.542
0.472
0.447
0.495
0.443
0.434
0.443
0.461
0.462
0.462
0.479
0.505
0.511
0.478
0.431
0.438
0.422
0.445
0.459
0.578
0.500
0.428
0.400
0.383
0.390
0.407
0.419
0.407
0.396
0.482
0.565
0.594
0.610
0.381
0.418
0.490
0.578
0.584
0.665
0.614
0.492
0.451
0.423
0.436
0.426
0.487
0.620
0.724
0.682
0.719
0.667
0.543
0.492
0.356
0.351
0.363
0.409
0.451
0.480
0.435
0.383
0.372
0.391
0.396
0.356
0.394
0.433
0.383
0.393
0.428
0.435
0.420
0.450
0.425
0.421
0.386
0.380
0.428
0.450
0.476
0.514
0.458
0.470
0.411
0.408
0.518
0.852
0.709
0.621
0.292
0.538
0.744
0.789
0.595
0.377
0.428
0.580
0.654
0.657
0.684
0.734
0.638
0.454
0.416
0.398
0.384
0.445
0.491
0.648
0.618
0.654
0.690
0.788
0.664
0.596
0.654
0.589
0.662
0.577
0.528
0.497
0.527
0.705
0.693
0.477
0.567
0.546
0.505
0.454
0.497
0.693
0.607
0.575
0.610
0.579
0.482
0.453
0.465
0.524
0.489
0.513
0.503
0.513
0.523
0.535
0.518
0.509
0.539
0.571
0.520
0.522
0.506
0.479
0.557
0.610
0.902
0.666
0.525
0.469
0.482
0.513
0.477
0.452
0.440
0.476
0.484
0.459
0.459
0.483
0.507
0.479
0.466
0.445
0.457
0.474
0.491
0.480
0.490
0.472
0.444
0.434
0.444
0.449
0.461
0.448
0.459
0.476
0.454
0.402
0.431
0.488
0.452
0.432
0.486
0.473
0.490
0.478
0.462
0.457
0.427
0.460
0.484
0.444
0.449
0.401
0.411
0.466
0.493
0.456
0.487
0.500
0.467
0.474
0.432
0.403
0.424
0.444
0.419
0.445
0.445
0.447
0.434
0.417
0.471
0.480
0.445
0.428
0.432
0.450
0.450
0.468
0.457
0.463
0.512
0.459
0.473
0.446
0.377
0.389
0.380
0.370
0.451
0.422
0.419
0.406
0.398
0.413
0.432
0.410
0.408
0.392
0.374
0.390
0.413
0.382
0.385
0.434
0.424
0.403
0.393
0.373
0.345
0.362
0.434
0.466
0.463
0.469
0.419
0.385
0.392
0.434
0.543
0.495
0.573
0.638
0.479
0.433
0.383
0.385
0.430
0.393
0.445
0.424
0.363
0.461
0.427
0.475
0.424
0.518
0.503
0.502
0.469
0.396
0.394
0.401
0.399
0.421
0.408
0.439
0.441
0.447
0.433
0.492
0.438
0.425
0.413
0.391
0.462
0.486
0.430
0.407
0.368
0.490
0.541
0.549
0.434
0.509
0.742
0.703
0.610
0.490
0.495
0.574
0.523
0.635
0.578
0.573
0.635
0.727
0.654
0.544
0.561
0.575
0.688
0.554
0.666
0.766
0.596
0.653
0.703
0.657
0.731
0.864
0.735
0.693
0.785
0.780
0.734
0.631
0.653
0.754
0.757
0.685
0.644
0.571
0.530
0.616
0.765
0.757
0.764
0.716
0.673
0.602
0.479
0.436
0.439
0.448
0.439
0.471
0.475
0.554
0.479
0.414
0.419
0.433
0.454
0.470
0.537
0.549
0.762
0.698
0.681
0.644
0.557
0.562
0.514
0.515
0.520
0.667
0.704
0.620
0.555
0.482
0.425
0.425
0.395
0.366
0.362
0.387
0.491
0.542
0.474
0.490
0.499
0.559
0.575
0.630
0.561
0.505
0.514
0.419
0.427
0.447
0.479
0.543
0.631
0.624
0.577
0.512
0.508
0.563
0.669
0.519
0.445
0.416
0.441
0.558
0.659
0.713
0.689
0.587
0.830
0.690
0.724
0.773
0.638
0.625
0.607
0.416
0.423
0.428
0.459
0.468
0.411
0.425
0.428
0.453
0.528
0.763
0.657
0.611
0.578
0.621
0.631
0.656
0.677
0.730
0.890
0.767
0.706
0.697
0.624
0.545
0.567
0.583
0.571
0.612
0.612
0.631
0.854
0.648
0.623
0.649
0.663
0.588
0.694
0.736
0.579
0.781
0.708
0.627
0.746
0.615
0.503
0.563
0.626
0.532
0.556
0.559
0.592
0.643
0.617
0.544
0.493
0.585
0.601
0.670
0.571
0.583
0.552
0.559
0.546
0.622
0.638
0.608
0.632
0.732
0.517
0.524
0.526
0.566
0.513
0.534
0.623
0.612
0.590
0.560
0.707
0.642
0.549
0.571
0.591
0.510
0.483
0.476
0.471
0.433
0.473
0.464
0.450
0.450
0.461
0.483
0.501
0.509
0.487
0.450
0.467
0.464
0.462
0.486
0.504
0.493
0.482
0.498
0.475
0.466
0.443
0.476
0.501
0.486
0.460
0.450
0.483
0.556
0.645
0.444
0.471
0.422
0.405
0.431
0.440
0.499
0.479
0.464
0.471
0.468
0.495
0.476
0.437
0.442
0.469
0.452
0.460
0.478
0.469
0.480
0.493
0.488
0.446
0.427
0.468
0.466
0.469
0.468
0.460
0.469
0.487
0.452
0.414
0.412
0.418
0.456
0.467
0.450
0.450
0.448
0.443
0.430
0.416
0.441
0.464
0.413
0.455
0.416
0.446
0.424
0.425
0.427
0.432
0.444
0.481
0.471
0.423
0.410
0.432
0.438
0.451
0.470
0.492
0.448
0.433
0.416
0.430
0.422
0.385
0.445
0.488
0.478
0.463
0.455
0.444
0.466
0.425
0.375
0.330
0.352
0.408
0.540
0.399
0.358
0.377
0.448
0.582
0.535
0.485
0.408
0.443
0.443
0.394
0.398
0.438
0.468
0.495
0.485
0.466
0.413
0.423
0.448
0.442
0.540
0.646
0.669
0.501
0.480
0.503
0.459
0.487
0.474
0.420
0.424
0.420
0.465
0.519
0.515
0.595
0.584
0.542
0.519
0.515
0.581
0.727
0.643
0.517
0.498
0.582
0.782
0.780
0.713
0.703
0.734
0.818
0.743
0.771
0.683
0.616
0.699
0.627
0.682
0.743
0.848
0.808
0.779
0.800
0.836
0.742
0.791
0.715
0.604
0.616
0.577
0.547
0.509
0.510
0.519
0.540
0.581
0.619
0.563
0.561
0.578
0.670
0.817
0.741
0.765
0.625
0.485
0.532
0.525
0.492
0.587
0.678
0.623
0.539
0.517
0.477
0.402
0.390
0.430
0.500
0.675
0.707
0.648
0.579
0.695
0.709
0.672
0.561
0.501
0.449
0.528
0.720
0.667
0.638
0.612
0.719
0.682
0.663
0.651
0.590
0.538
0.432
0.422
0.435
0.491
0.556
0.535
0.709
0.583
0.561
0.618
0.667
0.612
0.691
0.654
0.495
0.504
0.522
0.442
0.470
0.499
0.491
0.523
0.592
0.484
0.467
0.415
0.429
0.531
0.661
0.685
0.647
0.685
0.707
0.778
0.767
0.679
0.652
0.845
0.790
0.785
0.850
0.706
0.538
0.438
0.473
0.521
0.636
0.750
0.805
0.744
0.789
0.806
0.595
0.533
0.543
0.535
0.582
0.708
0.691
0.503
0.476
0.509
0.588
0.714
0.810
0.874
0.837
0.809
0.611
0.701
0.772
0.838
0.744
0.813
0.856
0.729
0.591
0.565
0.730
0.746
0.585
0.504
0.560
0.658
0.616
0.612
0.600
0.514
0.492
0.578
0.569
0.542
0.803
0.624
0.657
0.854
0.712
0.745
0.572
0.539
0.507
0.514
0.603
0.552
0.520
0.579
0.550
0.632
0.563
0.530
0.511
0.563
0.591
0.638
0.716
0.598
0.570
0.631
0.548
0.585
0.607
0.836
0.603
0.674
0.655
0.593
0.555
0.540
0.633
0.495
0.608
0.548
0.637
0.560
0.557
0.509
0.496
0.504
0.507
0.493
0.494
0.496
0.497
0.488
0.504
0.505
0.506
0.483
0.465
0.436
0.431
0.430
0.476
0.492
0.495
0.494
0.485
0.481
0.494
0.493
0.502
0.512
0.520
0.540
0.471
0.485
0.515
0.528
0.489
0.462
0.453
0.456
0.473
0.490
0.465
0.455
0.456
0.442
0.430
0.481
0.461
0.450
0.426
0.467
0.472
0.465
0.471
0.474
0.479
0.472
0.475
0.483
0.446
0.475
0.466
0.461
0.456
0.396
0.466
0.486
0.462
0.440
0.468
0.442
0.460
0.434
0.448
0.468
0.491
0.423
0.449
0.465
0.432
0.401
0.422
0.428
0.442
0.420
0.401
0.430
0.458
0.476
0.445
0.450
0.434
0.426
0.444
0.475
0.451
0.439
0.444
0.394
0.343
0.346
0.383
0.406
0.398
0.424
0.428
0.418
0.486
0.617
0.755
0.648
0.528
0.502
0.495
0.501
0.591
0.530
0.458
0.479
0.508
0.458
0.477
0.483
0.552
0.603
0.551
0.558
0.524
0.583
0.520
0.502
0.508
0.488
0.770
0.709
0.835
0.676
0.708
0.647
0.783
0.674
0.701
0.799
0.619
0.520
0.459
0.436
0.487
0.470
0.484
0.574
0.723
0.718
0.598
0.554
0.551
0.571
0.621
0.543
0.557
0.545
0.568
0.568
0.574
0.562
0.543
0.625
0.628
0.596
0.559
0.587
0.722
0.846
0.740
0.812
0.714
0.664
0.622
0.637
0.614
0.587
0.651
0.599
0.511
0.466
0.477
0.485
0.493
0.463
0.489
0.511
0.538
0.512
0.430
0.463
0.458
0.470
0.542
0.661
0.686
0.735
0.800
0.766
0.859
0.756
0.660
0.618
0.488
0.479
0.465
0.395
0.476
0.543
0.586
0.448
0.594
0.655
0.623
0.599
0.524
0.523
0.458
0.464
0.444
0.400
0.417
0.445
0.455
0.447
0.460
0.417
0.371
0.362
0.370
0.391
0.404
0.410
0.498
0.543
0.601
0.459
0.484
0.557
0.780
0.681
0.595
0.459
0.620
0.568
0.329
0.320
0.378
0.362
0.218
0.278
0.428
0.436
0.424
0.482
0.795
0.785
0.718
0.726
0.719
0.775
0.727
0.645
0.577
0.531
0.440
0.473
0.479
0.507
0.604
0.704
0.863
0.750
0.785
0.854
0.842
0.732
0.717
0.716
0.610
0.609
0.697
0.862
0.842
0.831
0.871
0.813
0.676
0.708
0.667
0.660
0.713
0.694
0.653
0.575
0.603
0.538
0.468
0.531
0.572
0.669
0.939
0.820
0.776
0.748
0.715
0.690
0.884
0.740
0.624
0.675
0.836
0.944
0.793
0.818
0.750
0.574
0.649
0.573
0.592
0.587
0.612
0.651
0.661
0.564
0.650
0.592
0.517
0.715
0.775
0.845
0.854
0.638
0.517
0.500
0.521
0.531
0.568
0.540
0.622
0.580
0.571
0.706
0.587
0.738
0.610
0.563
0.559
0.616
0.643
0.584
0.579
0.773
0.581
0.530
0.554
0.561
0.567
0.539
0.568
0.651
0.609
0.769
0.588
0.613
0.513
0.498
0.531
0.536
0.556
0.607
0.548
0.519
0.511
0.527
0.518
0.512
0.518
0.539
0.497
0.492
0.473
0.466
0.519
0.499
0.476
0.470
0.484
0.497
0.460
0.490
0.474
0.474
0.480
0.504
0.482
0.460
0.458
0.453
0.481
0.489
0.478
0.461
0.493
0.482
0.483
0.487
0.526
0.519
0.511
0.688
0.633
0.584
0.722
0.514
0.503
0.497
0.512
0.572
0.526
0.523
0.495
0.465
0.468
0.466
0.484
0.763
0.536
0.486
0.474
0.497
0.507
0.544
0.545
0.470
0.444
0.440
0.449
0.487
0.511
0.531
0.501
0.459
0.452
0.469
0.432
0.435
0.433
0.441
0.450
0.456
0.448
0.428
0.415
0.466
0.493
0.496
0.457
0.542
0.532
0.433
0.444
0.475
0.477
0.441
0.447
0.437
0.480
0.485
0.511
0.433
0.432
0.451
0.471
0.506
0.513
0.457
0.480
0.463
0.449
0.399
0.478
0.526
0.617
0.753
0.789
0.815
0.707
0.761
0.876
0.677
0.580
0.593
0.639
0.592
0.630
0.644
0.543
0.507
0.573
0.530
0.567
0.547
0.574
0.530
0.495
0.517
0.554
0.576
0.539
0.616
0.617
0.593
0.510
0.507
0.593
0.619
0.622
0.589
0.837
0.765
0.736
0.549
0.615
0.639
0.652
0.731
0.623
0.623
0.907
0.725
0.781
0.857
0.780
0.760
0.696
0.600
0.577
0.628
0.611
0.567
0.647
0.668
0.693
0.784
0.758
0.711
0.683
0.956
0.753
0.819
0.776
0.771
0.711
0.724
0.636
0.582
0.603
0.625
0.583
0.595
0.564
0.665
0.670
0.618
0.627
0.603
0.716
0.622
0.669
0.620
0.655
0.672
0.594
0.528
0.428
0.563
0.686
0.535
0.426
0.545
0.626
0.682
0.665
0.652
0.788
0.821
0.815
0.836
0.740
0.713
0.725
0.750
0.867
0.660
0.624
0.730
0.704
0.671
0.615
0.755
0.748
0.799
0.827
0.829
0.748
0.791
0.778
0.780
0.764
0.622
0.537
0.545
0.531
0.491
0.583
0.771
0.803
0.863
0.736
0.749
0.772
0.743
0.777
0.579
0.478
0.526
0.638
0.761
0.732
0.753
0.774
0.786
0.801
0.779
0.694
0.769
0.774
0.782
0.880
0.825
0.902
0.859
0.864
0.784
0.754
0.707
0.654
0.569
0.658
0.753
0.568
0.546
0.570
0.680
0.659
0.595
0.651
0.684
0.560
0.476
0.513
0.760
0.691
0.562
0.603
0.584
0.527
0.579
0.828
0.659
0.730
0.828
0.785
0.718
0.739
0.746
0.781
0.705
0.580
0.711
0.553
0.610
0.614
0.601
0.786
0.589
0.530
0.571
0.548
0.602
0.581
0.536
0.575
0.565
0.592
0.577
0.654
0.843
0.593
0.536
0.642
0.647
0.689
0.636
0.652
0.824
0.802
0.593
0.654
0.652
0.574
0.767
0.779
0.628
0.656
0.572
0.533
0.539
0.609
0.600
0.608
0.552
0.559
0.583
0.631
0.559
0.520
0.521
0.512
0.509
0.498
0.518
0.548
0.510
0.556
0.514
0.518
0.644
0.571
0.527
0.522
0.515
0.504
0.497
0.587
0.586
0.599
0.589
0.689
0.550
0.477
0.488
0.489
0.485
0.475
0.459
0.494
0.686
0.599
0.537
0.566
0.512
0.513
0.536
0.475
0.506
0.484
0.495
0.469
0.495
0.499
0.508
0.448
0.463
0.489
0.529
0.497
0.530
0.522
0.558
0.482
0.482
0.478
0.490
0.481
0.478
0.455
0.454
0.445
0.469
0.458
0.429
0.468
0.466
0.424
0.462
0.452
0.428
0.459
0.600
0.462
0.462
0.464
0.570
0.483
0.582
0.681
0.632
0.620
0.502
0.493
0.517
0.580
0.527
0.546
0.579
0.513
0.488
0.480
0.522
0.496
0.450
0.447
0.457
0.479
0.472
0.481
0.473
0.459
0.413
0.441
0.459
0.477
0.431
0.371
0.435
0.464
0.507
0.488
0.513
0.463
0.479
0.451
0.438
0.452
0.580
0.650
0.625
0.594
0.581
0.689
0.603
0.666
0.814
0.780
0.792
0.701
0.645
0.695
0.748
0.730
0.753
0.568
0.530
0.543
0.520
0.536
0.513
0.500
0.592
0.530
0.524
0.557
0.555
0.503
0.489
0.460
0.422
0.431
0.508
0.609
0.710
0.519
0.560
0.540
0.551
0.686
0.800
0.828
0.799
0.800
0.742
0.649
0.653
0.729
0.709
0.717
0.699
0.752
0.638
0.682
0.812
0.780
0.649
0.733
0.694
0.792
0.783
0.784
0.657
0.546
0.606
0.613
0.543
0.570
0.571
0.553
0.547
0.536
0.521
0.501
0.504
0.485
0.476
0.464
0.485
0.498
0.472
0.437
0.523
0.543
0.633
0.641
0.612
0.750
0.801
0.727
0.670
0.583
0.636
0.613
0.554
0.507
0.610
0.671
0.805
0.782
0.693
0.737
0.688
0.704
0.768
0.805
0.725
0.711
0.681
0.641
0.619
0.575
0.595
0.766
0.697
0.685
0.817
0.706
0.786
0.696
0.605
0.686
0.862
0.801
0.761
0.695
0.598
0.636
0.693
0.617
0.564
0.527
0.501
0.529
0.555
0.591
0.415
0.425
0.424
0.413
0.431
0.454
0.431
0.435
0.429
0.431
0.457
0.634
0.581
0.475
0.398
0.350
0.355
0.375
0.424
0.425
0.425
0.423
0.458
0.428
0.435
0.484
0.578
0.705
0.775
0.818
0.857
0.733
0.770
0.681
0.656
0.882
0.780
0.834
0.659
0.560
0.556
0.593
0.515
0.461
0.491
0.474
0.473
0.467
0.459
0.495
0.507
0.516
0.489
0.445
0.471
0.510
0.509
0.487
0.643
0.889
0.779
0.738
0.640
0.782
0.835
0.871
0.787
0.879
0.910
0.600
0.454
0.469
0.499
0.495
0.524
0.531
0.529
0.578
0.508
0.509
0.514
0.539
0.533
0.522
0.514
0.521
0.459
0.462
0.453
0.439
0.454
0.487
0.516
0.529
0.565
0.550
0.565
0.620
0.586
0.605
0.527
0.503
0.564
0.575
0.539
0.595
0.630
0.640
0.783
0.681
0.713
0.577
0.554
0.566
0.668
0.542
0.496
0.525
0.456
0.462
0.501
0.485
0.432
0.436
0.465
0.479
0.498
0.522
0.692
0.474
0.436
0.488
0.484
0.445
0.428
0.439
0.459
0.501
0.486
0.493
0.458
0.474
0.480
0.505
0.484
0.480
0.463
0.432
0.462
0.470
0.486
0.480
0.487
0.504
0.504
0.509
0.501
0.491
0.497
0.525
0.478
0.455
0.441
0.437
0.443
0.451
0.444
0.445
0.472
0.463
0.468
0.496
0.479
0.430
0.433
0.459
0.478
0.449
0.416
0.413
0.419
0.416
0.423
0.410
0.418
0.448
0.418
0.429
0.446
0.442
0.439
0.431
0.377
0.397
0.416
0.420
0.457
0.473
0.474
0.506
0.590
0.628
0.619
0.540
0.481
0.462
0.454
0.406
0.397
0.406
0.421
0.393
0.429
0.496
0.521
0.534
0.549
0.579
0.597
0.548
0.479
0.439
0.446
0.448
0.442
0.435
0.515
0.446
0.508
0.391
0.391
0.433
0.497
0.541
0.579
0.610
0.572
0.658
0.723
0.810
0.874
0.837
0.771
0.745
0.707
0.630
0.585
0.583
0.600
0.543
0.597
0.631
0.589
0.590
0.495
0.495
0.478
0.454
0.440
0.463
0.485
0.474
0.522
0.491
0.568
0.645
0.712
0.764
0.927
0.930
0.732
0.715
0.572
0.682
0.701
0.811
0.633
0.594
0.648
0.785
0.805
0.746
0.822
0.743
0.809
0.874
0.779
0.683
0.462
0.463
0.472
0.480
0.476
0.446
0.454
0.473
0.464
0.465
0.511
0.699
0.616
0.510
0.554
0.574
0.459
0.448
0.457
0.445
0.447
0.426
0.391
0.375
0.429
0.399
0.451
0.450
0.446
0.412
0.383
0.399
0.405
0.461
0.477
0.501
0.458
0.487
0.461
0.467
0.479
0.451
0.465
0.447
0.475
0.428
0.369
0.435
0.399
0.390
0.392
0.388
0.355
0.366
0.386
0.456
0.444
0.423
0.402
0.455
0.397
0.379
0.489
0.625
0.501
0.537
0.837
0.828
0.708
0.708
0.695
0.632
0.591
0.474
0.421
0.390
0.458
0.450
0.431
0.413
0.375
0.369
0.450
0.465
0.438
0.482
0.511
0.570
0.472
0.460
0.374
0.404
0.404
0.436
0.473
0.526
0.732
0.646
0.528
0.414
0.433
0.422
0.530
0.485
0.421
0.396
0.468
0.568
0.746
0.666
0.775
0.651
0.508
0.713
0.652
0.649
0.902
0.888
0.674
0.568
0.662
0.779
0.683
0.726
0.704
0.629
0.601
0.639
0.652
0.780
0.847
0.754
0.616
0.842
0.768
0.653
0.757
0.804
0.695
0.856
0.644
0.589
0.607
0.643
0.691
0.648
0.740
0.574
0.621
0.625
0.663
0.799
0.825
0.643
0.670
0.778
0.672
0.595
0.590
0.756
0.608
0.530
0.512
0.544
0.529
0.537
0.460
0.456
0.491
0.484
0.498
0.517
0.553
0.598
0.641
0.731
0.786
0.826
0.814
0.689
0.593
0.561
0.560
0.547
0.513
0.513
0.516
0.517
0.465
0.452
0.480
0.480
0.505
0.513
0.512
0.496
0.478
0.483
0.487
0.509
0.552
0.630
0.539
0.493
0.495
0.504
0.495
0.486
0.453
0.448
0.479
0.478
0.497
0.508
0.510
0.495
0.510
0.501
0.507
0.503
0.510
0.473
0.478
0.476
0.477
0.501
0.500
0.465
0.464
0.469
0.468
0.513
0.497
0.491
0.490
0.479
0.514
0.501
0.495
0.470
0.463
0.457
0.479
0.443
0.436
0.516
0.532
0.428
0.420
0.503
0.499
0.485
0.469
0.462
0.454
0.478
0.463
0.439
0.477
0.530
0.550
0.498
0.437
0.448
0.479
0.490
0.495
0.434
0.454
0.484
0.447
0.405
0.401
0.461
0.449
0.427
0.420
0.439
0.535
0.573
0.461
0.443
0.609
0.589
0.452
0.459
0.444
0.441
0.438
0.464
0.440
0.437
0.478
0.504
0.487
0.445
0.413
0.480
0.544
0.490
0.405
0.385
0.465
0.477
0.576
0.559
0.698
0.586
0.455
0.434
0.403
0.393
0.395
0.508
0.565
0.527
0.506
0.544
0.538
0.733
0.623
0.499
0.550
0.617
0.705
0.821
0.751
0.852
0.831
0.722
0.592
0.553
0.538
0.586
0.760
0.786
0.782
0.814
0.737
0.766
0.927
0.715
0.629
0.823
0.660
0.592
0.618
0.613
0.571
0.533
0.561
0.601
0.672
0.733
0.898
0.891
0.820
0.807
0.800
0.802
0.786
0.786
0.901
0.812
0.801
0.806
0.817
0.870
0.800
0.755
0.753
0.764
0.771
0.790
0.632
0.578
0.575
0.551
0.558
0.588
0.510
0.542
0.697
0.890
0.669
0.498
0.519
0.543
0.586
0.570
0.742
0.776
0.769
0.693
0.799
0.809
0.862
0.852
0.717
0.638
0.624
0.526
0.575
0.664
0.905
0.777
0.855
0.718
0.641
0.641
0.636
0.738
0.769
0.568
0.504
0.520
0.596
0.647
0.758
0.618
0.560
0.511
0.493
0.567
0.668
0.724
0.701
0.701
0.695
0.723
0.629
0.506
0.511
0.542
0.564
0.582
0.589
0.806
0.654
0.676
0.783
0.785
0.747
0.893
0.745
0.880
0.763
0.871
0.776
0.808
0.773
0.813
0.849
0.795
0.774
0.690
0.685
0.691
0.773
0.679
0.645
0.510
0.450
0.449
0.511
0.531
0.667
0.814
0.869
0.849
0.869
0.791
0.748
0.727
0.649
0.582
0.557
0.515
0.540
0.573
0.714
0.820
0.732
0.673
0.714
0.629
0.888
0.717
0.733
0.706
0.882
0.798
0.816
0.742
0.704
0.703
0.645
0.780
0.595
0.532
0.509
0.528
0.517
0.523
0.524
0.509
0.550
0.662
0.694
0.788
0.748
0.720
0.711
0.735
0.709
0.661
0.728
0.755
0.727
0.662
0.723
0.696
0.916
0.771
0.747
0.786
0.763
0.607
0.565
0.519
0.527
0.540
0.567
0.571
0.566
0.530
0.498
0.468
0.560
0.497
0.518
0.527
0.551
0.627
0.551
0.540
0.513
0.524
0.577
0.567
0.654
0.655
0.637
0.598
0.574
0.557
0.681
0.630
0.616
0.649
0.698
0.640
0.656
0.601
0.562
0.544
0.528
0.503
0.569
0.560
0.548
0.692
0.687
0.560
0.511
0.521
0.515
0.514
0.484
0.493
0.522
0.482
0.503
0.425
0.398
0.473
0.463
0.475
0.446
0.446
0.468
0.483
0.471
0.478
0.493
0.456
0.520
0.495
0.504
0.473
0.468
0.490
0.492
0.474
0.484
0.499
0.479
0.494
0.482
0.450
0.450
0.452
0.472
0.504
0.500
0.496
0.439
0.443
0.501
0.460
0.510
0.466
0.430
0.441
0.419
0.468
0.544
0.494
0.644
0.555
0.489
0.495
0.524
0.495
0.428
0.414
0.469
0.535
0.514
0.460
0.455
0.421
0.474
0.561
0.662
0.721
0.503
0.626
0.606
0.672
0.652
0.574
0.474
0.434
0.451
0.476
0.463
0.506
0.679
0.536
0.711
0.657
0.589
0.697
0.641
0.631
0.584
0.590
0.614
0.635
0.545
0.594
0.544
0.545
0.539
0.537
0.549
0.515
0.471
0.455
0.475
0.493
0.623
0.642
0.495
0.490
0.530
0.526
0.560
0.518
0.532
0.556
0.719
0.906
0.813
0.776
0.618
0.613
0.709
0.660
0.650
0.680
0.576
0.614
0.723
0.727
0.579
0.579
0.584
0.631
0.552
0.634
0.741
0.843
0.878
0.818
0.898
0.857
0.888
0.787
0.870
0.927
0.844
0.799
0.707
0.623
0.681
0.683
0.789
0.693
0.664
0.795
0.844
0.799
0.714
0.612
0.587
0.623
0.641
0.788
0.696
0.797
0.881
0.814
0.782
0.844
0.750
0.751
0.759
0.750
0.769
0.871
0.817
0.788
0.758
0.734
0.773
0.674
0.717
0.747
0.750
0.792
0.891
0.796
0.741
0.781
0.775
0.706
0.752
0.667
0.661
0.744
0.706
0.619
0.683
0.573
0.474
0.486
0.535
0.522
0.484
0.469
0.498
0.700
0.770
0.796
0.749
0.738
0.707
0.638
0.725
0.708
0.618
0.636
0.705
0.503
0.457
0.593
0.727
0.668
0.693
0.618
0.565
0.435
0.426
0.514
0.576
0.572
0.582
0.697
0.765
0.737
0.776
0.749
0.772
0.760
0.844
0.764
0.693
0.667
0.668
0.727
0.657
0.666
0.650
0.809
0.849
0.734
0.559
0.529
0.747
0.677
0.592
0.470
0.646
0.780
0.671
0.714
0.639
0.621
0.777
0.772
0.810
0.703
0.692
0.702
0.669
0.615
0.564
0.544
0.432
0.486
0.590
0.713
0.758
0.708
0.686
0.552
0.446
0.543
0.762
0.644
0.619
0.770
0.657
0.555
0.595
0.639
0.549
0.510
0.586
0.691
0.782
0.685
0.673
0.624
0.482
0.497
0.519
0.553
0.602
0.560
0.609
0.595
0.785
0.677
0.664
0.587
0.644
0.684
0.607
0.614
0.609
0.630
0.696
0.636
0.541
0.593
0.610
0.649
0.546
0.542
0.537
0.526
0.523
0.523
0.514
0.527
0.551
0.583
0.624
0.542
0.474
0.507
0.529
0.639
0.508
0.537
0.504
0.501
0.505
0.475
0.464
0.458
0.510
0.503
0.507
0.491
0.530
0.459
0.481
0.492
0.526
0.572
0.565
0.515
0.496
0.495
0.507
0.499
0.474
0.490
0.494
0.494
0.505
0.503
0.512
0.479
0.413
0.418
0.431
0.440
0.585
0.513
0.474
0.467
0.487
0.491
0.473
0.464
0.475
0.477
0.455
0.437
0.470
0.446
0.490
0.471
0.470
0.460
0.433
0.438
0.448
0.458
0.487
0.450
0.395
0.438
0.476
0.467
0.492
0.481
0.424
0.414
0.447
0.450
0.477
0.445
0.450
0.439
0.407
0.411
0.433
0.431
0.401
0.422
0.411
0.377
0.388
0.425
0.406
0.381
0.425
0.430
0.424
0.441
0.547
0.483
0.455
0.395
0.417
0.435
0.459
0.385
0.355
0.296
0.356
0.371
0.360
0.382
0.436
0.443
0.468
0.426
0.461
0.582
0.502
0.429
0.387
0.464
0.486
0.529
0.505
0.468
0.475
0.466
0.456
0.431
0.403
0.421
0.448
0.460
0.410
0.399
0.425
0.428
0.438
0.453
0.452
0.461
0.440
0.476
0.461
0.466
0.531
0.591
0.706
0.564
0.513
0.498
0.507
0.526
0.597
0.850
0.856
0.776
0.891
0.849
0.815
0.737
0.802
0.762
0.845
0.881
0.832
0.935
0.871
0.785
0.652
0.569
0.597
0.585
0.817
0.592
0.385
0.447
0.481
0.489
0.459
0.467
0.429
0.440
0.424
0.412
0.454
0.475
0.485
0.463
0.495
0.479
0.439
0.456
0.495
0.463
0.425
0.482
0.501
0.543
0.760
0.522
0.443
0.453
0.433
0.446
0.445
0.386
0.404
0.461
0.471
0.496
0.464
0.458
0.458
0.437
0.418
0.363
0.353
0.353
0.422
0.504
0.448
0.376
0.464
0.561
0.610
0.509
0.460
0.423
0.459
0.432
0.536
0.548
0.535
0.636
0.590
0.548
0.580
0.496
0.439
0.395
0.338
0.354
0.284
0.324
0.342
0.302
0.346
0.405
0.363
0.356
0.470
0.454
0.453
0.476
0.451
0.337
0.356
0.381
0.348
0.339
0.316
0.305
0.380
0.402
0.490
0.626
0.719
0.605
0.689
0.522
0.706
0.853
0.761
0.750
0.680
0.547
0.606
0.700
0.611
0.716
0.694
0.616
0.724
0.634
0.531
0.378
0.423
0.470
0.464
0.452
0.562
0.618
0.652
0.789
0.816
0.809
0.715
0.763
0.541
0.529
0.509
0.465
0.476
0.559
0.626
0.647
0.453
0.357
0.431
0.483
0.517
0.498
0.486
0.485
0.450
0.499
0.499
0.498
0.549
0.557
0.621
0.493
0.454
0.507
0.474
0.536
0.801
0.570
0.448
0.467
0.540
0.494
0.497
0.577
0.566
0.585
0.510
0.504
0.546
0.529
0.600
0.654
0.660
0.770
0.502
0.456
0.518
0.539
0.543
0.602
0.562
0.571
0.523
0.534
0.632
0.628
0.636
0.482
0.503
0.560
0.563
0.596
0.556
0.514
0.507
0.475
0.562
0.578
0.503
0.489
0.494
0.491
0.481
0.494
0.491
0.481
0.515
0.505
0.507
0.486
0.447
0.425
0.459
0.515
0.551
0.538
0.515
0.505
0.469
0.488
0.505
0.509
0.526
0.507
0.468
0.449
0.488
0.484
0.454
0.478
0.479
0.477
0.515
0.506
0.514
0.511
0.498
0.463
0.467
0.494
0.462
0.484
0.447
0.491
0.511
0.478
0.479
0.462
0.468
0.464
0.468
0.467
0.483
0.503
0.480
0.479
0.487
0.487
0.452
0.463
0.461
0.442
0.457
0.481
0.440
0.442
0.456
0.421
0.412
0.432
0.451
0.466
0.450
0.451
0.422
0.466
0.441
0.452
0.421
0.424
0.438
0.430
0.379
0.391
0.396
0.385
0.362
0.382
0.418
0.416
0.433
0.420
0.420
0.367
0.418
0.439
0.417
0.443
0.610
0.585
0.620
0.609
0.483
0.451
0.448
0.477
0.466
0.495
0.523
0.493
0.511
0.529
0.429
0.478
0.496
0.447
0.466
0.433
0.440
0.448
0.414
0.399
0.419
0.449
0.419
0.349
0.454
0.460
0.411
0.429
0.457
0.498
0.587
0.817
0.765
0.583
0.561
0.594
0.662
0.586
0.494
0.483
0.478
0.620
0.630
0.866
0.780
0.774
0.826
0.913
0.712
0.675
0.663
0.602
0.597
0.453
0.531
0.617
0.577
0.575
0.568
0.657
0.699
0.637
0.489
0.575
0.597
0.632
0.681
0.634
0.528
0.568
0.623
0.700
0.786
0.780
0.802
0.829
0.873
0.812
0.747
0.708
0.652
0.545
0.560
0.596
0.642
0.657
0.632
0.501
0.628
0.870
0.616
0.567
0.631
0.622
0.647
0.642
0.781
0.590
0.669
0.582
0.562
0.669
0.759
0.634
0.565
0.608
0.590
0.817
0.657
0.515
0.615
0.667
0.543
0.710
0.761
0.738
0.651
0.532
0.453
0.458
0.497
0.508
0.559
0.539
0.392
0.369
0.389
0.389
0.423
0.444
0.433
0.449
0.416
0.387
0.385
0.458
0.512
0.471
0.433
0.437
0.539
0.557
0.827
0.814
0.601
0.671
0.699
0.706
0.636
0.538
0.390
0.421
0.485
0.388
0.373
0.427
0.581
0.512
0.387
0.353
0.456
0.504
0.351
0.389
0.598
0.802
0.564
0.308
0.465
0.738
0.695
0.681
0.606
0.439
0.236
0.217
0.347
0.475
0.485
0.490
0.567
0.582
0.526
0.526
0.602
0.651
0.843
0.710
0.695
0.629
0.472
0.486
0.552
0.596
0.620
0.584
0.496
0.511
0.542
0.533
0.652
0.560
0.563
0.796
0.717
0.695
0.770
0.907
0.817
0.845
0.724
0.729
0.686
0.601
0.774
0.660
0.666
0.742
0.608
0.579
0.594
0.789
0.724
0.729
0.683
0.624
0.602
0.585
0.552
0.547
0.498
0.499
0.502
0.491
0.521
0.515
0.512
0.513
0.487
0.455
0.496
0.500
0.512
0.543
0.796
0.615
0.576
0.603
0.567
0.648
0.577
0.602
0.701
0.833
0.915
0.839
0.815
0.862
0.686
0.641
0.553
0.587
0.750
0.877
0.716
0.615
0.579
0.596
0.558
0.551
0.537
0.522
0.520
0.534
0.516
0.498
0.521
0.504
0.522
0.540
0.501
0.467
0.492
0.480
0.468
0.455
0.477
0.472
0.486
0.478
0.451
0.458
0.470
0.496
0.484
0.481
0.449
0.455
0.478
0.487
0.485
0.455
0.464
0.467
0.471
0.518
0.508
0.473
0.517
0.433
0.400
0.418
0.464
0.467
0.461
0.474
0.476
0.442
0.439
0.458
0.473
0.463
0.474
0.464
0.450
0.477
0.457
0.476
0.441
0.418
0.451
0.457
0.469
0.471
0.477
0.454
0.428
0.434
0.429
0.438
0.445
0.444
0.472
0.455
0.490
0.525
0.542
0.596
0.542
0.542
0.487
0.475
0.463
0.430
0.376
0.431
0.414
0.343
0.415
0.460
0.455
0.432
0.399
0.394
0.389
0.481
0.550
0.583
0.541
0.483
0.384
0.313
0.305
0.363
0.430
0.569
0.533
0.525
0.481
0.432
0.378
0.348
0.393
0.429
0.394
0.396
0.478
0.491
0.479
0.469
0.560
0.501
0.447
0.407
0.534
0.506
0.569
0.541
0.497
0.524
0.557
0.655
0.513
0.584
0.709
0.776
0.764
0.833
0.876
0.862
0.765
0.727
0.726
0.793
0.777
0.834
0.765
0.662
0.801
0.738
0.637
0.550
0.521
0.548
0.546
0.544
0.524
0.498
0.551
0.521
0.494
0.500
0.454
0.449
0.456
0.472
0.467
0.469
0.447
0.456
0.438
0.472
0.469
0.466
0.434
0.443
0.458
0.478
0.542
0.621
0.567
0.490
0.428
0.433
0.492
0.599
0.883
0.698
0.710
0.657
0.692
0.681
0.483
0.466
0.478
0.483
0.485
0.448
0.481
0.479
0.449
0.413
0.403
0.401
0.423
0.427
0.391
0.380
0.423
0.415
0.433
0.416
0.389
0.395
0.385
0.409
0.426
0.408
0.394
0.432
0.653
0.635
0.585
0.479
0.522
0.609
0.515
0.330
0.414
0.487
0.405
0.388
0.437
0.457
0.607
0.463
0.375
0.403
0.395
0.417
0.463
0.405
0.394
0.461
0.483
0.513
0.500
0.497
0.500
0.515
0.472
0.542
0.773
0.527
0.425
0.443
0.477
0.491
0.650
0.587
0.659
0.533
0.431
0.510
0.411
0.403
0.383
0.312
0.353
0.396
0.417
0.411
0.407
0.478
0.506
0.683
0.686
0.814
0.849
0.909
0.843
0.711
0.725
0.755
0.712
0.661
0.673
0.881
0.664
0.530
0.601
0.799
0.688
0.492
0.470
0.571
0.488
0.478
0.502
0.571
0.609
0.618
0.596
0.603
0.750
0.596
0.648
0.640
0.709
0.679
0.669
0.597
0.595
0.626
0.656
0.623
0.630
0.689
0.642
0.557
0.524
0.538
0.486
0.466
0.506
0.620
0.566
0.524
0.508
0.526
0.516
0.512
0.499
0.484
0.497
0.485
0.488
0.483
0.462
0.523
0.551
0.548
0.518
0.540
0.531
0.545
0.533
0.611
0.479
0.477
0.524
0.516
0.532
0.520
0.531
0.626
0.640
0.572
0.607
0.553
0.559
0.509
0.505
0.538
0.521
0.514
0.520
0.507
0.521
0.516
0.541
0.545
0.536
0.500
0.536
0.493
0.485
0.466
0.471
0.460
0.485
0.475
0.500
0.516
0.544
0.496
0.493
0.493
0.437
0.415
0.456
0.510
0.487
0.477
0.491
0.506
0.477
0.451
0.468
0.502
0.506
0.493
0.474
0.467
0.473
0.442
0.441
0.469
0.488
0.464
0.439
0.482
0.482
0.496
0.464
0.469
0.463
0.457
0.447
0.418
0.417
0.448
0.488
0.469
0.474
0.476
0.468
0.474
0.457
0.436
0.467
0.462
0.453
0.485
0.502
0.483
0.457
0.428
0.451
0.470
0.452
0.489
0.484
0.465
0.450
0.457
0.451
0.452
0.450
0.466
0.460
0.527
0.497
0.578
0.544
0.468
0.480
0.445
0.480
0.428
0.436
0.443
0.482
0.452
0.517
0.506
0.498
0.508
0.516
0.649
0.589
0.575
0.627
0.728
0.681
0.679
0.560
0.512
0.482
0.540
0.763
0.616
0.648
0.741
0.770
0.775
0.533
0.556
0.599
0.631
0.586
0.539
0.564
0.617
0.586
0.620
0.610
0.537
0.499
0.481
0.559
0.716
0.791
0.771
0.753
0.907
0.730
0.735
0.744
0.749
0.653
0.554
0.652
0.692
0.596
0.670
0.596
0.629
0.631
0.595
0.578
0.532
0.548
0.568
0.629
0.567
0.565
0.622
0.571
0.603
0.623
0.785
0.565
0.519
0.627
0.659
0.845
0.802
0.787
0.714
0.704
0.847
0.699
0.635
0.582
0.559
0.608
0.755
0.679
0.578
0.542
0.457
0.440
0.461
0.496
0.504
0.500
0.491
0.488
0.460
0.493
0.504
0.603
0.803
0.766
0.758
0.746
0.581
0.506
0.480
0.467
0.506
0.550
0.674
0.651
0.609
0.629
0.759
0.739
0.776
0.810
0.738
0.807
0.722
0.726
0.788
0.732
0.722
0.838
0.797
0.754
0.539
0.446
0.454
0.494
0.512
0.364
0.378
0.418
0.330
0.359
0.406
0.239
0.254
0.345
0.373
0.348
0.305
0.304
0.342
0.356
0.398
0.444
0.448
0.410
0.421
0.535
0.793
0.691
0.792
0.630
0.600
0.637
0.638
0.607
0.557
0.597
0.587
0.538
0.485
0.447
0.447
0.483
0.524
0.482
0.415
0.481
0.540
0.455
0.408
0.382
0.423
0.400
0.379
0.453
0.528
0.426
0.418
0.541
0.525
0.510
0.536
0.633
0.697
0.866
0.864
0.763
0.597
0.743
0.814
0.789
0.668
0.599
0.477
0.459
0.445
0.550
0.588
0.805
0.753
0.760
0.708
0.950
0.812
0.848
0.714
0.579
0.647
0.725
0.875
0.948
0.863
0.825
0.656
0.603
0.573
0.536
0.554
0.543
0.585
0.586
0.554
0.546
0.542
0.527
0.528
0.513
0.497
0.490
0.500
0.526
0.531
0.574
0.550
0.601
0.629
0.672
0.756
0.756
0.697
0.659
0.599
0.622
0.570
0.534
0.565
0.630
0.601
0.539
0.513
0.531
0.532
0.531
0.543
0.523
0.498
0.495
0.517
0.509
0.462
0.472
0.522
0.514
0.488
0.512
0.505
0.499
0.509
0.503
0.514
0.483
0.462
0.467
0.480
0.474
0.438
0.510
0.460
0.473
0.461
0.453
0.462
0.469
0.471
0.512
0.500
0.524
0.636
0.480
0.514
0.482
0.465
0.472
0.432
0.471
0.493
0.499
0.492
0.467
0.487
0.495
0.485
0.462
0.464
0.497
0.529
0.511
0.506
0.506
0.508
0.471
0.457
0.464
0.472
0.482
0.432
0.487
0.494
0.490
0.467
0.479
0.458
0.472
0.457
0.441
0.440
0.450
0.458
0.471
0.430
0.444
0.445
0.446
0.465
0.462
0.447
0.436
0.466
0.444
0.443
0.465
0.445
0.442
0.437
0.508
0.554
0.567
0.641
0.758
0.712
0.549
0.588
0.573
0.530
0.500
0.481
0.483
0.512
0.493
0.519
0.539
0.487
0.482
0.451
0.450
0.538
0.520
0.519
0.718
0.610
0.629
0.491
0.448
0.467
0.542
0.529
0.662
0.593
0.723
0.612
0.582
0.569
0.751
0.589
0.462
0.411
0.387
0.465
0.636
0.962
0.657
0.649
0.860
0.784
0.787
0.868
0.758
0.786
0.627
0.710
0.631
0.767
0.619
0.580
0.609
0.665
0.785
0.618
0.655
0.634
0.682
0.760
0.752
0.906
0.823
0.828
0.837
0.816
0.816
0.769
0.694
0.602
0.533
0.480
0.453
0.518
0.611
0.565
0.715
0.749
0.757
0.630
0.550
0.700
0.546
0.530
0.534
0.490
0.509
0.552
0.618
0.558
0.482
0.538
0.651
0.579
0.715
0.636
0.714
0.729
0.688
0.720
0.694
0.544
0.558
0.625
0.740
0.724
0.683
0.584
0.674
0.631
0.437
0.459
0.512
0.516
0.499
0.538
0.524
0.454
0.435
0.510
0.509
0.532
0.548
0.568
0.638
0.815
0.913
0.829
0.873
0.870
0.859
0.790
0.701
0.668
0.718
0.736
0.616
0.485
0.541
0.682
0.698
0.768
0.706
0.717
0.714
0.633
0.557
0.547
0.531
0.647
0.645
0.689
0.916
0.930
0.823
0.735
0.700
0.814
0.765
0.611
0.595
0.706
0.590
0.705
0.764
0.612
0.515
0.536
0.611
0.772
0.727
0.765
0.764
0.896
0.761
0.823
0.792
0.858
0.801
0.696
0.698
0.512
0.626
0.543
0.525
0.457
0.559
0.759
0.670
0.547
0.494
0.369
0.369
0.470
0.487
0.530
0.581
0.649
0.680
0.741
0.764
0.661
0.545
0.598
0.689
0.555
0.513
0.544
0.548
0.563
0.569
0.566
0.612
0.564
0.578
0.510
0.536
0.636
0.589
0.644
0.590
0.679
0.705
0.927
0.905
0.872
0.775
0.703
0.764
0.828
0.699
0.710
0.620
0.687
0.668
0.608
0.663
0.597
0.571
0.597
0.617
0.526
0.516
0.488
0.522
0.591
0.623
0.747
0.717
0.920
0.720
0.831
0.834
0.804
0.819
0.842
0.572
0.546
0.514
0.513
0.530
0.548
0.559
0.560
0.599
0.545
0.550
0.748
0.601
0.545
0.524
0.520
0.553
0.559
0.516
0.535
0.520
0.496
0.495
0.480
0.474
0.484
0.504
0.521
0.501
0.477
0.448
0.479
0.492
0.465
0.470
0.501
0.535
0.503
0.442
0.445
0.518
0.553
0.532
0.532
0.485
0.465
0.459
0.480
0.471
0.506
0.512
0.531
0.515
0.513
0.501
0.480
0.523
0.517
0.468
0.478
0.495
0.519
0.512
0.497
0.484
0.452
0.460
0.455
0.491
0.473
0.479
0.471
0.466
0.461
0.500
0.485
0.480
0.483
0.468
0.450
0.480
0.581
0.563
0.534
0.452
0.465
0.492
0.468
0.536
0.622
0.478
0.485
0.437
0.440
0.458
0.454
0.453
0.421
0.413
0.386
0.394
0.430
0.464
0.467
0.473
0.453
0.462
0.410
0.386
0.456
0.465
0.466
0.437
0.456
0.459
0.438
0.471
0.473
0.492
0.543
0.630
0.687
0.665
0.702
0.478
0.469
0.574
0.541
0.503
0.473
0.455
0.456
0.449
0.469
0.492
0.459
0.427
0.524
0.589
0.640
0.586
0.741
0.631
0.869
0.639
0.533
0.501
0.665
0.671
0.637
0.764
0.947
0.839
0.702
0.694
0.852
0.850
0.729
0.622
0.619
0.581
0.548
0.531
0.541
0.537
0.484
0.551
0.543
0.565
0.686
0.721
0.958
0.722
0.816
0.813
0.839
0.911
0.887
0.787
0.867
0.838
0.870
0.881
0.740
0.846
0.762
0.660
0.662
0.678
0.727
0.754
0.737
0.820
0.870
0.801
0.756
0.816
0.729
0.582
0.561
0.827
0.648
0.678
0.746
0.823
0.773
0.764
0.780
0.871
0.745
0.758
0.774
0.729
0.758
0.877
0.767
0.745
0.808
0.827
0.711
0.668
0.667
0.727
0.789
0.805
0.833
0.853
0.777
0.750
0.711
0.783
0.707
0.599
0.523
0.636
0.692
0.655
0.851
0.780
0.703
0.520
0.410
0.500
0.499
0.475
0.549
0.559
0.545
0.598
0.542
0.571
0.558
0.563
0.670
0.850
0.926
0.790
0.847
0.775
0.732
0.583
0.443
0.559
0.893
0.858
0.493
0.373
0.465
0.484
0.606
0.602
0.567
0.549
0.441
0.464
0.466
0.433
0.747
0.658
0.538
0.450
0.557
0.624
0.644
0.606
0.717
0.785
0.762
0.830
0.812
0.920
0.717
0.642
0.658
0.654
0.681
0.693
0.657
0.687
0.620
0.603
0.698
0.802
0.831
0.764
0.825
0.664
0.546
0.549
0.556
0.589
0.564
0.686
0.746
0.888
0.913
0.749
0.759
0.758
0.791
0.868
0.924
0.878
0.960
0.819
0.779
0.787
0.687
0.910
0.634
0.576
0.525
0.576
0.558
0.606
0.722
0.639
0.628
0.595
0.614
0.629
0.687
0.584
0.606
0.670
0.783
0.649
0.591
0.625
0.691
0.573
0.532
0.526
0.493
0.506
0.516
0.536
0.568
0.553
0.747
0.563
0.429
0.401
0.459
0.542
0.521
0.511
0.507
0.543
0.567
0.515
0.528
0.519
0.611
0.569
0.540
0.556
0.596
0.684
0.572
0.545
0.581
0.629
0.497
0.499
0.482
0.500
0.531
0.522
0.501
0.491
0.487
0.498
0.496
0.491
0.462
0.462
0.479
0.518
0.505
0.472
0.498
0.503
0.516
0.517
0.471
0.471
0.467
0.453
0.483
0.462
0.498
0.485
0.468
0.461
0.478
0.500
0.462
0.459
0.428
0.440
0.449
0.508
0.479
0.438
0.442
0.491
0.570
0.750
0.590
0.495
0.480
0.473
0.494
0.444
0.428
0.475
0.479
0.455
0.471
0.457
0.432
0.480
0.444
0.413
0.420
0.460
0.499
0.453
0.473
0.483
0.447
0.434
0.450
0.514
0.469
0.482
0.545
0.572
0.526
0.465
0.464
0.461
0.428
0.413
0.386
0.402
0.442
0.450
0.502
0.457
0.444
0.402
0.400
0.434
0.467
0.447
0.492
0.427
0.438
0.564
0.522
0.510
0.476
0.417
0.402
0.488
0.449
0.439
0.430
0.394
0.445
0.454
0.447
0.537
0.517
0.511
0.483
0.407
0.407
0.426
0.469
0.519
0.572
0.710
0.793
0.797
0.885
0.840
0.926
0.806
0.686
0.715
0.792
0.799
0.623
0.602
0.559
0.572
0.567
0.701
0.697
0.890
0.894
0.738
0.824
0.740
0.749
0.650
0.599
0.784
0.795
0.683
0.761
0.658
0.762
0.792
0.747
0.768
0.782
0.684
0.775
0.626
0.575
0.689
0.608
0.651
0.730
0.704
0.707
0.688
0.788
0.777
0.571
0.587
0.631
0.672
0.720
0.813
0.714
0.654
0.866
0.823
0.959
0.726
0.781
0.878
0.783
0.733
0.636
0.565
0.587
0.544
0.662
0.636
0.525
0.522
0.536
0.524
0.546
0.552
0.511
0.469
0.470
0.459
0.463
0.462
0.414
0.423
0.440
0.437
0.482
0.477
0.520
0.520
0.517
0.552
0.506
0.524
0.548
0.478
0.493
0.590
0.622
0.517
0.484
0.450
0.472
0.443
0.483
0.667
0.667
0.507
0.443
0.420
0.433
0.366
0.309
0.305
0.251
0.342
0.444
0.539
0.428
0.604
0.656
0.512
0.395
0.504
0.635
0.787
0.941
0.827
0.734
0.781
0.797
0.715
0.676
0.361
0.350
0.384
0.446
0.391
0.364
0.327
0.322
0.354
0.409
0.556
0.565
0.522
0.515
0.549
0.661
0.573
0.579
0.653
0.741
0.723
0.741
0.732
0.736
0.619
0.543
0.613
0.583
0.705
0.575
0.583
0.713
0.733
0.743
0.817
0.720
0.724
0.589
0.567
0.713
0.735
0.711
0.831
0.680
0.655
0.674
0.716
0.726
0.683
0.629
0.637
0.616
0.544
0.545
0.625
0.838
0.882
0.796
0.814
0.678
0.633
0.766
0.835
0.721
0.618
0.545
0.532
0.569
0.556
0.557
0.721
0.581
0.558
0.604
0.579
0.581
0.571
0.552
0.523
0.526
0.525
0.521
0.497
0.495
0.619
0.741
0.587
0.681
0.857
0.602
0.633
0.583
0.687
0.792
0.601
0.631
0.657
0.613
0.638
0.574
0.611
0.580
0.585
0.532
0.536
0.525
0.518
0.525
0.511
0.455
0.453
0.472
0.469
0.499
0.511
0.507
0.525
0.505
0.471
0.511
0.500
0.497
0.509
0.517
0.501
0.515
0.505
0.466
0.483
0.495
0.478
0.470
0.460
0.472
0.448
0.488
0.518
0.476
0.488
0.476
0.482
0.463
0.461
0.506
0.506
0.438
0.406
0.470
0.521
0.637
0.807
0.726
0.580
0.503
0.495
0.488
0.489
0.445
0.478
0.488
0.450
0.480
0.489
0.497
0.486
0.458
0.594
0.494
0.508
0.522
0.511
0.501
0.495
0.469
0.457
0.501
0.484
0.479
0.502
0.496
0.485
0.474
0.530
0.657
0.733
0.635
0.534
0.444
0.472
0.514
0.486
0.494
0.497
0.491
0.519
0.489
0.478
0.510
0.503
0.474
0.462
0.447
0.467
0.487
0.528
0.529
0.502
0.451
0.464
0.482
0.482
0.471
0.454
0.484
0.608
0.511
0.505
0.477
0.468
0.510
0.529
0.490
0.455
0.479
0.554
0.613
0.560
0.558
0.696
0.617
0.712
0.877
0.904
0.711
0.881
0.701
0.585
0.761
0.736
0.841
0.835
0.758
0.600
0.742
0.805
0.819
0.879
0.734
0.821
0.825
0.859
0.939
0.765
0.873
0.803
0.819
0.840
0.765
0.603
0.743
0.695
0.905
0.780
0.747
0.730
0.592
0.604
0.624
0.558
0.504
0.480
0.529
0.574
0.622
0.640
0.687
0.572
0.498
0.636
0.770
0.871
0.841
0.759
0.836
0.861
0.782
0.718
0.726
0.757
0.750
0.637
0.810
0.776
0.769
0.788
0.837
0.757
0.759
0.754
0.789
0.750
0.712
0.740
0.615
0.770
0.559
0.574
0.555
0.540
0.475
0.470
0.469
0.434
0.403
0.529
0.462
0.470
0.477
0.504
0.544
0.791
0.826
0.799
0.664
0.675
0.711
0.578
0.658
0.640
0.553
0.426
0.458
0.520
0.515
0.608
0.500
0.500
0.580
0.728
0.730
0.572
0.527
0.665
0.562
0.774
0.679
0.510
0.344
0.489
0.534
0.479
0.478
0.586
0.609
0.481
0.469
0.525
0.573
0.594
0.728
0.652
0.851
0.869
0.884
0.772
0.659
0.611
0.713
0.752
0.783
0.827
0.754
0.560
0.700
0.628
0.743
0.824
0.914
0.664
0.728
0.726
0.735
0.814
0.731
0.791
0.904
0.732
0.615
0.501
0.501
0.474
0.511
0.541
0.507
0.551
0.499
0.469
0.555
0.750
0.728
0.841
0.798
0.893
0.916
0.857
0.764
0.693
0.715
0.685
0.811
0.755
0.699
0.657
0.739
0.801
0.865
0.859
0.776
0.544
0.450
0.489
0.515
0.550
0.577
0.602
0.557
0.611
0.733
0.694
0.710
0.684
0.717
0.723
0.812
0.748
0.814
0.740
0.751
0.595
0.528
0.510
0.515
0.516
0.466
0.465
0.476
0.484
0.500
0.541
0.530
0.567
0.626
0.634
0.732
0.662
0.730
0.656
0.859
0.778
0.583
0.660
0.776
0.787
0.587
0.564
0.652
0.593
0.528
0.515
0.530
0.546
0.506
0.503
0.590
0.542
0.523
0.508
0.520
0.570
0.558
0.531
0.515
0.507
0.503
0.493
0.643
0.644
0.618
0.632
0.562
0.659
0.544
0.538
0.545
0.550
0.536
0.552
0.525
0.514
0.515
0.507
0.518
0.529
0.526
0.584
0.501
0.497
0.647
0.540
0.545
0.589
0.705
0.519
0.508
0.529
0.538
0.516
0.512
0.488
0.498
0.494
0.498
0.489
0.472
0.605
0.567
0.533
0.501
0.460
0.444
0.506
0.483
0.462
0.437
0.479
0.558
0.694
0.513
0.514
0.549
0.548
0.620
0.578
0.630
0.519
0.654
0.652
0.577
0.679
0.591
0.592
0.519
0.696
0.557
0.525
0.508
0.517
0.572
0.717
0.629
0.526
0.491
0.496
0.492
0.494
0.459
0.459
0.470
0.447
0.467
0.524
0.587
0.537
0.521
0.649
0.502
0.498
0.571
0.565
0.679
0.466
0.573
0.518
0.673
0.527
0.542
0.587
0.563
0.607
0.769
0.821
0.680
0.709
0.547
0.560
0.634
0.649
0.684
0.611
0.856
0.729
0.607
0.598
0.667
0.689
0.731
0.645
0.781
0.593
0.594
0.602
0.634
0.678
0.726
0.965
0.608
0.688
0.711
0.750
0.751
0.807
0.749
0.730
0.672
0.648
0.738
0.728
0.724
0.753
0.906
0.858
0.892
0.863
0.817
0.945
0.868
0.960
0.804
0.678
0.583
0.721
0.903
0.917
0.856
0.825
0.930
0.860
0.908
0.899
0.849
0.861
0.846
0.696
0.630
0.791
0.629
0.572
0.673
0.797
0.744
0.670
0.680
0.724
0.690
0.699
0.707
0.894
0.735
0.857
0.782
0.754
0.774
0.837
0.718
0.621
0.680
0.691
0.630
0.698
0.642
0.626
0.553
0.641
0.664
0.847
0.846
0.665
0.671
0.663
0.650
0.633
0.668
0.607
0.678
0.793
0.678
0.736
0.728
0.690
0.650
0.741
0.722
0.759
0.782
0.682
0.566
0.590
0.704
0.927
0.753
0.655
0.615
0.624
0.655
0.645
0.642
0.641
0.616
0.679
0.528
0.585
0.731
0.797
0.894
0.847
0.884
0.688
0.644
0.666
0.678
0.663
0.693
0.730
0.804
0.705
0.703
0.630
0.623
0.655
0.838
0.776
0.686
0.700
0.686
0.569
0.503
0.494
0.577
0.604
0.840
0.757
0.729
0.686
0.831
0.644
0.631
0.636
0.723
0.767
0.617
0.658
0.750
0.921
0.714
0.806
0.941
0.793
0.807
0.850
0.895
0.848
0.854
0.778
0.690
0.689
0.869
0.770
0.654
0.622
0.663
0.662
0.716
0.586
0.542
0.553
0.568
0.584
0.558
0.612
0.560
0.663
0.484
0.537
0.507
0.498
0.545
0.540
0.628
0.596
0.775
0.787
0.812
0.773
0.656
0.593
0.724
0.635
0.601
0.615
0.465
0.545
0.560
0.584
0.536
0.554
0.493
0.529
0.531
0.503
0.505
0.511
0.534
0.528
0.529
0.493
0.545
0.623
0.539
0.522
0.470
0.444
0.499
0.539
0.642
0.560
0.592
0.540
0.521
0.495
0.518
0.536
0.602
0.674
0.672
0.650
0.468
0.534
0.538
0.506
0.501
0.596
0.674
0.592
0.499
0.460
0.470
0.483
0.536
0.560
0.487
0.486
0.500
0.468
0.541
0.602
0.508
0.558
0.483
0.458
0.477
0.512
0.428
0.431
0.473
0.449
0.480
0.485
0.467
0.528
0.532
0.530
0.603
0.497
0.442
0.467
0.455
0.439
0.461
0.415
0.483
0.439
0.443
0.424
0.415
0.467
0.476
0.496
0.550
0.510
0.535
0.532
0.505
0.474
0.469
0.444
0.489
0.550
0.605
0.540
0.573
0.556
0.634
0.571
0.543
0.510
0.514
0.489
0.475
0.476
0.586
0.538
0.459
0.478
0.498
0.498
0.454
0.420
0.456
0.452
0.485
0.525
0.404
0.452
0.571
0.608
0.568
0.635
0.630
0.599
0.513
0.482
0.482
0.533
0.501
0.432
0.433
0.429
0.432
0.483
0.484
0.445
0.400
0.439
0.537
0.760
0.537
0.587
0.519
0.491
0.464
0.490
0.801
0.758
0.716
0.899
0.866
0.790
0.597
0.634
0.797
0.717
0.865
0.860
0.769
0.809
0.721
0.558
0.534
0.507
0.643
0.702
0.873
0.928
0.902
0.952
0.858
0.917
0.907
0.829
0.860
0.790
0.644
0.722
0.738
0.652
0.672
0.651
0.639
0.729
0.660
0.613
0.578
0.615
0.570
0.600
0.603
0.569
0.660
0.625
0.707
0.642
0.784
0.689
0.609
0.645
0.690
0.613
0.785
0.664
0.607
0.659
0.603
0.689
0.617
0.541
0.450
0.475
0.499
0.497
0.528
0.585
0.648
0.640
0.666
0.616
0.662
0.670
0.680
0.697
0.815
0.754
0.598
0.384
0.426
0.484
0.402
0.434
0.462
0.554
0.530
0.468
0.454
0.608
0.764
0.528
0.628
0.385
0.414
0.504
0.491
0.453
0.491
0.445
0.373
0.420
0.560
0.583
0.555
0.536
0.568
0.630
0.500
0.454
0.438
0.442
0.444
0.385
0.393
0.463
0.643
0.736
0.652
0.664
0.634
0.661
0.456
0.492
0.650
0.683
0.718
0.591
0.565
0.499
0.480
0.548
0.602
0.679
0.887
0.817
0.769
0.682
0.720
0.601
0.556
0.669
0.701
0.786
0.650
0.717
0.768
0.684
0.668
0.772
0.820
0.775
0.762
0.718
0.597
0.640
0.762
0.671
0.602
0.600
0.629
0.682
0.542
0.384
0.480
0.517
0.487
0.530
0.755
0.756
0.731
0.706
0.779
0.732
0.819
0.759
0.698
0.516
0.529
0.597
0.578
0.717
0.750
0.838
0.683
0.751
0.575
0.515
0.866
0.641
0.642
0.505
0.455
0.440
0.651
0.667
0.762
0.847
0.766
0.923
0.716
0.747
0.930
0.775
0.864
0.856
0.704
0.629
0.676
0.602
0.567
0.555
0.534
0.528
0.528
0.548
0.518
0.532
0.549
0.591
0.761
0.699
0.710
0.695
0.871
0.959
0.857
0.772
0.850
0.784
0.645
0.609
0.753
0.664
0.580
0.524
0.511
0.509
0.534
0.512
0.533
0.543
0.515
0.518
0.550
0.631
0.698
0.594
0.689
0.633
0.890
0.716
0.645
0.567
0.580
0.585
0.593
0.571
0.548
0.517
0.605
0.551
0.664
0.556
0.649
0.708
0.744
0.692
0.840
0.633
0.532
0.712
0.651
0.702
0.657
0.675
0.747
0.651
0.682
0.522
0.536
0.581
0.514
0.488
0.503
0.510
0.549
0.633
0.514
0.570
0.718
0.765
0.590
0.577
0.643
0.542
0.522
0.507
0.470
0.499
0.504
0.512
0.502
0.463
0.540
0.504
0.477
0.516
0.552
0.615
0.636
0.637
0.542
0.491
0.485
0.528
0.592
0.671
0.608
0.605
0.698
0.527
0.567
0.640
0.754
0.764
0.615
0.657
0.601
0.599
0.648
0.641
0.521
0.461
0.578
0.600
0.666
0.528
0.525
0.583
0.514
0.629
0.683
0.660
0.694
0.955
0.707
0.776
0.672
0.868
0.724
0.643
0.710
0.761
0.815
0.877
0.833
0.736
0.717
0.769
0.637
0.601
0.558
0.518
0.524
0.509
0.596
0.634
0.800
0.831
0.807
0.801
0.954
0.859
0.809
0.878
0.896
0.804
0.841
0.852
0.848
0.871
0.916
0.820
0.848
0.860
0.813
0.786
0.810
0.873
0.963
0.931
0.927
0.867
0.791
0.789
0.945
0.885
0.843
0.818
0.973
0.903
0.914
0.846
0.873
0.933
0.901
0.868
0.856
0.878
0.906
0.885
0.887
0.871
0.888
0.935
0.916
0.934
0.796
0.741
0.733
0.798
0.942
0.828
0.887
0.908
0.961
0.933
0.877
0.860
0.835
0.862
0.916
0.886
0.825
0.812
0.860
0.827
0.801
0.807
0.713
0.795
0.808
0.809
0.765
0.692
0.720
0.775
0.870
0.815
0.734
0.766
0.760
0.793
0.751
0.757
0.743
0.745
0.745
0.748
0.740
0.738
0.772
0.699
0.733
0.772
0.675
0.753
0.690
0.586
0.701
0.680
0.755
0.729
0.674
0.749
0.732
0.634
0.634
0.694
0.697
0.672
0.715
0.746
0.728
0.785
0.758
0.749
0.727
0.772
0.703
0.849
0.723
0.744
0.654
0.611
0.635
0.630
0.720
0.955
0.790
0.780
0.766
0.793
0.848
0.780
0.646
0.659
0.699
0.709
0.688
0.732
0.815
0.875
0.595
0.547
0.487
0.618
0.703
0.750
0.756
0.760
0.723
0.796
0.834
0.698
0.699
0.730
0.776
0.778
0.849
0.747
0.738
0.715
0.691
0.715
0.804
0.753
0.762
0.791
0.789
0.747
0.765
0.778
0.818
0.805
0.879
0.805
0.708
0.891
0.908
0.790
0.789
0.830
0.908
0.891
0.872
0.905
0.793
0.810
0.703
0.709
0.791
0.773
0.624
0.691
0.757
0.813
0.781
0.773
0.741
0.786
0.727
0.735
0.765
0.791
0.757
0.823
0.941
0.920
0.822
0.733
0.616
0.671
0.723
0.770
0.789
0.756
0.722
0.696
0.737
0.767
0.716
0.774
0.780
0.793
0.775
0.757
0.866
0.883
0.741
0.752
0.786
0.718
0.683
0.641
0.656
0.711
0.672
0.707
0.702
0.683
0.761
0.735
0.890
0.800
0.746
0.746
0.759
0.741
0.742
0.718
0.679
0.665
0.754
0.869
0.837
0.761
0.719
0.723
0.760
0.736
0.735
0.710
0.693
0.756
0.710
0.754
0.731
0.717
0.698
0.770
0.753
0.746
0.695
0.694
0.696
0.708
0.708
0.697
0.733
0.785
0.746
0.771
0.769
0.900
0.742
0.696
0.686
0.770
0.689
0.650
0.642
0.675
0.645
0.661
0.676
0.719
0.752
0.714
0.756
0.763
0.714
0.732
0.679
0.739
0.729
0.795
0.717
0.743
0.761
0.728
0.697
0.717
0.675
0.687
0.611
0.595
0.655
0.634
0.718
0.721
0.662
0.645
0.684
0.809
0.757
0.753
0.719
0.711
0.662
0.691
0.771
0.702
0.738
0.754
0.777
0.777
0.690
0.735
0.733
0.707
0.696
0.698
0.673
0.676
0.712
0.705
0.744
0.680
0.733
0.780
0.732
0.689
0.713
0.738
0.781
0.777
0.767
0.744
0.557
0.528
0.834
0.633
0.709
0.816
0.767
0.678
0.628
0.621
0.738
0.773
0.774
0.773
0.725
0.754
0.749
0.860
0.778
0.731
0.739
0.802
0.746
0.756
0.887
0.756
0.716
0.710
0.779
0.825
0.876
0.841
0.802
0.740
0.787
0.748
0.719
0.709
0.746
0.800
0.895
0.835
0.777
0.782
0.774
0.762
0.809
0.822
0.765
0.808
0.765
0.762
0.771
0.745
0.796
0.807
0.773
0.770
0.761
0.811
0.737
0.797
0.806
0.763
0.762
0.798
0.805
0.847
0.810
0.758
0.733
0.770
0.794
0.788
0.752
0.768
0.762
0.782
0.766
0.682
0.719
0.715
0.776
0.773
0.759
0.760
0.742
0.774
0.773
0.714
0.714
0.729
0.727
0.758
0.783
0.750
0.739
0.763
0.731
0.746
0.733
0.783
0.724
0.737
0.716
0.754
0.760
0.735
0.711
0.713
0.738
0.765
0.713
0.683
0.730
0.719
0.729
0.733
0.769
0.702
0.703
0.728
0.689
0.743
0.699
0.642
0.644
0.701
0.790
0.730
0.691
0.702
0.651
0.666
0.643
0.749
0.798
0.769
0.738
0.768
0.751
0.712
0.699
0.742
0.855
0.774
0.732
0.738
0.712
0.771
0.750
0.765
0.807
0.719
0.730
0.782
0.853
0.781
0.814
0.789
0.760
0.773
0.793
0.761
0.620
0.740
0.742
0.738
0.740
0.679
0.682
0.674
0.693
0.705
0.730
0.796
0.751
0.860
0.901
0.935
0.717
0.670
0.829
0.778
0.849
0.780
0.784
0.797
0.775
0.963
0.766
0.763
0.773
0.783
0.782
0.691
0.738
0.792
0.753
0.743
0.716
0.897
0.829
0.819
0.745
0.741
0.767
0.785
0.757
0.771
0.785
0.786
0.762
0.738
0.780
0.723
0.722
0.706
0.703
0.762
0.738
0.735
0.735
0.728
0.753
0.771
0.726
0.688
0.674
0.734
0.718
0.726
0.736
0.768
0.741
0.684
0.690
0.719
0.689
0.715
0.715
0.708
0.776
0.746
0.725
0.779
0.722
0.735
0.714
0.698
0.704
0.641
0.696
0.653
0.564
0.634
0.706
0.704
0.681
0.699
0.731
0.741
0.730
0.685
0.696
0.740
0.817
0.788
0.729
0.664
0.698
0.690
0.755
0.726
0.745
0.725
0.699
0.687
0.701
0.712
0.714
0.697
0.713
0.624
0.640
0.695
0.637
0.609
0.634
0.708
0.718
0.711
0.639
0.627
0.663
0.700
0.735
0.684
0.728
0.735
0.719
0.669
0.675
0.709
0.715
0.694
0.735
0.701
0.666
0.728
0.722
0.724
0.721
0.724
0.744
0.719
0.701
0.719
0.704
0.670
0.659
0.668
0.650
0.672
0.700
0.702
0.749
0.702
0.734
0.693
0.687
0.700
0.657
0.659
0.652
0.679
0.700
0.675
0.685
0.684
0.729
0.753
0.723
0.712
0.685
0.752
0.761
0.761
0.742
0.736
0.758
0.809
0.797
0.707
0.716
0.779
0.744
0.763
0.740
0.932
0.967
0.796
0.759
0.736
0.729
0.716
0.707
0.683
0.662
0.699
0.777
0.755
0.763
0.672
0.911
0.676
0.748
0.781
0.727
0.672
0.679
0.700
0.693
0.731
0.779
0.755
0.716
0.724
0.755
0.759
0.751
0.742
0.760
0.778
0.736
0.744
0.706
0.741
0.805
0.868
0.732
0.699
0.735
0.757
0.766
0.807
0.779
0.792
0.760
0.749
0.690
0.775
0.791
0.755
0.689
0.687
0.700
0.704
0.729
0.674
0.690
0.747
0.717
0.737
0.700
0.764
0.747
0.772
0.734
0.713
0.710
0.779
0.802
0.791
0.760
0.773
0.793
0.740
0.728
0.755
0.799
0.769
0.725
0.708
0.739
0.684
0.712
0.646
0.625
0.674
0.651
0.665
0.655
0.591
0.665
0.717
0.740
0.715
0.753
0.767
0.758
0.686
0.709
0.740
0.741
0.731
0.721
0.745
0.764
0.766
0.742
0.752
0.721
0.714
0.726
0.737
0.726
0.749
0.800
0.751
0.763
0.790
0.793
0.726
0.722
0.759
0.742
0.699
0.698
0.711
0.740
0.723
0.782
0.731
0.722
0.713
0.755
0.743
0.737
0.719
0.726
0.733
0.733
0.744
0.753
0.733
0.721
0.702
0.728
0.727
0.788
0.797
0.730
0.769
0.743
0.764
0.792
0.819
0.792
0.709
0.691
0.721
0.822
0.807
0.696
0.726
0.690
0.791
0.749
0.811
0.708
0.627
0.703
0.723
0.776
0.732
0.685
0.723
0.710
0.648
0.683
0.697
0.712
0.727
0.680
0.685
0.742
0.748
0.744
0.774
0.798
0.782
0.759
0.887
0.796
0.913
0.873
0.802
0.768
0.761
0.791
0.754
0.783
0.762
0.952
0.814
0.773
0.732
0.791
0.602
0.828
0.818
0.863
0.777
0.778
0.744
0.746
0.718
0.721
0.727
0.754
0.750
0.786
0.746
0.761
0.753
0.820
0.888
0.804
0.801
0.744
0.765
0.753
0.694
0.756
0.776
0.727
0.759
0.708
0.697
0.681
0.695
0.698
0.684
0.691
0.716
0.706
0.741
0.736
0.718
0.732
0.743
0.704
0.705
0.713
0.758
0.742
0.723
0.719
0.702
0.714
0.704
0.751
0.771
0.771
0.736
0.739
0.750
0.695
0.736
0.730
0.764
0.822
0.746
0.715
0.691
0.739
0.731
0.712
0.715
0.699
0.725
0.736
0.716
0.725
0.723
0.744
0.745
0.732
0.647
0.646
0.630
0.726
0.700
0.658
0.654
0.701
0.721
0.743
0.715
0.717
0.718
0.672
0.686
0.752
0.913
0.770
0.693
0.840
0.735
0.742
0.812
0.705
0.656
0.724
0.791
0.766
0.765
0.742
0.725
0.690
0.733
0.682
0.698
0.718
0.731
0.728
0.718
0.740
0.736
0.682
0.697
0.697
0.651
0.696
0.748
0.722
0.768
0.699
0.752
0.799
0.772
0.747
0.752
0.723
0.708
0.722
0.723
0.680
0.657
0.641
0.724
0.738
0.708
0.766
0.806
0.835
0.766
0.680
0.726
0.712
0.855
0.738
0.721
0.696
0.667
0.715
0.699
0.705
0.724
0.761
0.833
0.794
0.792
0.775
0.768
0.776
0.692
0.680
0.740
0.853
0.769
0.805
0.726
0.735
0.718
0.698
0.796
0.815
0.729
0.611
0.627
0.642
0.739
0.753
0.795
0.946
0.736
0.741
0.839
0.777
0.801
0.765
0.753
0.774
0.756
0.755
0.792
0.667
0.834
0.753
0.817
0.777
0.749
0.946
0.766
0.803
0.765
0.713
0.895
0.755
0.730
0.754
0.805
0.785
0.764
0.787
0.819
0.788
0.841
0.780
0.788
0.816
0.798
0.755
0.767
0.755
0.767
0.793
0.764
0.797
0.792
0.750
0.721
0.647
0.707
0.738
0.713
0.666
0.752
0.697
0.784
0.736
0.773
0.750
0.740
0.813
0.828
0.857
0.837
0.739
0.774
0.789
0.735
0.723
0.760
0.751
0.764
0.757
0.765
0.770
0.785
0.763
0.747
0.759
0.726
0.819
0.756
0.737
0.747
0.719
0.695
0.689
0.742
0.768
0.768
0.744
0.714
0.786
0.715
0.723
0.733
0.734
0.714
0.724
0.760
0.741
0.765
0.713
0.730
0.776
0.790
0.759
0.774
0.748
0.724
0.761
0.719
0.775
0.761
0.889
0.762
0.707
0.694
0.669
0.689
0.695
0.824
0.718
0.676
0.727
0.728
0.754
0.731
0.719
0.770
0.772
0.776
0.711
0.749
0.757
0.749
0.714
0.719
0.759
0.784
0.756
0.667
0.672
0.760
0.721
0.655
0.615
0.699
0.765
0.749
0.750
0.757
0.744
0.762
0.718
0.695
0.735
0.742
0.710
0.776
0.794
0.804
0.730
0.724
0.758
0.730
0.765
0.803
0.820
0.838
0.755
0.745
0.751
0.733
0.808
0.730
0.724
0.674
0.760
0.693
0.737
0.962
0.801
0.779
0.719
0.702
0.730
0.734
0.790
0.771
0.716
0.757
0.741
0.745
0.714
0.710
0.707
0.798
0.700
0.619
0.695
0.757
0.721
0.734
0.738
0.730
0.749
0.735
0.775
0.770
0.735
0.750
0.730
0.757
0.737
0.724
0.663
0.750
0.755
0.771
0.736
0.673
0.679
0.734
0.679
0.694
0.644
0.646
0.693
0.734
0.731
0.755
0.760
0.697
0.697
0.714
0.747
0.740
0.711
0.745
0.740
0.750
0.702
0.693
0.680
0.680
0.693
0.705
0.684
0.671
0.689
0.652
0.639
0.627
0.642
0.725
0.689
0.678
0.704
0.670
0.622
0.717
0.713
0.684
0.669
0.741
0.690
