19790101
0.598
0.604
0.666
0.723
0.799
0.785
0.781
0.763
0.768
0.749
0.672
0.625
0.627
0.665
0.855
0.787
0.686
0.670
0.726
0.665
0.600
0.828
0.768
0.755
0.750
0.604
0.637
0.876
0.785
0.780
0.583
0.639
0.737
0.526
0.432
0.537
0.563
0.544
0.561
0.611
0.583
0.655
0.654
0.513
0.613
0.576
0.691
0.605
0.592
0.464
0.490
0.501
0.466
0.523
0.576
0.615
0.660
0.692
0.720
0.699
0.780
0.759
0.810
0.818
0.820
0.885
0.930
0.949
0.887
0.819
0.882
0.907
0.891
0.888
0.900
0.908
0.872
0.890
0.880
0.991
0.904
0.905
0.907
0.991
0.992
0.909
0.849
0.861
0.860
0.875
0.891
0.872
0.859
0.867
0.859
0.840
0.831
0.730
0.674
0.589
0.530
0.546
0.525
0.619
0.597
0.691
0.623
0.640
0.595
0.611
0.866
0.807
0.760
0.744
0.833
0.931
0.751
0.735
0.877
0.765
0.801
0.754
0.712
0.653
0.613
0.593
0.538
0.490
0.556
0.560
0.577
0.588
0.593
0.596
0.652
0.633
0.697
0.602
0.681
0.678
0.688
0.800
0.751
0.745
0.684
0.637
0.611
0.564
0.633
0.695
0.582
0.554
0.598
0.640
0.600
0.607
0.724
0.639
0.752
0.566
0.530
0.524
0.548
0.513
0.567
0.529
0.505
0.542
0.517
0.497
0.497
0.490
0.499
0.519
0.523
0.497
0.500
0.498
0.481
0.469
0.485
0.498
0.603
0.667
0.684
0.701
0.673
0.437
0.415
0.404
0.433
0.423
0.426
0.504
0.561
0.520
0.494
0.459
0.509
0.628
0.468
0.436
0.476
0.437
0.442
0.427
0.385
0.406
0.398
0.412
0.412
0.482
0.451
0.427
0.442
0.439
0.438
0.428
0.447
0.446
0.425
0.403
0.413
0.421
0.424
0.433
0.443
0.464
0.464
0.433
0.423
0.458
0.468
0.509
0.562
0.639
0.819
0.762
0.634
0.550
0.689
0.605
0.581
0.761
0.767
0.681
0.562
0.635
0.535
0.536
0.582
0.736
0.551
0.533
0.519
0.580
0.631
0.689
0.629
0.558
0.694
0.530
0.483
0.528
0.595
0.555
0.569
0.555
0.489
0.487
0.484
0.500
0.475
0.549
0.547
0.602
0.630
0.612
0.681
0.662
0.607
0.742
0.697
0.771
0.841
0.729
0.823
0.818
0.849
0.826
0.853
0.824
0.810
0.834
0.826
0.789
0.837
0.842
0.801
0.852
0.910
0.852
0.863
0.827
0.860
0.853
0.797
0.797
0.760
0.719
0.758
0.769
0.741
0.752
0.727
0.765
0.715
0.792
0.795
0.793
0.945
0.839
0.876
0.814
0.785
0.726
0.802
0.810
0.794
0.754
0.712
0.613
0.654
0.643
0.629
0.691
0.578
0.614
0.600
0.603
0.576
0.578
0.570
0.568
0.572
0.570
0.603
0.640
0.602
0.636
0.695
0.790
0.774
0.744
0.779
0.808
0.827
0.705
0.694
0.767
0.711
0.636
0.674
0.736
0.742
0.787
0.715
0.714
0.598
0.570
0.547
0.535
0.471
0.495
0.573
0.611
0.702
0.691
0.671
0.721
0.702
0.727
0.721
0.696
0.692
0.589
0.506
0.482
0.587
0.555
0.464
0.420
0.469
0.564
0.588
0.635
0.686
0.684
0.719
0.788
0.760
0.772
0.751
0.707
0.617
0.676
0.614
0.420
0.439
0.391
0.386
0.493
0.544
0.729
0.820
0.715
0.746
0.673
0.633
0.669
0.579
0.562
0.553
0.541
0.545
0.602
0.628
0.756
0.797
0.875
0.819
0.813
0.807
0.706
0.710
0.728
0.474
0.694
0.779
0.809
0.802
0.756
0.795
0.649
0.778
0.487
0.799
0.838
0.754
0.625
0.854
0.489
0.678
0.679
0.470
0.774
0.801
0.767
0.803
0.778
0.525
0.736
0.757
0.719
0.815
0.738
0.742
0.673
0.626
0.823
0.786
0.568
0.525
0.467
0.472
0.464
0.489
0.491
0.534
0.539
0.549
0.616
0.614
0.723
0.656
0.755
0.808
0.754
0.831
0.601
0.590
0.553
0.501
0.526
0.605
0.626
0.658
0.543
0.552
0.616
0.657
0.623
0.559
0.825
0.626
0.560
0.557
0.552
0.498
0.538
0.531
0.517
0.522
0.526
0.516
0.528
0.552
0.736
0.682
0.666
0.557
0.657
0.663
0.579
0.543
0.519
0.529
0.528
0.519
0.534
0.502
0.485
0.482
0.490
0.497
0.476
0.496
0.620
0.549
0.493
0.501
0.482
0.498
0.446
0.434
0.479
0.481
0.454
0.584
0.673
0.671
0.689
0.697
0.726
0.751
0.750
0.747
0.755
0.775
0.771
0.781
0.786
0.776
0.770
0.787
0.796
0.785
0.780
0.780
0.796
0.795
0.789
0.786
0.776
0.787
0.840
0.805
0.752
0.747
0.784
0.763
0.756
0.747
0.746
0.735
0.713
0.697
0.669
0.635
0.609
0.578
0.473
0.445
0.412
0.420
0.430
0.459
0.437
0.449
0.411
0.391
0.366
0.356
0.383
0.401
0.411
0.432
0.417
0.395
0.406
0.470
0.459
0.460
0.481
0.447
0.437
0.422
0.401
0.413
0.402
0.434
0.415
0.446
0.505
0.509
0.470
0.472
0.486
0.512
0.498
0.499
0.423
0.418
0.437
0.493
0.485
0.518
0.701
0.691
0.625
0.583
0.709
0.748
0.835
0.733
0.788
0.821
0.809
0.814
0.813
0.790
0.796
0.813
0.778
0.776
0.855
0.756
0.705
0.726
0.775
0.790
0.716
0.676
0.696
0.703
0.708
0.786
0.879
0.839
0.797
0.791
0.795
0.734
0.806
0.644
0.867
0.767
0.830
0.779
0.786
0.776
0.727
0.674
0.871
0.659
0.783
0.872
0.702
0.649
0.747
0.709
0.677
0.691
0.656
0.668
0.629
0.632
0.597
0.750
0.747
0.734
0.746
0.730
0.687
0.652
0.594
0.554
0.563
0.528
0.509
0.514
0.592
0.593
0.636
0.609
0.629
0.823
0.758
0.730
0.689
0.681
0.689
0.610
0.594
0.744
0.656
0.744
0.861
0.782
0.810
0.814
0.838
0.833
0.774
0.527
0.523
0.557
0.500
0.525
0.543
0.508
0.612
0.781
0.852
0.729
0.569
0.715
0.706
0.703
0.841
0.680
0.797
0.785
0.692
0.701
0.673
0.739
0.529
0.539
0.707
0.567
0.555
0.593
0.488
0.593
0.758
0.690
0.544
0.564
0.563
0.612
0.454
0.592
0.589
0.569
0.636
0.659
0.596
0.634
0.675
0.526
0.612
0.547
0.577
0.610
0.736
0.687
0.567
0.518
0.512
0.532
0.586
0.716
0.737
0.714
0.847
0.819
0.829
0.825
0.858
0.833
0.801
0.775
0.894
0.844
0.915
0.900
0.882
0.849
0.847
0.918
0.871
0.910
0.893
0.849
0.749
0.835
0.759
0.841
0.786
0.824
0.800
0.723
0.754
0.782
0.793
0.778
0.691
0.614
0.600
0.610
0.526
0.544
0.688
0.606
0.650
0.645
0.786
0.626
0.624
0.664
0.657
0.767
0.629
0.712
0.616
0.599
0.681
0.666
0.743
0.732
0.798
0.784
0.867
0.925
0.862
0.839
0.725
0.713
0.962
0.931
0.783
0.762
0.719
0.735
0.667
0.628
0.627
0.659
0.642
0.568
0.534
0.550
0.556
0.594
0.577
0.638
0.575
0.662
0.719
0.668
0.607
0.727
0.615
0.704
0.636
0.560
0.585
0.589
0.865
0.622
0.635
0.683
0.550
0.518
0.545
0.550
0.550
0.503
0.580
0.556
0.520
0.506
0.542
0.509
0.525
0.516
0.506
0.524
0.530
0.508
0.527
0.738
0.763
0.630
0.805
0.766
0.773
0.780
0.765
0.775
0.780
0.802
0.810
0.803
0.804
0.804
0.800
0.822
0.812
0.810
0.890
0.809
0.805
0.805
0.800
0.804
0.816
0.801
0.790
0.795
0.792
0.783
0.780
0.765
0.778
0.762
0.760
0.726
0.748
0.748
0.723
0.700
0.706
0.684
0.657
0.608
0.538
0.512
0.530
0.534
0.524
0.511
0.487
0.504
0.538
0.518
0.629
0.514
0.492
0.464
0.455
0.503
0.482
0.517
0.533
0.472
0.533
0.506
0.490
0.475
0.466
0.470
0.513
0.579
0.549
0.533
0.571
0.542
0.478
0.457
0.484
0.513
0.547
0.415
0.448
0.412
0.435
0.402
0.447
0.439
0.490
0.481
0.433
0.460
0.558
0.696
0.773
0.780
0.794
0.720
0.814
0.840
0.846
0.833
0.875
0.882
0.874
0.842
0.829
0.840
0.843
0.822
0.742
0.707
0.777
0.758
0.780
0.779
0.645
0.781
0.822
0.806
0.863
0.848
0.805
0.710
0.744
0.744
0.661
0.602
0.830
0.737
0.844
0.626
0.669
0.816
0.818
0.938
0.757
0.807
0.796
0.780
0.824
0.766
0.833
0.849
0.860
0.800
0.706
0.728
0.681
0.706
0.827
0.760
0.859
0.678
0.623
0.677
0.757
0.804
0.775
0.680
0.606
0.637
0.710
0.672
0.661
0.698
0.725
0.661
0.742
0.809
0.729
0.785
0.837
0.705
0.724
0.665
0.609
0.580
0.602
0.605
0.643
0.670
0.800
0.714
0.790
0.782
0.806
0.813
0.879
0.885
0.838
0.746
0.732
0.782
0.735
0.660
0.811
0.765
0.731
0.771
0.689
0.449
0.491
0.608
0.742
0.790
0.667
0.611
0.583
0.612
0.612
0.686
0.649
0.524
0.513
0.545
0.525
0.615
0.654
0.611
0.629
0.616
0.562
0.574
0.570
0.581
0.649
0.678
0.754
0.723
0.735
0.847
0.758
0.788
0.791
0.746
0.821
0.788
0.762
0.701
0.673
0.607
0.660
0.626
0.825
0.745
0.812
0.746
0.764
0.774
0.762
0.731
0.710
0.651
0.728
0.735
0.786
0.792
0.822
0.777
0.829
0.759
0.725
0.697
0.725
0.794
0.722
0.903
0.717
0.707
0.758
0.749
0.740
0.780
0.782
0.762
0.765
0.804
0.782
0.830
0.899
0.774
0.764
0.787
0.797
0.729
0.828
0.734
0.727
0.717
0.744
0.826
0.660
0.612
0.636
0.755
0.628
0.568
0.648
0.548
0.664
0.687
0.603
0.591
0.631
0.640
0.601
0.615
0.591
0.592
0.534
0.582
0.555
0.601
0.543
0.518
0.572
0.610
0.551
0.604
0.658
0.575
0.591
0.736
0.598
0.737
0.637
0.668
0.686
0.680
0.617
0.542
0.536
0.511
0.480
0.477
0.482
0.491
0.494
0.504
0.514
0.559
0.530
0.567
0.559
0.547
0.540
0.491
0.489
0.471
0.483
0.471
0.495
0.488
0.502
0.508
0.460
0.436
0.424
0.456
0.475
0.464
0.417
0.405
0.452
0.483
0.485
0.485
0.490
0.496
0.507
0.517
0.513
0.474
0.510
0.507
0.543
0.497
0.465
0.444
0.457
0.471
0.489
0.479
0.439
0.475
0.465
0.476
0.483
0.500
0.638
0.620
0.524
0.495
0.495
0.474
0.457
0.452
0.433
0.402
0.450
0.478
0.491
0.422
0.441
0.399
0.431
0.417
0.427
0.425
0.438
0.425
0.413
0.416
0.427
0.416
0.405
0.407
0.408
0.383
0.409
0.417
0.355
0.347
0.377
0.390
0.429
0.409
0.422
0.405
0.407
0.397
0.390
0.393
0.423
0.460
0.438
0.427
0.504
0.414
0.399
0.422
0.474
0.461
0.423
0.384
0.388
0.398
0.381
0.398
0.437
0.571
0.604
0.659
0.579
0.525
0.596
0.614
0.604
0.624
0.659
0.568
0.616
0.725
0.748
0.747
0.738
0.691
0.706
0.686
0.537
0.503
0.544
0.594
0.756
0.721
0.757
0.741
0.755
0.784
0.658
0.568
0.631
0.702
0.715
0.652
0.583
0.660
0.747
0.810
0.783
0.833
0.771
0.731
0.725
0.636
0.592
0.707
0.759
0.659
0.536
0.495
0.533
0.522
0.532
0.536
0.560
0.597
0.621
0.631
0.607
0.520
0.532
0.603
0.697
0.643
0.521
0.509
0.495
0.506
0.585
0.566
0.546
0.629
0.539
0.507
0.634
0.608
0.594
0.645
0.562
0.540
0.499
0.559
0.583
0.606
0.712
0.634
0.559
0.595
0.511
0.506
0.574
0.590
0.536
0.604
0.572
0.523
0.605
0.592
0.605
0.560
0.594
0.578
0.555
0.526
0.513
0.522
0.531
0.531
0.692
0.618
0.555
0.568
0.517
0.518
0.512
0.508
0.473
0.495
0.484
0.458
0.498
0.446
0.482
0.530
0.525
0.605
0.590
0.565
0.446
0.448
0.564
0.638
0.569
0.569
0.755
0.776
0.733
0.663
0.601
0.573
0.615
0.541
0.444
0.488
0.540
0.519
0.485
0.494
0.456
0.441
0.457
0.476
0.457
0.505
0.506
0.450
0.507
0.554
0.520
0.504
0.552
0.651
0.581
0.629
0.588
0.666
0.607
0.570
0.508
0.481
0.465
0.546
0.807
0.607
0.397
0.418
0.412
0.445
0.427
0.533
0.671
0.691
0.683
0.549
0.606
0.538
0.633
0.523
0.639
0.678
0.525
0.529
0.692
0.559
0.617
0.641
0.642
0.549
0.656
0.710
0.725
0.665
0.581
0.642
0.582
0.606
0.755
0.653
0.654
0.715
0.729
0.742
0.618
0.760
0.746
0.802
0.657
0.660
0.627
0.646
0.622
0.589
0.520
0.510
0.539
0.516
0.550
0.523
0.484
0.478
0.505
0.581
0.692
0.721
0.727
0.892
0.637
0.673
0.674
0.604
0.556
0.574
0.502
0.682
0.713
0.666
0.574
0.542
0.470
0.472
0.511
0.467
0.453
0.533
0.660
0.529
0.554
0.602
0.491
0.452
0.526
0.484
0.548
0.451
0.454
0.438
0.427
0.437
0.505
0.670
0.431
0.425
0.470
0.452
0.465
0.461
0.471
0.456
0.475
0.446
0.489
0.489
0.526
0.509
0.538
0.568
0.491
0.507
0.488
0.472
0.442
0.515
0.491
0.516
0.541
0.470
0.473
0.454
0.476
0.473
0.444
0.393
0.411
0.453
0.472
0.453
0.485
0.496
0.470
0.458
0.452
0.446
0.446
0.477
0.457
0.449
0.425
0.430
0.447
0.466
0.461
0.412
0.385
0.442
0.388
0.391
0.397
0.424
0.387
0.394
0.393
0.389
0.407
0.403
0.398
0.425
0.444
0.393
0.382
0.406
0.441
0.389
0.385
0.401
0.405
0.369
0.453
0.475
0.427
0.416
0.388
0.400
0.395
0.429
0.465
0.449
0.411
0.393
0.376
0.366
0.413
0.422
0.398
0.386
0.376
0.387
0.398
0.385
0.353
0.343
0.365
0.398
0.504
0.481
0.437
0.512
0.605
0.672
0.639
0.577
0.514
0.611
0.711
0.727
0.818
0.796
0.689
0.650
0.785
0.815
0.862
0.822
0.748
0.741
0.772
0.680
0.712
0.685
0.689
0.815
0.797
0.749
0.747
0.772
0.729
0.720
0.709
0.673
0.733
0.744
0.837
0.875
0.696
0.727
0.618
0.693
0.736
0.554
0.507
0.553
0.523
0.490
0.521
0.641
0.523
0.518
0.510
0.619
0.651
0.621
0.692
0.531
0.515
0.614
0.773
0.704
0.706
0.693
0.677
0.618
0.673
0.628
0.681
0.577
0.581
0.685
0.593
0.606
0.626
0.687
0.577
0.541
0.519
0.514
0.515
0.606
0.648
0.570
0.469
0.539
0.513
0.688
0.578
0.640
0.620
0.598
0.727
0.687
0.766
0.750
0.693
0.710
0.646
0.678
0.535
0.520
0.540
0.564
0.560
0.561
0.663
0.612
0.647
0.638
0.635
0.640
0.663
0.604
0.657
0.730
0.660
0.532
0.561
0.643
0.620
0.608
0.613
0.699
0.678
0.735
0.724
0.659
0.606
0.574
0.627
0.694
0.720
0.743
0.821
0.723
0.707
0.726
0.668
0.723
0.671
0.602
0.638
0.672
0.633
0.642
0.704
0.718
0.674
0.590
0.585
0.572
0.545
0.685
0.621
0.769
0.759
0.743
0.606
0.522
0.589
0.752
0.676
0.727
0.766
0.662
0.655
0.565
0.700
0.789
0.821
0.721
0.782
0.719
0.703
0.868
0.786
0.726
0.761
0.686
0.685
0.720
0.576
0.707
0.658
0.699
0.714
0.561
0.751
0.708
0.658
0.707
0.725
0.763
0.763
0.637
0.480
0.626
0.760
0.683
0.807
0.688
0.736
0.729
0.778
0.686
0.736
0.741
0.730
0.665
0.645
0.502
0.460
0.447
0.562
0.631
0.570
0.657
0.619
0.800
0.761
0.693
0.853
0.801
0.863
0.870
0.626
0.760
0.638
0.543
0.589
0.735
0.734
0.738
0.758
0.731
0.607
0.601
0.532
0.638
0.632
0.918
0.724
0.559
0.583
0.636
0.586
0.784
0.577
0.542
0.556
0.579
0.524
0.576
0.548
0.455
0.479
0.498
0.463
0.462
0.491
0.528
0.495
0.538
0.724
0.610
0.551
0.545
0.573
0.501
0.540
0.606
0.612
0.632
0.629
0.594
0.546
0.581
0.614
0.566
0.592
0.530
0.552
0.529
0.536
0.501
0.509
0.504
0.503
0.456
0.459
0.494
0.489
0.448
0.448
0.447
0.502
0.482
0.486
0.494
0.523
0.496
0.542
0.595
0.527
0.500
0.471
0.476
0.489
0.463
0.475
0.513
0.477
0.441
0.423
0.444
0.451
0.488
0.568
0.485
0.524
0.521
0.526
0.536
0.513
0.491
0.439
0.446
0.456
0.435
0.411
0.394
0.430
0.423
0.417
0.432
0.450
0.489
0.483
0.571
0.530
0.515
0.496
0.520
0.487
0.518
0.653
0.530
0.558
0.558
0.825
0.680
0.639
0.698
0.618
0.695
0.650
0.646
0.510
0.478
0.451
0.507
0.547
0.549
0.559
0.665
0.708
0.621
0.629
0.754
0.734
0.711
0.640
0.625
0.713
0.641
0.607
0.617
0.679
0.713
0.745
0.714
0.721
0.689
0.760
0.791
0.845
0.840
0.823
0.949
0.820
0.823
0.852
0.841
0.772
0.923
0.806
0.878
0.920
0.823
0.834
0.758
0.727
0.804
0.798
0.854
0.640
0.618
0.640
0.718
0.633
0.638
0.726
0.634
0.730
0.592
0.617
0.620
0.643
0.632
0.703
0.738
0.710
0.671
0.576
0.510
0.532
0.582
0.696
0.665
0.630
0.619
0.651
0.658
0.742
0.712
0.631
0.677
0.665
0.670
0.677
0.644
0.578
0.613
0.624
0.586
0.583
0.552
0.543
0.560
0.517
0.514
0.526
0.500
0.485
0.562
0.617
0.660
0.719
0.651
0.689
0.611
0.689
0.657
0.787
0.843
0.749
0.769
0.721
0.657
0.621
0.730
0.709
0.846
0.783
0.818
0.814
0.738
0.730
0.712
0.764
0.727
0.704
0.763
0.685
0.773
0.683
0.622
0.512
0.454
0.444
0.497
0.590
0.591
0.544
0.516
0.443
0.421
0.451
0.417
0.406
0.457
0.436
0.410
0.408
0.377
0.435
0.588
0.605
0.577
0.548
0.582
0.576
0.521
0.543
0.558
0.579
0.590
0.628
0.553
0.484
0.472
0.648
0.754
0.734
0.706
0.614
0.705
0.683
0.588
0.702
0.747
0.626
0.577
0.721
0.591
0.547
0.643
0.655
0.672
0.651
0.627
0.728
0.705
0.817
0.749
0.754
0.820
0.693
0.664
0.606
0.661
0.639
0.656
0.523
0.456
0.470
0.603
0.554
0.531
0.552
0.525
0.519
0.558
0.572
0.613
0.618
0.592
0.703
0.726
0.769
0.786
0.697
0.762
0.674
0.546
0.633
0.689
0.794
0.566
0.713
0.602
0.645
0.694
0.829
0.776
0.832
0.757
0.613
0.623
0.841
0.890
0.566
0.522
0.641
0.618
0.600
0.537
0.541
0.503
0.483
0.437
0.455
0.611
0.483
0.562
0.592
0.532
0.539
0.485
0.470
0.491
0.459
0.435
0.427
0.394
0.398
0.421
0.402
0.427
0.417
0.415
0.418
0.418
0.379
0.396
0.395
0.417
0.403
0.396
0.394
0.487
0.455
0.481
0.411
0.417
0.418
0.371
0.391
0.361
0.408
0.433
0.438
0.453
0.542
0.441
0.431
0.418
0.418
0.451
0.444
0.421
0.429
0.426
0.428
0.422
0.453
0.501
0.500
0.491
0.659
0.497
0.531
0.492
0.496
0.478
0.429
0.416
0.431
0.429
0.435
0.501
0.533
0.439
0.434
0.472
0.543
0.439
0.431
0.453
0.444
0.446
0.440
0.440
0.428
0.434
0.452
0.449
0.443
0.450
0.507
0.657
0.453
0.462
0.480
0.459
0.440
0.406
0.419
0.434
0.449
0.434
0.449
0.535
0.548
0.632
0.524
0.492
0.661
0.524
0.495
0.513
0.487
0.463
0.443
0.434
0.458
0.528
0.522
0.447
0.454
0.636
0.573
0.584
0.496
0.502
0.611
0.648
0.617
0.584
0.523
0.541
0.690
0.612
0.681
0.540
0.593
0.463
0.442
0.454
0.534
0.583
0.574
0.553
0.571
0.667
0.730
0.625
0.644
0.658
0.761
0.773
0.880
0.809
0.776
0.774
0.723
0.607
0.660
0.642
0.734
0.687
0.685
0.663
0.803
0.646
0.637
0.669
0.606
0.609
0.587
0.602
0.572
0.555
0.498
0.498
0.542
0.599
0.520
0.575
0.582
0.721
0.657
0.646
0.629
0.652
0.618
0.601
0.729
0.702
0.723
0.757
0.718
0.812
0.713
0.749
0.625
0.697
0.769
0.682
0.731
0.603
0.540
0.480
0.468
0.473
0.487
0.576
0.572
0.500
0.504
0.658
0.569
0.506
0.621
0.710
0.669
0.555
0.484
0.456
0.552
0.664
0.635
0.598
0.518
0.579
0.625
0.530
0.591
0.549
0.522
0.562
0.666
0.588
0.658
0.672
0.616
0.653
0.570
0.585
0.592
0.629
0.680
0.675
0.667
0.787
0.611
0.648
0.676
0.741
0.706
0.671
0.709
0.689
0.664
0.603
0.585
0.629
0.661
0.552
0.593
0.716
0.796
0.732
0.739
0.617
0.741
0.807
0.771
0.734
0.714
0.682
0.671
0.892
0.837
0.839
0.944
0.840
0.766
0.715
0.742
0.690
0.688
0.706
0.748
0.703
0.622
0.672
0.724
0.717
0.811
0.697
0.701
0.637
0.602
0.540
0.503
0.523
0.593
0.609
0.598
0.535
0.518
0.639
0.574
0.618
0.621
0.559
0.573
0.602
0.824
0.632
0.792
0.704
0.674
0.727
0.640
0.780
0.607
0.623
0.508
0.511
0.563
0.616
0.711
0.628
0.742
0.804
0.842
0.710
0.911
0.660
0.632
0.595
0.639
0.713
0.596
0.635
0.586
0.551
0.540
0.525
0.591
0.588
0.582
0.544
0.523
0.521
0.610
0.673
0.593
0.614
0.571
0.594
0.443
0.433
0.489
0.560
0.484
0.460
0.479
0.505
0.529
0.497
0.544
0.695
0.941
-99.000
0.957
0.696
0.645
0.573
0.729
0.652
0.605
0.503
0.516
0.719
0.679
0.501
0.489
0.458
0.470
0.572
0.485
0.476
0.462
0.437
0.441
0.439
0.451
0.458
0.447
0.448
0.454
0.449
0.420
0.425
0.433
0.445
0.440
0.503
0.510
0.469
0.455
0.451
0.450
0.447
0.448
0.436
0.435
0.413
0.424
0.414
0.411
0.436
0.427
0.430
0.423
0.440
0.432
0.429
0.430
0.409
0.404
0.411
0.405
0.412
0.421
0.425
0.423
0.455
0.443
0.435
0.422
0.410
0.391
0.410
0.393
0.387
0.394
0.420
0.401
0.414
0.420
0.489
0.421
0.405
0.387
0.410
0.401
0.409
0.416
0.470
0.460
0.367
0.373
0.382
0.372
0.395
0.423
0.403
0.498
0.420
0.429
0.386
0.374
0.366
0.387
0.391
0.454
0.400
0.400
0.420
0.422
0.334
0.315
0.409
0.429
0.411
0.438
0.422
0.475
0.523
0.700
0.560
0.599
0.549
0.621
0.551
0.608
0.563
0.562
0.602
0.528
0.534
0.466
0.558
0.502
0.548
0.629
0.921
0.779
0.759
0.881
0.703
0.667
0.682
0.670
0.774
0.695
0.708
0.568
0.579
0.548
0.594
0.558
0.641
0.633
0.743
0.596
0.634
0.738
0.602
0.550
0.582
0.662
0.590
0.539
0.570
0.618
0.686
0.606
0.588
0.560
0.596
0.663
0.635
0.563
0.550
0.582
0.665
0.685
0.669
0.778
0.735
0.807
0.750
0.740
0.685
0.672
0.711
0.684
0.677
0.625
0.604
0.606
0.568
0.641
0.649
0.563
0.518
0.518
0.546
0.563
0.565
0.658
0.694
0.691
0.587
0.527
0.531
0.532
0.498
0.522
-99.000
-99.000
-99.000
-99.000
-99.000
-99.000
-99.000
-99.000
0.610
0.584
0.577
0.563
0.641
0.717
0.781
0.838
0.820
0.688
0.577
0.584
0.521
0.598
0.482
0.461
0.527
0.518
0.527
0.570
0.524
0.535
0.711
0.818
0.648
0.591
0.593
0.506
0.525
0.525
0.660
0.626
0.549
0.532
0.540
0.528
0.442
0.447
0.537
0.657
0.639
0.596
0.541
0.677
0.679
0.580
0.555
0.605
0.576
0.531
0.509
0.506
0.477
0.440
0.444
0.475
0.474
0.469
0.448
0.444
0.467
0.455
0.522
0.660
0.641
0.716
0.763
0.716
0.715
0.720
0.765
0.705
0.701
0.679
0.672
0.540
0.496
0.532
0.513
0.531
0.552
0.517
0.638
0.704
0.756
0.760
0.733
0.745
0.749
0.760
0.772
0.752
0.826
0.725
0.589
0.730
0.683
0.585
0.576
0.548
0.526
0.496
0.450
0.462
0.571
0.654
0.563
0.493
0.727
0.558
0.517
0.499
0.481
0.504
0.554
0.770
0.674
0.603
0.707
0.632
0.888
0.714
0.953
0.799
0.821
0.803
0.832
0.760
0.723
0.625
0.638
0.611
0.493
0.499
0.530
0.568
0.548
0.534
0.610
0.589
0.563
0.674
0.734
0.758
0.836
0.682
0.540
0.512
0.461
0.455
0.454
0.463
0.442
0.472
0.572
0.580
0.682
0.662
0.655
0.527
0.470
0.491
0.500
0.481
0.517
0.526
0.446
0.439
0.442
0.445
0.441
0.432
0.451
0.446
0.450
0.447
0.439
0.429
0.419
0.422
0.444
0.476
0.480
0.484
0.482
0.506
0.465
0.446
0.456
0.479
0.459
0.448
0.443
0.445
0.444
0.517
0.472
0.520
0.685
0.527
0.469
0.444
0.456
0.468
0.465
0.490
0.487
0.523
0.761
0.632
0.546
0.494
0.507
0.536
0.528
0.547
0.567
0.570
0.490
0.479
0.461
0.475
0.479
0.470
0.482
0.459
0.444
0.435
0.455
0.436
0.412
0.425
0.434
0.428
0.410
0.420
0.422
0.413
0.422
0.409
0.433
0.463
0.427
0.417
0.418
0.466
0.504
0.533
0.497
0.477
0.460
0.461
0.463
0.433
0.413
0.413
0.439
0.481
0.450
0.413
0.407
0.406
0.413
0.480
0.615
0.588
0.701
0.517
0.614
0.695
0.668
0.496
0.572
0.598
0.664
0.691
0.697
0.642
0.531
0.512
0.610
0.590
0.608
0.692
0.764
0.814
0.763
0.678
0.642
0.713
0.727
0.729
0.717
0.622
0.625
0.621
0.645
0.579
0.605
0.701
0.671
0.701
0.664
0.730
0.805
0.814
0.751
0.765
0.592
0.604
0.716
0.569
0.535
0.520
0.555
0.666
0.618
0.676
0.782
0.703
0.675
0.731
0.652
0.813
0.791
0.601
0.632
0.625
0.653
0.691
0.715
0.656
0.651
0.642
0.782
0.695
0.746
0.792
0.851
0.773
0.648
0.693
0.631
0.777
0.790
0.794
0.639
0.650
0.586
0.547
0.630
0.533
0.498
0.511
0.466
0.464
0.461
0.442
0.394
0.421
0.467
0.479
0.512
0.500
0.461
0.438
0.431
0.497
0.505
0.476
0.515
0.454
0.469
0.445
0.680
0.601
0.694
0.664
0.555
0.703
0.685
0.707
0.770
0.733
0.710
0.734
0.776
0.695
0.536
0.454
0.482
0.435
0.473
0.500
0.476
0.419
0.407
0.398
0.541
0.582
0.614
0.510
0.538
0.494
0.619
0.633
0.760
0.848
0.781
0.671
0.559
0.564
0.553
0.512
0.570
0.454
0.522
0.599
0.531
0.725
0.767
0.920
0.803
0.762
0.725
0.813
0.803
0.560
0.383
0.423
0.626
0.439
0.495
0.694
0.765
0.847
0.743
0.847
0.806
0.739
0.681
0.520
0.391
0.359
0.329
0.367
0.356
0.352
0.286
0.324
0.357
0.363
0.369
0.393
0.432
0.483
0.479
0.502
0.524
0.686
0.615
0.638
0.625
0.611
0.616
0.599
0.790
0.842
0.839
0.816
0.840
0.848
0.836
0.796
0.800
0.840
0.824
0.819
0.790
0.624
0.705
0.675
0.703
0.666
0.604
0.851
0.630
0.697
0.884
0.649
0.719
0.700
0.553
0.537
0.527
0.618
0.627
0.558
0.734
0.874
0.612
0.685
0.724
0.582
0.599
0.608
0.687
0.692
0.568
0.826
0.602
0.636
0.674
0.711
0.715
0.775
0.727
0.605
0.717
0.718
0.807
0.511
0.513
0.520
0.480
0.531
0.588
0.488
0.520
0.537
0.538
0.526
0.561
0.734
0.793
0.659
0.718
0.778
0.692
0.730
0.680
0.785
0.637
0.642
0.596
0.518
0.542
0.488
0.549
0.720
0.678
0.589
0.614
0.641
0.530
0.472
0.439
0.462
0.493
0.474
0.414
0.410
0.410
0.415
0.400
0.393
0.398
0.409
0.468
0.462
0.439
0.439
0.441
0.439
0.426
0.416
0.440
0.499
0.455
0.445
0.464
0.422
0.420
0.401
0.390
0.451
0.606
0.476
0.458
0.456
0.446
0.472
0.427
0.535
0.589
0.626
0.545
0.653
0.511
0.490
0.514
0.633
0.569
0.590
0.625
0.511
0.483
0.507
0.783
0.708
0.737
0.669
0.540
0.523
0.582
0.676
0.588
0.642
0.664
0.675
0.799
0.647
0.755
0.769
0.570
0.558
0.553
0.642
0.639
0.590
0.634
0.798
0.717
0.641
0.483
0.520
0.477
0.543
0.570
0.828
0.714
0.774
0.598
0.578
0.562
0.560
0.506
0.488
0.484
0.479
0.520
0.797
0.660
0.794
0.766
0.662
0.611
0.671
0.724
0.740
0.615
0.640
0.687
0.764
0.767
0.741
0.715
0.631
0.665
0.650
0.680
0.717
0.672
0.651
0.749
0.676
0.657
0.790
0.676
0.740
0.800
0.649
0.630
0.634
0.621
0.752
0.833
0.720
0.772
0.864
0.810
0.802
0.793
0.815
0.777
0.841
0.816
0.750
0.807
0.831
0.805
0.825
0.792
0.728
0.820
0.807
0.767
0.881
0.870
0.927
0.875
0.686
0.709
0.771
0.649
0.616
0.668
0.841
0.834
0.588
0.566
0.602
0.621
0.614
0.622
0.648
0.744
0.673
0.641
0.648
0.627
0.663
0.626
0.623
0.610
0.675
0.730
0.676
0.635
0.694
0.667
0.545
0.543
0.612
0.626
0.573
0.538
0.568
0.585
0.571
0.625
0.589
0.591
0.523
0.482
0.594
0.629
0.722
0.617
0.747
0.622
0.636
0.699
0.753
0.653
0.717
0.604
0.528
0.589
0.667
0.693
0.658
0.651
0.566
0.545
0.564
0.742
0.669
0.522
0.532
0.543
0.691
0.603
0.595
0.800
0.794
0.768
0.733
0.698
0.611
0.540
0.551
0.504
0.559
0.678
0.772
0.820
0.806
0.768
0.765
0.813
0.788
0.918
0.816
0.825
0.830
0.751
0.751
0.804
0.843
0.794
0.807
0.801
0.808
0.769
0.762
0.760
0.755
0.753
0.737
0.715
0.809
0.783
0.797
0.721
0.698
0.577
0.560
0.582
0.627
0.617
0.529
0.581
0.538
0.537
0.576
0.580
0.630
0.606
0.604
0.571
0.549
0.554
0.499
0.486
0.502
0.513
0.651
0.765
0.694
0.696
0.831
0.820
0.791
0.785
0.765
0.687
0.710
0.712
0.811
0.603
0.757
0.702
0.648
0.653
0.688
0.561
0.475
0.459
0.458
0.458
0.452
0.434
0.477
0.485
0.457
0.539
0.619
0.541
0.570
0.552
0.560
0.506
0.491
0.627
0.721
0.598
0.729
0.603
0.549
0.565
0.574
0.532
0.735
0.515
0.485
0.461
0.443
0.450
0.591
0.511
0.455
0.474
0.473
0.523
0.526
0.577
0.674
0.556
0.593
0.489
0.483
0.489
0.465
0.487
0.477
0.545
0.515
0.479
0.431
0.425
0.413
0.407
0.394
0.405
0.392
0.382
0.418
0.391
0.381
0.410
0.423
0.423
0.458
0.496
0.687
0.750
0.667
0.524
0.672
0.590
0.538
0.649
0.471
0.453
0.432
0.442
0.426
0.453
0.447
0.456
0.679
0.459
0.453
0.496
0.449
0.444
0.448
0.478
0.479
0.484
0.450
0.501
0.526
0.488
0.413
0.471
0.500
0.489
0.449
0.489
0.490
0.516
0.508
0.511
0.446
0.436
0.595
0.657
0.764
0.579
0.563
0.565
0.510
0.554
0.593
0.492
0.440
0.390
0.394
0.425
0.409
0.417
0.434
0.450
0.554
0.509
0.472
0.507
0.490
0.459
0.584
0.636
0.529
0.476
0.590
0.522
0.617
0.735
0.682
0.527
0.542
0.538
0.587
0.687
0.564
0.672
0.675
0.621
0.610
0.789
0.512
0.483
0.520
0.584
0.603
0.669
0.701
0.709
0.777
0.770
0.696
0.606
0.656
0.599
0.551
0.751
0.849
0.814
0.896
0.759
0.760
0.780
0.721
0.800
0.715
0.805
0.751
0.743
0.668
0.675
0.658
0.686
0.788
0.721
0.629
0.717
0.597
0.555
0.549
0.571
0.609
0.602
0.540
0.567
0.756
0.686
0.751
0.836
0.772
0.839
0.620
0.554
0.654
0.762
0.747
0.758
0.681
0.770
0.576
0.502
0.705
0.594
0.586
0.445
0.525
0.557
0.565
0.770
0.782
0.771
0.770
0.809
0.722
0.628
0.589
0.606
0.628
0.554
0.595
0.642
0.694
0.701
0.654
0.614
0.657
0.630
0.551
0.634
0.652
0.662
0.557
0.533
0.527
0.504
0.526
0.508
0.526
0.529
0.501
0.496
0.517
0.496
0.506
0.509
0.505
0.494
0.491
0.541
0.569
0.632
0.623
0.700
0.682
0.730
0.726
0.683
0.648
0.725
0.812
0.706
0.721
0.771
0.703
0.658
0.707
0.675
0.643
0.624
0.653
0.831
0.806
0.717
0.606
0.608
0.615
0.637
0.719
0.732
0.747
0.568
0.504
0.493
0.451
0.434
0.472
0.465
0.488
0.457
0.524
0.490
0.500
0.507
0.510
0.460
0.469
0.533
0.641
0.676
0.590
0.709
0.736
0.679
0.720
0.687
0.680
0.728
0.787
0.674
0.777
0.786
0.679
0.553
0.549
0.433
0.466
0.500
0.531
0.615
0.705
0.711
0.751
0.776
0.862
0.801
0.742
0.727
0.719
0.696
0.647
0.876
0.732
0.766
0.826
0.721
0.808
0.812
0.669
0.736
0.690
0.725
0.829
0.819
0.742
0.629
0.687
0.675
0.664
0.625
0.682
0.576
0.520
0.488
0.459
0.454
0.473
0.481
0.550
0.510
0.490
0.485
0.470
0.540
0.556
0.587
0.598
0.553
0.577
0.542
0.523
0.554
0.718
0.546
0.409
0.437
0.485
0.515
0.472
0.526
0.540
0.508
0.502
0.533
0.522
0.448
0.444
0.433
0.441
0.447
0.498
0.515
0.450
0.461
0.463
0.449
0.451
0.465
0.453
0.457
0.434
0.420
0.452
0.482
0.473
0.465
0.573
0.586
0.528
0.483
0.448
0.469
0.477
0.457
0.486
0.540
0.494
0.491
0.462
0.439
0.438
0.436
0.416
0.391
0.410
0.445
0.434
0.438
0.425
0.408
0.401
0.382
0.407
0.410
0.390
0.386
0.393
0.405
0.450
0.427
0.390
0.378
0.414
0.458
0.455
0.414
0.393
0.371
0.384
0.380
0.339
0.376
0.372
0.380
0.444
0.629
0.477
0.474
0.511
0.551
0.583
0.435
0.429
0.416
0.383
0.429
0.436
0.454
0.450
0.433
0.411
0.408
0.403
0.399
0.394
0.403
0.382
0.389
0.394
0.429
0.525
0.672
0.561
0.548
0.446
0.439
0.449
0.487
0.490
0.458
0.450
0.469
0.548
0.581
0.600
0.555
0.575
0.500
0.578
0.710
0.635
0.675
0.646
0.692
0.596
0.715
0.790
0.711
0.578
0.736
0.596
0.569
0.654
0.698
0.628
0.584
0.656
0.651
0.807
0.669
0.663
0.723
0.757
0.683
0.736
0.847
0.700
0.566
0.600
0.624
0.586
0.514
0.503
0.499
0.490
0.485
0.468
0.467
0.540
0.551
0.574
0.560
0.544
0.731
0.619
0.612
0.615
0.612
0.669
0.859
0.693
0.755
0.704
0.746
0.766
0.793
0.807
0.886
0.896
0.818
0.783
0.786
0.763
0.612
0.548
0.506
0.480
0.506
0.485
0.501
0.502
0.482
0.524
0.545
0.582
0.605
0.542
0.586
0.614
0.563
0.576
0.582
0.710
0.761
0.722
0.721
0.599
0.648
0.683
0.646
0.632
0.691
0.614
0.742
0.763
0.795
0.720
0.738
0.789
0.723
0.637
0.678
0.699
0.682
0.558
0.390
0.415
0.363
0.419
0.430
0.392
0.359
0.394
0.594
0.666
0.638
0.595
0.574
0.495
0.625
0.805
0.701
0.664
0.650
0.671
0.626
0.578
0.575
0.564
0.640
0.644
0.641
0.647
0.675
0.470
0.441
0.415
0.419
0.412
0.423
0.417
0.431
0.590
0.686
0.704
0.759
0.715
0.620
0.739
0.566
0.571
0.747
0.738
0.691
0.696
0.708
0.699
0.731
0.667
0.692
0.546
0.386
0.421
0.494
0.673
0.590
0.615
0.695
0.713
0.620
0.588
0.626
0.695
0.640
0.611
0.607
0.482
0.520
0.721
0.791
0.563
0.648
0.701
0.727
0.603
0.649
0.713
0.734
0.756
0.806
0.761
0.605
0.676
0.631
0.619
0.572
0.490
0.449
0.531
0.633
0.697
0.604
0.670
0.710
0.645
0.672
0.555
0.565
0.578
0.656
0.518
0.519
0.524
0.521
0.704
0.537
0.551
0.608
0.570
0.674
0.735
0.653
0.749
0.877
0.827
0.715
0.743
0.612
0.566
0.526
0.495
0.511
0.511
0.526
0.554
0.690
0.566
0.524
0.520
0.761
0.462
0.469
0.479
0.439
0.437
0.436
0.484
0.545
0.682
0.599
0.593
0.672
0.574
0.538
0.537
0.513
0.476
0.519
0.536
0.536
0.475
0.495
0.471
0.465
0.483
0.472
0.495
0.500
0.535
0.481
0.433
0.474
0.469
0.439
0.460
0.464
0.450
0.430
0.421
0.411
0.419
0.394
0.378
0.416
0.419
0.424
0.421
0.398
0.432
0.416
0.410
0.425
0.434
0.497
0.531
0.497
0.540
0.402
0.427
0.428
0.449
0.454
0.485
0.468
0.405
0.372
0.381
0.394
0.358
0.358
0.363
0.363
0.380
0.391
0.387
0.371
0.367
0.363
0.367
0.385
0.374
0.378
0.341
0.356
0.370
0.372
0.349
0.362
0.348
0.363
0.368
0.414
0.406
0.363
0.360
0.342
0.333
0.345
0.368
0.452
0.546
0.461
0.494
0.538
0.448
0.441
0.484
0.457
0.472
0.464
0.478
0.501
0.456
0.433
0.466
0.545
0.577
0.461
0.407
0.388
0.466
0.554
0.499
0.453
0.416
0.440
0.460
0.457
0.433
0.515
0.543
0.443
0.468
0.418
0.390
0.342
0.381
0.396
0.435
0.428
0.479
0.507
0.478
0.449
0.477
0.505
0.507
0.498
0.466
0.550
0.567
0.560
0.553
0.556
0.621
0.693
0.761
0.583
0.655
0.767
0.738
0.656
0.776
0.651
0.559
0.518
0.509
0.561
0.561
0.601
0.555
0.570
0.524
0.472
0.477
0.461
0.469
0.489
0.512
0.586
0.665
0.607
0.535
0.491
0.516
0.520
0.545
0.495
0.633
0.555
0.550
0.709
0.758
0.849
0.801
0.837
0.617
0.616
0.730
0.639
0.615
0.670
0.491
0.495
0.579
0.502
0.457
0.490
0.491
0.500
0.488
0.498
0.512
0.548
0.503
0.434
0.418
0.450
0.454
0.503
0.537
0.585
0.458
0.419
0.407
0.399
0.404
0.442
0.431
0.407
0.535
0.588
0.648
0.536
0.423
0.446
0.537
0.576
0.616
0.690
0.626
0.519
0.521
0.483
0.483
0.468
0.455
0.653
0.742
0.684
0.653
0.667
0.563
0.532
0.398
0.384
0.408
0.483
0.517
0.561
0.536
0.423
0.407
0.413
0.454
0.397
0.417
0.470
0.447
0.422
0.487
0.452
0.460
0.466
0.433
0.500
0.397
0.384
0.429
0.461
0.522
0.589
0.514
0.547
0.428
0.412
0.585
0.891
0.740
0.556
0.323
0.561
0.698
0.782
0.507
0.385
0.424
0.572
0.692
0.740
0.742
0.821
0.663
0.519
0.488
0.435
0.415
0.458
0.484
0.667
0.580
0.606
0.670
0.745
0.732
0.713
0.788
0.630
0.751
0.766
0.591
0.499
0.546
0.761
0.651
0.458
0.538
0.584
0.540
0.531
0.540
0.624
0.589
0.567
0.612
0.649
0.533
0.457
0.445
0.475
0.515
0.495
0.476
0.484
0.508
0.546
0.557
0.555
0.624
0.567
0.478
0.550
0.518
0.497
0.553
0.673
0.926
0.700
0.567
0.549
0.514
0.483
0.483
0.487
0.483
0.453
0.485
0.470
0.435
0.423
0.446
0.431
0.393
0.374
0.370
0.389
0.424
0.424
0.433
0.407
0.379
0.362
0.372
0.369
0.424
0.428
0.424
0.436
0.392
0.360
0.375
0.398
0.371
0.390
0.399
0.391
0.410
0.390
0.397
0.392
0.401
0.444
0.478
0.495
0.443
0.397
0.395
0.390
0.390
0.376
0.407
0.406
0.370
0.398
0.381
0.348
0.385
0.380
0.368
0.383
0.392
0.386
0.350
0.358
0.359
0.383
0.385
0.364
0.371
0.423
0.376
0.391
0.391
0.372
0.515
0.460
0.501
0.522
0.421
0.408
0.403
0.371
0.393
0.326
0.317
0.351
0.360
0.369
0.390
0.393
0.440
0.448
0.420
0.399
0.373
0.395
0.363
0.373
0.368
0.368
0.364
0.342
0.339
0.380
0.454
0.488
0.484
0.497
0.516
0.436
0.417
0.434
0.519
0.499
0.633
0.705
0.546
0.422
0.381
0.418
0.421
0.423
0.446
0.450
0.416
0.437
0.514
0.517
0.473
0.544
0.543
0.541
0.528
0.419
0.378
0.405
0.405
0.384
0.393
0.495
0.453
0.417
0.424
0.506
0.451
0.455
0.477
0.451
0.459
0.522
0.449
0.473
0.416
0.428
0.574
0.575
0.499
0.564
0.787
0.656
0.651
0.549
0.542
0.574
0.549
0.596
0.603
0.601
0.668
0.655
0.689
0.620
0.627
0.577
0.790
0.615
0.715
0.710
0.676
0.610
0.721
0.699
0.702
0.893
0.706
0.718
0.772
0.778
0.772
0.675
0.714
0.775
0.714
0.669
0.703
0.693
0.576
0.642
0.776
0.797
0.780
0.774
0.691
0.612
0.526
0.469
0.478
0.506
0.496
0.491
0.555
0.612
0.531
0.472
0.471
0.484
0.501
0.480
0.555
0.606
0.759
0.695
0.695
0.645
0.620
0.571
0.586
0.501
0.500
0.718
0.721
0.601
0.526
0.519
0.456
0.494
0.405
0.373
0.390
0.471
0.542
0.563
0.515
0.538
0.552
0.569
0.596
0.725
0.647
0.630
0.586
0.463
0.466
0.423
0.465
0.639
0.671
0.630
0.592
0.541
0.611
0.692
0.719
0.621
0.509
0.454
0.437
0.614
0.652
0.675
0.692
0.612
0.863
0.697
0.721
0.750
0.675
0.693
0.663
0.493
0.457
0.487
0.538
0.478
0.403
0.452
0.497
0.525
0.600
0.782
0.628
0.735
0.684
0.737
0.698
0.730
0.741
0.741
0.859
0.780
0.717
0.679
0.643
0.565
0.612
0.666
0.695
0.657
0.607
0.732
0.823
0.718
0.715
0.707
0.735
0.579
0.627
0.636
0.601
0.777
0.716
0.601
0.802
0.663
0.560
0.584
0.575
0.507
0.637
0.630
0.648
0.695
0.655
0.574
0.528
0.662
0.709
0.706
0.589
0.648
0.625
0.584
0.555
0.605
0.655
0.664
0.700
0.855
0.642
0.571
0.579
0.586
0.551
0.551
0.628
0.669
0.692
0.680
0.711
0.725
0.655
0.617
0.645
0.564
0.467
0.454
0.435
0.448
0.449
0.446
0.459
0.453
0.435
0.434
0.440
0.449
0.427
0.443
0.479
0.451
0.424
0.446
0.462
0.443
0.441
0.462
0.485
0.440
0.454
0.491
0.535
0.524
0.484
0.484
0.526
0.584
0.692
0.519
0.485
0.460
0.429
0.458
0.469
0.469
0.447
0.447
0.426
0.416
0.477
0.417
0.378
0.397
0.426
0.408
0.418
0.431
0.407
0.419
0.437
0.423
0.413
0.407
0.416
0.412
0.402
0.384
0.383
0.373
0.383
0.378
0.348
0.344
0.409
0.397
0.422
0.429
0.423
0.380
0.397
0.404
0.416
0.439
0.407
0.405
0.415
0.370
0.393
0.373
0.379
0.407
0.402
0.443
0.475
0.441
0.413
0.419
0.414
0.391
0.386
0.408
0.396
0.435
0.460
0.464
0.442
0.377
0.408
0.473
0.517
0.444
0.473
0.475
0.470
0.484
0.419
0.404
0.373
0.388
0.406
0.572
0.438
0.372
0.382
0.386
0.501
0.511
0.501
0.434
0.496
0.441
0.385
0.367
0.379
0.398
0.429
0.429
0.402
0.397
0.405
0.418
0.451
0.505
0.647
0.614
0.563
0.556
0.538
0.512
0.529
0.482
0.485
0.419
0.456
0.520
0.592
0.627
0.626
0.614
0.610
0.559
0.552
0.592
0.731
0.709
0.548
0.534
0.563
0.652
0.763
0.679
0.802
0.738
0.765
0.731
0.732
0.687
0.624
0.730
0.702
0.665
0.680
0.834
0.867
0.803
0.833
0.833
0.766
0.773
0.727
0.636
0.663
0.633
0.615
0.588
0.545
0.532
0.579
0.607
0.655
0.656
0.604
0.637
0.704
0.874
0.777
0.799
0.651
0.496
0.546
0.510
0.533
0.604
0.725
0.632
0.547
0.565
0.482
0.420
0.437
0.470
0.584
0.670
0.740
0.778
0.632
0.685
0.676
0.731
0.695
0.630
0.504
0.567
0.780
0.690
0.675
0.626
0.741
0.659
0.718
0.702
0.675
0.546
0.454
0.455
0.487
0.500
0.557
0.574
0.638
0.590
0.571
0.656
0.730
0.686
0.716
0.637
0.531
0.610
0.560
0.455
0.473
0.479
0.480
0.544
0.596
0.521
0.518
0.458
0.482
0.656
0.680
0.597
0.640
0.662
0.658
0.792
0.767
0.746
0.603
0.790
0.814
0.811
0.813
0.710
0.570
0.502
0.516
0.543
0.689
0.720
0.811
0.763
0.787
0.797
0.641
0.537
0.564
0.583
0.606
0.687
0.692
0.541
0.516
0.537
0.635
0.728
0.802
0.787
0.825
0.799
0.664
0.788
0.759
0.850
0.735
0.868
0.793
0.737
0.594
0.597
0.704
0.710
0.588
0.536
0.609
0.700
0.711
0.718
0.712
0.588
0.526
0.658
0.600
0.570
0.764
0.660
0.628
0.727
0.700
0.774
0.676
0.609
0.550
0.492
0.588
0.562
0.560
0.613
0.552
0.753
0.584
0.542
0.545
0.684
0.606
0.659
0.733
0.645
0.705
0.705
0.610
0.623
0.615
0.858
0.711
0.732
0.736
0.657
0.593
0.567
0.687
0.525
0.693
0.628
0.733
0.579
0.563
0.469
0.446
0.466
0.520
0.506
0.461
0.441
0.452
0.452
0.475
0.505
0.495
0.497
0.500
0.497
0.456
0.585
0.504
0.474
0.461
0.432
0.436
0.428
0.434
0.428
0.463
0.475
0.559
0.631
0.492
0.439
0.445
0.425
0.414
0.394
0.399
0.390
0.384
0.409
0.411
0.400
0.417
0.459
0.438
0.488
0.430
0.425
0.415
0.413
0.422
0.407
0.397
0.404
0.406
0.412
0.401
0.397
0.403
0.400
0.434
0.462
0.468
0.453
0.438
0.427
0.405
0.408
0.389
0.400
0.410
0.374
0.376
0.409
0.446
0.406
0.373
0.392
0.392
0.370
0.371
0.356
0.399
0.388
0.387
0.406
0.406
0.413
0.390
0.388
0.368
0.368
0.391
0.399
0.403
0.383
0.387
0.389
0.376
0.382
0.354
0.372
0.373
0.352
0.385
0.359
0.481
0.604
0.634
0.635
0.564
0.488
0.465
0.517
0.665
0.554
0.499
0.502
0.561
0.444
0.507
0.542
0.582
0.600
0.551
0.610
0.598
0.712
0.554
0.480
0.495
0.543
0.688
0.621
0.769
0.651
0.699
0.628
0.759
0.727
0.701
0.789
0.678
0.590
0.501
0.489
0.457
0.480
0.516
0.618
0.676
0.734
0.668
0.572
0.608
0.690
0.605
0.560
0.566
0.530
0.528
0.584
0.619
0.607
0.612
0.727
0.598
0.613
0.596
0.585
0.681
0.817
0.813
0.892
0.770
0.685
0.657
0.646
0.640
0.610
0.724
0.618
0.573
0.529
0.544
0.520
0.529
0.480
0.514
0.583
0.586
0.561
0.482
0.509
0.508
0.513
0.598
0.696
0.713
0.703
0.843
0.779
0.772
0.736
0.713
0.617
0.499
0.507
0.511
0.425
0.475
0.571
0.562
0.483
0.664
0.734
0.688
0.657
0.581
0.598
0.508
0.552
0.504
0.476
0.497
0.497
0.564
0.466
0.484
0.449
0.380
0.371
0.392
0.406
0.408
0.441
0.478
0.641
0.580
0.487
0.514
0.580
0.782
0.752
0.624
0.448
0.679
0.533
0.334
0.297
0.386
0.375
0.259
0.267
0.379
0.421
0.435
0.461
0.716
0.710
0.775
0.718
0.680
0.780
0.778
0.645
0.618
0.545
0.484
0.493
0.509
0.515
0.582
0.672
0.773
0.746
0.804
0.789
0.832
0.765
0.720
0.651
0.675
0.649
0.677
0.807
0.912
0.805
0.795
0.683
0.646
0.809
0.712
0.680
0.715
0.691
0.705
0.651
0.625
0.565
0.513
0.567
0.650
0.645
0.913
0.856
0.773
0.760
0.762
0.734
0.703
0.695
0.670
0.693
0.740
0.856
0.743
0.801
0.769
0.626
0.738
0.568
0.644
0.590
0.649
0.763
0.676
0.688
0.729
0.605
0.576
0.742
0.757
0.834
0.765
0.661
0.576
0.563
0.554
0.540
0.586
0.534
0.599
0.591
0.628
0.776
0.694
0.756
0.648
0.665
0.573
0.653
0.720
0.600
0.603
0.767
0.544
0.553
0.551
0.572
0.602
0.597
0.579
0.729
0.678
0.866
0.667
0.640
0.545
0.480
0.542
0.593
0.614
0.659
0.726
0.535
0.490
0.483
0.530
0.509
0.544
0.528
0.550
0.509
0.520
0.533
0.511
0.502
0.487
0.507
0.508
0.474
0.472
0.525
0.549
0.518
0.477
0.444
0.441
0.437
0.474
0.483
0.471
0.524
0.507
0.492
0.574
0.484
0.455
0.473
0.571
0.547
0.616
0.743
0.684
0.613
0.779
0.635
0.592
0.558
0.548
0.651
0.616
0.547
0.507
0.466
0.465
0.480
0.471
0.795
0.631
0.552
0.546
0.546
0.582
0.587
0.530
0.471
0.476
0.506
0.518
0.525
0.527
0.504
0.535
0.482
0.507
0.496
0.454
0.405
0.387
0.394
0.409
0.400
0.384
0.388
0.416
0.477
0.491
0.491
0.488
0.577
0.558
0.495
0.507
0.468
0.485
0.445
0.518
0.452
0.412
0.449
0.489
0.437
0.438
0.463
0.495
0.520
0.526
0.462
0.441
0.427
0.434
0.437
0.478
0.536
0.620
0.729
0.867
0.714
0.778
0.803
0.890
0.721
0.617
0.607
0.644
0.606
0.642
0.626
0.595
0.567
0.675
0.575
0.572
0.611
0.601
0.621
0.521
0.547
0.630
0.610
0.606
0.684
0.675
0.677
0.576
0.587
0.666
0.700
0.726
0.681
0.803
0.683
0.735
0.631
0.738
0.689
0.687
0.818
0.662
0.722
0.893
0.759
0.796
0.906
0.751
0.761
0.709
0.681
0.661
0.694
0.649
0.655
0.709
0.722
0.779
0.767
0.761
0.693
0.736
0.883
0.749
0.831
0.744
0.748
0.662
0.785
0.690
0.625
0.705
0.767
0.657
0.667
0.660
0.709
0.695
0.665
0.590
0.634
0.759
0.722
0.605
0.648
0.679
0.671
0.565
0.537
0.445
0.587
0.708
0.549
0.468
0.654
0.602
0.690
0.668
0.671
0.700
0.759
0.688
0.758
0.709
0.727
0.704
0.706
0.743
0.661
0.769
0.786
0.661
0.668
0.619
0.757
0.732
0.786
0.802
0.789
0.715
0.727
0.742
0.810
0.829
0.671
0.582
0.628
0.624
0.537
0.590
0.757
0.774
0.856
0.732
0.792
0.743
0.704
0.751
0.553
0.531
0.536
0.701
0.759
0.727
0.758
0.794
0.776
0.761
0.735
0.628
0.649
0.815
0.808
0.822
0.774
0.769
0.760
0.797
0.730
0.731
0.709
0.657
0.550
0.644
0.789
0.651
0.623
0.638
0.701
0.691
0.662
0.711
0.723
0.580
0.529
0.562
0.729
0.726
0.574
0.583
0.673
0.573
0.556
0.848
0.729
0.723
0.823
0.803
0.709
0.723
0.757
0.810
0.692
0.712
0.748
0.606
0.677
0.720
0.727
0.880
0.619
0.568
0.583
0.578
0.672
0.598
0.544
0.639
0.605
0.585
0.601
0.703
0.902
0.658
0.553
0.675
0.730
0.734
0.656
0.723
0.828
0.837
0.639
0.689
0.673
0.627
0.791
0.843
0.685
0.767
0.588
0.584
0.579
0.704
0.649
0.691
0.585
0.561
0.660
0.625
0.534
0.486
0.476
0.467
0.463
0.470
0.463
0.508
0.540
0.552
0.526
0.545
0.733
0.598
0.534
0.543
0.518
0.497
0.484
0.611
0.638
0.654
0.636
0.747
0.540
0.514
0.547
0.569
0.520
0.507
0.499
0.505
0.660
0.604
0.533
0.742
0.507
0.493
0.614
0.458
0.466
0.454
0.457
0.433
0.450
0.438
0.455
0.409
0.489
0.590
0.531
0.452
0.518
0.553
0.539
0.480
0.458
0.461
0.450
0.442
0.456
0.469
0.428
0.462
0.532
0.516
0.417
0.512
0.469
0.415
0.417
0.390
0.357
0.449
0.623
0.506
0.491
0.509
0.636
0.519
0.556
0.710
0.754
0.675
0.538
0.518
0.526
0.597
0.537
0.533
0.586
0.598
0.523
0.478
0.517
0.576
0.515
0.437
0.430
0.429
0.442
0.427
0.414
0.442
0.445
0.450
0.417
0.466
0.427
0.399
0.463
0.435
0.488
0.467
0.465
0.506
0.457
0.456
0.446
0.479
0.607
0.664
0.667
0.600
0.588
0.765
0.625
0.679
0.769
0.680
0.735
0.781
0.673
0.736
0.742
0.750
0.833
0.683
0.592
0.568
0.593
0.588
0.596
0.610
0.628
0.584
0.590
0.641
0.613
0.643
0.516
0.541
0.491
0.494
0.585
0.628
0.683
0.610
0.628
0.626
0.591
0.685
0.817
0.806
0.792
0.856
0.715
0.712
0.705
0.756
0.822
0.726
0.726
0.771
0.648
0.761
0.874
0.810
0.727
0.823
0.753
0.842
0.827
0.837
0.745
0.606
0.681
0.712
0.690
0.650
0.637
0.612
0.572
0.593
0.538
0.497
0.504
0.520
0.534
0.537
0.527
0.546
0.566
0.513
0.624
0.613
0.664
0.662
0.634
0.704
0.760
0.728
0.728
0.688
0.651
0.690
0.649
0.610
0.646
0.683
0.745
0.767
0.718
0.777
0.744
0.720
0.769
0.747
0.710
0.672
0.659
0.644
0.612
0.627
0.608
0.698
0.678
0.744
0.789
0.714
0.716
0.664
0.588
0.697
0.798
0.747
0.724
0.735
0.686
0.730
0.754
0.636
0.687
0.638
0.531
0.549
0.592
0.631
0.501
0.483
0.490
0.486
0.466
0.470
0.452
0.462
0.468
0.475
0.481
0.565
0.593
0.491
0.451
0.367
0.390
0.376
0.407
0.437
0.425
0.432
0.526
0.498
0.531
0.563
0.623
0.682
0.670
0.713
0.772
0.672
0.635
0.656
0.602
0.795
0.755
0.783
0.705
0.620
0.594
0.616
0.528
0.534
0.573
0.507
0.517
0.531
0.553
0.571
0.587
0.624
0.558
0.495
0.619
0.601
0.542
0.545
0.660
0.907
0.836
0.770
0.659
0.832
0.869
0.855
0.838
0.863
0.899
0.629
0.560
0.524
0.520
0.472
0.506
0.524
0.520
0.665
0.527
0.487
0.489
0.555
0.566
0.565
0.565
0.566
0.504
0.534
0.491
0.453
0.444
0.457
0.535
0.569
0.684
0.624
0.616
0.776
0.747
0.703
0.596
0.601
0.614
0.736
0.637
0.665
0.661
0.713
0.836
0.741
0.756
0.672
0.590
0.596
0.743
0.610
0.568
0.586
0.523
0.493
0.486
0.502
0.493
0.537
0.527
0.520
0.533
0.596
0.716
0.558
0.510
0.494
0.455
0.427
0.411
0.414
0.436
0.465
0.441
0.463
0.459
0.434
0.439
0.442
0.426
0.424
0.423
0.410
0.430
0.422
0.413
0.389
0.398
0.421
0.414
0.414
0.423
0.426
0.432
0.463
0.461
0.452
0.429
0.411
0.392
0.398
0.378
0.376
0.387
0.389
0.374
0.378
0.387
0.374
0.397
0.384
0.397
0.391
0.381
0.375
0.396
0.416
0.379
0.359
0.358
0.363
0.357
0.401
0.412
0.375
0.364
0.343
0.344
0.373
0.391
0.434
0.566
0.444
0.445
0.541
0.537
0.579
0.683
0.598
0.481
0.461
0.416
0.402
0.381
0.364
0.384
0.343
0.408
0.470
0.533
0.578
0.535
0.571
0.612
0.564
0.476
0.423
0.457
0.490
0.489
0.436
0.495
0.438
0.491
0.424
0.432
0.399
0.465
0.505
0.597
0.664
0.530
0.627
0.666
0.822
0.850
0.840
0.770
0.710
0.722
0.626
0.621
0.656
0.670
0.539
0.632
0.662
0.554
0.603
0.498
0.499
0.448
0.445
0.460
0.486
0.502
0.487
0.531
0.513
0.596
0.673
0.770
0.741
0.936
0.925
0.726
0.787
0.666
0.742
0.686
0.729
0.620
0.609
0.726
0.880
0.754
0.676
0.750
0.718
0.761
0.846
0.772
0.671
0.498
0.492
0.507
0.463
0.454
0.453
0.468
0.496
0.482
0.505
0.590
0.646
0.660
0.588
0.619
0.624
0.501
0.515
0.499
0.444
0.404
0.402
0.385
0.399
0.450
0.436
0.474
0.429
0.431
0.362
0.356
0.397
0.409
0.481
0.505
0.525
0.514
0.559
0.477
0.527
0.490
0.521
0.522
0.452
0.589
0.528
0.414
0.445
0.414
0.413
0.397
0.408
0.382
0.367
0.393
0.513
0.451
0.443
0.439
0.597
0.383
0.390
0.596
0.736
0.531
0.590
0.859
0.904
0.778
0.742
0.761
0.729
0.631
0.585
0.464
0.400
0.516
0.455
0.443
0.462
0.488
0.404
0.603
0.562
0.443
0.490
0.568
0.672
0.464
0.474
0.414
0.406
0.409
0.422
0.445
0.507
0.765
0.678
0.585
0.427
0.412
0.489
0.642
0.561
0.464
0.402
0.505
0.672
0.745
0.614
0.748
0.651
0.573
0.632
0.569
0.607
0.754
0.815
0.622
0.619
0.724
0.854
0.736
0.806
0.749
0.681
0.664
0.598
0.621
0.775
0.858
0.738
0.629
0.785
0.739
0.640
0.748
0.886
0.744
0.852
0.648
0.583
0.639
0.649
0.710
0.719
0.770
0.640
0.695
0.714
0.668
0.761
0.739
0.625
0.708
0.687
0.720
0.641
0.569
0.815
0.652
0.554
0.523
0.512
0.486
0.503
0.445
0.451
0.487
0.465
0.474
0.452
0.522
0.647
0.651
0.726
0.850
0.823
0.877
0.768
0.592
0.533
0.511
0.495
0.512
0.517
0.532
0.510
0.521
0.490
0.464
0.442
0.446
0.460
0.499
0.508
0.464
0.487
0.507
0.475
0.552
0.674
0.565
0.490
0.468
0.449
0.453
0.431
0.401
0.407
0.440
0.440
0.480
0.452
0.492
0.539
0.588
0.534
0.482
0.472
0.465
0.417
0.422
0.451
0.459
0.459
0.466
0.452
0.464
0.437
0.455
0.462
0.469
0.463
0.505
0.511
0.463
0.450
0.462
0.417
0.411
0.417
0.411
0.433
0.474
0.566
0.610
0.502
0.450
0.544
0.518
0.495
0.451
0.453
0.443
0.447
0.445
0.446
0.486
0.646
0.582
0.475
0.428
0.441
0.461
0.464
0.461
0.411
0.417
0.447
0.406
0.442
0.449
0.451
0.467
0.449
0.417
0.441
0.562
0.627
0.460
0.444
0.631
0.576
0.449
0.498
0.453
0.486
0.463
0.453
0.433
0.400
0.503
0.492
0.492
0.475
0.473
0.497
0.493
0.509
0.444
0.429
0.451
0.445
0.543
0.540
0.734
0.590
0.466
0.407
0.414
0.397
0.405
0.495
0.677
0.572
0.520
0.520
0.575
0.746
0.601
0.501
0.501
0.515
0.660
0.871
0.748
0.843
0.843
0.850
0.682
0.573
0.536
0.593
0.816
0.770
0.823
0.855
0.781
0.785
0.907
0.747
0.726
0.825
0.677
0.611
0.639
0.683
0.661
0.603
0.590
0.611
0.715
0.710
0.857
0.686
0.679
0.680
0.694
0.767
0.741
0.738
0.786
0.792
0.792
0.832
0.853
0.877
0.734
0.817
0.803
0.770
0.818
0.814
0.659
0.633
0.618
0.584
0.615
0.671
0.542
0.662
0.679
0.796
0.720
0.590
0.548
0.560
0.634
0.603
0.797
0.786
0.796
0.691
0.812
0.854
0.862
0.802
0.731
0.667
0.595
0.624
0.615
0.643
0.832
0.755
0.731
0.628
0.625
0.648
0.699
0.750
0.766
0.542
0.526
0.552
0.635
0.695
0.774
0.637
0.686
0.593
0.531
0.662
0.737
0.698
0.734
0.788
0.683
0.796
0.606
0.588
0.558
0.577
0.571
0.593
0.661
0.789
0.695
0.731
0.696
0.767
0.721
0.906
0.763
0.849
0.804
0.949
0.809
0.801
0.811
0.775
0.852
0.813
0.774
0.707
0.727
0.689
0.783
0.627
0.625
0.509
0.506
0.535
0.561
0.584
0.689
0.802
0.854
0.816
0.833
0.757
0.715
0.760
0.714
0.650
0.683
0.530
0.549
0.623
0.730
0.780
0.703
0.646
0.700
0.625
0.797
0.691
0.704
0.819
0.724
0.763
0.829
0.804
0.731
0.761
0.716
0.828
0.636
0.545
0.539
0.551
0.536
0.497
0.479
0.493
0.569
0.789
0.768
0.868
0.864
0.774
0.696
0.751
0.743
0.659
0.769
0.827
0.773
0.731
0.773
0.748
0.845
0.774
0.791
0.823
0.815
0.649
0.582
0.576
0.579
0.527
0.517
0.603
0.540
0.527
0.510
0.500
0.593
0.570
0.666
0.547
0.613
0.625
0.563
0.548
0.511
0.633
0.657
0.631
0.724
0.688
0.615
0.644
0.625
0.596
0.775
0.728
0.710
0.749
0.753
0.664
0.702
0.616
0.544
0.550
0.578
0.561
0.642
0.626
0.588
0.845
0.755
0.599
0.574
0.579
0.559
0.586
0.566
0.501
0.511
0.525
0.463
0.453
0.454
0.453
0.425
0.426
0.416
0.425
0.432
0.430
0.424
0.444
0.433
0.436
0.524
0.459
0.442
0.414
0.405
0.431
0.441
0.423
0.407
0.438
0.445
0.423
0.440
0.428
0.470
0.514
0.466
0.454
0.508
0.451
0.450
0.478
0.466
0.398
0.442
0.423
0.398
0.370
0.395
0.513
0.542
0.539
0.733
0.585
0.470
0.567
0.524
0.445
0.415
0.394
0.420
0.525
0.478
0.434
0.516
0.504
0.490
0.545
0.655
0.805
0.569
0.646
0.574
0.708
0.661
0.656
0.486
0.477
0.475
0.465
0.431
0.471
0.669
0.586
0.742
0.705
0.687
0.774
0.643
0.755
0.642
0.617
0.677
0.689
0.568
0.602
0.564
0.518
0.503
0.565
0.545
0.493
0.467
0.419
0.446
0.508
0.644
0.660
0.656
0.537
0.537
0.544
0.637
0.619
0.618
0.594
0.704
0.853
0.871
0.780
0.650
0.680
0.717
0.703
0.694
0.785
0.606
0.626
0.681
0.819
0.640
0.635
0.614
0.645
0.605
0.605
0.655
0.785
0.836
0.791
0.842
0.826
0.776
0.732
0.782
0.807
0.810
0.841
0.709
0.649
0.776
0.678
0.799
0.747
0.766
0.786
0.847
0.787
0.766
0.653
0.607
0.692
0.664
0.848
0.741
0.809
0.910
0.812
0.814
0.811
0.718
0.822
0.762
0.709
0.758
0.687
0.786
0.749
0.739
0.749
0.740
0.724
0.747
0.704
0.783
0.759
0.801
0.722
0.687
0.749
0.707
0.690
0.764
0.685
0.664
0.757
0.740
0.662
0.677
0.653
0.518
0.545
0.617
0.550
0.462
0.535
0.537
0.776
0.800
0.776
0.753
0.698
0.723
0.692
0.762
0.766
0.636
0.699
0.715
0.548
0.507
0.672
0.821
0.687
0.677
0.634
0.618
0.470
0.500
0.613
0.607
0.660
0.661
0.727
0.699
0.805
0.827
0.754
0.757
0.759
0.865
0.838
0.805
0.742
0.744
0.751
0.677
0.721
0.716
0.805
0.834
0.723
0.510
0.573
0.788
0.688
0.581
0.477
0.641
0.860
0.708
0.753
0.627
0.699
0.856
0.752
0.795
0.749
0.665
0.697
0.758
0.619
0.550
0.647
0.440
0.574
0.673
0.745
0.761
0.749
0.701
0.556
0.471
0.578
0.789
0.655
0.675
0.774
0.686
0.605
0.623
0.711
0.679
0.609
0.579
0.756
0.826
0.720
0.716
0.682
0.534
0.504
0.554
0.582
0.629
0.681
0.652
0.636
0.747
0.750
0.713
0.655
0.713
0.792
0.691
0.711
0.622
0.680
0.773
0.692
0.599
0.712
0.707
0.746
0.582
0.550
0.543
0.562
0.535
0.510
0.525
0.551
0.566
0.618
0.676
0.617
0.551
0.537
0.541
0.691
0.549
0.501
0.520
0.501
0.467
0.479
0.501
0.550
0.569
0.523
0.531
0.519
0.678
0.532
0.516
0.480
0.478
0.609
0.657
0.524
0.502
0.505
0.498
0.474
0.457
0.460
0.468
0.456
0.454
0.489
0.496
0.492
0.438
0.436
0.417
0.439
0.613
0.483
0.456
0.445
0.449
0.493
0.652
0.524
0.536
0.556
0.504
0.412
0.445
0.404
0.469
0.439
0.410
0.438
0.444
0.466
0.487
0.489
0.430
0.422
0.447
0.438
0.432
0.436
0.440
0.400
0.335
0.354
0.381
0.383
0.395
0.385
0.356
0.352
0.315
0.345
0.375
0.360
0.339
0.371
0.368
0.354
0.396
0.427
0.389
0.374
0.399
0.415
0.441
0.474
0.588
0.475
0.497
0.436
0.461
0.527
0.548
0.433
0.423
0.367
0.394
0.328
0.319
0.373
0.402
0.399
0.476
0.450
0.505
0.566
0.490
0.444
0.425
0.460
0.502
0.542
0.572
0.483
0.464
0.480
0.468
0.436
0.425
0.416
0.404
0.388
0.360
0.378
0.421
0.395
0.389
0.394
0.395
0.400
0.383
0.412
0.471
0.543
0.582
0.547
0.617
0.631
0.624
0.566
0.556
0.594
0.616
0.755
0.778
0.747
0.797
0.774
0.777
0.786
0.823
0.804
0.835
0.757
0.760
0.838
0.811
0.794
0.644
0.588
0.660
0.613
0.765
0.579
0.457
0.492
0.531
0.490
0.478
0.500
0.456
0.492
0.449
0.418
0.418
0.516
0.537
0.525
0.535
0.508
0.500
0.504
0.496
0.500
0.480
0.508
0.501
0.597
0.602
0.591
0.501
0.539
0.529
0.492
0.440
0.427
0.456
0.497
0.470
0.459
0.497
0.517
0.528
0.463
0.438
0.397
0.406
0.409
0.514
0.579
0.418
0.391
0.548
0.573
0.747
0.546
0.491
0.445
0.493
0.465
0.657
0.566
0.509
0.589
0.555
0.578
0.611
0.517
0.462
0.415
0.351
0.377
0.350
0.339
0.383
0.317
0.350
0.456
0.369
0.372
0.414
0.384
0.395
0.410
0.395
0.320
0.344
0.367
0.346
0.375
0.401
0.356
0.402
0.551
0.602
0.716
0.671
0.598
0.713
0.524
0.724
0.762
0.720
0.692
0.653
0.510
0.566
0.750
0.677
0.809
0.720
0.634
0.661
0.568
0.531
0.353
0.436
0.477
0.490
0.465
0.606
0.701
0.720
0.840
0.875
0.832
0.748
0.789
0.555
0.534
0.552
0.531
0.510
0.583
0.597
0.618
0.455
0.406
0.560
0.565
0.507
0.551
0.563
0.521
0.502
0.556
0.514
0.525
0.574
0.641
0.625
0.510
0.483
0.578
0.492
0.552
0.778
0.592
0.489
0.463
0.580
0.532
0.501
0.629
0.754
0.585
0.527
0.511
0.537
0.550
0.608
0.751
0.673
0.771
0.535
0.504
0.526
0.580
0.615
0.698
0.607
0.600
0.542
0.539
0.588
0.610
0.693
0.524
0.560
0.681
0.576
0.669
0.606
0.496
0.485
0.471
0.584
0.628
0.582
0.523
0.533
0.508
0.474
0.459
0.442
0.431
0.464
0.490
0.471
0.480
0.470
0.472
0.472
0.532
0.546
0.487
0.443
0.443
0.426
0.412
0.406
0.419
0.428
0.419
0.410
0.423
0.414
0.414
0.390
0.419
0.421
0.422
0.442
0.469
0.508
0.488
0.517
0.497
0.474
0.439
0.516
0.604
0.433
0.542
0.498
0.507
0.464
0.421
0.391
0.385
0.411
0.443
0.436
0.448
0.415
0.411
0.426
0.415
0.405
0.422
0.436
0.425
0.395
0.398
0.367
0.346
0.375
0.357
0.366
0.392
0.395
0.382
0.389
0.358
0.360
0.373
0.357
0.368
0.366
0.373
0.429
0.421
0.364
0.361
0.326
0.305
0.306
0.342
0.358
0.393
0.384
0.378
0.353
0.340
0.433
0.540
0.454
0.495
0.705
0.620
0.714
0.619
0.476
0.436
0.429
0.469
0.490
0.489
0.509
0.487
0.530
0.604
0.450
0.512
0.494
0.435
0.488
0.468
0.484
0.406
0.385
0.401
0.446
0.453
0.448
0.427
0.476
0.467
0.443
0.448
0.483
0.528
0.602
0.671
0.744
0.626
0.625
0.597
0.696
0.589
0.537
0.510
0.498
0.691
0.629
0.741
0.729
0.825
0.802
0.884
0.744
0.757
0.688
0.626
0.621
0.487
0.562
0.742
0.638
0.618
0.688
0.676
0.760
0.703
0.569
0.601
0.601
0.683
0.738
0.638
0.565
0.530
0.725
0.778
0.785
0.799
0.817
0.769
0.769
0.737
0.749
0.759
0.675
0.595
0.638
0.685
0.689
0.715
0.695
0.574
0.610
0.760
0.647
0.615
0.727
0.632
0.689
0.729
0.833
0.708
0.713
0.678
0.629
0.780
0.784
0.697
0.601
0.572
0.601
0.853
0.542
0.490
0.651
0.633
0.559
0.798
0.737
0.761
0.698
0.577
0.563
0.506
0.666
0.504
0.612
0.626
0.444
0.380
0.388
0.434
0.464
0.448
0.475
0.473
0.439
0.366
0.409
0.455
0.498
0.474
0.459
0.461
0.566
0.554
0.797
0.631
0.551
0.606
0.695
0.703
0.597
0.634
0.393
0.460
0.505
0.398
0.398
0.490
0.583
0.463
0.364
0.362
0.482
0.491
0.386
0.409
0.714
0.778
0.551
0.316
0.482
0.707
0.748
0.683
0.568
0.464
0.321
0.283
0.405
0.715
0.667
0.561
0.740
0.752
0.691
0.580
0.692
0.646
0.892
0.710
0.822
0.671
0.530
0.521
0.590
0.665
0.629
0.624
0.564
0.560
0.679
0.708
0.754
0.768
0.623
0.750
0.704
0.657
0.730
0.798
0.722
0.754
0.735
0.767
0.756
0.660
0.755
0.681
0.674
0.719
0.633
0.612
0.569
0.704
0.714
0.766
0.763
0.611
0.724
0.632
0.650
0.588
0.531
0.503
0.461
0.451
0.485
0.470
0.443
0.463
0.460
0.429
0.461
0.472
0.504
0.530
0.848
0.646
0.603
0.596
0.643
0.721
0.651
0.574
0.648
0.804
0.781
0.828
0.793
0.905
0.752
0.716
0.593
0.611
0.694
0.941
0.740
0.659
0.549
0.645
0.598
0.622
0.586
0.523
0.493
0.476
0.476
0.466
0.459
0.448
0.467
0.441
0.428
0.414
0.410
0.399
0.412
0.412
0.405
0.394
0.411
0.406
0.421
0.419
0.430
0.482
0.493
0.446
0.417
0.433
0.437
0.423
0.403
0.417
0.406
0.406
0.431
0.458
0.438
0.442
0.556
0.492
0.411
0.438
0.431
0.398
0.406
0.396
0.395
0.391
0.409
0.396
0.386
0.374
0.388
0.386
0.388
0.383
0.408
0.420
0.377
0.365
0.362
0.383
0.397
0.378
0.370
0.348
0.361
0.377
0.370
0.372
0.368
0.368
0.384
0.410
0.455
0.497
0.570
0.596
0.577
0.642
0.555
0.448
0.440
0.407
0.391
0.410
0.364
0.314
0.327
0.372
0.400
0.412
0.370
0.404
0.383
0.413
0.532
0.614
0.555
0.485
0.348
0.319
0.330
0.410
0.482
0.568
0.564
0.536
0.489
0.442
0.426
0.403
0.424
0.423
0.373
0.390
0.459
0.474
0.519
0.468
0.514
0.471
0.491
0.442
0.491
0.606
0.671
0.567
0.558
0.595
0.677
0.753
0.612
0.646
0.704
0.856
0.742
0.803
0.818
0.823
0.792
0.745
0.754
0.799
0.785
0.817
0.777
0.703
0.911
0.785
0.642
0.577
0.570
0.589
0.602
0.565
0.509
0.502
0.586
0.697
0.550
0.513
0.468
0.477
0.503
0.491
0.503
0.479
0.482
0.493
0.463
0.531
0.471
0.468
0.452
0.443
0.530
0.628
0.643
0.653
0.598
0.666
0.461
0.470
0.573
0.582
0.755
0.718
0.759
0.739
0.730
0.727
0.497
0.553
0.499
0.492
0.496
0.488
0.490
0.540
0.494
0.382
0.395
0.396
0.436
0.443
0.402
0.421
0.379
0.422
0.427
0.411
0.404
0.404
0.407
0.409
0.425
0.416
0.426
0.506
0.747
0.683
0.695
0.568
0.532
0.615
0.518
0.371
0.472
0.547
0.393
0.379
0.440
0.598
0.615
0.450
0.380
0.395
0.388
0.399
0.453
0.448
0.417
0.486
0.484
0.493
0.489
0.513
0.516
0.514
0.507
0.552
0.654
0.507
0.500
0.501
0.531
0.564
0.741
0.597
0.661
0.528
0.501
0.535
0.427
0.396
0.338
0.311
0.350
0.390
0.411
0.386
0.423
0.470
0.522
0.613
0.629
0.807
0.798
0.887
0.781
0.693
0.702
0.744
0.630
0.668
0.647
0.767
0.653
0.568
0.603
0.771
0.683
0.489
0.475
0.577
0.542
0.530
0.492
0.606
0.590
0.662
0.590
0.659
0.761
0.645
0.687
0.661
0.697
0.674
0.657
0.690
0.585
0.716
0.720
0.713
0.740
0.760
0.699
0.562
0.556
0.568
0.534
0.523
0.511
0.692
0.662
0.571
0.566
0.592
0.571
0.519
0.470
0.456
0.478
0.453
0.439
0.437
0.469
0.509
0.536
0.501
0.536
0.574
0.561
0.519
0.575
0.611
0.560
0.523
0.532
0.532
0.553
0.563
0.546
0.685
0.633
0.599
0.647
0.565
0.683
0.495
0.460
0.506
0.573
0.536
0.501
0.522
0.595
0.536
0.560
0.579
0.503
0.450
0.544
0.482
0.478
0.428
0.446
0.455
0.478
0.464
0.458
0.523
0.548
0.465
0.452
0.504
0.499
0.502
0.538
0.555
0.557
0.477
0.469
0.446
0.428
0.416
0.412
0.442
0.437
0.426
0.411
0.416
0.404
0.396
0.400
0.391
0.416
0.404
0.381
0.406
0.420
0.433
0.426
0.487
0.461
0.437
0.419
0.395
0.413
0.415
0.429
0.393
0.399
0.406
0.396
0.398
0.396
0.359
0.389
0.376
0.393
0.398
0.462
0.471
0.469
0.440
0.400
0.386
0.368
0.401
0.411
0.405
0.384
0.366
0.384
0.371
0.363
0.388
0.446
0.532
0.564
0.698
0.597
0.503
0.470
0.409
0.418
0.413
0.447
0.409
0.465
0.448
0.530
0.481
0.455
0.462
0.557
0.744
0.620
0.677
0.700
0.720
0.703
0.705
0.578
0.553
0.502
0.581
0.771
0.664
0.665
0.639
0.713
0.791
0.580
0.676
0.644
0.688
0.630
0.595
0.566
0.645
0.679
0.620
0.618
0.551
0.520
0.523
0.543
0.770
0.782
0.772
0.716
0.703
0.588
0.696
0.718
0.787
0.724
0.586
0.593
0.737
0.639
0.770
0.657
0.656
0.746
0.651
0.651
0.579
0.513
0.593
0.679
0.629
0.582
0.639
0.633
0.728
0.655
0.808
0.641
0.582
0.741
0.681
0.909
0.764
0.828
0.746
0.729
0.846
0.736
0.677
0.602
0.579
0.657
0.819
0.707
0.708
0.623
0.490
0.469
0.523
0.499
0.502
0.495
0.499
0.497
0.477
0.503
0.497
0.657
0.736
0.759
0.727
0.829
0.507
0.508
0.503
0.505
0.533
0.576
0.696
0.644
0.630
0.643
0.706
0.761
0.801
0.777
0.759
0.719
0.725
0.743
0.832
0.737
0.716
0.751
0.812
0.711
0.520
0.487
0.497
0.568
0.556
0.421
0.394
0.447
0.341
0.415
0.505
0.269
0.306
0.352
0.407
0.369
0.326
0.339
0.387
0.373
0.415
0.463
0.454
0.415
0.444
0.692
0.783
0.710
0.807
0.625
0.596
0.707
0.715
0.628
0.601
0.744
0.694
0.567
0.505
0.477
0.498
0.578
0.548
0.540
0.458
0.520
0.550
0.486
0.422
0.396
0.417
0.421
0.439
0.548
0.586
0.411
0.420
0.630
0.583
0.510
0.551
0.710
0.644
0.789
0.764
0.734
0.622
0.795
0.769
0.791
0.687
0.621
0.521
0.495
0.497
0.607
0.639
0.779
0.739
0.828
0.816
0.891
0.817
0.884
0.711
0.598
0.631
0.767
0.823
0.955
0.776
0.905
0.723
0.665
0.626
0.574
0.557
0.571
0.607
0.671
0.570
0.623
0.583
0.539
0.487
0.449
0.470
0.497
0.487
0.517
0.518
0.571
0.564
0.615
0.607
0.608
0.688
0.771
0.769
0.717
0.676
0.689
0.559
0.573
0.604
0.687
0.665
0.579
0.475
0.491
0.498
0.478
0.486
0.523
0.481
0.463
0.492
0.480
0.416
0.427
0.448
0.443
0.431
0.442
0.422
0.433
0.420
0.451
0.450
0.381
0.378
0.422
0.457
0.435
0.390
0.531
0.403
0.424
0.453
0.449
0.439
0.422
0.434
0.485
0.471
0.539
0.683
0.503
0.507
0.451
0.470
0.435
0.437
0.417
0.425
0.427
0.434
0.409
0.469
0.476
0.479
0.475
0.465
0.449
0.464
0.488
0.499
0.451
0.416
0.403
0.379
0.415
0.428
0.407
0.385
0.361
0.370
0.382
0.365
0.364
0.367
0.375
0.369
0.375
0.404
0.407
0.408
0.409
0.406
0.417
0.374
0.362
0.388
0.414
0.418
0.450
0.535
0.395
0.386
0.398
0.392
0.409
0.389
0.452
0.569
0.546
0.609
0.723
0.723
0.519
0.601
0.541
0.501
0.488
0.484
0.419
0.432
0.429
0.528
0.650
0.501
0.463
0.426
0.434
0.592
0.494
0.521
0.763
0.600
0.613
0.517
0.474
0.438
0.569
0.545
0.688
0.604
0.713
0.596
0.675
0.547
0.790
0.583
0.485
0.413
0.422
0.498
0.660
0.955
0.711
0.651
0.748
0.775
0.808
0.884
0.774
0.797
0.669
0.740
0.624
0.819
0.690
0.565
0.614
0.716
0.748
0.621
0.710
0.569
0.579
0.684
0.717
0.808
0.780
0.778
0.807
0.819
0.730
0.784
0.727
0.581
0.523
0.475
0.478
0.523
0.714
0.645
0.794
0.791
0.789
0.719
0.619
0.722
0.599
0.573
0.537
0.524
0.617
0.560
0.725
0.635
0.510
0.581
0.637
0.666
0.855
0.773
0.731
0.796
0.686
0.733
0.707
0.568
0.597
0.717
0.731
0.722
0.716
0.678
0.700
0.625
0.454
0.486
0.540
0.563
0.579
0.597
0.552
0.485
0.481
0.570
0.529
0.518
0.570
0.586
0.624
0.778
0.788
0.840
0.813
0.787
0.783
0.764
0.746
0.706
0.747
0.771
0.575
0.476
0.545
0.685
0.663
0.785
0.716
0.770
0.780
0.633
0.552
0.547
0.551
0.729
0.653
0.674
0.897
0.913
0.827
0.684
0.747
0.743
0.719
0.631
0.619
0.718
0.578
0.628
0.725
0.582
0.516
0.564
0.674
0.839
0.694
0.755
0.757
0.895
0.788
0.763
0.791
0.847
0.746
0.648
0.636
0.519
0.585
0.442
0.481
0.425
0.591
0.729
0.672
0.639
0.526
0.416
0.386
0.499
0.513
0.527
0.590
0.645
0.661
0.691
0.738
0.674
0.651
0.592
0.747
0.598
0.521
0.576
0.598
0.580
0.589
0.636
0.688
0.649
0.610
0.539
0.555
0.622
0.625
0.750
0.631
0.811
0.684
0.812
0.832
0.939
0.806
0.765
0.782
0.863
0.719
0.783
0.637
0.717
0.678
0.681
0.742
0.625
0.584
0.630
0.632
0.529
0.478
0.447
0.476
0.563
0.607
0.724
0.759
0.900
0.713
0.706
0.745
0.737
0.805
0.847
0.590
0.525
0.497
0.495
0.507
0.571
0.556
0.558
0.671
0.580
0.542
0.806
0.675
0.590
0.496
0.491
0.606
0.534
0.516
0.459
0.489
0.439
0.431
0.452
0.463
0.472
0.449
0.475
0.448
0.427
0.408
0.454
0.476
0.467
0.478
0.495
0.549
0.478
0.470
0.564
0.645
0.647
0.489
0.502
0.451
0.416
0.387
0.424
0.494
0.554
0.522
0.577
0.602
0.485
0.455
0.434
0.516
0.472
0.416
0.430
0.432
0.417
0.414
0.413
0.410
0.386
0.382
0.399
0.410
0.411
0.404
0.404
0.411
0.416
0.425
0.404
0.400
0.401
0.397
0.416
0.484
0.570
0.615
0.502
0.446
0.428
0.422
0.443
0.543
0.683
0.572
0.472
0.451
0.462
0.470
0.469
0.496
0.461
0.424
0.365
0.365
0.428
0.457
0.427
0.423
0.404
0.408
0.367
0.367
0.404
0.450
0.419
0.372
0.376
0.394
0.396
0.393
0.445
0.501
0.542
0.689
0.690
0.700
0.694
0.509
0.499
0.624
0.588
0.549
0.487
0.499
0.488
0.501
0.469
0.477
0.411
0.428
0.588
0.602
0.645
0.621
0.751
0.727
0.880
0.670
0.547
0.573
0.698
0.634
0.581
0.708
0.938
0.861
0.702
0.737
0.827
0.854
0.726
0.734
0.688
0.698
0.556
0.559
0.662
0.637
0.587
0.653
0.631
0.594
0.672
0.744
0.956
0.703
0.759
0.761
0.680
0.759
0.761
0.795
0.957
0.811
0.810
0.849
0.746
0.818
0.790
0.726
0.689
0.735
0.751
0.787
0.805
0.854
0.838
0.901
0.781
0.807
0.709
0.599
0.626
0.843
0.720
0.684
0.774
0.823
0.771
0.747
0.833
0.822
0.663
0.805
0.796
0.701
0.743
0.891
0.790
0.835
0.857
0.851
0.751
0.721
0.685
0.773
0.849
0.813
0.811
0.835
0.766
0.768
0.705
0.759
0.683
0.678
0.565
0.661
0.718
0.648
0.821
0.769
0.716
0.541
0.473
0.513
0.539
0.517
0.539
0.575
0.712
0.709
0.567
0.603
0.621
0.564
0.724
0.813
0.920
0.817
0.781
0.735
0.690
0.575
0.499
0.576
0.853
0.759
0.554
0.393
0.454
0.546
0.627
0.668
0.606
0.621
0.444
0.513
0.440
0.384
0.776
0.654
0.535
0.480
0.659
0.692
0.689
0.632
0.745
0.786
0.721
0.802
0.781
0.841
0.677
0.627
0.648
0.728
0.698
0.682
0.679
0.684
0.681
0.678
0.705
0.810
0.863
0.780
0.903
0.680
0.561
0.517
0.520
0.681
0.601
0.670
0.698
0.846
0.864
0.837
0.758
0.718
0.781
0.828
0.881
0.842
0.954
0.786
0.788
0.827
0.750
0.856
0.632
0.581
0.504
0.544
0.546
0.605
0.774
0.641
0.643
0.631
0.635
0.735
0.788
0.666
0.660
0.726
0.825
0.685
0.613
0.641
0.695
0.599
0.582
0.528
0.494
0.476
0.495
0.551
0.582
0.573
0.775
0.601
0.415
0.412
0.457
0.506
0.468
0.487
0.471
0.543
0.643
0.489
0.478
0.472
0.602
0.605
0.564
0.622
0.636
0.773
0.663
0.587
0.656
0.640
0.486
0.471
0.485
0.487
0.472
0.482
0.454
0.450
0.447
0.439
0.436
0.457
0.459
0.433
0.400
0.414
0.414
0.385
0.397
0.397
0.416
0.429
0.427
0.422
0.398
0.391
0.417
0.402
0.423
0.414
0.389
0.392
0.410
0.406
0.401
0.405
0.377
0.379
0.400
0.427
0.446
0.455
0.440
0.434
0.553
0.752
0.586
0.444
0.412
0.409
0.387
0.356
0.372
0.388
0.392
0.388
0.420
0.452
0.430
0.431
0.388
0.379
0.383
0.414
0.441
0.412
0.408
0.413
0.418
0.390
0.374
0.503
0.395
0.423
0.516
0.555
0.568
0.464
0.396
0.408
0.414
0.389
0.401
0.438
0.432
0.387
0.438
0.441
0.435
0.395
0.427
0.428
0.424
0.410
0.474
0.460
0.451
0.665
0.584
0.552
0.479
0.472
0.449
0.466
0.400
0.377
0.371
0.372
0.384
0.428
0.437
0.558
0.558
0.523
0.465
0.380
0.407
0.397
0.464
0.510
0.530
0.693
0.845
0.751
0.928
0.929
0.909
0.748
0.716
0.760
0.709
0.807
0.683
0.639
0.563
0.568
0.588
0.755
0.710
0.892
0.928
0.750
0.797
0.779
0.751
0.576
0.637
0.761
0.775
0.741
0.829
0.682
0.715
0.851
0.811
0.724
0.818
0.712
0.789
0.692
0.645
0.748
0.630
0.682
0.678
0.748
0.787
0.774
0.771
0.796
0.610
0.583
0.702
0.663
0.691
0.748
0.716
0.712
0.861
0.810
0.973
0.751
0.802
0.893
0.803
0.783
0.609
0.641
0.616
0.555
0.652
0.593
0.568
0.572
0.603
0.543
0.573
0.583
0.561
0.486
0.496
0.497
0.480
0.464
0.436
0.458
0.434
0.494
0.537
0.433
0.562
0.546
0.532
0.557
0.545
0.538
0.547
0.471
0.524
0.684
0.637
0.605
0.516
0.481
0.537
0.450
0.469
0.673
0.658
0.508
0.452
0.468
0.456
0.348
0.266
0.261
0.239
0.311
0.448
0.475
0.463
0.606
0.652
0.433
0.435
0.593
0.643
0.807
0.925
0.818
0.725
0.824
0.778
0.743
0.669
0.373
0.376
0.422
0.399
0.371
0.356
0.335
0.335
0.357
0.474
0.577
0.554
0.603
0.556
0.544
0.692
0.533
0.556
0.632
0.675
0.724
0.730
0.690
0.698
0.668
0.562
0.603
0.620
0.719
0.641
0.608
0.680
0.658
0.757
0.842
0.754
0.753
0.635
0.640
0.716
0.757
0.741
0.832
0.812
0.694
0.658
0.757
0.727
0.679
0.613
0.711
0.695
0.649
0.686
0.638
0.810
0.925
0.725
0.793
0.712
0.679
0.742
0.853
0.739
0.684
0.580
0.627
0.644
0.585
0.581
0.762
0.595
0.571
0.750
0.632
0.704
0.624
0.535
0.475
0.487
0.505
0.480
0.483
0.538
0.692
0.832
0.710
0.762
0.850
0.699
0.766
0.650
0.745
0.876
0.634
0.709
0.724
0.681
0.725
0.674
0.690
0.615
0.626
0.540
0.539
0.509
0.481
0.474
0.465
0.465
0.416
0.464
0.456
0.488
0.496
0.501
0.472
0.447
0.447
0.506
0.533
0.497
0.468
0.481
0.476
0.459
0.438
0.421
0.419
0.428
0.420
0.423
0.429
0.441
0.429
0.509
0.685
0.475
0.447
0.468
0.496
0.501
0.522
0.540
0.503
0.491
0.454
0.498
0.596
0.700
0.804
0.754
0.645
0.492
0.469
0.456
0.444
0.400
0.429
0.427
0.422
0.421
0.431
0.451
0.476
0.514
0.633
0.498
0.483
0.458
0.459
0.452
0.490
0.536
0.480
0.456
0.488
0.505
0.481
0.464
0.447
0.505
0.572
0.593
0.732
0.664
0.508
0.458
0.490
0.490
0.460
0.494
0.469
0.476
0.528
0.474
0.450
0.492
0.494
0.480
0.440
0.435
0.428
0.446
0.610
0.508
0.490
0.444
0.470
0.496
0.471
0.450
0.490
0.564
0.696
0.481
0.516
0.422
0.444
0.596
0.531
0.520
0.485
0.495
0.489
0.726
0.626
0.617
0.806
0.644
0.760
0.851
0.925
0.725
0.844
0.732
0.675
0.784
0.733
0.918
0.810
0.742
0.631
0.674
0.745
0.758
0.817
0.671
0.747
0.834
0.838
0.958
0.743
0.878
0.805
0.860
0.784
0.791
0.644
0.772
0.697
0.916
0.831
0.771
0.763
0.600
0.679
0.696
0.534
0.487
0.467
0.544
0.609
0.632
0.726
0.698
0.521
0.492
0.704
0.704
0.804
0.765
0.604
0.686
0.811
0.752
0.734
0.728
0.764
0.749
0.634
0.758
0.759
0.769
0.806
0.840
0.792
0.713
0.726
0.749
0.748
0.793
0.781
0.718
0.768
0.617
0.697
0.606
0.580
0.539
0.479
0.488
0.444
0.478
0.542
0.518
0.507
0.526
0.509
0.544
0.723
0.816
0.765
0.696
0.706
0.698
0.645
0.665
0.658
0.614
0.465
0.464
0.554
0.496
0.648
0.504
0.571
0.606
0.786
0.704
0.611
0.623
0.703
0.573
0.787
0.720
0.519
0.389
0.540
0.545
0.462
0.474
0.561
0.609
0.482
0.481
0.539
0.574
0.561
0.681
0.635
0.827
0.879
0.805
0.737
0.642
0.573
0.690
0.721
0.718
0.818
0.745
0.516
0.680
0.635
0.732
0.794
0.885
0.657
0.734
0.775
0.716
0.777
0.722
0.786
0.913
0.732
0.654
0.583
0.553
0.458
0.567
0.582
0.573
0.528
0.507
0.499
0.604
0.744
0.647
0.778
0.735
0.854
0.844
0.774
0.747
0.648
0.648
0.726
0.772
0.734
0.606
0.616
0.722
0.793
0.876
0.796
0.748
0.562
0.472
0.449
0.574
0.595
0.669
0.681
0.568
0.615
0.815
0.671
0.804
0.674
0.696
0.687
0.826
0.801
0.858
0.671
0.819
0.630
0.528
0.492
0.523
0.507
0.466
0.486
0.499
0.482
0.483
0.550
0.629
0.669
0.665
0.705
0.863
0.804
0.803
0.746
0.761
0.685
0.629
0.673
0.796
0.834
0.656
0.573
0.713
0.615
0.520
0.501
0.498
0.491
0.484
0.537
0.614
0.567
0.505
0.500
0.510
0.526
0.576
0.499
0.509
0.569
0.581
0.550
0.640
0.688
0.649
0.687
0.602
0.716
0.546
0.554
0.524
0.483
0.492
0.505
0.480
0.466
0.504
0.505
0.515
0.496
0.561
0.637
0.486
0.551
0.694
0.707
0.513
0.643
0.718
0.615
0.501
0.503
0.496
0.488
0.530
0.467
0.488
0.463
0.451
0.469
0.512
0.713
0.588
0.615
0.530
0.446
0.477
0.561
0.453
0.427
0.425
0.437
0.629
0.754
0.560
0.510
0.567
0.583
0.699
0.635
0.684
0.629
0.701
0.645
0.608
0.754
0.774
0.675
0.560
0.744
0.572
0.568
0.549
0.524
0.594
0.673
0.656
0.600
0.560
0.523
0.494
0.536
0.455
0.436
0.434
0.411
0.490
0.569
0.549
0.551
0.542
0.724
0.584
0.533
0.576
0.616
0.722
0.533
0.575
0.584
0.699
0.525
0.548
0.621
0.554
0.588
0.773
0.766
0.708
0.786
0.619
0.601
0.682
0.650
0.650
0.648
0.780
0.629
0.619
0.684
0.731
0.734
0.734
0.699
0.796
0.591
0.597
0.628
0.739
0.796
0.742
0.944
0.650
0.685
0.649
0.769
0.753
0.834
0.816
0.763
0.692
0.678
0.803
0.791
0.789
0.796
0.944
0.821
0.779
0.789
0.805
0.914
0.774
0.863
0.729
0.722
0.623
0.734
0.838
0.805
0.821
0.795
0.922
0.872
0.909
0.922
0.833
0.867
0.844
0.694
0.764
0.844
0.648
0.609
0.689
0.805
0.743
0.732
0.740
0.696
0.781
0.736
0.720
0.809
0.745
0.785
0.775
0.752
0.780
0.793
0.718
0.677
0.705
0.708
0.638
0.744
0.667
0.636
0.598
0.750
0.733
0.876
0.815
0.764
0.733
0.671
0.707
0.688
0.649
0.617
0.658
0.775
0.721
0.747
0.743
0.853
0.736
0.803
0.823
0.769
0.776
0.727
0.680
0.665
0.736
0.838
0.784
0.767
0.650
0.705
0.772
0.732
0.698
0.712
0.648
0.784
0.624
0.698
0.747
0.749
0.774
0.783
0.842
0.741
0.730
0.747
0.719
0.681
0.721
0.793
0.836
0.754
0.694
0.642
0.703
0.684
0.812
0.781
0.738
0.739
0.695
0.646
0.643
0.580
0.609
0.610
0.741
0.748
0.744
0.761
0.825
0.647
0.710
0.710
0.782
0.781
0.660
0.683
0.741
0.835
0.686
0.811
0.954
0.799
0.808
0.797
0.835
0.757
0.806
0.792
0.719
0.732
0.858
0.798
0.771
0.770
0.739
0.739
0.849
0.732
0.646
0.695
0.655
0.651
0.591
0.640
0.655
0.869
0.715
0.716
0.595
0.561
0.560
0.579
0.664
0.632
0.768
0.792
0.765
0.688
0.706
0.655
0.739
0.709
0.655
0.581
0.538
0.589
0.612
0.654
0.622
0.605
0.578
0.560
0.584
0.517
0.605
0.580
0.578
0.561
0.536
0.548
0.640
0.753
0.627
0.604
0.558
0.488
0.493
0.502
0.565
0.579
0.623
0.563
0.515
0.491
0.568
0.566
0.567
0.665
0.780
0.711
0.541
0.618
0.593
0.558
0.562
0.614
0.792
0.671
0.550
0.524
0.482
0.478
0.544
0.558
0.555
0.514
0.533
0.567
0.624
0.730
0.530
0.530
0.512
0.510
0.568
0.556
0.471
0.419
0.456
0.469
0.471
0.437
0.443
0.457
0.542
0.614
0.702
0.485
0.458
0.479
0.429
0.426
0.430
0.418
0.605
0.496
0.461
0.406
0.396
0.432
0.495
0.535
0.722
0.552
0.514
0.530
0.499
0.505
0.486
0.463
0.587
0.758
0.734
0.616
0.610
0.643
0.723
0.690
0.668
0.592
0.562
0.538
0.480
0.507
0.558
0.599
0.565
0.561
0.514
0.501
0.445
0.431
0.482
0.506
0.520
0.493
0.442
0.476
0.589
0.604
0.651
0.620
0.699
0.644
0.566
0.551
0.521
0.542
0.517
0.439
0.457
0.441
0.484
0.501
0.461
0.407
0.392
0.424
0.460
0.640
0.578
0.612
0.591
0.547
0.458
0.493
0.825
0.758
0.690
0.876
0.802
0.809
0.627
0.687
0.810
0.750
0.855
0.795
0.738
0.775
0.779
0.629
0.525
0.555
0.719
0.800
0.735
0.825
0.838
0.850
0.803
0.817
0.828
0.772
0.862
0.819
0.689
0.756
0.845
0.742
0.798
0.721
0.739
0.778
0.741
0.719
0.653
0.640
0.618
0.624
0.613
0.624
0.766
0.655
0.808
0.681
0.801
0.733
0.644
0.745
0.680
0.630
0.816
0.683
0.624
0.708
0.726
0.792
0.753
0.615
0.501
0.556
0.552
0.600
0.631
0.677
0.784
0.713
0.724
0.684
0.691
0.730
0.779
0.735
0.795
0.745
0.620
0.475
0.470
0.520
0.431
0.400
0.464
0.592
0.574
0.531
0.526
0.634
0.765
0.578
0.647
0.447
0.479
0.521
0.491
0.436
0.475
0.432
0.382
0.421
0.564
0.602
0.575
0.668
0.645
0.597
0.452
0.443
0.422
0.458
0.450
0.420
0.419
0.465
0.669
0.776
0.687
0.702
0.648
0.661
0.446
0.512
0.657
0.692
0.731
0.576
0.517
0.474
0.471
0.567
0.591
0.686
0.879
0.840
0.817
0.705
0.740
0.602
0.576
0.695
0.765
0.831
0.709
0.759
0.864
0.769
0.744
0.814
0.798
0.841
0.774
0.717
0.622
0.679
0.893
0.765
0.658
0.625
0.644
0.727
0.508
0.444
0.524
0.662
0.687
0.623
0.766
0.763
0.771
0.733
0.774
0.736
0.843
0.719
0.712
0.578
0.580
0.692
0.629
0.651
0.727
0.860
0.678
0.687
0.600
0.621
0.880
0.670
0.698
0.574
0.521
0.518
0.684
0.705
0.775
0.887
0.797
0.879
0.732
0.720
0.914
0.783
0.847
0.836
0.716
0.677
0.660
0.666
0.592
0.575
0.559
0.558
0.575
0.584
0.571
0.574
0.582
0.616
0.827
0.729
0.773
0.725
0.814
0.925
0.943
0.756
0.835
0.799
0.750
0.683
0.806
0.718
0.709
0.570
0.523
0.521
0.571
0.563
0.622
0.554
0.524
0.598
0.616
0.732
0.748
0.699
0.735
0.661
0.924
0.767
0.748
0.653
0.705
0.625
0.620
0.623
0.614
0.566
0.686
0.590
0.743
0.618
0.759
0.798
0.753
0.779
0.912
0.813
0.636
0.825
0.735
0.790
0.742
0.697
0.841
0.747
0.842
0.628
0.639
0.611
0.600
0.564
0.545
0.541
0.605
0.662
0.570
0.650
0.782
0.755
0.663
0.714
0.739
0.636
0.528
0.538
0.571
0.544
0.542
0.539
0.514
0.502
0.565
0.541
0.529
0.536
0.544
0.594
0.650
0.646
0.561
0.520
0.518
0.578
0.704
0.757
0.668
0.650
0.735
0.552
0.569
0.645
0.800
0.818
0.677
0.767
0.691
0.706
0.731
0.751
0.637
0.587
0.633
0.667
0.755
0.608
0.599
0.677
0.620
0.708
0.782
0.702
0.714
0.963
0.744
0.812
0.720
0.890
0.787
0.701
0.773
0.779
0.784
0.836
0.861
0.743
0.699
0.805
0.697
0.688
0.565
0.539
0.552
0.576
0.633
0.638
0.837
0.811
0.812
0.792
0.866
0.853
0.859
0.889
0.916
0.862
0.879
0.955
0.830
0.824
0.887
0.811
0.872
0.848
0.785
0.708
0.805
0.816
0.856
0.824
0.897
0.857
0.829
0.864
0.810
0.826
0.806
0.780
0.980
0.864
0.916
0.868
0.879
0.904
0.871
0.869
0.853
0.922
0.898
0.875
0.905
0.881
0.881
0.920
0.877
0.882
0.819
0.729
0.734
0.808
0.953
0.843
0.906
0.924
0.959
0.857
0.819
0.885
0.861
0.859
0.967
0.931
0.867
0.820
0.892
0.885
0.845
0.907
0.748
0.823
0.815
0.856
0.801
0.654
0.667
0.751
0.823
0.764
0.680
0.707
0.694
0.680
0.626
0.660
0.633
0.537
0.611
0.584
0.597
0.601
0.560
0.555
0.739
0.776
0.712
0.616
0.451
0.511
0.537
0.515
0.605
0.603
0.573
0.566
0.576
0.549
0.544
0.531
0.520
0.552
0.651
0.670
0.712
0.794
0.757
0.726
0.778
0.807
0.662
0.709
0.701
0.835
0.883
0.871
0.834
0.716
0.761
0.795
0.776
0.704
0.790
0.704
0.786
0.850
0.852
0.861
0.810
0.843
0.818
0.808
0.781
0.777
0.834
0.854
0.836
0.860
0.845
0.792
0.667
0.602
0.608
0.697
0.746
0.767
0.740
0.713
0.699
0.732
0.701
0.661
0.606
0.574
0.537
0.591
0.645
0.701
0.743
0.671
0.657
0.653
0.724
0.627
0.667
0.752
0.890
0.856
0.752
0.846
0.740
0.694
0.708
0.675
0.675
0.722
0.816
0.664
0.649
0.676
0.605
0.529
0.625
0.806
0.623
0.581
0.648
0.804
0.706
0.694
0.572
0.582
0.578
0.594
0.656
0.749
0.722
0.851
0.934
0.904
0.836
0.798
0.970
0.954
0.888
0.778
0.742
0.715
0.602
0.648
0.689
0.645
0.590
0.625
0.579
0.595
0.619
0.697
0.764
0.708
0.689
0.705
0.619
0.540
0.540
0.522
0.562
0.606
0.561
0.586
0.541
0.531
0.617
0.572
0.856
0.735
0.614
0.571
0.581
0.574
0.616
0.588
0.560
0.566
0.693
0.720
0.648
0.642
0.582
0.571
0.565
0.611
0.603
0.569
0.525
0.542
0.510
0.552
0.573
0.568
0.576
0.559
0.584
0.553
0.524
0.539
0.548
0.550
0.558
0.579
0.553
0.528
0.544
0.556
0.616
0.799
0.690
0.564
0.543
0.600
0.557
0.571
0.506
0.520
0.491
0.536
0.576
0.553
0.545
0.553
0.546
0.555
0.557
0.608
0.540
0.512
0.653
0.714
0.577
0.567
0.599
0.604
0.566
0.577
0.497
0.550
0.485
0.484
0.481
0.474
0.547
0.572
0.524
0.522
0.569
0.659
0.678
0.623
0.579
0.543
0.557
0.556
0.550
0.554
0.575
0.566
0.617
0.621
0.530
0.595
0.538
0.528
0.552
0.534
0.535
0.537
0.559
0.514
0.570
0.541
0.541
0.592
0.744
0.747
0.693
0.691
0.729
0.720
0.662
0.894
0.849
0.806
0.794
0.730
0.885
0.807
0.883
0.870
0.827
0.798
0.810
0.816
0.802
0.630
0.590
0.638
0.613
0.765
0.686
0.572
0.640
0.704
0.667
0.755
0.744
0.760
0.642
0.666
0.841
0.866
0.878
0.776
0.804
0.775
0.725
0.767
0.891
0.843
0.748
0.833
0.766
0.762
0.678
0.695
0.712
0.765
0.728
0.764
0.735
0.880
0.840
0.826
0.833
0.811
0.800
0.813
0.703
0.717
0.668
0.648
0.675
0.717
0.770
0.752
0.768
0.817
0.793
0.782
0.718
0.651
0.687
0.633
0.676
0.658
0.648
0.647
0.667
0.653
0.627
0.596
0.540
0.545
0.628
0.716
0.713
0.751
0.699
0.769
0.647
0.638
0.687
0.715
0.600
0.582
0.616
0.564
0.615
0.733
0.664
0.664
0.656
0.749
0.638
0.754
0.790
0.678
0.674
0.674
0.653
0.699
0.711
0.630
0.573
0.614
0.621
0.624
0.648
0.590
0.626
0.580
0.590
0.680
0.809
0.866
0.745
0.707
0.735
0.792
0.845
0.754
0.698
0.551
0.463
0.428
0.384
0.585
0.685
0.630
0.583
0.652
0.562
0.567
0.550
0.541
0.667
0.581
0.551
0.573
0.789
0.911
0.738
0.675
0.781
0.688
0.636
0.658
0.748
0.710
0.792
0.682
0.647
0.713
0.756
0.807
0.666
0.690
0.673
0.616
0.597
0.584
0.613
0.599
0.593
0.552
0.527
0.628
0.602
0.783
0.739
0.840
0.821
0.768
0.818
0.802
0.913
0.735
0.712
0.738
0.772
0.749
0.657
0.653
0.642
0.668
0.710
0.608
0.580
0.621
0.679
0.653
0.581
0.687
0.668
0.642
0.584
0.644
0.639
0.654
0.672
0.621
0.591
0.751
0.624
0.607
0.621
0.574
0.525
0.541
0.532
0.567
0.607
0.590
0.552
0.595
0.585
0.588
0.596
0.545
0.541
0.542
0.531
0.547
0.552
0.559
0.557
0.511
0.515
0.556
0.561
0.594
0.580
0.573
0.563
0.536
0.577
0.597
0.550
0.584
0.601
0.643
0.540
0.435
0.478
0.480
0.432
0.491
0.542
0.587
0.541
0.556
0.522
0.557
0.575
0.560
0.527
0.544
0.607
0.575
0.576
0.573
0.535
0.528
0.581
0.572
0.616
0.596
0.591
0.557
0.574
0.573
0.593
0.559
0.558
0.544
0.528
0.520
0.524
0.549
0.531
0.563
0.529
0.550
0.531
0.565
0.512
0.574
0.600
0.595
0.555
0.550
0.521
0.508
0.536
0.558
0.632
0.586
0.547
0.535
0.508
0.549
0.565
0.562
0.578
0.543
0.550
0.540
0.527
0.567
0.604
0.597
0.555
0.534
0.516
0.483
0.524
0.531
0.554
0.536
0.558
0.575
0.552
0.548
0.514
0.518
0.500
0.524
0.559
0.532
0.554
0.522
0.526
0.586
0.600
0.592
0.525
0.602
0.587
0.723
0.747
0.614
0.594
0.657
0.654
0.568
0.566
0.609
0.557
0.573
0.704
0.848
0.720
0.620
0.583
0.579
0.617
0.575
0.709
0.666
0.713
0.913
0.834
0.798
0.810
0.898
0.856
0.689
0.726
0.705
0.620
0.512
0.613
0.560
0.500
0.593
0.647
0.607
0.556
0.549
0.548
0.579
0.577
0.515
0.544
0.601
0.560
0.555
0.566
0.685
0.791
0.799
0.801
0.840
0.778
0.701
0.624
0.629
0.694
0.863
0.767
0.638
0.532
0.663
0.683
0.770
0.868
0.935
0.940
0.917
0.884
0.893
0.898
0.814
0.689
0.631
0.630
0.661
0.625
0.745
0.815
0.847
0.832
0.743
0.710
0.699
0.685
0.632
0.607
0.648
0.635
0.628
0.644
0.624
0.621
0.574
0.611
0.598
0.568
0.549
0.551
0.569
0.575
0.604
0.575
0.503
0.581
0.603
0.629
0.619
0.604
0.727
0.716
0.685
0.717
0.781
0.706
0.639
0.674
0.656
0.683
0.660
0.620
0.642
0.571
0.594
0.520
0.542
0.552
0.664
0.769
0.599
0.753
0.748
0.704
0.686
0.816
0.860
0.791
0.825
0.856
0.742
0.731
0.663
0.650
0.673
0.640
0.604
0.646
0.615
0.621
0.569
0.559
0.576
0.538
0.552
0.557
0.589
0.583
0.567
0.614
0.563
0.711
0.718
0.605
0.565
0.573
0.541
0.615
0.666
0.678
0.828
0.723
0.698
0.759
0.821
0.790
0.932
0.887
0.778
0.642
0.686
0.643
0.503
0.510
0.568
0.603
0.586
0.569
0.542
0.480
0.402
0.466
0.595
0.584
0.554
0.526
0.554
0.611
0.549
0.577
0.591
0.596
0.589
0.632
0.716
0.809
0.810
0.850
0.785
0.625
0.567
0.561
0.542
0.604
0.792
0.840
0.636
0.669
0.572
0.721
0.713
0.854
0.807
0.768
0.595
0.610
0.592
0.582
0.498
0.562
0.579
0.574
0.570
0.766
0.628
0.643
0.621
0.629
0.690
0.727
0.702
0.595
0.553
0.591
0.577
0.629
0.658
0.731
0.613
0.637
0.562
0.549
0.512
0.538
0.599
0.566
0.539
0.540
0.572
0.526
0.594
0.590
0.598
0.578
0.507
0.542
0.562
0.563
0.563
0.557
0.534
0.558
0.635
0.627
0.551
0.559
0.582
0.580
0.607
0.584
0.529
0.485
0.508
0.563
0.546
0.530
0.525
0.550
0.559
0.570
0.571
0.565
0.577
0.585
0.566
0.533
0.536
0.582
0.570
0.531
0.521
0.521
0.547
0.585
0.582
0.526
0.519
0.504
0.549
0.573
0.616
0.615
0.553
0.538
0.561
0.572
0.641
0.567
0.552
0.655
0.586
0.611
0.683
0.587
0.552
0.581
0.571
0.566
0.564
0.576
0.519
0.537
0.553
0.508
0.623
0.553
0.579
0.573
0.536
0.530
0.519
0.455
0.477
0.467
0.525
0.567
0.631
0.562
0.571
0.519
0.593
0.625
0.705
0.571
0.556
0.512
0.516
0.497
0.532
0.548
0.538
0.556
0.563
0.595
0.588
0.601
0.591
0.663
0.616
0.566
0.691
0.656
0.593
0.603
0.590
0.549
0.522
0.565
0.546
0.577
0.582
0.682
0.648
0.573
0.690
0.598
0.594
0.599
0.484
0.480
0.527
0.761
0.646
0.738
0.600
0.584
0.546
0.524
0.663
0.727
0.866
0.753
0.680
0.895
0.928
0.773
0.769
0.924
0.787
0.868
0.764
0.704
0.662
0.647
0.633
0.620
0.609
0.622
0.776
0.919
0.870
0.825
0.796
0.745
0.629
0.750
0.783
0.918
0.939
0.820
0.919
0.796
0.734
0.703
0.723
0.670
0.601
0.660
0.751
0.755
0.713
0.669
0.655
0.664
0.652
0.608
0.592
0.615
0.715
0.842
0.860
0.807
0.680
0.733
0.766
0.825
0.688
0.685
0.633
0.643
0.620
0.542
0.646
0.592
0.600
0.646
0.679
0.650
0.737
0.777
0.787
0.615
0.560
0.632
0.600
0.563
0.640
0.681
0.662
0.646
0.628
0.593
0.579
0.616
0.578
0.561
0.592
0.812
0.746
0.680
0.697
0.661
0.580
0.576
0.598
0.613
0.647
0.779
0.868
0.786
0.684
0.643
0.602
0.591
0.560
0.573
0.545
0.524
0.642
0.536
0.585
0.725
0.692
0.680
0.651
0.669
0.757
0.762
0.669
0.685
0.713
0.806
0.766
0.826
0.781
0.891
0.785
0.768
0.810
0.904
0.851
0.753
0.776
0.899
0.872
0.815
0.815
0.740
0.721
0.592
0.639
0.626
0.535
0.539
0.590
0.597
0.651
0.572
0.542
0.515
0.683
0.612
0.571
0.534
0.570
0.644
0.631
0.606
0.594
0.566
0.568
0.550
0.565
0.565
0.557
0.537
0.619
0.700
0.666
0.638
0.600
0.631
0.548
0.635
0.622
0.600
0.618
0.676
0.609
0.607
0.619
0.674
0.575
0.561
0.515
0.518
0.517
0.591
0.706
0.748
0.841
0.659
0.855
0.607
0.643
0.577
0.619
0.555
0.597
0.592
0.594
0.633
0.561
0.560
0.600
0.496
0.509
0.499
0.547
0.560
0.565
0.531
0.635
0.611
0.564
0.566
0.546
0.560
0.562
0.529
0.566
0.529
0.538
0.550
0.565
0.603
0.577
0.648
0.554
0.541
0.575
0.562
0.571
0.533
0.570
0.532
0.529
0.598
0.602
0.561
0.524
0.562
0.536
0.507
0.567
0.566
0.551
0.594
0.555
0.520
0.598
0.553
0.567
0.540
0.562
0.569
0.537
0.526
0.553
0.539
0.548
0.524
0.580
0.569
0.557
0.588
0.526
0.532
0.521
0.539
0.548
0.527
0.572
0.572
