19790101
0.578
0.605
0.644
0.707
0.795
0.698
0.659
0.642
0.652
0.663
0.632
0.621
0.630
0.673
0.747
0.724
0.647
0.650
0.659
0.604
0.562
0.717
0.672
0.665
0.668
0.560
0.583
0.822
0.739
0.766
0.544
0.598
0.760
0.592
0.461
0.519
0.563
0.551
0.560
0.513
0.519
0.587
0.564
0.460
0.559
0.545
0.612
0.555
0.536
0.423
0.419
0.439
0.430
0.497
0.514
0.560
0.613
0.596
0.670
0.680
0.671
0.635
0.701
0.708
0.691
0.732
0.785
0.840
0.796
0.797
0.726
0.759
0.826
0.751
0.767
0.729
0.692
0.791
0.677
0.704
0.782
0.763
0.776
0.925
0.961
0.872
0.821
0.821
0.790
0.799
0.817
0.746
0.734
0.737
0.699
0.684
0.644
0.548
0.518
0.484
0.446
0.430
0.410
0.514
0.501
0.539
0.494
0.464
0.476
0.590
0.823
0.729
0.669
0.663
0.683
0.729
0.697
0.639
0.828
0.713
0.766
0.652
0.578
0.576
0.555
0.499
0.483
0.437
0.461
0.467
0.488
0.544
0.550
0.504
0.551
0.602
0.616
0.594
0.644
0.600
0.650
0.664
0.737
0.661
0.597
0.572
0.545
0.494
0.609
0.657
0.545
0.501
0.513
0.562
0.549
0.562
0.668
0.520
0.686
0.547
0.444
0.425
0.426
0.428
0.479
0.418
0.396
0.461
0.414
0.390
0.394
0.388
0.386
0.405
0.428
0.401
0.389
0.404
0.398
0.377
0.372
0.396
0.445
0.488
0.489
0.508
0.515
0.384
0.365
0.351
0.379
0.368
0.343
0.406
0.453
0.446
0.399
0.357
0.436
0.512
0.420
0.359
0.376
0.362
0.348
0.336
0.331
0.347
0.341
0.342
0.341
0.379
0.384
0.355
0.357
0.358
0.353
0.346
0.355
0.364
0.360
0.331
0.343
0.340
0.333
0.331
0.349
0.401
0.382
0.372
0.339
0.364
0.356
0.391
0.450
0.486
0.730
0.710
0.562
0.551
0.663
0.534
0.562
0.661
0.733
0.672
0.520
0.532
0.465
0.407
0.535
0.680
0.469
0.434
0.483
0.529
0.580
0.657
0.605
0.471
0.635
0.511
0.390
0.415
0.480
0.511
0.524
0.494
0.397
0.393
0.415
0.406
0.402
0.460
0.447
0.477
0.460
0.432
0.507
0.478
0.496
0.548
0.560
0.578
0.616
0.603
0.651
0.574
0.644
0.669
0.750
0.703
0.677
0.799
0.767
0.687
0.701
0.692
0.675
0.709
0.784
0.754
0.806
0.660
0.696
0.685
0.654
0.760
0.749
0.689
0.716
0.736
0.744
0.623
0.625
0.751
0.726
0.744
0.777
0.725
0.791
0.778
0.766
0.709
0.713
0.741
0.818
0.766
0.755
0.697
0.640
0.541
0.541
0.571
0.556
0.594
0.567
0.534
0.511
0.531
0.478
0.466
0.434
0.467
0.465
0.451
0.471
0.534
0.504
0.528
0.614
0.737
0.803
0.760
0.766
0.800
0.760
0.717
0.646
0.646
0.574
0.576
0.558
0.651
0.671
0.760
0.622
0.650
0.496
0.467
0.473
0.427
0.363
0.386
0.468
0.524
0.603
0.554
0.601
0.651
0.672
0.654
0.646
0.617
0.602
0.529
0.437
0.418
0.531
0.468
0.416
0.356
0.364
0.424
0.478
0.617
0.606
0.636
0.617
0.704
0.697
0.684
0.596
0.554
0.522
0.610
0.548
0.403
0.381
0.357
0.311
0.390
0.494
0.611
0.707
0.655
0.652
0.625
0.569
0.583
0.526
0.476
0.473
0.487
0.502
0.492
0.510
0.626
0.556
0.677
0.684
0.667
0.588
0.479
0.476
0.490
0.388
0.518
0.573
0.596
0.585
0.584
0.579
0.555
0.769
0.419
0.575
0.632
0.594
0.477
0.636
0.416
0.456
0.458
0.370
0.491
0.543
0.603
0.686
0.600
0.433
0.550
0.600
0.616
0.660
0.705
0.713
0.585
0.540
0.683
0.698
0.463
0.409
0.387
0.388
0.374
0.370
0.389
0.451
0.451
0.452
0.573
0.569
0.670
0.499
0.627
0.733
0.603
0.687
0.485
0.521
0.476
0.415
0.416
0.513
0.515
0.489
0.431
0.447
0.534
0.550
0.515
0.430
0.679
0.559
0.444
0.441
0.435
0.396
0.440
0.422
0.413
0.404
0.415
0.402
0.429
0.451
0.636
0.551
0.508
0.455
0.511
0.572
0.479
0.438
0.415
0.411
0.402
0.409
0.430
0.416
0.391
0.389
0.390
0.390
0.379
0.386
0.455
0.429
0.401
0.379
0.369
0.390
0.377
0.368
0.388
0.386
0.377
0.448
0.466
0.476
0.519
0.534
0.531
0.552
0.555
0.549
0.556
0.583
0.585
0.597
0.608
0.602
0.604
0.643
0.631
0.624
0.603
0.604
0.627
0.621
0.711
0.575
0.592
0.597
0.651
0.675
0.575
0.570
0.616
0.567
0.579
0.533
0.544
0.515
0.516
0.498
0.492
0.456
0.457
0.441
0.389
0.372
0.325
0.332
0.344
0.370
0.358
0.346
0.323
0.342
0.303
0.300
0.324
0.351
0.349
0.368
0.336
0.316
0.333
0.411
0.395
0.378
0.385
0.365
0.347
0.333
0.331
0.346
0.341
0.354
0.330
0.362
0.420
0.452
0.398
0.348
0.457
0.534
0.436
0.436
0.380
0.338
0.328
0.388
0.393
0.417
0.620
0.640
0.552
0.530
0.547
0.544
0.659
0.558
0.650
0.711
0.709
0.687
0.628
0.602
0.593
0.594
0.584
0.588
0.776
0.609
0.542
0.530
0.569
0.595
0.570
0.497
0.514
0.507
0.519
0.570
0.660
0.701
0.638
0.565
0.579
0.572
0.663
0.568
0.821
0.712
0.827
0.702
0.664
0.677
0.615
0.597
0.738
0.582
0.679
0.785
0.611
0.552
0.505
0.543
0.524
0.546
0.547
0.585
0.530
0.527
0.511
0.584
0.600
0.688
0.640
0.601
0.573
0.622
0.533
0.459
0.462
0.464
0.420
0.417
0.486
0.504
0.526
0.530
0.568
0.678
0.681
0.678
0.610
0.589
0.589
0.559
0.486
0.509
0.580
0.646
0.761
0.691
0.727
0.745
0.741
0.760
0.679
0.446
0.427
0.514
0.425
0.437
0.476
0.440
0.474
0.597
0.688
0.685
0.559
0.625
0.569
0.612
0.784
0.633
0.627
0.604
0.555
0.548
0.530
0.662
0.473
0.446
0.551
0.465
0.449
0.562
0.457
0.505
0.744
0.673
0.588
0.477
0.447
0.513
0.421
0.459
0.536
0.521
0.600
0.630
0.620
0.547
0.591
0.439
0.487
0.467
0.510
0.604
0.650
0.585
0.509
0.451
0.427
0.447
0.526
0.525
0.526
0.557
0.759
0.658
0.690
0.693
0.753
0.726
0.639
0.630
0.741
0.699
0.750
0.756
0.795
0.778
0.654
0.797
0.774
0.832
0.735
0.773
0.641
0.646
0.688
0.674
0.727
0.681
0.557
0.566
0.573
0.594
0.591
0.557
0.512
0.537
0.505
0.479
0.410
0.432
0.487
0.519
0.554
0.583
0.694
0.544
0.612
0.630
0.574
0.650
0.579
0.592
0.500
0.476
0.532
0.569
0.659
0.613
0.724
0.743
0.717
0.863
0.681
0.743
0.664
0.617
0.948
0.866
0.699
0.656
0.573
0.577
0.559
0.520
0.516
0.547
0.562
0.475
0.417
0.420
0.463
0.514
0.480
0.550
0.502
0.553
0.541
0.547
0.486
0.538
0.514
0.552
0.504
0.440
0.480
0.509
0.728
0.562
0.526
0.663
0.449
0.411
0.423
0.423
0.415
0.411
0.513
0.441
0.413
0.397
0.437
0.410
0.411
0.428
0.396
0.396
0.429
0.391
0.431
0.629
0.577
0.488
0.566
0.582
0.570
0.598
0.566
0.559
0.602
0.624
0.628
0.636
0.674
0.661
0.635
0.652
0.688
0.678
0.686
0.669
0.656
0.722
0.676
0.686
0.691
0.677
0.599
0.610
0.635
0.613
0.611
0.587
0.572
0.580
0.566
0.533
0.517
0.534
0.549
0.526
0.493
0.473
0.464
0.469
0.410
0.370
0.371
0.396
0.385
0.377
0.360
0.370
0.406
0.412
0.461
0.376
0.372
0.348
0.344
0.389
0.411
0.449
0.432
0.360
0.438
0.419
0.394
0.386
0.383
0.371
0.432
0.497
0.452
0.452
0.522
0.433
0.376
0.366
0.370
0.380
0.500
0.342
0.355
0.338
0.336
0.327
0.345
0.371
0.442
0.417
0.356
0.353
0.430
0.534
0.582
0.639
0.661
0.566
0.727
0.759
0.735
0.664
0.784
0.775
0.757
0.705
0.700
0.738
0.702
0.667
0.654
0.566
0.575
0.580
0.594
0.699
0.539
0.623
0.698
0.675
0.769
0.701
0.728
0.720
0.709
0.626
0.580
0.518
0.720
0.677
0.675
0.579
0.622
0.764
0.758
0.888
0.691
0.710
0.698
0.696
0.776
0.682
0.732
0.648
0.680
0.585
0.535
0.583
0.559
0.562
0.742
0.679
0.747
0.613
0.538
0.545
0.671
0.695
0.710
0.557
0.541
0.514
0.584
0.569
0.529
0.557
0.674
0.581
0.645
0.701
0.648
0.649
0.706
0.612
0.610
0.588
0.521
0.482
0.472
0.484
0.507
0.590
0.691
0.573
0.685
0.692
0.757
0.734
0.857
0.828
0.682
0.620
0.590
0.623
0.603
0.556
0.662
0.633
0.603
0.642
0.678
0.378
0.389
0.444
0.562
0.615
0.512
0.494
0.494
0.514
0.503
0.525
0.554
0.483
0.455
0.468
0.512
0.591
0.611
0.541
0.543
0.547
0.552
0.526
0.509
0.512
0.609
0.597
0.727
0.627
0.731
0.767
0.660
0.708
0.794
0.682
0.730
0.696
0.646
0.688
0.586
0.555
0.613
0.603
0.681
0.662
0.731
0.697
0.628
0.702
0.594
0.541
0.478
0.449
0.464
0.559
0.603
0.661
0.646
0.627
0.645
0.596
0.547
0.472
0.472
0.588
0.604
0.797
0.641
0.620
0.647
0.603
0.540
0.552
0.531
0.519
0.552
0.634
0.662
0.699
0.714
0.629
0.701
0.721
0.710
0.680
0.775
0.670
0.605
0.649
0.659
0.788
0.550
0.473
0.487
0.542
0.556
0.513
0.510
0.447
0.502
0.676
0.544
0.534
0.523
0.496
0.447
0.463
0.547
0.492
0.450
0.484
0.503
0.527
0.460
0.452
0.449
0.517
0.466
0.534
0.592
0.482
0.502
0.620
0.472
0.699
0.537
0.571
0.581
0.606
0.502
0.489
0.441
0.415
0.388
0.390
0.387
0.402
0.405
0.417
0.407
0.509
0.452
0.491
0.441
0.451
0.499
0.407
0.386
0.383
0.386
0.375
0.397
0.385
0.397
0.423
0.375
0.364
0.341
0.344
0.367
0.380
0.352
0.348
0.373
0.398
0.390
0.389
0.389
0.383
0.402
0.418
0.399
0.356
0.394
0.402
0.450
0.402
0.376
0.362
0.358
0.367
0.384
0.396
0.366
0.386
0.387
0.390
0.384
0.398
0.500
0.535
0.421
0.423
0.405
0.375
0.371
0.353
0.362
0.329
0.361
0.406
0.374
0.339
0.357
0.338
0.365
0.352
0.343
0.343
0.359
0.358
0.347
0.356
0.361
0.346
0.339
0.345
0.347
0.335
0.334
0.349
0.314
0.302
0.305
0.328
0.354
0.347
0.358
0.340
0.341
0.344
0.335
0.334
0.334
0.348
0.341
0.350
0.437
0.341
0.348
0.366
0.483
0.466
0.399
0.293
0.304
0.311
0.301
0.301
0.380
0.524
0.537
0.603
0.510
0.556
0.569
0.518
0.515
0.500
0.494
0.428
0.501
0.582
0.637
0.634
0.661
0.648
0.606
0.618
0.502
0.498
0.540
0.514
0.676
0.546
0.582
0.604
0.557
0.662
0.649
0.604
0.536
0.655
0.616
0.542
0.493
0.541
0.580
0.728
0.654
0.786
0.682
0.601
0.554
0.507
0.496
0.610
0.618
0.588
0.446
0.403
0.461
0.417
0.461
0.447
0.469
0.436
0.510
0.536
0.543
0.428
0.428
0.583
0.753
0.516
0.396
0.399
0.387
0.388
0.551
0.469
0.416
0.498
0.444
0.457
0.477
0.493
0.478
0.545
0.513
0.423
0.374
0.452
0.488
0.517
0.654
0.534
0.514
0.514
0.473
0.461
0.457
0.495
0.479
0.469
0.457
0.403
0.438
0.473
0.554
0.472
0.453
0.441
0.437
0.425
0.416
0.397
0.416
0.430
0.519
0.498
0.458
0.481
0.395
0.380
0.394
0.392
0.358
0.370
0.384
0.358
0.390
0.378
0.390
0.404
0.386
0.468
0.533
0.482
0.357
0.333
0.415
0.520
0.454
0.551
0.748
0.729
0.610
0.593
0.555
0.514
0.514
0.494
0.395
0.424
0.482
0.442
0.381
0.363
0.370
0.346
0.348
0.353
0.348
0.373
0.379
0.342
0.451
0.494
0.459
0.450
0.532
0.551
0.553
0.595
0.543
0.569
0.597
0.514
0.436
0.361
0.359
0.482
0.773
0.531
0.333
0.328
0.315
0.336
0.353
0.402
0.514
0.536
0.572
0.529
0.566
0.503
0.574
0.492
0.590
0.557
0.482
0.453
0.659
0.531
0.563
0.571
0.525
0.496
0.611
0.555
0.587
0.600
0.492
0.470
0.569
0.560
0.696
0.516
0.526
0.629
0.639
0.669
0.515
0.625
0.700
0.664
0.557
0.588
0.544
0.590
0.532
0.527
0.474
0.418
0.431
0.408
0.431
0.422
0.421
0.405
0.458
0.514
0.574
0.698
0.620
0.819
0.598
0.602
0.684
0.543
0.464
0.504
0.435
0.647
0.617
0.535
0.499
0.459
0.420
0.401
0.420
0.407
0.355
0.439
0.581
0.497
0.476
0.544
0.435
0.381
0.430
0.454
0.436
0.378
0.377
0.348
0.340
0.331
0.385
0.491
0.372
0.340
0.359
0.363
0.364
0.363
0.374
0.375
0.373
0.375
0.367
0.409
0.417
0.409
0.438
0.426
0.415
0.444
0.379
0.375
0.351
0.405
0.396
0.417
0.428
0.374
0.374
0.365
0.363
0.374
0.359
0.317
0.321
0.343
0.370
0.355
0.378
0.387
0.372
0.345
0.350
0.341
0.345
0.358
0.366
0.351
0.335
0.343
0.340
0.357
0.340
0.329
0.315
0.353
0.334
0.331
0.325
0.350
0.332
0.317
0.308
0.311
0.332
0.331
0.313
0.311
0.342
0.328
0.318
0.306
0.407
0.330
0.295
0.316
0.343
0.330
0.381
0.398
0.387
0.336
0.310
0.327
0.355
0.363
0.442
0.369
0.336
0.310
0.287
0.294
0.340
0.332
0.298
0.300
0.303
0.292
0.305
0.311
0.298
0.295
0.304
0.306
0.393
0.380
0.353
0.395
0.436
0.465
0.444
0.434
0.461
0.506
0.606
0.640
0.725
0.751
0.629
0.624
0.724
0.706
0.735
0.695
0.655
0.672
0.599
0.563
0.665
0.624
0.592
0.648
0.674
0.623
0.594
0.644
0.598
0.604
0.578
0.601
0.617
0.603
0.760
0.771
0.660
0.705
0.589
0.621
0.643
0.489
0.396
0.451
0.437
0.392
0.426
0.523
0.453
0.423
0.445
0.518
0.571
0.580
0.587
0.466
0.435
0.530
0.761
0.607
0.668
0.609
0.668
0.542
0.531
0.535
0.557
0.486
0.441
0.581
0.489
0.510
0.584
0.564
0.490
0.438
0.422
0.411
0.427
0.474
0.542
0.479
0.407
0.491
0.445
0.589
0.543
0.546
0.543
0.557
0.677
0.637
0.646
0.635
0.653
0.622
0.569
0.556
0.497
0.425
0.450
0.457
0.440
0.455
0.542
0.596
0.628
0.554
0.544
0.598
0.531
0.539
0.558
0.621
0.594
0.470
0.485
0.538
0.563
0.556
0.573
0.634
0.616
0.673
0.645
0.598
0.566
0.511
0.553
0.623
0.656
0.671
0.793
0.772
0.671
0.637
0.585
0.639
0.586
0.526
0.589
0.619
0.651
0.715
0.673
0.657
0.621
0.532
0.471
0.487
0.506
0.639
0.548
0.663
0.671
0.624
0.551
0.513
0.575
0.659
0.616
0.661
0.720
0.607
0.530
0.433
0.595
0.684
0.735
0.592
0.705
0.667
0.655
0.744
0.650
0.678
0.686
0.612
0.600
0.553
0.577
0.648
0.662
0.577
0.553
0.432
0.639
0.533
0.535
0.641
0.641
0.708
0.659
0.572
0.388
0.477
0.672
0.624
0.752
0.648
0.674
0.650
0.690
0.680
0.671
0.693
0.611
0.555
0.551
0.415
0.338
0.372
0.498
0.499
0.486
0.588
0.601
0.813
0.648
0.667
0.749
0.671
0.723
0.615
0.467
0.523
0.499
0.412
0.480
0.582
0.650
0.625
0.643
0.632
0.490
0.461
0.430
0.518
0.522
0.745
0.622
0.458
0.432
0.481
0.507
0.668
0.449
0.458
0.443
0.466
0.416
0.476
0.472
0.371
0.381
0.396
0.365
0.362
0.375
0.395
0.391
0.437
0.614
0.494
0.425
0.428
0.479
0.414
0.444
0.486
0.460
0.529
0.534
0.478
0.434
0.484
0.474
0.432
0.420
0.399
0.425
0.434
0.443
0.405
0.399
0.417
0.411
0.365
0.372
0.388
0.391
0.365
0.373
0.368
0.392
0.408
0.410
0.407
0.432
0.396
0.404
0.469
0.404
0.389
0.362
0.366
0.386
0.377
0.366
0.394
0.374
0.351
0.343
0.368
0.356
0.417
0.448
0.391
0.441
0.449
0.494
0.516
0.433
0.402
0.350
0.354
0.365
0.352
0.334
0.317
0.341
0.346
0.339
0.335
0.340
0.424
0.387
0.472
0.449
0.414
0.403
0.472
0.449
0.459
0.609
0.450
0.480
0.558
0.774
0.635
0.616
0.684
0.604
0.571
0.494
0.553
0.409
0.373
0.365
0.425
0.440
0.427
0.489
0.562
0.547
0.514
0.543
0.582
0.579
0.503
0.526
0.510
0.576
0.536
0.508
0.503
0.574
0.637
0.667
0.548
0.619
0.584
0.651
0.640
0.805
0.723
0.710
0.903
0.784
0.780
0.834
0.733
0.689
0.833
0.700
0.771
0.899
0.788
0.758
0.753
0.771
0.788
0.721
0.763
0.575
0.517
0.528
0.581
0.517
0.527
0.634
0.565
0.581
0.542
0.543
0.529
0.584
0.578
0.585
0.610
0.596
0.570
0.461
0.429
0.449
0.441
0.514
0.586
0.551
0.518
0.542
0.565
0.631
0.605
0.529
0.604
0.598
0.593
0.587
0.548
0.529
0.508
0.504
0.521
0.489
0.495
0.459
0.454
0.432
0.408
0.466
0.407
0.394
0.434
0.500
0.581
0.631
0.544
0.580
0.581
0.627
0.608
0.659
0.706
0.608
0.660
0.622
0.559
0.525
0.654
0.634
0.633
0.666
0.657
0.691
0.586
0.573
0.578
0.555
0.514
0.545
0.672
0.622
0.543
0.546
0.503
0.435
0.354
0.334
0.384
0.430
0.450
0.397
0.374
0.346
0.340
0.325
0.331
0.311
0.329
0.327
0.306
0.297
0.280
0.317
0.515
0.514
0.479
0.386
0.399
0.421
0.374
0.392
0.414
0.479
0.490
0.524
0.459
0.387
0.408
0.569
0.699
0.647
0.555
0.478
0.637
0.522
0.515
0.568
0.665
0.541
0.510
0.667
0.575
0.478
0.547
0.589
0.591
0.641
0.624
0.673
0.601
0.762
0.667
0.648
0.748
0.627
0.641
0.519
0.544
0.595
0.593
0.443
0.336
0.371
0.501
0.482
0.448
0.456
0.444
0.415
0.441
0.492
0.498
0.597
0.630
0.779
0.757
0.793
0.792
0.688
0.726
0.616
0.438
0.470
0.600
0.742
0.458
0.578
0.539
0.642
0.651
0.804
0.692
0.770
0.535
0.573
0.563
0.786
0.876
0.481
0.452
0.464
0.486
0.526
0.433
0.456
0.392
0.389
0.373
0.364
0.496
0.392
0.505
0.521
0.472
0.452
0.407
0.395
0.408
0.381
0.355
0.352
0.329
0.334
0.354
0.345
0.350
0.359
0.353
0.359
0.362
0.341
0.347
0.357
0.360
0.352
0.345
0.351
0.382
0.363
0.392
0.333
0.333
0.366
0.322
0.344
0.314
0.326
0.349
0.345
0.365
0.419
0.377
0.359
0.363
0.363
0.385
0.386
0.359
0.366
0.362
0.374
0.356
0.357
0.414
0.412
0.387
0.466
0.390
0.417
0.393
0.384
0.381
0.365
0.349
0.351
0.339
0.345
0.388
0.439
0.365
0.358
0.345
0.464
0.359
0.328
0.352
0.370
0.354
0.336
0.347
0.347
0.347
0.366
0.367
0.359
0.359
0.425
0.616
0.379
0.368
0.367
0.377
0.374
0.324
0.337
0.335
0.339
0.341
0.365
0.392
0.518
0.514
0.464
0.430
0.582
0.464
0.401
0.452
0.404
0.354
0.351
0.341
0.379
0.447
0.478
0.384
0.439
0.608
0.515
0.561
0.439
0.452
0.503
0.539
0.595
0.544
0.490
0.463
0.515
0.483
0.534
0.531
0.461
0.380
0.345
0.360
0.443
0.500
0.511
0.519
0.500
0.588
0.717
0.604
0.586
0.644
0.705
0.724
0.780
0.746
0.720
0.749
0.667
0.633
0.589
0.540
0.656
0.609
0.563
0.542
0.693
0.531
0.510
0.497
0.516
0.521
0.589
0.570
0.513
0.531
0.432
0.425
0.439
0.525
0.473
0.482
0.524
0.800
0.593
0.515
0.452
0.539
0.547
0.645
0.701
0.621
0.643
0.712
0.616
0.704
0.607
0.615
0.595
0.548
0.569
0.538
0.545
0.519
0.430
0.372
0.365
0.372
0.373
0.414
0.515
0.436
0.417
0.495
0.480
0.445
0.577
0.660
0.607
0.458
0.374
0.348
0.407
0.487
0.456
0.394
0.398
0.417
0.434
0.384
0.417
0.387
0.371
0.404
0.518
0.486
0.546
0.485
0.444
0.438
0.413
0.402
0.418
0.470
0.487
0.476
0.555
0.775
0.491
0.520
0.548
0.583
0.543
0.587
0.640
0.560
0.538
0.485
0.428
0.453
0.500
0.459
0.479
0.669
0.683
0.604
0.579
0.514
0.635
0.714
0.676
0.636
0.591
0.566
0.559
0.787
0.734
0.668
0.851
0.684
0.605
0.639
0.646
0.568
0.566
0.527
0.667
0.543
0.499
0.545
0.614
0.620
0.631
0.598
0.590
0.536
0.472
0.402
0.365
0.373
0.491
0.542
0.483
0.412
0.370
0.425
0.438
0.476
0.477
0.452
0.487
0.524
0.721
0.560
0.767
0.651
0.669
0.684
0.563
0.655
0.487
0.478
0.388
0.408
0.505
0.564
0.612
0.491
0.691
0.752
0.779
0.633
0.768
0.540
0.537
0.520
0.578
0.555
0.507
0.579
0.464
0.449
0.441
0.440
0.496
0.521
0.507
0.474
0.510
0.507
0.561
0.602
0.526
0.484
0.423
0.499
0.354
0.325
0.405
0.504
0.456
0.400
0.426
0.416
0.413
0.404
0.500
0.731
0.822
-99.000
0.937
0.593
0.571
0.458
0.519
0.577
0.538
0.417
0.468
0.670
0.567
0.489
0.401
0.358
0.354
0.433
0.402
0.385
0.378
0.371
0.383
0.375
0.370
0.371
0.372
0.374
0.388
0.378
0.354
0.346
0.352
0.355
0.365
0.395
0.400
0.375
0.379
0.376
0.380
0.380
0.376
0.374
0.360
0.342
0.340
0.337
0.326
0.360
0.363
0.348
0.342
0.346
0.372
0.382
0.378
0.366
0.344
0.340
0.342
0.347
0.331
0.343
0.343
0.360
0.357
0.342
0.355
0.356
0.334
0.344
0.345
0.340
0.319
0.327
0.322
0.357
0.318
0.374
0.347
0.315
0.301
0.294
0.335
0.315
0.355
0.400
0.389
0.311
0.283
0.304
0.299
0.321
0.360
0.335
0.472
0.397
0.355
0.334
0.308
0.320
0.344
0.352
0.373
0.349
0.334
0.341
0.341
0.277
0.251
0.298
0.368
0.353
0.395
0.366
0.385
0.450
0.629
0.569
0.559
0.562
0.564
0.492
0.480
0.539
0.445
0.506
0.492
0.466
0.438
0.523
0.456
0.455
0.577
0.841
0.694
0.661
0.721
0.659
0.610
0.624
0.630
0.728
0.607
0.571
0.489
0.491
0.475
0.579
0.558
0.561
0.554
0.619
0.554
0.579
0.648
0.528
0.442
0.452
0.486
0.459
0.429
0.503
0.544
0.597
0.516
0.543
0.522
0.482
0.524
0.546
0.473
0.487
0.504
0.565
0.569
0.612
0.714
0.677
0.798
0.705
0.708
0.687
0.686
0.796
0.673
0.718
0.545
0.475
0.467
0.437
0.511
0.554
0.485
0.429
0.434
0.407
0.425
0.494
0.575
0.600
0.603
0.491
0.415
0.424
0.408
0.420
0.430
-99.000
-99.000
-99.000
-99.000
-99.000
-99.000
-99.000
-99.000
0.530
0.480
0.424
0.412
0.450
0.565
0.708
0.681
0.631
0.535
0.402
0.419
0.371
0.440
0.370
0.357
0.385
0.394
0.392
0.424
0.409
0.422
0.562
0.804
0.556
0.441
0.495
0.444
0.371
0.373
0.494
0.454
0.390
0.386
0.380
0.369
0.326
0.350
0.415
0.546
0.537
0.476
0.424
0.501
0.480
0.430
0.416
0.444
0.427
0.387
0.376
0.369
0.356
0.334
0.345
0.359
0.346
0.356
0.355
0.341
0.337
0.338
0.446
0.598
0.496
0.598
0.688
0.665
0.688
0.672
0.666
0.616
0.606
0.550
0.498
0.435
0.393
0.418
0.415
0.457
0.502
0.455
0.568
0.609
0.601
0.629
0.681
0.632
0.651
0.711
0.691
0.662
0.690
0.690
0.466
0.562
0.599
0.485
0.471
0.450
0.428
0.418
0.356
0.372
0.469
0.489
0.473
0.406
0.584
0.483
0.432
0.457
0.418
0.444
0.445
0.592
0.579
0.545
0.627
0.517
0.781
0.627
0.946
0.692
0.751
0.749
0.798
0.702
0.625
0.558
0.480
0.482
0.407
0.413
0.405
0.447
0.461
0.424
0.432
0.484
0.566
0.636
0.707
0.706
0.727
0.562
0.452
0.433
0.397
0.395
0.370
0.389
0.378
0.402
0.428
0.484
0.583
0.571
0.532
0.419
0.380
0.387
0.381
0.371
0.414
0.432
0.364
0.361
0.360
0.371
0.374
0.362
0.354
0.364
0.377
0.378
0.379
0.379
0.358
0.358
0.361
0.370
0.382
0.411
0.389
0.425
0.391
0.362
0.369
0.385
0.367
0.357
0.359
0.367
0.358
0.387
0.365
0.429
0.607
0.417
0.368
0.369
0.373
0.357
0.369
0.362
0.368
0.443
0.730
0.547
0.469
0.404
0.415
0.424
0.454
0.441
0.483
0.416
0.388
0.382
0.377
0.376
0.364
0.359
0.397
0.370
0.346
0.338
0.339
0.352
0.335
0.343
0.352
0.350
0.339
0.340
0.349
0.329
0.335
0.322
0.320
0.343
0.347
0.329
0.332
0.378
0.456
0.478
0.448
0.396
0.361
0.360
0.364
0.341
0.324
0.335
0.356
0.466
0.388
0.341
0.316
0.300
0.328
0.418
0.487
0.473
0.547
0.420
0.536
0.614
0.462
0.414
0.485
0.559
0.569
0.575
0.620
0.654
0.554
0.478
0.588
0.580
0.602
0.631
0.697
0.776
0.710
0.529
0.506
0.661
0.664
0.622
0.655
0.613
0.563
0.555
0.553
0.534
0.586
0.615
0.587
0.658
0.596
0.721
0.729
0.753
0.694
0.667
0.546
0.571
0.675
0.494
0.463
0.465
0.472
0.503
0.507
0.526
0.680
0.536
0.584
0.667
0.618
0.790
0.739
0.558
0.527
0.503
0.601
0.655
0.686
0.585
0.562
0.592
0.680
0.639
0.669
0.669
0.804
0.748
0.589
0.583
0.608
0.670
0.642
0.680
0.525
0.583
0.526
0.540
0.563
0.460
0.407
0.412
0.415
0.377
0.383
0.379
0.348
0.336
0.374
0.381
0.395
0.444
0.402
0.381
0.367
0.375
0.416
0.383
0.417
0.379
0.385
0.373
0.604
0.542
0.548
0.550
0.456
0.462
0.447
0.463
0.480
0.481
0.460
0.481
0.535
0.546
0.452
0.402
0.400
0.345
0.346
0.363
0.372
0.354
0.323
0.330
0.451
0.619
0.545
0.436
0.459
0.424
0.502
0.568
0.704
0.767
0.703
0.589
0.529
0.573
0.513
0.484
0.530
0.411
0.505
0.563
0.487
0.657
0.648
0.807
0.754
0.687
0.594
0.651
0.679
0.505
0.338
0.364
0.625
0.436
0.449
0.586
0.630
0.732
0.671
0.735
0.671
0.636
0.610
0.573
0.375
0.318
0.274
0.291
0.294
0.307
0.249
0.255
0.266
0.294
0.294
0.336
0.375
0.399
0.396
0.394
0.452
0.646
0.561
0.590
0.558
0.539
0.550
0.561
0.766
0.820
0.779
0.725
0.734
0.779
0.764
0.638
0.676
0.807
0.713
0.748
0.748
0.594
0.596
0.554
0.584
0.600
0.495
0.706
0.529
0.568
0.783
0.579
0.657
0.576
0.479
0.462
0.461
0.493
0.519
0.427
0.590
0.809
0.522
0.542
0.524
0.507
0.512
0.551
0.654
0.633
0.471
0.762
0.542
0.504
0.633
0.608
0.648
0.732
0.675
0.548
0.640
0.673
0.805
0.458
0.417
0.414
0.382
0.415
0.460
0.414
0.417
0.462
0.465
0.419
0.479
0.739
0.548
0.569
0.672
0.729
0.602
0.601
0.613
0.790
0.564
0.564
0.523
0.457
0.460
0.441
0.482
0.631
0.614
0.517
0.482
0.456
0.431
0.400
0.380
0.383
0.413
0.399
0.349
0.340
0.354
0.357
0.343
0.342
0.350
0.364
0.380
0.396
0.366
0.378
0.394
0.372
0.353
0.332
0.358
0.428
0.371
0.395
0.396
0.352
0.344
0.338
0.342
0.388
0.575
0.449
0.452
0.427
0.346
0.382
0.350
0.524
0.564
0.577
0.546
0.632
0.463
0.491
0.496
0.645
0.567
0.518
0.589
0.464
0.449
0.481
0.676
0.624
0.584
0.570
0.500
0.500
0.590
0.634
0.558
0.593
0.633
0.674
0.740
0.557
0.700
0.698
0.457
0.521
0.512
0.550
0.568
0.524
0.579
0.726
0.638
0.520
0.389
0.453
0.402
0.447
0.481
0.707
0.630
0.610
0.536
0.534
0.487
0.478
0.491
0.438
0.394
0.436
0.521
0.769
0.612
0.754
0.727
0.637
0.641
0.565
0.633
0.694
0.624
0.619
0.640
0.690
0.750
0.710
0.644
0.563
0.653
0.615
0.544
0.601
0.579
0.584
0.678
0.599
0.571
0.595
0.591
0.666
0.663
0.593
0.544
0.551
0.521
0.659
0.702
0.691
0.777
0.837
0.792
0.714
0.720
0.770
0.731
0.755
0.790
0.701
0.712
0.779
0.724
0.764
0.723
0.724
0.696
0.708
0.656
0.803
0.807
0.834
0.763
0.657
0.672
0.687
0.629
0.594
0.616
0.721
0.733
0.558
0.503
0.504
0.572
0.492
0.528
0.544
0.584
0.575
0.587
0.570
0.577
0.600
0.558
0.533
0.549
0.616
0.668
0.686
0.643
0.570
0.592
0.477
0.435
0.489
0.559
0.485
0.475
0.502
0.517
0.518
0.546
0.532
0.518
0.438
0.407
0.456
0.570
0.663
0.607
0.621
0.597
0.577
0.583
0.701
0.606
0.631
0.576
0.475
0.570
0.628
0.579
0.558
0.546
0.496
0.493
0.495
0.590
0.515
0.390
0.433
0.516
0.582
0.515
0.562
0.698
0.794
0.747
0.649
0.610
0.491
0.440
0.501
0.478
0.503
0.610
0.723
0.773
0.780
0.676
0.715
0.738
0.756
0.798
0.789
0.724
0.728
0.713
0.673
0.718
0.736
0.677
0.686
0.663
0.659
0.664
0.662
0.679
0.663
0.673
0.645
0.628
0.689
0.659
0.713
0.629
0.606
0.482
0.462
0.474
0.491
0.538
0.508
0.504
0.520
0.548
0.490
0.462
0.619
0.574
0.577
0.524
0.483
0.497
0.427
0.400
0.436
0.479
0.546
0.690
0.576
0.631
0.752
0.766
0.712
0.725
0.709
0.579
0.538
0.669
0.659
0.571
0.674
0.678
0.659
0.629
0.597
0.494
0.401
0.391
0.384
0.391
0.395
0.372
0.408
0.439
0.405
0.473
0.631
0.488
0.428
0.437
0.440
0.403
0.447
0.524
0.511
0.498
0.620
0.510
0.478
0.478
0.493
0.413
0.582
0.487
0.417
0.384
0.368
0.361
0.444
0.378
0.378
0.386
0.387
0.446
0.412
0.471
0.546
0.482
0.544
0.388
0.382
0.374
0.379
0.396
0.349
0.463
0.467
0.402
0.351
0.342
0.358
0.354
0.346
0.366
0.356
0.347
0.374
0.352
0.334
0.338
0.350
0.349
0.367
0.401
0.503
0.702
0.611
0.457
0.654
0.500
0.436
0.542
0.408
0.384
0.354
0.349
0.345
0.416
0.383
0.391
0.503
0.405
0.375
0.430
0.372
0.352
0.360
0.383
0.402
0.379
0.358
0.404
0.445
0.400
0.346
0.415
0.409
0.386
0.354
0.431
0.457
0.437
0.460
0.471
0.393
0.401
0.543
0.571
0.740
0.539
0.527
0.500
0.444
0.460
0.553
0.442
0.400
0.340
0.317
0.344
0.337
0.336
0.376
0.417
0.491
0.483
0.409
0.425
0.457
0.448
0.518
0.556
0.478
0.390
0.441
0.436
0.568
0.620
0.583
0.453
0.425
0.444
0.530
0.554
0.514
0.602
0.530
0.477
0.469
0.690
0.504
0.440
0.393
0.472
0.526
0.524
0.607
0.598
0.633
0.714
0.668
0.557
0.588
0.501
0.514
0.626
0.778
0.720
0.812
0.698
0.754
0.788
0.796
0.850
0.614
0.728
0.655
0.639
0.568
0.611
0.568
0.570
0.572
0.532
0.561
0.592
0.506
0.449
0.466
0.484
0.524
0.504
0.461
0.501
0.664
0.657
0.715
0.818
0.743
0.772
0.579
0.485
0.550
0.662
0.642
0.667
0.594
0.692
0.560
0.463
0.538
0.579
0.532
0.375
0.439
0.476
0.528
0.592
0.628
0.719
0.674
0.703
0.705
0.659
0.485
0.480
0.553
0.489
0.514
0.574
0.647
0.677
0.627
0.581
0.550
0.575
0.505
0.575
0.607
0.635
0.513
0.479
0.452
0.398
0.416
0.401
0.415
0.421
0.406
0.368
0.423
0.403
0.406
0.394
0.409
0.392
0.374
0.424
0.455
0.492
0.578
0.601
0.583
0.620
0.578
0.569
0.618
0.694
0.733
0.655
0.645
0.622
0.545
0.535
0.570
0.600
0.536
0.540
0.606
0.864
0.799
0.716
0.511
0.552
0.536
0.481
0.555
0.594
0.682
0.481
0.423
0.444
0.381
0.344
0.360
0.344
0.377
0.347
0.379
0.380
0.379
0.438
0.446
0.389
0.407
0.461
0.559
0.610
0.570
0.656
0.674
0.641
0.638
0.600
0.631
0.674
0.687
0.637
0.708
0.737
0.644
0.491
0.498
0.373
0.351
0.396
0.438
0.513
0.588
0.564
0.631
0.703
0.751
0.709
0.652
0.687
0.645
0.641
0.552
0.661
0.614
0.728
0.687
0.621
0.767
0.713
0.657
0.679
0.584
0.625
0.683
0.724
0.663
0.585
0.583
0.545
0.586
0.556
0.583
0.529
0.418
0.417
0.399
0.388
0.429
0.402
0.436
0.427
0.421
0.389
0.396
0.428
0.440
0.504
0.526
0.524
0.521
0.443
0.445
0.439
0.560
0.447
0.384
0.372
0.389
0.436
0.382
0.448
0.460
0.468
0.466
0.458
0.421
0.383
0.375
0.375
0.382
0.373
0.400
0.444
0.385
0.364
0.379
0.373
0.376
0.387
0.362
0.367
0.360
0.344
0.355
0.389
0.402
0.389
0.435
0.446
0.452
0.406
0.382
0.379
0.383
0.356
0.355
0.416
0.423
0.383
0.354
0.364
0.370
0.367
0.356
0.332
0.352
0.382
0.375
0.369
0.379
0.350
0.334
0.332
0.344
0.358
0.340
0.325
0.318
0.342
0.383
0.372
0.332
0.321
0.338
0.386
0.397
0.355
0.339
0.319
0.309
0.338
0.317
0.341
0.327
0.324
0.338
0.556
0.464
0.444
0.461
0.503
0.567
0.382
0.403
0.377
0.325
0.310
0.346
0.373
0.387
0.378
0.348
0.329
0.340
0.351
0.341
0.350
0.318
0.301
0.301
0.383
0.500
0.655
0.582
0.553
0.434
0.389
0.393
0.451
0.452
0.405
0.379
0.454
0.524
0.586
0.541
0.509
0.569
0.498
0.540
0.668
0.640
0.583
0.589
0.567
0.582
0.685
0.759
0.597
0.530
0.640
0.529
0.543
0.671
0.544
0.580
0.462
0.590
0.565
0.771
0.585
0.585
0.637
0.794
0.663
0.695
0.767
0.661
0.527
0.516
0.539
0.527
0.446
0.446
0.446
0.431
0.408
0.404
0.389
0.468
0.435
0.477
0.467
0.445
0.606
0.511
0.477
0.484
0.471
0.612
0.718
0.631
0.640
0.651
0.699
0.734
0.755
0.749
0.732
0.824
0.781
0.708
0.692
0.687
0.553
0.444
0.422
0.401
0.401
0.391
0.413
0.427
0.394
0.426
0.447
0.471
0.499
0.472
0.491
0.492
0.443
0.472
0.477
0.699
0.740
0.621
0.590
0.533
0.576
0.599
0.617
0.580
0.557
0.561
0.692
0.701
0.653
0.563
0.621
0.621
0.559
0.536
0.575
0.611
0.640
0.542
0.348
0.356
0.301
0.339
0.373
0.336
0.285
0.334
0.506
0.523
0.542
0.508
0.455
0.392
0.409
0.700
0.691
0.668
0.592
0.625
0.575
0.537
0.512
0.508
0.602
0.567
0.582
0.611
0.586
0.412
0.348
0.350
0.350
0.348
0.350
0.342
0.391
0.487
0.717
0.670
0.659
0.665
0.614
0.659
0.515
0.499
0.675
0.625
0.534
0.603
0.578
0.596
0.607
0.534
0.620
0.505
0.348
0.317
0.383
0.548
0.461
0.453
0.603
0.731
0.554
0.525
0.557
0.630
0.578
0.503
0.495
0.456
0.396
0.648
0.620
0.453
0.595
0.630
0.667
0.572
0.570
0.634
0.645
0.719
0.832
0.711
0.559
0.514
0.531
0.501
0.476
0.383
0.405
0.460
0.494
0.601
0.484
0.585
0.579
0.530
0.556
0.534
0.521
0.483
0.575
0.433
0.426
0.461
0.464
0.602
0.498
0.463
0.489
0.529
0.614
0.679
0.558
0.623
0.798
0.732
0.614
0.695
0.504
0.478
0.426
0.398
0.410
0.422
0.430
0.471
0.555
0.462
0.440
0.459
0.680
0.410
0.385
0.393
0.383
0.370
0.367
0.446
0.469
0.503
0.506
0.499
0.580
0.493
0.448
0.441
0.394
0.373
0.455
0.445
0.404
0.390
0.400
0.388
0.386
0.426
0.376
0.402
0.396
0.445
0.423
0.388
0.406
0.387
0.382
0.384
0.387
0.366
0.375
0.374
0.358
0.360
0.352
0.327
0.350
0.350
0.361
0.365
0.344
0.350
0.344
0.342
0.348
0.359
0.389
0.467
0.395
0.424
0.352
0.336
0.328
0.349
0.386
0.478
0.417
0.358
0.322
0.335
0.362
0.330
0.314
0.309
0.309
0.332
0.336
0.332
0.328
0.328
0.335
0.316
0.304
0.317
0.334
0.323
0.299
0.329
0.341
0.318
0.289
0.294
0.310
0.311
0.336
0.344
0.321
0.338
0.321
0.301
0.315
0.281
0.381
0.563
0.471
0.470
0.492
0.410
0.381
0.430
0.437
0.440
0.443
0.422
0.495
0.396
0.374
0.428
0.544
0.571
0.465
0.364
0.346
0.430
0.531
0.495
0.407
0.348
0.397
0.448
0.435
0.422
0.472
0.472
0.468
0.387
0.382
0.334
0.324
0.318
0.311
0.323
0.348
0.420
0.444
0.416
0.389
0.398
0.400
0.400
0.423
0.426
0.533
0.476
0.441
0.477
0.491
0.546
0.630
0.690
0.589
0.620
0.725
0.632
0.590
0.659
0.594
0.494
0.448
0.418
0.479
0.489
0.512
0.499
0.507
0.483
0.393
0.404
0.388
0.375
0.404
0.459
0.512
0.571
0.532
0.439
0.389
0.394
0.417
0.454
0.413
0.419
0.432
0.529
0.672
0.680
0.748
0.746
0.699
0.585
0.521
0.562
0.517
0.481
0.511
0.445
0.389
0.453
0.394
0.369
0.379
0.392
0.393
0.393
0.406
0.425
0.468
0.449
0.354
0.350
0.344
0.366
0.377
0.472
0.476
0.387
0.354
0.342
0.326
0.322
0.346
0.349
0.318
0.413
0.544
0.587
0.547
0.367
0.375
0.478
0.507
0.568
0.565
0.505
0.431
0.410
0.447
0.470
0.432
0.418
0.525
0.635
0.603
0.597
0.500
0.437
0.461
0.344
0.310
0.301
0.364
0.415
0.419
0.384
0.332
0.305
0.330
0.389
0.333
0.349
0.390
0.350
0.326
0.356
0.348
0.335
0.367
0.328
0.364
0.303
0.290
0.326
0.395
0.443
0.569
0.466
0.518
0.357
0.331
0.468
0.782
0.620
0.567
0.304
0.599
0.590
0.709
0.478
0.382
0.416
0.529
0.585
0.624
0.615
0.634
0.633
0.448
0.403
0.356
0.314
0.347
0.417
0.581
0.570
0.644
0.596
0.700
0.599
0.520
0.599
0.511
0.631
0.593
0.490
0.404
0.444
0.677
0.586
0.392
0.498
0.497
0.495
0.473
0.424
0.532
0.501
0.522
0.579
0.532
0.475
0.370
0.359
0.390
0.405
0.431
0.423
0.438
0.452
0.489
0.485
0.453
0.511
0.510
0.474
0.506
0.505
0.429
0.524
0.583
0.879
0.630
0.528
0.477
0.429
0.403
0.389
0.409
0.383
0.362
0.419
0.409
0.371
0.365
0.376
0.362
0.349
0.328
0.331
0.346
0.363
0.358
0.361
0.350
0.329
0.319
0.327
0.322
0.341
0.335
0.350
0.377
0.334
0.313
0.317
0.354
0.335
0.325
0.351
0.342
0.367
0.349
0.344
0.331
0.306
0.360
0.410
0.439
0.383
0.342
0.318
0.341
0.357
0.335
0.356
0.365
0.339
0.349
0.324
0.293
0.307
0.323
0.307
0.316
0.328
0.323
0.309
0.297
0.335
0.346
0.332
0.309
0.308
0.358
0.322
0.331
0.330
0.322
0.430
0.413
0.442
0.448
0.346
0.320
0.312
0.285
0.334
0.311
0.302
0.298
0.299
0.298
0.315
0.321
0.343
0.358
0.327
0.317
0.306
0.316
0.283
0.309
0.305
0.295
0.301
0.282
0.274
0.303
0.399
0.457
0.466
0.492
0.485
0.368
0.348
0.396
0.491
0.492
0.579
0.646
0.574
0.417
0.329
0.353
0.365
0.335
0.425
0.433
0.375
0.413
0.452
0.492
0.429
0.478
0.522
0.493
0.478
0.398
0.339
0.330
0.311
0.306
0.322
0.414
0.398
0.355
0.336
0.423
0.400
0.393
0.400
0.396
0.430
0.497
0.420
0.411
0.364
0.405
0.502
0.546
0.459
0.469
0.685
0.614
0.590
0.508
0.478
0.558
0.464
0.533
0.496
0.520
0.609
0.620
0.648
0.541
0.502
0.516
0.662
0.532
0.595
0.681
0.585
0.618
0.661
0.619
0.632
0.806
0.665
0.642
0.740
0.708
0.685
0.594
0.611
0.668
0.675
0.640
0.643
0.573
0.483
0.575
0.689
0.670
0.678
0.575
0.576
0.545
0.471
0.384
0.374
0.383
0.387
0.451
0.467
0.538
0.484
0.383
0.395
0.381
0.388
0.391
0.433
0.513
0.686
0.645
0.620
0.556
0.496
0.449
0.465
0.470
0.482
0.625
0.682
0.590
0.528
0.477
0.413
0.415
0.339
0.296
0.292
0.367
0.516
0.573
0.459
0.466
0.477
0.522
0.522
0.642
0.620
0.551
0.500
0.397
0.406
0.394
0.442
0.553
0.609
0.598
0.557
0.483
0.456
0.568
0.579
0.464
0.411
0.351
0.343
0.481
0.584
0.631
0.598
0.534
0.790
0.570
0.573
0.629
0.588
0.581
0.601
0.413
0.388
0.399
0.446
0.426
0.329
0.342
0.371
0.383
0.499
0.736
0.604
0.596
0.552
0.611
0.509
0.677
0.620
0.624
0.854
0.712
0.626
0.605
0.564
0.505
0.520
0.611
0.540
0.559
0.554
0.602
0.799
0.586
0.526
0.642
0.654
0.485
0.633
0.593
0.508
0.717
0.608
0.555
0.734
0.526
0.456
0.451
0.469
0.427
0.470
0.535
0.596
0.589
0.492
0.497
0.398
0.494
0.519
0.593
0.567
0.546
0.502
0.525
0.455
0.568
0.572
0.575
0.614
0.765
0.533
0.434
0.426
0.470
0.435
0.497
0.606
0.564
0.556
0.534
0.638
0.629
0.533
0.546
0.592
0.520
0.408
0.381
0.373
0.345
0.361
0.358
0.363
0.364
0.355
0.362
0.372
0.382
0.357
0.362
0.365
0.373
0.363
0.362
0.384
0.375
0.361
0.377
0.380
0.382
0.339
0.383
0.464
0.498
0.416
0.409
0.458
0.543
0.685
0.431
0.458
0.377
0.348
0.352
0.351
0.376
0.363
0.371
0.349
0.350
0.377
0.351
0.318
0.336
0.350
0.338
0.341
0.355
0.339
0.345
0.372
0.363
0.332
0.315
0.344
0.343
0.341
0.342
0.334
0.336
0.349
0.336
0.309
0.290
0.311
0.329
0.374
0.373
0.338
0.321
0.328
0.318
0.309
0.349
0.339
0.329
0.338
0.310
0.328
0.309
0.305
0.329
0.318
0.356
0.410
0.384
0.331
0.347
0.403
0.338
0.328
0.338
0.337
0.362
0.405
0.414
0.393
0.328
0.309
0.424
0.460
0.433
0.419
0.447
0.429
0.477
0.405
0.398
0.297
0.289
0.390
0.573
0.440
0.321
0.307
0.339
0.532
0.521
0.458
0.392
0.418
0.422
0.331
0.308
0.314
0.338
0.356
0.358
0.345
0.344
0.333
0.361
0.371
0.479
0.617
0.549
0.508
0.479
0.501
0.415
0.443
0.445
0.415
0.394
0.406
0.422
0.486
0.499
0.597
0.531
0.514
0.492
0.457
0.519
0.650
0.642
0.509
0.402
0.488
0.651
0.737
0.620
0.681
0.660
0.712
0.706
0.733
0.690
0.588
0.688
0.588
0.623
0.644
0.763
0.784
0.679
0.736
0.747
0.668
0.649
0.600
0.567
0.587
0.556
0.540
0.516
0.471
0.451
0.475
0.534
0.577
0.533
0.542
0.574
0.637
0.734
0.669
0.711
0.579
0.434
0.483
0.491
0.463
0.535
0.596
0.559
0.473
0.470
0.441
0.399
0.366
0.377
0.463
0.606
0.667
0.607
0.526
0.642
0.597
0.614
0.557
0.484
0.401
0.459
0.671
0.602
0.602
0.553
0.661
0.604
0.608
0.573
0.561
0.497
0.363
0.348
0.383
0.466
0.512
0.527
0.604
0.492
0.501
0.540
0.565
0.548
0.641
0.611
0.458
0.455
0.481
0.409
0.426
0.428
0.425
0.477
0.532
0.452
0.445
0.386
0.394
0.522
0.600
0.603
0.621
0.583
0.603
0.745
0.683
0.649
0.554
0.773
0.711
0.703
0.795
0.623
0.504
0.392
0.406
0.446
0.599
0.654
0.711
0.657
0.668
0.693
0.536
0.479
0.504
0.526
0.552
0.644
0.600
0.476
0.429
0.457
0.540
0.643
0.738
0.752
0.717
0.790
0.572
0.689
0.685
0.744
0.681
0.747
0.787
0.641
0.524
0.481
0.591
0.646
0.488
0.415
0.506
0.619
0.625
0.529
0.600
0.489
0.428
0.490
0.479
0.467
0.700
0.573
0.587
0.691
0.671
0.609
0.520
0.474
0.442
0.404
0.488
0.515
0.489
0.534
0.469
0.543
0.546
0.430
0.443
0.525
0.531
0.516
0.671
0.562
0.518
0.645
0.527
0.593
0.580
0.766
0.619
0.647
0.634
0.544
0.548
0.484
0.499
0.423
0.529
0.471
0.657
0.499
0.485
0.410
0.390
0.379
0.428
0.412
0.384
0.367
0.376
0.370
0.383
0.415
0.399
0.414
0.415
0.385
0.381
0.412
0.396
0.403
0.381
0.363
0.362
0.359
0.371
0.360
0.394
0.384
0.404
0.488
0.409
0.365
0.383
0.387
0.367
0.344
0.341
0.342
0.346
0.358
0.346
0.326
0.339
0.345
0.349
0.403
0.349
0.343
0.324
0.337
0.366
0.348
0.335
0.339
0.345
0.343
0.353
0.349
0.332
0.343
0.374
0.406
0.426
0.364
0.366
0.365
0.329
0.335
0.323
0.321
0.337
0.309
0.334
0.390
0.375
0.329
0.306
0.344
0.327
0.304
0.312
0.304
0.317
0.308
0.323
0.357
0.342
0.353
0.322
0.323
0.313
0.300
0.329
0.348
0.340
0.328
0.324
0.308
0.316
0.273
0.295
0.328
0.316
0.312
0.322
0.339
0.444
0.610
0.601
0.549
0.458
0.417
0.426
0.473
0.590
0.530
0.481
0.447
0.459
0.403
0.438
0.455
0.508
0.588
0.521
0.507
0.509
0.578
0.455
0.415
0.461
0.462
0.723
0.614
0.739
0.641
0.685
0.596
0.712
0.651
0.652
0.778
0.573
0.524
0.432
0.391
0.421
0.414
0.449
0.546
0.684
0.669
0.587
0.533
0.541
0.539
0.590
0.537
0.572
0.508
0.531
0.545
0.552
0.546
0.523
0.624
0.572
0.584
0.541
0.511
0.589
0.712
0.635
0.760
0.655
0.614
0.574
0.594
0.572
0.552
0.574
0.542
0.513
0.430
0.441
0.434
0.429
0.378
0.428
0.454
0.519
0.529
0.401
0.421
0.404
0.403
0.466
0.616
0.614
0.639
0.729
0.761
0.730
0.661
0.573
0.510
0.463
0.436
0.461
0.364
0.421
0.495
0.523
0.407
0.485
0.502
0.528
0.506
0.465
0.441
0.405
0.411
0.416
0.360
0.348
0.365
0.415
0.391
0.370
0.341
0.304
0.291
0.300
0.326
0.327
0.332
0.395
0.511
0.498
0.435
0.469
0.521
0.605
0.614
0.549
0.405
0.538
0.499
0.313
0.282
0.340
0.349
0.240
0.225
0.329
0.351
0.381
0.405
0.660
0.680
0.619
0.627
0.599
0.709
0.649
0.551
0.522
0.506
0.428
0.428
0.428
0.471
0.534
0.605
0.690
0.644
0.699
0.736
0.761
0.736
0.674
0.559
0.547
0.538
0.608
0.663
0.810
0.752
0.761
0.632
0.567
0.619
0.624
0.575
0.663
0.601
0.590
0.577
0.609
0.537
0.442
0.467
0.545
0.617
0.875
0.717
0.647
0.632
0.618
0.620
0.804
0.667
0.551
0.559
0.688
0.809
0.653
0.737
0.684
0.501
0.603
0.488
0.515
0.470
0.532
0.606
0.607
0.522
0.657
0.541
0.485
0.647
0.680
0.684
0.698
0.590
0.483
0.443
0.438
0.457
0.515
0.466
0.517
0.553
0.504
0.673
0.551
0.701
0.572
0.613
0.524
0.591
0.663
0.540
0.494
0.720
0.496
0.468
0.458
0.503
0.524
0.488
0.499
0.597
0.576
0.744
0.580
0.556
0.461
0.400
0.421
0.468
0.487
0.579
0.561
0.455
0.425
0.395
0.422
0.407
0.432
0.445
0.514
0.441
0.397
0.412
0.439
0.406
0.390
0.399
0.411
0.386
0.370
0.409
0.464
0.424
0.394
0.391
0.366
0.355
0.382
0.376
0.385
0.425
0.422
0.413
0.483
0.419
0.376
0.381
0.543
0.483
0.506
0.696
0.619
0.554
0.725
0.493
0.462
0.477
0.516
0.595
0.553
0.499
0.470
0.413
0.391
0.375
0.438
0.752
0.542
0.478
0.449
0.470
0.540
0.526
0.485
0.399
0.374
0.414
0.414
0.458
0.523
0.511
0.529
0.480
0.481
0.472
0.396
0.346
0.339
0.328
0.347
0.340
0.329
0.323
0.362
0.397
0.435
0.463
0.426
0.550
0.518
0.421
0.443
0.456
0.482
0.411
0.412
0.404
0.372
0.364
0.423
0.397
0.394
0.413
0.471
0.484
0.479
0.479
0.457
0.447
0.380
0.370
0.453
0.467
0.615
0.649
0.757
0.660
0.669
0.699
0.784
0.645
0.538
0.553
0.600
0.563
0.553
0.577
0.514
0.484
0.552
0.493
0.556
0.506
0.498
0.481
0.471
0.480
0.535
0.494
0.483
0.570
0.583
0.600
0.472
0.442
0.567
0.570
0.638
0.583
0.774
0.619
0.665
0.585
0.545
0.567
0.603
0.622
0.569
0.606
0.844
0.652
0.675
0.813
0.690
0.675
0.621
0.591
0.533
0.591
0.559
0.535
0.624
0.634
0.659
0.668
0.639
0.582
0.580
0.803
0.699
0.772
0.690
0.697
0.627
0.652
0.555
0.497
0.653
0.562
0.524
0.567
0.531
0.694
0.619
0.615
0.551
0.529
0.594
0.598
0.561
0.569
0.579
0.578
0.526
0.525
0.403
0.524
0.641
0.519
0.402
0.478
0.544
0.622
0.609
0.577
0.661
0.706
0.666
0.712
0.653
0.637
0.630
0.672
0.676
0.578
0.589
0.648
0.617
0.547
0.527
0.677
0.637
0.695
0.728
0.713
0.623
0.632
0.649
0.700
0.698
0.591
0.480
0.528
0.572
0.452
0.531
0.660
0.683
0.751
0.666
0.731
0.713
0.662
0.640
0.509
0.440
0.454
0.647
0.701
0.666
0.752
0.694
0.672
0.686
0.669
0.591
0.637
0.671
0.721
0.683
0.733
0.719
0.750
0.739
0.658
0.678
0.640
0.630
0.513
0.569
0.701
0.518
0.492
0.533
0.600
0.549
0.559
0.623
0.598
0.530
0.443
0.478
0.727
0.637
0.499
0.571
0.549
0.466
0.513
0.813
0.613
0.618
0.752
0.756
0.668
0.633
0.601
0.703
0.614
0.506
0.613
0.463
0.620
0.542
0.534
0.741
0.529
0.467
0.484
0.452
0.504
0.524
0.483
0.497
0.462
0.525
0.475
0.551
0.709
0.597
0.454
0.585
0.576
0.682
0.592
0.617
0.754
0.767
0.564
0.633
0.634
0.565
0.721
0.733
0.595
0.605
0.485
0.475
0.444
0.645
0.583
0.571
0.465
0.502
0.516
0.510
0.453
0.414
0.409
0.397
0.397
0.392
0.391
0.448
0.445
0.455
0.454
0.484
0.660
0.582
0.470
0.434
0.457
0.435
0.398
0.516
0.555
0.550
0.556
0.680
0.469
0.424
0.448
0.457
0.438
0.407
0.386
0.428
0.653
0.559
0.458
0.516
0.412
0.414
0.502
0.391
0.383
0.373
0.379
0.363
0.373
0.373
0.384
0.337
0.383
0.435
0.502
0.434
0.409
0.440
0.467
0.382
0.381
0.372
0.367
0.371
0.365
0.365
0.362
0.375
0.415
0.432
0.347
0.359
0.369
0.339
0.350
0.338
0.307
0.363
0.620
0.399
0.412
0.421
0.514
0.418
0.496
0.669
0.613
0.598
0.431
0.454
0.502
0.617
0.534
0.522
0.577
0.545
0.468
0.439
0.495
0.533
0.449
0.378
0.363
0.368
0.358
0.350
0.347
0.370
0.334
0.355
0.334
0.392
0.361
0.297
0.362
0.424
0.399
0.406
0.385
0.411
0.400
0.382
0.360
0.450
0.551
0.585
0.648
0.562
0.572
0.726
0.583
0.614
0.739
0.667
0.695
0.670
0.614
0.680
0.729
0.708
0.707
0.586
0.480
0.444
0.480
0.470
0.481
0.486
0.534
0.475
0.466
0.537
0.545
0.505
0.489
0.469
0.428
0.373
0.418
0.573
0.662
0.553
0.551
0.513
0.522
0.602
0.799
0.747
0.719
0.801
0.693
0.635
0.619
0.653
0.673
0.624
0.622
0.739
0.588
0.647
0.761
0.735
0.598
0.684
0.673
0.713
0.716
0.736
0.622
0.504
0.552
0.582
0.555
0.547
0.521
0.491
0.489
0.502
0.457
0.425
0.441
0.429
0.428
0.438
0.425
0.436
0.434
0.394
0.461
0.486
0.527
0.551
0.544
0.570
0.688
0.681
0.590
0.522
0.510
0.511
0.486
0.464
0.614
0.584
0.693
0.712
0.584
0.634
0.621
0.629
0.683
0.724
0.618
0.584
0.577
0.553
0.539
0.519
0.546
0.603
0.583
0.677
0.702
0.594
0.660
0.614
0.567
0.629
0.718
0.676
0.668
0.668
0.576
0.564
0.597
0.555
0.532
0.490
0.440
0.470
0.525
0.568
0.408
0.410
0.382
0.380
0.367
0.355
0.354
0.348
0.366
0.362
0.378
0.530
0.465
0.420
0.371
0.279
0.299
0.297
0.336
0.346
0.335
0.321
0.369
0.356
0.381
0.438
0.558
0.613
0.642
0.649
0.756
0.714
0.648
0.547
0.501
0.681
0.745
0.754
0.622
0.526
0.523
0.545
0.445
0.392
0.441
0.407
0.424
0.436
0.434
0.469
0.473
0.489
0.462
0.406
0.433
0.489
0.479
0.460
0.590
0.856
0.761
0.712
0.610
0.788
0.784
0.768
0.653
0.784
0.814
0.552
0.464
0.425
0.434
0.386
0.407
0.412
0.396
0.564
0.416
0.391
0.433
0.415
0.416
0.439
0.454
0.475
0.410
0.410
0.393
0.365
0.357
0.357
0.435
0.417
0.517
0.460
0.486
0.586
0.532
0.498
0.447
0.470
0.490
0.514
0.486
0.522
0.541
0.626
0.745
0.600
0.622
0.513
0.516
0.518
0.696
0.527
0.448
0.506
0.418
0.393
0.407
0.392
0.373
0.365
0.384
0.389
0.424
0.462
0.627
0.441
0.375
0.389
0.370
0.359
0.337
0.350
0.353
0.385
0.370
0.371
0.366
0.373
0.366
0.382
0.369
0.360
0.354
0.324
0.347
0.359
0.360
0.351
0.354
0.372
0.366
0.367
0.368
0.367
0.365
0.383
0.375
0.363
0.342
0.339
0.320
0.340
0.332
0.324
0.346
0.338
0.336
0.355
0.348
0.319
0.324
0.328
0.350
0.343
0.316
0.301
0.307
0.319
0.320
0.313
0.301
0.311
0.292
0.312
0.329
0.317
0.321
0.318
0.281
0.290
0.312
0.357
0.442
0.388
0.424
0.491
0.588
0.584
0.611
0.502
0.410
0.378
0.364
0.317
0.310
0.302
0.329
0.284
0.336
0.468
0.504
0.564
0.532
0.566
0.590
0.571
0.484
0.426
0.384
0.421
0.420
0.400
0.457
0.408
0.513
0.409
0.373
0.342
0.412
0.484
0.559
0.612
0.525
0.636
0.647
0.745
0.773
0.742
0.700
0.690
0.692
0.598
0.541
0.520
0.615
0.497
0.580
0.635
0.547
0.561
0.475
0.436
0.382
0.372
0.363
0.375
0.395
0.405
0.447
0.477
0.577
0.615
0.708
0.696
0.852
0.896
0.655
0.666
0.538
0.615
0.630
0.639
0.536
0.506
0.611
0.712
0.721
0.662
0.700
0.617
0.675
0.755
0.642
0.635
0.402
0.387
0.414
0.411
0.382
0.362
0.362
0.388
0.391
0.394
0.465
0.594
0.555
0.458
0.483
0.515
0.405
0.384
0.396
0.362
0.344
0.335
0.322
0.298
0.354
0.331
0.390
0.370
0.361
0.328
0.304
0.322
0.319
0.358
0.396
0.439
0.402
0.452
0.383
0.397
0.384
0.392
0.402
0.384
0.498
0.400
0.327
0.356
0.329
0.326
0.335
0.378
0.346
0.305
0.319
0.426
0.394
0.341
0.345
0.442
0.331
0.295
0.473
0.668
0.488
0.561
0.754
0.732
0.617
0.598
0.611
0.539
0.541
0.463
0.344
0.288
0.360
0.373
0.384
0.402
0.378
0.327
0.447
0.439
0.370
0.424
0.472
0.509
0.428
0.411
0.323
0.323
0.346
0.365
0.404
0.472
0.742
0.565
0.478
0.365
0.362
0.345
0.454
0.465
0.410
0.337
0.378
0.551
0.715
0.583
0.723
0.645
0.462
0.597
0.531
0.552
0.664
0.743
0.547
0.482
0.561
0.743
0.646
0.656
0.660
0.557
0.582
0.580
0.560
0.699
0.855
0.662
0.567
0.713
0.666
0.585
0.692
0.804
0.656
0.756
0.572
0.559
0.598
0.606
0.636
0.638
0.704
0.564
0.594
0.563
0.637
0.737
0.685
0.586
0.583
0.664
0.640
0.521
0.496
0.717
0.532
0.452
0.431
0.437
0.414
0.427
0.376
0.366
0.436
0.407
0.410
0.402
0.475
0.519
0.625
0.684
0.745
0.840
0.803
0.698
0.566
0.454
0.438
0.426
0.420
0.423
0.439
0.448
0.409
0.378
0.391
0.364
0.376
0.387
0.412
0.440
0.393
0.398
0.408
0.394
0.426
0.532
0.471
0.401
0.385
0.377
0.370
0.363
0.348
0.341
0.365
0.354
0.387
0.382
0.386
0.409
0.459
0.453
0.407
0.384
0.388
0.359
0.361
0.372
0.363
0.370
0.410
0.375
0.363
0.368
0.368
0.412
0.393
0.413
0.412
0.420
0.407
0.369
0.370
0.350
0.346
0.343
0.352
0.350
0.364
0.520
0.617
0.432
0.380
0.460
0.452
0.403
0.360
0.367
0.378
0.383
0.355
0.352
0.394
0.515
0.566
0.466
0.354
0.354
0.398
0.454
0.427
0.341
0.329
0.358
0.341
0.367
0.387
0.401
0.428
0.431
0.360
0.421
0.516
0.624
0.483
0.416
0.591
0.570
0.452
0.429
0.378
0.378
0.394
0.408
0.372
0.343
0.371
0.428
0.426
0.431
0.407
0.461
0.525
0.526
0.475
0.340
0.373
0.395
0.481
0.500
0.703
0.610
0.487
0.383
0.347
0.332
0.315
0.412
0.571
0.533
0.468
0.510
0.517
0.696
0.614
0.495
0.504
0.537
0.690
0.723
0.735
0.791
0.775
0.770
0.602
0.504
0.467
0.553
0.735
0.715
0.785
0.734
0.734
0.717
0.834
0.627
0.624
0.688
0.640
0.551
0.597
0.575
0.529
0.511
0.509
0.556
0.636
0.658
0.885
0.825
0.704
0.690
0.664
0.717
0.683
0.733
0.754
0.789
0.759
0.779
0.763
0.856
0.680
0.716
0.671
0.698
0.735
0.751
0.581
0.534
0.527
0.497
0.521
0.555
0.461
0.519
0.618
0.781
0.583
0.458
0.441
0.442
0.520
0.505
0.685
0.738
0.698
0.617
0.749
0.717
0.748
0.714
0.627
0.572
0.536
0.474
0.505
0.591
0.847
0.671
0.780
0.623
0.567
0.551
0.595
0.687
0.721
0.505
0.445
0.479
0.597
0.633
0.745
0.592
0.551
0.501
0.458
0.584
0.650
0.647
0.600
0.638
0.632
0.709
0.550
0.494
0.496
0.503
0.531
0.560
0.533
0.736
0.593
0.675
0.639
0.720
0.666
0.865
0.647
0.796
0.676
0.836
0.733
0.732
0.735
0.694
0.761
0.690
0.629
0.633
0.618
0.571
0.641
0.578
0.603
0.477
0.424
0.405
0.447
0.508
0.639
0.752
0.771
0.753
0.755
0.640
0.639
0.628
0.624
0.571
0.539
0.447
0.491
0.516
0.657
0.758
0.652
0.612
0.642
0.579
0.762
0.630
0.638
0.674
0.698
0.642
0.712
0.687
0.651
0.680
0.578
0.755
0.556
0.481
0.475
0.454
0.458
0.452
0.439
0.418
0.476
0.606
0.651
0.733
0.716
0.699
0.636
0.677
0.682
0.618
0.712
0.663
0.702
0.648
0.694
0.707
0.760
0.681
0.719
0.726
0.775
0.630
0.515
0.496
0.485
0.451
0.443
0.482
0.481
0.466
0.442
0.423
0.558
0.489
0.478
0.467
0.477
0.521
0.486
0.492
0.426
0.498
0.593
0.518
0.678
0.555
0.544
0.500
0.493
0.518
0.733
0.568
0.579
0.595
0.711
0.590
0.608
0.552
0.501
0.486
0.527
0.462
0.534
0.519
0.482
0.675
0.686
0.534
0.463
0.465
0.447
0.495
0.499
0.411
0.412
0.414
0.397
0.385
0.344
0.368
0.367
0.374
0.351
0.348
0.360
0.373
0.363
0.367
0.377
0.359
0.395
0.395
0.376
0.355
0.344
0.359
0.369
0.362
0.353
0.370
0.365
0.360
0.372
0.334
0.352
0.405
0.389
0.367
0.473
0.385
0.354
0.363
0.437
0.350
0.383
0.355
0.325
0.321
0.347
0.447
0.506
0.499
0.656
0.523
0.423
0.526
0.554
0.454
0.359
0.356
0.385
0.541
0.476
0.407
0.470
0.431
0.449
0.530
0.648
0.759
0.536
0.609
0.599
0.593
0.638
0.590
0.408
0.400
0.397
0.390
0.376
0.427
0.659
0.515
0.761
0.635
0.584
0.711
0.595
0.646
0.611
0.550
0.567
0.655
0.493
0.525
0.552
0.475
0.430
0.471
0.491
0.459
0.404
0.381
0.382
0.454
0.607
0.596
0.488
0.471
0.521
0.480
0.539
0.525
0.557
0.566
0.643
0.784
0.682
0.741
0.601
0.566
0.636
0.577
0.634
0.630
0.520
0.565
0.637
0.698
0.575
0.563
0.539
0.621
0.500
0.565
0.676
0.771
0.805
0.757
0.786
0.778
0.769
0.702
0.688
0.748
0.783
0.766
0.689
0.600
0.666
0.642
0.721
0.651
0.633
0.686
0.785
0.730
0.640
0.558
0.552
0.614
0.602
0.778
0.652
0.741
0.806
0.763
0.787
0.799
0.705
0.701
0.649
0.671
0.622
0.679
0.729
0.714
0.651
0.654
0.716
0.615
0.652
0.608
0.601
0.620
0.769
0.682
0.626
0.664
0.647
0.620
0.708
0.608
0.584
0.579
0.572
0.514
0.547
0.547
0.483
0.472
0.553
0.523
0.446
0.464
0.478
0.671
0.721
0.783
0.687
0.640
0.603
0.624
0.751
0.696
0.573
0.664
0.687
0.509
0.466
0.603
0.710
0.638
0.670
0.576
0.508
0.411
0.406
0.467
0.496
0.507
0.523
0.603
0.643
0.699
0.760
0.691
0.685
0.686
0.811
0.761
0.709
0.694
0.705
0.708
0.606
0.672
0.652
0.782
0.752
0.640
0.509
0.530
0.730
0.588
0.513
0.474
0.643
0.766
0.593
0.639
0.622
0.598
0.722
0.672
0.699
0.630
0.584
0.575
0.643
0.531
0.520
0.585
0.381
0.424
0.563
0.667
0.720
0.696
0.659
0.526
0.391
0.499
0.709
0.560
0.571
0.698
0.628
0.539
0.548
0.634
0.483
0.465
0.515
0.668
0.741
0.657
0.671
0.620
0.413
0.394
0.476
0.501
0.553
0.568
0.570
0.566
0.740
0.657
0.640
0.553
0.638
0.694
0.538
0.560
0.527
0.608
0.674
0.630
0.483
0.631
0.597
0.643
0.499
0.480
0.454
0.458
0.460
0.427
0.416
0.441
0.493
0.553
0.593
0.548
0.446
0.443
0.450
0.520
0.451
0.413
0.422
0.407
0.398
0.389
0.387
0.441
0.463
0.435
0.425
0.433
0.591
0.427
0.415
0.390
0.398
0.505
0.492
0.446
0.427
0.409
0.407
0.396
0.379
0.395
0.388
0.371
0.377
0.401
0.416
0.397
0.367
0.341
0.353
0.344
0.522
0.401
0.374
0.365
0.366
0.433
0.449
0.409
0.400
0.428
0.409
0.345
0.360
0.339
0.382
0.354
0.347
0.369
0.350
0.357
0.368
0.374
0.350
0.345
0.356
0.346
0.354
0.355
0.361
0.352
0.306
0.311
0.331
0.333
0.346
0.326
0.320
0.324
0.295
0.309
0.324
0.314
0.284
0.310
0.339
0.297
0.295
0.344
0.315
0.295
0.330
0.351
0.414
0.451
0.602
0.479
0.422
0.385
0.419
0.473
0.523
0.369
0.353
0.323
0.344
0.311
0.280
0.306
0.322
0.337
0.410
0.451
0.444
0.508
0.467
0.374
0.374
0.449
0.486
0.524
0.512
0.432
0.434
0.412
0.419
0.373
0.332
0.351
0.338
0.337
0.300
0.310
0.360
0.360
0.330
0.342
0.335
0.341
0.331
0.344
0.368
0.443
0.518
0.513
0.594
0.573
0.514
0.477
0.460
0.483
0.556
0.701
0.764
0.700
0.772
0.770
0.734
0.682
0.745
0.660
0.777
0.783
0.756
0.835
0.809
0.700
0.596
0.539
0.587
0.549
0.754
0.629
0.430
0.411
0.437
0.430
0.397
0.399
0.375
0.396
0.372
0.382
0.385
0.423
0.480
0.454
0.465
0.429
0.449
0.434
0.411
0.403
0.419
0.514
0.464
0.441
0.487
0.466
0.388
0.382
0.386
0.389
0.389
0.342
0.360
0.374
0.382
0.381
0.400
0.442
0.441
0.387
0.349
0.302
0.313
0.298
0.410
0.487
0.393
0.322
0.424
0.474
0.568
0.490
0.466
0.382
0.413
0.402
0.520
0.516
0.480
0.565
0.572
0.529
0.544
0.510
0.514
0.397
0.316
0.333
0.296
0.280
0.315
0.279
0.279
0.352
0.318
0.295
0.354
0.348
0.347
0.358
0.361
0.289
0.291
0.302
0.269
0.275
0.299
0.295
0.355
0.404
0.467
0.672
0.581
0.483
0.678
0.511
0.643
0.718
0.654
0.643
0.596
0.462
0.544
0.688
0.614
0.732
0.658
0.562
0.667
0.613
0.541
0.337
0.385
0.431
0.434
0.411
0.522
0.585
0.638
0.787
0.757
0.715
0.684
0.729
0.535
0.521
0.492
0.441
0.416
0.507
0.569
0.614
0.447
0.365
0.467
0.488
0.485
0.455
0.480
0.448
0.431
0.461
0.450
0.455
0.527
0.483
0.499
0.474
0.400
0.506
0.474
0.501
0.711
0.539
0.436
0.394
0.430
0.456
0.480
0.487
0.633
0.474
0.449
0.436
0.502
0.476
0.572
0.589
0.659
0.723
0.538
0.443
0.446
0.489
0.514
0.572
0.527
0.524
0.450
0.518
0.535
0.588
0.592
0.453
0.440
0.621
0.527
0.588
0.552
0.408
0.406
0.400
0.531
0.531
0.475
0.445
0.408
0.400
0.390
0.399
0.373
0.365
0.379
0.403
0.406
0.393
0.386
0.380
0.377
0.410
0.431
0.409
0.389
0.379
0.360
0.361
0.365
0.371
0.385
0.373
0.348
0.361
0.360
0.363
0.339
0.357
0.355
0.356
0.388
0.402
0.428
0.436
0.410
0.374
0.362
0.362
0.372
0.421
0.348
0.411
0.434
0.405
0.378
0.365
0.346
0.332
0.338
0.346
0.361
0.373
0.344
0.360
0.360
0.349
0.336
0.346
0.348
0.343
0.330
0.350
0.326
0.324
0.335
0.317
0.304
0.314
0.324
0.334
0.323
0.320
0.306
0.340
0.324
0.331
0.314
0.302
0.348
0.374
0.291
0.299
0.283
0.276
0.271
0.271
0.298
0.328
0.355
0.357
0.315
0.284
0.351
0.462
0.404
0.403
0.583
0.552
0.540
0.611
0.473
0.347
0.336
0.388
0.416
0.384
0.447
0.444
0.498
0.592
0.406
0.448
0.453
0.399
0.458
0.439
0.386
0.351
0.322
0.333
0.369
0.408
0.407
0.316
0.440
0.478
0.451
0.378
0.387
0.449
0.522
0.680
0.638
0.536
0.548
0.587
0.698
0.570
0.503
0.445
0.409
0.554
0.576
0.731
0.690
0.675
0.711
0.888
0.658
0.612
0.620
0.580
0.582
0.427
0.483
0.643
0.552
0.529
0.534
0.633
0.673
0.662
0.509
0.521
0.565
0.620
0.683
0.637
0.544
0.511
0.662
0.661
0.796
0.697
0.702
0.681
0.682
0.672
0.683
0.647
0.593
0.517
0.530
0.536
0.592
0.650
0.555
0.437
0.558
0.677
0.569
0.555
0.586
0.577
0.635
0.608
0.724
0.601
0.626
0.549
0.536
0.601
0.703
0.624
0.525
0.533
0.565
0.782
0.573
0.479
0.592
0.611
0.532
0.640
0.705
0.653
0.581
0.512
0.470
0.439
0.482
0.445
0.627
0.636
0.420
0.335
0.325
0.324
0.352
0.370
0.407
0.420
0.385
0.338
0.336
0.365
0.414
0.385
0.387
0.377
0.487
0.482
0.719
0.601
0.520
0.585
0.604
0.583
0.586
0.601
0.375
0.385
0.453
0.360
0.331
0.427
0.621
0.528
0.398
0.344
0.456
0.536
0.372
0.358
0.609
0.678
0.563
0.268
0.476
0.626
0.688
0.664
0.600
0.415
0.258
0.229
0.345
0.518
0.443
0.435
0.567
0.635
0.522
0.510
0.603
0.579
0.848
0.618
0.624
0.574
0.430
0.450
0.515
0.606
0.568
0.573
0.483
0.446
0.510
0.502
0.620
0.519
0.496
0.700
0.621
0.565
0.690
0.828
0.672
0.668
0.654
0.706
0.662
0.592
0.680
0.579
0.623
0.637
0.556
0.557
0.510
0.620
0.664
0.698
0.642
0.585
0.595
0.599
0.468
0.476
0.474
0.415
0.398
0.365
0.426
0.401
0.381
0.391
0.389
0.369
0.389
0.442
0.422
0.409
0.678
0.580
0.534
0.561
0.534
0.614
0.555
0.525
0.607
0.730
0.789
0.782
0.723
0.872
0.664
0.595
0.503
0.541
0.673
0.843
0.671
0.572
0.491
0.569
0.483
0.526
0.500
0.431
0.421
0.419
0.409
0.395
0.400
0.383
0.401
0.401
0.378
0.357
0.365
0.357
0.359
0.350
0.351
0.348
0.363
0.357
0.357
0.340
0.351
0.375
0.414
0.394
0.352
0.347
0.365
0.372
0.359
0.352
0.351
0.337
0.355
0.387
0.391
0.381
0.518
0.415
0.339
0.363
0.368
0.348
0.351
0.349
0.350
0.344
0.342
0.342
0.345
0.340
0.346
0.336
0.331
0.349
0.340
0.359
0.330
0.319
0.328
0.333
0.348
0.341
0.339
0.324
0.309
0.313
0.316
0.322
0.323
0.319
0.332
0.333
0.381
0.471
0.551
0.540
0.538
0.584
0.498
0.406
0.384
0.362
0.315
0.332
0.316
0.271
0.291
0.316
0.364
0.344
0.341
0.319
0.311
0.380
0.520
0.619
0.557
0.487
0.374
0.270
0.266
0.344
0.423
0.500
0.491
0.524
0.442
0.431
0.396
0.315
0.325
0.331
0.306
0.315
0.446
0.444
0.461
0.430
0.567
0.443
0.430
0.379
0.469
0.539
0.582
0.528
0.467
0.488
0.586
0.650
0.519
0.581
0.731
0.692
0.667
0.766
0.709
0.761
0.673
0.696
0.695
0.740
0.737
0.763
0.683
0.623
0.825
0.668
0.594
0.503
0.467
0.476
0.509
0.484
0.445
0.410
0.507
0.519
0.462
0.435
0.415
0.408
0.414
0.396
0.412
0.410
0.398
0.398
0.391
0.447
0.406
0.386
0.348
0.352
0.406
0.456
0.508
0.553
0.537
0.527
0.382
0.374
0.435
0.532
0.685
0.619
0.651
0.623
0.621
0.660
0.450
0.440
0.437
0.414
0.428
0.400
0.434
0.470
0.428
0.345
0.354
0.337
0.353
0.367
0.344
0.346
0.349
0.345
0.367
0.347
0.327
0.328
0.320
0.329
0.374
0.353
0.332
0.382
0.547
0.570
0.492
0.422
0.441
0.522
0.474
0.306
0.371
0.436
0.350
0.307
0.365
0.485
0.634
0.490
0.313
0.329
0.320
0.361
0.423
0.412
0.355
0.452
0.478
0.514
0.467
0.427
0.499
0.476
0.457
0.501
0.639
0.488
0.385
0.424
0.482
0.479
0.681
0.509
0.585
0.506
0.422
0.499
0.438
0.379
0.332
0.254
0.276
0.351
0.397
0.373
0.359
0.434
0.476
0.627
0.606
0.745
0.742
0.847
0.743
0.617
0.655
0.646
0.579
0.605
0.615
0.752
0.602
0.501
0.565
0.759
0.701
0.477
0.405
0.538
0.466
0.473
0.413
0.519
0.520
0.597
0.550
0.567
0.585
0.521
0.524
0.526
0.674
0.638
0.623
0.590
0.530
0.557
0.599
0.581
0.604
0.686
0.563
0.464
0.498
0.450
0.435
0.415
0.409
0.533
0.546
0.499
0.531
0.473
0.419
0.447
0.411
0.390
0.407
0.372
0.371
0.365
0.379
0.432
0.482
0.459
0.439
0.500
0.510
0.475
0.486
0.604
0.449
0.437
0.409
0.413
0.491
0.468
0.449
0.635
0.544
0.533
0.599
0.548
0.515
0.407
0.393
0.459
0.458
0.432
0.428
0.464
0.478
0.474
0.532
0.533
0.473
0.376
0.436
0.410
0.400
0.375
0.390
0.352
0.380
0.366
0.397
0.451
0.448
0.383
0.368
0.409
0.414
0.401
0.449
0.487
0.487
0.379
0.380
0.384
0.367
0.340
0.343
0.376
0.383
0.367
0.355
0.352
0.351
0.335
0.333
0.338
0.358
0.350
0.330
0.342
0.353
0.359
0.340
0.452
0.429
0.401
0.351
0.330
0.320
0.336
0.356
0.350
0.347
0.351
0.342
0.343
0.342
0.331
0.345
0.349
0.330
0.336
0.418
0.438
0.384
0.356
0.336
0.337
0.313
0.349
0.355
0.347
0.343
0.318
0.321
0.325
0.315
0.330
0.387
0.470
0.504
0.617
0.570
0.461
0.414
0.358
0.352
0.324
0.357
0.353
0.433
0.420
0.476
0.462
0.412
0.452
0.549
0.683
0.560
0.526
0.602
0.692
0.641
0.598
0.554
0.506
0.446
0.462
0.698
0.551
0.580
0.598
0.664
0.773
0.501
0.480
0.471
0.587
0.529
0.472
0.497
0.610
0.560
0.585
0.576
0.515
0.457
0.446
0.513
0.666
0.692
0.748
0.671
0.784
0.636
0.661
0.639
0.703
0.581
0.502
0.574
0.606
0.541
0.658
0.596
0.579
0.612
0.570
0.539
0.513
0.485
0.541
0.590
0.532
0.548
0.613
0.507
0.525
0.534
0.721
0.535
0.485
0.640
0.627
0.811
0.691
0.747
0.701
0.675
0.784
0.643
0.609
0.568
0.494
0.563
0.742
0.631
0.560
0.567
0.430
0.397
0.437
0.428
0.426
0.428
0.430
0.416
0.395
0.404
0.426
0.525
0.682
0.645
0.663
0.735
0.515
0.446
0.435
0.411
0.461
0.520
0.708
0.639
0.590
0.590
0.690
0.677
0.677
0.719
0.637
0.626
0.614
0.654
0.751
0.644
0.654
0.698
0.742
0.625
0.501
0.460
0.438
0.456
0.462
0.365
0.338
0.383
0.305
0.328
0.393
0.255
0.239
0.294
0.331
0.318
0.259
0.254
0.293
0.299
0.381
0.430
0.438
0.393
0.390
0.534
0.679
0.639
0.716
0.553
0.538
0.594
0.640
0.584
0.542
0.665
0.592
0.506
0.453
0.413
0.480
0.494
0.507
0.460
0.391
0.448
0.452
0.396
0.359
0.322
0.358
0.360
0.380
0.518
0.596
0.430
0.375
0.537
0.588
0.485
0.503
0.640
0.621
0.753
0.770
0.688
0.541
0.693
0.699
0.732
0.645
0.572
0.432
0.421
0.462
0.586
0.561
0.745
0.645
0.671
0.668
0.809
0.734
0.851
0.680
0.534
0.580
0.693
0.731
0.900
0.747
0.761
0.594
0.550
0.549
0.477
0.482
0.494
0.521
0.526
0.502
0.481
0.468
0.436
0.405
0.383
0.383
0.412
0.405
0.454
0.455
0.503
0.542
0.567
0.528
0.526
0.596
0.638
0.588
0.679
0.629
0.591
0.516
0.471
0.503
0.632
0.580
0.447
0.405
0.413
0.416
0.415
0.415
0.452
0.400
0.381
0.423
0.418
0.362
0.357
0.390
0.385
0.377
0.387
0.372
0.365
0.365
0.373
0.387
0.356
0.338
0.359
0.373
0.377
0.332
0.454
0.356
0.355
0.364
0.342
0.340
0.345
0.368
0.385
0.402
0.472
0.629
0.438
0.442
0.402
0.376
0.396
0.347
0.368
0.365
0.368
0.368
0.339
0.381
0.375
0.397
0.371
0.384
0.386
0.380
0.394
0.391
0.422
0.367
0.350
0.323
0.338
0.352
0.340
0.319
0.342
0.344
0.347
0.335
0.343
0.331
0.339
0.330
0.320
0.319
0.352
0.341
0.353
0.332
0.343
0.333
0.308
0.318
0.344
0.359
0.381
0.416
0.341
0.343
0.341
0.345
0.329
0.312
0.423
0.545
0.488
0.604
0.707
0.693
0.513
0.573
0.491
0.405
0.414
0.424
0.391
0.406
0.391
0.468
0.571
0.442
0.462
0.350
0.364
0.516
0.474
0.502
0.656
0.539
0.538
0.455
0.385
0.382
0.530
0.473
0.612
0.515
0.710
0.582
0.564
0.537
0.807
0.543
0.439
0.340
0.378
0.439
0.604
0.934
0.572
0.602
0.676
0.662
0.759
0.798
0.657
0.749
0.566
0.654
0.575
0.759
0.594
0.523
0.546
0.640
0.709
0.554
0.635
0.585
0.605
0.692
0.697
0.765
0.726
0.670
0.709
0.720
0.664
0.702
0.629
0.555
0.457
0.414
0.390
0.450
0.565
0.536
0.669
0.659
0.676
0.584
0.573
0.655
0.526
0.504
0.462
0.451
0.483
0.480
0.572
0.514
0.433
0.503
0.595
0.573
0.674
0.615
0.602
0.675
0.627
0.676
0.654
0.520
0.517
0.551
0.614
0.622
0.595
0.540
0.630
0.566
0.397
0.413
0.488
0.505
0.500
0.547
0.497
0.437
0.380
0.515
0.462
0.490
0.521
0.511
0.564
0.753
0.800
0.798
0.793
0.688
0.651
0.638
0.594
0.536
0.624
0.681
0.575
0.447
0.515
0.669
0.639
0.718
0.685
0.686
0.714
0.646
0.510
0.512
0.501
0.631
0.646
0.630
0.823
0.862
0.764
0.662
0.644
0.680
0.654
0.585
0.579
0.698
0.582
0.665
0.668
0.579
0.492
0.518
0.528
0.717
0.630
0.688
0.668
0.814
0.724
0.721
0.691
0.759
0.699
0.630
0.646
0.495
0.585
0.443
0.482
0.410
0.578
0.652
0.641
0.554
0.498
0.346
0.327
0.401
0.404
0.438
0.577
0.636
0.635
0.651
0.684
0.629
0.507
0.606
0.619
0.492
0.415
0.507
0.554
0.533
0.549
0.554
0.580
0.515
0.497
0.449
0.479
0.505
0.471
0.589
0.545
0.706
0.663
0.800
0.792
0.779
0.754
0.666
0.687
0.762
0.643
0.624
0.535
0.628
0.575
0.584
0.671
0.553
0.535
0.567
0.557
0.451
0.440
0.392
0.426
0.568
0.583
0.694
0.588
0.894
0.678
0.717
0.706
0.637
0.734
0.830
0.545
0.478
0.450
0.417
0.415
0.444
0.512
0.532
0.677
0.511
0.483
0.684
0.579
0.559
0.462
0.409
0.499
0.521
0.492
0.420
0.433
0.392
0.383
0.394
0.397
0.394
0.390
0.397
0.397
0.375
0.357
0.386
0.406
0.424
0.405
0.427
0.509
0.417
0.387
0.415
0.573
0.483
0.416
0.423
0.390
0.360
0.342
0.355
0.408
0.448
0.469
0.508
0.492
0.433
0.387
0.360
0.501
0.427
0.358
0.360
0.377
0.384
0.376
0.366
0.360
0.334
0.338
0.330
0.355
0.355
0.348
0.346
0.355
0.347
0.358
0.360
0.369
0.356
0.339
0.340
0.427
0.553
0.542
0.478
0.402
0.368
0.361
0.341
0.484
0.621
0.468
0.391
0.389
0.397
0.416
0.403
0.414
0.377
0.343
0.304
0.299
0.342
0.365
0.369
0.347
0.339
0.342
0.322
0.304
0.366
0.397
0.444
0.327
0.331
0.332
0.330
0.341
0.383
0.461
0.488
0.660
0.680
0.645
0.720
0.468
0.491
0.552
0.526
0.487
0.429
0.447
0.465
0.449
0.440
0.451
0.418
0.429
0.476
0.532
0.543
0.506
0.647
0.614
0.826
0.591
0.462
0.471
0.598
0.538
0.569
0.708
0.828
0.807
0.631
0.659
0.787
0.794
0.649
0.613
0.608
0.606
0.514
0.498
0.522
0.491
0.467
0.482
0.489
0.499
0.611
0.699
0.889
0.664
0.700
0.725
0.642
0.746
0.766
0.722
0.764
0.735
0.772
0.836
0.704
0.776
0.703
0.578
0.559
0.561
0.663
0.671
0.669
0.777
0.767
0.777
0.698
0.720
0.644
0.564
0.523
0.793
0.629
0.634
0.655
0.689
0.682
0.641
0.698
0.812
0.636
0.726
0.729
0.680
0.693
0.855
0.702
0.772
0.764
0.734
0.641
0.567
0.567
0.629
0.730
0.682
0.756
0.756
0.698
0.671
0.658
0.675
0.606
0.552
0.498
0.601
0.638
0.621
0.776
0.651
0.604
0.493
0.381
0.438
0.477
0.442
0.462
0.480
0.525
0.566
0.489
0.540
0.512
0.511
0.649
0.791
0.827
0.711
0.795
0.702
0.684
0.544
0.443
0.526
0.785
0.740
0.500
0.352
0.394
0.433
0.541
0.559
0.517
0.501
0.390
0.479
0.530
0.366
0.756
0.603
0.508
0.417
0.547
0.657
0.691
0.585
0.730
0.728
0.691
0.747
0.711
0.792
0.621
0.585
0.569
0.588
0.593
0.642
0.596
0.608
0.600
0.567
0.632
0.762
0.760
0.716
0.753
0.582
0.479
0.486
0.486
0.577
0.566
0.627
0.649
0.759
0.851
0.689
0.718
0.673
0.681
0.787
0.841
0.796
0.871
0.774
0.703
0.746
0.664
0.740
0.572
0.527
0.440
0.489
0.475
0.493
0.658
0.584
0.585
0.550
0.566
0.627
0.570
0.538
0.581
0.645
0.687
0.593
0.555
0.518
0.583
0.513
0.564
0.468
0.412
0.400
0.411
0.492
0.557
0.497
0.715
0.489
0.380
0.349
0.371
0.403
0.396
0.407
0.412
0.443
0.470
0.423
0.422
0.429
0.630
0.539
0.508
0.495
0.579
0.678
0.525
0.521
0.577
0.583
0.396
0.397
0.398
0.413
0.397
0.410
0.403
0.386
0.374
0.379
0.376
0.394
0.387
0.354
0.352
0.372
0.376
0.347
0.361
0.362
0.374
0.382
0.363
0.360
0.348
0.331
0.355
0.361
0.364
0.360
0.333
0.332
0.358
0.364
0.346
0.351
0.328
0.319
0.328
0.381
0.364
0.380
0.391
0.418
0.546
0.728
0.526
0.401
0.369
0.343
0.344
0.329
0.322
0.345
0.349
0.323
0.345
0.382
0.345
0.371
0.344
0.316
0.305
0.318
0.408
0.352
0.347
0.372
0.365
0.366
0.347
0.414
0.343
0.361
0.424
0.560
0.571
0.404
0.360
0.369
0.355
0.320
0.367
0.381
0.385
0.337
0.374
0.466
0.391
0.342
0.351
0.333
0.388
0.403
0.438
0.426
0.389
0.535
0.551
0.515
0.491
0.436
0.377
0.425
0.352
0.352
0.319
0.304
0.328
0.354
0.340
0.514
0.480
0.514
0.464
0.330
0.360
0.357
0.413
0.492
0.482
0.675
0.716
0.659
0.789
0.755
0.781
0.688
0.664
0.702
0.656
0.675
0.579
0.559
0.506
0.537
0.535
0.658
0.675
0.812
0.840
0.674
0.736
0.676
0.707
0.545
0.584
0.726
0.695
0.672
0.675
0.621
0.662
0.705
0.633
0.658
0.721
0.613
0.665
0.609
0.553
0.709
0.574
0.585
0.641
0.649
0.656
0.621
0.688
0.743
0.556
0.535
0.604
0.618
0.640
0.714
0.635
0.585
0.760
0.695
0.957
0.671
0.678
0.797
0.723
0.669
0.589
0.535
0.541
0.496
0.587
0.571
0.501
0.508
0.525
0.494
0.516
0.545
0.512
0.429
0.407
0.415
0.409
0.404
0.362
0.365
0.364
0.422
0.509
0.418
0.503
0.503
0.484
0.514
0.474
0.498
0.525
0.437
0.449
0.592
0.581
0.488
0.457
0.427
0.504
0.407
0.423
0.589
0.641
0.507
0.443
0.415
0.445
0.362
0.289
0.295
0.263
0.316
0.437
0.534
0.425
0.573
0.671
0.519
0.373
0.466
0.567
0.676
0.886
0.752
0.635
0.731
0.705
0.618
0.551
0.352
0.309
0.341
0.344
0.322
0.295
0.287
0.261
0.306
0.480
0.585
0.568
0.537
0.512
0.496
0.643
0.539
0.530
0.567
0.677
0.623
0.679
0.700
0.636
0.607
0.563
0.605
0.590
0.608
0.578
0.569
0.569
0.618
0.681
0.737
0.699
0.752
0.548
0.527
0.664
0.688
0.652
0.686
0.635
0.617
0.574
0.613
0.617
0.604
0.584
0.635
0.635
0.544
0.503
0.549
0.738
0.853
0.719
0.755
0.629
0.607
0.694
0.819
0.691
0.589
0.518
0.519
0.520
0.486
0.517
0.714
0.539
0.504
0.577
0.553
0.566
0.559
0.470
0.404
0.413
0.435
0.406
0.407
0.436
0.539
0.723
0.549
0.619
0.799
0.625
0.674
0.558
0.638
0.750
0.555
0.622
0.634
0.581
0.596
0.562
0.636
0.503
0.514
0.464
0.444
0.416
0.413
0.418
0.390
0.379
0.372
0.382
0.376
0.397
0.392
0.412
0.390
0.379
0.374
0.437
0.416
0.404
0.377
0.394
0.388
0.394
0.370
0.356
0.365
0.376
0.368
0.365
0.357
0.365
0.344
0.431
0.523
0.403
0.375
0.383
0.392
0.405
0.428
0.442
0.448
0.428
0.338
0.396
0.501
0.618
0.711
0.684
0.562
0.441
0.376
0.377
0.381
0.342
0.359
0.365
0.337
0.354
0.360
0.402
0.408
0.413
0.619
0.456
0.498
0.421
0.385
0.380
0.408
0.453
0.399
0.391
0.424
0.505
0.466
0.403
0.385
0.404
0.509
0.586
0.705
0.623
0.472
0.432
0.430
0.424
0.432
0.429
0.419
0.439
0.480
0.447
0.374
0.417
0.422
0.415
0.383
0.353
0.361
0.377
0.514
0.529
0.475
0.395
0.391
0.445
0.437
0.410
0.427
0.484
0.647
0.476
0.462
0.384
0.358
0.459
0.546
0.502
0.421
0.457
0.494
0.596
0.567
0.518
0.702
0.616
0.669
0.795
0.847
0.666
0.780
0.671
0.564
0.686
0.633
0.856
0.766
0.655
0.530
0.632
0.691
0.673
0.811
0.678
0.705
0.718
0.742
0.903
0.710
0.809
0.747
0.754
0.710
0.717
0.592
0.702
0.691
0.866
0.716
0.639
0.691
0.573
0.599
0.678
0.483
0.425
0.400
0.474
0.537
0.579
0.633
0.604
0.530
0.456
0.623
0.654
0.727
0.715
0.651
0.623
0.805
0.731
0.644
0.617
0.677
0.628
0.579
0.684
0.706
0.669
0.724
0.776
0.688
0.604
0.669
0.709
0.648
0.641
0.691
0.595
0.709
0.540
0.543
0.500
0.500
0.487
0.429
0.474
0.422
0.406
0.478
0.428
0.408
0.449
0.451
0.503
0.643
0.720
0.734
0.613
0.658
0.649
0.542
0.601
0.573
0.584
0.388
0.425
0.501
0.477
0.574
0.488
0.522
0.527
0.638
0.586
0.436
0.425
0.452
0.443
0.627
0.548
0.452
0.301
0.431
0.572
0.444
0.440
0.514
0.575
0.419
0.390
0.493
0.583
0.574
0.655
0.618
0.751
0.805
0.757
0.657
0.608
0.532
0.643
0.610
0.704
0.746
0.677
0.530
0.617
0.544
0.706
0.714
0.783
0.555
0.588
0.649
0.632
0.680
0.595
0.712
0.877
0.662
0.596
0.530
0.533
0.454
0.498
0.499
0.486
0.485
0.462
0.459
0.552
0.699
0.640
0.727
0.742
0.785
0.790
0.782
0.662
0.608
0.683
0.617
0.720
0.724
0.621
0.572
0.619
0.709
0.740
0.718
0.697
0.493
0.381
0.371
0.416
0.514
0.516
0.495
0.480
0.550
0.707
0.583
0.648
0.580
0.653
0.653
0.830
0.687
0.831
0.589
0.624
0.542
0.444
0.456
0.495
0.463
0.433
0.422
0.428
0.396
0.405
0.495
0.455
0.518
0.558
0.602
0.714
0.615
0.678
0.590
0.643
0.640
0.549
0.620
0.741
0.748
0.580
0.473
0.571
0.512
0.437
0.412
0.410
0.434
0.397
0.431
0.564
0.423
0.408
0.431
0.421
0.435
0.457
0.416
0.408
0.460
0.480
0.440
0.614
0.604
0.581
0.639
0.511
0.655
0.446
0.449
0.440
0.405
0.410
0.417
0.405
0.403
0.428
0.426
0.454
0.462
0.458
0.516
0.413
0.466
0.642
0.501
0.516
0.612
0.654
0.449
0.398
0.417
0.427
0.418
0.453
0.395
0.406
0.377
0.386
0.393
0.396
0.543
0.581
0.550
0.474
0.399
0.387
0.462
0.390
0.369
0.333
0.365
0.450
0.715
0.491
0.441
0.498
0.551
0.618
0.562
0.617
0.466
0.615
0.629
0.548
0.646
0.585
0.530
0.482
0.692
0.513
0.516
0.498
0.453
0.536
0.602
0.607
0.509
0.498
0.453
0.402
0.454
0.407
0.345
0.355
0.334
0.364
0.485
0.513
0.534
0.474
0.633
0.485
0.481
0.530
0.540
0.677
0.487
0.523
0.469
0.650
0.413
0.530
0.593
0.517
0.568
0.740
0.744
0.624
0.724
0.571
0.486
0.589
0.587
0.615
0.589
0.757
0.654
0.620
0.542
0.625
0.681
0.721
0.588
0.739
0.517
0.579
0.593
0.657
0.661
0.682
0.933
0.516
0.634
0.616
0.712
0.696
0.774
0.778
0.685
0.590
0.567
0.688
0.687
0.713
0.678
0.782
0.802
0.744
0.756
0.710
0.875
0.717
0.910
0.734
0.640
0.516
0.660
0.827
0.766
0.781
0.761
0.889
0.846
0.824
0.804
0.784
0.852
0.758
0.647
0.589
0.792
0.578
0.508
0.582
0.725
0.681
0.648
0.588
0.592
0.616
0.617
0.599
0.783
0.620
0.711
0.734
0.694
0.657
0.726
0.613
0.528
0.604
0.671
0.597
0.682
0.640
0.573
0.517
0.550
0.577
0.719
0.756
0.637
0.656
0.615
0.668
0.645
0.629
0.616
0.639
0.758
0.672
0.674
0.691
0.661
0.615
0.695
0.696
0.715
0.709
0.629
0.570
0.540
0.635
0.807
0.674
0.636
0.575
0.682
0.665
0.626
0.607
0.596
0.609
0.665
0.544
0.620
0.674
0.665
0.683
0.694
0.807
0.620
0.596
0.606
0.657
0.644
0.616
0.706
0.742
0.641
0.625
0.596
0.590
0.617
0.819
0.738
0.686
0.727
0.668
0.557
0.516
0.522
0.545
0.590
0.684
0.705
0.644
0.626
0.763
0.608
0.582
0.617
0.666
0.745
0.574
0.631
0.688
0.798
0.607
0.731
0.829
0.680
0.703
0.779
0.766
0.700
0.779
0.703
0.670
0.615
0.758
0.712
0.617
0.589
0.587
0.611
0.700
0.563
0.509
0.508
0.535
0.552
0.526
0.567
0.552
0.631
0.473
0.576
0.500
0.473
0.481
0.522
0.624
0.573
0.746
0.727
0.718
0.683
0.625
0.545
0.663
0.639
0.530
0.501
0.419
0.484
0.539
0.572
0.542
0.492
0.452
0.479
0.498
0.448
0.442
0.467
0.579
0.502
0.509
0.508
0.570
0.608
0.558
0.520
0.470
0.415
0.415
0.417
0.528
0.577
0.571
0.493
0.449
0.424
0.489
0.500
0.583
0.643
0.641
0.649
0.452
0.488
0.581
0.462
0.479
0.549
0.613
0.564
0.529
0.439
0.408
0.420
0.486
0.474
0.497
0.477
0.472
0.450
0.543
0.660
0.461
0.506
0.463
0.439
0.519
0.499
0.426
0.385
0.410
0.388
0.427
0.381
0.380
0.391
0.483
0.544
0.588
0.459
0.392
0.441
0.373
0.365
0.351
0.344
0.423
0.402
0.407
0.357
0.333
0.357
0.428
0.496
0.632
0.502
0.504
0.513
0.448
0.421
0.423
0.402
0.490
0.612
0.664
0.573
0.557
0.552
0.630
0.610
0.583
0.510
0.481
0.462
0.407
0.422
0.516
0.558
0.491
0.455
0.458
0.463
0.437
0.392
0.411
0.461
0.506
0.523
0.411
0.415
0.554
0.593
0.575
0.604
0.638
0.592
0.533
0.482
0.462
0.505
0.549
0.476
0.437
0.434
0.457
0.503
0.493
0.419
0.355
0.375
0.435
0.569
0.513
0.592
0.616
0.586
0.467
0.499
0.859
0.694
0.654
0.789
0.734
0.732
0.575
0.640
0.721
0.679
0.815
0.744
0.713
0.760
0.703
0.558
0.499
0.496
0.623
0.680
0.741
0.813
0.850
0.857
0.766
0.770
0.796
0.703
0.799
0.754
0.642
0.679
0.760
0.640
0.665
0.626
0.650
0.658
0.650
0.609
0.544
0.552
0.570
0.583
0.582
0.586
0.688
0.613
0.695
0.641
0.739
0.635
0.616
0.657
0.663
0.581
0.720
0.624
0.569
0.623
0.623
0.657
0.635
0.574
0.475
0.506
0.503
0.502
0.547
0.578
0.625
0.624
0.645
0.634
0.647
0.647
0.694
0.642
0.730
0.662
0.563
0.448
0.430
0.502
0.431
0.427
0.448
0.554
0.535
0.478
0.452
0.595
0.698
0.545
0.699
0.438
0.445
0.512
0.474
0.444
0.466
0.432
0.335
0.362
0.541
0.601
0.569
0.600
0.579
0.595
0.482
0.449
0.403
0.420
0.391
0.357
0.359
0.437
0.591
0.735
0.646
0.615
0.574
0.646
0.442
0.476
0.651
0.665
0.658
0.595
0.630
0.461
0.410
0.542
0.580
0.625
0.840
0.791
0.755
0.635
0.718
0.612
0.522
0.709
0.706
0.793
0.654
0.693
0.832
0.667
0.627
0.747
0.785
0.725
0.738
0.752
0.606
0.596
0.760
0.654
0.540
0.545
0.595
0.648
0.508
0.393
0.479
0.534
0.517
0.497
0.677
0.689
0.713
0.652
0.750
0.670
0.762
0.651
0.607
0.441
0.456
0.531
0.502
0.543
0.615
0.773
0.604
0.642
0.481
0.499
0.772
0.606
0.627
0.538
0.450
0.410
0.537
0.579
0.718
0.859
0.734
0.882
0.626
0.673
0.801
0.686
0.804
0.787
0.660
0.581
0.615
0.591
0.510
0.481
0.473
0.474
0.486
0.494
0.491
0.523
0.500
0.570
0.759
0.670
0.708
0.634
0.740
0.923
0.811
0.707
0.728
0.704
0.639
0.573
0.688
0.656
0.569
0.492
0.459
0.479
0.513
0.481
0.521
0.483
0.442
0.468
0.515
0.651
0.698
0.588
0.691
0.596
0.865
0.718
0.624
0.586
0.537
0.528
0.500
0.506
0.497
0.452
0.530
0.483
0.674
0.559
0.550
0.596
0.612
0.662
0.808
0.611
0.487
0.649
0.634
0.681
0.617
0.636
0.742
0.663
0.716
0.526
0.567
0.511
0.504
0.502
0.471
0.447
0.510
0.599
0.475
0.576
0.686
0.689
0.600
0.553
0.701
0.536
0.454
0.430
0.439
0.440
0.458
0.458
0.457
0.405
0.520
0.493
0.430
0.454
0.481
0.599
0.565
0.628
0.534
0.468
0.458
0.525
0.634
0.678
0.577
0.587
0.698
0.498
0.502
0.621
0.757
0.751
0.576
0.687
0.626
0.606
0.652
0.590
0.500
0.443
0.533
0.565
0.735
0.564
0.539
0.610
0.577
0.658
0.690
0.636
0.656
0.952
0.658
0.772
0.641
0.849
0.707
0.600
0.699
0.705
0.782
0.835
0.789
0.692
0.682
0.744
0.610
0.611
0.558
0.489
0.482
0.485
0.599
0.599
0.788
0.746
0.753
0.750
0.804
0.792
0.812
0.821
0.831
0.743
0.788
0.813
0.768
0.779
0.834
0.740
0.782
0.785
0.742
0.738
0.786
0.828
0.816
0.830
0.848
0.801
0.748
0.719
0.799
0.703
0.701
0.688
0.912
0.824
0.812
0.799
0.817
0.843
0.812
0.806
0.802
0.800
0.831
0.803
0.811
0.802
0.834
0.838
0.829
0.887
0.749
0.689
0.667
0.764
0.894
0.778
0.818
0.806
0.908
0.789
0.767
0.807
0.784
0.798
0.850
0.845
0.791
0.807
0.810
0.775
0.787
0.793
0.663
0.737
0.738
0.780
0.694
0.817
0.831
0.940
0.963
0.951
0.911
0.923
0.878
0.819
0.783
0.780
0.795
0.738
0.776
0.757
0.818
0.842
0.807
0.771
0.908
0.950
0.825
0.850
0.733
0.682
0.763
0.734
0.925
0.855
0.815
0.837
0.756
0.689
0.703
0.798
0.722
0.719
0.891
0.897
0.907
0.919
0.927
0.939
0.948
0.918
0.837
0.949
0.889
0.933
0.917
0.864
0.834
0.835
0.915
0.986
0.932
0.930
0.942
0.942
0.974
0.883
0.809
0.880
0.933
0.944
0.919
0.937
0.916
0.923
0.783
0.824
0.736
0.881
0.928
0.917
0.837
0.849
0.866
0.908
0.946
0.909
0.931
0.930
0.933
0.871
0.864
0.831
0.831
0.779
0.746
0.831
0.933
0.937
0.904
0.904
0.912
0.912
0.938
0.911
0.942
0.861
0.968
0.910
0.880
0.983
0.947
0.928
0.946
0.977
0.939
0.948
0.973
0.944
0.852
0.912
0.805
0.781
0.893
0.915
0.771
0.766
0.811
0.952
0.857
0.855
0.735
0.807
0.723
0.775
0.828
0.875
0.866
0.926
0.974
0.986
0.927
0.850
0.866
0.967
0.941
0.951
0.912
0.812
0.792
0.810
0.841
0.841
0.785
0.774
0.800
0.854
0.886
0.913
0.939
0.929
0.890
0.905
0.932
0.773
0.741
0.712
0.736
0.796
0.737
0.752
0.741
0.755
0.859
0.835
0.988
0.928
0.759
0.833
0.904
0.841
0.860
0.770
0.728
0.709
0.869
0.919
0.849
0.863
0.719
0.834
0.832
0.831
0.773
0.725
0.687
0.767
0.705
0.794
0.863
0.825
0.806
0.827
0.836
0.785
0.684
0.697
0.716
0.743
0.750
0.740
0.723
0.795
0.777
0.801
0.938
0.917
0.910
0.783
0.817
0.868
0.749
0.732
0.661
0.710
0.676
0.719
0.739
0.827
0.821
0.752
0.818
0.887
0.764
0.821
0.746
0.768
0.883
0.939
0.832
0.880
0.842
0.811
0.731
0.787
0.667
0.697
0.628
0.640
0.672
0.630
0.724
0.769
0.661
0.723
0.752
0.925
0.906
0.871
0.748
0.711
0.687
0.703
0.852
0.792
0.863
0.867
0.883
0.862
0.673
0.753
0.789
0.760
0.774
0.693
0.674
0.695
0.742
0.725
0.774
0.792
0.785
0.867
0.914
0.854
0.904
0.917
0.893
0.950
0.946
0.973
0.785
0.732
0.925
0.769
0.947
0.946
0.902
0.887
0.812
0.777
0.933
0.953
0.946
0.882
0.781
0.849
0.839
0.954
0.817
0.750
0.834
0.877
0.890
0.952
0.975
0.953
0.909
0.863
0.981
0.971
0.977
0.946
0.954
0.902
0.923
0.847
0.869
0.878
0.883
0.964
0.974
0.938
0.915
0.947
0.920
0.905
0.899
0.920
0.834
0.969
0.959
0.968
0.948
0.940
0.961
0.962
0.855
0.829
0.812
0.931
0.919
0.953
0.966
0.897
0.949
0.967
0.954
0.956
0.899
0.786
0.792
0.789
0.823
0.823
0.822
0.809
0.813
0.833
0.789
0.730
0.770
0.785
0.892
0.949
0.948
0.950
0.934
0.940
0.881
0.810
0.854
0.851
0.761
0.780
0.864
0.808
0.857
0.950
0.934
0.931
0.906
0.957
0.813
0.950
0.935
0.850
0.878
0.862
0.887
0.907
0.925
0.874
0.824
0.830
0.769
0.776
0.816
0.765
0.830
0.765
0.839
0.912
0.951
0.961
0.820
0.786
0.837
0.936
0.972
0.906
0.809
0.771
0.746
0.733
0.658
0.826
0.960
0.887
0.887
0.918
0.869
0.746
0.709
0.825
0.924
0.799
0.785
0.842
0.838
0.937
0.869
0.859
0.902
0.837
0.843
0.883
0.945
0.924
0.941
0.929
0.872
0.933
0.922
0.946
0.845
0.915
0.886
0.879
0.811
0.775
0.827
0.744
0.729
0.732
0.724
0.921
0.882
0.978
0.959
0.967
0.873
0.887
0.901
0.941
0.975
0.932
0.899
0.906
0.951
0.976
0.858
0.921
0.903
0.881
0.899
0.752
0.789
0.860
0.889
0.859
0.823
0.977
0.908
0.868
0.883
0.928
0.886
0.906
0.889
0.880
0.880
0.910
0.848
0.843
0.821
0.722
0.739
0.754
0.765
0.894
0.823
0.751
0.759
0.813
0.788
0.858
0.753
0.733
0.702
0.735
0.753
0.745
0.758
0.748
0.770
0.721
0.738
0.729
0.717
0.753
0.784
0.722
0.800
0.859
0.848
0.849
0.730
0.825
0.845
0.809
0.772
0.720
0.770
0.672
0.634
0.743
0.818
0.798
0.676
0.715
0.743
0.748
0.731
0.677
0.771
0.812
0.888
0.764
0.735
0.715
0.720
0.727
0.856
0.861
0.880
0.853
0.737
0.786
0.750
0.751
0.761
0.770
0.728
0.676
0.695
0.703
0.664
0.714
0.679
0.714
0.702
0.806
0.674
0.719
0.681
0.741
0.830
0.772
0.764
0.719
0.718
0.689
0.699
0.727
0.832
0.848
0.727
0.699
0.703
0.817
0.835
0.700
0.824
0.797
0.808
0.801
0.816
0.743
0.785
0.743
0.695
0.683
0.714
0.697
0.732
0.724
0.809
0.743
0.827
0.765
0.723
0.723
0.682
0.654
0.696
0.716
0.710
0.692
0.693
0.724
0.822
0.864
0.772
0.840
0.704
0.843
0.836
0.867
0.898
0.824
0.863
0.900
0.899
0.734
0.775
0.885
0.813
0.876
0.914
0.987
0.953
0.902
0.798
0.828
0.895
0.866
0.904
0.895
0.878
0.938
0.943
0.957
0.946
0.907
0.971
0.792
0.884
0.930
0.807
0.756
0.745
0.715
0.717
0.794
0.879
0.835
0.772
0.773
0.844
0.821
0.797
0.765
0.741
0.842
0.799
0.768
0.814
0.875
0.947
0.951
0.903
0.942
0.932
0.844
0.898
0.904
0.907
0.948
0.941
0.823
0.714
0.855
0.954
0.929
0.870
0.909
0.931
0.942
0.923
0.879
0.930
0.892
0.798
0.760
0.777
0.858
0.894
0.947
0.940
0.902
0.915
0.954
0.893
0.946
0.906
0.872
0.832
0.815
0.820
0.840
0.895
0.805
0.782
0.775
0.767
0.737
0.760
0.680
0.747
0.758
0.724
0.777
0.684
0.726
0.743
0.729
0.776
0.783
0.814
0.905
0.905
0.862
0.882
0.888
0.789
0.764
0.771
0.834
0.873
0.875
0.782
0.785
0.725
0.730
0.706
0.740
0.725
0.876
0.926
0.844
0.952
0.960
0.946
0.895
0.951
0.951
0.937
0.939
0.947
0.866
0.903
0.810
0.850
0.924
0.804
0.753
0.851
0.850
0.782
0.736
0.741
0.771
0.735
0.742
0.818
0.834
0.744
0.757
0.808
0.740
0.885
0.950
0.765
0.860
0.771
0.841
0.832
0.888
0.908
0.912
0.863
0.945
0.970
0.925
0.892
0.966
0.943
0.965
0.798
0.895
0.795
0.704
0.748
0.768
0.829
0.746
0.704
0.739
0.718
0.641
0.693
0.827
0.768
0.764
0.711
0.815
0.895
0.822
0.816
0.883
0.862
0.852
0.894
0.972
0.933
0.981
0.967
0.928
0.879
0.845
0.863
0.824
0.908
0.941
0.985
0.887
0.911
0.903
0.884
0.778
0.950
0.944
0.948
0.846
0.848
0.794
0.768
0.747
0.754
0.762
0.854
0.849
0.902
0.786
0.845
0.870
0.926
0.930
0.920
0.918
0.786
0.806
0.856
0.825
0.861
0.915
0.888
0.830
0.768
0.719
0.709
0.746
0.716
0.749
0.726
0.725
0.735
0.873
0.781
0.722
0.855
0.778
0.784
0.708
0.685
0.809
0.734
0.734
0.759
0.739
0.815
0.814
0.756
0.815
0.835
0.742
0.837
0.812
0.729
0.780
0.779
0.828
0.788
0.789
0.700
0.685
0.801
0.764
0.766
0.695
0.720
0.825
0.762
0.718
0.721
0.750
0.791
0.830
0.738
0.699
0.691
0.707
0.804
0.728
0.684
0.679
0.759
0.737
0.809
0.788
0.838
0.709
0.703
0.705
0.843
0.956
0.862
0.724
0.934
0.818
0.848
0.908
0.784
0.819
0.855
0.890
0.866
0.836
0.763
0.706
0.716
0.772
0.711
0.776
0.733
0.736
0.857
0.790
0.736
0.736
0.700
0.721
0.698
0.729
0.836
0.845
0.713
0.813
0.715
0.810
0.860
0.927
0.868
0.758
0.717
0.763
0.725
0.711
0.687
0.676
0.702
0.745
0.818
0.762
0.902
0.925
0.878
0.887
0.750
0.829
0.808
0.893
0.830
0.747
0.735
0.692
0.743
0.709
0.765
0.762
0.906
0.940
0.874
0.906
0.896
0.875
0.864
0.739
0.718
0.860
0.933
0.901
0.950
0.785
0.715
0.752
0.734
0.899
0.959
0.922
0.745
0.692
0.830
0.970
0.949
0.937
0.984
0.840
0.938
0.958
0.897
0.902
0.792
0.789
0.811
0.783
0.851
0.930
0.912
0.952
0.953
0.961
0.917
0.839
0.899
0.930
0.965
0.949
0.908
0.957
0.872
0.902
0.881
0.902
0.855
0.791
0.878
0.943
0.934
0.898
0.815
0.820
0.861
0.847
0.801
0.797
0.803
0.945
0.967
0.943
0.935
0.922
0.888
0.867
0.805
0.785
0.851
0.736
0.767
0.800
0.755
0.837
0.770
0.804
0.792
0.848
0.932
0.961
0.967
0.974
0.812
0.843
0.870
0.797
0.757
0.856
0.807
0.825
0.797
0.830
0.833
0.871
0.840
0.759
0.842
0.826
0.955
0.901
0.917
0.913
0.929
0.760
0.733
0.813
0.830
0.936
0.917
0.952
0.926
0.860
0.881
0.751
0.778
0.725
0.833
0.874
0.756
0.870
0.857
0.906
0.932
0.895
0.934
0.918
0.897
0.934
0.951
0.903
0.950
0.935
0.931
0.929
0.935
0.912
0.920
0.937
0.941
0.950
0.946
0.890
0.904
0.928
0.969
0.958
0.936
0.957
0.943
0.960
0.766
0.840
0.838
0.777
0.755
0.871
0.887
0.910
0.807
0.743
0.723
0.887
0.818
0.702
0.693
0.812
0.874
0.848
0.842
0.768
0.801
0.857
0.739
0.759
0.836
0.756
0.813
0.878
0.899
0.881
0.849
0.785
0.774
0.794
0.853
0.924
0.882
0.895
0.918
0.787
0.853
0.795
0.852
0.764
0.763
0.735
0.761
0.740
0.869
0.933
0.944
0.941
0.813
0.878
0.822
0.826
0.820
0.849
0.779
0.894
0.797
0.827
0.861
0.813
0.824
0.859
0.735
0.721
0.693
0.840
0.804
0.825
0.754
0.757
0.818
0.748
0.836
0.777
0.741
0.804
0.782
0.837
0.750
0.775
0.707
0.824
0.842
0.808
0.781
0.716
0.706
0.783
0.727
0.741
0.692
0.714
0.712
0.739
0.790
0.739
0.778
0.711
0.773
0.756
0.726
0.707
0.731
0.813
0.762
0.771
0.723
0.723
0.701
0.722
0.717
0.742
0.727
0.678
0.736
0.707
0.710
0.709
0.698
0.787
0.723
0.703
0.746
0.682
0.710
0.764
0.824
0.746
0.700
0.829
0.806
