19790101
0.784
0.761
0.793
0.851
0.852
0.870
0.916
0.837
0.788
0.757
0.759
0.753
0.766
0.791
0.841
0.819
0.791
0.790
0.800
0.733
0.752
0.860
0.845
0.908
0.795
0.754
0.816
0.946
0.909
0.839
0.715
0.796
0.850
0.715
0.688
0.765
0.783
0.786
0.806
0.751
0.716
0.745
0.771
0.742
0.801
0.779
0.860
0.828
0.780
0.677
0.695
0.698
0.771
0.826
0.838
0.929
0.932
0.903
0.965
0.921
0.873
0.804
0.942
0.956
0.961
0.961
0.950
0.889
0.808
0.842
0.870
0.831
0.782
0.833
0.898
0.827
0.914
0.928
0.943
0.935
0.906
0.972
0.975
0.962
0.900
0.833
0.831
0.886
0.831
0.744
0.773
0.842
0.875
0.830
0.881
0.827
0.825
0.807
0.786
0.795
0.781
0.802
0.822
0.842
0.849
0.785
0.814
0.821
0.817
0.842
0.956
0.931
0.878
0.949
0.955
0.945
0.971
0.979
0.969
0.895
0.923
0.863
0.874
0.847
0.831
0.788
0.797
0.762
0.773
0.774
0.823
0.855
0.801
0.780
0.864
0.883
0.939
0.915
0.972
0.868
0.971
0.924
0.969
0.890
0.885
0.832
0.814
0.855
0.935
0.932
0.855
0.866
0.899
0.940
0.884
0.890
0.973
0.929
0.898
0.869
0.799
0.774
0.808
0.831
0.840
0.794
0.844
0.826
0.785
0.771
0.843
0.775
0.783
0.789
0.793
0.796
0.780
0.758
0.754
0.738
0.749
0.760
0.801
0.770
0.786
0.744
0.673
0.656
0.704
0.716
0.728
0.709
0.753
0.806
0.815
0.830
0.803
0.831
0.877
0.782
0.773
0.728
0.780
0.758
0.726
0.754
0.738
0.722
0.713
0.741
0.815
0.817
0.800
0.805
0.796
0.762
0.769
0.734
0.727
0.705
0.707
0.724
0.747
0.771
0.763
0.780
0.795
0.800
0.773
0.784
0.797
0.731
0.788
0.823
0.868
0.911
0.922
0.874
0.849
0.970
0.907
0.932
0.933
0.951
0.901
0.837
0.806
0.918
0.844
0.753
0.903
0.917
0.880
0.748
0.790
0.833
0.886
0.917
0.906
0.791
0.913
0.811
0.854
0.806
0.807
0.836
0.832
0.785
0.808
0.774
0.792
0.769
0.800
0.828
0.805
0.766
0.752
0.808
0.794
0.769
0.807
0.802
0.810
0.866
0.840
0.873
0.813
0.868
0.957
0.919
0.958
0.888
0.943
0.892
0.883
0.861
0.812
0.895
0.954
0.887
0.977
0.912
0.835
0.851
0.905
0.833
0.934
0.917
0.864
0.965
0.810
0.809
0.911
0.875
0.972
0.978
0.887
0.809
0.950
0.963
0.949
0.905
0.971
0.850
0.914
0.887
0.874
0.927
0.900
0.958
0.870
0.807
0.828
0.878
0.865
0.823
0.831
0.784
0.790
0.780
0.752
0.753
0.750
0.782
0.762
0.750
0.749
0.936
0.873
0.783
0.960
0.980
0.960
0.907
0.860
0.849
0.857
0.874
0.926
0.949
0.800
0.785
0.842
0.953
0.877
0.898
0.884
0.832
0.797
0.790
0.770
0.702
0.729
0.741
0.726
0.815
0.872
0.908
0.937
0.955
0.955
0.915
0.968
0.939
0.887
0.785
0.753
0.759
0.859
0.772
0.719
0.708
0.737
0.753
0.872
0.917
0.968
0.968
0.958
0.961
0.926
0.941
0.858
0.824
0.807
0.889
0.796
0.711
0.746
0.724
0.708
0.766
0.848
0.909
0.958
0.894
0.917
0.879
0.843
0.895
0.896
0.886
0.757
0.833
0.881
0.844
0.915
0.960
0.755
0.815
0.786
0.725
0.719
0.691
0.689
0.734
0.796
0.803
0.863
0.835
0.811
0.819
0.907
0.865
0.789
0.730
0.832
0.831
0.782
0.766
0.708
0.754
0.779
0.792
0.765
0.792
0.750
0.848
0.876
0.848
0.792
0.858
0.869
0.942
0.975
0.856
0.913
0.843
0.919
0.946
0.940
0.828
0.822
0.788
0.742
0.776
0.817
0.827
0.842
0.846
0.838
0.915
0.891
0.931
0.825
0.896
0.952
0.934
0.955
0.855
0.860
0.893
0.824
0.850
0.869
0.825
0.811
0.810
0.869
0.915
0.961
0.925
0.847
0.841
0.886
0.817
0.837
0.773
0.792
0.845
0.822
0.843
0.855
0.848
0.785
0.828
0.862
0.837
0.869
0.846
0.827
0.872
0.878
0.867
0.803
0.774
0.827
0.819
0.849
0.861
0.769
0.707
0.735
0.729
0.802
0.827
0.828
0.803
0.818
0.844
0.784
0.765
0.723
0.676
0.695
0.715
0.698
0.668
0.688
0.712
0.695
0.705
0.702
0.706
0.706
0.744
0.787
0.788
0.802
0.778
0.766
0.734
0.717
0.721
0.725
0.735
0.813
0.834
0.911
0.849
0.801
0.759
0.767
0.776
0.817
0.784
0.733
0.740
0.729
0.725
0.780
0.811
0.813
0.792
0.800
0.788
0.800
0.795
0.778
0.808
0.785
0.794
0.826
0.803
0.772
0.788
0.821
0.807
0.773
0.748
0.733
0.696
0.691
0.742
0.747
0.745
0.746
0.742
0.765
0.769
0.867
0.796
0.794
0.780
0.781
0.750
0.768
0.758
0.683
0.681
0.735
0.779
0.806
0.873
0.877
0.783
0.805
0.921
0.858
0.786
0.838
0.817
0.747
0.742
0.811
0.762
0.808
0.956
0.941
0.866
0.828
0.814
0.817
0.888
0.821
0.913
0.866
0.856
0.847
0.806
0.778
0.832
0.813
0.855
0.852
0.952
0.910
0.896
0.853
0.799
0.804
0.802
0.789
0.880
0.863
0.867
0.864
0.881
0.860
0.858
0.876
0.913
0.893
0.968
0.924
0.983
0.955
0.963
0.902
0.935
0.932
0.924
0.914
0.973
0.915
0.910
0.937
0.866
0.875
0.890
0.904
0.888
0.886
0.900
0.870
0.838
0.861
0.899
0.932
0.905
0.963
0.911
0.885
0.860
0.936
0.808
0.786
0.828
0.840
0.799
0.817
0.851
0.828
0.845
0.872
0.878
0.957
0.944
0.965
0.907
0.878
0.872
0.838
0.831
0.842
0.957
0.963
0.925
0.951
0.922
0.950
0.844
0.879
0.835
0.748
0.714
0.763
0.743
0.766
0.826
0.756
0.751
0.851
0.812
0.812
0.765
0.807
0.795
0.782
0.862
0.799
0.797
0.862
0.754
0.767
0.786
0.800
0.790
0.802
0.843
0.813
0.800
0.843
0.797
0.863
0.955
0.918
0.812
0.829
0.812
0.853
0.746
0.815
0.946
0.927
0.964
0.972
0.935
0.889
0.886
0.854
0.862
0.861
0.886
0.958
0.925
0.865
0.842
0.815
0.807
0.818
0.867
0.806
0.814
0.856
0.976
0.868
0.949
0.959
0.947
0.960
0.850
0.881
0.944
0.886
0.888
0.939
0.863
0.859
0.877
0.930
0.859
0.935
0.862
0.836
0.871
0.871
0.863
0.859
0.839
0.815
0.784
0.835
0.873
0.844
0.872
0.851
0.863
0.871
0.836
0.846
0.842
0.853
0.838
0.955
0.940
0.962
0.961
0.932
0.974
0.928
0.897
0.914
0.957
0.955
0.830
0.873
0.934
0.876
0.960
0.973
0.978
0.979
0.940
0.977
0.981
0.976
0.881
0.705
0.978
0.960
0.946
0.915
0.890
0.896
0.868
0.864
0.858
0.867
0.869
0.832
0.817
0.815
0.899
0.944
0.845
0.935
0.889
0.934
0.840
0.934
0.864
0.884
0.880
0.893
0.800
0.747
0.812
0.864
0.901
0.882
0.923
0.853
0.808
0.846
0.811
0.831
0.821
0.868
0.921
0.816
0.800
0.789
0.812
0.844
0.868
0.824
0.752
0.815
0.828
0.845
0.854
0.880
0.827
0.831
0.837
0.861
0.884
0.775
0.812
0.805
0.798
0.792
0.787
0.770
0.738
0.735
0.807
0.818
0.774
0.760
0.766
0.741
0.779
0.699
0.725
0.723
0.720
0.715
0.746
0.736
0.702
0.708
0.744
0.755
0.755
0.732
0.733
0.745
0.772
0.803
0.760
0.698
0.765
0.772
0.800
0.859
0.771
0.747
0.754
0.794
0.732
0.761
0.795
0.812
0.864
0.839
0.824
0.793
0.823
0.744
0.759
0.807
0.865
0.911
0.849
0.808
0.768
0.819
0.852
0.833
0.855
0.825
0.843
0.883
0.828
0.786
0.846
0.818
0.793
0.799
0.762
0.808
0.813
0.731
0.738
0.744
0.752
0.817
0.764
0.794
0.861
0.855
0.798
0.801
0.834
0.848
0.874
0.869
0.784
0.849
0.919
0.840
0.898
0.853
0.951
0.966
0.921
0.975
0.907
0.885
0.866
0.891
0.833
0.872
0.866
0.916
0.911
0.881
0.837
0.901
0.963
0.934
0.979
0.982
0.973
0.888
0.881
0.895
0.847
0.837
0.941
0.935
0.882
0.967
0.921
0.935
0.955
0.975
0.922
0.886
0.908
0.898
0.888
0.948
0.976
0.884
0.906
0.837
0.815
0.861
0.861
0.879
0.941
0.946
0.962
0.929
0.847
0.886
0.944
0.931
0.899
0.806
0.896
0.929
0.912
0.852
0.832
0.867
0.943
0.893
0.903
0.934
0.892
0.952
0.974
0.881
0.862
0.834
0.850
0.782
0.790
0.804
0.880
0.947
0.980
0.894
0.969
0.957
0.970
0.923
0.973
0.953
0.879
0.925
0.904
0.872
0.864
0.837
0.902
0.884
0.841
0.927
0.852
0.676
0.674
0.763
0.803
0.798
0.851
0.861
0.957
0.921
0.862
0.846
0.846
0.794
0.778
0.846
0.902
0.891
0.924
0.919
0.931
0.915
0.885
0.876
0.842
0.817
0.952
0.956
0.980
0.986
0.942
0.978
0.979
0.981
0.982
0.974
0.967
0.905
0.920
0.959
0.937
0.872
0.895
0.907
0.894
0.912
0.946
0.956
0.915
0.959
0.931
0.869
0.827
0.842
0.833
0.929
0.963
0.980
0.988
0.967
0.916
0.920
0.865
0.861
0.867
0.922
0.954
0.982
0.969
0.974
0.936
0.957
0.901
0.908
0.908
0.880
0.913
0.975
0.970
0.962
0.921
0.892
0.918
0.911
0.890
0.813
0.745
0.787
0.845
0.968
0.947
0.952
0.908
0.772
0.817
0.825
0.860
0.848
0.784
0.847
0.929
0.965
0.978
0.935
0.904
0.902
0.885
0.842
0.900
0.836
0.899
0.833
0.776
0.791
0.820
0.847
0.835
0.875
0.891
0.924
0.861
0.861
0.834
0.901
0.853
0.916
0.828
0.897
0.934
0.883
0.902
0.917
0.871
0.823
0.804
0.762
0.748
0.866
0.832
0.844
0.849
0.825
0.816
0.812
0.785
0.774
0.755
0.775
0.773
0.787
0.796
0.824
0.866
0.790
0.820
0.797
0.804
0.761
0.719
0.713
0.738
0.708
0.703
0.684
0.667
0.712
0.725
0.750
0.743
0.786
0.769
0.748
0.748
0.734
0.820
0.825
0.779
0.719
0.712
0.716
0.695
0.707
0.667
0.767
0.749
0.703
0.705
0.724
0.700
0.738
0.776
0.818
0.785
0.751
0.735
0.734
0.764
0.693
0.705
0.680
0.739
0.799
0.761
0.716
0.723
0.697
0.745
0.737
0.733
0.784
0.793
0.767
0.722
0.662
0.784
0.776
0.726
0.732
0.726
0.750
0.781
0.786
0.741
0.767
0.748
0.798
0.776
0.750
0.757
0.750
0.757
0.756
0.739
0.804
0.770
0.822
0.786
0.833
0.804
0.778
0.767
0.805
0.785
0.766
0.762
0.718
0.731
0.736
0.727
0.765
0.854
0.839
0.848
0.904
0.925
0.863
0.890
0.845
0.874
0.834
0.820
0.921
0.875
0.956
0.943
0.867
0.947
0.873
0.925
0.927
0.889
0.885
0.893
0.932
0.913
0.967
0.926
0.939
0.918
0.985
0.926
0.910
0.897
0.896
0.927
0.903
0.946
0.974
0.948
0.970
0.962
0.944
0.979
0.916
0.906
0.939
0.904
0.949
0.949
0.843
0.808
0.811
0.859
0.868
0.832
0.856
0.860
0.854
0.867
0.833
0.830
0.828
0.832
0.961
0.975
0.834
0.796
0.807
0.794
0.867
0.936
0.896
0.889
0.909
0.878
0.969
0.940
0.969
0.911
0.926
0.881
0.861
0.883
0.896
0.908
0.922
0.990
0.969
0.955
0.924
0.916
0.924
0.903
0.919
0.959
0.968
0.904
0.901
0.909
0.948
0.935
0.892
0.923
0.915
0.912
0.904
0.878
0.886
0.911
0.898
0.906
0.910
0.891
0.877
0.885
0.873
0.888
0.918
0.888
0.889
0.892
0.877
0.892
0.905
0.908
0.898
0.915
0.927
0.922
0.893
0.859
0.858
0.921
0.917
0.900
0.935
0.976
0.974
0.943
0.920
0.877
0.877
0.882
0.888
0.920
0.895
0.905
0.893
0.874
0.885
0.893
0.868
0.896
0.846
0.875
0.879
0.852
0.854
0.905
0.898
0.906
0.898
0.916
0.915
0.879
0.932
0.913
0.947
0.877
0.835
0.813
0.841
0.848
0.851
0.926
0.830
0.727
0.816
0.790
0.813
0.870
0.876
0.868
0.909
0.939
0.872
0.846
0.855
0.861
0.819
0.894
0.913
0.828
0.852
0.922
0.912
0.939
0.923
0.913
0.858
0.970
0.853
0.856
0.868
0.851
0.870
0.814
0.819
0.880
0.823
0.856
0.881
0.910
0.861
0.862
0.965
0.971
0.930
0.873
0.920
0.844
0.825
0.823
0.833
0.818
0.835
0.780
0.784
0.800
0.823
0.834
0.871
0.895
0.848
0.969
0.973
0.941
0.975
0.964
0.967
0.925
0.846
0.848
0.876
0.848
0.942
0.851
0.846
0.798
0.845
0.818
0.812
0.781
0.764
0.710
0.801
0.882
0.839
0.760
0.864
0.862
0.864
0.854
0.852
0.865
0.813
0.793
0.740
0.720
0.765
0.789
0.782
0.707
0.765
0.767
0.799
0.792
0.796
0.778
0.801
0.782
0.726
0.721
0.842
0.782
0.827
0.824
0.862
0.829
0.740
0.736
0.758
0.755
0.832
0.817
0.779
0.785
0.787
0.744
0.738
0.756
0.791
0.710
0.614
0.673
0.700
0.741
0.787
0.792
0.810
0.804
0.761
0.753
0.730
0.768
0.777
0.752
0.745
0.748
0.746
0.733
0.752
0.746
0.699
0.725
0.721
0.713
0.725
0.804
0.785
0.790
0.780
0.743
0.747
0.717
0.731
0.749
0.763
0.777
0.777
0.709
0.709
0.761
0.713
0.718
0.746
0.784
0.710
0.748
0.754
0.765
0.747
0.680
0.772
0.799
0.777
0.809
0.757
0.741
0.769
0.741
0.739
0.776
0.741
0.721
0.790
0.717
0.719
0.725
0.731
0.721
0.689
0.752
0.789
0.862
0.835
0.813
0.822
0.860
0.863
0.833
0.850
0.847
0.896
0.962
0.938
0.989
0.966
0.961
0.901
0.942
0.977
0.988
0.950
0.921
0.929
0.980
0.880
0.921
0.906
0.928
0.984
0.916
0.928
0.890
0.927
0.905
0.904
0.910
0.908
0.909
0.908
0.981
0.970
0.948
0.958
0.938
0.957
0.926
0.794
0.748
0.811
0.809
0.799
0.822
0.904
0.950
0.816
0.818
0.904
0.876
0.897
0.905
0.825
0.864
0.925
0.972
0.964
0.990
0.935
0.965
0.909
0.950
0.943
0.907
0.907
0.923
0.904
0.942
0.935
0.950
0.959
0.914
0.905
0.904
0.908
0.921
0.944
0.943
0.930
0.937
0.934
0.960
0.982
0.969
0.979
0.975
0.989
0.986
0.979
0.970
0.982
0.986
0.976
0.987
0.955
0.969
0.951
0.956
0.923
0.917
0.954
0.971
0.991
0.980
0.958
0.958
0.987
0.943
0.963
0.940
0.974
0.960
0.935
0.970
0.940
0.956
0.979
0.964
0.955
0.946
0.934
0.948
0.930
0.937
0.915
0.955
0.910
0.978
0.960
0.978
0.939
0.946
0.953
0.935
0.954
0.922
0.932
0.955
0.967
0.909
0.963
0.941
0.958
0.945
0.902
0.866
0.888
0.901
0.961
0.919
0.923
0.918
0.867
0.874
0.816
0.848
0.953
0.944
0.959
0.971
0.951
0.837
0.806
0.945
0.957
0.947
0.920
0.923
0.944
0.957
0.976
0.961
0.966
0.921
0.888
0.847
0.846
0.843
0.897
0.927
0.873
0.887
0.847
0.889
0.832
0.851
0.900
0.893
0.959
0.940
0.830
0.731
0.824
0.888
0.941
0.928
0.899
0.951
0.890
0.921
0.892
0.871
0.972
0.947
0.897
0.857
0.744
0.709
0.766
0.798
0.864
0.858
0.876
0.938
0.958
0.934
0.948
0.942
0.921
0.944
0.798
0.797
0.885
0.845
0.794
0.864
0.969
0.906
0.909
0.925
0.884
0.824
0.843
0.827
0.811
0.853
0.933
0.848
0.816
0.810
0.867
0.893
0.808
0.779
0.840
0.758
0.744
0.747
0.813
0.751
0.748
0.795
0.811
0.767
0.741
0.786
0.804
0.796
0.820
0.883
0.819
0.771
0.811
0.841
0.915
0.806
0.830
0.803
0.842
0.776
0.761
0.778
0.841
0.801
0.774
0.769
0.748
0.811
0.785
0.790
0.772
0.778
0.825
0.796
0.746
0.797
0.752
0.743
0.786
0.759
0.766
0.760
0.714
0.742
0.786
0.791
0.757
0.801
0.817
0.761
0.734
0.749
0.753
0.779
0.757
0.785
0.779
0.774
0.780
0.768
0.817
0.812
0.826
0.770
0.823
0.839
0.799
0.783
0.784
0.781
0.773
0.774
0.799
0.759
0.726
0.764
0.760
0.756
0.744
0.728
0.726
0.772
0.850
0.768
0.798
0.798
0.720
0.799
0.830
0.826
0.838
0.894
0.787
0.835
0.896
0.972
0.816
0.806
0.916
0.895
0.914
0.742
0.840
0.824
0.801
0.791
0.840
0.855
0.851
0.892
0.833
0.868
0.915
0.976
0.907
0.897
0.877
0.901
0.901
0.967
0.884
0.947
0.921
0.940
0.951
0.878
0.923
0.933
0.957
0.983
0.976
0.983
0.971
0.987
0.990
0.989
0.962
0.977
0.905
0.941
0.958
0.955
0.987
0.986
0.980
0.902
0.947
0.968
0.972
0.984
0.967
0.904
0.849
0.840
0.882
0.879
0.846
0.834
0.914
0.926
0.868
0.812
0.807
0.911
0.875
0.873
0.864
0.843
0.851
0.829
0.853
0.867
0.854
0.885
0.938
0.943
0.883
0.955
0.951
0.920
0.884
0.906
0.898
0.964
0.982
0.956
0.915
0.927
0.922
0.933
0.932
0.891
0.915
0.910
0.919
0.891
0.879
0.883
0.893
0.907
0.925
0.930
0.964
0.971
0.943
0.965
0.948
0.939
0.949
0.971
0.978
0.958
0.977
0.950
0.937
0.949
0.964
0.913
0.950
0.990
0.944
0.925
0.893
0.906
0.882
0.879
0.875
0.888
0.950
0.865
0.848
0.837
0.833
0.818
0.765
0.804
0.832
0.829
0.826
0.818
0.816
0.805
0.804
0.782
0.799
0.779
0.780
0.794
0.791
0.794
0.769
0.790
0.866
0.871
0.828
0.781
0.790
0.822
0.787
0.822
0.796
0.813
0.803
0.802
0.768
0.763
0.821
0.902
0.970
0.961
0.827
0.910
0.932
0.719
0.784
0.923
0.969
0.878
0.939
0.805
0.796
0.724
0.776
0.825
0.930
0.834
0.898
0.936
0.933
0.962
0.863
0.931
0.943
0.868
0.883
0.853
0.883
0.886
0.866
0.750
0.737
0.748
0.820
0.815
0.747
0.716
0.764
0.756
0.805
0.907
0.917
0.970
0.909
0.949
0.975
0.901
0.871
0.862
0.951
0.939
0.801
0.794
0.899
0.907
0.783
0.868
0.848
0.969
0.965
0.915
0.962
0.964
0.869
0.966
0.977
0.939
0.921
0.748
0.851
0.841
0.789
0.832
0.846
0.811
0.812
0.771
0.808
0.785
0.839
0.869
0.916
0.863
0.852
0.866
0.841
0.821
0.824
0.719
0.627
0.714
0.701
0.713
0.732
0.734
0.696
0.704
0.691
0.709
0.698
0.686
0.710
0.672
0.705
0.738
0.735
0.710
0.690
0.716
0.720
0.667
0.635
0.694
0.758
0.679
0.662
0.717
0.810
0.808
0.772
0.710
0.706
0.778
0.751
0.774
0.772
0.767
0.753
0.748
0.762
0.749
0.755
0.839
0.866
0.813
0.842
0.820
0.777
0.780
0.784
0.805
0.769
0.784
0.744
0.770
0.787
0.813
0.827
0.792
0.884
0.783
0.744
0.795
0.827
0.811
0.787
0.786
0.783
0.793
0.779
0.817
0.791
0.765
0.796
0.796
0.841
0.897
0.870
0.820
0.791
0.782
0.786
0.756
0.727
0.738
0.796
0.788
0.806
0.825
0.814
0.897
0.871
0.876
0.832
0.867
0.790
0.793
0.769
0.700
0.703
0.736
0.740
0.831
0.798
0.860
0.830
0.858
0.836
0.862
0.850
0.732
0.776
0.870
0.871
0.838
0.802
0.814
0.815
0.807
0.798
0.848
0.867
0.759
0.762
0.735
0.761
0.798
0.800
0.856
0.874
0.946
0.890
0.962
0.887
0.858
0.943
0.974
0.852
0.950
0.966
0.871
0.976
0.903
0.719
0.735
0.783
0.929
0.974
0.843
0.865
0.836
0.838
0.867
0.865
0.879
0.881
0.967
0.832
0.805
0.848
0.818
0.832
0.808
0.852
0.922
0.835
0.887
0.961
0.900
0.792
0.776
0.822
0.969
0.972
0.916
0.881
0.926
0.931
0.883
0.960
0.876
0.848
0.854
0.845
0.873
0.841
0.846
0.814
0.755
0.768
0.741
0.765
0.730
0.775
0.804
0.773
0.760
0.823
0.819
0.820
0.895
0.964
0.892
0.733
0.795
0.790
0.846
0.849
0.862
0.814
0.850
0.848
0.846
0.737
0.801
0.848
0.815
0.828
0.852
0.819
0.960
0.864
0.803
0.797
0.823
0.808
0.798
0.821
0.805
0.814
0.838
0.873
0.787
0.822
0.959
0.877
0.865
0.986
0.963
0.849
0.888
0.713
0.789
0.821
0.828
0.811
0.875
0.936
0.917
0.901
0.902
0.884
0.980
0.942
0.969
0.977
0.933
0.898
0.908
0.974
0.949
0.983
0.961
0.913
0.943
0.960
0.914
0.850
0.818
0.822
0.894
0.850
0.875
0.906
0.921
0.888
0.903
0.881
0.926
0.853
0.789
0.738
0.706
0.765
0.827
0.759
0.722
0.729
0.775
0.827
0.804
0.790
0.839
0.834
0.894
0.895
0.950
0.916
0.956
0.944
0.976
0.948
0.961
0.904
0.824
0.832
0.807
0.825
0.825
0.894
0.893
0.906
0.917
0.959
0.951
0.906
0.943
0.803
0.819
0.822
0.902
0.882
0.859
0.878
0.802
0.843
0.873
0.833
0.878
0.828
0.843
0.755
0.803
0.838
0.872
0.925
0.845
0.849
0.791
0.818
0.740
0.708
0.880
0.858
0.790
0.792
0.868
0.829
0.783
0.848
0.900
0.931
0.971
-99.000
0.978
0.921
0.861
0.828
0.853
0.822
0.803
0.837
0.866
0.872
0.827
0.879
0.752
0.751
0.804
0.761
0.826
0.828
0.771
0.701
0.707
0.799
0.804
0.754
0.729
0.786
0.729
0.751
0.785
0.760
0.759
0.695
0.763
0.798
0.796
0.788
0.725
0.709
0.705
0.691
0.758
0.758
0.726
0.687
0.720
0.737
0.729
0.767
0.765
0.730
0.748
0.718
0.683
0.708
0.673
0.657
0.654
0.698
0.735
0.733
0.710
0.712
0.748
0.792
0.813
0.805
0.763
0.696
0.713
0.734
0.737
0.741
0.709
0.760
0.781
0.824
0.698
0.771
0.746
0.771
0.717
0.720
0.754
0.699
0.766
0.750
0.763
0.717
0.687
0.740
0.729
0.775
0.787
0.802
0.823
0.749
0.737
0.747
0.726
0.753
0.773
0.748
0.730
0.774
0.755
0.832
0.789
0.765
0.690
0.700
0.746
0.791
0.801
0.852
0.778
0.832
0.908
0.832
0.852
0.832
0.867
0.804
0.824
0.950
0.850
0.871
0.874
0.877
0.833
0.834
0.813
0.842
0.903
0.974
0.967
0.930
0.973
0.906
0.945
0.923
0.839
0.921
0.860
0.849
0.818
0.873
0.803
0.946
0.884
0.864
0.904
0.973
0.875
0.855
0.900
0.804
0.827
0.852
0.760
0.719
0.813
0.866
0.947
0.889
0.803
0.855
0.901
0.903
0.830
0.796
0.802
0.845
0.905
0.852
0.914
0.923
0.948
0.928
0.894
0.906
0.879
0.832
0.882
0.830
0.802
0.919
0.873
0.804
0.806
0.837
0.848
0.856
0.801
0.761
0.752
0.746
0.771
0.845
0.897
0.874
0.828
0.763
0.707
0.695
0.747
0.792
0.782
-99.000
-99.000
-99.000
-99.000
-99.000
-99.000
-99.000
-99.000
0.809
0.753
0.757
0.759
0.797
0.860
0.891
0.808
0.785
0.803
0.764
0.790
0.758
0.763
0.714
0.744
0.730
0.822
0.834
0.826
0.815
0.845
0.915
0.925
0.806
0.790
0.833
0.812
0.787
0.755
0.834
0.819
0.786
0.779
0.791
0.786
0.800
0.776
0.800
0.833
0.824
0.823
0.880
0.908
0.845
0.817
0.847
0.824
0.803
0.806
0.817
0.791
0.812
0.786
0.797
0.796
0.782
0.787
0.814
0.810
0.817
0.812
0.872
0.930
0.776
0.952
0.970
0.968
0.955
0.970
0.835
0.968
0.945
0.837
0.805
0.809
0.813
0.816
0.789
0.823
0.819
0.840
0.858
0.872
0.855
0.917
0.917
0.877
0.933
0.959
0.966
0.917
0.950
0.923
0.904
0.838
0.864
0.787
0.843
0.772
0.693
0.701
0.709
0.777
0.813
0.842
0.805
0.785
0.808
0.826
0.811
0.800
0.812
0.869
0.790
0.842
0.937
0.897
0.900
0.793
0.963
0.922
0.971
0.952
0.954
0.931
0.923
0.940
0.843
0.813
0.791
0.845
0.780
0.807
0.784
0.856
0.780
0.738
0.795
0.856
0.874
0.883
0.974
0.923
0.950
0.855
0.880
0.787
0.760
0.743
0.760
0.772
0.814
0.818
0.941
0.928
0.898
0.931
0.831
0.744
0.738
0.761
0.795
0.807
0.812
0.785
0.740
0.748
0.765
0.753
0.812
0.749
0.753
0.778
0.799
0.812
0.742
0.728
0.742
0.768
0.787
0.820
0.756
0.770
0.759
0.738
0.753
0.767
0.763
0.749
0.776
0.785
0.782
0.815
0.761
0.813
0.804
0.907
0.802
0.777
0.757
0.773
0.780
0.766
0.744
0.809
0.808
0.837
0.951
0.771
0.790
0.777
0.855
0.842
0.792
0.772
0.786
0.771
0.764
0.762
0.768
0.748
0.767
0.818
0.789
0.740
0.736
0.726
0.739
0.778
0.748
0.734
0.759
0.735
0.736
0.752
0.724
0.726
0.729
0.734
0.743
0.746
0.781
0.756
0.744
0.802
0.792
0.835
0.791
0.774
0.747
0.720
0.769
0.698
0.665
0.799
0.842
0.835
0.754
0.731
0.717
0.707
0.800
0.835
0.792
0.871
0.858
0.863
0.809
0.899
0.771
0.845
0.939
0.834
0.888
0.877
0.908
0.954
0.843
0.857
0.821
0.934
0.875
0.915
0.906
0.954
0.973
0.809
0.841
0.972
0.955
0.908
0.925
0.816
0.824
0.803
0.860
0.905
0.857
0.908
0.893
0.965
0.939
0.931
0.916
0.944
0.906
0.947
0.859
0.849
0.865
0.759
0.765
0.764
0.817
0.844
0.846
0.829
0.898
0.808
0.902
0.861
0.937
0.950
0.956
0.975
0.787
0.871
0.939
0.963
0.942
0.926
0.912
0.905
0.901
0.894
0.887
0.955
0.920
0.909
0.939
0.866
0.880
0.885
0.847
0.893
0.813
0.828
0.801
0.823
0.799
0.754
0.704
0.703
0.702
0.684
0.656
0.573
0.612
0.651
0.702
0.781
0.750
0.736
0.688
0.743
0.757
0.759
0.756
0.708
0.778
0.743
0.725
0.723
0.778
0.783
0.809
0.752
0.763
0.845
0.836
0.801
0.793
0.773
0.764
0.809
0.839
0.830
0.755
0.712
0.684
0.666
0.714
0.719
0.761
0.753
0.736
0.734
0.794
0.933
0.819
0.758
0.817
0.767
0.834
0.894
0.959
0.950
0.969
0.858
0.847
0.830
0.781
0.794
0.821
0.739
0.784
0.835
0.788
0.882
0.928
0.962
0.971
0.960
0.841
0.852
0.851
0.752
0.649
0.705
0.813
0.751
0.805
0.944
0.962
0.942
0.941
0.967
0.903
0.843
0.834
0.796
0.655
0.628
0.680
0.613
0.708
0.693
0.690
0.611
0.618
0.774
0.712
0.745
0.798
0.744
0.793
0.805
0.792
0.956
0.830
0.869
0.915
0.852
0.836
0.879
0.961
0.922
0.904
0.949
0.957
0.940
0.935
0.852
0.897
0.951
0.874
0.956
0.938
0.886
0.900
0.897
0.894
0.860
0.854
0.961
0.843
0.934
0.874
0.846
0.852
0.841
0.812
0.811
0.798
0.817
0.830
0.812
0.888
0.964
0.795
0.849
0.853
0.856
0.839
0.855
0.885
0.853
0.777
0.872
0.844
0.914
0.872
0.848
0.930
0.887
0.873
0.834
0.896
0.891
0.861
0.811
0.795
0.764
0.794
0.787
0.851
0.829
0.847
0.803
0.863
0.797
0.816
0.955
0.889
0.832
0.917
0.900
0.888
0.875
0.902
0.956
0.864
0.841
0.801
0.856
0.858
0.805
0.847
0.901
0.881
0.842
0.815
0.805
0.807
0.830
0.792
0.803
0.745
0.695
0.701
0.769
0.736
0.739
0.763
0.739
0.740
0.732
0.756
0.760
0.775
0.801
0.759
0.750
0.745
0.786
0.812
0.803
0.777
0.814
0.767
0.808
0.806
0.794
0.800
0.802
0.864
0.820
0.796
0.785
0.735
0.770
0.799
0.860
0.846
0.849
0.817
0.831
0.869
0.866
0.804
0.899
0.833
0.819
0.824
0.751
0.806
0.859
0.975
0.838
0.857
0.861
0.883
0.821
0.851
0.862
0.845
0.912
0.951
0.910
0.930
0.882
0.888
0.898
0.790
0.837
0.885
0.921
0.850
0.787
0.824
0.911
0.882
0.799
0.791
0.742
0.733
0.795
0.887
0.977
0.890
0.882
0.860
0.867
0.761
0.798
0.790
0.760
0.726
0.788
0.881
0.919
0.909
0.845
0.887
0.786
0.856
0.822
0.826
0.903
0.876
0.795
0.868
0.920
0.973
0.939
0.853
0.881
0.905
0.972
0.822
0.860
0.841
0.799
0.905
0.970
0.882
0.906
0.970
0.862
0.887
0.866
0.874
0.870
0.907
0.954
0.936
0.887
0.909
0.972
0.975
0.971
0.948
0.972
0.969
0.921
0.900
0.876
0.918
0.909
0.964
0.938
0.932
0.949
0.949
0.930
0.916
0.936
0.936
0.921
0.928
0.825
0.891
0.912
0.845
0.805
0.848
0.974
0.845
0.780
0.722
0.760
0.872
0.811
0.844
0.802
0.816
0.825
0.860
0.848
0.935
0.913
0.833
0.808
0.824
0.874
0.881
0.845
0.855
0.838
0.858
0.745
0.768
0.816
0.845
0.776
0.782
0.786
0.797
0.808
0.808
0.816
0.797
0.768
0.731
0.735
0.803
0.850
0.875
0.856
0.803
0.828
0.841
0.920
0.911
0.947
0.858
0.757
0.809
0.869
0.825
0.782
0.721
0.724
0.742
0.756
0.797
0.784
0.730
0.724
0.765
0.847
0.790
0.895
0.948
0.916
0.905
0.882
0.839
0.794
0.732
0.725
0.791
0.855
0.892
0.962
0.952
0.945
0.902
0.937
0.952
0.840
0.892
0.889
0.923
0.931
0.943
0.921
0.962
0.965
0.959
0.975
0.868
0.930
0.959
0.913
0.867
0.886
0.972
0.921
0.865
0.936
0.941
0.966
0.826
0.832
0.748
0.749
0.818
0.826
0.789
0.754
0.773
0.772
0.845
0.840
0.829
0.854
0.798
0.809
0.782
0.805
0.870
0.787
0.801
0.829
0.848
0.845
0.966
0.875
0.938
0.944
0.932
0.918
0.942
0.905
0.905
0.816
0.950
0.815
0.898
0.956
0.951
0.871
0.900
0.787
0.769
0.681
0.715
0.771
0.706
0.703
0.775
0.845
0.829
0.839
0.870
0.884
0.859
0.828
0.826
0.783
0.761
0.856
0.852
0.835
0.894
0.848
0.758
0.824
0.817
0.848
0.798
0.838
0.816
0.782
0.776
0.671
0.707
0.804
0.783
0.752
0.808
0.793
0.822
0.792
0.842
0.807
0.754
0.801
0.734
0.721
0.730
0.757
0.770
0.745
0.795
0.752
0.757
0.755
0.775
0.751
0.731
0.712
0.678
0.686
0.627
0.657
0.614
0.697
0.724
0.791
0.826
0.809
0.830
0.891
0.895
0.843
0.785
0.863
0.798
0.795
0.796
0.813
0.751
0.719
0.717
0.683
0.835
0.744
0.799
0.776
0.765
0.806
0.797
0.742
0.787
0.811
0.845
0.782
0.778
0.815
0.841
0.793
0.764
0.785
0.812
0.749
0.768
0.823
0.776
0.854
0.853
0.845
0.765
0.765
0.821
0.858
0.885
0.945
0.822
0.806
0.808
0.814
0.789
0.813
0.794
0.776
0.717
0.745
0.759
0.809
0.781
0.811
0.781
0.802
0.869
0.748
0.761
0.852
0.887
0.932
0.954
0.804
0.782
0.784
0.882
0.940
0.866
0.753
0.744
0.851
0.852
0.853
0.839
0.893
0.867
0.785
0.782
0.859
0.885
0.851
0.775
0.792
0.816
0.819
0.855
0.871
0.869
0.920
0.903
0.883
0.853
0.912
0.829
0.836
0.960
0.951
0.975
0.904
0.883
0.892
0.862
0.858
0.968
0.725
0.786
0.958
0.849
0.791
0.948
0.860
0.822
0.805
0.822
0.918
0.836
0.821
0.799
0.866
0.841
0.838
0.805
0.829
0.896
0.971
0.938
0.969
0.943
0.940
0.889
0.804
0.762
0.820
0.878
0.850
0.860
0.853
0.860
0.786
0.760
0.788
0.800
0.802
0.734
0.757
0.784
0.845
0.896
0.890
0.981
0.962
0.972
0.960
0.935
0.747
0.849
0.860
0.812
0.823
0.858
0.937
0.937
0.945
0.875
0.830
0.842
0.826
0.850
0.828
0.837
0.770
0.715
0.711
0.759
0.763
0.767
0.750
0.690
0.701
0.698
0.809
0.710
0.706
0.754
0.735
0.703
0.686
0.742
0.767
0.739
0.954
0.920
0.898
0.823
0.819
0.864
0.950
0.965
0.885
0.874
0.947
0.816
0.833
0.936
0.930
0.960
0.854
0.846
0.942
0.967
0.938
0.897
0.912
0.962
0.870
0.783
0.827
0.837
0.916
0.775
0.770
0.675
0.677
0.747
0.717
0.619
0.710
0.775
0.756
0.699
0.762
0.760
0.763
0.753
0.737
0.771
0.878
0.899
0.916
0.963
0.944
0.911
0.838
0.921
0.944
0.947
0.908
0.935
0.953
0.907
0.876
0.841
0.745
0.690
0.616
0.746
0.812
0.829
0.862
0.862
0.963
0.930
0.967
0.953
0.932
0.923
0.932
0.966
0.831
0.853
0.888
0.918
0.931
0.896
0.941
0.968
0.926
0.918
0.933
0.905
0.973
0.901
0.857
0.791
0.864
0.913
0.857
0.847
0.849
0.773
0.755
0.795
0.752
0.735
0.854
0.822
0.819
0.814
0.795
0.744
0.846
0.746
0.775
0.833
0.823
0.783
0.768
0.753
0.795
0.791
0.797
0.763
0.720
0.789
0.803
0.810
0.845
0.864
0.846
0.876
0.869
0.847
0.803
0.753
0.759
0.700
0.682
0.745
0.805
0.786
0.749
0.760
0.790
0.750
0.781
0.747
0.725
0.777
0.752
0.751
0.814
0.869
0.800
0.780
0.824
0.832
0.836
0.784
0.821
0.800
0.775
0.765
0.771
0.830
0.779
0.725
0.725
0.804
0.795
0.772
0.724
0.747
0.822
0.670
0.692
0.743
0.664
0.680
0.742
0.795
0.734
0.724
0.752
0.728
0.720
0.763
0.701
0.711
0.757
0.782
0.783
0.807
0.726
0.710
0.735
0.669
0.630
0.623
0.564
0.575
0.699
0.771
0.817
0.872
0.841
0.789
0.770
0.831
0.831
0.808
0.814
0.766
0.710
0.752
0.792
0.786
0.814
0.784
0.785
0.794
0.798
0.790
0.771
0.757
0.738
0.729
0.763
0.817
0.771
0.832
0.919
0.778
0.775
0.817
0.818
0.810
0.780
0.780
0.786
0.874
0.871
0.886
0.957
0.810
0.839
0.755
0.801
0.958
0.905
0.890
0.851
0.849
0.880
0.927
0.958
0.873
0.836
0.940
0.851
0.945
0.837
0.883
0.803
0.803
0.828
0.856
0.965
0.911
0.947
0.921
0.970
0.887
0.942
0.914
0.917
0.819
0.805
0.774
0.762
0.787
0.823
0.756
0.787
0.790
0.794
0.810
0.810
0.768
0.816
0.850
0.842
0.974
0.873
0.816
0.833
0.770
0.888
0.964
0.843
0.902
0.962
0.963
0.976
0.927
0.912
0.846
0.956
0.946
0.913
0.917
0.823
0.811
0.752
0.701
0.685
0.718
0.708
0.711
0.721
0.700
0.741
0.731
0.772
0.806
0.799
0.780
0.821
0.830
0.829
0.919
0.981
0.891
0.856
0.901
0.807
0.836
0.843
0.822
0.777
0.789
0.859
0.959
0.977
0.947
0.902
0.965
0.835
0.837
0.946
0.837
0.799
0.800
0.738
0.571
0.642
0.647
0.645
0.683
0.702
0.683
0.713
0.770
0.824
0.972
0.846
0.777
0.733
0.656
0.747
0.793
0.791
0.812
0.809
0.806
0.816
0.767
0.794
0.847
0.831
0.912
0.968
0.869
0.671
0.651
0.633
0.640
0.709
0.708
0.687
0.781
0.862
0.956
0.944
0.919
0.933
0.958
0.885
0.895
0.902
0.826
0.891
0.871
0.841
0.893
0.894
0.879
0.773
0.795
0.749
0.647
0.681
0.797
0.953
0.895
0.907
0.975
0.980
0.884
0.975
0.960
0.968
0.974
0.819
0.775
0.732
0.747
0.854
0.860
0.812
0.883
0.917
0.913
0.966
0.966
0.890
0.962
0.929
0.946
0.954
0.829
0.864
0.836
0.817
0.783
0.724
0.805
0.860
0.839
0.824
0.829
0.839
0.923
0.829
0.826
0.803
0.822
0.815
0.787
0.789
0.864
0.861
0.851
0.846
0.844
0.830
0.825
0.867
0.975
0.973
0.870
0.959
0.966
0.917
0.903
0.937
0.786
0.793
0.788
0.801
0.792
0.866
0.875
0.842
0.867
0.831
0.828
0.862
0.821
0.799
0.817
0.753
0.738
0.782
0.801
0.903
0.811
0.826
0.909
0.849
0.806
0.792
0.785
0.820
0.811
0.805
0.854
0.814
0.775
0.854
0.840
0.832
0.819
0.790
0.785
0.826
0.864
0.811
0.832
0.823
0.791
0.789
0.789
0.781
0.751
0.767
0.719
0.723
0.735
0.758
0.717
0.685
0.688
0.694
0.717
0.732
0.765
0.774
0.714
0.736
0.809
0.815
0.871
0.880
0.747
0.666
0.684
0.773
0.763
0.810
0.792
0.788
0.744
0.702
0.731
0.726
0.641
0.641
0.649
0.700
0.795
0.765
0.798
0.770
0.765
0.730
0.678
0.668
0.698
0.734
0.698
0.708
0.701
0.724
0.664
0.653
0.672
0.765
0.754
0.749
0.773
0.703
0.705
0.682
0.635
0.670
0.715
0.730
0.816
0.859
0.841
0.822
0.790
0.809
0.821
0.805
0.797
0.819
0.783
0.842
0.820
0.755
0.774
0.799
0.783
0.818
0.786
0.708
0.700
0.838
0.923
0.845
0.847
0.820
0.844
0.755
0.785
0.754
0.774
0.759
0.848
0.829
0.755
0.654
0.629
0.689
0.695
0.706
0.801
0.820
0.835
0.809
0.777
0.827
0.796
0.806
0.852
0.801
0.899
0.815
0.799
0.772
0.797
0.839
0.897
0.955
0.846
0.975
0.931
0.920
0.916
0.963
0.884
0.804
0.757
0.810
0.877
0.820
0.853
0.819
0.867
0.779
0.794
0.774
0.743
0.746
0.850
0.812
0.869
0.875
0.780
0.715
0.709
0.753
0.813
0.780
0.764
0.780
0.850
0.975
0.980
0.980
0.952
0.955
0.894
0.827
0.851
0.934
0.849
0.734
0.745
0.758
0.776
0.806
0.738
0.689
0.707
0.769
0.795
0.789
0.761
0.763
0.764
0.724
0.672
0.682
0.693
0.721
0.765
0.927
0.774
0.702
0.648
0.634
0.673
0.685
0.665
0.658
0.670
0.811
0.851
0.797
0.751
0.667
0.743
0.821
0.827
0.847
0.784
0.785
0.800
0.697
0.720
0.669
0.739
0.790
0.878
0.928
0.912
0.962
0.794
0.803
0.796
0.701
0.636
0.680
0.662
0.718
0.803
0.706
0.692
0.598
0.635
0.692
0.676
0.679
0.768
0.679
0.636
0.740
0.764
0.756
0.722
0.711
0.674
0.594
0.624
0.715
0.773
0.840
0.819
0.762
0.701
0.591
0.701
0.809
0.941
0.794
0.764
0.698
0.841
0.882
0.863
0.761
0.719
0.719
0.858
0.907
0.874
0.854
0.912
0.866
0.754
0.745
0.699
0.703
0.771
0.877
0.878
0.892
0.932
0.907
0.971
0.904
0.882
0.911
0.845
0.930
0.842
0.775
0.825
0.856
0.845
0.873
0.843
0.876
0.857
0.829
0.738
0.793
0.959
0.876
0.846
0.908
0.870
0.737
0.672
0.753
0.846
0.789
0.804
0.868
0.852
0.835
0.848
0.799
0.791
0.819
0.895
0.896
0.853
0.798
0.786
0.823
0.932
0.947
0.853
0.795
0.806
0.819
0.863
0.862
0.776
0.760
0.805
0.795
0.773
0.782
0.774
0.814
0.769
0.712
0.676
0.695
0.769
0.824
0.838
0.801
0.721
0.682
0.661
0.677
0.738
0.759
0.802
0.760
0.786
0.741
0.704
0.610
0.647
0.683
0.732
0.753
0.729
0.702
0.742
0.742
0.740
0.757
0.807
0.830
0.762
0.773
0.731
0.603
0.646
0.685
0.715
0.765
0.658
0.642
0.727
0.719
0.738
0.789
0.768
0.743
0.764
0.746
0.720
0.728
0.736
0.682
0.676
0.740
0.753
0.777
0.787
0.773
0.754
0.762
0.833
0.873
0.813
0.833
0.728
0.656
0.650
0.689
0.670
0.744
0.660
0.613
0.712
0.749
0.787
0.792
0.738
0.781
0.729
0.752
0.705
0.747
0.721
0.718
0.783
0.712
0.741
0.741
0.714
0.707
0.763
0.779
0.773
0.805
0.745
0.767
0.730
0.712
0.748
0.874
0.863
0.873
0.800
0.762
0.804
0.790
0.719
0.734
0.753
0.795
0.775
0.715
0.758
0.793
0.795
0.790
0.834
0.807
0.778
0.763
0.666
0.616
0.659
0.711
0.793
0.758
0.804
0.777
0.776
0.818
0.840
0.808
0.734
0.703
0.724
0.794
0.820
0.752
0.743
0.698
0.753
0.813
0.813
0.787
0.854
0.942
0.948
0.888
0.746
0.803
0.932
0.848
0.906
0.853
0.841
0.952
0.936
0.960
0.849
0.833
0.838
0.903
0.894
0.921
0.952
0.881
0.919
0.872
0.887
0.982
0.948
0.893
0.935
0.892
0.922
0.867
0.876
0.875
0.944
0.934
0.922
0.847
0.783
0.769
0.895
0.946
0.841
0.841
0.749
0.777
0.782
0.746
0.705
0.616
0.701
0.681
0.762
0.808
0.858
0.708
0.699
0.644
0.652
0.705
0.738
0.855
0.853
0.917
0.888
0.941
0.821
0.789
0.786
0.788
0.867
0.797
0.926
0.935
0.849
0.824
0.768
0.700
0.712
0.650
0.674
0.678
0.682
0.724
0.737
0.748
0.816
0.808
0.926
0.840
0.848
0.798
0.784
0.779
0.743
0.680
0.710
0.819
0.831
0.853
0.806
0.798
0.772
0.829
0.831
0.937
0.876
0.744
0.623
0.665
0.733
0.843
0.965
0.825
0.813
0.957
0.796
0.843
0.885
0.840
0.861
0.801
0.729
0.791
0.784
0.729
0.722
0.709
0.677
0.693
0.808
0.809
0.950
0.845
0.886
0.929
0.880
0.846
0.870
0.922
0.921
0.930
0.948
0.910
0.894
0.836
0.819
0.872
0.892
0.877
0.910
0.876
0.895
0.960
0.850
0.870
0.834
0.907
0.903
0.906
0.954
0.811
0.933
0.963
0.885
0.901
0.841
0.782
0.770
0.844
0.849
0.845
0.884
0.885
0.859
0.777
0.803
0.771
0.919
0.826
0.952
0.843
0.846
0.808
0.859
0.803
0.890
0.900
0.946
0.884
0.897
0.769
0.830
0.828
0.869
0.839
0.863
0.892
0.839
0.865
0.847
0.954
0.835
0.878
0.919
0.861
0.771
0.775
0.712
0.700
0.716
0.708
0.738
0.702
0.725
0.762
0.750
0.742
0.717
0.766
0.765
0.757
0.791
0.737
0.734
0.754
0.787
0.801
0.841
0.801
0.744
0.742
0.799
0.832
0.780
0.759
0.747
0.775
0.865
0.878
0.771
0.788
0.721
0.671
0.724
0.751
0.789
0.814
0.763
0.743
0.755
0.794
0.773
0.714
0.644
0.700
0.744
0.753
0.752
0.761
0.792
0.757
0.753
0.734
0.740
0.769
0.694
0.713
0.665
0.702
0.653
0.611
0.610
0.642
0.692
0.790
0.801
0.739
0.750
0.715
0.751
0.736
0.718
0.750
0.762
0.786
0.692
0.682
0.672
0.690
0.714
0.756
0.706
0.707
0.834
0.796
0.778
0.752
0.807
0.793
0.769
0.780
0.815
0.867
0.793
0.758
0.743
0.780
0.750
0.756
0.855
0.851
0.860
0.795
0.805
0.828
0.784
0.751
0.718
0.679
0.762
0.809
0.828
0.716
0.697
0.717
0.785
0.957
0.864
0.748
0.723
0.756
0.761
0.704
0.759
0.795
0.815
0.841
0.820
0.822
0.729
0.768
0.821
0.763
0.912
0.938
0.965
0.844
0.801
0.845
0.732
0.811
0.830
0.731
0.722
0.746
0.765
0.793
0.825
0.893
0.866
0.861
0.824
0.815
0.874
0.935
0.836
0.801
0.739
0.889
0.905
0.865
0.913
0.911
0.972
0.925
0.849
0.925
0.916
0.874
0.938
0.827
0.972
0.884
0.959
0.918
0.952
0.973
0.971
0.851
0.889
0.918
0.866
0.863
0.809
0.827
0.755
0.688
0.759
0.828
0.896
0.893
0.852
0.836
0.877
0.940
0.958
0.854
0.844
0.799
0.755
0.779
0.821
0.770
0.836
0.818
0.774
0.751
0.780
0.732
0.664
0.690
0.721
0.808
0.961
0.871
0.767
0.820
0.968
0.896
0.845
0.826
0.722
0.686
0.783
0.904
0.899
0.842
0.924
0.897
0.806
0.880
0.838
0.765
0.730
0.652
0.667
0.700
0.783
0.828
0.848
0.970
0.892
0.884
0.876
0.843
0.828
0.946
0.848
0.808
0.819
0.824
0.779
0.755
0.805
0.857
0.778
0.847
0.787
0.736
0.677
0.682
0.825
0.939
0.961
0.938
0.951
0.963
0.972
0.952
0.839
0.845
0.969
0.907
0.913
0.907
0.859
0.824
0.738
0.743
0.829
0.959
0.951
0.941
0.913
0.958
0.945
0.796
0.838
0.806
0.833
0.861
0.909
0.919
0.777
0.769
0.821
0.938
0.973
0.967
0.968
0.967
0.960
0.884
0.885
0.906
0.943
0.904
0.927
0.959
0.856
0.815
0.881
0.951
0.943
0.804
0.781
0.816
0.900
0.909
0.834
0.814
0.743
0.779
0.796
0.816
0.839
0.961
0.914
0.969
0.941
0.923
0.861
0.834
0.770
0.801
0.803
0.819
0.846
0.828
0.832
0.837
0.844
0.798
0.845
0.806
0.795
0.881
0.904
0.847
0.882
0.841
0.808
0.813
0.875
0.905
0.971
0.843
0.851
0.943
0.812
0.809
0.813
0.791
0.783
0.797
0.845
0.853
0.837
0.784
0.764
0.780
0.797
0.768
0.714
0.791
0.807
0.773
0.788
0.800
0.761
0.806
0.814
0.753
0.738
0.730
0.763
0.793
0.782
0.767
0.816
0.773
0.767
0.779
0.781
0.807
0.768
0.848
0.810
0.760
0.784
0.709
0.640
0.605
0.614
0.655
0.650
0.649
0.745
0.737
0.751
0.791
0.749
0.779
0.776
0.721
0.742
0.709
0.738
0.780
0.722
0.773
0.755
0.795
0.708
0.666
0.728
0.708
0.807
0.827
0.732
0.809
0.727
0.704
0.709
0.716
0.730
0.774
0.797
0.715
0.751
0.829
0.772
0.721
0.721
0.793
0.827
0.774
0.693
0.688
0.715
0.747
0.756
0.756
0.792
0.795
0.802
0.765
0.762
0.769
0.754
0.759
0.785
0.746
0.746
0.791
0.747
0.679
0.629
0.732
0.745
0.697
0.741
0.779
0.793
0.844
0.851
0.970
0.882
0.858
0.824
0.827
0.816
0.889
0.832
0.776
0.797
0.844
0.810
0.799
0.775
0.817
0.919
0.838
0.876
0.762
0.791
0.810
0.853
0.829
0.811
0.976
0.910
0.925
0.869
0.944
0.863
0.919
0.863
0.851
0.860
0.832
0.829
0.759
0.779
0.831
0.776
0.798
0.957
0.928
0.939
0.847
0.834
0.782
0.833
0.878
0.795
0.862
0.839
0.771
0.793
0.822
0.822
0.815
0.907
0.967
0.882
0.830
0.964
0.948
0.979
0.896
0.961
0.808
0.855
0.916
0.873
0.892
0.851
0.865
0.851
0.789
0.718
0.750
0.727
0.743
0.692
0.760
0.797
0.771
0.735
0.656
0.655
0.678
0.722
0.801
0.927
0.900
0.963
0.872
0.905
0.965
0.944
0.780
0.705
0.669
0.743
0.732
0.665
0.721
0.785
0.783
0.701
0.820
0.821
0.790
0.890
0.862
0.880
0.758
0.682
0.691
0.670
0.668
0.686
0.730
0.746
0.782
0.739
0.730
0.670
0.643
0.608
0.669
0.729
0.746
0.827
0.785
0.753
0.743
0.774
0.839
0.850
0.808
0.733
0.786
0.726
0.672
0.668
0.733
0.692
0.606
0.624
0.678
0.681
0.728
0.866
0.971
0.947
0.807
0.882
0.930
0.922
0.902
0.880
0.802
0.774
0.737
0.774
0.789
0.798
0.829
0.948
0.966
0.954
0.938
0.972
0.797
0.751
0.772
0.928
0.814
0.840
0.940
0.965
0.927
0.933
0.964
0.944
0.809
0.857
0.872
0.903
0.940
0.927
0.880
0.851
0.825
0.838
0.779
0.824
0.851
0.906
0.970
0.902
0.930
0.882
0.866
0.936
0.963
0.908
0.871
0.945
0.939
0.952
0.954
0.955
0.913
0.825
0.898
0.867
0.818
0.926
0.916
0.913
0.907
0.895
0.904
0.778
0.809
0.916
0.976
0.919
0.965
0.853
0.769
0.806
0.835
0.866
0.852
0.857
0.905
0.850
0.858
0.875
0.824
0.883
0.817
0.852
0.874
0.902
0.898
0.966
0.832
0.930
0.846
0.829
0.814
0.868
0.830
0.843
0.921
0.959
0.858
0.849
0.796
0.797
0.769
0.781
0.863
0.835
0.880
0.899
0.792
0.836
0.802
0.839
0.820
0.812
0.851
0.837
0.799
0.746
0.754
0.760
0.813
0.847
0.825
0.786
0.778
0.803
0.803
0.820
0.730
0.719
0.733
0.797
0.799
0.775
0.743
0.730
0.806
0.828
0.760
0.793
0.785
0.789
0.867
0.841
0.896
0.830
0.796
0.939
0.893
0.854
0.899
0.813
0.803
0.853
0.802
0.845
0.834
0.843
0.744
0.661
0.709
0.747
0.892
0.923
0.773
0.741
0.729
0.788
0.819
0.831
0.859
0.818
0.786
0.753
0.768
0.836
0.829
0.898
0.833
0.813
0.812
0.763
0.735
0.709
0.685
0.643
0.644
0.697
0.730
0.797
0.785
0.784
0.860
0.780
0.818
0.792
0.849
0.779
0.754
0.856
0.795
0.745
0.783
0.785
0.857
0.865
0.874
0.769
0.786
0.784
0.755
0.807
0.868
0.779
0.851
0.820
0.757
0.682
0.814
0.801
0.866
0.942
0.974
0.939
0.974
0.886
0.972
0.882
0.854
0.852
0.884
0.845
0.884
0.892
0.801
0.792
0.796
0.822
0.858
0.831
0.908
0.790
0.754
0.826
0.818
0.863
0.824
0.960
0.862
0.840
0.811
0.868
0.880
0.905
0.876
0.881
0.964
0.960
0.965
0.784
0.856
0.933
0.886
0.914
0.861
0.950
0.981
0.843
0.928
0.902
0.957
0.875
0.796
0.783
0.801
0.920
0.826
0.848
0.959
0.971
0.914
0.927
0.903
0.793
0.915
0.978
0.897
0.974
0.929
0.944
0.902
0.891
0.860
0.849
0.833
0.832
0.829
0.867
0.878
0.901
0.897
0.856
0.840
0.811
0.847
0.802
0.757
0.789
0.813
0.851
0.808
0.792
0.714
0.799
0.873
0.774
0.691
0.780
0.889
0.859
0.830
0.968
0.979
0.969
0.893
0.931
0.913
0.890
0.959
0.970
0.976
0.827
0.786
0.919
0.918
0.861
0.890
0.962
0.896
0.959
0.936
0.935
0.916
0.939
0.953
0.910
0.881
0.860
0.784
0.802
0.781
0.836
0.871
0.893
0.879
0.965
0.944
0.815
0.964
0.944
0.951
0.793
0.743
0.857
0.900
0.952
0.926
0.925
0.923
0.943
0.974
0.967
0.917
0.970
0.943
0.953
0.942
0.954
0.965
0.959
0.974
0.957
0.944
0.787
0.794
0.830
0.832
0.899
0.823
0.820
0.863
0.857
0.905
0.847
0.888
0.918
0.850
0.817
0.808
0.954
0.908
0.825
0.901
0.906
0.822
0.867
0.937
0.911
0.952
0.934
0.892
0.866
0.839
0.879
0.888
0.906
0.839
0.957
0.834
0.882
0.855
0.888
0.886
0.839
0.799
0.832
0.839
0.816
0.893
0.824
0.871
0.840
0.902
0.796
0.960
0.955
0.835
0.825
0.924
0.832
0.867
0.893
0.942
0.938
0.951
0.890
0.885
0.860
0.823
0.944
0.852
0.872
0.835
0.849
0.790
0.893
0.878
0.853
0.831
0.840
0.898
0.858
0.858
0.800
0.802
0.785
0.784
0.753
0.807
0.799
0.857
0.822
0.880
0.835
0.823
0.894
0.845
0.835
0.789
0.803
0.726
0.782
0.886
0.839
0.850
0.884
0.870
0.838
0.801
0.764
0.818
0.783
0.756
0.775
0.820
0.944
0.861
0.836
0.853
0.834
0.838
0.750
0.769
0.824
0.768
0.687
0.706
0.776
0.703
0.683
0.696
0.759
0.843
0.915
0.818
0.770
0.725
0.817
0.801
0.761
0.766
0.774
0.798
0.773
0.792
0.788
0.776
0.788
0.765
0.765
0.726
0.745
0.718
0.724
0.743
0.791
0.769
0.843
0.745
0.793
0.774
0.801
0.829
0.862
0.893
0.909
0.820
0.779
0.805
0.839
0.889
0.797
0.857
0.824
0.819
0.813
0.834
0.815
0.804
0.760
0.787
0.743
0.772
0.781
0.803
0.774
0.725
0.721
0.792
0.845
0.779
0.727
0.690
0.819
0.818
0.783
0.819
0.845
0.796
0.779
0.724
0.742
0.761
0.808
0.877
0.889
0.899
0.865
0.881
0.890
0.892
0.912
0.862
0.925
0.890
0.890
0.911
0.908
0.956
0.891
0.812
0.854
0.768
0.767
0.805
0.768
0.784
0.929
0.814
0.768
0.808
0.808
0.779
0.795
0.728
0.647
0.671
0.798
0.864
0.964
0.764
0.792
0.803
0.841
0.946
0.936
0.924
0.942
0.810
0.772
0.699
0.747
0.758
0.770
0.808
0.855
0.920
0.869
0.935
0.939
0.910
0.847
0.835
0.868
0.866
0.891
0.903
0.831
0.784
0.858
0.873
0.813
0.786
0.808
0.836
0.827
0.775
0.764
0.742
0.747
0.705
0.756
0.710
0.697
0.719
0.715
0.745
0.754
0.815
0.823
0.842
0.889
0.956
0.974
0.955
0.878
0.756
0.928
0.808
0.816
0.776
0.948
0.900
0.956
0.895
0.781
0.859
0.840
0.869
0.916
0.941
0.848
0.871
0.936
0.951
0.917
0.864
0.894
0.974
0.870
0.869
0.917
0.828
0.966
0.861
0.826
0.914
0.964
0.939
0.957
0.914
0.914
0.860
0.857
0.808
0.840
0.810
0.815
0.820
0.836
0.786
0.683
0.688
0.674
0.697
0.676
0.725
0.719
0.721
0.710
0.724
0.783
0.920
0.855
0.735
0.710
0.585
0.581
0.596
0.657
0.649
0.682
0.663
0.692
0.687
0.747
0.786
0.839
0.921
0.967
0.956
0.928
0.860
0.960
0.849
0.841
0.965
0.950
0.954
0.881
0.859
0.913
0.905
0.812
0.770
0.777
0.766
0.766
0.737
0.689
0.696
0.736
0.740
0.794
0.797
0.788
0.796
0.824
0.804
0.869
0.972
0.918
0.884
0.876
0.924
0.973
0.950
0.946
0.948
0.960
0.779
0.718
0.749
0.776
0.777
0.794
0.773
0.837
0.828
0.741
0.809
0.842
0.790
0.840
0.843
0.796
0.799
0.751
0.768
0.781
0.759
0.763
0.809
0.835
0.814
0.795
0.851
0.889
0.885
0.842
0.867
0.822
0.792
0.846
0.836
0.795
0.925
0.853
0.850
0.902
0.859
0.934
0.850
0.844
0.835
0.873
0.768
0.797
0.801
0.735
0.706
0.772
0.771
0.761
0.727
0.760
0.771
0.829
0.849
0.914
0.751
0.704
0.660
0.763
0.681
0.594
0.632
0.676
0.672
0.690
0.781
0.763
0.663
0.645
0.686
0.698
0.751
0.729
0.735
0.753
0.757
0.733
0.663
0.669
0.621
0.582
0.613
0.682
0.749
0.783
0.844
0.798
0.777
0.766
0.711
0.731
0.678
0.672
0.636
0.662
0.631
0.633
0.612
0.667
0.663
0.700
0.746
0.761
0.693
0.676
0.709
0.751
0.761
0.741
0.649
0.701
0.746
0.755
0.792
0.814
0.780
0.685
0.674
0.663
0.749
0.755
0.784
0.766
0.734
0.810
0.864
0.926
0.953
0.878
0.840
0.797
0.776
0.786
0.717
0.706
0.726
0.744
0.717
0.813
0.882
0.822
0.828
0.850
0.854
0.844
0.813
0.834
0.766
0.810
0.742
0.759
0.850
0.882
0.774
0.791
0.706
0.722
0.786
0.880
0.907
0.885
0.871
0.885
0.889
0.839
0.882
0.980
0.946
0.908
0.882
0.906
0.824
0.854
0.799
0.861
0.837
0.861
0.912
0.852
0.860
0.813
0.843
0.818
0.770
0.787
0.804
0.806
0.814
0.849
0.846
0.826
0.870
0.957
0.888
0.975
0.974
0.862
0.922
0.899
0.956
0.910
0.924
0.854
0.867
0.887
0.886
0.960
0.883
0.967
0.953
0.942
0.942
0.907
0.889
0.749
0.778
0.755
0.732
0.764
0.732
0.755
0.782
0.765
0.783
0.838
0.969
0.797
0.757
0.813
0.807
0.772
0.769
0.703
0.693
0.718
0.739
0.722
0.693
0.734
0.732
0.684
0.610
0.596
0.589
0.623
0.624
0.745
0.826
0.818
0.848
0.762
0.711
0.702
0.693
0.763
0.755
0.764
0.784
0.787
0.732
0.700
0.683
0.701
0.737
0.750
0.736
0.655
0.639
0.735
0.740
0.709
0.688
0.657
0.634
0.662
0.717
0.734
0.846
0.733
0.806
0.926
0.824
0.804
0.884
0.891
0.916
0.886
0.745
0.640
0.669
0.739
0.734
0.756
0.713
0.711
0.723
0.698
0.741
0.737
0.814
0.847
0.840
0.786
0.798
0.750
0.698
0.719
0.776
0.786
0.876
0.962
0.866
0.766
0.735
0.768
0.813
0.830
0.782
0.745
0.732
0.811
0.866
0.933
0.903
0.914
0.850
0.820
0.903
0.908
0.901
0.978
0.975
0.918
0.931
0.890
0.948
0.888
0.961
0.945
0.872
0.853
0.812
0.927
0.902
0.967
0.914
0.887
0.970
0.952
0.894
0.962
0.942
0.933
0.933
0.842
0.902
0.907
0.867
0.916
0.914
0.914
0.878
0.903
0.840
0.899
0.945
0.979
0.886
0.886
0.918
0.922
0.841
0.898
0.941
0.829
0.794
0.808
0.856
0.839
0.747
0.679
0.795
0.816
0.793
0.854
0.864
0.891
0.890
0.887
0.915
0.926
0.958
0.903
0.924
0.855
0.870
0.857
0.869
0.800
0.839
0.785
0.822
0.730
0.720
0.789
0.773
0.828
0.834
0.811
0.719
0.731
0.833
0.791
0.830
0.847
0.822
0.818
0.803
0.793
0.800
0.798
0.756
0.669
0.664
0.758
0.793
0.864
0.845
0.845
0.798
0.854
0.839
0.815
0.828
0.831
0.729
0.751
0.780
0.795
0.818
0.844
0.804
0.745
0.786
0.806
0.864
0.817
0.844
0.803
0.837
0.842
0.817
0.812
0.822
0.802
0.796
0.751
0.733
0.826
0.875
0.894
0.735
0.760
0.844
0.788
0.758
0.789
0.816
0.821
0.797
0.795
0.740
0.848
0.854
0.818
0.776
0.777
0.775
0.870
0.863
0.772
0.744
0.757
0.836
0.783
0.784
0.757
0.835
0.804
0.717
0.742
0.765
0.853
0.783
0.801
0.770
0.934
0.889
0.816
0.803
0.788
0.790
0.793
0.831
0.787
0.822
0.825
0.913
0.850
0.794
0.760
0.815
0.811
0.738
0.742
0.703
0.837
0.836
0.835
0.833
0.928
0.909
0.819
0.825
0.738
0.737
0.726
0.813
0.854
0.809
0.808
0.849
0.865
0.938
0.928
0.873
0.883
0.959
0.896
0.915
0.927
0.919
0.976
0.912
0.847
0.886
0.792
0.857
0.915
0.925
0.911
0.944
0.931
0.943
0.978
0.877
0.888
0.967
0.922
0.848
0.890
0.860
0.846
0.769
0.814
0.962
0.962
0.975
0.921
0.935
0.890
0.866
0.937
0.856
0.874
0.862
0.955
0.875
0.853
0.913
0.940
0.977
0.898
0.842
0.867
0.878
0.964
0.966
0.829
0.846
0.831
0.836
0.844
0.895
0.773
0.815
0.955
0.956
0.895
0.752
0.816
0.856
0.887
0.862
0.964
0.934
0.897
0.891
0.921
0.955
0.970
0.979
0.938
0.845
0.880
0.796
0.904
0.963
0.960
0.895
0.889
0.831
0.934
0.848
0.852
0.935
0.929
0.812
0.798
0.806
0.855
0.851
0.933
0.905
0.875
0.762
0.772
0.858
0.916
0.925
0.940
0.928
0.890
0.951
0.862
0.737
0.744
0.832
0.818
0.902
0.869
0.965
0.882
0.912
0.944
0.924
0.963
0.963
0.927
0.963
0.952
0.948
0.931
0.904
0.907
0.925
0.966
0.957
0.852
0.869
0.858
0.846
0.911
0.878
0.930
0.765
0.711
0.711
0.777
0.846
0.901
0.939
0.897
0.933
0.948
0.951
0.906
0.850
0.892
0.794
0.783
0.769
0.845
0.882
0.912
0.958
0.908
0.883
0.943
0.914
0.970
0.925
0.962
0.941
0.979
0.937
0.908
0.850
0.827
0.872
0.881
0.888
0.779
0.731
0.702
0.754
0.753
0.778
0.844
0.809
0.862
0.927
0.912
0.934
0.902
0.899
0.922
0.888
0.859
0.906
0.925
0.951
0.902
0.893
0.887
0.941
0.957
0.953
0.969
0.910
0.873
0.817
0.782
0.749
0.743
0.808
0.860
0.855
0.818
0.766
0.753
0.706
0.758
0.806
0.697
0.776
0.843
0.887
0.852
0.833
0.763
0.901
0.878
0.879
0.846
0.886
0.899
0.811
0.852
0.849
0.927
0.839
0.871
0.905
0.898
0.853
0.909
0.823
0.875
0.822
0.761
0.773
0.812
0.809
0.868
0.878
0.826
0.755
0.775
0.786
0.816
0.769
0.750
0.756
0.853
0.764
0.766
0.670
0.642
0.751
0.698
0.700
0.674
0.729
0.721
0.702
0.736
0.757
0.750
0.734
0.812
0.779
0.723
0.715
0.747
0.763
0.744
0.729
0.756
0.775
0.778
0.819
0.768
0.734
0.784
0.794
0.809
0.842
0.735
0.769
0.737
0.771
0.817
0.713
0.694
0.747
0.756
0.756
0.731
0.818
0.859
0.800
0.844
0.804
0.845
0.801
0.825
0.780
0.747
0.742
0.854
0.798
0.811
0.830
0.768
0.765
0.817
0.824
0.890
0.857
0.815
0.961
0.910
0.883
0.916
0.817
0.817
0.739
0.704
0.761
0.757
0.807
0.958
0.795
0.912
0.928
0.893
0.880
0.866
0.852
0.824
0.858
0.836
0.880
0.836
0.866
0.842
0.842
0.837
0.855
0.855
0.838
0.767
0.752
0.792
0.860
0.900
0.879
0.772
0.824
0.866
0.860
0.845
0.758
0.766
0.820
0.912
0.960
0.900
0.932
0.781
0.809
0.965
0.935
0.864
0.930
0.830
0.871
0.933
0.922
0.846
0.847
0.873
0.862
0.804
0.913
0.867
0.912
0.976
0.970
0.973
0.877
0.903
0.933
0.982
0.976
0.916
0.885
0.841
0.808
0.907
0.912
0.908
0.887
0.896
0.958
0.928
0.950
0.817
0.820
0.799
0.837
0.924
0.947
0.896
0.942
0.955
0.915
0.939
0.933
0.907
0.856
0.955
0.978
0.902
0.926
0.866
0.901
0.886
0.792
0.800
0.800
0.925
0.883
0.856
0.937
0.952
0.981
0.949
0.889
0.967
0.846
0.879
0.854
0.830
0.836
0.791
0.850
0.915
0.800
0.716
0.703
0.734
0.720
0.701
0.770
0.797
0.902
0.869
0.901
0.907
0.937
0.856
0.857
0.812
0.852
0.801
0.859
0.809
0.698
0.661
0.769
0.836
0.842
0.802
0.777
0.777
0.684
0.707
0.801
0.814
0.821
0.824
0.932
0.940
0.901
0.949
0.917
0.949
0.973
0.960
0.849
0.828
0.803
0.816
0.842
0.823
0.827
0.842
0.934
0.921
0.837
0.760
0.847
0.886
0.850
0.816
0.732
0.830
0.880
0.841
0.852
0.838
0.846
0.965
0.970
0.970
0.954
0.951
0.893
0.823
0.858
0.889
0.841
0.720
0.793
0.872
0.930
0.886
0.827
0.848
0.775
0.722
0.865
0.945
0.918
0.927
0.904
0.906
0.835
0.846
0.879
0.818
0.777
0.845
0.900
0.894
0.847
0.906
0.826
0.778
0.822
0.809
0.855
0.847
0.839
0.860
0.913
0.960
0.843
0.832
0.841
0.811
0.826
0.858
0.855
0.882
0.869
0.856
0.805
0.785
0.922
0.878
0.868
0.830
0.828
0.805
0.775
0.772
0.819
0.799
0.827
0.915
0.913
0.839
0.771
0.733
0.797
0.801
0.798
0.797
0.814
0.790
0.797
0.766
0.763
0.780
0.755
0.791
0.804
0.825
0.797
0.784
0.742
0.751
0.817
0.877
0.869
0.786
0.774
0.751
0.747
0.763
0.766
0.772
0.748
0.789
0.760
0.821
0.834
0.790
0.733
0.672
0.715
0.677
0.699
0.762
0.810
0.746
0.745
0.740
0.870
0.765
0.762
0.807
0.782
0.690
0.674
0.779
0.736
0.772
0.795
0.804
0.746
0.676
0.706
0.756
0.763
0.833
0.804
0.720
0.703
0.807
0.771
0.710
0.623
0.617
0.582
0.656
0.680
0.723
0.730
0.730
0.655
0.656
0.637
0.694
0.717
0.705
0.755
0.713
0.655
0.710
0.771
0.707
0.750
0.775
0.799
0.759
0.760
0.745
0.788
0.791
0.755
0.750
0.800
0.796
0.733
0.673
0.689
0.633
0.678
0.741
0.673
0.739
0.805
0.771
0.723
0.807
0.864
0.810
0.766
0.745
0.834
0.846
0.840
0.774
0.775
0.799
0.805
0.762
0.698
0.709
0.790
0.749
0.716
0.703
0.751
0.786
0.745
0.754
0.731
0.749
0.773
0.778
0.835
0.825
0.787
0.835
0.893
0.941
0.807
0.784
0.800
0.836
0.811
0.889
0.967
0.954
0.857
0.959
0.911
0.932
0.866
0.885
0.845
0.916
0.926
0.851
0.906
0.923
0.933
0.827
0.828
0.914
0.856
0.876
0.803
0.704
0.740
0.747
0.758
0.739
0.766
0.738
0.731
0.729
0.753
0.787
0.744
0.737
0.732
0.760
0.753
0.699
0.685
0.786
0.731
0.697
0.746
0.800
0.856
0.902
0.803
0.830
0.798
0.719
0.664
0.685
0.618
0.620
0.715
0.764
0.823
0.797
0.778
0.758
0.706
0.703
0.706
0.706
0.654
0.703
0.788
0.713
0.661
0.741
0.805
0.838
0.800
0.769
0.735
0.763
0.767
0.826
0.834
0.804
0.855
0.792
0.854
0.842
0.767
0.683
0.637
0.642
0.584
0.575
0.655
0.702
0.636
0.707
0.731
0.617
0.590
0.599
0.658
0.722
0.754
0.692
0.546
0.478
0.583
0.627
0.673
0.586
0.600
0.679
0.711
0.780
0.929
0.964
0.904
0.872
0.783
0.938
0.958
0.957
0.949
0.844
0.797
0.860
0.915
0.965
0.891
0.860
0.860
0.943
0.880
0.816
0.700
0.782
0.777
0.807
0.774
0.858
0.937
0.932
0.932
0.960
0.920
0.913
0.932
0.788
0.766
0.787
0.790
0.798
0.788
0.812
0.803
0.704
0.680
0.751
0.774
0.811
0.828
0.794
0.801
0.777
0.811
0.839
0.819
0.913
0.859
0.871
0.824
0.734
0.778
0.737
0.824
0.953
0.851
0.736
0.738
0.771
0.749
0.817
0.815
0.800
0.809
0.840
0.819
0.876
0.819
0.873
0.899
0.924
0.931
0.744
0.748
0.827
0.820
0.899
0.936
0.796
0.806
0.834
0.843
0.962
0.893
0.874
0.821
0.805
0.833
0.898
0.872
0.825
0.825
0.828
0.847
0.835
0.801
0.770
0.773
0.790
0.817
0.772
0.824
0.792
0.757
0.807
0.822
0.829
0.780
0.742
0.770
0.681
0.770
0.821
0.790
0.712
0.724
0.725
0.642
0.588
0.660
0.666
0.727
0.744
0.713
0.659
0.685
0.655
0.719
0.775
0.796
0.829
0.854
0.838
0.806
0.781
0.745
0.798
0.834
0.755
0.745
0.759
0.813
0.815
0.801
0.793
0.778
0.735
0.753
0.780
0.748
0.735
0.728
0.822
0.746
0.716
0.775
0.768
0.769
0.760
0.731
0.750
0.741
0.605
0.531
0.621
0.623
0.692
0.773
0.793
0.720
0.687
0.734
0.692
0.621
0.573
0.664
0.704
0.754
0.811
0.751
0.695
0.699
0.721
0.669
0.655
0.728
0.809
0.765
0.817
0.797
0.754
0.712
0.826
0.827
0.779
0.843
0.928
0.858
0.913
0.801
0.687
0.656
0.805
0.814
0.787
0.821
0.854
0.837
0.827
0.800
0.772
0.859
0.864
0.812
0.787
0.739
0.684
0.762
0.732
0.775
0.776
0.777
0.698
0.649
0.857
0.819
0.718
0.779
0.763
0.810
0.880
0.971
0.931
0.854
0.800
0.850
0.903
0.904
0.771
0.725
0.780
0.967
0.859
0.959
0.942
0.917
0.973
0.973
0.856
0.883
0.830
0.817
0.806
0.772
0.842
0.822
0.858
0.848
0.860
0.905
0.937
0.837
0.765
0.865
0.845
0.874
0.915
0.830
0.730
0.824
0.937
0.973
0.933
0.947
0.971
0.958
0.977
0.956
0.848
0.867
0.827
0.801
0.814
0.909
0.930
0.842
0.828
0.770
0.947
0.975
0.861
0.819
0.865
0.923
0.838
0.858
0.962
0.827
0.873
0.828
0.802
0.967
0.941
0.818
0.834
0.852
0.794
0.832
0.799
0.787
0.793
0.816
0.817
0.941
0.967
0.859
0.836
0.772
0.725
0.725
0.756
0.758
0.837
0.830
0.694
0.682
0.701
0.743
0.717
0.742
0.725
0.753
0.687
0.605
0.582
0.726
0.803
0.786
0.711
0.713
0.811
0.896
0.958
0.978
0.897
0.951
0.870
0.894
0.868
0.826
0.716
0.745
0.758
0.676
0.666
0.684
0.818
0.716
0.649
0.673
0.761
0.711
0.643
0.642
0.840
0.913
0.750
0.574
0.700
0.842
0.867
0.841
0.865
0.750
0.611
0.446
0.612
0.815
0.755
0.768
0.868
0.817
0.833
0.873
0.901
0.889
0.939
0.924
0.857
0.828
0.746
0.788
0.817
0.837
0.902
0.843
0.731
0.810
0.790
0.807
0.844
0.842
0.843
0.974
0.924
0.934
0.911
0.924
0.925
0.976
0.929
0.844
0.875
0.856
0.950
0.893
0.918
0.938
0.857
0.879
0.959
0.968
0.908
0.928
0.879
0.917
0.860
0.822
0.824
0.807
0.723
0.748
0.812
0.804
0.834
0.764
0.775
0.805
0.792
0.730
0.804
0.829
0.810
0.886
0.917
0.849
0.831
0.906
0.879
0.866
0.837
0.937
0.943
0.882
0.925
0.881
0.945
0.961
0.851
0.853
0.864
0.887
0.974
0.975
0.891
0.852
0.861
0.878
0.831
0.816
0.802
0.804
0.789
0.792
0.774
0.722
0.650
0.743
0.697
0.625
0.652
0.588
0.623
0.642
0.708
0.723
0.753
0.700
0.615
0.670
0.709
0.748
0.787
0.834
0.757
0.738
0.716
0.769
0.777
0.710
0.656
0.659
0.718
0.760
0.794
0.823
0.830
0.831
0.844
0.746
0.668
0.692
0.764
0.727
0.697
0.658
0.657
0.644
0.693
0.770
0.750
0.736
0.761
0.760
0.663
0.716
0.743
0.766
0.698
0.619
0.695
0.693
0.643
0.596
0.628
0.664
0.731
0.767
0.800
0.710
0.718
0.771
0.784
0.806
0.845
0.896
0.841
0.915
0.781
0.809
0.789
0.801
0.838
0.771
0.702
0.732
0.674
0.642
0.745
0.782
0.809
0.770
0.719
0.748
0.763
0.838
0.810
0.888
0.816
0.743
0.673
0.714
0.680
0.760
0.800
0.953
0.831
0.816
0.770
0.800
0.709
0.607
0.637
0.722
0.701
0.730
0.847
0.847
0.789
0.815
0.904
0.797
0.723
0.689
0.806
0.787
0.829
0.845
0.788
0.846
0.885
0.823
0.787
0.887
0.915
0.971
0.920
0.901
0.970
0.922
0.925
0.918
0.928
0.931
0.934
0.900
0.868
0.944
0.970
0.825
0.810
0.772
0.801
0.820
0.806
0.798
0.816
0.777
0.842
0.782
0.768
0.798
0.716
0.663
0.705
0.719
0.723
0.717
0.735
0.742
0.737
0.718
0.666
0.741
0.712
0.745
0.798
0.777
0.848
0.900
0.819
0.768
0.740
0.715
0.736
0.893
0.956
0.975
0.880
0.893
0.928
0.866
0.759
0.763
0.726
0.737
0.738
0.721
0.778
0.812
0.739
0.671
0.660
0.640
0.688
0.711
0.580
0.557
0.600
0.562
0.552
0.563
0.605
0.638
0.610
0.701
0.706
0.640
0.670
0.670
0.801
0.785
0.720
0.703
0.852
0.812
0.787
0.677
0.732
0.748
0.646
0.620
0.725
0.774
0.746
0.660
0.555
0.583
0.632
0.725
0.753
0.686
0.635
0.726
0.767
0.795
0.791
0.810
0.775
0.902
0.780
0.836
0.961
0.792
0.724
0.692
0.742
0.793
0.913
0.801
0.862
0.770
0.709
0.779
0.690
0.653
0.636
0.652
0.603
0.698
0.725
0.700
0.666
0.771
0.859
0.972
0.904
0.951
0.924
0.963
0.907
0.906
0.943
0.877
0.874
0.965
0.977
0.958
0.846
0.811
0.873
0.947
0.780
0.670
0.706
0.873
0.819
0.759
0.769
0.819
0.959
0.919
0.848
0.863
0.952
0.893
0.947
0.897
0.943
0.927
0.927
0.825
0.933
0.871
0.887
0.877
0.907
0.941
0.831
0.798
0.794
0.832
0.750
0.770
0.826
0.896
0.790
0.800
0.772
0.756
0.810
0.855
0.812
0.831
0.749
0.771
0.765
0.763
0.781
0.859
0.885
0.842
0.840
0.823
0.812
0.885
0.846
0.920
0.721
0.818
0.841
0.848
0.836
0.851
0.834
0.964
0.950
0.859
0.894
0.875
0.732
0.791
0.810
0.864
0.812
0.836
0.852
0.856
0.814
0.852
0.875
0.848
0.828
0.817
0.842
0.805
0.727
0.691
0.772
0.767
0.786
0.821
0.836
0.847
0.769
0.757
0.793
0.843
0.727
0.724
0.792
0.852
0.766
0.780
0.822
0.729
0.731
0.728
0.793
0.736
0.666
0.652
0.654
0.672
0.673
0.700
0.729
0.774
0.744
0.695
0.712
0.749
0.797
0.835
0.817
0.785
0.821
0.737
0.741
0.709
0.697
0.792
0.821
0.739
0.786
0.806
0.783
0.815
0.777
0.742
0.723
0.699
0.783
0.808
0.858
0.819
0.770
0.726
0.748
0.756
0.785
0.776
0.779
0.727
0.722
0.771
0.757
0.710
0.762
0.817
0.807
0.850
0.884
0.865
0.785
0.800
0.781
0.733
0.782
0.767
0.759
0.779
0.831
0.795
0.825
0.837
0.825
0.857
0.810
0.853
0.837
0.873
0.877
0.911
0.951
0.896
0.826
0.790
0.784
0.862
0.959
0.879
0.957
0.959
0.892
0.906
0.794
0.777
0.923
0.929
0.859
0.804
0.844
0.905
0.860
0.965
0.842
0.750
0.762
0.772
0.850
0.972
0.976
0.953
0.927
0.962
0.861
0.790
0.920
0.927
0.829
0.853
0.931
0.949
0.819
0.916
0.863
0.902
0.855
0.815
0.858
0.803
0.804
0.863
0.830
0.867
0.846
0.949
0.868
0.891
0.908
0.895
0.823
0.809
0.910
0.913
0.942
0.928
0.890
0.823
0.843
0.923
0.869
0.846
0.803
0.819
0.859
0.939
0.876
0.816
0.821
0.737
0.708
0.678
0.721
0.768
0.811
0.753
0.734
0.735
0.732
0.817
0.920
0.972
0.974
0.895
0.811
0.685
0.636
0.663
0.664
0.718
0.827
0.934
0.867
0.906
0.893
0.960
0.892
0.958
0.964
0.880
0.969
0.975
0.834
0.907
0.902
0.945
0.969
0.918
0.805
0.761
0.772
0.697
0.689
0.727
0.678
0.693
0.704
0.674
0.685
0.691
0.617
0.554
0.656
0.620
0.580
0.529
0.608
0.698
0.678
0.701
0.725
0.766
0.744
0.774
0.810
0.963
0.954
0.965
0.877
0.898
0.917
0.877
0.778
0.798
0.841
0.775
0.785
0.745
0.748
0.790
0.804
0.819
0.747
0.694
0.735
0.742
0.652
0.655
0.601
0.747
0.758
0.660
0.741
0.866
0.750
0.710
0.817
0.801
0.785
0.840
0.941
0.955
0.906
0.887
0.836
0.828
0.932
0.930
0.921
0.842
0.786
0.766
0.725
0.714
0.847
0.842
0.960
0.882
0.960
0.948
0.971
0.966
0.921
0.886
0.840
0.940
0.920
0.971
0.961
0.932
0.899
0.831
0.822
0.802
0.802
0.846
0.835
0.922
0.872
0.866
0.820
0.801
0.806
0.828
0.824
0.839
0.804
0.820
0.871
0.851
0.910
0.846
0.862
0.949
0.949
0.921
0.913
0.939
0.800
0.800
0.805
0.831
0.819
0.880
0.969
0.839
0.839
0.820
0.845
0.797
0.858
0.872
0.824
0.804
0.803
0.853
0.785
0.707
0.669
0.682
0.791
0.780
0.718
0.766
0.794
0.782
0.811
0.721
0.664
0.647
0.710
0.790
0.747
0.767
0.704
0.749
0.831
0.761
0.759
0.776
0.814
0.812
0.809
0.846
0.897
0.843
0.787
0.827
0.790
0.798
0.797
0.801
0.818
0.787
0.847
0.805
0.793
0.811
0.818
0.779
0.744
0.760
0.786
0.862
0.843
0.804
0.809
0.702
0.700
0.764
0.802
0.765
0.802
0.717
0.616
0.615
0.709
0.744
0.656
0.649
0.656
0.669
0.727
0.747
0.742
0.784
0.819
0.743
0.794
0.751
0.781
0.841
0.809
0.762
0.805
0.815
0.840
0.817
0.788
0.771
0.726
0.741
0.864
0.929
0.832
0.900
0.918
0.969
0.881
0.956
0.805
0.787
0.824
0.848
0.808
0.852
0.840
0.822
0.786
0.792
0.775
0.782
0.791
0.839
0.865
0.826
0.912
0.941
0.855
0.825
0.804
0.806
0.826
0.853
0.909
0.897
0.931
0.925
0.848
0.797
0.908
0.813
0.794
0.763
0.758
0.813
0.904
0.966
0.922
0.922
0.965
0.911
0.872
0.963
0.886
0.947
0.855
0.961
0.839
0.846
0.813
0.855
0.885
0.868
0.964
0.896
0.893
0.892
0.933
0.942
0.870
0.919
0.925
0.944
0.957
0.970
0.930
0.961
0.902
0.779
0.761
0.750
0.741
0.793
0.908
0.857
0.939
0.882
0.890
0.841
0.887
0.945
0.805
0.838
0.811
0.798
0.827
0.873
0.892
0.824
0.773
0.861
0.933
0.845
0.923
0.895
0.948
0.931
0.858
0.856
0.906
0.803
0.808
0.824
0.941
0.892
0.877
0.765
0.929
0.871
0.711
0.729
0.764
0.842
0.835
0.808
0.818
0.756
0.746
0.839
0.813
0.835
0.816
0.798
0.901
0.943
0.951
0.862
0.934
0.974
0.933
0.933
0.910
0.774
0.856
0.834
0.755
0.702
0.787
0.893
0.919
0.897
0.846
0.878
0.858
0.802
0.781
0.790
0.784
0.868
0.837
0.839
0.961
0.958
0.849
0.833
0.820
0.971
0.886
0.787
0.775
0.917
0.778
0.858
0.908
0.779
0.721
0.728
0.835
0.937
0.888
0.894
0.937
0.945
0.894
0.957
0.928
0.940
0.932
0.810
0.775
0.729
0.784
0.756
0.766
0.779
0.852
0.900
0.865
0.837
0.756
0.643
0.691
0.776
0.788
0.837
0.846
0.871
0.900
0.875
0.909
0.901
0.848
0.820
0.727
0.702
0.796
0.903
0.813
0.858
0.846
0.858
0.890
0.726
0.827
0.790
0.748
0.856
0.855
0.776
0.850
0.952
0.955
0.966
0.938
0.927
0.865
0.847
0.847
0.942
0.854
0.870
0.905
0.970
0.912
0.826
0.857
0.905
0.792
0.909
0.835
0.831
0.868
0.803
0.847
0.889
0.888
0.967
0.885
0.976
0.838
0.940
0.966
0.949
0.941
0.919
0.772
0.776
0.768
0.781
0.838
0.831
0.893
0.846
0.828
0.833
0.875
0.904
0.831
0.844
0.830
0.837
0.849
0.901
0.796
0.839
0.778
0.780
0.800
0.753
0.754
0.782
0.845
0.828
0.771
0.741
0.723
0.759
0.808
0.812
0.799
0.873
0.828
0.760
0.726
0.749
0.828
0.766
0.767
0.712
0.743
0.697
0.725
0.803
0.845
0.802
0.807
0.818
0.800
0.833
0.816
0.821
0.752
0.793
0.729
0.747
0.683
0.619
0.651
0.682
0.649
0.692
0.723
0.736
0.744
0.701
0.763
0.784
0.748
0.702
0.765
0.702
0.687
0.746
0.761
0.797
0.807
0.861
0.894
0.797
0.706
0.681
0.745
0.774
0.882
0.864
0.806
0.835
0.788
0.731
0.737
0.758
0.792
0.736
0.716
0.763
0.703
0.708
0.752
0.817
0.756
0.754
0.784
0.729
0.743
0.806
0.805
0.790
0.723
0.716
0.756
0.728
0.806
0.841
0.813
0.850
0.927
0.928
0.878
0.872
0.834
0.817
0.848
0.842
0.836
0.772
0.831
0.801
0.766
0.790
0.821
0.766
0.783
0.859
0.849
0.892
0.844
0.972
0.910
0.964
0.865
0.821
0.798
0.876
0.874
0.910
0.972
0.972
0.981
0.876
0.842
0.914
0.903
0.922
0.880
0.933
0.798
0.890
0.806
0.831
0.836
0.789
0.896
0.825
0.874
0.944
0.896
0.939
0.881
0.884
0.970
0.946
0.922
0.968
0.922
0.930
0.939
0.896
0.893
0.897
0.947
0.813
0.749
0.932
0.926
0.888
0.833
0.822
0.953
0.965
0.957
0.826
0.940
0.922
0.800
0.764
0.927
0.848
0.902
0.881
0.921
0.873
0.903
0.942
0.954
0.911
0.951
0.933
0.903
0.926
0.902
0.807
0.892
0.858
0.829
0.780
0.783
0.798
0.942
0.848
0.936
0.931
0.949
0.946
0.882
0.897
0.955
0.892
0.783
0.768
0.842
0.861
0.825
0.952
0.822
0.823
0.808
0.752
0.736
0.731
0.735
0.834
0.846
0.825
0.819
0.778
0.851
0.866
0.842
0.888
0.966
0.964
0.844
0.965
0.907
0.874
0.772
0.689
0.731
0.885
0.801
0.740
0.677
0.783
0.790
0.855
0.805
0.775
0.795
0.730
0.714
0.719
0.754
0.967
0.837
0.770
0.749
0.837
0.833
0.845
0.818
0.961
0.938
0.943
0.959
0.954
0.961
0.906
0.861
0.846
0.860
0.934
0.896
0.918
0.886
0.858
0.846
0.904
0.958
0.947
0.903
0.942
0.828
0.782
0.828
0.781
0.848
0.878
0.918
0.971
0.949
0.954
0.926
0.901
0.940
0.933
0.973
0.965
0.910
0.968
0.917
0.839
0.904
0.847
0.940
0.879
0.773
0.792
0.844
0.837
0.896
0.916
0.947
0.958
0.913
0.893
0.855
0.851
0.890
0.879
0.879
0.954
0.862
0.872
0.962
0.900
0.867
0.843
0.818
0.792
0.811
0.854
0.865
0.848
0.878
0.897
0.842
0.735
0.680
0.734
0.805
0.851
0.834
0.860
0.882
0.796
0.828
0.861
0.855
0.868
0.820
0.897
0.840
0.871
0.899
0.791
0.867
0.822
0.826
0.797
0.789
0.803
0.774
0.822
0.803
0.763
0.784
0.784
0.751
0.777
0.751
0.736
0.750
0.749
0.686
0.605
0.600
0.651
0.628
0.737
0.730
0.733
0.738
0.730
0.758
0.800
0.733
0.782
0.788
0.773
0.786
0.736
0.797
0.762
0.743
0.699
0.737
0.764
0.833
0.768
0.724
0.795
0.840
0.873
0.950
0.840
0.820
0.753
0.764
0.830
0.675
0.679
0.733
0.752
0.786
0.812
0.818
0.771
0.838
0.734
0.682
0.726
0.799
0.843
0.807
0.847
0.813
0.788
0.781
0.731
0.764
0.819
0.863
0.866
0.845
0.803
0.763
0.814
0.803
0.778
0.759
0.755
0.780
0.721
0.702
0.833
0.826
0.784
0.749
0.734
0.821
0.834
0.800
0.805
0.745
0.803
0.829
0.819
0.826
0.808
0.759
0.751
0.844
0.785
0.713
0.694
0.707
0.750
0.772
0.769
0.819
0.838
0.840
0.834
0.767
0.795
0.792
0.814
0.856
0.835
0.943
0.957
0.910
0.963
0.913
0.953
0.933
0.821
0.756
0.866
0.961
0.874
0.837
0.836
0.874
0.839
0.957
0.900
0.901
0.976
0.870
0.930
0.847
0.903
0.847
0.881
0.970
0.921
0.877
0.903
0.874
0.970
0.919
0.901
0.907
0.898
0.938
0.898
0.850
0.860
0.942
0.865
0.890
0.953
0.954
0.922
0.921
0.919
0.962
0.799
0.819
0.871
0.918
0.901
0.949
0.953
0.890
0.974
0.967
0.924
0.836
0.920
0.940
0.904
0.859
0.822
0.814
0.831
0.855
0.869
0.839
0.773
0.819
0.820
0.821
0.848
0.811
0.769
0.721
0.704
0.727
0.712
0.639
0.594
0.662
0.735
0.730
0.742
0.778
0.821
0.774
0.753
0.821
0.801
0.790
0.790
0.750
0.753
0.855
0.829
0.789
0.779
0.756
0.755
0.723
0.807
0.946
0.846
0.753
0.649
0.653
0.709
0.600
0.542
0.579
0.638
0.683
0.740
0.768
0.718
0.823
0.847
0.753
0.705
0.766
0.845
0.853
0.960
0.903
0.806
0.854
0.863
0.757
0.744
0.655
0.564
0.584
0.674
0.664
0.692
0.646
0.601
0.633
0.700
0.818
0.850
0.845
0.802
0.827
0.870
0.869
0.814
0.856
0.953
0.885
0.933
0.961
0.891
0.876
0.849
0.868
0.908
0.948
0.842
0.882
0.947
0.949
0.956
0.889
0.933
0.896
0.793
0.877
0.939
0.900
0.880
0.963
0.817
0.847
0.874
0.907
0.889
0.849
0.774
0.880
0.887
0.899
0.860
0.862
0.959
0.964
0.935
0.909
0.916
0.907
0.940
0.948
0.851
0.836
0.846
0.903
0.902
0.915
0.824
0.895
0.787
0.822
0.934
0.886
0.804
0.864
0.815
0.854
0.863
0.844
0.840
0.805
0.874
0.901
0.938
0.834
0.920
0.953
0.804
0.860
0.858
0.967
0.852
0.829
0.928
0.863
0.877
0.909
0.885
0.870
0.858
0.869
0.812
0.846
0.832
0.888
0.806
0.796
0.730
0.734
0.737
0.791
0.802
0.840
0.732
0.752
0.813
0.771
0.845
0.828
0.796
0.794
0.846
0.802
0.759
0.777
0.668
0.641
0.652
0.667
0.683
0.721
0.772
0.775
0.830
0.746
0.736
0.813
0.803
0.811
0.766
0.774
0.815
0.782
0.778
0.753
0.862
0.846
0.882
0.941
0.873
0.809
0.745
0.770
0.768
0.718
0.673
0.772
0.785
0.799
0.831
0.824
0.822
0.811
0.757
0.850
0.867
0.818
0.820
0.823
0.853
0.782
0.753
0.761
0.873
0.882
0.812
0.850
0.830
0.822
0.771
0.872
0.962
0.970
0.840
0.812
0.777
0.842
0.863
0.828
0.810
0.829
0.852
0.828
0.772
0.795
0.848
0.821
0.767
0.750
0.787
0.813
0.876
0.895
0.872
0.776
0.765
0.826
0.821
0.794
0.790
0.841
0.880
0.893
0.835
0.856
0.783
0.817
0.806
0.878
0.805
0.738
0.791
0.885
0.928
0.928
0.841
0.960
0.887
0.899
0.963
0.922
0.852
0.942
0.882
0.848
0.970
0.876
0.970
0.969
0.968
0.853
0.924
0.941
0.912
0.970
0.979
0.951
0.947
0.898
0.974
0.875
0.965
0.938
0.931
0.919
0.964
0.891
0.962
0.845
0.951
0.925
0.918
0.876
0.782
0.905
0.861
0.806
0.776
0.742
0.800
0.846
0.954
0.900
0.907
0.775
0.733
0.926
0.963
0.975
0.974
0.962
0.925
0.869
0.849
0.900
0.830
0.920
0.936
0.852
0.979
0.940
0.963
0.921
0.946
0.889
0.929
0.923
0.974
0.859
0.932
0.950
0.894
0.913
0.825
0.863
0.842
0.790
0.764
0.752
0.693
0.718
0.703
0.837
0.683
0.724
0.767
0.801
0.878
0.976
0.928
0.870
0.842
0.846
0.899
0.826
0.893
0.923
0.801
0.710
0.750
0.829
0.789
0.856
0.769
0.787
0.835
0.951
0.917
0.727
0.716
0.795
0.837
0.898
0.922
0.715
0.607
0.738
0.867
0.784
0.813
0.855
0.881
0.790
0.794
0.818
0.809
0.858
0.910
0.914
0.908
0.920
0.957
0.924
0.843
0.841
0.848
0.879
0.954
0.959
0.828
0.824
0.944
0.912
0.930
0.923
0.937
0.902
0.928
0.854
0.968
0.945
0.910
0.963
0.954
0.884
0.817
0.821
0.784
0.792
0.829
0.823
0.844
0.856
0.772
0.780
0.817
0.937
0.930
0.961
0.970
0.937
0.908
0.924
0.836
0.886
0.950
0.893
0.964
0.938
0.904
0.912
0.961
0.924
0.966
0.953
0.928
0.798
0.741
0.791
0.845
0.856
0.924
0.827
0.859
0.929
0.922
0.956
0.969
0.922
0.922
0.930
0.970
0.893
0.954
0.966
0.894
0.839
0.814
0.862
0.861
0.810
0.805
0.793
0.771
0.778
0.841
0.877
0.887
0.883
0.876
0.869
0.916
0.903
0.945
0.896
0.977
0.981
0.868
0.972
0.936
0.943
0.865
0.820
0.871
0.821
0.787
0.782
0.846
0.849
0.800
0.815
0.870
0.836
0.809
0.811
0.827
0.889
0.827
0.829
0.809
0.829
0.789
0.813
0.874
0.844
0.837
0.860
0.873
0.951
0.847
0.737
0.790
0.850
0.853
0.848
0.856
0.876
0.850
0.825
0.841
0.863
0.843
0.840
0.835
0.852
0.860
0.815
0.946
0.859
0.906
0.768
0.796
0.818
0.837
0.815
0.755
0.766
0.801
0.846
0.807
0.871
0.789
0.863
0.865
0.841
0.792
0.781
0.762
0.760
0.791
0.803
0.804
0.829
0.837
0.867
0.776
0.858
0.835
0.856
0.872
0.842
0.884
0.837
0.882
0.887
0.924
0.913
0.835
0.847
0.815
0.938
0.891
0.839
0.831
0.863
0.871
0.971
0.854
0.813
0.769
0.826
0.862
0.812
0.748
0.760
0.819
0.779
0.822
0.874
0.909
0.857
0.830
0.947
0.825
0.806
0.837
0.885
0.880
0.748
0.822
0.828
0.871
0.761
0.807
0.827
0.812
0.858
0.879
0.972
0.933
0.912
0.818
0.825
0.918
0.877
0.903
0.890
0.943
0.933
0.879
0.840
0.844
0.885
0.916
0.847
0.865
0.832
0.874
0.864
0.887
0.910
0.924
0.964
0.838
0.898
0.918
0.871
0.927
0.969
0.918
0.864
0.865
0.855
0.832
0.846
0.905
0.926
0.961
0.968
0.982
0.935
0.883
0.949
0.942
0.976
0.940
0.916
0.838
0.913
0.979
0.983
0.832
0.888
0.971
0.884
0.959
0.929
0.944
0.951
0.909
0.889
0.835
0.872
0.774
0.756
0.872
0.981
0.937
0.847
0.884
0.860
0.799
0.940
0.944
0.972
0.953
0.941
0.876
0.886
0.921
0.970
0.921
0.832
0.881
0.965
0.951
0.907
0.855
0.795
0.751
0.808
0.846
0.962
0.962
0.835
0.866
0.829
0.798
0.846
0.847
0.872
0.908
0.971
0.916
0.948
0.911
0.895
0.851
0.938
0.965
0.975
0.948
0.808
0.780
0.841
0.937
0.979
0.896
0.841
0.801
0.866
0.869
0.843
0.827
0.869
0.855
0.833
0.773
0.857
0.929
0.968
0.941
0.902
0.956
0.840
0.835
0.938
0.850
0.848
0.867
0.902
0.954
0.905
0.878
0.802
0.861
0.893
0.951
0.926
0.799
0.915
0.887
0.776
0.767
0.755
0.802
0.880
0.888
0.857
0.916
0.898
0.924
0.946
0.872
0.883
0.900
0.948
0.947
0.958
0.970
0.978
0.874
0.953
0.968
0.932
0.950
0.925
0.939
0.956
0.959
0.782
0.809
0.881
0.938
0.890
0.893
0.822
0.899
0.907
0.941
0.834
0.808
0.767
0.796
0.792
0.868
0.898
0.761
0.875
0.786
0.778
0.747
0.747
0.810
0.855
0.912
0.903
0.923
0.942
0.907
0.938
0.915
0.931
0.870
0.731
0.769
0.858
0.737
0.831
0.797
0.866
0.804
0.899
0.769
0.815
0.831
0.847
0.802
0.820
0.807
0.738
0.763
0.759
0.819
0.921
0.850
0.776
0.694
0.609
0.728
0.868
0.964
0.872
0.903
0.832
0.856
0.905
0.845
0.895
0.923
0.936
0.845
0.839
0.724
0.787
0.789
0.814
0.779
0.940
0.903
0.856
0.732
0.738
0.805
0.859
0.836
0.809
0.760
0.803
0.831
0.839
0.858
0.791
0.814
0.854
0.752
0.748
0.693
0.709
0.735
0.616
0.731
0.718
0.763
0.708
0.726
0.873
0.776
0.803
0.852
0.818
0.749
0.700
0.724
0.726
0.758
0.738
0.644
0.634
0.733
0.671
0.679
0.787
0.890
0.838
0.730
0.792
0.768
0.816
0.778
0.779
0.807
0.780
0.793
0.813
0.797
0.786
0.845
0.882
0.796
0.861
0.846
0.781
0.832
0.808
0.788
0.837
0.901
0.780
0.743
0.723
0.839
0.793
0.704
0.674
0.745
0.766
0.806
0.787
0.664
0.835
0.894
0.828
0.866
0.960
0.886
0.796
0.782
0.799
0.744
0.874
0.764
0.724
0.740
0.750
0.737
0.819
0.815
0.733
0.703
0.832
0.867
0.951
0.789
0.855
0.804
0.725
0.723
0.790
0.974
0.954
0.941
0.971
0.980
0.889
0.796
0.913
0.967
0.940
0.967
0.872
0.896
0.920
0.885
0.825
0.823
0.808
0.911
0.966
0.968
0.962
0.901
0.958
0.949
0.973
0.930
0.949
0.906
0.916
0.850
0.898
0.934
0.807
0.841
0.868
0.863
0.893
0.827
0.817
0.849
0.867
0.805
0.793
0.798
0.785
0.830
0.852
0.951
0.866
0.925
0.874
0.809
0.834
0.826
0.832
0.830
0.857
0.836
0.819
0.808
0.891
0.850
0.768
0.717
0.713
0.752
0.734
0.767
0.913
0.933
0.899
0.893
0.803
0.856
0.902
0.896
0.920
0.903
0.864
0.808
0.685
0.696
0.709
0.652
0.680
0.658
0.710
0.724
0.672
0.698
0.814
0.815
0.739
0.785
0.637
0.636
0.711
0.712
0.641
0.663
0.681
0.605
0.594
0.802
0.812
0.807
0.803
0.797
0.849
0.772
0.703
0.650
0.581
0.587
0.550
0.561
0.675
0.904
0.899
0.812
0.901
0.880
0.812
0.674
0.755
0.844
0.800
0.918
0.783
0.719
0.704
0.753
0.827
0.855
0.835
0.954
0.937
0.912
0.896
0.838
0.770
0.836
0.937
0.827
0.813
0.776
0.861
0.901
0.857
0.879
0.904
0.900
0.903
0.843
0.826
0.801
0.893
0.897
0.816
0.799
0.812
0.879
0.843
0.731
0.670
0.790
0.806
0.757
0.771
0.921
0.912
0.919
0.892
0.972
0.941
0.947
0.909
0.868
0.786
0.915
0.876
0.866
0.926
0.912
0.951
0.936
0.955
0.860
0.738
0.945
0.819
0.819
0.719
0.665
0.732
0.911
0.899
0.949
0.965
0.938
0.944
0.906
0.949
0.974
0.871
0.943
0.939
0.845
0.814
0.853
0.786
0.827
0.837
0.826
0.824
0.846
0.813
0.760
0.824
0.810
0.879
0.965
0.908
0.913
0.911
0.976
0.979
0.928
0.916
0.951
0.876
0.855
0.875
0.960
0.870
0.761
0.674
0.766
0.801
0.763
0.795
0.847
0.807
0.803
0.864
0.800
0.847
0.912
0.823
0.873
0.840
0.919
0.873
0.862
0.774
0.831
0.876
0.796
0.830
0.801
0.774
0.806
0.884
0.938
0.814
0.827
0.908
0.944
0.904
0.904
0.784
0.791
0.906
0.848
0.867
0.908
0.970
0.923
0.861
0.825
0.767
0.879
0.848
0.762
0.716
0.739
0.810
0.854
0.858
0.881
0.821
0.962
0.978
0.865
0.844
0.881
0.851
0.764
0.778
0.804
0.802
0.779
0.845
0.770
0.805
0.863
0.790
0.770
0.844
0.833
0.939
0.874
0.940
0.801
0.777
0.767
0.825
0.858
0.953
0.876
0.817
0.869
0.797
0.855
0.943
0.928
0.890
0.819
0.858
0.799
0.895
0.905
0.866
0.827
0.781
0.872
0.829
0.836
0.770
0.865
0.846
0.774
0.873
0.856
0.900
0.909
0.967
0.899
0.938
0.878
0.971
0.901
0.811
0.926
0.960
0.890
0.920
0.917
0.933
0.904
0.906
0.806
0.824
0.800
0.762
0.783
0.808
0.860
0.878
0.939
0.941
0.952
0.972
0.972
0.933
0.856
0.927
0.922
0.934
0.890
0.964
0.942
0.869
0.911
0.964
0.962
0.935
0.922
0.863
0.814
0.916
0.979
0.971
0.975
0.965
0.927
0.955
0.980
0.944
0.926
0.966
0.949
0.971
0.971
0.903
0.963
0.897
0.897
0.944
0.973
0.914
0.958
0.928
0.884
0.968
0.970
0.979
0.925
0.977
0.832
0.805
0.877
0.911
0.973
0.892
0.977
0.966
0.924
0.975
0.958
0.974
0.914
0.953
0.975
0.916
0.814
0.865
0.927
0.912
0.914
0.909
0.841
0.868
0.909
0.926
0.778
0.950
0.955
0.956
0.987
0.973
0.943
0.983
0.965
0.956
0.932
0.952
0.962
0.967
0.970
0.974
0.975
0.956
0.977
0.943
0.934
0.964
0.929
0.901
0.915
0.860
0.956
0.931
0.953
0.958
0.937
0.955
0.956
0.886
0.866
0.955
0.963
0.931
0.949
0.958
0.949
0.930
0.980
0.966
0.973
0.910
0.945
0.991
0.941
0.983
0.933
0.928
0.885
0.895
0.974
0.981
0.838
0.924
0.937
0.974
0.989
0.990
0.973
0.924
0.968
0.980
0.945
0.984
0.958
0.977
0.950
0.879
0.833
0.790
0.912
0.899
0.950
0.964
0.969
0.992
0.992
0.971
0.959
0.985
0.985
0.992
0.968
0.960
0.975
0.981
0.954
0.961
0.977
0.978
0.949
0.987
0.987
0.972
0.971
0.979
0.989
0.956
0.989
0.918
0.953
0.988
0.988
0.951
0.978
0.988
0.981
0.982
0.964
0.918
0.943
0.978
0.987
0.976
0.986
0.974
0.949
0.957
0.908
0.977
0.968
0.982
0.957
0.938
0.964
0.983
0.980
0.982
0.986
0.973
0.988
0.991
0.969
0.959
0.957
0.924
0.905
0.990
0.989
0.980
0.978
0.972
0.930
0.953
0.979
0.975
0.981
0.986
0.983
0.986
0.974
0.987
0.927
0.977
0.982
0.970
0.944
0.931
0.915
0.959
0.961
0.936
0.973
0.959
0.965
0.977
0.989
0.966
0.971
0.967
0.988
0.975
0.982
0.942
0.901
0.897
0.989
0.987
0.944
0.984
0.961
0.946
0.934
0.955
0.957
0.924
0.913
0.951
0.932
0.965
0.983
0.992
0.971
0.969
0.988
0.977
0.945
0.922
0.921
0.936
0.977
0.918
0.909
0.957
0.987
0.988
0.989
0.983
0.930
0.886
0.956
0.987
0.959
0.946
0.891
0.914
0.870
0.896
0.928
0.946
0.989
0.956
0.979
0.970
0.975
0.949
0.968
0.989
0.984
0.971
0.975
0.942
0.978
0.945
0.942
0.959
0.930
0.929
0.892
0.840
0.859
0.923
0.976
0.954
0.894
0.896
0.956
0.987
0.956
0.924
0.944
0.930
0.910
0.906
0.969
0.980
0.972
0.988
0.953
0.988
0.933
0.971
0.953
0.954
0.977
0.939
0.922
0.897
0.942
0.971
0.993
0.977
0.992
0.996
0.976
0.985
0.988
0.984
0.981
0.985
0.992
0.989
0.891
0.897
0.989
0.957
0.993
0.978
0.977
0.904
0.860
0.860
0.916
0.987
0.974
0.980
0.969
0.986
0.980
0.989
0.947
0.973
0.978
0.989
0.969
0.981
0.990
0.961
0.987
0.973
0.956
0.985
0.991
0.990
0.957
0.950
0.983
0.990
0.966
0.991
0.934
0.975
0.980
0.941
0.974
0.989
0.988
0.978
0.990
0.991
0.991
0.963
0.965
0.970
0.974
0.961
0.976
0.970
0.941
0.976
0.990
0.992
0.974
0.986
0.987
0.985
0.990
0.980
0.989
0.988
0.964
0.964
0.947
0.980
0.982
0.962
0.968
0.985
0.985
0.968
0.976
0.967
0.937
0.964
0.975
0.949
0.970
0.930
0.959
0.971
0.951
0.947
0.940
0.944
0.937
0.934
0.923
0.948
0.981
0.980
0.982
0.976
0.986
0.979
0.970
0.983
0.921
0.959
0.980
0.985
0.958
0.976
0.976
0.978
0.975
0.985
0.989
0.950
0.974
0.939
0.981
0.964
0.976
0.980
0.975
0.982
0.931
0.908
0.948
0.974
0.968
0.934
0.925
0.938
0.897
0.925
0.918
0.953
0.970
0.937
0.965
0.939
0.946
0.924
0.922
0.959
0.974
0.936
0.922
0.927
0.913
0.976
0.883
0.942
0.954
0.967
0.959
0.976
0.973
0.973
0.989
0.966
0.988
0.987
0.989
0.982
0.962
0.988
0.971
0.988
0.978
0.978
0.969
0.977
0.968
0.986
0.989
0.989
0.978
0.990
0.990
0.986
0.966
0.954
0.981
0.879
0.985
0.931
0.895
0.968
0.961
0.968
0.850
0.982
0.988
0.979
0.982
0.924
0.979
0.988
0.989
0.957
0.973
0.988
0.980
0.981
0.982
0.993
0.984
0.990
0.975
0.985
0.988
0.990
0.976
0.964
0.990
0.962
0.954
0.971
0.979
0.990
0.972
0.977
0.973
0.970
0.960
0.980
0.961
0.951
0.950
0.955
0.975
0.966
0.964
0.971
0.968
0.962
0.942
0.973
0.919
0.952
0.935
0.912
0.962
0.981
0.978
0.977
0.951
0.983
0.967
0.939
0.963
0.934
0.944
0.904
0.862
0.903
0.969
0.961
0.920
0.913
0.965
0.982
0.953
0.874
0.951
0.949
0.970
0.976
0.969
0.945
0.935
0.950
0.971
0.974
0.958
0.918
0.911
0.887
0.935
0.966
0.947
0.953
0.951
0.924
0.866
0.926
0.876
0.890
0.906
0.946
0.958
0.979
0.876
0.878
0.931
0.910
0.935
0.948
0.963
0.971
0.973
0.983
0.940
0.916
0.975
0.989
0.977
0.949
0.928
0.982
0.956
0.939
0.934
0.971
0.976
0.974
0.968
0.958
0.925
0.940
0.912
0.937
0.918
0.929
0.913
0.924
0.954
0.968
0.976
0.934
0.973
0.912
0.924
0.908
0.912
0.925
0.969
0.936
0.971
0.939
0.977
0.985
0.925
0.948
0.966
0.979
0.989
0.984
0.967
0.930
0.974
0.970
0.970
0.970
0.929
0.974
0.955
0.980
0.984
0.989
0.964
0.975
0.983
0.982
0.981
0.963
0.979
0.974
0.934
0.977
0.975
0.986
0.987
0.907
0.955
0.956
0.964
0.983
0.936
0.913
0.922
0.947
0.934
0.985
0.968
0.956
0.960
0.970
0.978
0.954
0.961
0.963
0.967
0.952
0.962
0.963
0.904
0.962
0.959
0.990
0.960
0.962
0.988
0.958
0.990
0.977
0.976
0.937
0.983
0.981
0.943
0.955
0.975
0.981
0.965
0.991
0.964
0.924
0.948
0.940
0.926
0.968
0.973
0.926
0.922
0.985
0.984
0.990
0.966
0.943
0.928
0.988
0.955
0.958
0.974
0.981
0.954
0.949
0.958
0.936
0.977
0.968
0.923
0.917
0.891
0.881
0.889
0.860
0.842
0.871
0.853
0.860
0.843
0.752
0.817
0.883
0.914
0.889
0.930
0.976
0.977
0.937
0.975
0.975
0.942
0.898
0.946
0.938
0.989
0.980
0.976
0.963
0.938
0.896
0.912
0.946
0.942
0.968
0.986
0.918
0.961
0.983
0.989
0.981
0.986
0.967
0.971
0.933
0.975
0.942
0.980
0.939
0.978
0.980
0.952
0.934
0.972
0.977
0.982
0.968
0.948
0.935
0.954
0.951
0.964
0.973
0.970
0.980
0.929
0.941
0.971
0.972
0.968
0.980
0.963
0.972
0.983
0.978
0.991
0.972
0.940
0.987
0.979
0.961
0.939
0.989
0.946
0.981
0.973
0.980
0.987
0.948
0.918
0.965
0.970
0.963
0.962
0.972
0.947
0.946
0.966
0.977
0.968
0.956
0.951
0.969
0.950
0.982
0.972
0.986
0.984
0.959
0.963
0.970
0.976
0.976
0.963
0.940
0.960
0.970
0.968
0.977
0.991
0.954
0.985
0.920
0.988
0.972
0.932
0.820
0.979
0.965
0.958
0.967
0.969
0.964
0.985
0.956
0.959
0.942
0.978
0.977
0.987
0.949
0.982
0.978
0.988
0.990
0.990
0.986
0.977
0.962
0.972
0.980
0.983
0.987
0.986
0.948
0.967
0.926
0.930
0.951
0.951
0.974
0.936
0.948
0.932
0.972
0.976
0.950
0.952
0.957
0.938
0.936
0.942
0.966
0.983
0.958
0.965
0.965
0.949
0.939
0.940
0.957
0.990
0.981
0.982
0.983
0.930
0.968
0.939
0.958
0.980
0.928
0.951
0.916
0.961
0.955
0.927
0.936
0.935
0.921
0.961
0.943
0.972
0.977
0.963
0.952
0.943
0.916
0.902
0.892
0.920
0.931
0.903
0.898
0.910
0.949
0.980
0.955
0.957
0.965
0.931
0.923
0.969
0.986
0.958
0.975
0.990
0.972
0.965
0.949
0.958
0.950
0.967
0.981
0.978
0.960
0.979
0.982
0.961
0.987
0.936
0.958
0.956
0.949
0.970
0.968
0.962
0.969
0.979
0.955
0.934
0.911
0.988
0.977
0.950
0.974
0.965
0.976
0.981
0.982
0.981
0.974
0.966
0.966
0.986
0.965
0.938
0.882
0.922
0.960
0.981
0.941
0.986
0.986
0.987
0.959
0.973
0.961
0.943
0.984
0.985
0.956
0.940
0.928
0.946
0.921
0.958
0.951
0.979
0.987
0.982
0.955
0.981
0.969
0.985
0.934
0.907
0.971
0.984
0.950
0.978
0.965
0.972
0.974
0.956
0.973
0.973
0.979
0.988
0.966
0.978
0.963
0.960
0.984
0.988
0.935
0.926
0.977
0.977
0.987
0.954
0.951
0.969
0.966
0.944
0.983
0.957
0.986
0.945
0.956
0.950
0.971
0.990
0.927
0.962
0.972
0.967
0.954
0.924
0.952
0.984
0.958
0.983
0.959
0.985
0.975
0.971
0.982
0.950
0.953
0.975
0.967
0.973
0.971
0.983
0.980
0.949
0.991
0.947
0.989
0.989
0.961
0.873
0.859
0.907
0.854
0.829
0.926
0.927
0.954
0.928
0.978
0.946
0.989
0.987
0.970
0.980
0.982
0.971
0.977
0.962
0.892
0.950
0.938
0.906
0.945
0.976
0.950
0.941
0.985
0.990
0.950
0.955
0.969
0.969
0.958
0.976
0.965
0.988
0.918
0.946
0.986
0.954
0.957
0.982
0.947
0.905
0.951
0.983
0.972
0.945
0.942
0.949
0.979
0.981
0.949
0.970
0.991
0.965
0.979
0.983
0.984
0.990
0.984
0.966
0.964
0.991
0.979
0.987
0.958
0.976
0.965
0.991
0.976
0.991
0.977
0.989
0.914
0.926
0.993
0.983
0.972
0.980
0.972
0.991
0.982
0.954
0.925
0.976
0.957
0.924
0.965
0.988
0.971
0.914
0.936
0.933
0.941
0.937
0.899
0.889
0.972
0.906
0.947
0.968
0.983
0.948
0.967
0.930
0.951
0.969
0.952
0.966
0.986
0.963
0.932
0.935
0.945
0.963
0.948
0.979
0.988
0.983
0.976
0.971
0.940
0.974
0.984
0.988
0.986
0.990
0.954
0.981
0.935
0.987
0.986
0.973
0.987
0.987
0.970
0.977
0.952
0.990
0.991
0.955
0.985
0.975
0.958
0.978
0.988
0.952
0.979
0.935
0.897
0.939
0.938
0.975
0.990
0.968
0.971
0.986
0.960
0.977
0.977
0.946
0.936
0.976
0.950
0.978
0.934
0.917
0.935
0.948
0.978
0.948
0.939
0.948
0.974
0.913
0.904
0.908
0.929
0.925
0.990
0.975
0.947
0.952
0.917
0.896
0.898
0.955
0.950
0.940
0.956
0.966
0.954
0.948
0.905
0.874
0.869
0.902
0.900
0.937
0.891
0.908
0.920
0.879
0.926
0.885
0.939
0.930
0.921
0.928
0.904
0.904
0.938
0.929
0.921
0.906
0.947
0.939
