19790101
0.782
0.769
0.798
0.838
0.866
0.879
0.937
0.886
0.808
0.774
0.775
0.756
0.786
0.797
0.823
0.811
0.775
0.771
0.806
0.771
0.756
0.849
0.836
0.892
0.804
0.742
0.806
0.920
0.900
0.838
0.741
0.804
0.837
0.695
0.690
0.753
0.770
0.791
0.805
0.775
0.750
0.771
0.766
0.730
0.813
0.749
0.845
0.825
0.782
0.693
0.712
0.719
0.750
0.792
0.826
0.912
0.930
0.905
0.939
0.915
0.839
0.796
0.933
0.950
0.960
0.959
0.933
0.867
0.780
0.818
0.848
0.813
0.778
0.831
0.876
0.811
0.917
0.948
0.930
0.924
0.919
0.965
0.967
0.947
0.886
0.814
0.814
0.914
0.822
0.725
0.748
0.813
0.865
0.839
0.876
0.827
0.792
0.759
0.745
0.730
0.703
0.728
0.766
0.804
0.799
0.739
0.751
0.761
0.782
0.847
0.945
0.919
0.879
0.950
0.940
0.954
0.962
0.969
0.958
0.890
0.917
0.880
0.861
0.829
0.798
0.753
0.765
0.741
0.718
0.698
0.765
0.813
0.798
0.752
0.837
0.868
0.934
0.892
0.957
0.859
0.963
0.896
0.953
0.865
0.852
0.808
0.790
0.822
0.920
0.923
0.813
0.834
0.892
0.922
0.853
0.858
0.962
0.932
0.897
0.867
0.756
0.745
0.789
0.793
0.833
0.773
0.827
0.797
0.762
0.739
0.826
0.758
0.757
0.777
0.770
0.766
0.756
0.748
0.722
0.730
0.731
0.731
0.781
0.751
0.756
0.710
0.633
0.674
0.705
0.712
0.729
0.710
0.753
0.785
0.796
0.806
0.775
0.816
0.877
0.781
0.742
0.712
0.762
0.736
0.708
0.705
0.709
0.678
0.688
0.728
0.785
0.804
0.780
0.769
0.760
0.739
0.724
0.698
0.708
0.696
0.711
0.692
0.738
0.737
0.731
0.731
0.751
0.776
0.743
0.765
0.775
0.720
0.784
0.798
0.847
0.876
0.931
0.864
0.836
0.950
0.895
0.936
0.929
0.892
0.918
0.830
0.804
0.934
0.809
0.737
0.908
0.917
0.869
0.761
0.803
0.837
0.893
0.929
0.891
0.782
0.912
0.787
0.827
0.796
0.786
0.810
0.805
0.752
0.785
0.770
0.777
0.760
0.756
0.781
0.742
0.747
0.741
0.786
0.775
0.744
0.763
0.776
0.760
0.850
0.809
0.818
0.784
0.859
0.912
0.941
0.944
0.867
0.939
0.881
0.861
0.827
0.779
0.903
0.943
0.854
0.965
0.876
0.827
0.849
0.890
0.828
0.930
0.903
0.857
0.922
0.797
0.820
0.908
0.891
0.966
0.970
0.911
0.822
0.935
0.953
0.945
0.901
0.959
0.869
0.913
0.893
0.856
0.926
0.862
0.959
0.858
0.779
0.804
0.851
0.827
0.825
0.815
0.763
0.776
0.769
0.724
0.736
0.729
0.777
0.759
0.752
0.750
0.932
0.894
0.787
0.961
0.973
0.939
0.911
0.868
0.853
0.840
0.878
0.856
0.950
0.773
0.782
0.864
0.947
0.881
0.917
0.896
0.848
0.785
0.777
0.762
0.708
0.729
0.742
0.742
0.817
0.846
0.859
0.907
0.942
0.936
0.925
0.964
0.933
0.911
0.782
0.756
0.759
0.865
0.776
0.701
0.716
0.756
0.755
0.900
0.933
0.952
0.970
0.962
0.954
0.927
0.944
0.856
0.807
0.795
0.843
0.772
0.712
0.725
0.704
0.699
0.770
0.850
0.856
0.938
0.851
0.901
0.848
0.824
0.879
0.878
0.867
0.759
0.817
0.904
0.853
0.916
0.957
0.778
0.791
0.764
0.731
0.718
0.658
0.676
0.758
0.783
0.823
0.870
0.837
0.809
0.810
0.888
0.883
0.804
0.729
0.834
0.816
0.744
0.721
0.654
0.672
0.733
0.728
0.720
0.789
0.714
0.817
0.863
0.828
0.788
0.868
0.889
0.913
0.959
0.862
0.907
0.872
0.923
0.924
0.937
0.787
0.780
0.718
0.692
0.744
0.791
0.816
0.818
0.821
0.830
0.919
0.889
0.926
0.829
0.883
0.942
0.922
0.957
0.834
0.831
0.864
0.785
0.826
0.851
0.814
0.821
0.794
0.841
0.905
0.946
0.928
0.807
0.821
0.842
0.783
0.792
0.739
0.760
0.799
0.798
0.831
0.835
0.806
0.769
0.795
0.835
0.819
0.837
0.815
0.786
0.843
0.848
0.834
0.772
0.759
0.798
0.791
0.819
0.842
0.731
0.678
0.734
0.728
0.776
0.813
0.785
0.804
0.809
0.796
0.757
0.748
0.690
0.647
0.662
0.698
0.678
0.667
0.675
0.701
0.686
0.677
0.689
0.702
0.700
0.723
0.767
0.760
0.774
0.766
0.750
0.709
0.720
0.719
0.723
0.733
0.791
0.796
0.865
0.828
0.792
0.723
0.768
0.771
0.816
0.776
0.739
0.719
0.710
0.713
0.776
0.808
0.794
0.757
0.754
0.763
0.764
0.778
0.757
0.777
0.769
0.760
0.782
0.786
0.749
0.756
0.796
0.779
0.753
0.698
0.702
0.681
0.693
0.733
0.706
0.725
0.735
0.750
0.753
0.754
0.863
0.784
0.779
0.760
0.727
0.745
0.758
0.723
0.656
0.683
0.734
0.764
0.790
0.860
0.862
0.758
0.799
0.882
0.862
0.776
0.775
0.801
0.732
0.727
0.746
0.728
0.792
0.962
0.931
0.872
0.814
0.830
0.809
0.889
0.806
0.899
0.844
0.833
0.809
0.789
0.755
0.820
0.804
0.837
0.822
0.948
0.920
0.854
0.816
0.787
0.793
0.775
0.762
0.847
0.831
0.834
0.827
0.865
0.828
0.817
0.852
0.852
0.859
0.964
0.967
0.968
0.951
0.940
0.887
0.932
0.927
0.904
0.935
0.973
0.911
0.900
0.909
0.848
0.861
0.889
0.888
0.887
0.884
0.904
0.896
0.842
0.858
0.891
0.931
0.899
0.960
0.897
0.883
0.862
0.943
0.824
0.761
0.793
0.826
0.781
0.805
0.849
0.844
0.870
0.886
0.885
0.957
0.941
0.968
0.905
0.884
0.866
0.843
0.847
0.839
0.962
0.943
0.940
0.959
0.908
0.945
0.839
0.858
0.821
0.751
0.740
0.781
0.763
0.764
0.850
0.751
0.729
0.820
0.812
0.806
0.780
0.810
0.777
0.762
0.818
0.773
0.752
0.811
0.742
0.743
0.790
0.797
0.791
0.797
0.820
0.815
0.820
0.846
0.813
0.873
0.948
0.934
0.827
0.844
0.814
0.844
0.743
0.809
0.937
0.909
0.955
0.962
0.943
0.886
0.899
0.835
0.833
0.843
0.853
0.939
0.915
0.848
0.805
0.769
0.773
0.804
0.838
0.786
0.776
0.826
0.972
0.853
0.947
0.965
0.943
0.953
0.842
0.869
0.940
0.877
0.893
0.938
0.853
0.866
0.897
0.895
0.842
0.913
0.840
0.833
0.846
0.855
0.873
0.848
0.816
0.800
0.770
0.805
0.843
0.826
0.846
0.832
0.821
0.819
0.793
0.828
0.784
0.805
0.817
0.949
0.931
0.932
0.952
0.923
0.959
0.916
0.890
0.900
0.959
0.930
0.811
0.842
0.902
0.870
0.939
0.956
0.962
0.965
0.925
0.969
0.975
0.968
0.818
0.683
0.970
0.954
0.942
0.873
0.885
0.863
0.854
0.831
0.842
0.841
0.865
0.814
0.802
0.794
0.873
0.929
0.848
0.940
0.858
0.912
0.818
0.918
0.834
0.889
0.865
0.874
0.778
0.722
0.799
0.852
0.900
0.855
0.907
0.836
0.780
0.823
0.791
0.815
0.793
0.838
0.860
0.785
0.782
0.777
0.795
0.830
0.846
0.775
0.734
0.786
0.779
0.803
0.842
0.858
0.836
0.802
0.824
0.854
0.874
0.760
0.807
0.798
0.784
0.773
0.770
0.759
0.703
0.727
0.789
0.813
0.762
0.737
0.734
0.748
0.787
0.717
0.712
0.718
0.718
0.712
0.745
0.729
0.689
0.710
0.754
0.751
0.722
0.731
0.734
0.737
0.755
0.787
0.721
0.677
0.752
0.739
0.780
0.816
0.717
0.732
0.710
0.727
0.725
0.731
0.770
0.787
0.830
0.789
0.792
0.761
0.777
0.728
0.722
0.787
0.825
0.897
0.816
0.795
0.746
0.782
0.817
0.801
0.853
0.805
0.833
0.887
0.819
0.777
0.805
0.794
0.787
0.787
0.752
0.816
0.767
0.669
0.729
0.728
0.746
0.779
0.726
0.784
0.841
0.811
0.787
0.764
0.804
0.837
0.855
0.854
0.770
0.814
0.912
0.801
0.886
0.836
0.964
0.963
0.915
0.965
0.874
0.875
0.850
0.861
0.818
0.861
0.832
0.896
0.878
0.905
0.816
0.874
0.952
0.950
0.967
0.979
0.969
0.892
0.867
0.884
0.847
0.824
0.940
0.921
0.899
0.956
0.920
0.923
0.947
0.968
0.928
0.878
0.878
0.899
0.875
0.957
0.967
0.868
0.892
0.831
0.807
0.848
0.838
0.871
0.929
0.939
0.965
0.919
0.842
0.880
0.933
0.936
0.891
0.820
0.878
0.939
0.879
0.851
0.828
0.874
0.954
0.871
0.898
0.907
0.906
0.943
0.967
0.881
0.862
0.819
0.839
0.797
0.795
0.813
0.880
0.952
0.974
0.904
0.964
0.960
0.966
0.926
0.964
0.947
0.859
0.943
0.900
0.846
0.866
0.839
0.892
0.903
0.833
0.927
0.832
0.680
0.697
0.760
0.783
0.749
0.840
0.869
0.952
0.927
0.858
0.849
0.848
0.796
0.803
0.872
0.878
0.898
0.917
0.929
0.940
0.906
0.897
0.880
0.849
0.817
0.961
0.952
0.978
0.984
0.919
0.971
0.977
0.965
0.975
0.964
0.964
0.901
0.913
0.951
0.940
0.871
0.890
0.918
0.885
0.910
0.949
0.957
0.910
0.943
0.934
0.876
0.827
0.827
0.826
0.926
0.954
0.978
0.987
0.973
0.919
0.920
0.868
0.852
0.859
0.915
0.949
0.973
0.978
0.972
0.942
0.956
0.893
0.899
0.890
0.876
0.915
0.971
0.964
0.962
0.923
0.889
0.900
0.932
0.875
0.793
0.716
0.762
0.820
0.956
0.937
0.936
0.896
0.763
0.786
0.807
0.795
0.809
0.752
0.827
0.913
0.956
0.969
0.921
0.871
0.883
0.866
0.825
0.906
0.818
0.884
0.809
0.777
0.787
0.794
0.823
0.816
0.829
0.850
0.877
0.848
0.841
0.805
0.910
0.834
0.911
0.820
0.884
0.940
0.873
0.890
0.923
0.847
0.806
0.764
0.753
0.746
0.812
0.791
0.809
0.824
0.803
0.787
0.775
0.730
0.759
0.737
0.756
0.756
0.759
0.777
0.797
0.837
0.768
0.782
0.786
0.787
0.743
0.691
0.689
0.717
0.709
0.686
0.653
0.638
0.701
0.725
0.741
0.735
0.761
0.752
0.728
0.723
0.710
0.779
0.801
0.756
0.710
0.723
0.720
0.685
0.676
0.664
0.764
0.733
0.726
0.702
0.724
0.716
0.739
0.761
0.783
0.763
0.740
0.702
0.715
0.759
0.699
0.690
0.697
0.709
0.781
0.752
0.678
0.720
0.705
0.729
0.731
0.725
0.779
0.785
0.766
0.711
0.650
0.780
0.765
0.724
0.722
0.715
0.712
0.771
0.771
0.735
0.735
0.728
0.771
0.750
0.757
0.753
0.743
0.740
0.742
0.716
0.771
0.740
0.802
0.759
0.824
0.787
0.759
0.748
0.804
0.779
0.733
0.748
0.709
0.706
0.716
0.706
0.707
0.804
0.810
0.840
0.923
0.906
0.827
0.870
0.827
0.844
0.803
0.809
0.909
0.863
0.939
0.932
0.860
0.936
0.847
0.939
0.938
0.871
0.857
0.874
0.935
0.911
0.963
0.919
0.929
0.923
0.988
0.894
0.885
0.882
0.875
0.904
0.886
0.925
0.972
0.933
0.969
0.964
0.931
0.977
0.916
0.887
0.920
0.891
0.936
0.958
0.854
0.800
0.802
0.833
0.832
0.790
0.816
0.844
0.851
0.878
0.826
0.809
0.790
0.840
0.959
0.961
0.804
0.754
0.779
0.786
0.852
0.880
0.876
0.884
0.908
0.878
0.977
0.940
0.982
0.909
0.927
0.901
0.864
0.870
0.906
0.935
0.938
0.989
0.965
0.976
0.930
0.916
0.928
0.902
0.928
0.964
0.966
0.921
0.893
0.913
0.960
0.944
0.896
0.916
0.920
0.909
0.906
0.893
0.884
0.910
0.909
0.923
0.903
0.891
0.867
0.880
0.871
0.883
0.916
0.884
0.892
0.885
0.870
0.870
0.903
0.894
0.876
0.916
0.927
0.946
0.881
0.855
0.862
0.918
0.926
0.895
0.948
0.973
0.964
0.951
0.911
0.878
0.882
0.893
0.888
0.916
0.884
0.920
0.897
0.883
0.878
0.911
0.879
0.900
0.857
0.863
0.880
0.856
0.863
0.904
0.901
0.910
0.889
0.915
0.919
0.888
0.955
0.935
0.950
0.895
0.841
0.818
0.840
0.852
0.867
0.921
0.862
0.749
0.824
0.837
0.836
0.881
0.897
0.904
0.938
0.957
0.900
0.877
0.877
0.895
0.851
0.906
0.928
0.862
0.871
0.931
0.918
0.955
0.941
0.939
0.897
0.979
0.870
0.882
0.865
0.822
0.783
0.802
0.826
0.885
0.806
0.852
0.858
0.903
0.859
0.843
0.954
0.963
0.935
0.840
0.942
0.823
0.828
0.804
0.814
0.792
0.811
0.757
0.761
0.778
0.785
0.798
0.835
0.891
0.850
0.964
0.964
0.947
0.965
0.920
0.951
0.907
0.839
0.841
0.840
0.827
0.944
0.845
0.844
0.794
0.815
0.782
0.796
0.780
0.748
0.724
0.787
0.878
0.825
0.761
0.849
0.844
0.824
0.859
0.827
0.822
0.755
0.755
0.724
0.725
0.757
0.760
0.750
0.718
0.737
0.763
0.785
0.729
0.768
0.784
0.798
0.758
0.697
0.710
0.815
0.782
0.816
0.809
0.878
0.806
0.705
0.721
0.745
0.742
0.821
0.800
0.766
0.780
0.787
0.744
0.729
0.753
0.776
0.707
0.606
0.698
0.708
0.742
0.778
0.785
0.804
0.798
0.761
0.742
0.734
0.773
0.769
0.745
0.736
0.731
0.746
0.742
0.738
0.736
0.708
0.685
0.701
0.707
0.725
0.792
0.770
0.777
0.763
0.740
0.737
0.713
0.713
0.739
0.755
0.768
0.750
0.705
0.694
0.762
0.678
0.702
0.750
0.763
0.681
0.746
0.744
0.741
0.725
0.680
0.769
0.781
0.763
0.802
0.760
0.727
0.723
0.728
0.729
0.767
0.728
0.715
0.761
0.694
0.695
0.682
0.719
0.694
0.664
0.731
0.754
0.849
0.801
0.780
0.805
0.836
0.857
0.818
0.833
0.837
0.879
0.933
0.934
0.989
0.964
0.939
0.890
0.951
0.970
0.987
0.950
0.904
0.908
0.965
0.873
0.916
0.885
0.905
0.986
0.905
0.906
0.872
0.917
0.885
0.897
0.906
0.895
0.911
0.908
0.975
0.964
0.945
0.945
0.928
0.956
0.919
0.788
0.726
0.801
0.791
0.769
0.808
0.904
0.862
0.772
0.810
0.880
0.869
0.896
0.887
0.833
0.862
0.925
0.960
0.964
0.989
0.946
0.967
0.909
0.950
0.951
0.912
0.902
0.931
0.917
0.944
0.940
0.951
0.955
0.912
0.898
0.897
0.906
0.921
0.952
0.954
0.924
0.935
0.937
0.964
0.985
0.973
0.985
0.981
0.990
0.972
0.977
0.976
0.979
0.988
0.972
0.984
0.953
0.958
0.942
0.935
0.905
0.901
0.945
0.970
0.991
0.992
0.956
0.947
0.990
0.944
0.956
0.933
0.969
0.952
0.932
0.972
0.941
0.957
0.972
0.971
0.970
0.948
0.938
0.945
0.926
0.937
0.918
0.955
0.918
0.982
0.967
0.980
0.938
0.945
0.950
0.934
0.960
0.921
0.936
0.959
0.969
0.903
0.961
0.947
0.954
0.953
0.904
0.876
0.892
0.912
0.961
0.913
0.924
0.925
0.871
0.893
0.835
0.873
0.953
0.945
0.972
0.970
0.965
0.849
0.819
0.953
0.957
0.952
0.921
0.919
0.951
0.961
0.967
0.964
0.970
0.947
0.916
0.861
0.873
0.887
0.906
0.953
0.911
0.905
0.866
0.905
0.806
0.835
0.898
0.879
0.948
0.910
0.818
0.732
0.806
0.867
0.941
0.918
0.922
0.954
0.889
0.909
0.890
0.864
0.958
0.943
0.901
0.854
0.728
0.717
0.778
0.789
0.856
0.855
0.896
0.947
0.918
0.940
0.952
0.941
0.921
0.941
0.794
0.772
0.888
0.827
0.785
0.846
0.963
0.913
0.919
0.945
0.891
0.828
0.836
0.809
0.796
0.849
0.943
0.804
0.792
0.789
0.845
0.886
0.801
0.752
0.820
0.737
0.724
0.743
0.790
0.732
0.743
0.770
0.783
0.745
0.736
0.768
0.772
0.765
0.807
0.869
0.788
0.753
0.810
0.827
0.889
0.793
0.839
0.786
0.848
0.802
0.789
0.769
0.836
0.795
0.774
0.771
0.778
0.819
0.764
0.772
0.754
0.776
0.809
0.797
0.747
0.775
0.747
0.753
0.775
0.748
0.758
0.745
0.729
0.727
0.781
0.790
0.747
0.814
0.816
0.755
0.738
0.738
0.738
0.768
0.742
0.765
0.767
0.759
0.782
0.762
0.804
0.802
0.809
0.758
0.804
0.827
0.777
0.778
0.790
0.775
0.760
0.752
0.791
0.738
0.699
0.773
0.744
0.742
0.727
0.717
0.723
0.765
0.856
0.742
0.783
0.803
0.729
0.788
0.809
0.825
0.828
0.910
0.780
0.814
0.847
0.951
0.813
0.810
0.916
0.906
0.909
0.755
0.855
0.791
0.778
0.784
0.816
0.816
0.823
0.856
0.820
0.878
0.887
0.955
0.888
0.876
0.855
0.901
0.877
0.948
0.858
0.926
0.910
0.924
0.930
0.873
0.904
0.925
0.952
0.981
0.969
0.983
0.961
0.986
0.989
0.984
0.974
0.983
0.925
0.925
0.952
0.960
0.986
0.981
0.964
0.898
0.942
0.962
0.974
0.961
0.974
0.887
0.841
0.841
0.879
0.873
0.836
0.833
0.897
0.920
0.876
0.838
0.828
0.923
0.887
0.882
0.887
0.837
0.868
0.824
0.847
0.863
0.840
0.897
0.954
0.937
0.888
0.963
0.950
0.939
0.897
0.902
0.906
0.962
0.978
0.969
0.928
0.942
0.923
0.929
0.930
0.919
0.901
0.902
0.920
0.894
0.870
0.877
0.889
0.897
0.915
0.919
0.963
0.982
0.937
0.973
0.944
0.937
0.956
0.983
0.982
0.950
0.968
0.939
0.941
0.948
0.971
0.920
0.950
0.990
0.962
0.933
0.913
0.922
0.892
0.884
0.876
0.874
0.954
0.865
0.851
0.855
0.827
0.800
0.756
0.792
0.827
0.834
0.813
0.804
0.809
0.794
0.792
0.795
0.795
0.772
0.775
0.766
0.777
0.795
0.758
0.795
0.876
0.882
0.859
0.771
0.802
0.802
0.780
0.796
0.800
0.842
0.820
0.816
0.746
0.752
0.807
0.906
0.957
0.958
0.807
0.909
0.955
0.711
0.809
0.901
0.941
0.875
0.947
0.816
0.790
0.733
0.788
0.838
0.929
0.804
0.922
0.927
0.933
0.954
0.843
0.931
0.924
0.865
0.898
0.847
0.900
0.870
0.850
0.735
0.669
0.743
0.815
0.815
0.767
0.720
0.756
0.742
0.794
0.891
0.886
0.958
0.886
0.947
0.965
0.887
0.843
0.840
0.949
0.954
0.824
0.743
0.827
0.926
0.762
0.851
0.831
0.967
0.951
0.888
0.951
0.941
0.895
0.958
0.971
0.939
0.904
0.724
0.797
0.828
0.767
0.799
0.799
0.787
0.799
0.742
0.752
0.758
0.793
0.859
0.901
0.815
0.826
0.805
0.795
0.773
0.807
0.709
0.615
0.690
0.677
0.693
0.716
0.706
0.680
0.692
0.678
0.689
0.685
0.669
0.689
0.642
0.694
0.715
0.709
0.687
0.661
0.698
0.699
0.659
0.646
0.688
0.729
0.662
0.666
0.699
0.790
0.769
0.730
0.682
0.687
0.739
0.736
0.753
0.750
0.773
0.731
0.719
0.721
0.722
0.744
0.831
0.839
0.789
0.825
0.813
0.745
0.727
0.755
0.799
0.740
0.755
0.733
0.764
0.780
0.792
0.812
0.785
0.876
0.733
0.738
0.775
0.798
0.809
0.769
0.762
0.766
0.757
0.775
0.795
0.780
0.753
0.782
0.781
0.815
0.883
0.868
0.785
0.778
0.777
0.767
0.725
0.698
0.719
0.767
0.767
0.792
0.808
0.818
0.907
0.867
0.856
0.804
0.837
0.753
0.774
0.760
0.675
0.648
0.708
0.737
0.821
0.811
0.854
0.819
0.853
0.845
0.857
0.840
0.704
0.745
0.868
0.863
0.817
0.786
0.809
0.841
0.835
0.787
0.832
0.835
0.726
0.753
0.726
0.753
0.808
0.781
0.844
0.885
0.944
0.868
0.917
0.876
0.878
0.952
0.972
0.851
0.936
0.966
0.874
0.964
0.907
0.739
0.736
0.815
0.946
0.969
0.840
0.864
0.821
0.821
0.854
0.847
0.887
0.850
0.962
0.826
0.794
0.832
0.808
0.805
0.792
0.852
0.929
0.841
0.880
0.961
0.889
0.804
0.782
0.838
0.964
0.969
0.907
0.887
0.910
0.924
0.890
0.953
0.883
0.870
0.852
0.837
0.862
0.844
0.841
0.800
0.747
0.741
0.721
0.757
0.733
0.783
0.817
0.803
0.763
0.807
0.817
0.815
0.910
0.944
0.862
0.712
0.788
0.782
0.833
0.847
0.860
0.811
0.844
0.829
0.846
0.742
0.813
0.859
0.800
0.828
0.899
0.835
0.974
0.872
0.804
0.813
0.804
0.799
0.796
0.854
0.816
0.817
0.862
0.876
0.794
0.837
0.967
0.891
0.877
0.983
0.969
0.857
0.908
0.723
0.779
0.825
0.842
0.813
0.887
0.943
0.905
0.926
0.915
0.881
0.972
0.941
0.966
0.980
0.947
0.916
0.905
0.967
0.971
0.983
0.951
0.910
0.960
0.964
0.919
0.859
0.826
0.816
0.880
0.853
0.870
0.909
0.917
0.889
0.925
0.876
0.938
0.845
0.787
0.718
0.694
0.748
0.844
0.751
0.759
0.716
0.732
0.818
0.786
0.792
0.816
0.816
0.872
0.921
0.946
0.924
0.946
0.943
0.967
0.948
0.956
0.869
0.794
0.777
0.730
0.787
0.803
0.862
0.890
0.923
0.898
0.955
0.941
0.896
0.925
0.776
0.840
0.825
0.885
0.851
0.846
0.878
0.774
0.813
0.826
0.811
0.873
0.810
0.830
0.738
0.784
0.815
0.845
0.902
0.838
0.851
0.771
0.807
0.712
0.678
0.845
0.847
0.773
0.738
0.843
0.803
0.771
0.819
0.869
0.919
0.965
-99.000
0.973
0.926
0.847
0.822
0.838
0.822
0.799
0.823
0.839
0.844
0.799
0.848
0.745
0.723
0.766
0.728
0.797
0.799
0.735
0.670
0.702
0.790
0.778
0.736
0.706
0.741
0.720
0.728
0.771
0.740
0.738
0.658
0.732
0.758
0.765
0.765
0.711
0.701
0.707
0.709
0.754
0.749
0.721
0.677
0.684
0.705
0.711
0.695
0.724
0.698
0.726
0.684
0.658
0.696
0.673
0.656
0.658
0.684
0.715
0.708
0.687
0.695
0.720
0.776
0.792
0.788
0.714
0.661
0.709
0.710
0.724
0.725
0.681
0.725
0.726
0.791
0.709
0.765
0.731
0.757
0.704
0.705
0.730
0.694
0.765
0.746
0.742
0.688
0.674
0.716
0.714
0.746
0.752
0.773
0.821
0.702
0.720
0.743
0.694
0.709
0.766
0.743
0.708
0.747
0.752
0.805
0.736
0.725
0.684
0.692
0.694
0.739
0.778
0.826
0.759
0.815
0.921
0.792
0.831
0.801
0.853
0.788
0.790
0.956
0.825
0.831
0.839
0.845
0.810
0.828
0.802
0.828
0.900
0.959
0.964
0.919
0.969
0.883
0.946
0.921
0.824
0.906
0.850
0.856
0.797
0.842
0.789
0.889
0.860
0.831
0.876
0.958
0.850
0.859
0.895
0.817
0.824
0.904
0.741
0.721
0.796
0.844
0.900
0.888
0.777
0.829
0.892
0.846
0.816
0.790
0.797
0.827
0.895
0.858
0.908
0.909
0.933
0.943
0.892
0.889
0.847
0.824
0.890
0.835
0.800
0.929
0.863
0.787
0.777
0.817
0.806
0.850
0.786
0.758
0.711
0.732
0.752
0.811
0.897
0.890
0.812
0.764
0.699
0.725
0.739
0.731
0.771
-99.000
-99.000
-99.000
-99.000
-99.000
-99.000
-99.000
-99.000
0.816
0.729
0.738
0.761
0.787
0.899
0.903
0.784
0.772
0.782
0.751
0.778
0.746
0.749
0.694
0.732
0.707
0.805
0.818
0.825
0.803
0.847
0.920
0.931
0.817
0.789
0.850
0.812
0.792
0.752
0.833
0.812
0.757
0.763
0.785
0.783
0.800
0.750
0.794
0.841
0.816
0.810
0.861
0.904
0.821
0.797
0.823
0.818
0.798
0.805
0.795
0.773
0.800
0.779
0.776
0.780
0.749
0.763
0.792
0.789
0.779
0.797
0.863
0.910
0.776
0.942
0.959
0.958
0.962
0.969
0.832
0.966
0.961
0.843
0.809
0.793
0.784
0.809
0.768
0.774
0.800
0.804
0.855
0.868
0.839
0.924
0.895
0.876
0.910
0.943
0.948
0.900
0.943
0.924
0.889
0.825
0.854
0.778
0.812
0.770
0.692
0.690
0.689
0.762
0.813
0.835
0.820
0.735
0.767
0.786
0.780
0.774
0.778
0.840
0.761
0.804
0.925
0.869
0.895
0.778
0.947
0.879
0.953
0.923
0.940
0.923
0.913
0.925
0.795
0.789
0.781
0.779
0.737
0.775
0.750
0.828
0.781
0.728
0.762
0.834
0.842
0.885
0.964
0.916
0.932
0.836
0.879
0.772
0.743
0.732
0.727
0.738
0.786
0.792
0.913
0.909
0.858
0.911
0.791
0.713
0.716
0.730
0.772
0.786
0.785
0.753
0.674
0.710
0.740
0.738
0.786
0.726
0.732
0.744
0.757
0.788
0.738
0.739
0.713
0.753
0.768
0.778
0.733
0.753
0.734
0.707
0.728
0.754
0.736
0.740
0.750
0.770
0.748
0.752
0.744
0.771
0.765
0.915
0.791
0.721
0.707
0.748
0.760
0.730
0.703
0.755
0.795
0.814
0.955
0.769
0.747
0.748
0.843
0.814
0.772
0.762
0.802
0.748
0.742
0.732
0.744
0.728
0.732
0.796
0.775
0.715
0.679
0.711
0.733
0.749
0.725
0.723
0.743
0.718
0.723
0.737
0.716
0.716
0.718
0.740
0.710
0.718
0.752
0.729
0.731
0.773
0.776
0.863
0.772
0.742
0.734
0.705
0.759
0.719
0.654
0.791
0.820
0.821
0.718
0.685
0.685
0.679
0.774
0.821
0.786
0.889
0.830
0.837
0.808
0.901
0.750
0.822
0.915
0.855
0.879
0.884
0.901
0.954
0.810
0.812
0.791
0.910
0.861
0.922
0.923
0.942
0.968
0.801
0.827
0.965
0.935
0.907
0.941
0.834
0.840
0.801
0.871
0.863
0.860
0.903
0.887
0.957
0.940
0.890
0.923
0.940
0.885
0.936
0.859
0.843
0.881
0.753
0.748
0.763
0.814
0.845
0.870
0.846
0.901
0.818
0.919
0.860
0.924
0.956
0.957
0.971
0.764
0.838
0.907
0.943
0.905
0.924
0.931
0.904
0.914
0.877
0.886
0.951
0.929
0.894
0.929
0.855
0.898
0.900
0.862
0.896
0.809
0.831
0.809
0.813
0.787
0.759
0.723
0.708
0.685
0.702
0.693
0.593
0.621
0.662
0.713
0.793
0.755
0.744
0.703
0.733
0.738
0.750
0.740
0.731
0.762
0.743
0.737
0.737
0.781
0.769
0.754
0.741
0.725
0.729
0.749
0.804
0.779
0.767
0.729
0.780
0.813
0.818
0.740
0.673
0.677
0.717
0.716
0.736
0.755
0.737
0.674
0.667
0.741
0.906
0.817
0.766
0.803
0.748
0.847
0.912
0.944
0.952
0.968
0.844
0.848
0.842
0.785
0.776
0.800
0.717
0.763
0.826
0.794
0.885
0.927
0.952
0.960
0.932
0.801
0.814
0.803
0.746
0.654
0.703
0.802
0.738
0.820
0.933
0.954
0.942
0.924
0.960
0.904
0.865
0.810
0.789
0.665
0.604
0.668
0.598
0.677
0.667
0.668
0.614
0.642
0.776
0.711
0.732
0.796
0.731
0.767
0.791
0.785
0.956
0.824
0.861
0.925
0.814
0.815
0.864
0.953
0.914
0.890
0.949
0.942
0.917
0.911
0.842
0.874
0.919
0.867
0.960
0.916
0.886
0.899
0.879
0.881
0.865
0.832
0.933
0.825
0.922
0.877
0.817
0.831
0.829
0.803
0.780
0.763
0.789
0.803
0.801
0.867
0.935
0.771
0.829
0.831
0.837
0.856
0.850
0.897
0.852
0.747
0.836
0.811
0.905
0.866
0.849
0.947
0.897
0.858
0.838
0.888
0.907
0.809
0.767
0.772
0.753
0.762
0.772
0.831
0.807
0.818
0.782
0.830
0.771
0.803
0.957
0.898
0.816
0.920
0.893
0.881
0.877
0.895
0.948
0.852
0.833
0.777
0.824
0.855
0.777
0.841
0.884
0.861
0.822
0.817
0.802
0.791
0.805
0.778
0.777
0.736
0.692
0.698
0.739
0.709
0.719
0.729
0.721
0.709
0.718
0.746
0.735
0.741
0.770
0.750
0.737
0.721
0.775
0.800
0.791
0.758
0.792
0.742
0.797
0.807
0.763
0.768
0.784
0.856
0.802
0.772
0.767
0.735
0.759
0.770
0.853
0.831
0.829
0.797
0.840
0.854
0.865
0.783
0.912
0.795
0.814
0.827
0.733
0.761
0.848
0.970
0.843
0.868
0.851
0.840
0.820
0.852
0.837
0.821
0.919
0.915
0.914
0.948
0.877
0.885
0.865
0.782
0.815
0.865
0.936
0.836
0.779
0.835
0.902
0.869
0.787
0.773
0.733
0.706
0.785
0.871
0.970
0.909
0.907
0.851
0.817
0.754
0.750
0.718
0.718
0.668
0.748
0.880
0.925
0.900
0.818
0.889
0.795
0.827
0.819
0.836
0.919
0.854
0.802
0.864
0.933
0.972
0.923
0.856
0.880
0.882
0.967
0.803
0.865
0.847
0.787
0.873
0.969
0.864
0.891
0.970
0.837
0.851
0.834
0.865
0.856
0.857
0.943
0.946
0.871
0.890
0.963
0.967
0.959
0.945
0.970
0.972
0.891
0.882
0.863
0.895
0.893
0.957
0.920
0.925
0.940
0.943
0.910
0.909
0.933
0.938
0.928
0.924
0.883
0.944
0.931
0.874
0.855
0.884
0.980
0.877
0.824
0.760
0.791
0.888
0.828
0.860
0.820
0.836
0.830
0.873
0.857
0.947
0.905
0.819
0.811
0.823
0.887
0.877
0.847
0.853
0.826
0.875
0.747
0.747
0.805
0.854
0.790
0.793
0.799
0.802
0.811
0.821
0.833
0.811
0.776
0.754
0.778
0.817
0.851
0.910
0.842
0.806
0.818
0.850
0.903
0.935
0.950
0.871
0.780
0.836
0.873
0.830
0.831
0.777
0.754
0.769
0.810
0.771
0.733
0.777
0.735
0.762
0.869
0.795
0.870
0.941
0.884
0.877
0.866
0.820
0.781
0.723
0.747
0.792
0.866
0.885
0.950
0.936
0.920
0.894
0.939
0.944
0.826
0.881
0.871
0.900
0.912
0.943
0.917
0.946
0.955
0.957
0.969
0.848
0.906
0.948
0.898
0.874
0.879
0.953
0.921
0.871
0.945
0.944
0.948
0.824
0.808
0.738
0.725
0.791
0.818
0.795
0.753
0.764
0.776
0.864
0.852
0.821
0.846
0.801
0.814
0.776
0.781
0.839
0.738
0.764
0.814
0.825
0.845
0.956
0.857
0.942
0.934
0.934
0.892
0.918
0.896
0.892
0.814
0.947
0.800
0.867
0.946
0.885
0.845
0.894
0.794
0.745
0.636
0.691
0.744
0.688
0.704
0.736
0.826
0.793
0.796
0.833
0.853
0.830
0.810
0.793
0.768
0.749
0.815
0.838
0.820
0.864
0.819
0.748
0.809
0.795
0.818
0.781
0.789
0.786
0.761
0.741
0.629
0.667
0.751
0.757
0.729
0.784
0.763
0.798
0.763
0.815
0.783
0.757
0.800
0.740
0.735
0.727
0.698
0.700
0.722
0.764
0.715
0.748
0.735
0.749
0.717
0.677
0.671
0.651
0.678
0.619
0.656
0.611
0.667
0.688
0.749
0.792
0.781
0.812
0.877
0.885
0.835
0.768
0.862
0.812
0.801
0.803
0.782
0.739
0.666
0.693
0.644
0.804
0.732
0.778
0.753
0.731
0.784
0.765
0.690
0.746
0.779
0.806
0.741
0.723
0.793
0.845
0.808
0.770
0.769
0.798
0.759
0.768
0.793
0.765
0.830
0.824
0.821
0.751
0.721
0.813
0.862
0.913
0.956
0.802
0.795
0.796
0.798
0.790
0.821
0.774
0.755
0.644
0.682
0.692
0.764
0.746
0.775
0.773
0.785
0.858
0.726
0.752
0.838
0.861
0.900
0.878
0.757
0.750
0.783
0.843
0.931
0.858
0.742
0.747
0.844
0.847
0.833
0.840
0.887
0.880
0.805
0.774
0.839
0.839
0.819
0.751
0.770
0.811
0.817
0.858
0.873
0.867
0.926
0.910
0.897
0.846
0.890
0.811
0.811
0.956
0.948
0.972
0.907
0.877
0.893
0.849
0.855
0.954
0.707
0.813
0.960
0.852
0.801
0.951
0.868
0.825
0.811
0.816
0.925
0.854
0.818
0.785
0.847
0.821
0.831
0.784
0.791
0.871
0.967
0.932
0.950
0.951
0.906
0.863
0.793
0.771
0.815
0.868
0.836
0.837
0.841
0.836
0.773
0.774
0.787
0.786
0.789
0.739
0.745
0.774
0.861
0.890
0.898
0.975
0.956
0.967
0.962
0.945
0.739
0.815
0.866
0.822
0.835
0.849
0.946
0.933
0.940
0.882
0.832
0.862
0.825
0.848
0.840
0.843
0.783
0.756
0.758
0.754
0.760
0.754
0.752
0.728
0.708
0.691
0.786
0.710
0.703
0.755
0.738
0.703
0.695
0.728
0.781
0.734
0.939
0.913
0.870
0.821
0.820
0.865
0.945
0.958
0.861
0.876
0.933
0.821
0.817
0.912
0.918
0.940
0.834
0.836
0.943
0.956
0.934
0.906
0.871
0.957
0.888
0.781
0.833
0.835
0.907
0.785
0.767
0.693
0.667
0.714
0.698
0.625
0.694
0.729
0.701
0.702
0.737
0.764
0.773
0.735
0.737
0.785
0.862
0.923
0.938
0.956
0.940
0.894
0.842
0.918
0.936
0.930
0.897
0.931
0.949
0.882
0.853
0.809
0.734
0.667
0.610
0.733
0.786
0.823
0.850
0.853
0.947
0.913
0.945
0.951
0.932
0.925
0.938
0.966
0.820
0.843
0.870
0.912
0.948
0.900
0.955
0.944
0.908
0.943
0.942
0.899
0.964
0.917
0.884
0.799
0.854
0.895
0.868
0.835
0.838
0.762
0.708
0.714
0.679
0.693
0.828
0.787
0.770
0.745
0.762
0.719
0.814
0.755
0.754
0.823
0.809
0.779
0.757
0.753
0.766
0.788
0.805
0.704
0.668
0.748
0.777
0.780
0.815
0.836
0.828
0.850
0.838
0.850
0.751
0.725
0.725
0.661
0.666
0.722
0.777
0.770
0.725
0.722
0.733
0.684
0.731
0.732
0.716
0.747
0.727
0.724
0.794
0.860
0.780
0.759
0.806
0.821
0.844
0.754
0.793
0.791
0.745
0.735
0.740
0.814
0.733
0.683
0.702
0.766
0.749
0.735
0.669
0.710
0.814
0.654
0.669
0.737
0.661
0.675
0.725
0.775
0.698
0.689
0.735
0.711
0.672
0.709
0.684
0.687
0.742
0.748
0.747
0.804
0.713
0.666
0.680
0.603
0.602
0.596
0.571
0.586
0.703
0.762
0.814
0.853
0.812
0.787
0.770
0.835
0.840
0.799
0.755
0.679
0.667
0.735
0.772
0.754
0.755
0.758
0.765
0.775
0.778
0.754
0.728
0.710
0.711
0.706
0.746
0.800
0.764
0.847
0.914
0.766
0.753
0.789
0.795
0.796
0.771
0.768
0.786
0.848
0.849
0.880
0.957
0.786
0.819
0.760
0.798
0.948
0.916
0.898
0.856
0.852
0.874
0.938
0.947
0.849
0.826
0.950
0.853
0.910
0.865
0.892
0.792
0.782
0.805
0.870
0.935
0.905
0.932
0.920
0.968
0.865
0.919
0.877
0.909
0.793
0.792
0.784
0.740
0.737
0.758
0.712
0.755
0.730
0.734
0.774
0.781
0.753
0.807
0.843
0.836
0.963
0.866
0.794
0.839
0.776
0.862
0.961
0.835
0.896
0.962
0.953
0.971
0.952
0.885
0.845
0.949
0.911
0.866
0.917
0.816
0.808
0.743
0.709
0.674
0.722
0.716
0.695
0.700
0.678
0.738
0.723
0.803
0.813
0.807
0.783
0.829
0.818
0.832
0.904
0.974
0.938
0.876
0.854
0.808
0.836
0.849
0.827
0.784
0.803
0.858
0.934
0.969
0.948
0.862
0.958
0.822
0.839
0.922
0.837
0.795
0.773
0.722
0.606
0.678
0.662
0.647
0.670
0.689
0.657
0.678
0.704
0.786
0.965
0.855
0.746
0.708
0.639
0.749
0.780
0.757
0.805
0.799
0.818
0.800
0.773
0.808
0.855
0.845
0.907
0.958
0.867
0.663
0.629
0.604
0.606
0.685
0.694
0.679
0.775
0.856
0.930
0.936
0.889
0.924
0.944
0.866
0.884
0.907
0.821
0.912
0.856
0.843
0.880
0.893
0.823
0.755
0.766
0.718
0.645
0.670
0.774
0.889
0.865
0.899
0.964
0.969
0.882
0.964
0.934
0.941
0.965
0.818
0.776
0.736
0.749
0.851
0.836
0.793
0.899
0.896
0.920
0.955
0.957
0.872
0.958
0.927
0.924
0.935
0.800
0.839
0.817
0.798
0.762
0.702
0.787
0.862
0.836
0.820
0.801
0.839
0.915
0.807
0.828
0.790
0.811
0.804
0.771
0.767
0.833
0.830
0.820
0.820
0.823
0.825
0.795
0.842
0.962
0.968
0.862
0.958
0.946
0.905
0.896
0.907
0.777
0.763
0.727
0.743
0.756
0.833
0.855
0.842
0.843
0.819
0.807
0.836
0.772
0.753
0.776
0.739
0.719
0.748
0.784
0.860
0.792
0.798
0.867
0.820
0.819
0.788
0.757
0.798
0.803
0.782
0.827
0.782
0.755
0.803
0.813
0.798
0.803
0.773
0.762
0.797
0.826
0.795
0.796
0.781
0.730
0.725
0.741
0.759
0.736
0.737
0.706
0.710
0.717
0.707
0.681
0.667
0.670
0.676
0.698
0.717
0.738
0.756
0.688
0.716
0.770
0.797
0.855
0.856
0.724
0.657
0.657
0.750
0.740
0.786
0.771
0.789
0.725
0.650
0.711
0.699
0.626
0.650
0.672
0.702
0.775
0.724
0.763
0.750
0.762
0.700
0.639
0.639
0.686
0.724
0.674
0.696
0.714
0.681
0.655
0.647
0.667
0.741
0.691
0.720
0.721
0.643
0.659
0.679
0.658
0.679
0.707
0.710
0.806
0.842
0.820
0.832
0.790
0.788
0.797
0.807
0.783
0.796
0.766
0.826
0.800
0.743
0.750
0.785
0.792
0.813
0.759
0.720
0.706
0.850
0.922
0.818
0.787
0.784
0.834
0.746
0.746
0.736
0.775
0.735
0.809
0.806
0.726
0.613
0.598
0.641
0.684
0.697
0.737
0.772
0.800
0.772
0.734
0.757
0.760
0.790
0.834
0.794
0.884
0.812
0.797
0.783
0.765
0.846
0.901
0.954
0.827
0.968
0.917
0.900
0.911
0.970
0.878
0.805
0.776
0.769
0.857
0.804
0.845
0.813
0.813
0.763
0.757
0.760
0.728
0.744
0.818
0.798
0.846
0.890
0.793
0.737
0.740
0.761
0.810
0.786
0.765
0.806
0.860
0.973
0.978
0.974
0.945
0.952
0.887
0.834
0.890
0.917
0.834
0.736
0.749
0.771
0.782
0.805
0.771
0.687
0.714
0.778
0.804
0.739
0.728
0.738
0.767
0.727
0.655
0.648
0.689
0.752
0.775
0.933
0.773
0.741
0.667
0.609
0.660
0.687
0.693
0.702
0.676
0.801
0.881
0.813
0.749
0.698
0.756
0.828
0.825
0.871
0.778
0.780
0.805
0.691
0.738
0.698
0.742
0.775
0.881
0.933
0.903
0.949
0.780
0.780
0.781
0.695
0.652
0.650
0.658
0.744
0.805
0.704
0.691
0.622
0.643
0.699
0.692
0.671
0.779
0.704
0.609
0.725
0.748
0.750
0.709
0.693
0.688
0.603
0.620
0.676
0.762
0.821
0.827
0.775
0.715
0.587
0.648
0.779
0.916
0.784
0.750
0.719
0.823
0.845
0.830
0.743
0.738
0.715
0.874
0.904
0.860
0.831
0.893
0.838
0.774
0.739
0.667
0.675
0.740
0.846
0.874
0.888
0.888
0.918
0.962
0.908
0.868
0.911
0.843
0.925
0.841
0.760
0.779
0.830
0.811
0.808
0.804
0.864
0.868
0.822
0.735
0.794
0.928
0.872
0.835
0.895
0.872
0.739
0.632
0.714
0.773
0.713
0.741
0.828
0.822
0.814
0.841
0.790
0.741
0.787
0.834
0.871
0.803
0.761
0.752
0.806
0.932
0.925
0.854
0.811
0.800
0.809
0.810
0.839
0.757
0.754
0.794
0.804
0.738
0.722
0.690
0.766
0.706
0.658
0.648
0.686
0.749
0.789
0.812
0.760
0.691
0.674
0.662
0.678
0.709
0.742
0.775
0.729
0.744
0.689
0.653
0.574
0.632
0.671
0.691
0.734
0.701
0.691
0.734
0.730
0.725
0.747
0.789
0.815
0.770
0.752
0.720
0.597
0.644
0.703
0.695
0.734
0.645
0.633
0.716
0.709
0.735
0.765
0.752
0.713
0.739
0.714
0.687
0.716
0.711
0.679
0.692
0.720
0.736
0.709
0.734
0.698
0.690
0.733
0.799
0.835
0.814
0.818
0.736
0.672
0.665
0.689
0.678
0.711
0.645
0.610
0.694
0.731
0.758
0.766
0.713
0.771
0.730
0.728
0.676
0.714
0.712
0.676
0.752
0.681
0.710
0.700
0.646
0.682
0.756
0.778
0.757
0.784
0.777
0.795
0.699
0.660
0.753
0.841
0.832
0.882
0.825
0.740
0.756
0.734
0.655
0.711
0.736
0.766
0.765
0.722
0.766
0.809
0.776
0.797
0.821
0.716
0.734
0.763
0.665
0.590
0.612
0.689
0.762
0.747
0.774
0.762
0.723
0.780
0.821
0.793
0.733
0.702
0.742
0.784
0.843
0.731
0.743
0.713
0.751
0.811
0.824
0.786
0.854
0.940
0.959
0.880
0.765
0.783
0.928
0.864
0.865
0.844
0.830
0.959
0.932
0.964
0.852
0.849
0.825
0.897
0.895
0.919
0.959
0.881
0.903
0.871
0.880
0.975
0.928
0.893
0.930
0.888
0.914
0.864
0.887
0.871
0.942
0.935
0.954
0.868
0.804
0.773
0.882
0.906
0.814
0.811
0.723
0.751
0.773
0.760
0.705
0.646
0.707
0.717
0.792
0.818
0.848
0.712
0.685
0.658
0.666
0.704
0.721
0.846
0.858
0.945
0.906
0.883
0.797
0.762
0.766
0.784
0.889
0.801
0.928
0.933
0.858
0.849
0.791
0.734
0.722
0.689
0.687
0.687
0.698
0.736
0.745
0.764
0.841
0.822
0.931
0.835
0.835
0.815
0.795
0.794
0.737
0.700
0.722
0.833
0.844
0.846
0.794
0.789
0.773
0.803
0.803
0.877
0.837
0.753
0.609
0.635
0.754
0.830
0.956
0.811
0.809
0.935
0.791
0.825
0.860
0.827
0.841
0.776
0.733
0.792
0.793
0.709
0.663
0.654
0.622
0.689
0.800
0.804
0.951
0.839
0.888
0.917
0.877
0.838
0.873
0.918
0.918
0.932
0.928
0.895
0.885
0.852
0.848
0.862
0.892
0.868
0.912
0.871
0.903
0.951
0.862
0.858
0.816
0.906
0.910
0.883
0.959
0.809
0.898
0.953
0.890
0.903
0.816
0.756
0.730
0.773
0.821
0.823
0.865
0.884
0.821
0.733
0.773
0.761
0.917
0.830
0.944
0.848
0.783
0.762
0.834
0.780
0.864
0.895
0.941
0.915
0.912
0.746
0.788
0.761
0.818
0.812
0.851
0.886
0.846
0.878
0.854
0.943
0.827
0.864
0.901
0.861
0.781
0.683
0.660
0.679
0.689
0.655
0.705
0.688
0.678
0.684
0.710
0.722
0.704
0.729
0.747
0.719
0.711
0.683
0.682
0.716
0.757
0.777
0.826
0.769
0.711
0.704
0.751
0.784
0.764
0.707
0.717
0.745
0.861
0.864
0.755
0.764
0.697
0.624
0.706
0.727
0.753
0.785
0.738
0.680
0.710
0.751
0.749
0.683
0.617
0.682
0.718
0.719
0.726
0.724
0.770
0.741
0.715
0.712
0.714
0.712
0.675
0.687
0.650
0.696
0.645
0.605
0.639
0.646
0.681
0.772
0.773
0.728
0.695
0.637
0.716
0.707
0.693
0.725
0.743
0.751
0.671
0.641
0.616
0.658
0.686
0.717
0.704
0.684
0.804
0.767
0.743
0.737
0.794
0.749
0.703
0.756
0.778
0.838
0.768
0.751
0.753
0.766
0.728
0.750
0.812
0.789
0.842
0.779
0.796
0.795
0.786
0.701
0.709
0.661
0.738
0.796
0.838
0.672
0.635
0.669
0.748
0.936
0.841
0.752
0.726
0.760
0.740
0.652
0.718
0.747
0.788
0.823
0.782
0.736
0.680
0.725
0.785
0.747
0.862
0.901
0.941
0.845
0.783
0.805
0.697
0.778
0.800
0.750
0.706
0.732
0.759
0.788
0.823
0.894
0.852
0.851
0.805
0.798
0.845
0.937
0.851
0.799
0.738
0.871
0.882
0.880
0.916
0.892
0.954
0.920
0.850
0.931
0.914
0.873
0.953
0.829
0.970
0.865
0.951
0.931
0.960
0.964
0.968
0.867
0.904
0.924
0.877
0.872
0.854
0.832
0.759
0.699
0.755
0.824
0.881
0.913
0.861
0.858
0.893
0.952
0.948
0.841
0.825
0.798
0.748
0.766
0.825
0.773
0.815
0.817
0.764
0.764
0.765
0.720
0.687
0.706
0.725
0.772
0.956
0.868
0.772
0.813
0.970
0.899
0.842
0.821
0.749
0.702
0.808
0.895
0.887
0.847
0.906
0.889
0.787
0.875
0.848
0.764
0.736
0.670
0.683
0.728
0.813
0.841
0.879
0.950
0.887
0.883
0.876
0.810
0.820
0.941
0.855
0.820
0.825
0.822
0.781
0.767
0.818
0.901
0.809
0.876
0.796
0.760
0.703
0.689
0.835
0.926
0.964
0.914
0.929
0.952
0.964
0.951
0.850
0.853
0.954
0.919
0.935
0.897
0.848
0.839
0.754
0.727
0.838
0.953
0.950
0.946
0.923
0.958
0.931
0.786
0.811
0.832
0.838
0.861
0.911
0.889
0.799
0.760
0.795
0.927
0.966
0.930
0.944
0.957
0.950
0.876
0.880
0.909
0.943
0.896
0.900
0.945
0.847
0.810
0.873
0.927
0.934
0.789
0.725
0.806
0.898
0.927
0.826
0.786
0.709
0.755
0.770
0.793
0.817
0.939
0.897
0.961
0.928
0.918
0.826
0.829
0.751
0.781
0.763
0.788
0.812
0.818
0.815
0.812
0.792
0.749
0.812
0.768
0.777
0.872
0.870
0.828
0.870
0.828
0.807
0.778
0.873
0.894
0.964
0.845
0.837
0.930
0.797
0.777
0.767
0.776
0.765
0.772
0.817
0.816
0.796
0.735
0.717
0.745
0.767
0.752
0.672
0.759
0.761
0.739
0.752
0.762
0.714
0.780
0.798
0.726
0.728
0.723
0.783
0.776
0.748
0.744
0.785
0.751
0.731
0.745
0.747
0.753
0.732
0.831
0.797
0.709
0.724
0.693
0.630
0.596
0.620
0.652
0.662
0.648
0.709
0.709
0.722
0.743
0.745
0.758
0.723
0.646
0.682
0.685
0.711
0.761
0.685
0.727
0.707
0.759
0.679
0.644
0.702
0.684
0.758
0.799
0.730
0.792
0.755
0.685
0.671
0.688
0.724
0.735
0.770
0.685
0.736
0.800
0.722
0.663
0.693
0.771
0.792
0.747
0.622
0.620
0.699
0.715
0.727
0.730
0.741
0.748
0.736
0.720
0.737
0.736
0.731
0.727
0.759
0.727
0.716
0.766
0.725
0.672
0.630
0.692
0.717
0.649
0.712
0.746
0.766
0.784
0.820
0.959
0.866
0.883
0.777
0.794
0.808
0.895
0.837
0.775
0.776
0.792
0.780
0.793
0.778
0.778
0.916
0.831
0.851
0.783
0.794
0.769
0.837
0.820
0.819
0.967
0.927
0.911
0.859
0.938
0.844
0.887
0.868
0.843
0.857
0.836
0.848
0.757
0.759
0.804
0.759
0.766
0.942
0.922
0.932
0.842
0.828
0.790
0.797
0.843
0.784
0.836
0.815
0.776
0.807
0.820
0.840
0.824
0.879
0.965
0.910
0.814
0.950
0.937
0.972
0.918
0.963
0.797
0.847
0.890
0.914
0.921
0.857
0.858
0.846
0.790
0.740
0.748
0.736
0.730
0.698
0.778
0.809
0.783
0.757
0.702
0.698
0.739
0.744
0.800
0.923
0.880
0.966
0.866
0.902
0.921
0.959
0.786
0.754
0.708
0.761
0.748
0.670
0.728
0.784
0.781
0.690
0.839
0.804
0.778
0.875
0.837
0.879
0.753
0.706
0.718
0.704
0.654
0.661
0.741
0.728
0.741
0.736
0.708
0.693
0.669
0.649
0.658
0.717
0.729
0.825
0.776
0.736
0.752
0.775
0.822
0.834
0.791
0.769
0.772
0.700
0.672
0.655
0.706
0.673
0.584
0.624
0.675
0.673
0.725
0.898
0.955
0.950
0.843
0.849
0.937
0.878
0.869
0.846
0.784
0.787
0.745
0.759
0.785
0.825
0.828
0.934
0.951
0.954
0.940
0.964
0.778
0.768
0.785
0.919
0.815
0.832
0.941
0.961
0.932
0.937
0.961
0.945
0.780
0.830
0.857
0.908
0.938
0.923
0.896
0.864
0.846
0.833
0.793
0.825
0.837
0.908
0.950
0.902
0.915
0.872
0.844
0.920
0.940
0.872
0.877
0.937
0.915
0.920
0.951
0.948
0.917
0.804
0.866
0.833
0.771
0.903
0.887
0.940
0.890
0.879
0.928
0.773
0.795
0.911
0.968
0.902
0.938
0.852
0.766
0.784
0.815
0.851
0.814
0.805
0.873
0.830
0.827
0.885
0.815
0.875
0.813
0.855
0.849
0.873
0.851
0.944
0.818
0.894
0.814
0.809
0.781
0.837
0.820
0.806
0.903
0.955
0.851
0.848
0.736
0.742
0.744
0.750
0.842
0.811
0.864
0.882
0.795
0.815
0.763
0.800
0.792
0.780
0.840
0.809
0.798
0.718
0.722
0.745
0.746
0.795
0.792
0.769
0.750
0.771
0.791
0.791
0.705
0.671
0.675
0.748
0.764
0.747
0.709
0.694
0.780
0.802
0.742
0.781
0.795
0.768
0.836
0.809
0.887
0.827
0.799
0.937
0.904
0.844
0.902
0.808
0.794
0.830
0.800
0.866
0.852
0.822
0.719
0.631
0.668
0.707
0.885
0.920
0.769
0.750
0.745
0.783
0.800
0.821
0.837
0.797
0.762
0.732
0.763
0.825
0.808
0.899
0.821
0.792
0.798
0.736
0.694
0.630
0.653
0.603
0.640
0.693
0.703
0.744
0.751
0.767
0.840
0.773
0.806
0.768
0.820
0.762
0.754
0.846
0.778
0.719
0.769
0.746
0.831
0.840
0.820
0.741
0.739
0.745
0.752
0.820
0.838
0.746
0.819
0.787
0.724
0.687
0.792
0.794
0.849
0.940
0.955
0.920
0.965
0.854
0.965
0.872
0.820
0.825
0.900
0.826
0.873
0.878
0.787
0.786
0.779
0.811
0.845
0.803
0.876
0.774
0.751
0.796
0.815
0.834
0.790
0.944
0.870
0.824
0.809
0.837
0.889
0.888
0.882
0.877
0.961
0.961
0.966
0.796
0.860
0.933
0.882
0.909
0.865
0.959
0.977
0.814
0.915
0.865
0.957
0.875
0.789
0.782
0.811
0.916
0.844
0.855
0.964
0.967
0.917
0.913
0.906
0.800
0.906
0.974
0.897
0.968
0.926
0.954
0.894
0.888
0.862
0.856
0.836
0.832
0.832
0.867
0.880
0.908
0.871
0.859
0.833
0.816
0.831
0.784
0.766
0.797
0.805
0.849
0.806
0.813
0.745
0.818
0.875
0.793
0.720
0.791
0.919
0.853
0.825
0.961
0.972
0.956
0.902
0.940
0.918
0.905
0.959
0.964
0.966
0.826
0.776
0.878
0.896
0.855
0.890
0.960
0.883
0.946
0.924
0.931
0.913
0.930
0.939
0.908
0.882
0.861
0.771
0.813
0.798
0.835
0.860
0.877
0.873
0.956
0.954
0.810
0.951
0.935
0.951
0.785
0.749
0.850
0.928
0.953
0.919
0.933
0.876
0.941
0.971
0.967
0.926
0.964
0.932
0.956
0.914
0.951
0.933
0.956
0.966
0.950
0.942
0.792
0.783
0.817
0.813
0.877
0.841
0.818
0.882
0.843
0.898
0.865
0.891
0.923
0.856
0.821
0.793
0.929
0.890
0.811
0.897
0.882
0.817
0.848
0.919
0.905
0.934
0.934
0.878
0.861
0.823
0.846
0.865
0.903
0.847
0.951
0.816
0.889
0.856
0.879
0.849
0.798
0.780
0.818
0.810
0.799
0.874
0.780
0.835
0.803
0.885
0.784
0.950
0.890
0.804
0.811
0.919
0.814
0.855
0.879
0.921
0.908
0.946
0.900
0.866
0.855
0.830
0.945
0.803
0.849
0.805
0.800
0.781
0.882
0.869
0.869
0.830
0.806
0.867
0.853
0.825
0.785
0.791
0.725
0.742
0.730
0.780
0.769
0.818
0.803
0.828
0.792
0.808
0.891
0.799
0.794
0.769
0.773
0.699
0.742
0.851
0.821
0.852
0.886
0.887
0.810
0.780
0.756
0.802
0.759
0.737
0.753
0.815
0.916
0.855
0.814
0.803
0.815
0.822
0.730
0.738
0.808
0.751
0.673
0.676
0.732
0.687
0.688
0.703
0.736
0.843
0.925
0.804
0.750
0.681
0.762
0.776
0.721
0.734
0.760
0.783
0.733
0.769
0.747
0.722
0.779
0.737
0.738
0.652
0.691
0.698
0.696
0.726
0.771
0.767
0.870
0.719
0.755
0.743
0.790
0.809
0.853
0.888
0.914
0.808
0.736
0.786
0.819
0.881
0.784
0.834
0.819
0.824
0.793
0.816
0.817
0.816
0.743
0.726
0.727
0.691
0.728
0.768
0.704
0.667
0.686
0.781
0.819
0.729
0.684
0.679
0.786
0.782
0.729
0.778
0.813
0.782
0.721
0.671
0.705
0.760
0.823
0.877
0.877
0.894
0.848
0.886
0.862
0.901
0.886
0.869
0.908
0.876
0.883
0.909
0.911
0.965
0.885
0.821
0.836
0.757
0.763
0.814
0.783
0.794
0.912
0.768
0.743
0.816
0.818
0.785
0.741
0.729
0.649
0.658
0.782
0.850
0.941
0.759
0.771
0.771
0.808
0.952
0.949
0.922
0.941
0.820
0.747
0.684
0.732
0.723
0.728
0.796
0.843
0.903
0.879
0.905
0.923
0.900
0.857
0.838
0.855
0.862
0.878
0.891
0.839
0.786
0.859
0.879
0.819
0.782
0.798
0.814
0.802
0.780
0.720
0.703
0.719
0.703
0.758
0.728
0.703
0.738
0.729
0.747
0.749
0.814
0.812
0.837
0.870
0.930
0.957
0.937
0.892
0.766
0.923
0.813
0.815
0.779
0.915
0.888
0.928
0.882
0.761
0.826
0.843
0.863
0.912
0.922
0.844
0.876
0.904
0.943
0.934
0.859
0.888
0.968
0.869
0.849
0.910
0.850
0.958
0.872
0.840
0.915
0.954
0.941
0.953
0.940
0.929
0.843
0.822
0.805
0.846
0.808
0.806
0.829
0.829
0.798
0.717
0.669
0.677
0.728
0.667
0.703
0.696
0.686
0.681
0.716
0.789
0.924
0.832
0.727
0.671
0.585
0.600
0.586
0.607
0.589
0.593
0.631
0.662
0.683
0.741
0.780
0.847
0.920
0.958
0.925
0.947
0.858
0.957
0.872
0.835
0.953
0.936
0.933
0.891
0.878
0.914
0.914
0.794
0.768
0.751
0.746
0.760
0.757
0.717
0.713
0.709
0.734
0.794
0.771
0.785
0.798
0.824
0.789
0.854
0.965
0.935
0.870
0.869
0.930
0.959
0.940
0.941
0.931
0.929
0.778
0.721
0.734
0.743
0.713
0.706
0.694
0.791
0.760
0.672
0.752
0.823
0.768
0.820
0.814
0.794
0.799
0.764
0.754
0.740
0.712
0.720
0.776
0.801
0.785
0.771
0.830
0.865
0.873
0.801
0.829
0.790
0.764
0.809
0.822
0.758
0.901
0.836
0.854
0.915
0.863
0.961
0.846
0.845
0.841
0.924
0.759
0.772
0.799
0.733
0.698
0.703
0.739
0.746
0.718
0.724
0.735
0.795
0.824
0.885
0.739
0.678
0.622
0.731
0.661
0.575
0.618
0.662
0.673
0.666
0.732
0.726
0.625
0.616
0.685
0.686
0.736
0.714
0.714
0.712
0.734
0.710
0.658
0.669
0.637
0.572
0.619
0.700
0.747
0.774
0.825
0.765
0.748
0.724
0.681
0.694
0.649
0.646
0.628
0.647
0.635
0.646
0.629
0.686
0.653
0.684
0.732
0.705
0.647
0.646
0.685
0.722
0.744
0.714
0.616
0.689
0.700
0.727
0.769
0.780
0.772
0.674
0.645
0.655
0.743
0.744
0.725
0.689
0.710
0.801
0.841
0.927
0.940
0.887
0.781
0.731
0.744
0.774
0.677
0.623
0.629
0.709
0.695
0.784
0.868
0.814
0.816
0.844
0.862
0.844
0.784
0.831
0.706
0.785
0.760
0.765
0.836
0.838
0.733
0.786
0.702
0.680
0.751
0.856
0.907
0.882
0.860
0.861
0.884
0.815
0.875
0.971
0.900
0.883
0.865
0.918
0.850
0.848
0.802
0.864
0.845
0.862
0.885
0.853
0.880
0.794
0.777
0.752
0.758
0.752
0.772
0.755
0.729
0.777
0.802
0.806
0.872
0.960
0.878
0.965
0.964
0.848
0.901
0.904
0.955
0.899
0.948
0.843
0.865
0.884
0.913
0.962
0.884
0.961
0.954
0.929
0.941
0.908
0.868
0.737
0.772
0.756
0.715
0.731
0.720
0.747
0.767
0.742
0.768
0.837
0.966
0.792
0.766
0.824
0.798
0.758
0.748
0.700
0.672
0.692
0.714
0.698
0.675
0.718
0.716
0.701
0.625
0.617
0.598
0.621
0.623
0.699
0.799
0.813
0.841
0.763
0.711
0.703
0.690
0.758
0.755
0.742
0.792
0.797
0.752
0.702
0.678
0.729
0.729
0.736
0.737
0.693
0.653
0.701
0.744
0.707
0.677
0.670
0.651
0.636
0.702
0.741
0.840
0.730
0.809
0.897
0.809
0.788
0.845
0.889
0.898
0.879
0.751
0.632
0.655
0.718
0.714
0.738
0.740
0.722
0.721
0.711
0.745
0.744
0.817
0.854
0.828
0.789
0.792
0.751
0.683
0.734
0.785
0.788
0.864
0.953
0.824
0.773
0.720
0.788
0.809
0.839
0.788
0.754
0.744
0.794
0.859
0.928
0.890
0.885
0.850
0.826
0.899
0.910
0.878
0.967
0.960
0.907
0.941
0.902
0.943
0.919
0.935
0.945
0.881
0.852
0.801
0.907
0.893
0.959
0.918
0.891
0.949
0.955
0.880
0.960
0.949
0.932
0.937
0.834
0.904
0.892
0.851
0.927
0.900
0.887
0.868
0.887
0.829
0.903
0.928
0.969
0.866
0.881
0.921
0.907
0.828
0.877
0.933
0.797
0.759
0.791
0.819
0.814
0.730
0.681
0.768
0.808
0.769
0.829
0.822
0.880
0.856
0.873
0.917
0.929
0.954
0.883
0.924
0.816
0.835
0.833
0.858
0.766
0.794
0.760
0.782
0.720
0.684
0.745
0.736
0.780
0.809
0.782
0.697
0.691
0.775
0.740
0.788
0.811
0.791
0.781
0.775
0.766
0.772
0.771
0.718
0.627
0.625
0.727
0.764
0.849
0.823
0.812
0.775
0.848
0.813
0.775
0.782
0.802
0.702
0.721
0.749
0.767
0.792
0.817
0.764
0.719
0.734
0.771
0.840
0.793
0.805
0.791
0.815
0.810
0.779
0.783
0.790
0.753
0.768
0.720
0.711
0.784
0.889
0.899
0.734
0.739
0.815
0.755
0.695
0.739
0.795
0.811
0.757
0.769
0.739
0.815
0.849
0.823
0.739
0.744
0.758
0.848
0.850
0.745
0.722
0.730
0.808
0.773
0.777
0.745
0.810
0.775
0.734
0.712
0.763
0.857
0.794
0.774
0.764
0.919
0.888
0.793
0.801
0.763
0.774
0.784
0.788
0.757
0.808
0.816
0.899
0.825
0.780
0.757
0.796
0.803
0.754
0.741
0.675
0.799
0.816
0.842
0.851
0.913
0.890
0.810
0.800
0.700
0.712
0.705
0.788
0.861
0.781
0.780
0.813
0.835
0.933
0.906
0.868
0.849
0.932
0.861
0.896
0.915
0.882
0.953
0.893
0.824
0.856
0.801
0.866
0.904
0.934
0.929
0.936
0.926
0.947
0.969
0.858
0.878
0.960
0.913
0.862
0.868
0.871
0.836
0.779
0.821
0.952
0.949
0.971
0.896
0.925
0.869
0.872
0.928
0.855
0.884
0.863
0.941
0.850
0.843
0.899
0.954
0.974
0.920
0.831
0.777
0.886
0.961
0.961
0.835
0.815
0.828
0.809
0.826
0.953
0.788
0.825
0.945
0.949
0.887
0.761
0.815
0.837
0.887
0.848
0.963
0.925
0.884
0.873
0.915
0.942
0.967
0.972
0.945
0.838
0.862
0.800
0.939
0.960
0.964
0.867
0.886
0.849
0.952
0.848
0.844
0.929
0.938
0.809
0.796
0.805
0.851
0.853
0.929
0.894
0.888
0.769
0.782
0.884
0.887
0.902
0.931
0.909
0.893
0.943
0.861
0.759
0.740
0.822
0.815
0.935
0.860
0.957
0.861
0.907
0.931
0.897
0.958
0.946
0.917
0.957
0.955
0.955
0.917
0.904
0.905
0.928
0.949
0.950
0.835
0.879
0.862
0.834
0.883
0.865
0.924
0.762
0.745
0.724
0.774
0.830
0.893
0.929
0.895
0.922
0.943
0.944
0.895
0.860
0.881
0.792
0.794
0.748
0.817
0.876
0.907
0.954
0.890
0.887
0.936
0.884
0.955
0.924
0.953
0.940
0.965
0.918
0.902
0.842
0.814
0.851
0.864
0.875
0.750
0.685
0.655
0.698
0.723
0.721
0.783
0.786
0.834
0.904
0.894
0.931
0.883
0.895
0.922
0.881
0.852
0.896
0.916
0.953
0.880
0.908
0.870
0.925
0.942
0.946
0.952
0.914
0.863
0.789
0.751
0.740
0.717
0.757
0.829
0.814
0.784
0.741
0.723
0.687
0.748
0.784
0.689
0.750
0.810
0.859
0.834
0.786
0.737
0.888
0.851
0.841
0.827
0.872
0.856
0.823
0.833
0.827
0.944
0.826
0.850
0.884
0.881
0.858
0.874
0.787
0.838
0.779
0.763
0.761
0.793
0.782
0.848
0.852
0.820
0.722
0.770
0.773
0.793
0.767
0.752
0.732
0.810
0.746
0.758
0.658
0.628
0.723
0.680
0.662
0.658
0.705
0.676
0.667
0.706
0.719
0.715
0.711
0.770
0.725
0.695
0.702
0.731
0.702
0.659
0.702
0.722
0.773
0.765
0.814
0.740
0.702
0.767
0.805
0.785
0.798
0.714
0.740
0.727
0.740
0.778
0.680
0.668
0.736
0.745
0.741
0.750
0.795
0.837
0.782
0.879
0.784
0.820
0.810
0.757
0.727
0.712
0.706
0.813
0.808
0.761
0.782
0.753
0.770
0.816
0.807
0.889
0.864
0.798
0.961
0.908
0.883
0.908
0.813
0.796
0.726
0.688
0.714
0.725
0.784
0.962
0.787
0.901
0.912
0.903
0.874
0.857
0.837
0.806
0.855
0.836
0.874
0.808
0.870
0.842
0.830
0.807
0.832
0.838
0.810
0.743
0.708
0.750
0.847
0.908
0.865
0.775
0.791
0.850
0.834
0.832
0.780
0.809
0.798
0.907
0.931
0.927
0.930
0.795
0.807
0.954
0.936
0.879
0.918
0.831
0.878
0.903
0.927
0.848
0.846
0.843
0.834
0.799
0.861
0.831
0.889
0.970
0.968
0.968
0.882
0.879
0.921
0.974
0.966
0.906
0.854
0.825
0.803
0.908
0.922
0.901
0.903
0.897
0.963
0.922
0.944
0.830
0.828
0.803
0.839
0.923
0.937
0.888
0.952
0.938
0.909
0.937
0.908
0.892
0.861
0.932
0.969
0.869
0.934
0.885
0.918
0.883
0.802
0.798
0.775
0.926
0.880
0.856
0.891
0.926
0.977
0.944
0.903
0.963
0.841
0.859
0.837
0.805
0.796
0.765
0.798
0.936
0.816
0.732
0.744
0.757
0.727
0.710
0.785
0.797
0.916
0.840
0.892
0.886
0.918
0.849
0.869
0.811
0.830
0.794
0.867
0.776
0.713
0.700
0.772
0.833
0.840
0.798
0.754
0.744
0.700
0.731
0.811
0.797
0.819
0.819
0.921
0.930
0.921
0.921
0.906
0.943
0.970
0.951
0.857
0.843
0.813
0.838
0.831
0.828
0.840
0.863
0.904
0.879
0.820
0.762
0.875
0.905
0.835
0.821
0.748
0.836
0.855
0.833
0.857
0.840
0.866
0.958
0.964
0.963
0.954
0.944
0.879
0.833
0.848
0.866
0.830
0.723
0.779
0.898
0.927
0.884
0.822
0.832
0.759
0.722
0.853
0.929
0.895
0.899
0.899
0.914
0.834
0.846
0.881
0.824
0.771
0.832
0.907
0.860
0.840
0.891
0.805
0.747
0.794
0.825
0.857
0.843
0.844
0.862
0.893
0.936
0.858
0.826
0.844
0.782
0.811
0.827
0.826
0.877
0.868
0.859
0.808
0.776
0.915
0.873
0.867
0.802
0.798
0.761
0.755
0.732
0.780
0.781
0.804
0.899
0.899
0.832
0.763
0.718
0.758
0.760
0.782
0.738
0.780
0.753
0.739
0.728
0.728
0.756
0.751
0.775
0.796
0.790
0.784
0.778
0.723
0.725
0.763
0.868
0.868
0.781
0.744
0.715
0.709
0.711
0.692
0.727
0.721
0.727
0.733
0.800
0.805
0.724
0.698
0.656
0.704
0.668
0.667
0.704
0.780
0.720
0.698
0.693
0.872
0.758
0.741
0.772
0.736
0.646
0.626
0.756
0.725
0.751
0.776
0.791
0.724
0.664
0.701
0.747
0.746
0.774
0.784
0.714
0.706
0.769
0.737
0.667
0.619
0.623
0.589
0.646
0.652
0.706
0.700
0.694
0.620
0.632
0.606
0.690
0.705
0.703
0.730
0.675
0.612
0.686
0.752
0.677
0.736
0.741
0.774
0.747
0.754
0.768
0.786
0.774
0.748
0.754
0.819
0.784
0.722
0.673
0.694
0.647
0.646
0.724
0.664
0.684
0.770
0.755
0.727
0.807
0.848
0.772
0.718
0.755
0.824
0.824
0.831
0.772
0.743
0.756
0.776
0.731
0.655
0.678
0.773
0.701
0.651
0.664
0.717
0.759
0.716
0.707
0.681
0.673
0.716
0.747
0.804
0.800
0.789
0.842
0.897
0.907
0.818
0.787
0.773
0.814
0.786
0.861
0.937
0.927
0.846
0.956
0.886
0.912
0.853
0.873
0.861
0.900
0.916
0.872
0.931
0.905
0.929
0.817
0.819
0.919
0.845
0.836
0.789
0.724
0.724
0.718
0.734
0.688
0.759
0.718
0.723
0.679
0.717
0.732
0.747
0.750
0.741
0.738
0.747
0.716
0.697
0.759
0.737
0.738
0.753
0.803
0.798
0.844
0.811
0.844
0.772
0.701
0.638
0.654
0.607
0.631
0.700
0.700
0.764
0.780
0.764
0.722
0.675
0.643
0.663
0.715
0.685
0.770
0.814
0.729
0.703
0.769
0.802
0.827
0.822
0.787
0.742
0.774
0.760
0.845
0.837
0.805
0.854
0.806
0.866
0.853
0.789
0.720
0.665
0.653
0.606
0.591
0.653
0.698
0.619
0.686
0.706
0.649
0.582
0.592
0.622
0.664
0.716
0.640
0.531
0.463
0.536
0.630
0.665
0.583
0.594
0.686
0.734
0.809
0.925
0.930
0.902
0.877
0.799
0.945
0.944
0.933
0.926
0.828
0.798
0.863
0.930
0.964
0.893
0.839
0.866
0.933
0.898
0.840
0.698
0.791
0.783
0.802
0.758
0.884
0.959
0.922
0.931
0.947
0.892
0.900
0.939
0.771
0.768
0.775
0.782
0.763
0.773
0.790
0.759
0.700
0.715
0.790
0.754
0.767
0.791
0.788
0.799
0.759
0.791
0.793
0.791
0.898
0.834
0.814
0.801
0.730
0.773
0.727
0.808
0.940
0.853
0.739
0.694
0.738
0.704
0.787
0.789
0.777
0.736
0.799
0.796
0.812
0.772
0.836
0.878
0.931
0.916
0.749
0.734
0.784
0.816
0.871
0.913
0.779
0.786
0.807
0.790
0.900
0.883
0.880
0.821
0.802
0.838
0.878
0.884
0.798
0.798
0.800
0.814
0.807
0.789
0.739
0.756
0.785
0.750
0.718
0.769
0.745
0.708
0.761
0.808
0.740
0.694
0.729
0.734
0.632
0.715
0.787
0.757
0.675
0.697
0.706
0.607
0.556
0.648
0.671
0.720
0.717
0.669
0.622
0.611
0.594
0.698
0.743
0.764
0.802
0.826
0.802
0.776
0.748
0.699
0.745
0.811
0.731
0.732
0.719
0.781
0.786
0.776
0.767
0.751
0.686
0.717
0.758
0.707
0.698
0.683
0.800
0.705
0.681
0.766
0.736
0.738
0.749
0.705
0.695
0.723
0.596
0.513
0.600
0.605
0.685
0.744
0.743
0.685
0.654
0.711
0.660
0.601
0.571
0.652
0.695
0.719
0.781
0.714
0.654
0.644
0.669
0.607
0.624
0.706
0.783
0.727
0.762
0.760
0.721
0.675
0.825
0.824
0.789
0.874
0.934
0.836
0.918
0.781
0.673
0.627
0.804
0.796
0.794
0.786
0.812
0.793
0.804
0.818
0.764
0.838
0.828
0.773
0.740
0.728
0.668
0.711
0.680
0.756
0.726
0.701
0.695
0.668
0.815
0.773
0.696
0.752
0.758
0.788
0.848
0.967
0.919
0.862
0.800
0.836
0.900
0.897
0.757
0.699
0.736
0.959
0.866
0.945
0.924
0.907
0.971
0.968
0.845
0.843
0.812
0.810
0.797
0.744
0.818
0.856
0.853
0.862
0.848
0.936
0.929
0.833
0.768
0.837
0.818
0.883
0.903
0.833
0.754
0.824
0.943
0.969
0.935
0.917
0.950
0.932
0.968
0.934
0.850
0.850
0.812
0.832
0.827
0.894
0.923
0.838
0.806
0.768
0.948
0.972
0.880
0.842
0.867
0.936
0.841
0.866
0.941
0.826
0.867
0.829
0.803
0.961
0.919
0.811
0.829
0.837
0.787
0.829
0.782
0.801
0.800
0.791
0.811
0.930
0.959
0.863
0.838
0.796
0.750
0.730
0.747
0.753
0.835
0.840
0.729
0.695
0.711
0.745
0.690
0.711
0.698
0.727
0.699
0.595
0.575
0.687
0.796
0.763
0.723
0.716
0.791
0.876
0.899
0.969
0.906
0.922
0.832
0.863
0.879
0.822
0.719
0.723
0.747
0.675
0.693
0.717
0.836
0.719
0.685
0.732
0.774
0.732
0.680
0.671
0.847
0.884
0.731
0.585
0.707
0.807
0.843
0.829
0.882
0.749
0.624
0.481
0.666
0.857
0.763
0.763
0.867
0.817
0.840
0.856
0.873
0.901
0.935
0.912
0.857
0.807
0.757
0.754
0.801
0.873
0.905
0.855
0.747
0.785
0.814
0.862
0.824
0.835
0.836
0.967
0.911
0.932
0.918
0.912
0.915
0.960
0.929
0.838
0.868
0.848
0.913
0.863
0.897
0.898
0.822
0.876
0.945
0.960
0.906
0.921
0.881
0.934
0.862
0.812
0.813
0.788
0.691
0.676
0.754
0.767
0.795
0.720
0.724
0.782
0.768
0.679
0.747
0.789
0.767
0.824
0.896
0.810
0.831
0.914
0.863
0.857
0.826
0.936
0.914
0.877
0.865
0.863
0.940
0.970
0.827
0.840
0.826
0.864
0.968
0.967
0.889
0.826
0.841
0.799
0.793
0.801
0.795
0.767
0.739
0.760
0.759
0.699
0.630
0.729
0.691
0.614
0.650
0.580
0.609
0.625
0.683
0.677
0.709
0.696
0.607
0.665
0.695
0.728
0.771
0.811
0.747
0.701
0.678
0.741
0.746
0.686
0.632
0.653
0.686
0.724
0.773
0.812
0.811
0.813
0.835
0.747
0.665
0.672
0.725
0.699
0.676
0.644
0.639
0.619
0.670
0.714
0.712
0.708
0.719
0.735
0.637
0.700
0.690
0.722
0.691
0.622
0.672
0.660
0.609
0.576
0.604
0.651
0.717
0.722
0.768
0.680
0.696
0.753
0.751
0.777
0.819
0.859
0.847
0.905
0.789
0.815
0.792
0.782
0.806
0.723
0.667
0.710
0.639
0.633
0.711
0.741
0.752
0.715
0.670
0.724
0.724
0.818
0.813
0.886
0.795
0.728
0.666
0.703
0.686
0.763
0.788
0.947
0.810
0.788
0.736
0.764
0.701
0.579
0.606
0.662
0.645
0.703
0.812
0.812
0.783
0.813
0.930
0.775
0.698
0.692
0.798
0.804
0.827
0.822
0.741
0.831
0.861
0.821
0.762
0.892
0.917
0.962
0.909
0.876
0.966
0.924
0.936
0.891
0.930
0.920
0.937
0.892
0.856
0.959
0.967
0.862
0.829
0.759
0.774
0.810
0.788
0.774
0.766
0.747
0.811
0.820
0.758
0.772
0.721
0.661
0.686
0.703
0.732
0.707
0.729
0.732
0.711
0.702
0.649
0.695
0.709
0.741
0.797
0.791
0.869
0.901
0.821
0.784
0.733
0.713
0.737
0.875
0.924
0.968
0.882
0.888
0.933
0.886
0.761
0.765
0.726
0.727
0.733
0.726
0.777
0.822
0.771
0.662
0.651
0.622
0.739
0.704
0.581
0.567
0.585
0.553
0.544
0.557
0.615
0.628
0.605
0.698
0.714
0.703
0.681
0.694
0.764
0.745
0.698
0.691
0.886
0.816
0.774
0.704
0.764
0.755
0.651
0.633
0.702
0.760
0.708
0.672
0.555
0.589
0.619
0.661
0.736
0.685
0.650
0.722
0.773
0.797
0.798
0.885
0.843
0.902
0.787
0.851
0.956
0.830
0.732
0.701
0.748
0.789
0.924
0.794
0.858
0.779
0.733
0.784
0.687
0.639
0.612
0.633
0.604
0.686
0.736
0.716
0.660
0.746
0.827
0.960
0.889
0.930
0.900
0.945
0.901
0.895
0.954
0.857
0.855
0.967
0.966
0.926
0.824
0.807
0.873
0.931
0.763
0.655
0.677
0.879
0.804
0.742
0.740
0.809
0.942
0.918
0.850
0.856
0.912
0.878
0.941
0.882
0.914
0.891
0.927
0.811
0.933
0.853
0.873
0.860
0.922
0.928
0.814
0.753
0.779
0.815
0.720
0.755
0.792
0.841
0.764
0.770
0.770
0.770
0.803
0.828
0.763
0.784
0.730
0.722
0.700
0.721
0.752
0.824
0.857
0.814
0.801
0.790
0.778
0.863
0.815
0.888
0.733
0.786
0.826
0.815
0.809
0.834
0.811
0.959
0.918
0.857
0.873
0.798
0.704
0.753
0.773
0.838
0.799
0.830
0.822
0.831
0.797
0.817
0.863
0.807
0.806
0.797
0.820
0.782
0.698
0.650
0.743
0.734
0.753
0.789
0.805
0.828
0.753
0.709
0.767
0.814
0.735
0.720
0.788
0.845
0.753
0.759
0.801
0.696
0.705
0.710
0.756
0.694
0.650
0.641
0.646
0.672
0.674
0.700
0.712
0.736
0.729
0.665
0.679
0.720
0.773
0.826
0.805
0.766
0.761
0.670
0.688
0.670
0.664
0.769
0.790
0.710
0.725
0.740
0.752
0.793
0.745
0.724
0.655
0.653
0.755
0.786
0.854
0.785
0.740
0.691
0.665
0.719
0.760
0.751
0.759
0.709
0.685
0.732
0.731
0.684
0.742
0.790
0.786
0.862
0.889
0.849
0.749
0.757
0.746
0.709
0.758
0.746
0.723
0.723
0.792
0.752
0.803
0.814
0.807
0.830
0.805
0.864
0.846
0.886
0.875
0.912
0.956
0.872
0.811
0.788
0.760
0.852
0.945
0.887
0.954
0.947
0.887
0.892
0.774
0.765
0.894
0.921
0.847
0.783
0.833
0.900
0.846
0.930
0.820
0.773
0.734
0.775
0.839
0.964
0.972
0.924
0.909
0.942
0.863
0.797
0.920
0.920
0.832
0.842
0.923
0.952
0.819
0.926
0.858
0.908
0.854
0.816
0.869
0.805
0.807
0.863
0.817
0.872
0.849
0.915
0.863
0.891
0.910
0.872
0.828
0.801
0.903
0.904
0.955
0.921
0.903
0.816
0.831
0.911
0.855
0.856
0.813
0.818
0.863
0.930
0.867
0.824
0.833
0.721
0.694
0.708
0.720
0.709
0.733
0.723
0.725
0.725
0.745
0.805
0.920
0.972
0.969
0.907
0.797
0.695
0.626
0.652
0.687
0.714
0.827
0.940
0.882
0.902
0.907
0.958
0.882
0.940
0.949
0.888
0.965
0.973
0.820
0.873
0.897
0.945
0.961
0.932
0.809
0.768
0.790
0.693
0.694
0.715
0.682
0.700
0.703
0.664
0.680
0.682
0.625
0.535
0.642
0.641
0.605
0.543
0.633
0.694
0.674
0.699
0.742
0.778
0.743
0.790
0.836
0.945
0.945
0.960
0.882
0.912
0.927
0.879
0.782
0.806
0.869
0.770
0.775
0.739
0.745
0.798
0.833
0.839
0.764
0.690
0.721
0.732
0.641
0.635
0.608
0.748
0.760
0.691
0.776
0.862
0.755
0.710
0.838
0.814
0.794
0.833
0.931
0.927
0.902
0.871
0.835
0.810
0.921
0.926
0.915
0.835
0.767
0.748
0.721
0.708
0.842
0.844
0.939
0.865
0.950
0.944
0.958
0.958
0.882
0.874
0.831
0.932
0.906
0.962
0.952
0.920
0.877
0.812
0.826
0.785
0.778
0.814
0.820
0.884
0.845
0.854
0.795
0.766
0.787
0.793
0.803
0.806
0.766
0.786
0.836
0.825
0.866
0.795
0.880
0.928
0.901
0.895
0.897
0.910
0.789
0.788
0.774
0.770
0.786
0.855
0.960
0.839
0.813
0.796
0.793
0.773
0.829
0.864
0.780
0.754
0.781
0.819
0.748
0.672
0.643
0.669
0.768
0.752
0.700
0.743
0.779
0.770
0.763
0.697
0.635
0.635
0.706
0.771
0.717
0.723
0.685
0.716
0.785
0.733
0.728
0.759
0.782
0.763
0.763
0.826
0.881
0.823
0.770
0.807
0.757
0.788
0.770
0.781
0.785
0.752
0.830
0.777
0.762
0.775
0.795
0.754
0.714
0.719
0.731
0.807
0.804
0.766
0.785
0.688
0.665
0.731
0.764
0.706
0.770
0.703
0.588
0.595
0.693
0.729
0.646
0.631
0.641
0.653
0.678
0.703
0.720
0.748
0.778
0.705
0.753
0.678
0.719
0.824
0.774
0.728
0.803
0.799
0.820
0.778
0.762
0.744
0.697
0.717
0.846
0.925
0.830
0.913
0.911
0.948
0.861
0.949
0.789
0.775
0.823
0.832
0.797
0.823
0.817
0.817
0.796
0.771
0.740
0.750
0.769
0.813
0.831
0.809
0.914
0.912
0.837
0.811
0.773
0.797
0.838
0.825
0.878
0.888
0.898
0.868
0.834
0.784
0.925
0.795
0.767
0.742
0.749
0.807
0.876
0.955
0.910
0.890
0.939
0.887
0.854
0.955
0.877
0.946
0.841
0.956
0.838
0.856
0.777
0.838
0.898
0.882
0.959
0.883
0.888
0.886
0.928
0.908
0.869
0.912
0.912
0.949
0.949
0.962
0.934
0.962
0.935
0.780
0.738
0.722
0.739
0.776
0.932
0.841
0.957
0.881
0.876
0.863
0.895
0.917
0.805
0.827
0.786
0.775
0.824
0.850
0.885
0.828
0.775
0.870
0.936
0.855
0.934
0.903
0.954
0.937
0.853
0.842
0.895
0.815
0.785
0.813
0.910
0.883
0.889
0.751
0.926
0.855
0.728
0.751
0.766
0.846
0.849
0.813
0.803
0.757
0.745
0.812
0.798
0.822
0.820
0.800
0.899
0.918
0.955
0.864
0.903
0.958
0.869
0.899
0.888
0.771
0.859
0.806
0.750
0.738
0.795
0.852
0.902
0.893
0.830
0.874
0.860
0.813
0.761
0.781
0.791
0.857
0.830
0.827
0.941
0.945
0.831
0.824
0.812
0.961
0.852
0.774
0.790
0.888
0.783
0.846
0.881
0.796
0.720
0.737
0.836
0.922
0.855
0.870
0.925
0.933
0.879
0.929
0.921
0.947
0.916
0.795
0.742
0.729
0.752
0.731
0.747
0.758
0.865
0.863
0.835
0.835
0.784
0.692
0.665
0.756
0.782
0.810
0.835
0.894
0.892
0.839
0.882
0.883
0.838
0.817
0.700
0.664
0.744
0.889
0.803
0.828
0.824
0.825
0.862
0.711
0.803
0.734
0.684
0.765
0.782
0.761
0.830
0.938
0.948
0.953
0.898
0.923
0.855
0.847
0.842
0.917
0.836
0.847
0.875
0.957
0.918
0.823
0.859
0.846
0.765
0.898
0.797
0.814
0.825
0.774
0.836
0.864
0.884
0.937
0.881
0.968
0.838
0.936
0.960
0.964
0.948
0.911
0.771
0.734
0.710
0.729
0.808
0.813
0.845
0.820
0.795
0.794
0.848
0.880
0.817
0.820
0.799
0.811
0.811
0.893
0.733
0.804
0.718
0.735
0.770
0.722
0.702
0.725
0.806
0.791
0.737
0.723
0.708
0.740
0.781
0.763
0.746
0.857
0.795
0.714
0.703
0.745
0.854
0.710
0.756
0.694
0.705
0.693
0.702
0.780
0.844
0.792
0.796
0.822
0.799
0.791
0.790
0.798
0.729
0.761
0.696
0.715
0.657
0.597
0.647
0.683
0.641
0.693
0.695
0.704
0.710
0.671
0.713
0.745
0.714
0.662
0.732
0.681
0.661
0.706
0.716
0.774
0.799
0.838
0.833
0.755
0.707
0.641
0.712
0.754
0.878
0.867
0.815
0.815
0.759
0.703
0.703
0.732
0.797
0.720
0.680
0.736
0.670
0.701
0.729
0.781
0.705
0.683
0.730
0.700
0.710
0.737
0.758
0.770
0.672
0.674
0.717
0.700
0.761
0.823
0.802
0.844
0.946
0.932
0.879
0.883
0.799
0.799
0.827
0.832
0.800
0.753
0.824
0.806
0.783
0.777
0.796
0.738
0.756
0.830
0.840
0.887
0.839
0.966
0.902
0.963
0.856
0.794
0.786
0.868
0.871
0.899
0.958
0.963
0.976
0.860
0.852
0.909
0.889
0.935
0.877
0.926
0.791
0.867
0.788
0.830
0.833
0.801
0.900
0.802
0.866
0.947
0.902
0.938
0.872
0.850
0.926
0.948
0.913
0.964
0.912
0.917
0.926
0.903
0.904
0.911
0.960
0.805
0.763
0.902
0.914
0.885
0.841
0.818
0.935
0.956
0.959
0.826
0.915
0.908
0.811
0.774
0.921
0.842
0.891
0.864
0.886
0.842
0.883
0.938
0.928
0.904
0.953
0.917
0.926
0.930
0.906
0.820
0.863
0.873
0.822
0.747
0.773
0.788
0.920
0.858
0.929
0.946
0.945
0.948
0.879
0.910
0.952
0.895
0.793
0.768
0.847
0.846
0.816
0.941
0.798
0.780
0.802
0.738
0.715
0.747
0.731
0.797
0.824
0.815
0.809
0.792
0.848
0.854
0.832
0.892
0.956
0.949
0.830
0.948
0.912
0.847
0.770
0.711
0.741
0.845
0.746
0.726
0.687
0.775
0.768
0.852
0.792
0.758
0.772
0.720
0.725
0.722
0.739
0.959
0.816
0.781
0.760
0.848
0.826
0.857
0.805
0.951
0.953
0.924
0.950
0.954
0.941
0.890
0.841
0.837
0.860
0.927
0.875
0.901
0.876
0.842
0.827
0.903
0.946
0.929
0.896
0.938
0.816
0.761
0.814
0.774
0.861
0.868
0.931
0.964
0.950
0.937
0.915
0.880
0.920
0.914
0.958
0.959
0.902
0.956
0.942
0.839
0.887
0.829
0.928
0.868
0.760
0.750
0.807
0.808
0.889
0.912
0.947
0.951
0.915
0.897
0.811
0.796
0.841
0.853
0.905
0.913
0.840
0.863
0.912
0.883
0.866
0.832
0.797
0.778
0.784
0.832
0.839
0.828
0.864
0.903
0.852
0.720
0.658
0.684
0.757
0.812
0.803
0.822
0.860
0.764
0.790
0.847
0.821
0.852
0.812
0.887
0.830
0.888
0.904
0.782
0.860
0.839
0.796
0.768
0.767
0.773
0.739
0.781
0.780
0.727
0.741
0.743
0.688
0.748
0.727
0.698
0.687
0.711
0.654
0.590
0.585
0.646
0.624
0.739
0.747
0.700
0.687
0.713
0.700
0.748
0.690
0.746
0.769
0.742
0.719
0.671
0.794
0.748
0.728
0.691
0.700
0.736
0.780
0.734
0.706
0.778
0.823
0.865
0.950
0.812
0.795
0.690
0.710
0.805
0.664
0.652
0.679
0.717
0.762
0.776
0.798
0.759
0.805
0.708
0.639
0.690
0.753
0.815
0.796
0.819
0.768
0.748
0.748
0.675
0.678
0.794
0.845
0.859
0.839
0.824
0.732
0.802
0.776
0.754
0.737
0.753
0.777
0.714
0.683
0.819
0.792
0.719
0.711
0.726
0.808
0.814
0.781
0.789
0.749
0.805
0.766
0.796
0.809
0.797
0.763
0.767
0.827
0.772
0.683
0.655
0.715
0.727
0.743
0.729
0.791
0.794
0.806
0.752
0.718
0.771
0.780
0.800
0.801
0.824
0.945
0.948
0.917
0.961
0.909
0.970
0.938
0.809
0.749
0.851
0.949
0.882
0.832
0.827
0.855
0.840
0.948
0.896
0.919
0.971
0.878
0.927
0.840
0.875
0.855
0.892
0.963
0.903
0.887
0.894
0.883
0.959
0.927
0.896
0.924
0.889
0.932
0.871
0.859
0.849
0.917
0.851
0.888
0.935
0.947
0.918
0.918
0.904
0.962
0.797
0.816
0.895
0.944
0.900
0.908
0.959
0.903
0.971
0.962
0.921
0.826
0.916
0.925
0.896
0.850
0.808
0.794
0.825
0.865
0.856
0.840
0.775
0.823
0.808
0.818
0.837
0.822
0.771
0.726
0.682
0.721
0.703
0.631
0.598
0.671
0.742
0.756
0.774
0.760
0.852
0.797
0.767
0.837
0.804
0.813
0.791
0.754
0.764
0.911
0.830
0.806
0.808
0.765
0.766
0.728
0.813
0.946
0.861
0.749
0.666
0.673
0.728
0.606
0.558
0.578
0.638
0.689
0.736
0.767
0.747
0.835
0.862
0.759
0.722
0.773
0.809
0.853
0.952
0.868
0.806
0.846
0.847
0.701
0.723
0.674
0.564
0.592
0.639
0.647
0.665
0.646
0.630
0.626
0.697
0.836
0.841
0.863
0.793
0.796
0.866
0.855
0.814
0.850
0.954
0.847
0.920
0.957
0.884
0.864
0.853
0.889
0.906
0.953
0.839
0.871
0.927
0.932
0.958
0.890
0.921
0.885
0.790
0.861
0.929
0.893
0.872
0.957
0.801
0.844
0.866
0.906
0.865
0.841
0.771
0.862
0.885
0.883
0.850
0.846
0.933
0.960
0.935
0.935
0.897
0.901
0.937
0.944
0.842
0.829
0.833
0.905
0.877
0.878
0.800
0.852
0.763
0.807
0.939
0.881
0.787
0.854
0.773
0.795
0.840
0.796
0.806
0.778
0.838
0.884
0.873
0.821
0.911
0.952
0.827
0.861
0.848
0.962
0.848
0.813
0.921
0.851
0.860
0.907
0.877
0.865
0.838
0.851
0.786
0.805
0.801
0.870
0.738
0.741
0.715
0.715
0.727
0.749
0.774
0.813
0.715
0.718
0.801
0.753
0.837
0.818
0.760
0.770
0.821
0.738
0.722
0.775
0.660
0.638
0.658
0.673
0.663
0.697
0.739
0.754
0.819
0.748
0.703
0.782
0.785
0.799
0.748
0.755
0.787
0.765
0.782
0.763
0.852
0.833
0.873
0.940
0.839
0.827
0.723
0.730
0.742
0.710
0.638
0.749
0.768
0.782
0.820
0.787
0.798
0.789
0.756
0.853
0.863
0.768
0.768
0.797
0.837
0.764
0.759
0.756
0.851
0.887
0.802
0.819
0.806
0.781
0.782
0.884
0.939
0.969
0.847
0.793
0.765
0.813
0.819
0.821
0.795
0.819
0.836
0.810
0.718
0.740
0.823
0.788
0.738
0.698
0.758
0.791
0.855
0.894
0.850
0.749
0.708
0.799
0.767
0.760
0.780
0.843
0.880
0.860
0.817
0.841
0.743
0.771
0.788
0.849
0.783
0.725
0.753
0.857
0.907
0.921
0.828
0.954
0.874
0.918
0.957
0.866
0.857
0.908
0.850
0.841
0.960
0.887
0.955
0.957
0.970
0.833
0.900
0.915
0.898
0.948
0.972
0.945
0.948
0.882
0.966
0.874
0.956
0.930
0.918
0.910
0.960
0.892
0.955
0.841
0.933
0.896
0.935
0.892
0.783
0.901
0.872
0.770
0.742
0.721
0.783
0.828
0.958
0.890
0.899
0.782
0.745
0.932
0.954
0.945
0.950
0.961
0.896
0.859
0.856
0.923
0.831
0.924
0.927
0.849
0.971
0.922
0.961
0.918
0.947
0.877
0.938
0.926
0.971
0.847
0.944
0.915
0.895
0.913
0.831
0.869
0.850
0.792
0.765
0.758
0.707
0.719
0.710
0.776
0.723
0.738
0.792
0.808
0.867
0.972
0.914
0.859
0.840
0.835
0.883
0.830
0.888
0.931
0.818
0.712
0.743
0.850
0.795
0.850
0.775
0.827
0.843
0.937
0.916
0.716
0.696
0.768
0.811
0.868
0.885
0.724
0.646
0.743
0.847
0.767
0.793
0.862
0.886
0.788
0.790
0.831
0.826
0.838
0.908
0.900
0.918
0.900
0.948
0.937
0.832
0.836
0.833
0.870
0.943
0.959
0.800
0.822
0.937
0.933
0.931
0.896
0.917
0.912
0.915
0.856
0.965
0.944
0.919
0.952
0.937
0.889
0.822
0.837
0.788
0.791
0.842
0.831
0.839
0.843
0.771
0.788
0.812
0.935
0.927
0.947
0.958
0.927
0.902
0.918
0.821
0.883
0.944
0.891
0.955
0.924
0.891
0.891
0.948
0.918
0.951
0.934
0.912
0.761
0.699
0.723
0.822
0.845
0.925
0.818
0.838
0.945
0.916
0.947
0.960
0.916
0.914
0.912
0.954
0.895
0.943
0.959
0.864
0.812
0.774
0.832
0.844
0.763
0.787
0.784
0.749
0.745
0.812
0.869
0.861
0.865
0.840
0.865
0.924
0.922
0.949
0.887
0.971
0.975
0.858
0.943
0.929
0.934
0.864
0.804
0.852
0.793
0.764
0.745
0.814
0.819
0.775
0.798
0.863
0.826
0.805
0.787
0.803
0.878
0.785
0.810
0.801
0.820
0.785
0.818
0.878
0.790
0.820
0.845
0.862
0.955
0.810
0.727
0.776
0.840
0.844
0.814
0.845
0.865
0.846
0.793
0.808
0.831
0.812
0.804
0.799
0.836
0.861
0.793
0.930
0.851
0.901
0.707
0.722
0.802
0.788
0.749
0.730
0.734
0.785
0.822
0.773
0.856
0.809
0.862
0.852
0.855
0.773
0.746
0.734
0.752
0.758
0.783
0.777
0.811
0.871
0.890
0.772
0.832
0.782
0.827
0.930
0.836
0.884
0.842
0.880
0.874
0.917
0.906
0.828
0.836
0.807
0.927
0.885
0.819
0.807
0.842
0.873
0.962
0.863
0.819
0.772
0.818
0.841
0.789
0.719
0.731
0.815
0.756
0.787
0.869
0.898
0.828
0.813
0.963
0.839
0.792
0.834
0.878
0.899
0.745
0.751
0.818
0.882
0.766
0.784
0.833
0.811
0.872
0.877
0.956
0.952
0.922
0.804
0.811
0.908
0.899
0.906
0.880
0.930
0.936
0.857
0.838
0.829
0.883
0.904
0.869
0.870
0.809
0.852
0.858
0.898
0.921
0.912
0.937
0.838
0.887
0.905
0.875
0.933
0.966
0.918
0.841
0.859
0.823
0.819
0.840
0.897
0.912
0.966
0.958
0.973
0.949
0.904
0.951
0.956
0.967
0.935
0.919
0.811
0.952
0.969
0.978
0.824
0.899
0.963
0.880
0.953
0.890
0.928
0.936
0.898
0.877
0.849
0.843
0.756
0.754
0.861
0.978
0.952
0.848
0.873
0.832
0.779
0.853
0.960
0.964
0.943
0.945
0.880
0.882
0.903
0.949
0.909
0.837
0.846
0.965
0.964
0.909
0.845
0.773
0.769
0.805
0.847
0.947
0.966
0.852
0.887
0.819
0.812
0.855
0.863
0.867
0.905
0.962
0.918
0.958
0.924
0.911
0.851
0.934
0.963
0.972
0.941
0.794
0.798
0.833
0.936
0.964
0.871
0.835
0.812
0.898
0.864
0.844
0.812
0.866
0.890
0.841
0.793
0.854
0.922
0.952
0.931
0.901
0.948
0.832
0.845
0.934
0.868
0.842
0.866
0.892
0.940
0.905
0.880
0.800
0.860
0.885
0.921
0.891
0.803
0.908
0.863
0.780
0.789
0.792
0.811
0.910
0.890
0.842
0.881
0.902
0.917
0.941
0.853
0.881
0.890
0.949
0.946
0.963
0.962
0.966
0.870
0.944
0.948
0.932
0.928
0.930
0.959
0.956
0.944
0.772
0.801
0.854
0.911
0.876
0.881
0.842
0.878
0.894
0.938
0.813
0.792
0.747
0.782
0.767
0.825
0.854
0.721
0.854
0.763
0.814
0.736
0.709
0.756
0.814
0.890
0.914
0.901
0.949
0.885
0.952
0.941
0.911
0.836
0.702
0.732
0.833
0.725
0.811
0.791
0.862
0.800
0.882
0.756
0.802
0.778
0.817
0.783
0.790
0.802
0.723
0.766
0.770
0.798
0.919
0.874
0.774
0.685
0.581
0.686
0.836
0.959
0.835
0.874
0.794
0.820
0.908
0.769
0.887
0.874
0.929
0.851
0.825
0.717
0.755
0.774
0.788
0.758
0.930
0.931
0.838
0.716
0.697
0.787
0.841
0.818
0.786
0.744
0.771
0.823
0.828
0.830
0.789
0.759
0.799
0.757
0.725
0.686
0.645
0.687
0.557
0.718
0.714
0.752
0.691
0.706
0.842
0.783
0.802
0.835
0.764
0.709
0.663
0.708
0.726
0.740
0.729
0.641
0.608
0.699
0.655
0.668
0.765
0.862
0.825
0.717
0.749
0.747
0.804
0.767
0.765
0.778
0.784
0.835
0.839
0.802
0.776
0.846
0.870
0.816
0.868
0.825
0.767
0.812
0.803
0.765
0.817
0.892
0.789
0.735
0.705
0.818
0.749
0.667
0.651
0.731
0.770
0.798
0.743
0.634
0.798
0.909
0.817
0.856
0.956
0.880
0.784
0.781
0.803
0.738
0.882
0.753
0.728
0.731
0.739
0.694
0.812
0.766
0.705
0.697
0.798
0.852
0.934
0.785
0.854
0.817
0.716
0.702
0.784
0.970
0.934
0.922
0.960
0.965
0.837
0.786
0.909
0.964
0.948
0.961
0.870
0.882
0.891
0.871
0.798
0.817
0.781
0.915
0.969
0.965
0.953
0.901
0.949
0.928
0.972
0.934
0.956
0.913
0.884
0.848
0.888
0.933
0.807
0.842
0.867
0.858
0.889
0.848
0.827
0.830
0.820
0.802
0.789
0.800
0.801
0.835
0.856
0.951
0.873
0.906
0.877
0.810
0.817
0.813
0.828
0.814
0.848
0.842
0.842
0.819
0.908
0.847
0.774
0.706
0.709
0.751
0.778
0.787
0.920
0.951
0.905
0.893
0.822
0.856
0.893
0.891
0.934
0.890
0.843
0.800
0.696
0.705
0.719
0.679
0.700
0.697
0.732
0.745
0.704
0.740
0.825
0.800
0.750
0.775
0.632
0.654
0.688
0.705
0.648
0.668
0.658
0.594
0.591
0.804
0.820
0.816
0.813
0.795
0.840
0.763
0.724
0.651
0.562
0.569
0.552
0.571
0.687
0.899
0.878
0.801
0.857
0.857
0.791
0.681
0.755
0.844
0.790
0.917
0.798
0.712
0.695
0.713
0.845
0.852
0.816
0.950
0.922
0.874
0.885
0.829
0.757
0.818
0.938
0.816
0.804
0.782
0.856
0.883
0.843
0.875
0.903
0.895
0.849
0.829
0.817
0.799
0.875
0.930
0.804
0.777
0.795
0.878
0.801
0.721
0.688
0.804
0.798
0.746
0.738
0.879
0.915
0.903
0.886
0.960
0.929
0.930
0.921
0.887
0.779
0.914
0.851
0.816
0.918
0.912
0.941
0.938
0.952
0.838
0.770
0.932
0.792
0.821
0.711
0.651
0.717
0.901
0.887
0.940
0.942
0.937
0.934
0.891
0.938
0.955
0.847
0.917
0.940
0.823
0.800
0.825
0.763
0.783
0.821
0.818
0.827
0.798
0.776
0.756
0.804
0.794
0.873
0.928
0.894
0.925
0.884
0.970
0.973
0.921
0.921
0.956
0.866
0.864
0.872
0.953
0.871
0.743
0.629
0.744
0.793
0.746
0.742
0.820
0.736
0.761
0.842
0.778
0.863
0.827
0.815
0.872
0.823
0.925
0.881
0.851
0.754
0.819
0.825
0.768
0.806
0.759
0.732
0.781
0.851
0.930
0.794
0.819
0.897
0.965
0.912
0.927
0.766
0.755
0.890
0.838
0.846
0.906
0.962
0.915
0.898
0.816
0.752
0.847
0.828
0.742
0.690
0.727
0.786
0.835
0.836
0.881
0.824
0.959
0.975
0.853
0.844
0.876
0.858
0.727
0.748
0.799
0.786
0.758
0.817
0.754
0.762
0.833
0.792
0.749
0.836
0.824
0.930
0.854
0.933
0.784
0.772
0.750
0.829
0.867
0.947
0.858
0.818
0.878
0.776
0.830
0.910
0.922
0.891
0.838
0.876
0.789
0.888
0.875
0.861
0.845
0.757
0.851
0.821
0.848
0.758
0.848
0.822
0.780
0.859
0.846
0.915
0.894
0.937
0.880
0.930
0.875
0.967
0.906
0.801
0.905
0.946
0.881
0.903
0.953
0.939
0.898
0.885
0.813
0.824
0.765
0.729
0.749
0.797
0.852
0.867
0.922
0.924
0.932
0.967
0.952
0.908
0.822
0.915
0.922
0.947
0.880
0.962
0.945
0.884
0.915
0.956
0.958
0.910
0.930
0.840
0.799
0.911
0.968
0.971
0.964
0.961
0.906
0.961
0.973
0.938
0.920
0.963
0.950
0.948
0.941
0.902
0.954
0.875
0.852
0.941
0.957
0.895
0.953
0.945
0.899
0.956
0.966
0.972
0.901
0.966
0.809
0.794
0.853
0.905
0.968
0.885
0.975
0.955
0.914
0.957
0.968
0.953
0.895
0.917
0.971
0.897
0.794
0.843
0.921
0.910
0.909
0.913
0.834
0.860
0.886
0.920
0.790
0.957
0.975
0.993
0.991
0.990
0.989
0.997
0.994
0.978
0.943
0.957
0.965
0.968
0.987
0.980
0.985
0.986
0.986
0.968
0.968
0.983
0.966
0.936
0.973
0.913
0.991
0.976
0.990
0.991
0.977
0.983
0.972
0.905
0.880
0.967
0.987
0.975
0.991
0.997
0.991
0.993
0.994
0.994
0.993
0.963
0.992
0.990
0.989
1.000
0.972
0.974
0.946
0.975
0.995
0.989
0.913
0.944
0.991
0.995
0.993
0.994
1.004
0.987
0.988
0.994
0.995
0.992
0.984
0.997
1.002
0.958
0.893
0.864
0.969
0.966
0.980
0.984
0.990
0.992
0.996
0.995
0.997
0.992
0.991
0.990
0.985
0.978
0.987
0.985
0.975
0.983
0.982
0.988
0.986
0.991
0.993
0.990
0.985
0.994
0.992
0.990
0.991
0.996
0.997
0.992
0.993
0.984
0.993
0.993
0.992
0.998
1.000
0.997
0.986
0.991
0.990
0.991
0.993
0.996
0.993
0.988
0.977
0.990
0.989
0.990
0.968
0.947
0.971
0.981
0.988
0.986
0.990
0.991
0.989
0.993
0.991
1.002
0.993
0.985
0.951
0.991
0.993
0.988
0.983
0.990
0.974
0.954
0.984
0.978
0.986
0.988
0.986
0.992
0.989
0.990
0.947
0.991
0.983
0.978
0.964
0.932
0.921
0.946
0.953
0.944
0.977
0.960
0.978
0.978
0.989
0.993
0.977
0.978
0.989
0.979
0.987
0.955
0.934
0.920
0.987
0.989
0.994
0.989
0.969
0.947
0.952
0.967
0.970
0.905
0.900
0.959
0.934
0.955
0.980
0.996
0.980
0.994
0.984
0.982
0.945
0.922
0.935
0.940
0.979
0.939
0.919
0.960
0.987
0.990
0.992
0.991
0.972
0.936
0.978
0.989
0.982
0.957
0.901
0.923
0.874
0.897
0.931
0.964
0.984
0.974
0.978
0.987
0.979
0.967
0.970
0.992
0.993
0.989
0.986
0.990
0.991
0.977
0.946
0.962
0.969
0.951
0.898
0.837
0.855
0.923
0.979
0.970
0.893
0.902
0.971
0.992
0.992
0.953
0.967
0.961
0.925
0.943
0.979
0.987
0.986
0.991
0.992
0.991
0.937
0.976
0.968
0.993
0.981
0.972
0.924
0.912
0.954
0.981
0.989
0.988
0.990
0.992
0.993
0.993
0.990
0.990
0.989
0.991
0.990
0.991
0.982
0.942
0.990
0.987
0.992
0.998
0.992
0.939
0.892
0.896
0.985
0.989
0.990
0.990
0.977
0.989
0.989
0.990
0.987
0.958
0.974
0.988
0.990
0.990
0.992
0.990
0.990
0.971
0.993
0.993
0.993
0.994
0.982
0.986
0.991
0.993
0.990
0.991
0.977
0.995
0.994
0.997
0.994
0.991
0.989
0.996
0.992
0.993
0.994
0.987
0.983
0.985
0.992
0.999
0.996
0.995
0.987
0.991
0.987
0.992
0.993
0.992
0.994
0.996
0.991
0.993
0.994
0.990
0.988
0.961
0.939
0.980
0.986
0.973
0.978
0.983
0.988
0.981
0.979
0.978
0.940
0.975
0.990
0.983
0.997
0.984
0.991
0.963
0.973
0.972
0.953
0.970
0.951
0.981
0.975
0.972
0.995
0.997
0.994
0.988
0.994
1.000
0.988
0.993
0.979
0.988
0.993
0.989
0.983
0.987
0.987
0.987
0.987
0.989
0.989
0.972
0.990
0.969
0.989
0.986
0.990
0.987
0.982
0.984
0.933
0.904
0.959
0.983
0.994
0.951
0.908
0.928
0.904
0.955
0.935
0.977
0.991
0.947
0.984
0.987
0.982
0.960
0.942
0.986
0.982
0.981
0.965
0.973
0.983
0.982
0.946
0.966
0.969
0.983
0.976
0.989
0.992
0.988
0.995
0.997
0.992
0.989
0.988
0.991
0.993
0.995
0.991
0.987
0.988
0.986
0.977
0.988
0.976
0.986
0.985
0.988
0.989
0.991
0.991
0.996
0.993
0.998
0.994
0.965
0.995
0.987
0.982
0.993
0.991
0.990
0.944
0.993
0.993
0.992
0.989
0.951
0.984
0.989
0.989
0.987
0.982
0.988
0.995
0.993
0.986
0.990
0.989
0.990
0.985
0.989
0.986
0.987
0.984
0.979
0.990
0.973
0.956
0.973
0.974
0.989
0.983
0.982
0.974
0.975
0.973
0.985
0.976
0.959
0.953
0.949
0.981
0.968
0.968
0.974
0.970
0.972
0.950
0.981
0.923
0.974
0.943
0.909
0.967
0.990
0.979
0.984
0.971
0.992
0.968
0.972
0.972
0.942
0.961
0.890
0.865
0.895
0.985
0.979
0.944
0.936
0.977
0.984
0.971
0.878
0.969
0.974
0.975
0.977
0.967
0.936
0.928
0.948
0.968
0.988
0.984
0.935
0.918
0.911
0.955
0.973
0.964
0.956
0.963
0.919
0.849
0.931
0.859
0.869
0.907
0.953
0.965
0.981
0.893
0.908
0.950
0.973
0.955
0.981
0.982
0.977
0.978
0.985
0.937
0.931
0.981
0.991
0.987
0.940
0.928
0.976
0.975
0.958
0.950
0.981
0.983
0.985
0.981
0.984
0.930
0.961
0.914
0.920
0.897
0.942
0.948
0.963
0.976
0.975
0.985
0.961
0.977
0.941
0.898
0.910
0.964
0.930
0.985
0.951
0.974
0.946
0.974
0.990
0.951
0.970
0.977
0.983
0.991
0.994
0.990
0.959
0.981
0.992
0.993
0.979
0.932
0.976
0.976
0.990
0.991
0.993
0.991
0.981
0.978
0.987
0.981
0.991
0.995
0.988
0.972
0.995
0.993
0.993
0.992
0.975
0.993
0.992
0.989
0.994
0.970
0.935
0.946
0.965
0.962
0.990
0.985
0.974
0.981
0.981
0.984
0.974
0.975
0.981
0.978
0.975
0.981
0.989
0.952
0.994
0.990
0.990
0.996
0.993
0.992
0.977
0.989
0.986
0.992
0.970
0.989
0.986
0.973
0.978
0.988
0.989
0.985
0.990
0.989
0.968
0.984
0.992
0.961
0.979
0.983
0.916
0.923
0.990
0.990
0.992
0.995
0.989
0.980
0.994
0.987
0.993
0.991
0.990
0.988
0.976
0.982
0.977
0.988
0.978
0.949
0.926
0.909
0.895
0.922
0.876
0.864
0.895
0.879
0.865
0.849
0.744
0.826
0.900
0.901
0.904
0.963
0.990
0.993
0.983
0.987
0.994
0.960
0.926
0.967
0.966
0.994
0.994
0.993
0.988
0.943
0.922
0.942
0.962
0.965
0.988
0.995
0.984
0.991
0.992
0.990
0.988
0.995
0.991
0.997
0.987
0.989
0.971
0.992
0.974
0.982
0.990
0.966
0.958
0.989
0.985
0.985
0.975
0.958
0.959
0.972
0.975
0.982
0.987
0.978
0.990
0.962
0.980
0.988
0.984
0.975
0.983
0.984
0.984
0.989
0.988
0.994
0.993
0.972
0.990
0.990
0.988
0.984
0.991
0.988
0.989
0.982
0.991
0.984
0.968
0.958
0.983
0.985
0.980
0.966
0.983
0.967
0.976
0.981
0.986
0.978
0.979
0.971
0.987
0.988
0.991
0.980
0.982
0.987
0.976
0.985
0.993
0.995
0.990
0.994
0.991
0.991
0.986
0.986
0.983
0.993
0.990
0.991
0.951
0.989
0.993
0.980
0.903
0.992
0.992
0.985
0.984
0.987
0.984
0.986
0.973
0.974
0.966
0.983
0.982
0.989
0.976
0.988
0.986
0.989
0.993
0.991
0.989
0.978
0.970
0.986
0.984
0.992
0.988
0.983
0.969
0.981
0.947
0.944
0.969
0.965
0.981
0.945
0.958
0.948
0.980
0.983
0.952
0.975
0.977
0.935
0.948
0.946
0.965
0.982
0.953
0.975
0.968
0.964
0.973
0.973
0.964
0.989
0.984
0.989
0.990
0.943
0.980
0.946
0.981
0.981
0.954
0.952
0.915
0.982
0.973
0.930
0.943
0.937
0.947
0.957
0.954
0.970
0.969
0.973
0.964
0.942
0.919
0.910
0.892
0.937
0.943
0.883
0.882
0.913
0.962
0.977
0.972
0.968
0.963
0.940
0.934
0.971
0.990
0.981
0.982
0.989
0.992
0.987
0.980
0.973
0.977
0.977
0.989
0.987
0.974
0.977
0.982
0.963
0.981
0.954
0.976
0.970
0.959
0.979
0.977
0.967
0.964
0.981
0.973
0.969
0.930
0.985
0.988
0.964
0.982
0.974
0.984
0.990
0.993
0.981
0.981
0.958
0.964
0.982
0.974
0.956
0.898
0.923
0.960
0.985
0.969
0.990
0.990
0.986
0.988
0.984
0.984
0.959
0.988
0.990
0.940
0.936
0.934
0.975
0.937
0.958
0.990
0.989
0.990
0.989
0.991
0.995
0.995
0.979
0.967
0.936
0.984
0.990
0.985
0.988
0.974
0.985
0.982
0.977
0.980
0.986
0.991
0.995
1.000
0.996
0.980
0.990
0.996
0.991
0.989
0.972
0.989
0.983
0.986
0.976
0.955
0.983
0.976
0.970
0.986
0.993
0.993
0.988
0.986
0.991
0.980
0.993
0.983
0.990
0.995
0.993
0.987
0.992
0.990
0.992
0.980
0.986
0.972
0.990
1.000
0.996
0.991
0.975
0.960
0.989
0.983
0.981
0.979
0.988
0.993
0.991
0.995
0.989
0.991
0.997
1.001
0.950
0.907
0.933
0.876
0.876
0.942
0.960
0.965
0.959
0.992
0.945
0.991
0.988
0.992
0.995
0.991
0.981
0.991
0.997
0.947
0.974
0.954
0.922
0.962
0.977
0.960
0.973
0.991
0.994
0.988
0.983
0.984
0.988
0.970
0.994
0.990
0.990
0.953
0.975
0.989
0.988
0.986
0.990
0.995
0.986
0.981
0.990
0.977
0.953
0.963
0.967
0.993
0.989
0.966
0.988
0.992
0.992
0.996
0.993
0.992
0.991
0.988
0.992
0.986
0.990
0.992
0.990
0.996
0.999
0.992
0.994
0.995
0.993
0.989
0.993
0.978
0.983
0.992
0.992
0.989
0.992
0.985
0.990
0.992
0.967
0.938
0.980
0.976
0.951
0.987
0.989
0.987
0.970
0.936
0.955
0.939
0.965
0.904
0.919
0.988
0.977
0.985
0.972
0.980
0.963
0.984
0.969
0.979
0.993
0.982
0.984
0.990
0.993
0.985
0.981
0.985
0.986
0.979
0.989
0.989
0.984
0.987
0.993
0.975
0.981
0.987
0.988
0.987
0.991
0.978
0.984
0.964
0.988
0.994
0.996
1.000
0.995
0.993
0.992
0.970
0.985
0.990
0.963
0.991
0.988
0.976
0.981
0.985
0.981
0.989
0.962
0.904
0.948
0.954
0.981
0.988
0.982
0.976
0.982
0.966
0.981
0.977
0.944
0.935
0.972
0.964
0.975
0.947
0.925
0.948
0.966
0.986
0.975
0.954
0.951
0.978
0.919
0.911
0.917
0.938
0.917
0.988
0.987
0.949
0.966
0.933
0.926
0.925
0.964
0.948
0.952
0.960
0.984
0.957
0.973
0.924
0.891
0.880
0.917
0.918
0.956
0.894
0.918
0.914
0.886
0.926
0.905
0.943
0.926
0.935
0.933
0.898
0.908
0.976
0.963
0.919
0.903
0.938
0.959
