19790101
0.867
0.810
0.850
0.858
0.910
0.911
0.963
0.952
0.851
0.812
0.827
0.822
0.856
0.899
0.855
0.869
0.806
0.815
0.879
0.860
0.856
0.926
0.890
0.963
0.873
0.831
0.894
0.947
0.955
0.912
0.838
0.889
0.866
0.725
0.735
0.805
0.836
0.884
0.896
0.895
0.891
0.876
0.874
0.850
0.927
0.889
0.916
0.927
0.893
0.831
0.828
0.818
0.847
0.878
0.919
0.962
0.952
0.953
0.930
0.958
0.893
0.892
0.957
0.967
0.970
0.965
0.956
0.923
0.836
0.891
0.898
0.867
0.874
0.887
0.899
0.866
0.968
0.974
0.959
0.959
0.961
0.977
0.973
0.954
0.942
0.885
0.896
0.954
0.895
0.790
0.814
0.877
0.927
0.928
0.946
0.922
0.860
0.863
0.842
0.820
0.806
0.812
0.836
0.863
0.877
0.830
0.856
0.870
0.859
0.956
0.962
0.954
0.910
0.966
0.970
0.978
0.967
0.971
0.956
0.921
0.951
0.952
0.925
0.889
0.878
0.805
0.823
0.806
0.804
0.761
0.849
0.864
0.876
0.860
0.906
0.918
0.969
0.957
0.965
0.931
0.975
0.949
0.969
0.934
0.935
0.902
0.881
0.889
0.948
0.964
0.892
0.897
0.940
0.975
0.938
0.892
0.959
0.979
0.964
0.932
0.892
0.856
0.863
0.835
0.899
0.833
0.900
0.873
0.836
0.835
0.876
0.850
0.828
0.866
0.847
0.842
0.820
0.817
0.818
0.824
0.805
0.834
0.860
0.819
0.824
0.844
0.736
0.680
0.736
0.769
0.794
0.759
0.842
0.861
0.893
0.885
0.820
0.880
0.937
0.884
0.824
0.751
0.845
0.788
0.764
0.834
0.760
0.720
0.702
0.795
0.868
0.880
0.855
0.858
0.836
0.748
0.773
0.750
0.727
0.776
0.728
0.679
0.748
0.830
0.804
0.838
0.857
0.849
0.819
0.827
0.855
0.826
0.851
0.876
0.910
0.938
0.975
0.924
0.932
0.973
0.949
0.971
0.970
0.947
0.943
0.903
0.888
0.964
0.912
0.868
0.969
0.975
0.960
0.824
0.896
0.944
0.974
0.976
0.963
0.899
0.948
0.876
0.890
0.888
0.891
0.907
0.900
0.819
0.848
0.856
0.871
0.845
0.844
0.856
0.836
0.800
0.812
0.877
0.811
0.820
0.845
0.862
0.835
0.906
0.923
0.891
0.874
0.943
0.966
0.965
0.960
0.930
0.956
0.920
0.911
0.884
0.863
0.945
0.973
0.922
0.974
0.926
0.891
0.890
0.916
0.878
0.960
0.917
0.905
0.928
0.831
0.865
0.929
0.971
0.983
0.975
0.968
0.874
0.952
0.978
0.962
0.930
0.974
0.914
0.941
0.904
0.904
0.955
0.906
0.973
0.937
0.837
0.899
0.889
0.878
0.909
0.870
0.812
0.829
0.816
0.769
0.790
0.804
0.851
0.855
0.814
0.884
0.972
0.970
0.901
0.975
0.974
0.972
0.965
0.911
0.898
0.873
0.887
0.879
0.976
0.883
0.863
0.920
0.952
0.949
0.974
0.959
0.945
0.843
0.847
0.824
0.785
0.789
0.797
0.783
0.878
0.873
0.884
0.963
0.948
0.961
0.935
0.969
0.962
0.965
0.858
0.823
0.823
0.923
0.848
0.809
0.813
0.903
0.893
0.967
0.972
0.956
0.976
0.978
0.968
0.961
0.969
0.947
0.900
0.888
0.911
0.833
0.832
0.812
0.782
0.818
0.939
0.962
0.906
0.967
0.917
0.936
0.915
0.907
0.958
0.925
0.934
0.861
0.919
0.963
0.951
0.958
0.956
0.876
0.864
0.832
0.819
0.851
0.796
0.819
0.863
0.867
0.901
0.890
0.880
0.880
0.902
0.948
0.942
0.919
0.845
0.939
0.913
0.857
0.838
0.767
0.746
0.802
0.789
0.816
0.863
0.809
0.873
0.930
0.883
0.881
0.946
0.932
0.956
0.959
0.891
0.941
0.953
0.975
0.960
0.955
0.857
0.820
0.769
0.786
0.809
0.845
0.879
0.871
0.892
0.896
0.953
0.936
0.973
0.943
0.943
0.970
0.961
0.963
0.933
0.909
0.921
0.853
0.878
0.951
0.895
0.902
0.854
0.909
0.939
0.972
0.953
0.833
0.876
0.924
0.869
0.872
0.819
0.826
0.875
0.851
0.876
0.890
0.868
0.846
0.880
0.913
0.931
0.891
0.885
0.843
0.896
0.895
0.889
0.867
0.843
0.867
0.863
0.888
0.902
0.834
0.719
0.777
0.785
0.863
0.876
0.862
0.846
0.879
0.871
0.825
0.817
0.793
0.732
0.719
0.755
0.750
0.691
0.717
0.727
0.792
0.784
0.740
0.732
0.780
0.758
0.834
0.832
0.812
0.835
0.801
0.798
0.771
0.765
0.757
0.792
0.875
0.861
0.911
0.907
0.912
0.853
0.891
0.915
0.910
0.874
0.841
0.790
0.803
0.807
0.814
0.891
0.888
0.867
0.864
0.845
0.857
0.844
0.834
0.844
0.806
0.834
0.857
0.858
0.820
0.821
0.859
0.852
0.835
0.790
0.765
0.698
0.716
0.796
0.788
0.795
0.789
0.793
0.818
0.852
0.922
0.842
0.872
0.809
0.806
0.796
0.840
0.775
0.714
0.646
0.800
0.839
0.881
0.919
0.900
0.824
0.885
0.934
0.919
0.877
0.852
0.871
0.795
0.790
0.848
0.837
0.865
0.979
0.976
0.968
0.884
0.904
0.884
0.959
0.889
0.941
0.903
0.900
0.873
0.871
0.852
0.898
0.890
0.911
0.908
0.974
0.971
0.920
0.891
0.838
0.885
0.822
0.823
0.878
0.880
0.876
0.884
0.908
0.896
0.893
0.926
0.918
0.929
0.983
0.985
0.976
0.965
0.925
0.931
0.954
0.967
0.963
0.984
0.985
0.968
0.950
0.951
0.906
0.907
0.932
0.938
0.949
0.955
0.972
0.966
0.933
0.923
0.952
0.977
0.938
0.978
0.930
0.922
0.927
0.974
0.918
0.845
0.872
0.908
0.859
0.880
0.913
0.951
0.953
0.951
0.970
0.972
0.950
0.971
0.935
0.966
0.932
0.887
0.902
0.908
0.979
0.960
0.957
0.971
0.936
0.964
0.873
0.879
0.838
0.806
0.822
0.842
0.824
0.853
0.928
0.826
0.843
0.883
0.903
0.823
0.841
0.868
0.842
0.831
0.868
0.867
0.837
0.940
0.884
0.807
0.879
0.858
0.873
0.873
0.891
0.861
0.916
0.941
0.903
0.939
0.971
0.965
0.901
0.909
0.906
0.904
0.840
0.889
0.956
0.965
0.970
0.969
0.972
0.953
0.960
0.907
0.909
0.917
0.939
0.972
0.932
0.916
0.871
0.823
0.847
0.861
0.891
0.857
0.839
0.888
0.977
0.913
0.960
0.971
0.974
0.962
0.902
0.901
0.965
0.901
0.930
0.947
0.916
0.960
0.967
0.920
0.900
0.943
0.899
0.888
0.888
0.909
0.952
0.907
0.871
0.886
0.857
0.881
0.913
0.923
0.909
0.917
0.873
0.860
0.862
0.910
0.851
0.845
0.907
0.967
0.949
0.955
0.964
0.958
0.964
0.948
0.927
0.945
0.971
0.971
0.913
0.898
0.960
0.923
0.967
0.974
0.952
0.966
0.944
0.977
0.980
0.967
0.891
0.725
0.972
0.971
0.971
0.928
0.945
0.924
0.935
0.883
0.903
0.928
0.924
0.872
0.864
0.860
0.902
0.948
0.956
0.975
0.905
0.950
0.876
0.928
0.935
0.958
0.930
0.947
0.862
0.790
0.896
0.922
0.969
0.919
0.939
0.916
0.869
0.874
0.853
0.873
0.877
0.910
0.929
0.873
0.861
0.836
0.850
0.876
0.889
0.868
0.809
0.856
0.838
0.890
0.896
0.893
0.868
0.878
0.892
0.910
0.929
0.854
0.872
0.887
0.878
0.850
0.847
0.859
0.744
0.783
0.881
0.886
0.864
0.808
0.823
0.826
0.868
0.761
0.793
0.752
0.774
0.737
0.806
0.817
0.721
0.728
0.800
0.821
0.814
0.786
0.758
0.784
0.841
0.885
0.797
0.687
0.774
0.826
0.844
0.872
0.783
0.829
0.814
0.849
0.789
0.784
0.814
0.846
0.884
0.874
0.880
0.824
0.852
0.796
0.844
0.872
0.887
0.955
0.885
0.855
0.842
0.841
0.850
0.842
0.942
0.889
0.904
0.948
0.879
0.856
0.885
0.867
0.851
0.841
0.831
0.866
0.858
0.771
0.779
0.774
0.803
0.814
0.828
0.861
0.912
0.874
0.828
0.846
0.855
0.922
0.913
0.917
0.871
0.893
0.957
0.884
0.953
0.898
0.982
0.982
0.967
0.964
0.944
0.931
0.940
0.916
0.868
0.922
0.893
0.938
0.930
0.964
0.861
0.926
0.973
0.977
0.982
0.984
0.973
0.924
0.902
0.915
0.921
0.887
0.968
0.973
0.951
0.977
0.957
0.939
0.952
0.979
0.967
0.926
0.925
0.965
0.902
0.977
0.967
0.902
0.917
0.942
0.894
0.935
0.896
0.956
0.938
0.972
0.945
0.958
0.903
0.962
0.964
0.977
0.911
0.920
0.932
0.974
0.940
0.910
0.909
0.927
0.964
0.930
0.947
0.925
0.961
0.949
0.973
0.909
0.923
0.884
0.922
0.916
0.892
0.895
0.946
0.971
0.973
0.962
0.975
0.973
0.969
0.957
0.970
0.931
0.910
0.976
0.938
0.882
0.895
0.886
0.936
0.955
0.922
0.949
0.857
0.749
0.725
0.806
0.853
0.820
0.895
0.950
0.969
0.968
0.948
0.936
0.923
0.903
0.881
0.939
0.957
0.962
0.965
0.978
0.984
0.970
0.968
0.960
0.935
0.902
0.983
0.984
0.987
0.986
0.951
0.964
0.987
0.973
0.970
0.964
0.979
0.928
0.949
0.966
0.955
0.910
0.942
0.954
0.916
0.939
0.974
0.971
0.940
0.941
0.957
0.956
0.873
0.897
0.897
0.967
0.961
0.986
0.989
0.985
0.957
0.957
0.918
0.920
0.920
0.963
0.978
0.970
0.986
0.987
0.987
0.974
0.951
0.932
0.934
0.925
0.978
0.977
0.979
0.972
0.964
0.917
0.932
0.972
0.953
0.842
0.763
0.781
0.829
0.967
0.962
0.937
0.964
0.858
0.844
0.882
0.892
0.854
0.837
0.853
0.953
0.947
0.977
0.930
0.935
0.965
0.911
0.892
0.968
0.901
0.935
0.867
0.848
0.871
0.868
0.894
0.903
0.905
0.897
0.928
0.934
0.930
0.873
0.961
0.904
0.965
0.888
0.940
0.972
0.953
0.968
0.959
0.942
0.866
0.834
0.801
0.821
0.882
0.855
0.856
0.866
0.924
0.859
0.852
0.835
0.831
0.845
0.800
0.822
0.812
0.827
0.862
0.867
0.852
0.864
0.822
0.800
0.798
0.765
0.739
0.759
0.782
0.748
0.697
0.694
0.726
0.779
0.770
0.760
0.828
0.824
0.780
0.732
0.743
0.854
0.828
0.812
0.698
0.729
0.769
0.721
0.687
0.732
0.774
0.765
0.774
0.798
0.737
0.757
0.802
0.834
0.823
0.811
0.780
0.748
0.736
0.805
0.769
0.666
0.704
0.803
0.852
0.818
0.706
0.694
0.720
0.801
0.750
0.737
0.796
0.759
0.777
0.777
0.659
0.730
0.826
0.756
0.723
0.702
0.770
0.798
0.781
0.736
0.788
0.780
0.804
0.805
0.787
0.815
0.810
0.788
0.741
0.756
0.831
0.788
0.864
0.812
0.848
0.816
0.808
0.829
0.898
0.858
0.838
0.833
0.805
0.793
0.757
0.766
0.833
0.882
0.889
0.924
0.973
0.974
0.917
0.968
0.922
0.919
0.864
0.874
0.935
0.888
0.957
0.934
0.899
0.970
0.881
0.950
0.961
0.908
0.869
0.901
0.953
0.898
0.979
0.943
0.926
0.973
0.963
0.803
0.833
0.819
0.828
0.837
0.846
0.912
0.964
0.932
0.950
0.953
0.917
0.956
0.965
0.907
0.926
0.909
0.963
0.937
0.923
0.848
0.841
0.857
0.876
0.865
0.878
0.935
0.943
0.954
0.940
0.889
0.850
0.899
0.976
0.960
0.902
0.816
0.804
0.847
0.907
0.939
0.939
0.945
0.976
0.946
0.988
0.963
0.987
0.959
0.972
0.926
0.905
0.902
0.969
0.980
0.968
0.988
0.979
0.982
0.972
0.934
0.951
0.945
0.976
0.982
0.980
0.977
0.912
0.951
0.980
0.979
0.954
0.926
0.922
0.893
0.874
0.882
0.879
0.897
0.885
0.910
0.893
0.892
0.857
0.856
0.850
0.853
0.909
0.864
0.876
0.870
0.845
0.846
0.893
0.929
0.891
0.911
0.980
0.954
0.862
0.865
0.849
0.915
0.929
0.923
0.949
0.971
0.954
0.986
0.958
0.948
0.963
0.931
0.910
0.919
0.912
0.945
0.878
0.860
0.884
0.897
0.881
0.921
0.893
0.886
0.938
0.845
0.867
0.924
0.952
0.937
0.924
0.966
0.962
0.956
0.955
0.967
0.973
0.948
0.862
0.851
0.900
0.883
0.934
0.947
0.872
0.774
0.857
0.869
0.854
0.923
0.950
0.961
0.966
0.978
0.939
0.945
0.947
0.960
0.943
0.936
0.957
0.930
0.928
0.939
0.964
0.981
0.972
0.976
0.971
0.986
0.946
0.962
0.956
0.900
0.870
0.877
0.908
0.955
0.883
0.927
0.918
0.963
0.929
0.893
0.970
0.954
0.965
0.924
0.977
0.924
0.939
0.912
0.876
0.853
0.898
0.841
0.835
0.835
0.845
0.843
0.890
0.925
0.941
0.971
0.968
0.965
0.967
0.942
0.960
0.962
0.938
0.944
0.891
0.889
0.957
0.919
0.938
0.904
0.874
0.845
0.886
0.893
0.839
0.802
0.873
0.936
0.914
0.892
0.937
0.919
0.883
0.933
0.876
0.856
0.852
0.813
0.756
0.783
0.827
0.834
0.878
0.767
0.829
0.831
0.809
0.823
0.836
0.857
0.840
0.809
0.772
0.777
0.952
0.862
0.882
0.876
0.940
0.875
0.780
0.775
0.805
0.811
0.871
0.831
0.822
0.779
0.786
0.768
0.753
0.830
0.815
0.719
0.568
0.653
0.710
0.752
0.832
0.870
0.845
0.856
0.820
0.763
0.809
0.824
0.839
0.784
0.769
0.739
0.801
0.825
0.854
0.851
0.698
0.724
0.777
0.740
0.748
0.848
0.825
0.846
0.845
0.808
0.801
0.745
0.778
0.836
0.841
0.831
0.817
0.762
0.734
0.834
0.727
0.815
0.851
0.844
0.764
0.834
0.829
0.828
0.816
0.754
0.830
0.835
0.845
0.881
0.851
0.804
0.836
0.819
0.817
0.879
0.803
0.788
0.815
0.744
0.713
0.774
0.755
0.764
0.666
0.724
0.778
0.870
0.829
0.800
0.812
0.832
0.869
0.852
0.846
0.856
0.890
0.957
0.955
0.980
0.936
0.930
0.919
0.970
0.937
0.979
0.955
0.865
0.871
0.966
0.880
0.875
0.852
0.915
0.976
0.924
0.908
0.902
0.910
0.879
0.898
0.902
0.901
0.921
0.955
0.972
0.936
0.970
0.947
0.966
0.968
0.924
0.835
0.748
0.855
0.862
0.851
0.867
0.968
0.967
0.824
0.865
0.941
0.964
0.947
0.933
0.950
0.939
0.972
0.973
0.980
0.990
0.969
0.971
0.982
0.979
0.985
0.982
0.930
0.942
0.968
0.987
0.976
0.985
0.984
0.941
0.916
0.899
0.909
0.942
0.969
0.977
0.927
0.949
0.957
0.980
0.990
0.991
0.990
0.990
0.991
0.955
0.988
0.983
0.977
0.990
0.989
0.987
0.955
0.916
0.926
0.909
0.895
0.901
0.951
0.980
0.992
0.992
0.966
0.980
0.991
0.979
0.963
0.980
0.982
0.971
0.936
0.969
0.969
0.974
0.988
0.986
0.987
0.980
0.967
0.970
0.955
0.956
0.944
0.982
0.969
0.990
0.987
0.988
0.938
0.968
0.967
0.977
0.990
0.942
0.936
0.976
0.978
0.970
0.982
0.959
0.958
0.960
0.930
0.894
0.918
0.932
0.951
0.922
0.960
0.969
0.899
0.928
0.903
0.935
0.962
0.970
0.990
0.977
0.963
0.921
0.892
0.956
0.967
0.975
0.967
0.955
0.969
0.965
0.975
0.967
0.982
0.976
0.971
0.915
0.946
0.948
0.944
0.970
0.964
0.931
0.933
0.965
0.910
0.903
0.952
0.912
0.961
0.945
0.873
0.825
0.886
0.911
0.964
0.923
0.951
0.965
0.962
0.954
0.925
0.897
0.962
0.958
0.951
0.925
0.832
0.835
0.867
0.879
0.939
0.950
0.959
0.978
0.930
0.952
0.968
0.943
0.961
0.944
0.892
0.822
0.889
0.872
0.882
0.909
0.980
0.965
0.970
0.974
0.969
0.916
0.898
0.866
0.847
0.909
0.970
0.831
0.847
0.860
0.919
0.902
0.901
0.836
0.868
0.786
0.800
0.816
0.867
0.817
0.813
0.839
0.833
0.787
0.786
0.830
0.812
0.835
0.897
0.949
0.859
0.810
0.883
0.897
0.958
0.873
0.917
0.863
0.921
0.903
0.877
0.866
0.907
0.882
0.849
0.853
0.864
0.878
0.824
0.832
0.816
0.817
0.827
0.838
0.810
0.821
0.775
0.820
0.860
0.831
0.819
0.825
0.791
0.801
0.853
0.868
0.856
0.895
0.891
0.814
0.810
0.803
0.775
0.846
0.809
0.863
0.842
0.814
0.851
0.850
0.852
0.857
0.873
0.872
0.882
0.895
0.880
0.890
0.880
0.853
0.847
0.800
0.854
0.818
0.754
0.855
0.831
0.798
0.770
0.765
0.794
0.831
0.915
0.823
0.873
0.888
0.816
0.873
0.889
0.921
0.913
0.960
0.867
0.911
0.892
0.953
0.889
0.894
0.970
0.945
0.948
0.868
0.915
0.867
0.823
0.848
0.888
0.864
0.875
0.860
0.834
0.955
0.932
0.933
0.898
0.889
0.853
0.919
0.867
0.947
0.883
0.969
0.939
0.955
0.936
0.886
0.925
0.924
0.959
0.972
0.960
0.976
0.937
0.979
0.971
0.955
0.956
0.973
0.951
0.925
0.890
0.943
0.963
0.966
0.960
0.880
0.931
0.953
0.959
0.930
0.967
0.914
0.901
0.908
0.917
0.933
0.886
0.888
0.953
0.970
0.947
0.956
0.910
0.963
0.946
0.949
0.945
0.903
0.927
0.885
0.909
0.902
0.899
0.939
0.963
0.964
0.961
0.985
0.977
0.964
0.933
0.961
0.958
0.972
0.988
0.981
0.968
0.978
0.977
0.954
0.956
0.973
0.927
0.909
0.935
0.902
0.883
0.901
0.895
0.902
0.905
0.938
0.978
0.976
0.946
0.985
0.932
0.939
0.961
0.987
0.955
0.930
0.953
0.912
0.922
0.959
0.971
0.938
0.983
0.991
0.984
0.969
0.961
0.988
0.975
0.944
0.917
0.918
0.979
0.923
0.957
0.957
0.910
0.867
0.799
0.858
0.921
0.927
0.902
0.888
0.902
0.888
0.887
0.900
0.861
0.810
0.817
0.849
0.890
0.878
0.843
0.885
0.966
0.958
0.951
0.881
0.903
0.893
0.874
0.880
0.924
0.943
0.937
0.921
0.847
0.896
0.937
0.968
0.983
0.984
0.951
0.987
0.989
0.889
0.977
0.960
0.948
0.979
0.986
0.966
0.945
0.870
0.922
0.950
0.971
0.927
0.983
0.966
0.971
0.978
0.897
0.976
0.926
0.904
0.968
0.905
0.954
0.949
0.918
0.826
0.792
0.840
0.884
0.892
0.869
0.844
0.871
0.845
0.912
0.968
0.959
0.960
0.915
0.963
0.974
0.931
0.874
0.836
0.954
0.978
0.954
0.841
0.881
0.934
0.794
0.912
0.878
0.974
0.969
0.922
0.970
0.945
0.977
0.974
0.976
0.965
0.921
0.805
0.852
0.901
0.840
0.863
0.878
0.852
0.854
0.817
0.801
0.812
0.859
0.908
0.928
0.888
0.900
0.880
0.855
0.830
0.841
0.806
0.697
0.749
0.721
0.695
0.759
0.744
0.716
0.708
0.710
0.705
0.700
0.672
0.752
0.678
0.684
0.745
0.791
0.716
0.742
0.723
0.817
0.716
0.702
0.710
0.720
0.714
0.613
0.744
0.860
0.870
0.820
0.801
0.732
0.783
0.770
0.836
0.824
0.818
0.834
0.763
0.791
0.777
0.810
0.900
0.896
0.842
0.860
0.869
0.814
0.812
0.839
0.850
0.827
0.803
0.760
0.850
0.868
0.879
0.896
0.881
0.917
0.825
0.837
0.835
0.850
0.905
0.844
0.833
0.860
0.827
0.855
0.861
0.847
0.834
0.829
0.840
0.870
0.934
0.917
0.830
0.835
0.839
0.836
0.806
0.744
0.772
0.818
0.813
0.855
0.888
0.900
0.960
0.918
0.905
0.884
0.953
0.841
0.857
0.825
0.731
0.732
0.779
0.828
0.902
0.892
0.903
0.892
0.904
0.929
0.916
0.911
0.789
0.850
0.933
0.966
0.907
0.851
0.887
0.913
0.968
0.872
0.899
0.899
0.827
0.797
0.765
0.812
0.868
0.863
0.913
0.956
0.977
0.929
0.940
0.913
0.954
0.978
0.979
0.884
0.964
0.977
0.913
0.963
0.907
0.813
0.797
0.869
0.943
0.970
0.912
0.922
0.921
0.871
0.904
0.908
0.963
0.923
0.977
0.916
0.930
0.887
0.869
0.863
0.871
0.928
0.972
0.901
0.913
0.971
0.956
0.921
0.858
0.957
0.976
0.979
0.939
0.935
0.962
0.968
0.954
0.983
0.964
0.960
0.922
0.903
0.935
0.923
0.911
0.859
0.874
0.850
0.819
0.869
0.827
0.878
0.914
0.876
0.876
0.900
0.894
0.965
0.978
0.952
0.891
0.850
0.878
0.868
0.894
0.908
0.950
0.904
0.897
0.902
0.921
0.817
0.902
0.922
0.874
0.892
0.958
0.921
0.989
0.961
0.949
0.916
0.878
0.887
0.891
0.950
0.928
0.918
0.951
0.934
0.883
0.920
0.989
0.946
0.942
0.990
0.987
0.980
0.984
0.814
0.880
0.934
0.946
0.911
0.959
0.986
0.969
0.986
0.960
0.959
0.988
0.977
0.971
0.988
0.977
0.968
0.969
0.982
0.990
0.990
0.965
0.940
0.987
0.986
0.953
0.927
0.903
0.907
0.930
0.929
0.935
0.970
0.971
0.960
0.966
0.969
0.988
0.930
0.883
0.814
0.820
0.862
0.962
0.890
0.901
0.865
0.881
0.923
0.879
0.935
0.909
0.935
0.953
0.985
0.968
0.976
0.953
0.973
0.974
0.968
0.978
0.961
0.878
0.864
0.825
0.871
0.892
0.895
0.890
0.964
0.945
0.966
0.969
0.931
0.966
0.879
0.921
0.942
0.956
0.930
0.935
0.937
0.858
0.864
0.894
0.878
0.944
0.900
0.940
0.880
0.882
0.912
0.910
0.966
0.949
0.933
0.842
0.883
0.802
0.777
0.891
0.903
0.852
0.848
0.925
0.855
0.867
0.882
0.961
0.949
0.972
-99.000
0.982
0.980
0.912
0.908
0.919
0.900
0.875
0.872
0.888
0.884
0.852
0.895
0.805
0.809
0.861
0.822
0.826
0.848
0.804
0.776
0.768
0.797
0.809
0.801
0.787
0.768
0.787
0.781
0.855
0.812
0.798
0.753
0.752
0.801
0.830
0.797
0.826
0.791
0.745
0.767
0.806
0.775
0.762
0.691
0.730
0.730
0.766
0.787
0.773
0.690
0.804
0.745
0.742
0.743
0.720
0.673
0.693
0.710
0.735
0.727
0.721
0.698
0.770
0.803
0.806
0.814
0.771
0.752
0.733
0.747
0.753
0.737
0.720
0.818
0.811
0.872
0.796
0.851
0.801
0.829
0.729
0.779
0.802
0.787
0.860
0.844
0.834
0.735
0.671
0.769
0.785
0.824
0.834
0.833
0.881
0.777
0.772
0.769
0.739
0.746
0.790
0.783
0.791
0.764
0.827
0.868
0.817
0.798
0.712
0.786
0.806
0.837
0.843
0.858
0.827
0.901
0.965
0.886
0.897
0.855
0.958
0.904
0.849
0.952
0.846
0.938
0.904
0.889
0.897
0.901
0.902
0.939
0.960
0.953
0.976
0.933
0.981
0.958
0.976
0.956
0.912
0.948
0.939
0.943
0.860
0.922
0.870
0.930
0.927
0.895
0.903
0.970
0.907
0.933
0.931
0.920
0.927
0.966
0.852
0.808
0.839
0.876
0.962
0.954
0.914
0.900
0.945
0.914
0.900
0.915
0.866
0.898
0.948
0.924
0.965
0.956
0.953
0.971
0.917
0.907
0.897
0.871
0.916
0.879
0.868
0.934
0.917
0.863
0.847
0.893
0.864
0.906
0.838
0.828
0.783
0.742
0.803
0.913
0.942
0.928
0.861
0.841
0.739
0.790
0.762
0.831
0.865
-99.000
-99.000
-99.000
-99.000
-99.000
-99.000
-99.000
-99.000
0.883
0.811
0.789
0.834
0.877
0.977
0.972
0.849
0.862
0.875
0.857
0.864
0.853
0.869
0.777
0.789
0.796
0.889
0.888
0.897
0.879
0.932
0.966
0.962
0.892
0.873
0.928
0.866
0.863
0.848
0.919
0.901
0.835
0.805
0.846
0.866
0.870
0.844
0.900
0.918
0.895
0.893
0.926
0.950
0.921
0.893
0.890
0.906
0.880
0.899
0.862
0.832
0.866
0.825
0.821
0.844
0.811
0.804
0.837
0.845
0.877
0.872
0.955
0.951
0.902
0.968
0.977
0.972
0.979
0.976
0.886
0.968
0.975
0.927
0.896
0.874
0.877
0.881
0.875
0.871
0.901
0.879
0.889
0.896
0.899
0.968
0.929
0.936
0.970
0.937
0.957
0.942
0.959
0.958
0.935
0.914
0.939
0.868
0.876
0.866
0.780
0.791
0.779
0.835
0.874
0.877
0.890
0.814
0.853
0.847
0.860
0.866
0.859
0.879
0.826
0.876
0.969
0.926
0.933
0.898
0.964
0.962
0.962
0.962
0.946
0.962
0.935
0.958
0.838
0.839
0.848
0.825
0.765
0.841
0.840
0.897
0.866
0.789
0.844
0.916
0.908
0.931
0.970
0.928
0.939
0.897
0.924
0.843
0.774
0.773
0.790
0.793
0.848
0.831
0.932
0.969
0.940
0.966
0.842
0.796
0.759
0.820
0.832
0.836
0.831
0.832
0.768
0.750
0.831
0.806
0.867
0.818
0.804
0.830
0.817
0.825
0.757
0.793
0.730
0.769
0.832
0.832
0.805
0.823
0.849
0.805
0.763
0.814
0.804
0.800
0.824
0.816
0.809
0.820
0.795
0.864
0.850
0.976
0.858
0.815
0.783
0.776
0.800
0.823
0.775
0.831
0.847
0.893
0.969
0.854
0.870
0.826
0.902
0.904
0.847
0.853
0.899
0.843
0.830
0.814
0.803
0.802
0.849
0.883
0.864
0.786
0.792
0.796
0.853
0.817
0.786
0.744
0.805
0.791
0.804
0.794
0.817
0.781
0.767
0.842
0.850
0.819
0.822
0.821
0.828
0.850
0.863
0.948
0.859
0.789
0.818
0.829
0.848
0.815
0.740
0.833
0.876
0.896
0.820
0.755
0.749
0.785
0.814
0.881
0.864
0.902
0.890
0.907
0.888
0.934
0.849
0.882
0.943
0.887
0.930
0.960
0.968
0.972
0.877
0.860
0.839
0.934
0.929
0.974
0.962
0.937
0.969
0.913
0.915
0.971
0.938
0.951
0.972
0.939
0.911
0.881
0.915
0.922
0.943
0.976
0.954
0.971
0.978
0.923
0.970
0.973
0.925
0.955
0.920
0.915
0.946
0.821
0.829
0.834
0.879
0.898
0.962
0.915
0.979
0.908
0.972
0.924
0.959
0.961
0.973
0.984
0.815
0.911
0.970
0.959
0.938
0.961
0.958
0.963
0.976
0.920
0.937
0.973
0.935
0.918
0.973
0.936
0.966
0.936
0.927
0.953
0.890
0.899
0.889
0.885
0.833
0.785
0.746
0.757
0.723
0.673
0.683
0.613
0.629
0.669
0.716
0.846
0.852
0.858
0.823
0.790
0.806
0.799
0.800
0.825
0.861
0.848
0.817
0.833
0.903
0.844
0.831
0.812
0.842
0.877
0.828
0.881
0.878
0.893
0.847
0.887
0.886
0.873
0.808
0.785
0.792
0.795
0.825
0.836
0.854
0.811
0.741
0.777
0.860
0.957
0.889
0.834
0.888
0.835
0.920
0.971
0.967
0.972
0.972
0.895
0.917
0.905
0.861
0.833
0.869
0.807
0.842
0.867
0.868
0.927
0.944
0.965
0.971
0.966
0.872
0.875
0.855
0.830
0.750
0.788
0.852
0.849
0.927
0.963
0.971
0.960
0.960
0.976
0.941
0.930
0.869
0.849
0.739
0.658
0.687
0.674
0.728
0.779
0.731
0.670
0.682
0.820
0.831
0.852
0.878
0.844
0.856
0.863
0.882
0.972
0.885
0.953
0.973
0.880
0.892
0.944
0.967
0.958
0.945
0.950
0.960
0.928
0.916
0.898
0.922
0.950
0.920
0.976
0.928
0.915
0.933
0.925
0.936
0.922
0.888
0.957
0.874
0.947
0.937
0.887
0.910
0.886
0.869
0.848
0.832
0.854
0.856
0.876
0.916
0.946
0.866
0.937
0.882
0.877
0.918
0.920
0.929
0.920
0.828
0.901
0.855
0.962
0.917
0.919
0.979
0.944
0.922
0.892
0.928
0.960
0.892
0.794
0.825
0.823
0.830
0.855
0.848
0.833
0.887
0.865
0.864
0.825
0.868
0.975
0.916
0.903
0.967
0.915
0.955
0.946
0.959
0.972
0.908
0.909
0.845
0.869
0.894
0.841
0.911
0.946
0.924
0.905
0.902
0.862
0.847
0.868
0.858
0.842
0.831
0.777
0.763
0.801
0.773
0.783
0.807
0.758
0.776
0.761
0.854
0.831
0.795
0.834
0.801
0.868
0.786
0.858
0.866
0.861
0.828
0.859
0.812
0.849
0.875
0.836
0.828
0.845
0.913
0.874
0.833
0.823
0.804
0.850
0.838
0.931
0.923
0.915
0.882
0.914
0.914
0.952
0.853
0.950
0.897
0.892
0.876
0.792
0.814
0.917
0.976
0.898
0.952
0.909
0.875
0.878
0.909
0.908
0.910
0.957
0.969
0.967
0.966
0.944
0.939
0.939
0.865
0.893
0.926
0.976
0.885
0.867
0.905
0.939
0.954
0.893
0.824
0.798
0.789
0.858
0.922
0.973
0.926
0.969
0.920
0.900
0.800
0.817
0.829
0.795
0.775
0.827
0.919
0.967
0.966
0.878
0.915
0.874
0.885
0.883
0.876
0.933
0.903
0.897
0.914
0.938
0.978
0.939
0.957
0.975
0.917
0.974
0.868
0.941
0.930
0.874
0.958
0.976
0.937
0.970
0.983
0.898
0.912
0.909
0.927
0.913
0.948
0.970
0.971
0.923
0.929
0.973
0.967
0.971
0.960
0.972
0.979
0.943
0.919
0.932
0.949
0.933
0.972
0.968
0.951
0.968
0.970
0.956
0.969
0.940
0.950
0.937
0.947
0.904
0.971
0.945
0.908
0.907
0.929
0.977
0.914
0.849
0.780
0.858
0.955
0.935
0.955
0.904
0.936
0.924
0.960
0.956
0.971
0.956
0.900
0.883
0.900
0.951
0.919
0.881
0.879
0.867
0.957
0.873
0.832
0.882
0.904
0.875
0.866
0.877
0.862
0.887
0.890
0.896
0.889
0.859
0.843
0.868
0.885
0.928
0.965
0.901
0.906
0.904
0.918
0.930
0.973
0.965
0.935
0.889
0.911
0.907
0.885
0.927
0.872
0.859
0.873
0.884
0.845
0.818
0.903
0.819
0.854
0.918
0.882
0.953
0.951
0.904
0.879
0.930
0.899
0.853
0.791
0.856
0.873
0.903
0.944
0.961
0.927
0.913
0.936
0.953
0.972
0.880
0.918
0.926
0.922
0.929
0.963
0.965
0.951
0.956
0.971
0.976
0.892
0.923
0.969
0.957
0.929
0.932
0.939
0.883
0.899
0.971
0.967
0.922
0.900
0.886
0.831
0.815
0.844
0.892
0.885
0.845
0.857
0.885
0.925
0.901
0.877
0.904
0.873
0.899
0.863
0.871
0.890
0.825
0.818
0.868
0.891
0.911
0.967
0.922
0.968
0.968
0.948
0.926
0.957
0.950
0.932
0.905
0.959
0.883
0.955
0.968
0.955
0.912
0.940
0.889
0.788
0.710
0.709
0.780
0.729
0.750
0.811
0.864
0.857
0.825
0.900
0.902
0.858
0.856
0.858
0.844
0.831
0.885
0.910
0.868
0.916
0.904
0.801
0.865
0.853
0.866
0.853
0.820
0.863
0.810
0.795
0.712
0.704
0.808
0.809
0.776
0.865
0.813
0.857
0.825
0.876
0.860
0.858
0.882
0.798
0.835
0.819
0.782
0.769
0.798
0.840
0.832
0.803
0.830
0.826
0.803
0.732
0.741
0.710
0.678
0.692
0.758
0.681
0.704
0.767
0.820
0.824
0.845
0.885
0.902
0.933
0.938
0.854
0.889
0.884
0.888
0.883
0.827
0.810
0.733
0.736
0.731
0.868
0.800
0.841
0.836
0.763
0.843
0.848
0.746
0.807
0.834
0.875
0.816
0.783
0.839
0.882
0.878
0.849
0.818
0.847
0.847
0.845
0.869
0.853
0.891
0.875
0.883
0.839
0.811
0.891
0.938
0.971
0.977
0.877
0.856
0.867
0.864
0.865
0.890
0.842
0.820
0.734
0.776
0.795
0.828
0.820
0.828
0.846
0.894
0.918
0.811
0.851
0.887
0.914
0.954
0.927
0.808
0.804
0.873
0.908
0.956
0.951
0.793
0.798
0.888
0.920
0.922
0.929
0.921
0.957
0.923
0.873
0.902
0.896
0.845
0.804
0.853
0.850
0.888
0.910
0.954
0.921
0.971
0.955
0.969
0.947
0.974
0.891
0.899
0.973
0.955
0.976
0.950
0.885
0.918
0.909
0.903
0.945
0.739
0.830
0.975
0.919
0.905
0.972
0.937
0.911
0.889
0.885
0.976
0.930
0.891
0.866
0.886
0.873
0.884
0.839
0.854
0.943
0.972
0.937
0.956
0.973
0.944
0.918
0.872
0.830
0.876
0.914
0.865
0.869
0.885
0.870
0.788
0.828
0.820
0.817
0.820
0.807
0.813
0.863
0.953
0.921
0.960
0.978
0.967
0.959
0.961
0.951
0.835
0.903
0.936
0.894
0.894
0.914
0.963
0.948
0.946
0.939
0.899
0.962
0.950
0.915
0.918
0.906
0.856
0.860
0.865
0.837
0.839
0.828
0.831
0.807
0.827
0.792
0.843
0.802
0.826
0.832
0.831
0.793
0.779
0.859
0.911
0.866
0.966
0.952
0.908
0.878
0.887
0.948
0.973
0.968
0.896
0.924
0.959
0.887
0.859
0.954
0.972
0.966
0.893
0.932
0.960
0.969
0.959
0.936
0.878
0.956
0.960
0.890
0.924
0.886
0.916
0.876
0.885
0.811
0.782
0.806
0.774
0.754
0.806
0.822
0.817
0.832
0.836
0.867
0.844
0.818
0.835
0.905
0.936
0.949
0.968
0.974
0.938
0.921
0.954
0.965
0.952
0.950
0.938
0.959
0.967
0.932
0.891
0.873
0.832
0.746
0.718
0.821
0.858
0.883
0.913
0.922
0.940
0.946
0.938
0.974
0.957
0.968
0.953
0.967
0.897
0.943
0.932
0.948
0.974
0.969
0.976
0.949
0.928
0.977
0.963
0.936
0.972
0.955
0.959
0.869
0.895
0.909
0.921
0.901
0.913
0.832
0.806
0.812
0.791
0.752
0.859
0.822
0.831
0.813
0.850
0.805
0.875
0.833
0.822
0.895
0.880
0.886
0.855
0.829
0.824
0.865
0.904
0.797
0.754
0.807
0.839
0.852
0.850
0.890
0.859
0.915
0.881
0.898
0.869
0.778
0.791
0.788
0.739
0.770
0.855
0.864
0.755
0.771
0.829
0.775
0.784
0.829
0.781
0.809
0.757
0.785
0.841
0.913
0.845
0.845
0.886
0.903
0.912
0.794
0.844
0.861
0.823
0.802
0.829
0.890
0.833
0.792
0.792
0.828
0.796
0.813
0.747
0.776
0.870
0.752
0.717
0.821
0.734
0.729
0.778
0.842
0.758
0.755
0.777
0.769
0.736
0.773
0.804
0.741
0.779
0.802
0.798
0.875
0.788
0.745
0.774
0.720
0.710
0.698
0.648
0.622
0.702
0.815
0.856
0.908
0.892
0.876
0.862
0.897
0.888
0.875
0.846
0.772
0.729
0.803
0.837
0.805
0.826
0.814
0.828
0.847
0.840
0.812
0.774
0.777
0.768
0.779
0.845
0.886
0.834
0.914
0.944
0.852
0.841
0.830
0.853
0.875
0.857
0.846
0.863
0.905
0.955
0.969
0.977
0.885
0.902
0.863
0.883
0.971
0.948
0.937
0.905
0.911
0.922
0.954
0.940
0.965
0.951
0.976
0.921
0.921
0.929
0.951
0.884
0.908
0.904
0.953
0.940
0.937
0.935
0.945
0.974
0.965
0.957
0.925
0.927
0.875
0.876
0.852
0.842
0.804
0.831
0.818
0.801
0.814
0.803
0.827
0.855
0.819
0.879
0.953
0.926
0.968
0.908
0.914
0.944
0.893
0.949
0.962
0.923
0.939
0.977
0.964
0.978
0.975
0.902
0.877
0.967
0.913
0.918
0.964
0.869
0.845
0.811
0.762
0.716
0.774
0.786
0.822
0.768
0.743
0.749
0.839
0.892
0.892
0.873
0.875
0.893
0.883
0.916
0.969
0.972
0.962
0.935
0.943
0.885
0.921
0.923
0.937
0.848
0.863
0.929
0.948
0.970
0.961
0.939
0.971
0.898
0.919
0.956
0.907
0.848
0.828
0.739
0.656
0.748
0.739
0.677
0.746
0.792
0.744
0.816
0.837
0.890
0.965
0.923
0.839
0.851
0.749
0.878
0.828
0.866
0.872
0.861
0.917
0.893
0.886
0.887
0.915
0.908
0.951
0.970
0.940
0.754
0.749
0.701
0.686
0.767
0.806
0.811
0.849
0.945
0.958
0.944
0.912
0.964
0.970
0.880
0.922
0.961
0.914
0.958
0.909
0.904
0.920
0.930
0.884
0.801
0.834
0.758
0.720
0.777
0.822
0.931
0.941
0.962
0.966
0.968
0.933
0.968
0.930
0.939
0.968
0.909
0.854
0.817
0.849
0.925
0.846
0.856
0.959
0.936
0.978
0.966
0.952
0.897
0.964
0.951
0.949
0.923
0.877
0.898
0.896
0.863
0.860
0.803
0.866
0.909
0.926
0.895
0.899
0.932
0.944
0.885
0.922
0.872
0.876
0.880
0.798
0.816
0.883
0.878
0.879
0.830
0.836
0.883
0.866
0.900
0.973
0.973
0.942
0.975
0.949
0.921
0.953
0.965
0.856
0.820
0.800
0.810
0.847
0.874
0.903
0.892
0.928
0.901
0.874
0.890
0.811
0.770
0.800
0.787
0.754
0.805
0.838
0.912
0.853
0.871
0.910
0.881
0.912
0.872
0.872
0.850
0.874
0.835
0.872
0.865
0.830
0.849
0.864
0.841
0.854
0.822
0.811
0.858
0.876
0.875
0.851
0.844
0.817
0.800
0.765
0.817
0.809
0.787
0.766
0.774
0.731
0.790
0.723
0.728
0.710
0.704
0.764
0.764
0.759
0.808
0.732
0.747
0.857
0.857
0.899
0.914
0.789
0.801
0.709
0.834
0.806
0.842
0.854
0.844
0.793
0.778
0.776
0.777
0.685
0.664
0.689
0.730
0.827
0.759
0.796
0.777
0.745
0.758
0.698
0.653
0.709
0.749
0.758
0.708
0.760
0.776
0.685
0.681
0.744
0.796
0.716
0.750
0.781
0.695
0.675
0.723
0.685
0.638
0.711
0.747
0.878
0.901
0.873
0.912
0.873
0.843
0.869
0.884
0.868
0.883
0.858
0.895
0.897
0.821
0.820
0.862
0.896
0.897
0.834
0.777
0.813
0.923
0.950
0.884
0.847
0.818
0.893
0.877
0.804
0.811
0.864
0.842
0.862
0.835
0.811
0.671
0.605
0.648
0.735
0.748
0.762
0.867
0.930
0.829
0.831
0.825
0.883
0.834
0.865
0.870
0.946
0.892
0.922
0.864
0.848
0.936
0.973
0.977
0.934
0.981
0.923
0.969
0.955
0.979
0.925
0.872
0.853
0.825
0.898
0.900
0.951
0.919
0.879
0.829
0.806
0.819
0.798
0.783
0.876
0.867
0.931
0.959
0.891
0.818
0.809
0.828
0.896
0.875
0.862
0.898
0.969
0.984
0.978
0.974
0.946
0.967
0.931
0.893
0.942
0.933
0.901
0.819
0.822
0.868
0.870
0.917
0.837
0.773
0.809
0.851
0.889
0.835
0.819
0.861
0.856
0.843
0.721
0.691
0.770
0.855
0.881
0.971
0.868
0.837
0.767
0.641
0.693
0.742
0.774
0.751
0.796
0.888
0.946
0.882
0.849
0.866
0.839
0.903
0.902
0.959
0.855
0.837
0.936
0.823
0.879
0.795
0.806
0.859
0.939
0.959
0.964
0.968
0.883
0.851
0.858
0.817
0.735
0.741
0.862
0.888
0.888
0.830
0.770
0.722
0.753
0.832
0.826
0.801
0.843
0.815
0.756
0.813
0.810
0.830
0.830
0.779
0.836
0.752
0.731
0.780
0.843
0.902
0.910
0.865
0.784
0.678
0.753
0.842
0.920
0.868
0.839
0.820
0.910
0.892
0.882
0.806
0.851
0.834
0.929
0.956
0.903
0.892
0.900
0.871
0.808
0.783
0.735
0.774
0.818
0.915
0.945
0.953
0.902
0.962
0.975
0.963
0.940
0.957
0.943
0.961
0.900
0.838
0.842
0.894
0.857
0.840
0.840
0.929
0.934
0.897
0.819
0.896
0.939
0.938
0.940
0.940
0.921
0.846
0.712
0.779
0.870
0.796
0.798
0.888
0.883
0.896
0.926
0.876
0.850
0.857
0.907
0.930
0.894
0.875
0.830
0.884
0.950
0.927
0.913
0.875
0.871
0.879
0.848
0.899
0.816
0.836
0.850
0.884
0.818
0.805
0.780
0.806
0.778
0.723
0.709
0.694
0.744
0.824
0.874
0.816
0.722
0.639
0.644
0.700
0.734
0.782
0.837
0.801
0.801
0.739
0.704
0.668
0.707
0.683
0.723
0.751
0.779
0.761
0.752
0.773
0.777
0.850
0.862
0.881
0.869
0.794
0.784
0.683
0.669
0.753
0.775
0.786
0.714
0.663
0.708
0.765
0.833
0.846
0.826
0.782
0.806
0.797
0.714
0.730
0.736
0.759
0.714
0.790
0.796
0.803
0.800
0.805
0.760
0.763
0.836
0.880
0.879
0.875
0.809
0.746
0.764
0.774
0.715
0.787
0.682
0.568
0.687
0.776
0.828
0.828
0.799
0.844
0.827
0.806
0.750
0.779
0.817
0.756
0.822
0.721
0.765
0.742
0.755
0.769
0.821
0.853
0.856
0.876
0.855
0.871
0.816
0.795
0.855
0.912
0.891
0.921
0.915
0.836
0.838
0.810
0.754
0.775
0.835
0.836
0.823
0.811
0.853
0.903
0.867
0.882
0.890
0.828
0.862
0.830
0.734
0.623
0.670
0.743
0.834
0.791
0.826
0.833
0.802
0.846
0.878
0.880
0.803
0.801
0.838
0.872
0.909
0.836
0.819
0.790
0.827
0.897
0.919
0.906
0.942
0.951
0.964
0.927
0.860
0.853
0.971
0.968
0.887
0.947
0.925
0.976
0.945
0.973
0.966
0.916
0.908
0.932
0.965
0.950
0.976
0.959
0.923
0.897
0.940
0.979
0.952
0.924
0.970
0.941
0.918
0.936
0.935
0.929
0.962
0.970
0.981
0.951
0.879
0.843
0.955
0.941
0.867
0.890
0.828
0.868
0.817
0.782
0.739
0.726
0.768
0.827
0.876
0.884
0.936
0.823
0.797
0.738
0.720
0.745
0.824
0.952
0.949
0.963
0.924
0.931
0.918
0.877
0.880
0.866
0.973
0.884
0.950
0.942
0.910
0.916
0.898
0.799
0.801
0.803
0.775
0.766
0.804
0.841
0.823
0.859
0.900
0.941
0.971
0.911
0.892
0.872
0.909
0.869
0.834
0.835
0.832
0.900
0.907
0.886
0.831
0.787
0.825
0.857
0.837
0.879
0.906
0.863
0.675
0.689
0.861
0.875
0.963
0.875
0.866
0.938
0.897
0.878
0.878
0.837
0.884
0.843
0.837
0.874
0.871
0.804
0.751
0.715
0.755
0.785
0.840
0.882
0.962
0.879
0.928
0.964
0.929
0.911
0.934
0.954
0.942
0.957
0.963
0.926
0.919
0.909
0.882
0.899
0.918
0.931
0.959
0.913
0.952
0.952
0.917
0.936
0.905
0.957
0.969
0.921
0.968
0.859
0.919
0.968
0.950
0.945
0.883
0.831
0.828
0.834
0.878
0.895
0.936
0.957
0.884
0.890
0.912
0.852
0.962
0.948
0.972
0.902
0.916
0.871
0.899
0.891
0.880
0.933
0.962
0.964
0.957
0.812
0.840
0.864
0.865
0.872
0.890
0.921
0.918
0.950
0.922
0.960
0.874
0.937
0.941
0.946
0.879
0.749
0.686
0.698
0.749
0.698
0.757
0.758
0.782
0.793
0.764
0.785
0.795
0.767
0.845
0.801
0.790
0.751
0.773
0.790
0.812
0.846
0.894
0.842
0.796
0.782
0.842
0.844
0.848
0.794
0.805
0.839
0.918
0.919
0.825
0.809
0.746
0.675
0.744
0.826
0.821
0.848
0.772
0.791
0.761
0.799
0.802
0.712
0.637
0.729
0.759
0.773
0.803
0.817
0.818
0.775
0.775
0.749
0.791
0.783
0.722
0.752
0.672
0.699
0.702
0.666
0.688
0.696
0.720
0.847
0.848
0.817
0.826
0.761
0.805
0.782
0.770
0.824
0.835
0.824
0.765
0.700
0.671
0.685
0.729
0.780
0.829
0.784
0.857
0.856
0.806
0.801
0.859
0.841
0.806
0.793
0.817
0.878
0.836
0.849
0.835
0.837
0.779
0.833
0.876
0.894
0.914
0.857
0.867
0.844
0.856
0.796
0.844
0.787
0.820
0.870
0.914
0.737
0.733
0.759
0.828
0.964
0.883
0.848
0.822
0.854
0.811
0.759
0.786
0.805
0.837
0.852
0.796
0.827
0.734
0.755
0.838
0.812
0.921
0.908
0.941
0.936
0.862
0.928
0.762
0.870
0.861
0.802
0.775
0.805
0.855
0.869
0.927
0.966
0.921
0.932
0.895
0.862
0.890
0.961
0.945
0.904
0.832
0.939
0.917
0.905
0.964
0.937
0.971
0.930
0.874
0.929
0.931
0.953
0.950
0.929
0.979
0.911
0.969
0.975
0.970
0.981
0.973
0.893
0.934
0.967
0.962
0.933
0.931
0.910
0.825
0.774
0.803
0.881
0.938
0.953
0.960
0.974
0.975
0.973
0.955
0.908
0.894
0.857
0.835
0.848
0.883
0.825
0.905
0.854
0.783
0.789
0.856
0.832
0.787
0.797
0.816
0.922
0.965
0.933
0.808
0.932
0.977
0.958
0.884
0.905
0.871
0.792
0.848
0.912
0.920
0.898
0.960
0.943
0.870
0.905
0.888
0.843
0.785
0.719
0.760
0.812
0.874
0.914
0.955
0.964
0.957
0.963
0.934
0.885
0.906
0.959
0.904
0.893
0.877
0.919
0.871
0.853
0.899
0.962
0.917
0.944
0.883
0.874
0.830
0.826
0.907
0.944
0.971
0.954
0.930
0.958
0.967
0.969
0.924
0.904
0.959
0.957
0.965
0.926
0.892
0.911
0.903
0.901
0.912
0.965
0.971
0.966
0.955
0.972
0.950
0.873
0.892
0.941
0.903
0.913
0.953
0.923
0.865
0.835
0.874
0.964
0.967
0.950
0.965
0.973
0.956
0.900
0.942
0.962
0.960
0.922
0.909
0.962
0.903
0.884
0.929
0.952
0.958
0.840
0.794
0.880
0.955
0.967
0.891
0.867
0.813
0.835
0.831
0.864
0.871
0.940
0.949
0.969
0.926
0.947
0.931
0.887
0.795
0.812
0.811
0.840
0.883
0.933
0.901
0.879
0.886
0.814
0.854
0.812
0.837
0.955
0.941
0.911
0.925
0.897
0.885
0.902
0.915
0.966
0.977
0.898
0.919
0.963
0.885
0.836
0.836
0.848
0.841
0.845
0.881
0.919
0.837
0.835
0.772
0.786
0.807
0.823
0.789
0.814
0.825
0.796
0.820
0.827
0.776
0.826
0.864
0.810
0.811
0.829
0.867
0.845
0.830
0.810
0.835
0.817
0.796
0.806
0.805
0.808
0.802
0.898
0.867
0.768
0.804
0.801
0.714
0.672
0.696
0.687
0.703
0.659
0.752
0.734
0.765
0.824
0.828
0.839
0.818
0.755
0.798
0.789
0.777
0.838
0.765
0.797
0.788
0.814
0.749
0.738
0.758
0.740
0.805
0.852
0.813
0.852
0.854
0.792
0.778
0.758
0.831
0.808
0.829
0.742
0.824
0.874
0.834
0.759
0.804
0.848
0.854
0.788
0.741
0.700
0.729
0.810
0.805
0.803
0.840
0.817
0.813
0.783
0.781
0.797
0.804
0.772
0.823
0.787
0.805
0.820
0.777
0.786
0.733
0.787
0.797
0.742
0.750
0.806
0.829
0.868
0.903
0.974
0.929
0.948
0.830
0.808
0.856
0.942
0.891
0.838
0.870
0.864
0.844
0.857
0.882
0.864
0.933
0.954
0.901
0.859
0.929
0.864
0.873
0.894
0.920
0.969
0.962
0.947
0.901
0.940
0.891
0.892
0.924
0.900
0.925
0.900
0.897
0.837
0.825
0.857
0.813
0.852
0.964
0.951
0.978
0.925
0.928
0.886
0.875
0.916
0.859
0.897
0.896
0.898
0.888
0.904
0.938
0.919
0.955
0.975
0.966
0.893
0.978
0.953
0.975
0.971
0.977
0.850
0.896
0.963
0.979
0.972
0.912
0.900
0.911
0.877
0.792
0.834
0.834
0.819
0.795
0.866
0.890
0.873
0.851
0.772
0.761
0.812
0.841
0.883
0.959
0.936
0.969
0.921
0.914
0.892
0.952
0.853
0.728
0.748
0.786
0.787
0.806
0.760
0.819
0.826
0.791
0.912
0.862
0.844
0.889
0.883
0.952
0.798
0.749
0.768
0.778
0.762
0.799
0.841
0.826
0.846
0.817
0.777
0.757
0.761
0.695
0.704
0.802
0.807
0.927
0.851
0.815
0.802
0.915
0.878
0.909
0.851
0.858
0.854
0.742
0.749
0.776
0.796
0.723
0.650
0.732
0.796
0.788
0.828
0.975
0.969
0.964
0.946
0.947
0.969
0.932
0.929
0.950
0.881
0.869
0.834
0.865
0.863
0.905
0.899
0.948
0.964
0.969
0.967
0.971
0.817
0.820
0.818
0.926
0.871
0.901
0.968
0.972
0.945
0.964
0.972
0.959
0.878
0.889
0.945
0.966
0.954
0.962
0.951
0.955
0.906
0.899
0.868
0.897
0.894
0.959
0.960
0.951
0.920
0.917
0.888
0.937
0.943
0.894
0.961
0.972
0.935
0.920
0.972
0.971
0.966
0.872
0.928
0.858
0.815
0.933
0.936
0.974
0.929
0.948
0.962
0.822
0.880
0.939
0.973
0.956
0.946
0.929
0.843
0.869
0.866
0.902
0.888
0.852
0.938
0.878
0.887
0.935
0.886
0.904
0.877
0.932
0.920
0.932
0.928
0.973
0.905
0.939
0.879
0.857
0.844
0.895
0.888
0.873
0.959
0.978
0.919
0.947
0.804
0.829
0.812
0.801
0.915
0.875
0.936
0.921
0.906
0.868
0.819
0.840
0.851
0.839
0.873
0.857
0.857
0.784
0.793
0.812
0.779
0.851
0.848
0.815
0.806
0.810
0.856
0.860
0.790
0.754
0.754
0.797
0.806
0.808
0.787
0.783
0.823
0.852
0.811
0.871
0.884
0.843
0.873
0.856
0.926
0.903
0.895
0.969
0.947
0.928
0.955
0.890
0.870
0.882
0.878
0.909
0.927
0.874
0.817
0.705
0.708
0.792
0.963
0.964
0.857
0.834
0.819
0.866
0.895
0.908
0.929
0.878
0.857
0.783
0.828
0.897
0.876
0.905
0.901
0.894
0.856
0.801
0.775
0.721
0.716
0.704
0.686
0.746
0.728
0.824
0.819
0.838
0.897
0.866
0.884
0.858
0.877
0.841
0.850
0.893
0.851
0.778
0.850
0.794
0.886
0.902
0.878
0.802
0.812
0.826
0.835
0.884
0.922
0.842
0.865
0.834
0.803
0.773
0.869
0.917
0.926
0.971
0.963
0.945
0.969
0.888
0.964
0.918
0.866
0.878
0.970
0.914
0.949
0.945
0.866
0.881
0.852
0.895
0.909
0.902
0.965
0.827
0.810
0.853
0.859
0.899
0.880
0.973
0.956
0.912
0.879
0.874
0.958
0.918
0.934
0.967
0.966
0.979
0.958
0.881
0.926
0.974
0.920
0.959
0.925
0.979
0.982
0.875
0.961
0.919
0.967
0.946
0.853
0.855
0.890
0.970
0.946
0.922
0.977
0.969
0.946
0.922
0.943
0.865
0.972
0.979
0.916
0.976
0.968
0.954
0.932
0.937
0.916
0.906
0.885
0.897
0.883
0.924
0.945
0.961
0.948
0.932
0.905
0.891
0.899
0.888
0.833
0.899
0.845
0.891
0.870
0.852
0.853
0.911
0.915
0.868
0.811
0.882
0.971
0.946
0.891
0.976
0.971
0.968
0.928
0.952
0.952
0.931
0.971
0.976
0.972
0.856
0.862
0.906
0.941
0.905
0.966
0.969
0.930
0.969
0.945
0.955
0.953
0.918
0.952
0.941
0.912
0.910
0.856
0.867
0.877
0.895
0.926
0.912
0.925
0.969
0.973
0.876
0.952
0.950
0.959
0.839
0.827
0.913
0.972
0.967
0.959
0.953
0.921
0.966
0.975
0.966
0.968
0.968
0.943
0.975
0.895
0.963
0.920
0.968
0.969
0.949
0.944
0.841
0.830
0.878
0.916
0.898
0.897
0.871
0.937
0.871
0.914
0.925
0.930
0.946
0.928
0.911
0.863
0.949
0.924
0.896
0.931
0.911
0.872
0.904
0.929
0.951
0.957
0.970
0.922
0.913
0.878
0.926
0.894
0.942
0.948
0.958
0.879
0.950
0.943
0.960
0.883
0.846
0.849
0.855
0.858
0.887
0.925
0.845
0.939
0.878
0.948
0.879
0.957
0.920
0.843
0.864
0.962
0.888
0.903
0.947
0.975
0.928
0.966
0.971
0.956
0.898
0.901
0.965
0.868
0.893
0.893
0.847
0.839
0.918
0.906
0.939
0.907
0.869
0.915
0.912
0.871
0.840
0.833
0.803
0.771
0.755
0.840
0.793
0.870
0.875
0.899
0.848
0.882
0.961
0.876
0.837
0.820
0.808
0.767
0.790
0.920
0.884
0.931
0.940
0.952
0.869
0.841
0.847
0.870
0.831
0.801
0.834
0.899
0.908
0.901
0.877
0.841
0.887
0.876
0.842
0.782
0.839
0.796
0.735
0.729
0.792
0.763
0.762
0.762
0.763
0.911
0.968
0.865
0.863
0.775
0.825
0.815
0.801
0.798
0.835
0.857
0.797
0.820
0.806
0.797
0.862
0.815
0.825
0.744
0.742
0.763
0.770
0.802
0.856
0.841
0.925
0.767
0.826
0.808
0.872
0.879
0.904
0.937
0.918
0.901
0.811
0.869
0.912
0.908
0.846
0.918
0.892
0.886
0.856
0.869
0.907
0.875
0.815
0.776
0.733
0.790
0.803
0.815
0.810
0.766
0.797
0.870
0.860
0.813
0.743
0.776
0.840
0.836
0.827
0.823
0.852
0.835
0.807
0.772
0.841
0.829
0.889
0.965
0.955
0.965
0.909
0.966
0.946
0.963
0.941
0.909
0.907
0.931
0.967
0.961
0.927
0.975
0.920
0.902
0.907
0.851
0.823
0.885
0.867
0.887
0.956
0.903
0.839
0.919
0.913
0.931
0.813
0.800
0.753
0.725
0.859
0.949
0.932
0.827
0.859
0.850
0.890
0.971
0.964
0.970
0.963
0.863
0.789
0.743
0.793
0.749
0.747
0.868
0.883
0.915
0.923
0.960
0.923
0.955
0.927
0.928
0.935
0.914
0.909
0.924
0.885
0.869
0.930
0.930
0.940
0.898
0.875
0.870
0.859
0.873
0.733
0.774
0.757
0.772
0.822
0.799
0.766
0.769
0.769
0.799
0.818
0.916
0.892
0.914
0.915
0.965
0.974
0.969
0.964
0.870
0.962
0.922
0.897
0.885
0.908
0.921
0.928
0.916
0.817
0.902
0.933
0.951
0.967
0.925
0.903
0.957
0.965
0.972
0.973
0.944
0.971
0.974
0.953
0.927
0.941
0.914
0.969
0.949
0.936
0.967
0.969
0.959
0.953
0.970
0.974
0.922
0.904
0.869
0.893
0.872
0.870
0.906
0.905
0.903
0.801
0.789
0.770
0.803
0.810
0.806
0.785
0.817
0.775
0.812
0.879
0.959
0.885
0.815
0.764
0.689
0.675
0.645
0.675
0.725
0.759
0.789
0.803
0.779
0.847
0.901
0.924
0.936
0.962
0.940
0.967
0.921
0.971
0.947
0.937
0.973
0.971
0.959
0.959
0.953
0.965
0.955
0.884
0.865
0.847
0.828
0.842
0.843
0.842
0.809
0.820
0.860
0.872
0.852
0.861
0.909
0.900
0.891
0.922
0.969
0.952
0.923
0.918
0.958
0.962
0.952
0.958
0.929
0.933
0.853
0.776
0.818
0.809
0.775
0.774
0.780
0.833
0.825
0.788
0.808
0.890
0.836
0.871
0.874
0.871
0.861
0.828
0.831
0.825
0.774
0.776
0.834
0.850
0.828
0.825
0.899
0.910
0.955
0.889
0.875
0.874
0.811
0.867
0.932
0.829
0.963
0.934
0.920
0.960
0.893
0.971
0.918
0.918
0.938
0.970
0.830
0.865
0.880
0.858
0.775
0.769
0.774
0.817
0.795
0.803
0.815
0.852
0.888
0.941
0.817
0.768
0.716
0.778
0.704
0.583
0.628
0.682
0.764
0.703
0.777
0.821
0.715
0.675
0.760
0.723
0.754
0.720
0.767
0.811
0.809
0.748
0.671
0.692
0.684
0.610
0.631
0.685
0.788
0.801
0.871
0.810
0.829
0.818
0.748
0.737
0.687
0.657
0.668
0.677
0.677
0.731
0.658
0.680
0.702
0.685
0.771
0.785
0.643
0.621
0.686
0.791
0.829
0.763
0.647
0.675
0.785
0.819
0.818
0.845
0.835
0.689
0.627
0.669
0.818
0.818
0.802
0.806
0.788
0.882
0.903
0.972
0.978
0.955
0.949
0.807
0.789
0.818
0.777
0.741
0.731
0.749
0.747
0.847
0.923
0.897
0.896
0.929
0.943
0.931
0.869
0.917
0.792
0.844
0.854
0.865
0.892
0.893
0.796
0.846
0.741
0.755
0.807
0.919
0.976
0.948
0.920
0.963
0.932
0.871
0.894
0.973
0.921
0.914
0.910
0.950
0.898
0.917
0.882
0.898
0.907
0.925
0.922
0.920
0.955
0.880
0.858
0.819
0.823
0.823
0.816
0.806
0.843
0.867
0.872
0.878
0.913
0.972
0.926
0.976
0.978
0.927
0.929
0.974
0.979
0.940
0.939
0.906
0.950
0.932
0.927
0.973
0.919
0.952
0.979
0.951
0.946
0.946
0.898
0.850
0.868
0.802
0.809
0.783
0.748
0.818
0.801
0.811
0.842
0.895
0.958
0.813
0.834
0.913
0.857
0.809
0.867
0.794
0.692
0.645
0.670
0.667
0.690
0.753
0.728
0.752
0.640
0.664
0.582
0.562
0.577
0.706
0.858
0.907
0.915
0.833
0.753
0.730
0.722
0.754
0.801
0.837
0.868
0.877
0.823
0.790
0.781
0.808
0.807
0.831
0.818
0.772
0.712
0.786
0.857
0.815
0.795
0.763
0.752
0.634
0.799
0.854
0.909
0.871
0.926
0.910
0.860
0.803
0.914
0.953
0.942
0.933
0.842
0.715
0.759
0.776
0.804
0.847
0.844
0.855
0.824
0.856
0.828
0.855
0.873
0.901
0.885
0.848
0.850
0.835
0.807
0.806
0.851
0.854
0.924
0.950
0.846
0.837
0.806
0.866
0.901
0.935
0.865
0.839
0.835
0.852
0.944
0.947
0.953
0.910
0.932
0.907
0.918
0.943
0.922
0.967
0.896
0.862
0.945
0.932
0.967
0.969
0.925
0.962
0.904
0.914
0.904
0.960
0.930
0.964
0.939
0.955
0.958
0.969
0.918
0.975
0.962
0.971
0.949
0.915
0.953
0.944
0.908
0.962
0.921
0.943
0.933
0.932
0.903
0.952
0.957
0.969
0.903
0.920
0.932
0.964
0.900
0.925
0.967
0.865
0.818
0.829
0.853
0.858
0.780
0.768
0.841
0.871
0.828
0.879
0.861
0.926
0.936
0.921
0.965
0.962
0.970
0.943
0.968
0.876
0.876
0.886
0.888
0.844
0.838
0.820
0.842
0.787
0.778
0.807
0.774
0.836
0.858
0.845
0.780
0.769
0.864
0.811
0.833
0.873
0.853
0.835
0.835
0.813
0.813
0.832
0.816
0.667
0.638
0.791
0.818
0.879
0.874
0.872
0.841
0.910
0.880
0.837
0.844
0.835
0.760
0.757
0.817
0.838
0.859
0.887
0.844
0.805
0.818
0.843
0.905
0.862
0.876
0.878
0.887
0.872
0.843
0.826
0.841
0.809
0.806
0.768
0.761
0.876
0.945
0.945
0.819
0.833
0.882
0.827
0.803
0.797
0.879
0.885
0.846
0.845
0.849
0.895
0.932
0.957
0.828
0.828
0.829
0.905
0.912
0.830
0.789
0.790
0.866
0.808
0.853
0.826
0.875
0.855
0.791
0.808
0.870
0.923
0.870
0.848
0.860
0.966
0.957
0.869
0.926
0.789
0.816
0.859
0.846
0.822
0.861
0.883
0.967
0.903
0.850
0.839
0.851
0.874
0.834
0.811
0.784
0.848
0.875
0.913
0.938
0.942
0.960
0.866
0.840
0.738
0.788
0.793
0.846
0.945
0.843
0.842
0.880
0.952
0.974
0.937
0.960
0.932
0.969
0.929
0.955
0.949
0.910
0.977
0.935
0.901
0.922
0.916
0.931
0.923
0.975
0.970
0.945
0.953
0.961
0.975
0.904
0.905
0.973
0.941
0.947
0.936
0.939
0.917
0.867
0.904
0.976
0.957
0.979
0.928
0.970
0.913
0.891
0.960
0.891
0.922
0.895
0.969
0.951
0.893
0.925
0.968
0.979
0.950
0.854
0.838
0.942
0.974
0.962
0.924
0.877
0.892
0.857
0.887
0.969
0.827
0.894
0.971
0.944
0.916
0.849
0.900
0.878
0.958
0.952
0.977
0.958
0.908
0.911
0.933
0.964
0.974
0.977
0.955
0.889
0.913
0.913
0.976
0.974
0.978
0.878
0.884
0.914
0.978
0.937
0.873
0.954
0.959
0.887
0.872
0.876
0.941
0.939
0.963
0.949
0.948
0.868
0.882
0.941
0.930
0.953
0.954
0.928
0.931
0.964
0.932
0.855
0.832
0.909
0.896
0.967
0.911
0.960
0.932
0.967
0.959
0.931
0.972
0.943
0.963
0.965
0.974
0.969
0.961
0.949
0.910
0.953
0.953
0.958
0.876
0.931
0.891
0.893
0.905
0.916
0.913
0.836
0.849
0.850
0.843
0.901
0.956
0.951
0.909
0.940
0.960
0.961
0.923
0.913
0.921
0.885
0.885
0.825
0.840
0.919
0.956
0.966
0.920
0.956
0.963
0.951
0.960
0.953
0.963
0.969
0.967
0.920
0.932
0.905
0.887
0.917
0.921
0.937
0.803
0.735
0.680
0.772
0.820
0.798
0.825
0.821
0.884
0.948
0.951
0.971
0.938
0.964
0.964
0.961
0.904
0.926
0.962
0.959
0.957
0.963
0.928
0.935
0.970
0.947
0.955
0.937
0.914
0.851
0.826
0.853
0.791
0.827
0.838
0.856
0.835
0.779
0.780
0.753
0.840
0.811
0.817
0.820
0.843
0.903
0.884
0.832
0.803
0.934
0.904
0.895
0.888
0.919
0.903
0.896
0.872
0.899
0.961
0.876
0.951
0.938
0.961
0.918
0.955
0.858
0.872
0.822
0.837
0.843
0.855
0.867
0.909
0.891
0.940
0.795
0.853
0.845
0.866
0.851
0.856
0.782
0.858
0.824
0.807
0.768
0.708
0.787
0.728
0.657
0.649
0.764
0.715
0.691
0.767
0.791
0.780
0.750
0.842
0.795
0.783
0.750
0.777
0.799
0.725
0.708
0.740
0.813
0.811
0.877
0.797
0.775
0.849
0.852
0.842
0.847
0.797
0.796
0.803
0.838
0.835
0.800
0.735
0.811
0.803
0.826
0.846
0.870
0.916
0.860
0.938
0.880
0.885
0.921
0.860
0.816
0.765
0.768
0.828
0.890
0.851
0.877
0.852
0.859
0.882
0.884
0.922
0.928
0.887
0.977
0.968
0.948
0.949
0.915
0.849
0.756
0.724
0.785
0.799
0.835
0.970
0.836
0.940
0.905
0.971
0.949
0.911
0.921
0.872
0.904
0.899
0.898
0.857
0.947
0.871
0.858
0.842
0.880
0.894
0.877
0.822
0.755
0.790
0.906
0.950
0.938
0.873
0.877
0.941
0.907
0.896
0.918
0.912
0.899
0.949
0.933
0.954
0.936
0.866
0.892
0.955
0.976
0.966
0.941
0.915
0.944
0.919
0.950
0.919
0.925
0.921
0.924
0.944
0.941
0.906
0.926
0.979
0.974
0.929
0.913
0.899
0.922
0.975
0.971
0.926
0.896
0.870
0.884
0.961
0.968
0.921
0.963
0.967
0.981
0.938
0.952
0.890
0.898
0.881
0.911
0.968
0.941
0.940
0.977
0.952
0.954
0.972
0.920
0.946
0.918
0.906
0.953
0.874
0.975
0.907
0.950
0.913
0.893
0.828
0.823
0.968
0.937
0.911
0.929
0.908
0.979
0.969
0.929
0.945
0.888
0.888
0.870
0.845
0.816
0.748
0.865
0.951
0.870
0.816
0.827
0.873
0.802
0.789
0.860
0.898
0.962
0.866
0.914
0.911
0.963
0.902
0.944
0.887
0.889
0.878
0.944
0.846
0.758
0.783
0.854
0.862
0.888
0.821
0.822
0.807
0.829
0.865
0.896
0.839
0.851
0.883
0.936
0.925
0.943
0.932
0.944
0.958
0.976
0.961
0.895
0.888
0.876
0.895
0.885
0.900
0.904
0.941
0.906
0.907
0.888
0.864
0.927
0.924
0.875
0.891
0.855
0.897
0.885
0.875
0.906
0.884
0.935
0.973
0.975
0.973
0.975
0.970
0.923
0.892
0.904
0.898
0.891
0.822
0.863
0.950
0.947
0.918
0.865
0.890
0.834
0.799
0.909
0.966
0.951
0.943
0.922
0.945
0.908
0.904
0.933
0.900
0.861
0.897
0.957
0.902
0.906
0.921
0.880
0.822
0.842
0.906
0.915
0.915
0.904
0.923
0.930
0.962
0.951
0.915
0.905
0.852
0.884
0.856
0.894
0.940
0.912
0.916
0.870
0.857
0.959
0.919
0.950
0.875
0.854
0.814
0.826
0.809
0.844
0.849
0.858
0.936
0.935
0.913
0.846
0.791
0.837
0.814
0.856
0.824
0.850
0.873
0.827
0.783
0.811
0.830
0.808
0.853
0.870
0.870
0.873
0.868
0.802
0.779
0.837
0.920
0.923
0.867
0.806
0.760
0.777
0.779
0.748
0.772
0.774
0.821
0.757
0.824
0.867
0.795
0.778
0.707
0.726
0.736
0.696
0.807
0.831
0.760
0.764
0.741
0.939
0.858
0.825
0.843
0.846
0.741
0.680
0.816
0.804
0.799
0.833
0.850
0.824
0.773
0.793
0.827
0.851
0.821
0.861
0.807
0.824
0.825
0.788
0.776
0.737
0.665
0.654
0.678
0.679
0.716
0.799
0.723
0.612
0.655
0.621
0.668
0.767
0.762
0.835
0.733
0.638
0.776
0.854
0.758
0.831
0.854
0.858
0.860
0.847
0.849
0.871
0.864
0.846
0.828
0.881
0.863
0.779
0.780
0.784
0.733
0.714
0.736
0.701
0.764
0.837
0.859
0.827
0.881
0.895
0.864
0.822
0.849
0.881
0.890
0.915
0.851
0.835
0.823
0.820
0.810
0.757
0.772
0.832
0.802
0.736
0.723
0.792
0.872
0.752
0.771
0.784
0.786
0.794
0.798
0.857
0.847
0.858
0.917
0.955
0.942
0.940
0.863
0.859
0.873
0.881
0.930
0.940
0.956
0.887
0.976
0.927
0.920
0.893
0.960
0.911
0.911
0.931
0.911
0.967
0.947
0.966
0.888
0.899
0.944
0.906
0.886
0.851
0.736
0.731
0.769
0.818
0.782
0.834
0.820
0.804
0.777
0.746
0.772
0.800
0.817
0.817
0.783
0.809
0.784
0.761
0.778
0.839
0.804
0.805
0.881
0.880
0.872
0.886
0.921
0.851
0.859
0.750
0.693
0.633
0.668
0.811
0.795
0.822
0.810
0.865
0.847
0.784
0.761
0.738
0.798
0.794
0.849
0.898
0.791
0.777
0.870
0.885
0.900
0.904
0.876
0.849
0.837
0.830
0.892
0.909
0.887
0.909
0.859
0.929
0.940
0.851
0.816
0.778
0.740
0.700
0.665
0.701
0.788
0.729
0.788
0.847
0.761
0.653
0.662
0.684
0.737
0.754
0.725
0.609
0.532
0.595
0.703
0.744
0.745
0.780
0.833
0.842
0.898
0.956
0.943
0.955
0.944
0.900
0.966
0.958
0.941
0.946
0.875
0.876
0.949
0.959
0.968
0.911
0.874
0.914
0.957
0.951
0.894
0.786
0.877
0.868
0.881
0.870
0.933
0.977
0.964
0.956
0.948
0.923
0.953
0.960
0.848
0.872
0.851
0.847
0.835
0.828
0.865
0.825
0.788
0.822
0.874
0.824
0.823
0.870
0.881
0.875
0.825
0.876
0.874
0.877
0.953
0.887
0.867
0.869
0.848
0.861
0.831
0.874
0.954
0.924
0.831
0.824
0.836
0.778
0.825
0.839
0.869
0.842
0.856
0.839
0.867
0.850
0.950
0.956
0.972
0.929
0.818
0.850
0.839
0.906
0.959
0.964
0.837
0.857
0.854
0.865
0.942
0.928
0.915
0.904
0.882
0.926
0.931
0.934
0.855
0.840
0.869
0.874
0.895
0.891
0.834
0.831
0.866
0.831
0.783
0.812
0.807
0.756
0.837
0.909
0.845
0.825
0.836
0.830
0.740
0.785
0.830
0.850
0.729
0.765
0.773
0.742
0.610
0.646
0.767
0.777
0.818
0.736
0.676
0.707
0.672
0.732
0.808
0.805
0.856
0.870
0.852
0.869
0.852
0.780
0.840
0.846
0.792
0.817
0.734
0.838
0.853
0.842
0.801
0.779
0.706
0.764
0.844
0.762
0.725
0.719
0.821
0.777
0.738
0.816
0.827
0.822
0.848
0.783
0.788
0.821
0.714
0.586
0.666
0.657
0.701
0.807
0.802
0.762
0.701
0.756
0.736
0.717
0.667
0.725
0.763
0.781
0.834
0.809
0.801
0.758
0.731
0.705
0.634
0.742
0.841
0.815
0.836
0.836
0.785
0.773
0.886
0.895
0.851
0.921
0.947
0.930
0.975
0.859
0.781
0.687
0.848
0.869
0.878
0.841
0.865
0.845
0.869
0.867
0.828
0.890
0.889
0.844
0.805
0.809
0.798
0.773
0.734
0.802
0.818
0.811
0.847
0.795
0.864
0.811
0.754
0.762
0.832
0.865
0.944
0.976
0.938
0.943
0.872
0.927
0.951
0.942
0.830
0.771
0.802
0.963
0.903
0.945
0.937
0.945
0.975
0.970
0.868
0.937
0.869
0.891
0.838
0.806
0.885
0.967
0.922
0.949
0.955
0.971
0.977
0.889
0.848
0.905
0.900
0.948
0.963
0.893
0.832
0.897
0.972
0.978
0.946
0.936
0.953
0.935
0.966
0.934
0.904
0.886
0.863
0.911
0.901
0.964
0.976
0.919
0.897
0.828
0.974
0.974
0.931
0.960
0.926
0.965
0.923
0.936
0.970
0.896
0.931
0.895
0.909
0.974
0.941
0.897
0.892
0.911
0.890
0.873
0.818
0.873
0.880
0.834
0.872
0.935
0.976
0.923
0.870
0.821
0.881
0.859
0.840
0.848
0.901
0.866
0.819
0.751
0.741
0.814
0.819
0.802
0.796
0.822
0.795
0.707
0.694
0.759
0.833
0.821
0.792
0.815
0.877
0.954
0.899
0.970
0.964
0.917
0.882
0.913
0.916
0.904
0.843
0.853
0.828
0.789
0.781
0.809
0.882
0.829
0.810
0.836
0.875
0.839
0.771
0.790
0.899
0.928
0.799
0.715
0.790
0.875
0.855
0.882
0.923
0.834
0.782
0.677
0.786
0.903
0.865
0.847
0.921
0.901
0.891
0.917
0.921
0.956
0.959
0.928
0.922
0.867
0.830
0.852
0.873
0.928
0.940
0.915
0.846
0.851
0.890
0.959
0.865
0.912
0.887
0.965
0.944
0.936
0.966
0.944
0.925
0.949
0.965
0.882
0.896
0.911
0.951
0.926
0.927
0.920
0.884
0.929
0.970
0.964
0.937
0.965
0.928
0.966
0.932
0.886
0.862
0.846
0.777
0.768
0.792
0.810
0.806
0.765
0.787
0.804
0.801
0.729
0.789
0.822
0.856
0.874
0.949
0.893
0.928
0.949
0.922
0.953
0.884
0.957
0.930
0.845
0.796
0.875
0.965
0.975
0.882
0.904
0.879
0.915
0.976
0.956
0.924
0.878
0.882
0.867
0.841
0.873
0.869
0.832
0.831
0.795
0.810
0.790
0.719
0.736
0.783
0.692
0.673
0.686
0.681
0.680
0.719
0.750
0.750
0.734
0.689
0.646
0.693
0.756
0.851
0.872
0.852
0.799
0.744
0.774
0.782
0.764
0.698
0.729
0.725
0.768
0.828
0.881
0.845
0.856
0.907
0.868
0.778
0.816
0.776
0.741
0.754
0.734
0.691
0.706
0.735
0.798
0.759
0.759
0.745
0.778
0.724
0.738
0.777
0.803
0.750
0.718
0.708
0.714
0.705
0.653
0.666
0.670
0.789
0.821
0.820
0.706
0.695
0.804
0.791
0.819
0.865
0.904
0.920
0.938
0.844
0.905
0.871
0.840
0.895
0.786
0.735
0.766
0.715
0.628
0.697
0.805
0.858
0.812
0.743
0.790
0.818
0.868
0.896
0.943
0.923
0.837
0.737
0.684
0.779
0.854
0.899
0.966
0.871
0.842
0.815
0.838
0.780
0.664
0.703
0.713
0.723
0.793
0.862
0.885
0.858
0.875
0.964
0.848
0.781
0.773
0.859
0.900
0.896
0.884
0.824
0.888
0.946
0.933
0.870
0.961
0.911
0.977
0.964
0.906
0.970
0.937
0.964
0.921
0.964
0.953
0.978
0.923
0.892
0.980
0.978
0.940
0.894
0.818
0.863
0.865
0.898
0.810
0.819
0.804
0.904
0.913
0.811
0.851
0.767
0.705
0.749
0.793
0.825
0.770
0.774
0.791
0.827
0.813
0.715
0.710
0.783
0.824
0.863
0.876
0.931
0.954
0.887
0.902
0.825
0.810
0.854
0.950
0.970
0.966
0.903
0.960
0.962
0.924
0.836
0.809
0.785
0.742
0.781
0.781
0.850
0.871
0.835
0.684
0.706
0.652
0.741
0.769
0.688
0.671
0.597
0.611
0.622
0.588
0.667
0.626
0.661
0.753
0.761
0.772
0.744
0.795
0.861
0.781
0.732
0.802
0.970
0.880
0.801
0.778
0.831
0.788
0.713
0.700
0.791
0.839
0.780
0.737
0.638
0.677
0.740
0.752
0.853
0.798
0.784
0.846
0.892
0.906
0.896
0.956
0.938
0.965
0.898
0.915
0.960
0.927
0.812
0.805
0.849
0.869
0.934
0.894
0.889
0.847
0.841
0.852
0.792
0.730
0.706
0.705
0.698
0.765
0.825
0.833
0.766
0.858
0.918
0.966
0.910
0.936
0.920
0.963
0.943
0.907
0.969
0.886
0.885
0.973
0.971
0.924
0.860
0.876
0.913
0.955
0.790
0.710
0.741
0.940
0.857
0.854
0.828
0.887
0.956
0.964
0.948
0.922
0.927
0.918
0.952
0.929
0.921
0.920
0.965
0.902
0.965
0.943
0.943
0.919
0.968
0.940
0.886
0.821
0.862
0.886
0.785
0.828
0.840
0.921
0.839
0.849
0.868
0.883
0.871
0.875
0.836
0.843
0.825
0.807
0.778
0.792
0.819
0.882
0.899
0.859
0.862
0.875
0.843
0.885
0.864
0.898
0.833
0.834
0.872
0.876
0.874
0.895
0.887
0.971
0.949
0.905
0.917
0.873
0.807
0.792
0.812
0.891
0.884
0.887
0.875
0.887
0.881
0.886
0.916
0.884
0.859
0.846
0.867
0.847
0.756
0.707
0.799
0.801
0.830
0.853
0.840
0.879
0.814
0.794
0.829
0.871
0.819
0.828
0.889
0.898
0.835
0.837
0.874
0.816
0.765
0.764
0.810
0.816
0.718
0.722
0.701
0.689
0.748
0.730
0.730
0.787
0.824
0.740
0.748
0.765
0.828
0.861
0.868
0.853
0.862
0.795
0.778
0.720
0.710
0.879
0.834
0.762
0.794
0.811
0.779
0.824
0.785
0.804
0.742
0.743
0.812
0.838
0.912
0.846
0.845
0.792
0.772
0.797
0.836
0.780
0.841
0.838
0.755
0.766
0.776
0.771
0.791
0.851
0.851
0.926
0.956
0.967
0.841
0.812
0.798
0.781
0.812
0.851
0.814
0.806
0.841
0.824
0.898
0.856
0.872
0.883
0.902
0.958
0.943
0.943
0.927
0.950
0.979
0.947
0.876
0.867
0.851
0.925
0.968
0.937
0.976
0.967
0.900
0.932
0.834
0.876
0.921
0.955
0.923
0.851
0.928
0.936
0.937
0.951
0.899
0.867
0.828
0.854
0.909
0.973
0.980
0.958
0.924
0.974
0.901
0.857
0.940
0.953
0.913
0.921
0.970
0.966
0.935
0.976
0.932
0.961
0.916
0.900
0.915
0.890
0.882
0.910
0.894
0.957
0.917
0.967
0.943
0.946
0.973
0.944
0.898
0.885
0.962
0.939
0.968
0.938
0.945
0.860
0.879
0.944
0.901
0.920
0.873
0.889
0.919
0.944
0.910
0.922
0.903
0.773
0.668
0.771
0.787
0.811
0.825
0.799
0.748
0.775
0.840
0.878
0.970
0.976
0.968
0.940
0.820
0.747
0.662
0.693
0.759
0.846
0.935
0.963
0.950
0.950
0.958
0.959
0.909
0.939
0.947
0.936
0.972
0.981
0.888
0.901
0.937
0.967
0.972
0.964
0.852
0.799
0.845
0.792
0.790
0.779
0.770
0.749
0.749
0.718
0.741
0.746
0.696
0.581
0.656
0.668
0.671
0.617
0.685
0.741
0.809
0.842
0.836
0.852
0.794
0.876
0.905
0.955
0.951
0.975
0.955
0.967
0.965
0.915
0.853
0.862
0.921
0.846
0.842
0.820
0.829
0.875
0.919
0.924
0.900
0.819
0.817
0.820
0.730
0.724
0.712
0.839
0.857
0.815
0.835
0.897
0.859
0.823
0.910
0.884
0.881
0.897
0.956
0.954
0.927
0.910
0.856
0.876
0.939
0.943
0.961
0.906
0.827
0.808
0.776
0.832
0.892
0.923
0.940
0.924
0.958
0.969
0.971
0.969
0.908
0.917
0.902
0.960
0.934
0.966
0.958
0.944
0.929
0.887
0.945
0.866
0.843
0.860
0.893
0.946
0.913
0.920
0.869
0.854
0.833
0.828
0.826
0.850
0.837
0.848
0.881
0.855
0.915
0.874
0.946
0.974
0.962
0.928
0.927
0.970
0.837
0.839
0.828
0.844
0.855
0.907
0.973
0.895
0.869
0.840
0.812
0.819
0.856
0.893
0.871
0.818
0.826
0.854
0.801
0.729
0.708
0.772
0.800
0.837
0.803
0.762
0.820
0.796
0.843
0.786
0.681
0.667
0.746
0.804
0.771
0.786
0.793
0.721
0.846
0.809
0.823
0.851
0.830
0.866
0.831
0.879
0.902
0.889
0.846
0.850
0.814
0.869
0.842
0.855
0.818
0.787
0.843
0.830
0.828
0.842
0.856
0.814
0.822
0.820
0.803
0.837
0.833
0.807
0.815
0.764
0.725
0.756
0.830
0.771
0.816
0.815
0.686
0.645
0.723
0.769
0.729
0.694
0.726
0.708
0.738
0.791
0.782
0.792
0.822
0.750
0.821
0.779
0.779
0.871
0.852
0.824
0.888
0.910
0.869
0.839
0.812
0.809
0.767
0.773
0.899
0.960
0.916
0.958
0.960
0.964
0.913
0.963
0.863
0.829
0.888
0.903
0.865
0.877
0.859
0.864
0.903
0.836
0.792
0.807
0.821
0.905
0.873
0.886
0.898
0.953
0.915
0.890
0.845
0.859
0.913
0.887
0.966
0.945
0.955
0.967
0.927
0.862
0.955
0.878
0.858
0.829
0.856
0.893
0.936
0.940
0.951
0.951
0.952
0.968
0.913
0.952
0.920
0.973
0.926
0.965
0.944
0.942
0.839
0.902
0.948
0.933
0.976
0.923
0.934
0.954
0.969
0.932
0.911
0.903
0.910
0.937
0.945
0.973
0.970
0.960
0.973
0.866
0.813
0.763
0.824
0.851
0.962
0.919
0.981
0.936
0.917
0.939
0.958
0.950
0.904
0.879
0.841
0.855
0.898
0.905
0.961
0.918
0.913
0.959
0.963
0.932
0.948
0.959
0.968
0.973
0.910
0.900
0.911
0.872
0.847
0.880
0.934
0.908
0.888
0.847
0.969
0.916
0.793
0.819
0.867
0.908
0.931
0.901
0.878
0.856
0.838
0.927
0.898
0.920
0.900
0.890
0.960
0.943
0.971
0.958
0.905
0.960
0.847
0.892
0.937
0.860
0.907
0.884
0.826
0.819
0.875
0.909
0.953
0.944
0.879
0.896
0.883
0.883
0.823
0.848
0.866
0.922
0.915
0.874
0.944
0.948
0.878
0.880
0.862
0.966
0.912
0.827
0.870
0.934
0.882
0.898
0.905
0.919
0.819
0.855
0.904
0.952
0.890
0.885
0.930
0.954
0.952
0.934
0.946
0.955
0.943
0.864
0.779
0.771
0.765
0.812
0.823
0.802
0.897
0.898
0.831
0.897
0.886
0.778
0.742
0.831
0.828
0.870
0.908
0.940
0.955
0.881
0.920
0.899
0.891
0.889
0.770
0.754
0.823
0.933
0.872
0.886
0.904
0.898
0.936
0.805
0.859
0.798
0.799
0.768
0.828
0.871
0.909
0.957
0.972
0.957
0.903
0.944
0.898
0.885
0.907
0.924
0.880
0.913
0.943
0.970
0.949
0.917
0.924
0.907
0.816
0.930
0.874
0.851
0.853
0.819
0.882
0.914
0.962
0.966
0.935
0.968
0.878
0.937
0.975
0.977
0.970
0.930
0.857
0.802
0.756
0.752
0.814
0.844
0.906
0.871
0.880
0.846
0.886
0.924
0.909
0.911
0.873
0.869
0.870
0.932
0.796
0.848
0.783
0.796
0.774
0.768
0.775
0.794
0.844
0.822
0.765
0.763
0.740
0.787
0.827
0.842
0.816
0.896
0.826
0.759
0.756
0.794
0.902
0.817
0.823
0.764
0.769
0.751
0.757
0.813
0.905
0.870
0.881
0.887
0.871
0.840
0.810
0.841
0.780
0.784
0.713
0.738
0.735
0.649
0.706
0.697
0.729
0.696
0.735
0.769
0.741
0.688
0.742
0.772
0.724
0.717
0.765
0.754
0.700
0.741
0.775
0.847
0.874
0.877
0.896
0.844
0.812
0.742
0.750
0.806
0.925
0.940
0.871
0.874
0.812
0.795
0.779
0.813
0.871
0.787
0.774
0.800
0.728
0.767
0.796
0.841
0.790
0.780
0.806
0.718
0.764
0.807
0.814
0.816
0.734
0.696
0.763
0.753
0.831
0.867
0.888
0.916
0.977
0.923
0.927
0.940
0.871
0.880
0.918
0.915
0.864
0.833
0.895
0.886
0.883
0.846
0.855
0.813
0.841
0.896
0.924
0.932
0.906
0.970
0.933
0.948
0.937
0.875
0.856
0.925
0.965
0.959
0.964
0.975
0.980
0.898
0.897
0.950
0.923
0.981
0.942
0.977
0.874
0.934
0.854
0.891
0.895
0.876
0.949
0.876
0.943
0.973
0.947
0.958
0.928
0.876
0.940
0.959
0.939
0.972
0.943
0.929
0.970
0.948
0.941
0.971
0.977
0.868
0.869
0.935
0.927
0.942
0.881
0.844
0.939
0.977
0.978
0.869
0.924
0.925
0.842
0.841
0.944
0.912
0.949
0.906
0.943
0.885
0.911
0.950
0.939
0.951
0.957
0.920
0.973
0.971
0.947
0.881
0.906
0.948
0.870
0.820
0.852
0.885
0.961
0.954
0.971
0.961
0.933
0.973
0.923
0.962
0.967
0.930
0.854
0.887
0.933
0.888
0.893
0.966
0.867
0.818
0.865
0.807
0.850
0.838
0.849
0.856
0.882
0.883
0.877
0.857
0.945
0.926
0.910
0.947
0.969
0.957
0.919
0.966
0.950
0.882
0.838
0.826
0.846
0.851
0.763
0.743
0.793
0.853
0.871
0.884
0.846
0.831
0.837
0.796
0.818
0.809
0.841
0.971
0.863
0.885
0.832
0.909
0.886
0.895
0.870
0.961
0.967
0.955
0.963
0.959
0.960
0.928
0.895
0.894
0.910
0.951
0.890
0.936
0.936
0.903
0.906
0.935
0.966
0.930
0.952
0.952
0.868
0.819
0.888
0.867
0.925
0.940
0.948
0.969
0.971
0.954
0.932
0.918
0.938
0.937
0.965
0.973
0.944
0.969
0.961
0.902
0.933
0.898
0.935
0.907
0.834
0.796
0.850
0.869
0.956
0.940
0.970
0.975
0.971
0.968
0.885
0.865
0.906
0.937
0.963
0.961
0.896
0.932
0.962
0.958
0.937
0.943
0.855
0.833
0.810
0.896
0.897
0.873
0.904
0.919
0.887
0.782
0.676
0.730
0.802
0.837
0.847
0.857
0.890
0.831
0.847
0.892
0.876
0.909
0.891
0.924
0.904
0.965
0.961
0.869
0.918
0.908
0.864
0.842
0.836
0.842
0.807
0.809
0.833
0.771
0.780
0.809
0.783
0.790
0.832
0.732
0.773
0.744
0.763
0.626
0.616
0.660
0.694
0.753
0.795
0.772
0.776
0.711
0.787
0.786
0.725
0.784
0.794
0.759
0.806
0.738
0.806
0.803
0.804
0.755
0.707
0.813
0.821
0.761
0.783
0.863
0.883
0.923
0.950
0.874
0.819
0.736
0.746
0.824
0.693
0.674
0.742
0.750
0.823
0.827
0.844
0.819
0.824
0.753
0.676
0.761
0.804
0.866
0.830
0.878
0.825
0.809
0.811
0.782
0.793
0.851
0.888
0.897
0.885
0.888
0.805
0.840
0.825
0.823
0.818
0.839
0.875
0.818
0.734
0.862
0.878
0.844
0.787
0.785
0.872
0.867
0.857
0.883
0.828
0.885
0.861
0.893
0.890
0.869
0.844
0.863
0.869
0.841
0.754
0.700
0.737
0.791
0.789
0.805
0.866
0.849
0.864
0.842
0.814
0.819
0.822
0.854
0.892
0.916
0.962
0.972
0.952
0.970
0.963
0.976
0.951
0.861
0.791
0.872
0.943
0.927
0.896
0.891
0.927
0.894
0.977
0.925
0.952
0.976
0.931
0.952
0.871
0.916
0.924
0.939
0.979
0.939
0.905
0.920
0.925
0.969
0.945
0.955
0.970
0.900
0.953
0.966
0.924
0.922
0.963
0.932
0.959
0.964
0.961
0.963
0.972
0.943
0.975
0.875
0.895
0.962
0.974
0.960
0.926
0.962
0.941
0.973
0.970
0.947
0.920
0.945
0.918
0.966
0.919
0.860
0.841
0.874
0.909
0.947
0.910
0.858
0.885
0.874
0.894
0.926
0.944
0.852
0.776
0.750
0.797
0.774
0.712
0.672
0.731
0.825
0.832
0.837
0.854
0.915
0.897
0.848
0.904
0.896
0.934
0.851
0.849
0.868
0.971
0.878
0.900
0.870
0.859
0.869
0.833
0.890
0.975
0.913
0.825
0.765
0.769
0.855
0.743
0.660
0.657
0.664
0.739
0.779
0.816
0.815
0.876
0.920
0.840
0.800
0.867
0.866
0.904
0.971
0.896
0.895
0.886
0.883
0.771
0.750
0.735
0.611
0.690
0.747
0.695
0.688
0.712
0.712
0.686
0.867
0.878
0.921
0.946
0.900
0.871
0.897
0.928
0.866
0.874
0.968
0.889
0.941
0.964
0.910
0.918
0.946
0.944
0.954
0.970
0.896
0.945
0.955
0.965
0.958
0.928
0.951
0.936
0.864
0.909
0.957
0.911
0.930
0.971
0.861
0.900
0.910
0.953
0.900
0.861
0.853
0.892
0.907
0.915
0.883
0.903
0.966
0.969
0.964
0.970
0.932
0.954
0.961
0.969
0.902
0.896
0.900
0.954
0.918
0.950
0.906
0.906
0.836
0.881
0.970
0.933
0.899
0.906
0.824
0.823
0.869
0.846
0.845
0.847
0.925
0.955
0.925
0.909
0.944
0.968
0.911
0.963
0.940
0.975
0.943
0.855
0.970
0.914
0.919
0.953
0.909
0.916
0.868
0.894
0.832
0.863
0.844
0.885
0.814
0.780
0.746
0.738
0.787
0.802
0.841
0.843
0.815
0.802
0.821
0.817
0.869
0.878
0.810
0.826
0.842
0.842
0.774
0.824
0.765
0.699
0.714
0.707
0.715
0.738
0.762
0.831
0.884
0.865
0.794
0.836
0.824
0.830
0.814
0.839
0.841
0.856
0.867
0.833
0.924
0.894
0.919
0.974
0.893
0.910
0.802
0.804
0.789
0.770
0.747
0.807
0.810
0.836
0.865
0.859
0.827
0.845
0.851
0.912
0.914
0.860
0.811
0.842
0.898
0.819
0.848
0.833
0.898
0.942
0.875
0.879
0.867
0.842
0.840
0.936
0.963
0.975
0.895
0.856
0.844
0.894
0.881
0.875
0.847
0.859
0.874
0.863
0.816
0.787
0.888
0.843
0.799
0.798
0.823
0.856
0.897
0.936
0.890
0.832
0.796
0.859
0.835
0.835
0.849
0.901
0.946
0.928
0.873
0.899
0.804
0.819
0.862
0.907
0.842
0.806
0.824
0.919
0.953
0.953
0.900
0.978
0.916
0.960
0.978
0.900
0.908
0.956
0.891
0.931
0.977
0.900
0.962
0.952
0.978
0.911
0.956
0.924
0.918
0.957
0.974
0.961
0.974
0.926
0.972
0.905
0.971
0.970
0.942
0.928
0.954
0.952
0.979
0.889
0.960
0.914
0.963
0.958
0.853
0.941
0.915
0.815
0.781
0.806
0.893
0.925
0.977
0.960
0.938
0.833
0.865
0.968
0.970
0.941
0.955
0.967
0.925
0.894
0.900
0.968
0.927
0.972
0.933
0.935
0.977
0.956
0.975
0.944
0.974
0.950
0.955
0.961
0.977
0.925
0.968
0.920
0.941
0.964
0.917
0.941
0.908
0.868
0.840
0.820
0.749
0.760
0.747
0.833
0.814
0.838
0.880
0.868
0.970
0.975
0.948
0.879
0.940
0.883
0.922
0.922
0.945
0.971
0.904
0.781
0.811
0.910
0.882
0.911
0.860
0.911
0.911
0.957
0.904
0.789
0.822
0.885
0.888
0.922
0.916
0.819
0.751
0.829
0.933
0.841
0.865
0.948
0.936
0.866
0.867
0.897
0.924
0.919
0.961
0.940
0.959
0.946
0.945
0.968
0.865
0.868
0.873
0.926
0.943
0.965
0.827
0.885
0.940
0.962
0.962
0.944
0.934
0.957
0.932
0.902
0.968
0.966
0.961
0.971
0.950
0.919
0.903
0.907
0.875
0.892
0.919
0.880
0.931
0.911
0.879
0.867
0.889
0.945
0.951
0.956
0.971
0.948
0.950
0.926
0.854
0.940
0.953
0.917
0.962
0.941
0.949
0.944
0.954
0.946
0.957
0.957
0.941
0.839
0.775
0.805
0.867
0.927
0.966
0.913
0.901
0.972
0.958
0.974
0.963
0.956
0.959
0.948
0.960
0.925
0.954
0.961
0.904
0.889
0.829
0.867
0.875
0.849
0.866
0.889
0.841
0.829
0.871
0.911
0.899
0.925
0.905
0.933
0.968
0.975
0.977
0.942
0.967
0.975
0.932
0.972
0.949
0.924
0.915
0.868
0.896
0.851
0.822
0.810
0.886
0.853
0.860
0.860
0.904
0.877
0.855
0.832
0.843
0.932
0.853
0.847
0.859
0.865
0.878
0.894
0.938
0.895
0.899
0.907
0.896
0.969
0.832
0.796
0.836
0.874
0.878
0.844
0.877
0.915
0.906
0.855
0.854
0.885
0.864
0.847
0.845
0.913
0.917
0.876
0.973
0.910
0.943
0.819
0.809
0.839
0.817
0.785
0.771
0.765
0.847
0.843
0.816
0.896
0.899
0.923
0.906
0.930
0.802
0.822
0.819
0.832
0.810
0.830
0.845
0.881
0.933
0.949
0.844
0.879
0.873
0.941
0.974
0.895
0.937
0.903
0.937
0.935
0.977
0.960
0.910
0.913
0.866
0.958
0.967
0.901
0.880
0.910
0.928
0.965
0.890
0.896
0.872
0.863
0.911
0.863
0.781
0.770
0.847
0.844
0.841
0.928
0.929
0.895
0.889
0.981
0.968
0.868
0.906
0.965
0.970
0.866
0.816
0.905
0.948
0.814
0.851
0.931
0.922
0.930
0.939
0.957
0.970
0.963
0.870
0.895
0.947
0.949
0.925
0.938
0.934
0.973
0.920
0.938
0.903
0.966
0.924
0.914
0.923
0.896
0.933
0.917
0.920
0.959
0.959
0.966
0.902
0.945
0.942
0.894
0.974
0.979
0.965
0.924
0.922
0.909
0.889
0.884
0.920
0.925
0.976
0.964
0.970
0.975
0.939
0.968
0.965
0.974
0.945
0.968
0.950
0.976
0.967
0.981
0.884
0.958
0.971
0.941
0.972
0.961
0.933
0.963
0.939
0.930
0.932
0.894
0.797
0.816
0.928
0.976
0.973
0.912
0.936
0.854
0.813
0.913
0.976
0.959
0.966
0.946
0.938
0.916
0.922
0.952
0.953
0.901
0.878
0.979
0.982
0.943
0.937
0.799
0.865
0.891
0.934
0.960
0.973
0.919
0.940
0.885
0.874
0.929
0.948
0.939
0.960
0.960
0.973
0.981
0.955
0.964
0.896
0.969
0.977
0.977
0.973
0.849
0.885
0.918
0.961
0.966
0.891
0.925
0.920
0.946
0.898
0.875
0.912
0.922
0.960
0.895
0.881
0.916
0.961
0.962
0.941
0.938
0.944
0.886
0.922
0.965
0.952
0.932
0.915
0.938
0.937
0.965
0.920
0.868
0.930
0.940
0.930
0.910
0.880
0.938
0.911
0.865
0.894
0.919
0.918
0.959
0.930
0.879
0.909
0.955
0.958
0.972
0.905
0.953
0.940
0.967
0.972
0.979
0.970
0.965
0.916
0.962
0.967
0.954
0.947
0.951
0.970
0.966
0.956
0.828
0.879
0.891
0.935
0.940
0.958
0.948
0.938
0.937
0.966
0.921
0.865
0.845
0.875
0.841
0.887
0.915
0.836
0.923
0.888
0.913
0.852
0.833
0.840
0.898
0.955
0.966
0.948
0.968
0.892
0.949
0.970
0.936
0.870
0.732
0.778
0.899
0.805
0.885
0.914
0.941
0.921
0.964
0.830
0.855
0.865
0.855
0.832
0.837
0.867
0.809
0.872
0.892
0.892
0.957
0.921
0.810
0.785
0.645
0.740
0.882
0.974
0.876
0.903
0.849
0.849
0.968
0.819
0.941
0.909
0.920
0.959
0.905
0.788
0.805
0.859
0.857
0.846
0.961
0.979
0.890
0.792
0.743
0.830
0.878
0.871
0.866
0.816
0.840
0.884
0.881
0.875
0.823
0.797
0.819
0.809
0.815
0.768
0.716
0.792
0.661
0.724
0.768
0.760
0.773
0.743
0.891
0.878
0.912
0.894
0.818
0.789
0.786
0.784
0.808
0.800
0.812
0.758
0.708
0.790
0.726
0.735
0.811
0.921
0.879
0.874
0.799
0.791
0.853
0.858
0.830
0.847
0.886
0.923
0.924
0.859
0.888
0.941
0.927
0.911
0.938
0.890
0.845
0.879
0.874
0.822
0.872
0.960
0.907
0.863
0.778
0.871
0.825
0.756
0.695
0.761
0.830
0.878
0.826
0.711
0.882
0.945
0.885
0.920
0.973
0.939
0.886
0.883
0.886
0.788
0.935
0.807
0.765
0.778
0.799
0.803
0.848
0.827
0.756
0.796
0.864
0.905
0.956
0.828
0.921
0.893
0.792
0.697
0.840
0.975
0.957
0.961
0.958
0.949
0.874
0.851
0.942
0.969
0.972
0.958
0.897
0.904
0.900
0.951
0.856
0.889
0.849
0.945
0.978
0.973
0.965
0.931
0.956
0.951
0.979
0.955
0.969
0.924
0.926
0.936
0.957
0.963
0.911
0.920
0.922
0.945
0.959
0.919
0.929
0.955
0.884
0.886
0.844
0.912
0.885
0.912
0.916
0.972
0.957
0.922
0.921
0.868
0.892
0.856
0.872
0.884
0.893
0.932
0.910
0.907
0.929
0.918
0.869
0.727
0.733
0.835
0.876
0.892
0.971
0.981
0.968
0.940
0.912
0.948
0.930
0.918
0.951
0.913
0.885
0.856
0.759
0.710
0.724
0.687
0.680
0.756
0.774
0.780
0.765
0.765
0.865
0.835
0.769
0.763
0.612
0.666
0.749
0.742
0.746
0.756
0.743
0.654
0.682
0.884
0.889
0.917
0.919
0.870
0.889
0.842
0.805
0.709
0.618
0.624
0.689
0.691
0.831
0.951
0.930
0.869
0.902
0.877
0.825
0.822
0.827
0.911
0.857
0.954
0.874
0.749
0.738
0.789
0.917
0.952
0.891
0.940
0.936
0.873
0.932
0.875
0.821
0.874
0.953
0.854
0.852
0.861
0.885
0.938
0.898
0.912
0.939
0.929
0.910
0.870
0.841
0.856
0.942
0.959
0.866
0.822
0.852
0.910
0.846
0.778
0.775
0.861
0.865
0.863
0.854
0.921
0.928
0.935
0.931
0.971
0.950
0.948
0.935
0.949
0.896
0.961
0.920
0.934
0.947
0.934
0.929
0.972
0.958
0.931
0.870
0.940
0.826
0.894
0.772
0.713
0.782
0.921
0.934
0.933
0.963
0.955
0.945
0.926
0.965
0.957
0.917
0.958
0.962
0.904
0.865
0.883
0.842
0.835
0.892
0.885
0.884
0.871
0.831
0.826
0.874
0.860
0.922
0.958
0.906
0.958
0.969
0.973
0.971
0.943
0.941
0.966
0.885
0.911
0.921
0.970
0.929
0.877
0.741
0.767
0.873
0.846
0.852
0.887
0.829
0.820
0.930
0.870
0.920
0.883
0.882
0.923
0.913
0.959
0.910
0.911
0.836
0.888
0.876
0.847
0.868
0.879
0.815
0.860
0.895
0.960
0.884
0.905
0.959
0.980
0.933
0.969
0.876
0.835
0.929
0.906
0.888
0.958
0.979
0.935
0.944
0.869
0.860
0.915
0.862
0.823
0.804
0.803
0.842
0.891
0.905
0.945
0.891
0.974
0.981
0.912
0.907
0.917
0.916
0.850
0.832
0.875
0.854
0.837
0.877
0.808
0.883
0.882
0.872
0.821
0.894
0.888
0.956
0.927
0.957
0.862
0.868
0.846
0.886
0.931
0.970
0.912
0.893
0.923
0.832
0.899
0.947
0.953
0.931
0.919
0.954
0.884
0.929
0.951
0.924
0.937
0.865
0.930
0.923
0.920
0.852
0.910
0.922
0.835
0.911
0.929
0.969
0.947
0.935
0.926
0.970
0.921
0.972
0.950
0.866
0.937
0.968
0.923
0.927
0.969
0.947
0.941
0.947
0.886
0.884
0.842
0.815
0.814
0.851
0.910
0.934
0.955
0.970
0.940
0.951
0.955
0.959
0.890
0.947
0.969
0.943
0.908
0.977
0.961
0.958
0.938
0.967
0.959
0.935
0.971
0.899
0.876
0.911
0.973
0.976
0.964
0.975
0.927
0.978
0.971
0.962
0.951
0.970
0.976
0.967
0.968
0.934
0.973
0.898
0.911
0.958
0.973
0.939
0.950
0.970
0.939
0.953
0.980
0.977
0.939
0.973
0.849
0.867
0.922
0.948
0.980
0.929
0.980
0.965
0.934
0.907
0.977
0.941
0.928
0.920
0.979
0.931
0.825
0.910
0.941
0.942
0.956
0.943
0.888
0.909
0.916
0.942
0.860
0.878
0.899
0.902
0.918
0.919
0.868
0.871
0.888
0.911
0.883
0.901
0.897
0.898
0.898
0.907
0.958
0.913
0.909
0.894
0.864
0.883
0.878
0.859
0.847
0.838
0.876
0.885
0.874
0.875
0.871
0.899
0.897
0.851
0.845
0.887
0.940
0.881
0.888
0.870
0.873
0.882
0.906
0.880
0.942
0.883
0.903
0.916
0.834
0.843
0.884
0.859
0.833
0.854
0.882
0.931
0.786
0.871
0.870
0.856
0.927
0.936
0.856
0.845
0.871
0.880
0.895
0.921
0.911
0.864
0.836
0.840
0.784
0.743
0.815
0.843
0.888
0.883
0.889
0.888
0.873
0.818
0.834
0.923
0.898
0.852
0.923
0.932
0.943
0.915
0.924
0.922
0.908
0.920
0.901
0.889
0.882
0.910
0.905
0.899
0.922
0.834
0.925
0.840
0.882
0.895
0.913
0.848
0.951
0.938
0.878
0.859
0.825
0.860
0.886
0.914
0.882
0.857
0.864
0.847
0.871
0.885
0.841
0.896
0.871
0.920
0.913
0.873
0.905
0.928
0.920
0.921
0.951
0.961
0.956
0.888
0.927
0.824
0.892
0.831
0.857
0.904
0.909
0.907
0.907
0.922
0.909
0.868
0.936
0.906
0.872
0.957
0.920
0.901
0.885
0.904
0.799
0.885
0.909
0.914
0.908
0.889
0.859
0.903
0.890
0.870
0.917
0.899
0.923
0.945
0.968
0.838
0.915
0.921
0.906
0.910
0.942
0.889
0.783
0.831
0.945
0.959
0.837
0.926
0.890
0.843
0.896
0.881
0.892
0.862
0.849
0.876
0.882
0.907
0.888
0.848
0.880
0.892
0.920
0.925
0.859
0.838
0.829
0.883
0.907
0.847
0.837
0.911
0.932
0.915
0.939
0.883
0.790
0.856
0.920
0.914
0.889
0.878
0.835
0.850
0.843
0.859
0.875
0.868
0.923
0.868
0.914
0.895
0.904
0.854
0.897
0.897
0.897
0.959
0.827
0.891
0.911
0.840
0.855
0.844
0.839
0.867
0.844
0.800
0.830
0.886
0.905
0.886
0.839
0.850
0.890
0.939
0.820
0.870
0.896
0.898
0.843
0.830
0.888
0.886
0.851
0.905
0.861
0.927
0.892
0.871
0.869
0.897
0.950
0.906
0.873
0.858
0.879
0.927
0.933
0.929
0.930
0.905
0.883
0.908
0.945
0.921
0.923
0.919
0.952
0.945
0.906
0.860
0.974
0.902
0.943
0.846
0.838
0.813
0.757
0.757
0.857
0.936
0.902
0.903
0.937
0.962
0.910
0.951
0.864
0.901
0.933
0.944
0.878
0.929
0.921
0.912
0.944
0.838
0.853
0.904
0.876
0.909
0.837
0.896
0.962
0.943
0.919
0.949
0.874
0.911
0.876
0.856
0.877
0.918
0.941
0.898
0.951
0.923
0.913
0.896
0.924
0.884
0.895
0.889
0.908
0.912
0.872
0.889
0.943
0.924
0.890
0.923
0.902
0.877
0.928
0.885
0.917
0.927
0.875
0.932
0.893
0.919
0.912
0.887
0.913
0.890
0.909
0.875
0.887
0.899
0.862
0.956
0.910
0.897
0.878
0.869
0.880
0.885
0.876
0.905
0.891
0.866
0.882
0.879
0.879
0.887
0.882
0.859
0.929
0.871
0.895
0.864
0.855
0.913
0.843
0.888
0.918
0.905
0.891
0.924
0.900
0.915
0.911
0.920
0.927
0.908
0.910
0.884
0.898
0.886
0.862
0.921
0.926
0.912
0.875
0.861
0.872
0.873
0.865
0.839
0.836
0.850
0.811
0.859
0.843
0.915
0.899
0.852
0.922
0.899
0.868
0.846
0.846
0.907
0.885
0.850
0.874
0.872
0.821
0.870
0.812
0.836
0.842
0.887
0.857
0.943
0.883
0.912
0.858
0.866
0.913
0.891
0.918
0.916
0.924
0.874
0.871
0.897
0.897
0.918
0.907
0.931
0.909
0.925
0.958
0.974
0.898
0.933
0.925
0.871
0.903
0.897
0.860
0.817
0.879
0.888
0.821
0.850
0.822
0.866
0.843
0.861
0.906
0.913
0.885
0.881
0.949
0.944
0.949
0.898
0.931
0.953
0.865
0.897
0.918
0.917
0.907
0.954
0.850
0.936
0.920
0.928
0.920
0.934
0.952
0.915
0.889
0.919
0.932
0.926
0.909
0.938
0.929
0.899
0.890
0.936
0.900
0.901
0.893
0.887
0.889
0.897
0.923
0.914
0.877
0.925
0.887
0.896
0.866
0.866
0.865
0.859
0.909
0.913
0.931
0.906
0.909
0.916
0.844
0.903
0.886
0.892
0.880
0.814
0.842
0.870
0.887
0.916
0.862
0.831
0.885
0.921
0.828
0.800
0.885
0.894
0.918
0.894
0.899
0.872
0.867
0.903
0.900
0.871
0.913
0.859
0.837
0.801
0.863
0.864
0.874
0.896
0.869
0.882
0.812
0.878
0.840
0.809
0.857
0.855
0.918
0.915
0.854
0.848
0.892
0.874
0.871
0.930
0.915
0.936
0.936
0.909
0.903
0.854
0.903
0.949
0.918
0.917
0.905
0.926
0.900
0.916
0.882
0.906
0.908
0.908
0.896
0.893
0.881
0.868
0.840
0.858
0.891
0.902
0.831
0.859
0.872
0.919
0.927
0.874
0.834
0.860
0.874
0.840
0.853
0.880
0.888
0.883
0.901
0.888
0.914
0.928
0.871
0.915
0.917
0.909
0.940
0.852
0.856
0.875
0.876
0.869
0.911
0.897
0.856
0.936
0.901
0.931
0.935
0.898
0.878
0.919
0.936
0.950
0.936
0.843
0.891
0.913
0.884
0.910
0.875
0.897
0.878
0.809
0.897
0.963
0.884
0.893
0.865
0.862
0.886
0.893
0.912
0.889
0.895
0.908
0.922
0.924
0.916
0.899
0.917
0.924
0.943
0.907
0.924
0.926
0.849
0.885
0.923
0.945
0.861
0.859
0.922
0.869
0.941
0.913
0.908
0.883
0.949
0.909
0.887
0.920
0.910
0.951
0.866
0.902
0.925
0.876
0.892
0.870
0.875
0.898
0.916
0.879
0.881
0.947
0.904
0.906
0.853
0.854
0.883
0.896
0.843
0.854
0.909
0.914
0.895
0.900
0.906
0.865
0.907
0.935
0.890
0.893
0.825
0.807
0.856
0.845
0.828
0.838
0.851
0.784
0.770
0.703
0.778
0.821
0.841
0.816
0.850
0.882
0.872
0.884
0.869
0.877
0.832
0.799
0.815
0.842
0.891
0.909
0.877
0.873
0.857
0.844
0.833
0.862
0.857
0.906
0.897
0.817
0.892
0.935
0.923
0.917
0.906
0.907
0.909
0.857
0.919
0.881
0.896
0.895
0.910
0.911
0.853
0.880
0.900
0.889
0.906
0.899
0.875
0.861
0.882
0.880
0.887
0.908
0.914
0.922
0.842
0.856
0.915
0.903
0.863
0.884
0.914
0.900
0.917
0.924
0.882
0.907
0.873
0.906
0.914
0.905
0.878
0.948
0.880
0.906
0.896
0.922
0.920
0.883
0.878
0.931
0.892
0.894
0.907
0.896
0.886
0.906
0.929
0.939
0.912
0.902
0.868
0.915
0.856
0.911
0.940
0.930
0.935
0.910
0.925
0.857
0.866
0.851
0.809
0.785
0.874
0.883
0.902
0.927
0.864
0.851
0.887
0.776
0.916
0.870
0.885
0.849
0.916
0.881
0.886
0.915
0.896
0.904
0.932
0.911
0.908
0.886
0.923
0.880
0.936
0.886
0.909
0.919
0.951
0.866
0.908
0.911
0.913
0.891
0.911
0.906
0.905
0.939
0.969
0.879
0.913
0.881
0.875
0.902
0.903
0.903
0.849
0.898
0.876
0.925
0.926
0.896
0.906
0.901
0.877
0.873
0.883
0.879
0.947
0.907
0.892
0.889
0.861
0.942
0.882
0.901
0.936
0.916
0.959
0.918
0.888
0.905
0.898
0.905
0.856
0.842
0.909
0.868
0.874
0.927
0.877
0.899
0.856
0.846
0.886
0.870
0.935
0.926
0.910
0.911
0.882
0.873
0.843
0.856
0.890
0.871
0.871
0.849
0.852
0.890
0.880
0.894
0.890
0.909
0.855
0.867
0.913
0.929
0.823
0.917
0.935
0.877
0.887
0.924
0.925
0.909
0.959
0.932
0.922
0.918
0.937
0.925
0.889
0.944
0.904
0.952
0.927
0.941
0.924
0.933
0.939
0.917
0.915
0.884
0.879
0.903
0.964
0.924
0.903
0.891
0.905
0.886
0.929
0.915
0.935
0.949
0.909
0.923
0.917
0.928
0.886
0.845
0.874
0.929
0.958
0.850
0.967
0.947
0.913
0.921
0.939
0.886
0.929
0.939
0.923
0.896
0.869
0.895
0.849
0.870
0.905
0.853
0.937
0.935
0.919
0.870
0.922
0.912
0.897
0.857
0.905
0.927
0.926
0.826
0.954
0.915
0.920
0.945
0.932
0.959
0.880
0.935
0.887
0.870
0.868
0.862
0.897
0.872
0.924
0.857
0.884
0.944
0.923
0.961
0.923
0.918
0.925
0.943
0.891
0.917
0.908
0.884
0.886
0.898
0.874
0.862
0.904
0.810
0.944
0.892
0.888
0.867
0.852
0.862
0.947
0.891
0.906
0.897
0.915
0.846
0.837
0.927
0.897
0.896
0.913
0.898
0.923
0.917
0.896
0.920
0.891
0.880
0.856
0.926
0.867
0.866
0.836
0.830
0.811
0.794
0.805
0.873
0.859
0.907
0.855
0.875
0.855
0.942
0.926
0.922
0.890
0.908
0.932
0.856
0.893
0.845
0.880
0.824
0.852
0.828
0.881
0.883
0.871
0.882
0.903
0.897
0.883
0.882
0.898
0.872
0.876
0.910
0.957
0.860
0.896
0.916
0.894
0.886
0.916
0.889
0.901
0.877
0.897
0.855
0.881
0.871
0.867
0.871
0.899
0.864
0.888
0.903
0.888
0.901
0.877
0.905
0.908
0.886
0.917
0.887
0.930
0.912
0.866
0.892
0.839
0.858
0.886
0.868
0.905
0.901
0.930
0.860
0.834
0.909
0.914
0.894
0.890
0.902
0.884
0.901
0.892
0.860
0.891
0.875
0.868
0.881
0.925
0.912
0.871
0.874
0.842
0.874
0.861
0.817
0.842
0.885
0.830
0.892
0.872
0.909
0.861
0.899
0.881
0.857
0.907
0.863
0.875
0.932
0.849
0.881
0.909
0.872
0.918
0.873
0.866
0.950
0.866
0.933
0.916
0.886
0.930
0.955
0.962
0.908
0.914
0.896
0.945
0.848
0.959
0.910
0.864
0.838
0.839
0.934
0.881
0.878
0.906
0.930
0.878
0.939
0.911
0.895
0.895
0.907
0.880
0.923
0.864
0.846
0.867
0.875
0.937
0.920
0.922
0.930
0.940
0.923
0.914
0.896
0.876
0.874
0.926
0.896
0.923
0.854
0.849
0.849
0.888
0.937
0.888
0.852
0.915
0.871
0.857
0.856
0.860
0.879
0.880
0.893
0.899
0.933
0.905
0.850
0.783
0.837
0.889
0.884
0.867
0.897
0.902
0.876
0.891
0.827
0.807
0.820
0.861
0.821
0.845
0.819
0.841
0.857
0.810
0.832
0.803
0.865
0.853
0.857
0.848
0.831
0.837
0.888
0.931
0.870
0.864
0.811
0.863
