19790101
0.808
0.783
0.817
0.840
0.877
0.883
0.939
0.936
0.857
0.791
0.789
0.770
0.814
0.849
0.821
0.820
0.762
0.767
0.831
0.809
0.782
0.860
0.849
0.924
0.826
0.765
0.835
0.917
0.938
0.869
0.772
0.855
0.843
0.707
0.714
0.769
0.790
0.838
0.846
0.820
0.800
0.838
0.819
0.775
0.867
0.824
0.875
0.885
0.837
0.724
0.745
0.755
0.771
0.818
0.874
0.936
0.940
0.926
0.902
0.940
0.840
0.833
0.931
0.958
0.960
0.959
0.945
0.908
0.795
0.825
0.860
0.821
0.813
0.866
0.885
0.825
0.941
0.963
0.938
0.940
0.953
0.965
0.962
0.935
0.915
0.832
0.844
0.945
0.842
0.725
0.758
0.827
0.895
0.896
0.922
0.910
0.812
0.790
0.787
0.743
0.724
0.731
0.770
0.830
0.804
0.749
0.763
0.809
0.806
0.926
0.956
0.943
0.901
0.958
0.951
0.966
0.962
0.963
0.949
0.907
0.935
0.912
0.892
0.840
0.822
0.757
0.755
0.745
0.730
0.695
0.775
0.814
0.809
0.768
0.848
0.887
0.945
0.906
0.960
0.907
0.963
0.899
0.953
0.890
0.930
0.848
0.818
0.830
0.938
0.953
0.826
0.832
0.906
0.957
0.879
0.886
0.965
0.965
0.929
0.883
0.773
0.750
0.802
0.783
0.859
0.774
0.844
0.809
0.756
0.738
0.816
0.753
0.756
0.786
0.768
0.761
0.733
0.749
0.743
0.718
0.717
0.718
0.810
0.748
0.748
0.710
0.611
0.642
0.700
0.712
0.723
0.702
0.772
0.806
0.829
0.825
0.770
0.820
0.914
0.843
0.742
0.701
0.783
0.736
0.715
0.712
0.693
0.647
0.672
0.726
0.799
0.836
0.782
0.763
0.758
0.702
0.682
0.659
0.680
0.695
0.682
0.632
0.714
0.729
0.712
0.733
0.761
0.793
0.744
0.780
0.774
0.752
0.798
0.814
0.852
0.903
0.953
0.883
0.863
0.951
0.949
0.952
0.952
0.907
0.944
0.844
0.839
0.946
0.814
0.756
0.941
0.946
0.925
0.777
0.833
0.911
0.952
0.955
0.934
0.834
0.936
0.806
0.828
0.822
0.827
0.832
0.819
0.764
0.791
0.779
0.803
0.769
0.760
0.787
0.752
0.743
0.739
0.823
0.780
0.746
0.769
0.787
0.742
0.861
0.850
0.853
0.840
0.901
0.931
0.956
0.954
0.933
0.946
0.904
0.883
0.845
0.806
0.934
0.962
0.885
0.962
0.908
0.862
0.879
0.903
0.861
0.952
0.927
0.900
0.934
0.816
0.834
0.938
0.949
0.966
0.965
0.960
0.845
0.944
0.961
0.958
0.921
0.961
0.899
0.948
0.902
0.861
0.946
0.896
0.969
0.886
0.779
0.816
0.860
0.824
0.867
0.813
0.759
0.798
0.780
0.729
0.723
0.724
0.791
0.776
0.765
0.775
0.952
0.927
0.821
0.963
0.968
0.965
0.950
0.894
0.867
0.846
0.886
0.835
0.959
0.795
0.806
0.897
0.948
0.931
0.953
0.927
0.896
0.792
0.785
0.802
0.735
0.749
0.746
0.751
0.832
0.829
0.863
0.907
0.933
0.919
0.932
0.967
0.955
0.956
0.825
0.779
0.790
0.896
0.802
0.736
0.754
0.820
0.815
0.938
0.955
0.939
0.972
0.971
0.958
0.933
0.950
0.901
0.856
0.829
0.834
0.788
0.770
0.737
0.747
0.735
0.866
0.927
0.870
0.936
0.876
0.914
0.871
0.848
0.913
0.886
0.857
0.785
0.837
0.945
0.901
0.935
0.952
0.800
0.801
0.801
0.763
0.769
0.668
0.707
0.806
0.833
0.849
0.881
0.868
0.830
0.848
0.920
0.926
0.866
0.766
0.862
0.851
0.765
0.725
0.642
0.643
0.679
0.666
0.697
0.810
0.726
0.818
0.889
0.834
0.822
0.912
0.921
0.939
0.955
0.906
0.943
0.932
0.953
0.942
0.945
0.800
0.781
0.685
0.699
0.734
0.775
0.828
0.828
0.835
0.843
0.930
0.920
0.949
0.890
0.927
0.956
0.949
0.961
0.858
0.848
0.880
0.782
0.826
0.914
0.842
0.867
0.802
0.849
0.912
0.955
0.944
0.797
0.841
0.838
0.818
0.807
0.757
0.755
0.774
0.778
0.831
0.840
0.794
0.771
0.810
0.847
0.882
0.832
0.822
0.782
0.842
0.838
0.827
0.763
0.763
0.792
0.797
0.825
0.870
0.736
0.630
0.684
0.716
0.789
0.828
0.769
0.797
0.803
0.808
0.766
0.740
0.680
0.630
0.620
0.665
0.655
0.635
0.649
0.708
0.693
0.660
0.688
0.678
0.700
0.729
0.773
0.764
0.755
0.758
0.734
0.688
0.670
0.669
0.685
0.713
0.794
0.794
0.856
0.833
0.847
0.752
0.800
0.810
0.865
0.819
0.733
0.673
0.679
0.686
0.774
0.833
0.821
0.781
0.793
0.778
0.773
0.785
0.763
0.777
0.754
0.748
0.801
0.783
0.722
0.750
0.804
0.763
0.746
0.707
0.671
0.625
0.661
0.714
0.680
0.702
0.741
0.754
0.753
0.764
0.895
0.799
0.760
0.744
0.703
0.716
0.767
0.702
0.617
0.616
0.716
0.763
0.802
0.866
0.864
0.767
0.827
0.899
0.891
0.807
0.801
0.809
0.722
0.706
0.766
0.748
0.836
0.967
0.959
0.930
0.828
0.870
0.834
0.928
0.829
0.908
0.872
0.857
0.829
0.842
0.779
0.848
0.833
0.869
0.846
0.957
0.947
0.878
0.844
0.793
0.807
0.784
0.778
0.852
0.830
0.842
0.837
0.876
0.829
0.846
0.894
0.865
0.889
0.965
0.980
0.965
0.963
0.916
0.888
0.919
0.961
0.942
0.966
0.978
0.934
0.937
0.921
0.857
0.880
0.909
0.923
0.915
0.915
0.940
0.954
0.889
0.902
0.935
0.969
0.925
0.971
0.909
0.909
0.890
0.956
0.874
0.801
0.816
0.858
0.814
0.842
0.879
0.909
0.920
0.925
0.945
0.969
0.948
0.969
0.930
0.927
0.893
0.875
0.884
0.875
0.967
0.949
0.956
0.965
0.902
0.934
0.854
0.866
0.829
0.771
0.777
0.810
0.786
0.786
0.887
0.775
0.782
0.840
0.849
0.808
0.806
0.828
0.778
0.784
0.821
0.804
0.748
0.834
0.809
0.723
0.807
0.814
0.822
0.826
0.834
0.844
0.881
0.895
0.868
0.907
0.957
0.952
0.870
0.888
0.860
0.881
0.787
0.854
0.949
0.932
0.964
0.965
0.967
0.924
0.929
0.854
0.864
0.863
0.866
0.951
0.906
0.875
0.826
0.778
0.802
0.815
0.841
0.807
0.782
0.826
0.972
0.874
0.957
0.969
0.962
0.962
0.859
0.883
0.957
0.877
0.906
0.947
0.879
0.909
0.952
0.885
0.864
0.922
0.850
0.851
0.851
0.883
0.921
0.874
0.825
0.820
0.799
0.824
0.875
0.876
0.877
0.876
0.831
0.820
0.804
0.872
0.795
0.804
0.855
0.955
0.945
0.938
0.959
0.949
0.955
0.929
0.924
0.933
0.965
0.949
0.861
0.849
0.922
0.888
0.956
0.962
0.952
0.957
0.941
0.968
0.971
0.964
0.809
0.674
0.965
0.958
0.956
0.921
0.921
0.882
0.895
0.835
0.862
0.859
0.875
0.823
0.798
0.788
0.872
0.936
0.889
0.963
0.850
0.927
0.827
0.909
0.843
0.906
0.899
0.901
0.813
0.736
0.810
0.863
0.951
0.862
0.920
0.864
0.789
0.822
0.792
0.827
0.801
0.851
0.872
0.787
0.784
0.781
0.804
0.836
0.838
0.818
0.741
0.812
0.788
0.816
0.868
0.885
0.870
0.832
0.846
0.868
0.894
0.781
0.813
0.820
0.815
0.780
0.783
0.781
0.677
0.726
0.814
0.846
0.773
0.726
0.729
0.741
0.813
0.723
0.715
0.695
0.694
0.666
0.734
0.726
0.654
0.660
0.733
0.717
0.697
0.710
0.700
0.723
0.766
0.812
0.716
0.614
0.731
0.754
0.753
0.827
0.722
0.765
0.736
0.719
0.708
0.722
0.755
0.794
0.813
0.784
0.807
0.755
0.765
0.711
0.756
0.824
0.833
0.923
0.812
0.818
0.753
0.780
0.804
0.784
0.893
0.825
0.843
0.919
0.837
0.816
0.828
0.799
0.793
0.779
0.740
0.847
0.778
0.648
0.679
0.691
0.724
0.755
0.718
0.770
0.835
0.800
0.771
0.753
0.813
0.879
0.874
0.896
0.800
0.847
0.931
0.837
0.919
0.873
0.970
0.972
0.936
0.964
0.920
0.903
0.877
0.881
0.827
0.872
0.839
0.909
0.883
0.957
0.828
0.888
0.952
0.970
0.964
0.979
0.967
0.909
0.872
0.904
0.914
0.845
0.960
0.956
0.941
0.964
0.937
0.930
0.953
0.966
0.958
0.913
0.911
0.948
0.894
0.968
0.963
0.904
0.947
0.890
0.841
0.880
0.866
0.920
0.939
0.952
0.956
0.953
0.868
0.929
0.940
0.965
0.926
0.857
0.883
0.944
0.895
0.884
0.867
0.907
0.959
0.907
0.940
0.912
0.949
0.942
0.969
0.925
0.896
0.837
0.873
0.844
0.839
0.851
0.916
0.966
0.966
0.944
0.960
0.968
0.965
0.940
0.961
0.928
0.876
0.965
0.936
0.869
0.907
0.866
0.934
0.947
0.864
0.942
0.826
0.722
0.733
0.782
0.786
0.745
0.842
0.903
0.960
0.955
0.908
0.891
0.897
0.838
0.856
0.919
0.889
0.947
0.944
0.960
0.975
0.950
0.943
0.939
0.905
0.860
0.980
0.967
0.983
0.985
0.942
0.970
0.977
0.954
0.974
0.969
0.973
0.936
0.939
0.943
0.964
0.894
0.929
0.958
0.906
0.925
0.967
0.968
0.938
0.930
0.953
0.921
0.840
0.853
0.849
0.942
0.961
0.983
0.989
0.980
0.951
0.928
0.901
0.884
0.889
0.943
0.965
0.965
0.987
0.982
0.974
0.969
0.925
0.919
0.890
0.880
0.958
0.971
0.973
0.972
0.962
0.918
0.905
0.951
0.908
0.810
0.732
0.779
0.861
0.959
0.955
0.933
0.929
0.805
0.811
0.822
0.816
0.824
0.758
0.824
0.913
0.954
0.966
0.919
0.883
0.901
0.880
0.835
0.926
0.832
0.892
0.828
0.804
0.806
0.812
0.835
0.847
0.838
0.854
0.905
0.901
0.870
0.816
0.931
0.862
0.931
0.852
0.909
0.951
0.923
0.919
0.923
0.867
0.791
0.749
0.747
0.748
0.808
0.790
0.797
0.831
0.811
0.773
0.775
0.732
0.760
0.734
0.733
0.751
0.741
0.767
0.804
0.842
0.777
0.787
0.772
0.771
0.730
0.678
0.655
0.692
0.691
0.667
0.646
0.617
0.685
0.725
0.706
0.733
0.763
0.754
0.700
0.708
0.705
0.781
0.797
0.752
0.648
0.682
0.697
0.655
0.621
0.665
0.737
0.695
0.714
0.707
0.705
0.698
0.735
0.778
0.771
0.761
0.727
0.669
0.702
0.753
0.696
0.663
0.708
0.744
0.782
0.736
0.633
0.667
0.700
0.744
0.711
0.700
0.773
0.768
0.761
0.692
0.633
0.759
0.762
0.682
0.658
0.683
0.679
0.749
0.731
0.679
0.699
0.699
0.743
0.752
0.736
0.749
0.728
0.739
0.693
0.676
0.750
0.729
0.794
0.766
0.812
0.762
0.752
0.774
0.834
0.800
0.759
0.738
0.700
0.701
0.688
0.705
0.738
0.801
0.827
0.886
0.956
0.951
0.854
0.937
0.867
0.855
0.812
0.824
0.935
0.872
0.956
0.953
0.873
0.956
0.844
0.959
0.958
0.890
0.856
0.881
0.970
0.918
0.976
0.961
0.945
0.972
0.990
0.873
0.857
0.870
0.868
0.890
0.883
0.915
0.972
0.948
0.976
0.974
0.938
0.980
0.961
0.894
0.932
0.890
0.963
0.968
0.894
0.819
0.820
0.828
0.835
0.796
0.818
0.871
0.905
0.923
0.874
0.825
0.794
0.869
0.964
0.964
0.857
0.768
0.781
0.815
0.874
0.936
0.910
0.924
0.945
0.910
0.977
0.953
0.986
0.944
0.963
0.926
0.881
0.872
0.945
0.975
0.979
0.988
0.964
0.986
0.964
0.932
0.953
0.916
0.967
0.979
0.981
0.974
0.914
0.938
0.980
0.975
0.936
0.935
0.930
0.910
0.896
0.896
0.880
0.906
0.908
0.932
0.906
0.903
0.872
0.872
0.860
0.870
0.910
0.873
0.887
0.879
0.865
0.866
0.898
0.916
0.875
0.920
0.950
0.973
0.876
0.867
0.872
0.934
0.963
0.925
0.966
0.980
0.974
0.979
0.928
0.921
0.911
0.935
0.915
0.923
0.899
0.970
0.910
0.897
0.891
0.922
0.881
0.906
0.868
0.869
0.907
0.859
0.880
0.941
0.946
0.953
0.908
0.951
0.951
0.939
0.970
0.969
0.973
0.940
0.850
0.831
0.849
0.862
0.899
0.933
0.886
0.751
0.833
0.867
0.841
0.882
0.921
0.944
0.966
0.974
0.938
0.942
0.920
0.946
0.919
0.921
0.945
0.899
0.911
0.929
0.951
0.971
0.955
0.966
0.949
0.983
0.918
0.941
0.914
0.847
0.799
0.834
0.880
0.929
0.835
0.896
0.877
0.939
0.893
0.858
0.959
0.955
0.956
0.854
0.951
0.852
0.898
0.824
0.825
0.798
0.846
0.774
0.775
0.787
0.794
0.788
0.828
0.913
0.897
0.964
0.960
0.961
0.960
0.926
0.943
0.926
0.864
0.915
0.846
0.830
0.959
0.870
0.905
0.835
0.848
0.788
0.817
0.833
0.761
0.711
0.800
0.907
0.862
0.798
0.882
0.854
0.814
0.879
0.830
0.811
0.762
0.757
0.730
0.724
0.765
0.758
0.791
0.714
0.737
0.747
0.773
0.732
0.744
0.785
0.781
0.744
0.675
0.696
0.832
0.813
0.829
0.845
0.913
0.823
0.702
0.688
0.759
0.758
0.822
0.784
0.763
0.767
0.789
0.743
0.706
0.761
0.752
0.672
0.549
0.636
0.699
0.745
0.790
0.807
0.821
0.801
0.768
0.725
0.750
0.783
0.781
0.737
0.724
0.702
0.752
0.757
0.776
0.786
0.671
0.668
0.678
0.656
0.719
0.791
0.780
0.775
0.773
0.736
0.732
0.702
0.701
0.760
0.810
0.773
0.753
0.703
0.671
0.800
0.685
0.716
0.775
0.782
0.688
0.771
0.772
0.748
0.715
0.650
0.768
0.773
0.768
0.828
0.789
0.735
0.739
0.714
0.740
0.800
0.733
0.733
0.762
0.685
0.658
0.669
0.683
0.660
0.610
0.703
0.736
0.841
0.793
0.771
0.788
0.831
0.870
0.837
0.843
0.860
0.907
0.948
0.964
0.989
0.971
0.932
0.927
0.978
0.978
0.989
0.972
0.890
0.916
0.972
0.884
0.916
0.906
0.908
0.987
0.922
0.905
0.884
0.916
0.878
0.912
0.916
0.928
0.957
0.963
0.975
0.970
0.966
0.955
0.959
0.970
0.932
0.798
0.707
0.823
0.828
0.806
0.814
0.937
0.872
0.761
0.822
0.898
0.893
0.938
0.911
0.886
0.896
0.948
0.966
0.980
0.987
0.964
0.956
0.952
0.972
0.977
0.958
0.922
0.945
0.951
0.966
0.963
0.980
0.979
0.941
0.915
0.906
0.911
0.942
0.974
0.976
0.923
0.948
0.958
0.975
0.991
0.986
0.989
0.989
0.991
0.955
0.980
0.981
0.983
0.990
0.979
0.982
0.956
0.933
0.932
0.928
0.903
0.893
0.952
0.983
0.992
0.992
0.968
0.968
0.991
0.958
0.965
0.954
0.982
0.971
0.933
0.981
0.972
0.969
0.976
0.986
0.986
0.979
0.971
0.958
0.948
0.945
0.943
0.978
0.967
0.991
0.985
0.985
0.943
0.962
0.969
0.949
0.983
0.952
0.949
0.973
0.982
0.930
0.976
0.968
0.969
0.972
0.926
0.906
0.918
0.946
0.966
0.949
0.957
0.954
0.886
0.920
0.868
0.915
0.944
0.949
0.984
0.974
0.980
0.895
0.842
0.950
0.954
0.975
0.947
0.938
0.955
0.959
0.960
0.963
0.976
0.967
0.961
0.872
0.924
0.935
0.931
0.956
0.955
0.928
0.901
0.922
0.856
0.868
0.915
0.891
0.949
0.926
0.872
0.754
0.835
0.890
0.954
0.920
0.958
0.960
0.926
0.937
0.918
0.888
0.956
0.962
0.936
0.886
0.763
0.766
0.813
0.835
0.904
0.902
0.945
0.965
0.916
0.943
0.961
0.946
0.951
0.944
0.842
0.798
0.912
0.824
0.801
0.878
0.968
0.951
0.955
0.966
0.929
0.881
0.862
0.818
0.811
0.874
0.962
0.797
0.797
0.809
0.868
0.912
0.818
0.740
0.833
0.736
0.734
0.748
0.795
0.724
0.736
0.763
0.779
0.731
0.735
0.768
0.773
0.771
0.843
0.881
0.805
0.761
0.838
0.845
0.912
0.812
0.880
0.805
0.906
0.880
0.830
0.796
0.868
0.820
0.821
0.809
0.828
0.842
0.774
0.765
0.744
0.771
0.797
0.802
0.744
0.684
0.706
0.753
0.812
0.757
0.762
0.718
0.691
0.748
0.807
0.808
0.802
0.843
0.853
0.753
0.755
0.746
0.697
0.773
0.743
0.786
0.765
0.761
0.797
0.772
0.805
0.807
0.822
0.795
0.840
0.849
0.801
0.848
0.838
0.824
0.788
0.740
0.790
0.751
0.658
0.773
0.754
0.736
0.707
0.679
0.719
0.779
0.885
0.758
0.810
0.836
0.755
0.816
0.822
0.866
0.862
0.940
0.809
0.846
0.882
0.948
0.846
0.881
0.950
0.948
0.951
0.807
0.897
0.825
0.778
0.794
0.795
0.793
0.827
0.839
0.841
0.934
0.916
0.942
0.902
0.907
0.850
0.920
0.862
0.949
0.864
0.964
0.933
0.958
0.936
0.886
0.927
0.949
0.974
0.987
0.978
0.990
0.970
0.990
0.987
0.978
0.985
0.985
0.962
0.938
0.951
0.975
0.985
0.982
0.971
0.910
0.952
0.969
0.976
0.923
0.971
0.907
0.876
0.872
0.900
0.924
0.852
0.861
0.925
0.951
0.911
0.918
0.879
0.948
0.910
0.902
0.928
0.853
0.905
0.835
0.873
0.870
0.861
0.924
0.968
0.952
0.937
0.978
0.978
0.964
0.940
0.942
0.951
0.973
0.983
0.984
0.969
0.971
0.965
0.958
0.947
0.970
0.914
0.908
0.940
0.913
0.893
0.895
0.892
0.903
0.900
0.927
0.981
0.986
0.952
0.988
0.955
0.941
0.970
0.988
0.978
0.952
0.962
0.929
0.943
0.968
0.975
0.941
0.967
0.991
0.979
0.958
0.951
0.957
0.926
0.916
0.897
0.894
0.963
0.900
0.889
0.888
0.853
0.805
0.761
0.810
0.856
0.874
0.837
0.817
0.828
0.817
0.808
0.846
0.812
0.774
0.781
0.794
0.809
0.823
0.782
0.830
0.943
0.934
0.918
0.813
0.845
0.830
0.797
0.799
0.852
0.895
0.885
0.862
0.754
0.762
0.832
0.929
0.959
0.962
0.839
0.932
0.965
0.740
0.913
0.905
0.874
0.881
0.957
0.877
0.856
0.759
0.820
0.885
0.950
0.834
0.949
0.939
0.942
0.955
0.873
0.952
0.924
0.901
0.940
0.892
0.924
0.926
0.886
0.776
0.713
0.775
0.848
0.861
0.834
0.790
0.792
0.767
0.856
0.926
0.944
0.957
0.912
0.954
0.954
0.903
0.854
0.843
0.950
0.968
0.898
0.747
0.830
0.941
0.783
0.855
0.839
0.962
0.955
0.912
0.958
0.951
0.949
0.966
0.970
0.953
0.906
0.750
0.828
0.863
0.778
0.834
0.799
0.802
0.815
0.732
0.712
0.736
0.785
0.851
0.888
0.831
0.839
0.802
0.778
0.764
0.791
0.704
0.588
0.626
0.617
0.637
0.688
0.658
0.631
0.637
0.652
0.646
0.652
0.641
0.661
0.606
0.636
0.684
0.690
0.643
0.643
0.691
0.725
0.663
0.627
0.642
0.713
0.645
0.600
0.632
0.794
0.769
0.725
0.668
0.650
0.731
0.724
0.759
0.754
0.760
0.733
0.678
0.694
0.697
0.740
0.846
0.883
0.792
0.827
0.866
0.755
0.720
0.791
0.820
0.761
0.738
0.684
0.768
0.797
0.812
0.830
0.834
0.870
0.755
0.775
0.781
0.799
0.837
0.789
0.762
0.805
0.742
0.764
0.780
0.773
0.771
0.776
0.784
0.812
0.914
0.887
0.777
0.788
0.784
0.766
0.728
0.680
0.670
0.750
0.783
0.785
0.833
0.843
0.940
0.917
0.875
0.813
0.890
0.764
0.789
0.772
0.689
0.631
0.722
0.755
0.850
0.857
0.865
0.835
0.857
0.889
0.900
0.862
0.711
0.784
0.888
0.924
0.859
0.800
0.842
0.875
0.920
0.813
0.869
0.846
0.720
0.736
0.711
0.758
0.830
0.807
0.869
0.915
0.951
0.898
0.908
0.908
0.925
0.958
0.971
0.880
0.938
0.965
0.907
0.956
0.914
0.776
0.748
0.870
0.962
0.967
0.893
0.891
0.860
0.836
0.874
0.877
0.925
0.885
0.969
0.853
0.847
0.829
0.809
0.784
0.805
0.902
0.936
0.864
0.901
0.953
0.934
0.846
0.790
0.921
0.960
0.968
0.925
0.933
0.933
0.958
0.936
0.969
0.943
0.912
0.889
0.865
0.890
0.876
0.859
0.785
0.778
0.786
0.756
0.796
0.764
0.819
0.861
0.825
0.785
0.832
0.856
0.869
0.967
0.919
0.859
0.770
0.817
0.799
0.851
0.867
0.894
0.847
0.843
0.838
0.868
0.767
0.837
0.878
0.806
0.836
0.950
0.882
0.979
0.911
0.856
0.859
0.796
0.808
0.828
0.894
0.867
0.844
0.909
0.881
0.824
0.854
0.975
0.910
0.910
0.984
0.980
0.924
0.959
0.781
0.809
0.876
0.894
0.852
0.932
0.968
0.935
0.965
0.953
0.928
0.974
0.957
0.972
0.987
0.969
0.949
0.942
0.967
0.975
0.983
0.939
0.914
0.958
0.963
0.928
0.886
0.836
0.850
0.903
0.893
0.896
0.945
0.955
0.925
0.939
0.914
0.960
0.889
0.822
0.736
0.685
0.779
0.909
0.793
0.837
0.774
0.780
0.856
0.810
0.859
0.833
0.851
0.888
0.960
0.955
0.948
0.949
0.952
0.968
0.953
0.965
0.918
0.816
0.787
0.725
0.795
0.833
0.859
0.897
0.940
0.918
0.963
0.954
0.918
0.951
0.823
0.881
0.888
0.912
0.868
0.861
0.906
0.791
0.809
0.844
0.811
0.907
0.836
0.880
0.768
0.789
0.850
0.850
0.921
0.878
0.887
0.789
0.835
0.712
0.700
0.845
0.865
0.790
0.763
0.876
0.803
0.819
0.828
0.901
0.946
0.963
-99.000
0.967
0.957
0.855
0.843
0.877
0.859
0.831
0.824
0.856
0.865
0.817
0.841
0.744
0.724
0.778
0.742
0.769
0.793
0.717
0.648
0.694
0.768
0.773
0.713
0.679
0.707
0.703
0.710
0.773
0.724
0.711
0.633
0.702
0.766
0.761
0.747
0.715
0.665
0.678
0.693
0.750
0.733
0.703
0.618
0.641
0.652
0.681
0.672
0.677
0.642
0.709
0.658
0.626
0.688
0.690
0.648
0.645
0.686
0.688
0.674
0.664
0.658
0.683
0.757
0.780
0.773
0.708
0.623
0.629
0.669
0.694
0.684
0.659
0.697
0.696
0.795
0.712
0.786
0.730
0.763
0.699
0.682
0.702
0.717
0.808
0.796
0.763
0.668
0.607
0.673
0.702
0.736
0.744
0.776
0.828
0.702
0.719
0.722
0.637
0.659
0.746
0.735
0.731
0.719
0.755
0.811
0.722
0.693
0.681
0.688
0.706
0.761
0.753
0.786
0.766
0.842
0.934
0.817
0.844
0.797
0.859
0.826
0.801
0.948
0.818
0.843
0.841
0.833
0.813
0.853
0.840
0.865
0.931
0.948
0.963
0.913
0.969
0.926
0.967
0.955
0.865
0.921
0.874
0.889
0.805
0.847
0.825
0.884
0.861
0.830
0.892
0.947
0.861
0.892
0.912
0.860
0.867
0.937
0.783
0.762
0.790
0.836
0.914
0.941
0.820
0.832
0.906
0.848
0.841
0.825
0.834
0.855
0.898
0.904
0.924
0.940
0.936
0.963
0.907
0.912
0.862
0.841
0.923
0.875
0.823
0.943
0.844
0.803
0.792
0.833
0.823
0.893
0.796
0.763
0.726
0.714
0.775
0.830
0.911
0.916
0.851
0.795
0.720
0.744
0.717
0.742
0.783
-99.000
-99.000
-99.000
-99.000
-99.000
-99.000
-99.000
-99.000
0.866
0.773
0.739
0.761
0.812
0.948
0.940
0.796
0.799
0.830
0.794
0.789
0.780
0.795
0.701
0.733
0.734
0.816
0.848
0.857
0.820
0.877
0.945
0.951
0.845
0.796
0.882
0.818
0.789
0.771
0.856
0.853
0.741
0.740
0.783
0.786
0.818
0.772
0.824
0.882
0.852
0.832
0.873
0.933
0.856
0.825
0.830
0.859
0.823
0.845
0.788
0.774
0.818
0.776
0.775
0.780
0.757
0.751
0.775
0.782
0.825
0.835
0.891
0.897
0.797
0.931
0.945
0.948
0.962
0.970
0.860
0.968
0.970
0.883
0.854
0.804
0.797
0.821
0.787
0.786
0.833
0.817
0.886
0.889
0.848
0.944
0.908
0.903
0.944
0.941
0.958
0.923
0.955
0.946
0.897
0.864
0.911
0.805
0.823
0.821
0.741
0.722
0.690
0.778
0.847
0.856
0.860
0.767
0.807
0.779
0.787
0.797
0.791
0.844
0.795
0.811
0.938
0.898
0.921
0.806
0.945
0.909
0.955
0.942
0.939
0.939
0.919
0.936
0.803
0.803
0.792
0.761
0.717
0.768
0.763
0.845
0.827
0.734
0.752
0.841
0.869
0.939
0.959
0.934
0.930
0.865
0.898
0.780
0.732
0.727
0.711
0.713
0.778
0.784
0.915
0.922
0.884
0.913
0.742
0.678
0.684
0.710
0.783
0.783
0.776
0.749
0.651
0.684
0.723
0.728
0.777
0.730
0.727
0.733
0.738
0.772
0.722
0.724
0.671
0.726
0.758
0.757
0.732
0.754
0.743
0.700
0.710
0.732
0.718
0.722
0.743
0.745
0.733
0.716
0.734
0.766
0.758
0.941
0.817
0.726
0.702
0.712
0.746
0.718
0.674
0.734
0.822
0.831
0.957
0.786
0.778
0.759
0.848
0.846
0.785
0.767
0.850
0.762
0.759
0.738
0.738
0.731
0.770
0.801
0.791
0.720
0.668
0.713
0.749
0.722
0.696
0.675
0.724
0.690
0.695
0.704
0.700
0.639
0.688
0.748
0.731
0.750
0.745
0.720
0.759
0.789
0.798
0.920
0.802
0.749
0.745
0.717
0.773
0.732
0.662
0.788
0.812
0.831
0.745
0.673
0.664
0.683
0.778
0.832
0.820
0.918
0.837
0.827
0.836
0.938
0.769
0.826
0.908
0.897
0.906
0.917
0.942
0.956
0.809
0.798
0.799
0.911
0.875
0.957
0.955
0.948
0.965
0.838
0.843
0.963
0.944
0.935
0.956
0.910
0.882
0.835
0.904
0.868
0.901
0.934
0.923
0.961
0.955
0.902
0.950
0.959
0.914
0.946
0.884
0.864
0.910
0.775
0.787
0.795
0.838
0.877
0.938
0.875
0.953
0.863
0.953
0.908
0.954
0.962
0.969
0.969
0.774
0.849
0.938
0.938
0.924
0.945
0.954
0.946
0.952
0.884
0.896
0.962
0.943
0.930
0.961
0.892
0.946
0.929
0.907
0.923
0.847
0.876
0.858
0.856
0.804
0.769
0.729
0.708
0.681
0.676
0.712
0.605
0.639
0.691
0.733
0.787
0.801
0.805
0.754
0.745
0.736
0.765
0.743
0.764
0.796
0.793
0.773
0.797
0.847
0.795
0.786
0.755
0.781
0.764
0.759
0.867
0.827
0.843
0.790
0.833
0.845
0.828
0.733
0.728
0.706
0.773
0.755
0.769
0.794
0.728
0.611
0.644
0.796
0.928
0.845
0.801
0.844
0.791
0.894
0.956
0.958
0.962
0.967
0.871
0.901
0.904
0.826
0.798
0.835
0.740
0.784
0.843
0.841
0.897
0.920
0.937
0.957
0.950
0.839
0.835
0.821
0.790
0.697
0.760
0.799
0.768
0.872
0.944
0.955
0.953
0.933
0.952
0.928
0.922
0.814
0.793
0.686
0.578
0.630
0.585
0.655
0.687
0.660
0.620
0.660
0.814
0.810
0.837
0.854
0.817
0.813
0.825
0.815
0.964
0.842
0.901
0.956
0.822
0.832
0.884
0.953
0.931
0.922
0.949
0.952
0.915
0.909
0.864
0.906
0.920
0.894
0.966
0.930
0.910
0.922
0.917
0.927
0.887
0.846
0.942
0.838
0.940
0.924
0.851
0.870
0.834
0.836
0.811
0.789
0.803
0.814
0.831
0.877
0.911
0.787
0.875
0.833
0.832
0.895
0.883
0.920
0.879
0.781
0.873
0.808
0.921
0.883
0.877
0.965
0.922
0.870
0.871
0.902
0.937
0.820
0.763
0.789
0.778
0.766
0.788
0.837
0.808
0.821
0.790
0.838
0.772
0.818
0.963
0.909
0.838
0.942
0.908
0.937
0.911
0.944
0.963
0.864
0.883
0.809
0.825
0.856
0.771
0.896
0.905
0.905
0.854
0.853
0.828
0.805
0.809
0.781
0.787
0.754
0.717
0.703
0.714
0.682
0.682
0.707
0.700
0.694
0.703
0.757
0.744
0.726
0.765
0.750
0.773
0.728
0.774
0.840
0.822
0.768
0.781
0.754
0.805
0.830
0.754
0.770
0.794
0.881
0.820
0.792
0.781
0.750
0.798
0.782
0.894
0.864
0.842
0.813
0.884
0.873
0.899
0.783
0.942
0.824
0.859
0.862
0.739
0.768
0.874
0.966
0.882
0.917
0.883
0.855
0.836
0.882
0.866
0.838
0.945
0.949
0.957
0.962
0.915
0.899
0.929
0.810
0.830
0.880
0.958
0.865
0.814
0.871
0.928
0.934
0.844
0.786
0.755
0.719
0.808
0.884
0.964
0.922
0.945
0.864
0.822
0.769
0.762
0.742
0.720
0.681
0.781
0.899
0.946
0.950
0.853
0.902
0.876
0.865
0.866
0.850
0.930
0.874
0.865
0.880
0.951
0.972
0.960
0.903
0.935
0.909
0.969
0.816
0.912
0.893
0.805
0.912
0.969
0.898
0.917
0.972
0.847
0.853
0.854
0.892
0.878
0.899
0.949
0.967
0.906
0.911
0.960
0.963
0.946
0.957
0.969
0.976
0.897
0.895
0.881
0.909
0.900
0.961
0.950
0.951
0.951
0.955
0.942
0.950
0.943
0.946
0.932
0.882
0.828
0.934
0.914
0.862
0.844
0.870
0.954
0.866
0.792
0.747
0.822
0.921
0.885
0.910
0.861
0.882
0.880
0.937
0.918
0.958
0.926
0.843
0.841
0.861
0.935
0.907
0.865
0.882
0.844
0.909
0.816
0.773
0.816
0.881
0.826
0.828
0.836
0.826
0.839
0.856
0.866
0.856
0.807
0.799
0.817
0.855
0.888
0.937
0.844
0.845
0.840
0.884
0.918
0.957
0.952
0.905
0.825
0.897
0.897
0.868
0.892
0.842
0.810
0.837
0.877
0.773
0.735
0.809
0.783
0.813
0.903
0.833
0.923
0.943
0.901
0.883
0.884
0.849
0.794
0.734
0.799
0.828
0.904
0.930
0.947
0.914
0.908
0.906
0.943
0.946
0.834
0.896
0.888
0.909
0.917
0.956
0.949
0.947
0.947
0.959
0.968
0.855
0.911
0.952
0.921
0.924
0.896
0.937
0.926
0.941
0.963
0.950
0.932
0.859
0.836
0.765
0.747
0.818
0.847
0.841
0.771
0.810
0.817
0.901
0.894
0.858
0.881
0.838
0.862
0.811
0.799
0.856
0.771
0.783
0.840
0.838
0.867
0.959
0.865
0.956
0.948
0.945
0.898
0.949
0.936
0.926
0.850
0.952
0.828
0.889
0.950
0.883
0.861
0.926
0.836
0.737
0.621
0.665
0.723
0.668
0.683
0.728
0.811
0.787
0.780
0.847
0.853
0.823
0.821
0.820
0.808
0.756
0.810
0.862
0.826
0.869
0.833
0.769
0.836
0.813
0.824
0.793
0.765
0.783
0.757
0.729
0.626
0.636
0.704
0.751
0.728
0.804
0.774
0.813
0.766
0.816
0.802
0.790
0.834
0.764
0.755
0.762
0.693
0.659
0.726
0.745
0.698
0.728
0.724
0.754
0.717
0.651
0.658
0.628
0.640
0.610
0.681
0.629
0.628
0.662
0.736
0.772
0.776
0.817
0.891
0.897
0.885
0.803
0.890
0.860
0.860
0.841
0.791
0.742
0.642
0.711
0.662
0.799
0.724
0.790
0.744
0.720
0.786
0.774
0.673
0.742
0.774
0.811
0.744
0.701
0.805
0.873
0.850
0.820
0.756
0.817
0.808
0.808
0.811
0.793
0.841
0.829
0.837
0.771
0.736
0.835
0.904
0.955
0.964
0.832
0.825
0.813
0.821
0.814
0.850
0.791
0.764
0.645
0.679
0.669
0.761
0.745
0.772
0.796
0.814
0.911
0.742
0.795
0.835
0.865
0.927
0.865
0.747
0.767
0.828
0.831
0.921
0.907
0.769
0.790
0.879
0.860
0.870
0.872
0.901
0.926
0.831
0.793
0.866
0.865
0.807
0.763
0.792
0.825
0.833
0.890
0.905
0.869
0.956
0.951
0.939
0.888
0.923
0.842
0.824
0.962
0.959
0.970
0.928
0.896
0.925
0.890
0.881
0.934
0.730
0.853
0.964
0.879
0.842
0.959
0.900
0.858
0.848
0.838
0.960
0.899
0.853
0.812
0.840
0.836
0.857
0.801
0.811
0.885
0.964
0.947
0.950
0.961
0.935
0.882
0.827
0.788
0.842
0.883
0.834
0.843
0.861
0.830
0.746
0.772
0.797
0.789
0.806
0.764
0.753
0.803
0.903
0.914
0.947
0.969
0.949
0.949
0.952
0.941
0.768
0.810
0.885
0.847
0.868
0.891
0.961
0.952
0.951
0.927
0.865
0.922
0.884
0.890
0.887
0.875
0.812
0.802
0.800
0.740
0.787
0.781
0.793
0.773
0.754
0.715
0.793
0.730
0.746
0.782
0.748
0.716
0.688
0.755
0.825
0.788
0.943
0.922
0.858
0.837
0.848
0.895
0.944
0.958
0.870
0.888
0.927
0.856
0.815
0.906
0.929
0.942
0.839
0.883
0.961
0.954
0.942
0.914
0.839
0.943
0.925
0.810
0.859
0.859
0.898
0.836
0.817
0.736
0.677
0.722
0.698
0.654
0.739
0.732
0.712
0.741
0.747
0.803
0.803
0.754
0.776
0.851
0.897
0.933
0.952
0.962
0.946
0.907
0.898
0.949
0.947
0.930
0.904
0.938
0.948
0.887
0.876
0.818
0.763
0.670
0.627
0.758
0.825
0.865
0.898
0.898
0.936
0.908
0.913
0.962
0.951
0.947
0.951
0.968
0.843
0.877
0.874
0.930
0.964
0.945
0.969
0.938
0.922
0.954
0.952
0.927
0.961
0.953
0.934
0.843
0.867
0.911
0.888
0.848
0.868
0.779
0.718
0.702
0.678
0.662
0.811
0.786
0.753
0.716
0.766
0.738
0.815
0.778
0.785
0.850
0.833
0.816
0.815
0.782
0.787
0.821
0.855
0.723
0.650
0.731
0.786
0.795
0.807
0.853
0.812
0.855
0.826
0.873
0.755
0.705
0.695
0.648
0.659
0.715
0.772
0.807
0.715
0.703
0.723
0.662
0.710
0.723
0.695
0.735
0.715
0.722
0.783
0.866
0.792
0.763
0.856
0.851
0.903
0.753
0.786
0.810
0.761
0.708
0.746
0.841
0.771
0.728
0.728
0.762
0.723
0.716
0.614
0.681
0.825
0.658
0.657
0.752
0.666
0.632
0.685
0.778
0.674
0.662
0.718
0.701
0.639
0.665
0.680
0.662
0.730
0.737
0.725
0.833
0.722
0.649
0.667
0.595
0.609
0.572
0.560
0.580
0.677
0.784
0.846
0.867
0.821
0.825
0.809
0.883
0.886
0.821
0.767
0.650
0.646
0.743
0.791
0.762
0.777
0.780
0.791
0.792
0.786
0.756
0.699
0.667
0.685
0.706
0.766
0.833
0.788
0.876
0.936
0.793
0.784
0.788
0.799
0.823
0.797
0.784
0.820
0.846
0.908
0.930
0.960
0.811
0.838
0.804
0.848
0.952
0.942
0.926
0.889
0.879
0.903
0.952
0.942
0.912
0.901
0.968
0.894
0.920
0.913
0.902
0.837
0.842
0.833
0.906
0.936
0.931
0.921
0.958
0.967
0.936
0.935
0.910
0.917
0.817
0.826
0.818
0.775
0.731
0.779
0.718
0.742
0.721
0.714
0.744
0.778
0.768
0.825
0.866
0.875
0.956
0.866
0.823
0.876
0.827
0.903
0.956
0.864
0.916
0.967
0.959
0.970
0.959
0.885
0.896
0.961
0.890
0.851
0.934
0.839
0.829
0.741
0.705
0.664
0.712
0.703
0.697
0.700
0.680
0.757
0.753
0.842
0.835
0.857
0.825
0.876
0.847
0.873
0.942
0.971
0.964
0.914
0.890
0.842
0.874
0.891
0.895
0.811
0.833
0.889
0.920
0.955
0.936
0.855
0.948
0.841
0.894
0.914
0.867
0.807
0.772
0.723
0.634
0.709
0.712
0.683
0.713
0.746
0.700
0.743
0.746
0.823
0.960
0.897
0.778
0.764
0.694
0.816
0.783
0.792
0.821
0.814
0.867
0.833
0.823
0.848
0.897
0.891
0.941
0.961
0.890
0.694
0.653
0.607
0.588
0.680
0.713
0.714
0.789
0.902
0.934
0.947
0.892
0.944
0.954
0.866
0.888
0.941
0.849
0.943
0.873
0.858
0.923
0.916
0.829
0.753
0.775
0.718
0.657
0.706
0.779
0.860
0.862
0.928
0.959
0.963
0.934
0.955
0.911
0.907
0.956
0.857
0.827
0.759
0.798
0.882
0.849
0.815
0.929
0.920
0.959
0.956
0.949
0.888
0.966
0.947
0.942
0.940
0.824
0.852
0.845
0.797
0.800
0.723
0.801
0.893
0.876
0.856
0.842
0.880
0.929
0.838
0.863
0.828
0.841
0.835
0.777
0.779
0.834
0.821
0.831
0.817
0.801
0.829
0.806
0.851
0.961
0.972
0.893
0.963
0.942
0.914
0.912
0.937
0.808
0.783
0.737
0.709
0.741
0.817
0.861
0.857
0.875
0.843
0.824
0.852
0.765
0.726
0.759
0.739
0.694
0.719
0.781
0.853
0.812
0.816
0.863
0.841
0.872
0.811
0.806
0.804
0.822
0.790
0.823
0.808
0.769
0.799
0.816
0.780
0.800
0.777
0.769
0.807
0.823
0.831
0.789
0.779
0.736
0.695
0.716
0.764
0.727
0.711
0.687
0.673
0.681
0.690
0.633
0.621
0.637
0.646
0.685
0.708
0.716
0.762
0.666
0.681
0.767
0.813
0.869
0.883
0.736
0.684
0.604
0.748
0.752
0.792
0.788
0.822
0.731
0.642
0.701
0.680
0.605
0.638
0.635
0.669
0.764
0.685
0.742
0.741
0.742
0.709
0.632
0.592
0.654
0.701
0.652
0.642
0.702
0.671
0.616
0.600
0.639
0.736
0.662
0.702
0.715
0.597
0.570
0.644
0.636
0.651
0.683
0.714
0.830
0.853
0.830
0.892
0.823
0.797
0.806
0.834
0.804
0.823
0.781
0.834
0.840
0.758
0.754
0.804
0.823
0.862
0.768
0.723
0.747
0.883
0.937
0.828
0.788
0.768
0.845
0.816
0.789
0.741
0.794
0.769
0.811
0.794
0.739
0.590
0.555
0.606
0.670
0.681
0.710
0.793
0.880
0.779
0.760
0.760
0.798
0.789
0.841
0.833
0.898
0.844
0.837
0.803
0.779
0.895
0.930
0.963
0.844
0.968
0.909
0.918
0.924
0.973
0.897
0.835
0.796
0.789
0.856
0.833
0.899
0.845
0.825
0.786
0.758
0.766
0.732
0.746
0.800
0.820
0.867
0.933
0.841
0.770
0.746
0.770
0.855
0.840
0.806
0.837
0.913
0.977
0.977
0.973
0.928
0.950
0.912
0.862
0.916
0.912
0.848
0.749
0.756
0.808
0.826
0.865
0.797
0.711
0.739
0.803
0.836
0.766
0.755
0.795
0.806
0.772
0.642
0.624
0.708
0.779
0.822
0.951
0.794
0.779
0.718
0.613
0.656
0.720
0.719
0.678
0.705
0.829
0.919
0.842
0.793
0.791
0.797
0.855
0.850
0.930
0.803
0.798
0.858
0.728
0.791
0.750
0.764
0.790
0.924
0.933
0.938
0.958
0.829
0.813
0.823
0.740
0.712
0.656
0.724
0.846
0.831
0.750
0.701
0.603
0.644
0.758
0.709
0.728
0.822
0.716
0.648
0.742
0.773
0.761
0.777
0.706
0.760
0.670
0.646
0.695
0.786
0.862
0.876
0.825
0.755
0.596
0.646
0.804
0.900
0.813
0.765
0.729
0.841
0.849
0.830
0.777
0.802
0.759
0.905
0.933
0.870
0.849
0.901
0.850
0.834
0.787
0.699
0.713
0.760
0.871
0.924
0.918
0.889
0.940
0.968
0.943
0.900
0.929
0.899
0.946
0.892
0.793
0.787
0.833
0.821
0.785
0.792
0.876
0.910
0.863
0.752
0.856
0.930
0.891
0.910
0.913
0.905
0.770
0.611
0.696
0.787
0.692
0.708
0.813
0.825
0.822
0.895
0.822
0.758
0.800
0.816
0.891
0.799
0.768
0.758
0.833
0.945
0.935
0.881
0.850
0.835
0.846
0.791
0.846
0.773
0.775
0.812
0.842
0.754
0.718
0.662
0.739
0.734
0.642
0.606
0.647
0.693
0.772
0.812
0.742
0.657
0.625
0.644
0.627
0.685
0.739
0.784
0.725
0.730
0.638
0.597
0.549
0.605
0.623
0.666
0.697
0.690
0.656
0.700
0.722
0.719
0.759
0.797
0.856
0.842
0.757
0.723
0.603
0.627
0.698
0.673
0.706
0.634
0.598
0.699
0.711
0.742
0.755
0.754
0.705
0.739
0.709
0.653
0.689
0.681
0.662
0.669
0.716
0.723
0.701
0.715
0.688
0.663
0.712
0.779
0.829
0.847
0.818
0.744
0.688
0.665
0.656
0.681
0.712
0.623
0.556
0.660
0.722
0.764
0.758
0.734
0.778
0.771
0.767
0.710
0.701
0.732
0.696
0.712
0.650
0.678
0.689
0.642
0.690
0.775
0.797
0.798
0.811
0.825
0.851
0.719
0.677
0.783
0.864
0.832
0.906
0.881
0.785
0.766
0.729
0.641
0.692
0.753
0.781
0.756
0.735
0.805
0.872
0.797
0.822
0.834
0.726
0.781
0.797
0.672
0.554
0.579
0.677
0.761
0.739
0.759
0.762
0.681
0.752
0.826
0.825
0.738
0.717
0.784
0.822
0.879
0.767
0.779
0.738
0.779
0.843
0.883
0.843
0.894
0.950
0.968
0.906
0.802
0.803
0.950
0.922
0.861
0.865
0.865
0.966
0.936
0.968
0.929
0.890
0.861
0.917
0.923
0.932
0.974
0.917
0.911
0.914
0.918
0.973
0.951
0.930
0.951
0.909
0.913
0.882
0.906
0.888
0.955
0.961
0.971
0.924
0.841
0.800
0.937
0.905
0.813
0.821
0.756
0.794
0.800
0.777
0.709
0.682
0.711
0.740
0.848
0.845
0.902
0.746
0.735
0.688
0.705
0.698
0.748
0.887
0.894
0.946
0.933
0.891
0.852
0.807
0.808
0.810
0.928
0.832
0.945
0.940
0.890
0.894
0.841
0.765
0.760
0.724
0.710
0.707
0.730
0.816
0.780
0.819
0.889
0.894
0.956
0.881
0.853
0.852
0.851
0.827
0.774
0.771
0.790
0.868
0.899
0.864
0.795
0.794
0.781
0.807
0.801
0.885
0.863
0.803
0.637
0.645
0.785
0.849
0.938
0.847
0.840
0.904
0.840
0.842
0.885
0.846
0.862
0.796
0.782
0.838
0.836
0.747
0.704
0.635
0.668
0.745
0.803
0.830
0.952
0.849
0.907
0.946
0.902
0.846
0.902
0.932
0.938
0.944
0.944
0.921
0.907
0.894
0.882
0.890
0.919
0.903
0.937
0.912
0.937
0.946
0.913
0.902
0.847
0.934
0.947
0.891
0.965
0.831
0.892
0.953
0.951
0.939
0.854
0.771
0.736
0.752
0.822
0.849
0.898
0.924
0.821
0.773
0.854
0.796
0.923
0.886
0.948
0.874
0.810
0.798
0.874
0.827
0.884
0.945
0.949
0.960
0.941
0.754
0.779
0.773
0.792
0.816
0.883
0.900
0.876
0.913
0.895
0.957
0.875
0.913
0.925
0.934
0.824
0.676
0.631
0.652
0.692
0.627
0.672
0.670
0.659
0.650
0.661
0.712
0.701
0.707
0.761
0.707
0.668
0.652
0.670
0.683
0.743
0.775
0.838
0.773
0.707
0.671
0.788
0.811
0.776
0.700
0.726
0.777
0.900
0.900
0.774
0.765
0.693
0.604
0.689
0.750
0.752
0.790
0.728
0.656
0.675
0.738
0.737
0.669
0.579
0.650
0.692
0.679
0.702
0.700
0.751
0.740
0.709
0.713
0.710
0.672
0.640
0.662
0.620
0.659
0.652
0.600
0.640
0.618
0.668
0.782
0.771
0.753
0.726
0.631
0.690
0.697
0.676
0.735
0.764
0.761
0.663
0.608
0.567
0.620
0.653
0.681
0.714
0.673
0.816
0.800
0.749
0.756
0.823
0.768
0.700
0.758
0.752
0.825
0.770
0.792
0.795
0.815
0.729
0.768
0.841
0.806
0.889
0.800
0.813
0.807
0.803
0.717
0.744
0.713
0.744
0.818
0.867
0.673
0.637
0.682
0.746
0.930
0.852
0.768
0.764
0.811
0.740
0.667
0.663
0.724
0.780
0.803
0.772
0.727
0.629
0.653
0.780
0.767
0.861
0.909
0.943
0.892
0.814
0.840
0.717
0.803
0.807
0.760
0.705
0.745
0.796
0.832
0.862
0.945
0.868
0.896
0.830
0.815
0.863
0.950
0.917
0.819
0.766
0.899
0.895
0.927
0.954
0.920
0.962
0.924
0.873
0.948
0.938
0.923
0.958
0.868
0.967
0.902
0.959
0.962
0.965
0.968
0.969
0.889
0.956
0.959
0.936
0.919
0.902
0.864
0.788
0.725
0.770
0.865
0.889
0.939
0.915
0.943
0.957
0.963
0.942
0.864
0.831
0.821
0.774
0.774
0.845
0.780
0.840
0.826
0.758
0.780
0.763
0.729
0.707
0.748
0.763
0.842
0.955
0.871
0.784
0.864
0.968
0.927
0.854
0.865
0.807
0.714
0.839
0.902
0.915
0.872
0.924
0.924
0.827
0.870
0.868
0.791
0.782
0.712
0.694
0.790
0.874
0.892
0.929
0.934
0.910
0.924
0.909
0.787
0.860
0.963
0.872
0.855
0.849
0.866
0.834
0.806
0.861
0.951
0.863
0.920
0.832
0.797
0.752
0.760
0.871
0.931
0.967
0.935
0.896
0.949
0.960
0.955
0.909
0.898
0.945
0.943
0.951
0.908
0.877
0.882
0.813
0.811
0.884
0.955
0.955
0.962
0.952
0.967
0.946
0.846
0.844
0.885
0.879
0.885
0.938
0.898
0.838
0.781
0.811
0.948
0.960
0.932
0.947
0.957
0.941
0.894
0.922
0.937
0.949
0.918
0.899
0.953
0.893
0.847
0.900
0.934
0.945
0.815
0.716
0.841
0.925
0.936
0.839
0.806
0.734
0.763
0.780
0.794
0.830
0.939
0.924
0.962
0.938
0.950
0.863
0.847
0.775
0.783
0.755
0.791
0.822
0.847
0.829
0.836
0.803
0.769
0.809
0.762
0.777
0.881
0.893
0.870
0.887
0.858
0.828
0.791
0.898
0.931
0.971
0.863
0.869
0.940
0.828
0.785
0.763
0.796
0.781
0.769
0.823
0.863
0.803
0.733
0.677
0.721
0.746
0.759
0.689
0.753
0.748
0.715
0.716
0.752
0.698
0.766
0.813
0.734
0.747
0.755
0.831
0.792
0.757
0.746
0.790
0.757
0.719
0.724
0.747
0.728
0.743
0.843
0.829
0.696
0.693
0.700
0.621
0.592
0.613
0.616
0.633
0.619
0.708
0.674
0.687
0.725
0.747
0.788
0.728
0.603
0.669
0.688
0.684
0.769
0.649
0.692
0.673
0.738
0.669
0.613
0.682
0.664
0.730
0.804
0.779
0.859
0.808
0.711
0.668
0.690
0.727
0.702
0.782
0.678
0.747
0.809
0.744
0.653
0.689
0.785
0.802
0.744
0.629
0.606
0.677
0.693
0.745
0.732
0.743
0.765
0.754
0.695
0.715
0.726
0.739
0.715
0.758
0.702
0.684
0.715
0.699
0.692
0.654
0.718
0.718
0.629
0.674
0.752
0.783
0.801
0.851
0.962
0.901
0.899
0.775
0.775
0.833
0.918
0.871
0.808
0.804
0.800
0.779
0.814
0.810
0.785
0.913
0.905
0.858
0.804
0.840
0.791
0.836
0.852
0.845
0.962
0.957
0.929
0.871
0.945
0.889
0.889
0.921
0.864
0.890
0.862
0.885
0.786
0.771
0.803
0.763
0.769
0.935
0.944
0.962
0.866
0.848
0.824
0.814
0.863
0.803
0.837
0.834
0.820
0.840
0.855
0.902
0.871
0.920
0.966
0.940
0.830
0.957
0.947
0.970
0.952
0.963
0.811
0.866
0.928
0.961
0.954
0.886
0.873
0.883
0.814
0.754
0.786
0.775
0.757
0.752
0.830
0.846
0.813
0.807
0.735
0.753
0.738
0.771
0.840
0.932
0.900
0.963
0.882
0.893
0.885
0.961
0.828
0.765
0.729
0.790
0.766
0.722
0.743
0.801
0.806
0.725
0.827
0.793
0.808
0.880
0.857
0.910
0.757
0.727
0.760
0.715
0.664
0.679
0.779
0.752
0.785
0.762
0.715
0.671
0.675
0.673
0.672
0.734
0.735
0.876
0.783
0.738
0.751
0.824
0.834
0.882
0.823
0.812
0.811
0.711
0.701
0.683
0.697
0.665
0.609
0.635
0.694
0.694
0.769
0.933
0.954
0.959
0.939
0.898
0.954
0.897
0.886
0.901
0.815
0.806
0.785
0.828
0.822
0.886
0.876
0.938
0.952
0.962
0.943
0.958
0.784
0.789
0.818
0.942
0.843
0.868
0.955
0.962
0.942
0.958
0.961
0.947
0.793
0.830
0.879
0.941
0.952
0.944
0.932
0.915
0.894
0.868
0.829
0.852
0.877
0.940
0.939
0.932
0.924
0.893
0.867
0.918
0.936
0.878
0.936
0.945
0.918
0.912
0.960
0.958
0.943
0.812
0.881
0.822
0.758
0.913
0.906
0.968
0.931
0.896
0.942
0.783
0.826
0.927
0.968
0.936
0.950
0.908
0.785
0.828
0.830
0.868
0.818
0.789
0.895
0.862
0.831
0.917
0.849
0.892
0.860
0.900
0.892
0.899
0.872
0.934
0.829
0.893
0.813
0.816
0.788
0.840
0.839
0.808
0.938
0.969
0.895
0.893
0.770
0.766
0.732
0.738
0.849
0.819
0.877
0.897
0.842
0.809
0.764
0.786
0.802
0.781
0.848
0.824
0.826
0.725
0.718
0.746
0.737
0.780
0.787
0.773
0.763
0.765
0.792
0.806
0.710
0.667
0.660
0.716
0.749
0.731
0.704
0.704
0.791
0.821
0.754
0.808
0.855
0.784
0.833
0.801
0.887
0.865
0.848
0.959
0.951
0.896
0.935
0.835
0.810
0.822
0.845
0.909
0.910
0.834
0.729
0.624
0.633
0.712
0.909
0.946
0.816
0.794
0.766
0.800
0.859
0.849
0.857
0.800
0.784
0.752
0.808
0.851
0.814
0.906
0.840
0.817
0.816
0.758
0.722
0.624
0.618
0.560
0.621
0.672
0.675
0.727
0.752
0.789
0.849
0.823
0.835
0.811
0.825
0.784
0.797
0.851
0.790
0.730
0.802
0.740
0.833
0.850
0.801
0.742
0.757
0.757
0.785
0.858
0.885
0.777
0.823
0.782
0.727
0.682
0.802
0.828
0.884
0.961
0.943
0.935
0.959
0.862
0.966
0.895
0.820
0.824
0.949
0.849
0.925
0.924
0.816
0.814
0.794
0.829
0.863
0.819
0.891
0.780
0.765
0.813
0.857
0.850
0.810
0.950
0.917
0.855
0.848
0.837
0.923
0.908
0.917
0.918
0.965
0.967
0.955
0.829
0.884
0.951
0.900
0.929
0.888
0.967
0.976
0.826
0.949
0.890
0.951
0.908
0.817
0.806
0.838
0.954
0.915
0.891
0.972
0.971
0.951
0.917
0.933
0.842
0.941
0.972
0.930
0.972
0.963
0.963
0.908
0.917
0.896
0.876
0.852
0.877
0.861
0.907
0.921
0.937
0.919
0.898
0.859
0.843
0.849
0.824
0.786
0.836
0.818
0.879
0.836
0.836
0.786
0.868
0.920
0.815
0.757
0.829
0.956
0.902
0.858
0.966
0.971
0.955
0.924
0.955
0.951
0.947
0.964
0.967
0.963
0.837
0.815
0.879
0.893
0.884
0.931
0.968
0.915
0.956
0.937
0.938
0.954
0.944
0.944
0.933
0.916
0.897
0.812
0.865
0.865
0.856
0.908
0.904
0.901
0.962
0.964
0.829
0.954
0.941
0.957
0.809
0.788
0.879
0.952
0.951
0.941
0.946
0.876
0.947
0.969
0.965
0.951
0.967
0.923
0.960
0.923
0.952
0.901
0.955
0.958
0.953
0.952
0.836
0.797
0.806
0.881
0.889
0.876
0.853
0.913
0.866
0.909
0.906
0.924
0.942
0.886
0.866
0.819
0.935
0.918
0.844
0.919
0.889
0.847
0.867
0.917
0.937
0.933
0.956
0.918
0.909
0.850
0.884
0.878
0.937
0.919
0.953
0.842
0.936
0.899
0.916
0.842
0.801
0.800
0.807
0.805
0.821
0.898
0.790
0.870
0.813
0.904
0.833
0.951
0.856
0.808
0.807
0.944
0.847
0.866
0.924
0.957
0.900
0.949
0.940
0.934
0.897
0.867
0.951
0.784
0.848
0.812
0.802
0.807
0.903
0.891
0.901
0.866
0.805
0.868
0.860
0.839
0.796
0.787
0.720
0.717
0.698
0.766
0.752
0.830
0.831
0.844
0.786
0.835
0.938
0.801
0.769
0.759
0.763
0.681
0.714
0.863
0.838
0.889
0.931
0.924
0.814
0.788
0.786
0.823
0.762
0.746
0.766
0.841
0.912
0.897
0.840
0.807
0.808
0.836
0.737
0.723
0.797
0.747
0.662
0.634
0.716
0.693
0.682
0.708
0.746
0.871
0.950
0.816
0.773
0.669
0.751
0.762
0.711
0.718
0.762
0.789
0.726
0.747
0.733
0.715
0.820
0.746
0.721
0.629
0.659
0.704
0.682
0.711
0.775
0.799
0.891
0.718
0.759
0.762
0.813
0.823
0.880
0.904
0.919
0.854
0.738
0.812
0.866
0.894
0.812
0.858
0.848
0.863
0.817
0.817
0.854
0.855
0.767
0.726
0.714
0.667
0.723
0.752
0.710
0.650
0.722
0.811
0.805
0.733
0.672
0.699
0.787
0.784
0.733
0.759
0.820
0.790
0.727
0.679
0.751
0.784
0.871
0.931
0.907
0.942
0.877
0.939
0.916
0.951
0.939
0.930
0.906
0.903
0.922
0.945
0.927
0.970
0.920
0.869
0.872
0.765
0.794
0.855
0.828
0.835
0.916
0.811
0.778
0.855
0.854
0.865
0.756
0.771
0.680
0.686
0.801
0.893
0.924
0.787
0.811
0.785
0.828
0.959
0.953
0.951
0.956
0.852
0.768
0.708
0.766
0.730
0.730
0.811
0.857
0.919
0.909
0.935
0.917
0.946
0.904
0.871
0.902
0.896
0.892
0.898
0.865
0.817
0.885
0.906
0.888
0.831
0.833
0.825
0.815
0.807
0.736
0.696
0.701
0.710
0.801
0.774
0.717
0.737
0.710
0.738
0.758
0.873
0.817
0.883
0.903
0.937
0.961
0.944
0.935
0.813
0.922
0.847
0.864
0.816
0.914
0.921
0.923
0.881
0.771
0.847
0.899
0.888
0.948
0.879
0.854
0.922
0.935
0.956
0.954
0.885
0.947
0.973
0.923
0.885
0.928
0.891
0.943
0.916
0.887
0.950
0.958
0.954
0.957
0.964
0.956
0.871
0.851
0.847
0.877
0.843
0.827
0.881
0.858
0.843
0.764
0.697
0.703
0.751
0.690
0.712
0.698
0.695
0.725
0.752
0.839
0.942
0.847
0.751
0.685
0.623
0.619
0.590
0.583
0.606
0.600
0.649
0.726
0.730
0.778
0.855
0.894
0.917
0.956
0.914
0.952
0.887
0.957
0.925
0.878
0.953
0.935
0.919
0.933
0.923
0.948
0.939
0.827
0.792
0.781
0.788
0.808
0.797
0.772
0.762
0.745
0.794
0.827
0.793
0.832
0.878
0.870
0.817
0.873
0.957
0.944
0.892
0.890
0.946
0.951
0.941
0.948
0.922
0.922
0.800
0.740
0.752
0.746
0.695
0.700
0.706
0.796
0.729
0.667
0.721
0.830
0.788
0.817
0.815
0.827
0.829
0.791
0.777
0.765
0.729
0.701
0.773
0.800
0.794
0.795
0.848
0.876
0.917
0.818
0.827
0.813
0.771
0.823
0.866
0.750
0.917
0.878
0.903
0.943
0.901
0.969
0.889
0.890
0.886
0.951
0.771
0.812
0.844
0.768
0.715
0.689
0.724
0.742
0.722
0.728
0.745
0.804
0.826
0.907
0.757
0.687
0.626
0.689
0.642
0.539
0.596
0.624
0.692
0.652
0.707
0.724
0.611
0.587
0.710
0.668
0.717
0.707
0.706
0.687
0.704
0.664
0.632
0.663
0.641
0.573
0.600
0.676
0.716
0.763
0.817
0.765
0.774
0.729
0.658
0.646
0.629
0.588
0.586
0.603
0.600
0.631
0.630
0.668
0.633
0.658
0.713
0.691
0.605
0.573
0.632
0.705
0.755
0.705
0.600
0.662
0.692
0.731
0.780
0.773
0.772
0.652
0.602
0.654
0.758
0.760
0.716
0.689
0.695
0.832
0.855
0.945
0.959
0.935
0.833
0.693
0.713
0.777
0.687
0.618
0.617
0.672
0.684
0.785
0.878
0.838
0.838
0.880
0.919
0.888
0.786
0.860
0.699
0.789
0.813
0.814
0.839
0.847
0.750
0.819
0.720
0.698
0.750
0.868
0.946
0.919
0.860
0.882
0.906
0.833
0.864
0.964
0.899
0.890
0.897
0.945
0.903
0.895
0.830
0.888
0.875
0.920
0.886
0.889
0.931
0.826
0.813
0.759
0.753
0.748
0.771
0.768
0.742
0.796
0.821
0.840
0.890
0.964
0.908
0.960
0.963
0.891
0.921
0.949
0.967
0.926
0.964
0.875
0.928
0.915
0.958
0.962
0.911
0.966
0.968
0.944
0.959
0.932
0.885
0.775
0.794
0.772
0.725
0.725
0.713
0.762
0.763
0.727
0.780
0.868
0.966
0.810
0.812
0.857
0.829
0.791
0.805
0.738
0.655
0.640
0.684
0.663
0.682
0.718
0.736
0.722
0.630
0.656
0.592
0.577
0.613
0.703
0.810
0.844
0.865
0.797
0.719
0.722
0.697
0.781
0.785
0.763
0.830
0.840
0.802
0.748
0.715
0.746
0.712
0.755
0.752
0.723
0.687
0.716
0.798
0.723
0.679
0.723
0.717
0.626
0.690
0.780
0.875
0.775
0.876
0.911
0.821
0.810
0.854
0.923
0.924
0.923
0.798
0.654
0.674
0.700
0.733
0.769
0.787
0.802
0.778
0.796
0.775
0.794
0.857
0.901
0.835
0.816
0.820
0.787
0.703
0.757
0.818
0.825
0.898
0.950
0.823
0.795
0.748
0.839
0.843
0.899
0.836
0.798
0.795
0.805
0.902
0.938
0.936
0.868
0.874
0.863
0.912
0.936
0.882
0.963
0.944
0.909
0.958
0.932
0.950
0.956
0.906
0.939
0.906
0.899
0.845
0.931
0.940
0.957
0.941
0.932
0.957
0.969
0.920
0.966
0.959
0.950
0.945
0.873
0.940
0.914
0.877
0.938
0.935
0.910
0.916
0.908
0.858
0.930
0.943
0.962
0.884
0.908
0.949
0.950
0.849
0.891
0.948
0.807
0.768
0.797
0.796
0.814
0.723
0.666
0.774
0.812
0.767
0.824
0.808
0.899
0.883
0.923
0.946
0.951
0.958
0.905
0.944
0.816
0.823
0.831
0.847
0.772
0.766
0.767
0.777
0.720
0.681
0.741
0.716
0.764
0.801
0.784
0.704
0.681
0.775
0.737
0.783
0.810
0.789
0.775
0.770
0.764
0.757
0.764
0.712
0.586
0.571
0.693
0.768
0.866
0.805
0.806
0.781
0.877
0.840
0.775
0.779
0.778
0.678
0.684
0.732
0.771
0.794
0.824
0.766
0.724
0.732
0.772
0.868
0.803
0.802
0.809
0.819
0.803
0.772
0.775
0.781
0.707
0.711
0.692
0.702
0.798
0.938
0.926
0.786
0.760
0.845
0.760
0.714
0.741
0.815
0.832
0.757
0.761
0.769
0.844
0.877
0.921
0.749
0.723
0.746
0.848
0.880
0.750
0.702
0.726
0.819
0.777
0.790
0.763
0.808
0.794
0.744
0.733
0.800
0.902
0.812
0.782
0.794
0.944
0.936
0.806
0.877
0.765
0.776
0.827
0.783
0.756
0.816
0.830
0.914
0.830
0.791
0.789
0.804
0.881
0.787
0.748
0.682
0.796
0.824
0.869
0.903
0.927
0.903
0.803
0.793
0.674
0.684
0.717
0.815
0.916
0.790
0.801
0.865
0.865
0.937
0.907
0.903
0.880
0.938
0.883
0.924
0.934
0.887
0.955
0.912
0.820
0.876
0.869
0.911
0.902
0.961
0.948
0.942
0.922
0.958
0.963
0.875
0.903
0.955
0.942
0.902
0.885
0.912
0.861
0.781
0.861
0.961
0.940
0.971
0.902
0.943
0.902
0.900
0.950
0.892
0.930
0.897
0.963
0.885
0.876
0.945
0.966
0.976
0.946
0.842
0.783
0.956
0.964
0.963
0.879
0.848
0.860
0.810
0.846
0.967
0.819
0.858
0.957
0.933
0.886
0.789
0.854
0.836
0.914
0.882
0.966
0.938
0.884
0.901
0.923
0.950
0.964
0.969
0.948
0.862
0.883
0.832
0.952
0.965
0.963
0.872
0.889
0.917
0.966
0.878
0.863
0.947
0.939
0.844
0.823
0.836
0.895
0.895
0.946
0.923
0.921
0.807
0.834
0.930
0.902
0.905
0.941
0.925
0.928
0.944
0.896
0.788
0.753
0.843
0.845
0.949
0.902
0.957
0.881
0.924
0.956
0.919
0.965
0.939
0.935
0.952
0.959
0.958
0.938
0.944
0.921
0.953
0.938
0.941
0.849
0.923
0.890
0.872
0.880
0.887
0.915
0.789
0.797
0.790
0.816
0.861
0.934
0.941
0.926
0.939
0.943
0.954
0.908
0.905
0.923
0.822
0.825
0.757
0.815
0.891
0.935
0.960
0.903
0.932
0.945
0.905
0.950
0.942
0.949
0.949
0.956
0.923
0.921
0.867
0.839
0.871
0.865
0.903
0.747
0.669
0.618
0.677
0.735
0.699
0.766
0.777
0.822
0.923
0.917
0.960
0.899
0.919
0.949
0.940
0.864
0.920
0.941
0.950
0.935
0.940
0.908
0.934
0.952
0.956
0.945
0.920
0.877
0.796
0.755
0.766
0.730
0.756
0.813
0.818
0.768
0.735
0.718
0.710
0.760
0.791
0.755
0.766
0.787
0.861
0.823
0.775
0.740
0.918
0.862
0.861
0.840
0.888
0.853
0.853
0.828
0.851
0.950
0.841
0.856
0.917
0.947
0.882
0.928
0.797
0.827
0.776
0.796
0.799
0.830
0.801
0.873
0.846
0.854
0.738
0.802
0.789
0.807
0.787
0.803
0.719
0.795
0.752
0.745
0.663
0.631
0.716
0.663
0.615
0.635
0.674
0.624
0.620
0.660
0.698
0.680
0.688
0.771
0.706
0.680
0.691
0.730
0.694
0.609
0.655
0.683
0.755
0.757
0.813
0.743
0.683
0.799
0.841
0.783
0.783
0.706
0.720
0.715
0.752
0.790
0.674
0.652
0.745
0.743
0.745
0.770
0.816
0.872
0.804
0.919
0.828
0.834
0.888
0.766
0.727
0.672
0.690
0.770
0.888
0.776
0.793
0.817
0.805
0.844
0.832
0.905
0.915
0.814
0.965
0.954
0.929
0.934
0.846
0.807
0.734
0.705
0.703
0.732
0.789
0.966
0.810
0.920
0.927
0.935
0.906
0.887
0.863
0.820
0.868
0.866
0.874
0.806
0.926
0.864
0.797
0.780
0.838
0.857
0.823
0.755
0.672
0.727
0.866
0.942
0.893
0.807
0.817
0.859
0.848
0.851
0.876
0.865
0.838
0.946
0.953
0.945
0.936
0.815
0.848
0.927
0.965
0.939
0.935
0.865
0.912
0.896
0.941
0.875
0.869
0.851
0.866
0.837
0.880
0.854
0.907
0.969
0.966
0.952
0.921
0.891
0.938
0.968
0.964
0.917
0.856
0.827
0.844
0.928
0.946
0.933
0.956
0.944
0.972
0.927
0.944
0.853
0.853
0.837
0.874
0.949
0.955
0.922
0.971
0.958
0.953
0.957
0.918
0.910
0.884
0.886
0.926
0.848
0.964
0.910
0.945
0.901
0.844
0.821
0.799
0.945
0.910
0.878
0.878
0.892
0.974
0.959
0.931
0.946
0.848
0.878
0.847
0.800
0.760
0.724
0.785
0.931
0.826
0.772
0.805
0.831
0.761
0.737
0.820
0.824
0.931
0.856
0.901
0.884
0.929
0.868
0.910
0.835
0.857
0.830
0.932
0.782
0.721
0.771
0.813
0.845
0.863
0.823
0.783
0.767
0.761
0.787
0.831
0.786
0.838
0.850
0.920
0.923
0.941
0.907
0.912
0.942
0.971
0.954
0.875
0.871
0.847
0.887
0.856
0.873
0.880
0.912
0.885
0.867
0.841
0.800
0.915
0.920
0.850
0.855
0.796
0.866
0.855
0.866
0.872
0.865
0.914
0.959
0.959
0.960
0.959
0.956
0.896
0.872
0.874
0.889
0.852
0.765
0.831
0.947
0.934
0.905
0.845
0.843
0.765
0.749
0.885
0.945
0.934
0.928
0.919
0.940
0.890
0.878
0.906
0.888
0.806
0.858
0.937
0.862
0.870
0.930
0.834
0.763
0.794
0.858
0.868
0.891
0.887
0.908
0.910
0.950
0.929
0.858
0.896
0.801
0.836
0.818
0.828
0.905
0.895
0.882
0.837
0.814
0.926
0.901
0.905
0.807
0.792
0.753
0.748
0.703
0.771
0.805
0.812
0.905
0.923
0.865
0.823
0.739
0.766
0.753
0.817
0.769
0.806
0.768
0.722
0.710
0.718
0.769
0.766
0.817
0.808
0.810
0.810
0.836
0.735
0.708
0.741
0.866
0.896
0.813
0.746
0.685
0.690
0.705
0.645
0.685
0.716
0.708
0.717
0.788
0.776
0.691
0.685
0.635
0.699
0.660
0.604
0.684
0.783
0.716
0.672
0.677
0.914
0.810
0.758
0.795
0.793
0.680
0.593
0.721
0.737
0.748
0.772
0.790
0.730
0.661
0.710
0.757
0.765
0.786
0.794
0.735
0.762
0.764
0.727
0.653
0.617
0.594
0.575
0.605
0.610
0.677
0.699
0.654
0.560
0.579
0.555
0.676
0.696
0.711
0.736
0.656
0.570
0.690
0.773
0.665
0.759
0.755
0.797
0.807
0.786
0.810
0.829
0.804
0.800
0.808
0.883
0.808
0.727
0.703
0.712
0.677
0.626
0.695
0.644
0.639
0.730
0.759
0.755
0.857
0.866
0.786
0.722
0.805
0.833
0.828
0.865
0.799
0.776
0.768
0.781
0.742
0.644
0.672
0.766
0.699
0.615
0.624
0.710
0.760
0.701
0.697
0.648
0.640
0.662
0.728
0.795
0.812
0.819
0.888
0.928
0.928
0.894
0.824
0.790
0.817
0.810
0.871
0.926
0.951
0.871
0.962
0.907
0.894
0.855
0.870
0.905
0.919
0.927
0.911
0.953
0.870
0.931
0.840
0.849
0.929
0.863
0.849
0.804
0.730
0.723
0.727
0.748
0.702
0.795
0.754
0.720
0.691
0.696
0.718
0.750
0.769
0.772
0.747
0.749
0.744
0.703
0.748
0.780
0.760
0.767
0.805
0.774
0.779
0.826
0.887
0.806
0.780
0.659
0.634
0.621
0.646
0.762
0.730
0.766
0.779
0.798
0.779
0.728
0.641
0.652
0.751
0.734
0.796
0.852
0.730
0.729
0.821
0.827
0.853
0.870
0.813
0.784
0.802
0.782
0.876
0.870
0.843
0.904
0.827
0.911
0.918
0.816
0.769
0.719
0.658
0.645
0.614
0.650
0.698
0.618
0.690
0.742
0.705
0.590
0.606
0.628
0.685
0.738
0.659
0.575
0.485
0.499
0.623
0.649
0.613
0.625
0.751
0.792
0.874
0.939
0.928
0.904
0.910
0.859
0.960
0.942
0.932
0.926
0.831
0.824
0.920
0.943
0.957
0.908
0.859
0.901
0.939
0.936
0.876
0.743
0.851
0.830
0.834
0.774
0.934
0.973
0.950
0.945
0.928
0.890
0.927
0.958
0.791
0.852
0.809
0.825
0.777
0.796
0.798
0.768
0.723
0.744
0.852
0.781
0.763
0.817
0.826
0.837
0.786
0.827
0.811
0.816
0.913
0.843
0.799
0.817
0.787
0.831
0.752
0.825
0.927
0.896
0.759
0.701
0.796
0.735
0.796
0.806
0.798
0.737
0.815
0.803
0.825
0.791
0.884
0.896
0.952
0.906
0.776
0.781
0.775
0.860
0.901
0.938
0.794
0.794
0.810
0.808
0.881
0.906
0.907
0.862
0.828
0.883
0.905
0.925
0.807
0.788
0.804
0.814
0.842
0.824
0.764
0.774
0.811
0.762
0.704
0.756
0.724
0.659
0.756
0.852
0.749
0.704
0.779
0.749
0.639
0.726
0.771
0.779
0.654
0.659
0.694
0.589
0.533
0.629
0.688
0.706
0.708
0.615
0.586
0.581
0.550
0.668
0.707
0.722
0.795
0.822
0.805
0.815
0.785
0.709
0.738
0.804
0.745
0.779
0.709
0.784
0.791
0.788
0.771
0.731
0.655
0.686
0.780
0.709
0.689
0.663
0.797
0.700
0.657
0.749
0.728
0.724
0.775
0.713
0.679
0.724
0.591
0.500
0.585
0.575
0.658
0.758
0.738
0.659
0.614
0.676
0.627
0.579
0.567
0.631
0.672
0.710
0.784
0.733
0.689
0.602
0.602
0.564
0.574
0.693
0.776
0.727
0.761
0.748
0.678
0.667
0.849
0.859
0.825
0.905
0.945
0.863
0.945
0.800
0.664
0.619
0.814
0.828
0.840
0.786
0.793
0.759
0.820
0.843
0.797
0.858
0.832
0.769
0.761
0.778
0.718
0.685
0.652
0.748
0.737
0.723
0.729
0.719
0.806
0.754
0.705
0.738
0.775
0.817
0.878
0.968
0.925
0.892
0.830
0.866
0.923
0.906
0.765
0.702
0.736
0.953
0.889
0.951
0.957
0.947
0.969
0.962
0.851
0.861
0.815
0.843
0.806
0.738
0.831
0.936
0.887
0.909
0.903
0.960
0.953
0.861
0.797
0.855
0.826
0.928
0.939
0.846
0.784
0.868
0.957
0.971
0.949
0.899
0.937
0.907
0.953
0.936
0.873
0.853
0.824
0.870
0.864
0.927
0.958
0.893
0.816
0.789
0.959
0.966
0.922
0.923
0.897
0.949
0.893
0.915
0.956
0.866
0.895
0.856
0.833
0.963
0.942
0.862
0.860
0.868
0.843
0.836
0.790
0.835
0.831
0.796
0.813
0.919
0.962
0.895
0.854
0.838
0.800
0.759
0.787
0.799
0.888
0.861
0.788
0.718
0.739
0.768
0.757
0.750
0.732
0.759
0.712
0.595
0.590
0.701
0.829
0.783
0.752
0.758
0.838
0.893
0.869
0.963
0.956
0.937
0.877
0.884
0.909
0.872
0.783
0.790
0.782
0.737
0.744
0.770
0.872
0.770
0.730
0.772
0.820
0.764
0.718
0.751
0.880
0.899
0.739
0.603
0.707
0.774
0.825
0.836
0.899
0.753
0.672
0.576
0.754
0.897
0.802
0.791
0.899
0.866
0.867
0.869
0.892
0.939
0.942
0.930
0.897
0.843
0.788
0.779
0.847
0.913
0.922
0.887
0.791
0.800
0.860
0.926
0.833
0.866
0.847
0.962
0.922
0.933
0.950
0.924
0.911
0.954
0.944
0.853
0.888
0.890
0.916
0.888
0.920
0.880
0.821
0.900
0.951
0.961
0.929
0.945
0.914
0.946
0.897
0.848
0.841
0.798
0.708
0.696
0.745
0.764
0.752
0.671
0.698
0.763
0.756
0.666
0.711
0.770
0.784
0.833
0.925
0.832
0.869
0.937
0.882
0.878
0.830
0.942
0.918
0.916
0.839
0.864
0.952
0.968
0.833
0.897
0.856
0.872
0.969
0.964
0.896
0.834
0.832
0.809
0.780
0.814
0.844
0.763
0.734
0.733
0.739
0.686
0.613
0.711
0.700
0.600
0.646
0.581
0.607
0.610
0.664
0.665
0.678
0.676
0.614
0.633
0.661
0.718
0.775
0.823
0.768
0.682
0.650
0.709
0.728
0.674
0.607
0.637
0.645
0.696
0.764
0.821
0.808
0.835
0.872
0.780
0.695
0.721
0.737
0.666
0.655
0.629
0.616
0.581
0.636
0.711
0.676
0.677
0.681
0.726
0.629
0.669
0.682
0.720
0.684
0.608
0.644
0.637
0.595
0.566
0.577
0.603
0.702
0.697
0.738
0.647
0.639
0.731
0.740
0.766
0.827
0.854
0.879
0.912
0.811
0.878
0.837
0.786
0.824
0.726
0.658
0.699
0.608
0.581
0.679
0.724
0.756
0.703
0.668
0.736
0.741
0.816
0.871
0.931
0.827
0.728
0.677
0.688
0.690
0.791
0.821
0.961
0.822
0.806
0.744
0.786
0.711
0.577
0.615
0.633
0.618
0.707
0.792
0.825
0.813
0.839
0.937
0.787
0.738
0.724
0.818
0.844
0.867
0.834
0.752
0.856
0.912
0.868
0.790
0.933
0.920
0.960
0.928
0.890
0.966
0.943
0.956
0.909
0.957
0.934
0.949
0.906
0.861
0.969
0.968
0.916
0.857
0.777
0.812
0.832
0.822
0.767
0.753
0.745
0.866
0.871
0.776
0.787
0.718
0.670
0.695
0.714
0.763
0.705
0.730
0.733
0.727
0.743
0.646
0.670
0.712
0.763
0.831
0.834
0.915
0.923
0.841
0.821
0.758
0.737
0.794
0.919
0.927
0.965
0.902
0.914
0.949
0.897
0.783
0.747
0.705
0.731
0.747
0.751
0.809
0.848
0.796
0.658
0.664
0.630
0.743
0.716
0.601
0.607
0.554
0.548
0.565
0.527
0.607
0.597
0.624
0.720
0.718
0.735
0.688
0.713
0.804
0.727
0.706
0.728
0.937
0.832
0.791
0.750
0.815
0.772
0.684
0.655
0.757
0.780
0.748
0.691
0.583
0.625
0.662
0.669
0.772
0.727
0.711
0.796
0.826
0.857
0.871
0.939
0.925
0.954
0.851
0.882
0.955
0.878
0.747
0.737
0.816
0.840
0.938
0.831
0.869
0.818
0.818
0.810
0.694
0.644
0.621
0.648
0.642
0.702
0.781
0.760
0.679
0.789
0.864
0.955
0.892
0.928
0.908
0.939
0.937
0.916
0.961
0.845
0.858
0.966
0.958
0.898
0.829
0.838
0.895
0.937
0.761
0.664
0.689
0.910
0.824
0.788
0.766
0.848
0.951
0.940
0.909
0.881
0.918
0.897
0.947
0.899
0.926
0.909
0.949
0.843
0.947
0.892
0.908
0.882
0.945
0.928
0.839
0.728
0.808
0.831
0.722
0.762
0.795
0.879
0.819
0.790
0.800
0.825
0.812
0.831
0.755
0.752
0.730
0.705
0.685
0.677
0.731
0.820
0.849
0.814
0.813
0.811
0.796
0.851
0.808
0.924
0.777
0.819
0.828
0.824
0.821
0.844
0.826
0.960
0.934
0.888
0.871
0.795
0.701
0.717
0.776
0.842
0.824
0.830
0.811
0.851
0.826
0.829
0.873
0.822
0.813
0.793
0.819
0.777
0.689
0.624
0.718
0.711
0.730
0.779
0.796
0.827
0.736
0.669
0.759
0.813
0.758
0.743
0.818
0.865
0.771
0.763
0.807
0.697
0.681
0.685
0.739
0.704
0.638
0.630
0.628
0.645
0.654
0.652
0.674
0.682
0.719
0.637
0.638
0.683
0.766
0.812
0.806
0.785
0.796
0.672
0.671
0.633
0.651
0.799
0.774
0.688
0.676
0.706
0.715
0.741
0.712
0.729
0.606
0.608
0.726
0.793
0.872
0.791
0.775
0.696
0.634
0.692
0.736
0.729
0.730
0.712
0.659
0.703
0.721
0.662
0.730
0.784
0.792
0.901
0.921
0.928
0.775
0.764
0.748
0.720
0.741
0.764
0.725
0.724
0.791
0.750
0.838
0.814
0.823
0.829
0.853
0.905
0.899
0.924
0.928
0.941
0.966
0.886
0.825
0.806
0.770
0.886
0.948
0.904
0.966
0.964
0.886
0.909
0.785
0.791
0.868
0.940
0.888
0.803
0.874
0.910
0.888
0.924
0.849
0.801
0.756
0.801
0.868
0.964
0.971
0.947
0.903
0.941
0.876
0.820
0.941
0.926
0.868
0.868
0.936
0.964
0.864
0.952
0.889
0.954
0.882
0.853
0.896
0.844
0.838
0.912
0.841
0.935
0.896
0.951
0.927
0.925
0.946
0.932
0.876
0.849
0.939
0.930
0.960
0.929
0.921
0.847
0.854
0.924
0.880
0.909
0.833
0.848
0.902
0.943
0.895
0.865
0.881
0.737
0.658
0.725
0.737
0.727
0.759
0.744
0.727
0.713
0.809
0.832
0.949
0.971
0.967
0.926
0.805
0.707
0.641
0.656
0.713
0.749
0.880
0.942
0.911
0.917
0.923
0.960
0.884
0.934
0.911
0.911
0.963
0.975
0.860
0.869
0.912
0.938
0.944
0.951
0.829
0.801
0.822
0.725
0.738
0.734
0.722
0.719
0.717
0.681
0.700
0.655
0.644
0.546
0.648
0.670
0.630
0.568
0.660
0.696
0.723
0.783
0.807
0.841
0.773
0.834
0.891
0.938
0.949
0.962
0.925
0.951
0.952
0.920
0.808
0.838
0.900
0.809
0.801
0.767
0.793
0.832
0.884
0.884
0.819
0.744
0.743
0.750
0.656
0.642
0.609
0.795
0.802
0.785
0.825
0.884
0.812
0.748
0.892
0.860
0.852
0.858
0.950
0.939
0.907
0.878
0.847
0.805
0.912
0.930
0.938
0.854
0.778
0.771
0.734
0.758
0.890
0.887
0.931
0.892
0.947
0.956
0.953
0.959
0.883
0.891
0.859
0.936
0.910
0.958
0.949
0.945
0.902
0.850
0.888
0.820
0.803
0.815
0.843
0.902
0.855
0.877
0.809
0.767
0.773
0.786
0.788
0.798
0.766
0.786
0.845
0.826
0.860
0.816
0.917
0.917
0.917
0.907
0.889
0.953
0.809
0.784
0.788
0.782
0.808
0.851
0.959
0.884
0.814
0.796
0.764
0.755
0.813
0.871
0.816
0.755
0.776
0.809
0.731
0.653
0.612
0.658
0.751
0.748
0.690
0.720
0.767
0.759
0.770
0.699
0.603
0.606
0.699
0.771
0.717
0.705
0.688
0.670
0.780
0.724
0.754
0.767
0.781
0.774
0.756
0.828
0.904
0.867
0.800
0.791
0.758
0.815
0.769
0.787
0.766
0.727
0.814
0.769
0.750
0.785
0.804
0.759
0.720
0.744
0.722
0.784
0.772
0.793
0.785
0.736
0.675
0.716
0.771
0.689
0.755
0.717
0.564
0.588
0.678
0.711
0.618
0.601
0.615
0.610
0.622
0.709
0.725
0.750
0.768
0.683
0.754
0.655
0.688
0.820
0.773
0.733
0.850
0.838
0.804
0.771
0.756
0.725
0.659
0.701
0.846
0.954
0.867
0.941
0.942
0.947
0.858
0.956
0.812
0.786
0.825
0.845
0.807
0.853
0.822
0.836
0.850
0.804
0.721
0.729
0.785
0.832
0.830
0.833
0.936
0.914
0.870
0.836
0.801
0.816
0.906
0.822
0.901
0.928
0.933
0.934
0.875
0.810
0.949
0.838
0.799
0.771
0.792
0.843
0.879
0.953
0.923
0.921
0.935
0.904
0.881
0.954
0.898
0.958
0.888
0.958
0.886
0.925
0.798
0.848
0.932
0.918
0.965
0.893
0.904
0.901
0.944
0.901
0.890
0.911
0.921
0.950
0.939
0.961
0.960
0.966
0.961
0.807
0.751
0.708
0.744
0.815
0.959
0.886
0.970
0.911
0.886
0.909
0.922
0.933
0.855
0.851
0.794
0.791
0.854
0.857
0.940
0.865
0.833
0.921
0.952
0.885
0.937
0.940
0.964
0.958
0.885
0.873
0.908
0.859
0.817
0.817
0.897
0.870
0.878
0.786
0.946
0.880
0.748
0.785
0.823
0.878
0.878
0.855
0.844
0.780
0.774
0.869
0.830
0.857
0.859
0.837
0.924
0.899
0.959
0.904
0.889
0.946
0.866
0.876
0.887
0.792
0.868
0.829
0.779
0.809
0.829
0.871
0.920
0.911
0.845
0.889
0.886
0.843
0.774
0.812
0.829
0.893
0.867
0.844
0.924
0.939
0.844
0.848
0.830
0.963
0.863
0.797
0.824
0.907
0.824
0.857
0.881
0.840
0.754
0.798
0.847
0.941
0.873
0.891
0.922
0.932
0.927
0.920
0.928
0.956
0.939
0.824
0.720
0.746
0.741
0.731
0.748
0.783
0.895
0.879
0.835
0.860
0.831
0.705
0.657
0.793
0.782
0.832
0.884
0.922
0.935
0.876
0.902
0.903
0.866
0.856
0.717
0.669
0.725
0.913
0.814
0.834
0.874
0.832
0.897
0.743
0.810
0.725
0.706
0.729
0.763
0.792
0.876
0.944
0.958
0.949
0.870
0.921
0.875
0.861
0.876
0.932
0.864
0.872
0.893
0.951
0.932
0.859
0.878
0.847
0.782
0.899
0.819
0.812
0.810
0.762
0.846
0.886
0.935
0.944
0.909
0.962
0.860
0.941
0.964
0.965
0.934
0.913
0.805
0.749
0.698
0.696
0.797
0.821
0.827
0.834
0.822
0.790
0.849
0.885
0.847
0.852
0.781
0.791
0.816
0.909
0.711
0.795
0.717
0.708
0.724
0.720
0.676
0.707
0.795
0.766
0.720
0.705
0.695
0.736
0.761
0.788
0.765
0.856
0.794
0.705
0.705
0.781
0.893
0.713
0.748
0.688
0.688
0.662
0.673
0.754
0.870
0.818
0.821
0.852
0.839
0.782
0.775
0.793
0.744
0.746
0.677
0.693
0.639
0.581
0.639
0.656
0.629
0.659
0.672
0.695
0.670
0.624
0.661
0.705
0.718
0.634
0.710
0.671
0.627
0.668
0.690
0.772
0.831
0.847
0.876
0.781
0.731
0.664
0.686
0.742
0.898
0.892
0.878
0.818
0.753
0.706
0.707
0.749
0.860
0.735
0.659
0.728
0.651
0.745
0.739
0.777
0.687
0.637
0.695
0.673
0.682
0.720
0.744
0.766
0.635
0.627
0.668
0.684
0.731
0.812
0.821
0.878
0.959
0.949
0.897
0.911
0.818
0.819
0.876
0.868
0.801
0.779
0.834
0.852
0.851
0.789
0.823
0.738
0.766
0.843
0.865
0.934
0.878
0.967
0.911
0.959
0.882
0.805
0.808
0.884
0.939
0.940
0.949
0.960
0.973
0.898
0.877
0.938
0.905
0.969
0.915
0.952
0.831
0.885
0.804
0.870
0.864
0.848
0.933
0.810
0.892
0.962
0.934
0.951
0.909
0.861
0.920
0.956
0.925
0.965
0.933
0.935
0.940
0.929
0.936
0.945
0.966
0.825
0.794
0.896
0.888
0.888
0.869
0.823
0.934
0.966
0.966
0.842
0.907
0.915
0.824
0.802
0.921
0.873
0.937
0.881
0.927
0.846
0.900
0.945
0.924
0.937
0.965
0.925
0.953
0.956
0.928
0.839
0.864
0.915
0.818
0.767
0.793
0.826
0.930
0.927
0.950
0.960
0.942
0.958
0.900
0.933
0.956
0.930
0.828
0.815
0.881
0.862
0.844
0.946
0.818
0.804
0.833
0.756
0.750
0.804
0.767
0.809
0.845
0.851
0.842
0.825
0.902
0.903
0.851
0.940
0.955
0.950
0.864
0.945
0.934
0.851
0.802
0.742
0.794
0.836
0.726
0.746
0.727
0.815
0.815
0.865
0.783
0.749
0.779
0.741
0.771
0.756
0.777
0.958
0.827
0.819
0.795
0.886
0.854
0.880
0.834
0.941
0.956
0.934
0.952
0.962
0.940
0.900
0.851
0.866
0.883
0.929
0.875
0.922
0.909
0.886
0.848
0.925
0.944
0.945
0.917
0.949
0.817
0.761
0.849
0.812
0.894
0.907
0.943
0.961
0.960
0.947
0.926
0.890
0.917
0.917
0.956
0.957
0.921
0.957
0.955
0.880
0.913
0.849
0.943
0.886
0.783
0.735
0.793
0.815
0.896
0.921
0.960
0.951
0.944
0.942
0.815
0.823
0.858
0.898
0.934
0.918
0.848
0.890
0.914
0.922
0.891
0.907
0.803
0.758
0.753
0.835
0.850
0.836
0.871
0.927
0.875
0.734
0.631
0.664
0.726
0.797
0.795
0.818
0.852
0.787
0.790
0.843
0.819
0.880
0.852
0.903
0.847
0.943
0.946
0.808
0.894
0.899
0.798
0.756
0.755
0.781
0.721
0.749
0.777
0.699
0.710
0.719
0.639
0.718
0.727
0.671
0.654
0.658
0.633
0.583
0.574
0.626
0.627
0.736
0.755
0.681
0.657
0.669
0.685
0.702
0.677
0.737
0.757
0.718
0.708
0.662
0.787
0.744
0.713
0.678
0.681
0.730
0.744
0.730
0.709
0.797
0.837
0.890
0.941
0.837
0.788
0.679
0.680
0.781
0.639
0.626
0.658
0.676
0.754
0.771
0.807
0.768
0.794
0.695
0.592
0.673
0.739
0.815
0.806
0.825
0.765
0.736
0.746
0.662
0.652
0.778
0.855
0.853
0.863
0.873
0.752
0.795
0.778
0.767
0.742
0.788
0.836
0.719
0.659
0.816
0.817
0.754
0.737
0.730
0.838
0.815
0.780
0.815
0.783
0.835
0.796
0.841
0.840
0.820
0.781
0.825
0.834
0.784
0.676
0.625
0.690
0.710
0.710
0.747
0.800
0.818
0.805
0.768
0.708
0.771
0.770
0.819
0.795
0.855
0.949
0.950
0.951
0.958
0.935
0.973
0.960
0.863
0.785
0.871
0.947
0.914
0.856
0.858
0.901
0.871
0.953
0.907
0.930
0.967
0.920
0.924
0.850
0.877
0.900
0.926
0.968
0.927
0.904
0.911
0.912
0.961
0.940
0.939
0.963
0.907
0.954
0.940
0.893
0.865
0.947
0.889
0.929
0.960
0.958
0.947
0.952
0.941
0.970
0.829
0.853
0.941
0.968
0.946
0.904
0.960
0.934
0.967
0.960
0.943
0.862
0.931
0.934
0.913
0.877
0.830
0.827
0.860
0.891
0.910
0.878
0.825
0.877
0.825
0.841
0.885
0.887
0.800
0.735
0.700
0.749
0.709
0.644
0.588
0.676
0.752
0.808
0.810
0.801
0.912
0.875
0.819
0.876
0.834
0.871
0.817
0.798
0.801
0.943
0.852
0.849
0.858
0.803
0.817
0.765
0.844
0.962
0.889
0.759
0.703
0.716
0.775
0.665
0.623
0.635
0.667
0.720
0.756
0.790
0.791
0.872
0.903
0.792
0.765
0.821
0.804
0.869
0.955
0.866
0.824
0.872
0.877
0.731
0.734
0.725
0.584
0.641
0.661
0.614
0.648
0.670
0.646
0.623
0.761
0.881
0.877
0.901
0.814
0.836
0.890
0.905
0.846
0.863
0.957
0.889
0.939
0.958
0.908
0.870
0.902
0.945
0.936
0.960
0.856
0.909
0.935
0.942
0.952
0.913
0.932
0.910
0.814
0.894
0.946
0.896
0.905
0.961
0.808
0.887
0.900
0.939
0.880
0.867
0.802
0.882
0.898
0.910
0.845
0.846
0.929
0.955
0.950
0.963
0.914
0.930
0.943
0.951
0.862
0.859
0.860
0.927
0.883
0.871
0.842
0.888
0.796
0.834
0.954
0.913
0.814
0.873
0.769
0.789
0.838
0.797
0.797
0.799
0.867
0.913
0.864
0.855
0.931
0.962
0.886
0.926
0.897
0.964
0.893
0.814
0.935
0.869
0.883
0.946
0.894
0.885
0.824
0.875
0.792
0.808
0.792
0.869
0.723
0.703
0.709
0.700
0.724
0.726
0.781
0.816
0.729
0.725
0.792
0.747
0.857
0.835
0.769
0.777
0.813
0.775
0.724
0.784
0.669
0.621
0.647
0.661
0.629
0.674
0.713
0.754
0.845
0.791
0.686
0.739
0.764
0.793
0.759
0.764
0.793
0.806
0.823
0.804
0.906
0.881
0.890
0.961
0.899
0.867
0.726
0.709
0.719
0.695
0.643
0.748
0.761
0.776
0.819
0.795
0.786
0.788
0.785
0.872
0.883
0.785
0.769
0.802
0.857
0.792
0.808
0.779
0.866
0.904
0.814
0.838
0.807
0.793
0.828
0.913
0.960
0.967
0.877
0.805
0.781
0.830
0.817
0.841
0.812
0.822
0.839
0.790
0.750
0.765
0.839
0.785
0.747
0.694
0.755
0.790
0.856
0.906
0.871
0.771
0.738
0.796
0.772
0.783
0.799
0.881
0.913
0.862
0.836
0.842
0.734
0.750
0.781
0.844
0.795
0.748
0.772
0.891
0.948
0.942
0.852
0.967
0.886
0.936
0.961
0.894
0.909
0.937
0.857
0.868
0.958
0.915
0.947
0.950
0.973
0.871
0.915
0.933
0.918
0.934
0.966
0.951
0.955
0.917
0.962
0.890
0.952
0.948
0.914
0.931
0.958
0.922
0.966
0.871
0.938
0.913
0.954
0.928
0.808
0.925
0.885
0.770
0.730
0.741
0.814
0.847
0.968
0.928
0.935
0.795
0.780
0.955
0.958
0.923
0.915
0.953
0.884
0.867
0.887
0.952
0.880
0.961
0.920
0.880
0.969
0.950
0.969
0.940
0.967
0.907
0.951
0.953
0.970
0.866
0.959
0.913
0.921
0.952
0.888
0.912
0.881
0.818
0.821
0.779
0.729
0.719
0.727
0.768
0.760
0.752
0.833
0.831
0.913
0.968
0.901
0.873
0.898
0.858
0.901
0.857
0.924
0.960
0.859
0.724
0.773
0.893
0.850
0.880
0.807
0.880
0.862
0.936
0.896
0.724
0.712
0.771
0.835
0.837
0.877
0.736
0.703
0.743
0.875
0.803
0.811
0.909
0.915
0.832
0.832
0.873
0.883
0.868
0.931
0.920
0.951
0.938
0.948
0.956
0.851
0.862
0.862
0.893
0.947
0.962
0.784
0.844
0.917
0.953
0.948
0.928
0.928
0.917
0.914
0.875
0.966
0.960
0.951
0.955
0.943
0.917
0.881
0.878
0.819
0.843
0.882
0.854
0.900
0.863
0.805
0.844
0.854
0.943
0.943
0.950
0.957
0.940
0.930
0.914
0.848
0.928
0.943
0.911
0.955
0.935
0.922
0.922
0.944
0.939
0.942
0.934
0.927
0.792
0.690
0.714
0.829
0.876
0.951
0.856
0.838
0.958
0.944
0.951
0.953
0.934
0.930
0.929
0.952
0.920
0.949
0.960
0.877
0.831
0.772
0.830
0.834
0.778
0.810
0.836
0.761
0.760
0.845
0.900
0.859
0.889
0.847
0.889
0.955
0.953
0.965
0.913
0.970
0.972
0.880
0.951
0.948
0.941
0.885
0.821
0.856
0.792
0.755
0.738
0.822
0.808
0.784
0.825
0.878
0.845
0.814
0.792
0.821
0.906
0.798
0.826
0.841
0.834
0.842
0.862
0.925
0.816
0.856
0.859
0.866
0.950
0.806
0.728
0.773
0.850
0.842
0.802
0.841
0.878
0.870
0.803
0.805
0.826
0.818
0.805
0.794
0.883
0.880
0.809
0.930
0.871
0.917
0.726
0.703
0.795
0.802
0.740
0.707
0.693
0.816
0.811
0.762
0.874
0.851
0.903
0.871
0.883
0.805
0.759
0.745
0.801
0.749
0.764
0.782
0.825
0.917
0.927
0.816
0.844
0.790
0.861
0.959
0.860
0.926
0.880
0.900
0.899
0.958
0.936
0.831
0.867
0.828
0.946
0.918
0.844
0.826
0.861
0.899
0.961
0.881
0.854
0.820
0.830
0.867
0.806
0.720
0.726
0.819
0.771
0.780
0.903
0.904
0.849
0.828
0.971
0.902
0.803
0.858
0.924
0.950
0.776
0.749
0.861
0.922
0.837
0.800
0.881
0.838
0.901
0.917
0.933
0.965
0.950
0.818
0.840
0.923
0.945
0.920
0.916
0.943
0.961
0.897
0.900
0.855
0.902
0.919
0.917
0.901
0.858
0.921
0.882
0.909
0.944
0.931
0.953
0.860
0.928
0.931
0.890
0.961
0.968
0.943
0.852
0.903
0.860
0.838
0.853
0.911
0.919
0.963
0.953
0.968
0.970
0.931
0.958
0.963
0.965
0.950
0.939
0.872
0.968
0.964
0.974
0.855
0.954
0.964
0.912
0.955
0.936
0.923
0.956
0.890
0.912
0.890
0.864
0.768
0.768
0.894
0.973
0.964
0.871
0.898
0.813
0.770
0.846
0.971
0.962
0.958
0.948
0.919
0.901
0.910
0.924
0.900
0.842
0.838
0.970
0.974
0.932
0.890
0.778
0.817
0.867
0.903
0.951
0.969
0.898
0.933
0.848
0.857
0.898
0.912
0.895
0.934
0.955
0.948
0.973
0.946
0.943
0.882
0.959
0.966
0.973
0.951
0.807
0.856
0.876
0.943
0.954
0.877
0.871
0.873
0.922
0.895
0.865
0.849
0.885
0.930
0.866
0.835
0.885
0.940
0.957
0.923
0.923
0.942
0.855
0.875
0.947
0.911
0.879
0.897
0.922
0.935
0.931
0.890
0.816
0.877
0.903
0.904
0.880
0.846
0.923
0.873
0.814
0.828
0.853
0.856
0.930
0.914
0.863
0.888
0.921
0.934
0.948
0.864
0.899
0.885
0.953
0.955
0.965
0.962
0.954
0.888
0.950
0.940
0.931
0.930
0.945
0.966
0.953
0.942
0.794
0.824
0.865
0.892
0.906
0.923
0.894
0.908
0.911
0.952
0.868
0.822
0.788
0.827
0.785
0.842
0.861
0.755
0.881
0.822
0.852
0.739
0.724
0.755
0.833
0.925
0.948
0.935
0.956
0.892
0.956
0.953
0.896
0.834
0.719
0.751
0.844
0.746
0.828
0.857
0.903
0.859
0.922
0.767
0.818
0.788
0.823
0.797
0.790
0.822
0.758
0.817
0.845
0.860
0.946
0.908
0.783
0.711
0.573
0.669
0.866
0.959
0.835
0.867
0.791
0.808
0.943
0.812
0.916
0.878
0.930
0.900
0.876
0.728
0.750
0.791
0.809
0.778
0.937
0.959
0.847
0.725
0.693
0.789
0.838
0.853
0.828
0.780
0.782
0.846
0.823
0.831
0.809
0.739
0.809
0.773
0.748
0.732
0.675
0.680
0.544
0.721
0.739
0.761
0.683
0.682
0.843
0.825
0.847
0.863
0.758
0.699
0.672
0.706
0.785
0.744
0.732
0.646
0.597
0.701
0.649
0.657
0.764
0.882
0.832
0.801
0.734
0.735
0.820
0.785
0.781
0.805
0.827
0.890
0.901
0.829
0.806
0.902
0.925
0.876
0.936
0.851
0.797
0.840
0.811
0.770
0.852
0.922
0.863
0.778
0.717
0.819
0.779
0.677
0.628
0.719
0.809
0.827
0.744
0.636
0.795
0.934
0.850
0.874
0.961
0.938
0.839
0.835
0.848
0.745
0.895
0.750
0.729
0.741
0.739
0.716
0.814
0.732
0.668
0.721
0.818
0.856
0.937
0.804
0.894
0.837
0.740
0.673
0.801
0.967
0.931
0.934
0.949
0.946
0.859
0.804
0.933
0.966
0.961
0.956
0.882
0.886
0.885
0.927
0.799
0.840
0.785
0.941
0.973
0.966
0.955
0.934
0.949
0.933
0.972
0.947
0.965
0.925
0.921
0.888
0.936
0.959
0.857
0.892
0.913
0.898
0.916
0.902
0.872
0.870
0.831
0.826
0.797
0.874
0.855
0.859
0.877
0.959
0.928
0.896
0.902
0.827
0.848
0.814
0.833
0.832
0.869
0.888
0.876
0.854
0.921
0.892
0.810
0.704
0.678
0.769
0.820
0.883
0.956
0.967
0.935
0.910
0.868
0.902
0.906
0.909
0.949
0.904
0.863
0.818
0.715
0.730
0.740
0.713
0.720
0.730
0.748
0.765
0.722
0.765
0.831
0.802
0.768
0.768
0.649
0.681
0.712
0.740
0.683
0.709
0.659
0.592
0.624
0.840
0.858
0.875
0.866
0.828
0.861
0.789
0.738
0.662
0.559
0.576
0.604
0.616
0.747
0.915
0.907
0.820
0.874
0.859
0.791
0.710
0.789
0.861
0.796
0.932
0.856
0.699
0.701
0.723
0.905
0.876
0.849
0.951
0.939
0.886
0.908
0.843
0.755
0.863
0.950
0.866
0.817
0.817
0.868
0.902
0.860
0.888
0.916
0.918
0.905
0.852
0.814
0.810
0.916
0.947
0.839
0.788
0.812
0.907
0.797
0.726
0.714
0.805
0.813
0.797
0.755
0.887
0.907
0.911
0.899
0.960
0.934
0.926
0.936
0.936
0.816
0.928
0.870
0.825
0.926
0.926
0.939
0.951
0.952
0.862
0.814
0.936
0.777
0.875
0.724
0.659
0.727
0.903
0.914
0.937
0.949
0.944
0.941
0.920
0.943
0.946
0.881
0.948
0.943
0.851
0.810
0.851
0.787
0.789
0.844
0.848
0.851
0.799
0.773
0.791
0.844
0.806
0.880
0.920
0.904
0.959
0.941
0.969
0.967
0.940
0.956
0.961
0.873
0.887
0.905
0.957
0.917
0.824
0.654
0.704
0.806
0.758
0.796
0.842
0.739
0.769
0.872
0.790
0.887
0.854
0.847
0.898
0.865
0.942
0.897
0.877
0.765
0.840
0.810
0.755
0.806
0.796
0.729
0.804
0.858
0.953
0.809
0.865
0.915
0.972
0.953
0.966
0.781
0.759
0.906
0.867
0.831
0.941
0.958
0.937
0.937
0.830
0.762
0.874
0.835
0.769
0.771
0.736
0.788
0.856
0.861
0.909
0.855
0.965
0.974
0.886
0.886
0.891
0.871
0.737
0.755
0.833
0.803
0.774
0.827
0.752
0.792
0.851
0.819
0.763
0.842
0.832
0.934
0.887
0.952
0.798
0.777
0.766
0.858
0.898
0.958
0.887
0.865
0.909
0.795
0.849
0.942
0.929
0.899
0.890
0.912
0.826
0.912
0.894
0.887
0.879
0.789
0.881
0.873
0.892
0.816
0.867
0.857
0.807
0.880
0.876
0.947
0.942
0.943
0.911
0.954
0.908
0.966
0.931
0.822
0.943
0.946
0.922
0.932
0.963
0.946
0.926
0.889
0.837
0.862
0.770
0.724
0.735
0.805
0.873
0.897
0.937
0.943
0.932
0.960
0.943
0.922
0.858
0.948
0.960
0.952
0.886
0.961
0.958
0.932
0.919
0.957
0.958
0.911
0.955
0.848
0.821
0.932
0.959
0.972
0.948
0.949
0.887
0.966
0.966
0.957
0.944
0.969
0.959
0.932
0.931
0.944
0.961
0.901
0.892
0.960
0.958
0.931
0.956
0.960
0.922
0.946
0.973
0.967
0.911
0.963
0.807
0.797
0.873
0.926
0.972
0.909
0.971
0.958
0.929
0.919
0.973
0.940
0.905
0.903
0.969
0.881
0.798
0.868
0.923
0.924
0.933
0.930
0.849
0.872
0.916
0.928
0.817
0.917
0.955
0.982
0.984
0.973
0.976
0.989
0.982
0.966
0.931
0.934
0.950
0.948
0.968
0.961
0.973
0.973
0.976
0.944
0.948
0.966
0.932
0.912
0.960
0.912
0.975
0.966
0.979
0.971
0.953
0.966
0.935
0.873
0.862
0.944
0.975
0.953
0.982
0.989
0.978
0.981
0.984
0.979
0.988
0.955
0.982
0.989
0.983
0.985
0.956
0.950
0.940
0.955
0.985
0.989
0.923
0.931
0.974
0.984
0.989
0.992
0.993
0.961
0.972
0.987
0.986
0.986
0.977
0.987
0.987
0.967
0.901
0.869
0.965
0.944
0.956
0.978
0.974
0.990
0.989
0.989
0.984
0.983
0.990
0.983
0.980
0.967
0.978
0.972
0.970
0.976
0.963
0.976
0.976
0.990
0.980
0.978
0.972
0.987
0.989
0.966
0.991
0.982
0.990
0.990
0.990
0.963
0.988
0.990
0.990
0.992
0.992
0.986
0.971
0.987
0.987
0.977
0.989
0.986
0.986
0.978
0.964
0.982
0.967
0.985
0.949
0.928
0.949
0.972
0.982
0.980
0.986
0.986
0.989
0.990
0.989
0.989
0.986
0.985
0.931
0.986
0.987
0.979
0.956
0.983
0.959
0.933
0.970
0.963
0.938
0.982
0.977
0.980
0.976
0.978
0.913
0.976
0.972
0.966
0.948
0.916
0.884
0.903
0.912
0.895
0.945
0.935
0.969
0.964
0.987
0.965
0.954
0.961
0.979
0.970
0.978
0.937
0.891
0.897
0.974
0.985
0.983
0.981
0.947
0.910
0.954
0.949
0.947
0.873
0.869
0.928
0.906
0.932
0.960
0.977
0.958
0.985
0.970
0.964
0.913
0.885
0.902
0.909
0.935
0.910
0.885
0.939
0.968
0.977
0.986
0.976
0.950
0.925
0.965
0.975
0.966
0.927
0.889
0.885
0.848
0.871
0.890
0.932
0.967
0.935
0.962
0.967
0.958
0.926
0.947
0.986
0.987
0.983
0.948
0.980
0.989
0.957
0.910
0.921
0.967
0.929
0.869
0.809
0.819
0.892
0.962
0.943
0.864
0.884
0.955
0.988
0.963
0.946
0.947
0.938
0.887
0.899
0.938
0.972
0.959
0.985
0.970
0.987
0.915
0.937
0.941
0.979
0.965
0.956
0.895
0.888
0.932
0.963
0.979
0.978
0.978
0.989
0.973
0.990
0.988
0.988
0.979
0.984
0.988
0.989
0.984
0.934
0.989
0.973
0.988
0.980
0.957
0.891
0.860
0.869
0.948
0.973
0.980
0.973
0.958
0.983
0.972
0.989
0.979
0.923
0.952
0.988
0.972
0.981
0.987
0.982
0.988
0.940
0.967
0.988
0.989
0.990
0.958
0.969
0.989
0.991
0.982
0.990
0.960
0.984
0.975
0.986
0.984
0.978
0.977
0.986
0.982
0.990
0.985
0.982
0.971
0.974
0.977
0.988
0.990
0.991
0.975
0.973
0.979
0.989
0.986
0.986
0.990
0.975
0.986
0.986
0.988
0.989
0.982
0.936
0.912
0.950
0.970
0.945
0.960
0.959
0.966
0.954
0.954
0.958
0.923
0.960
0.985
0.955
0.988
0.966
0.982
0.924
0.931
0.945
0.927
0.927
0.933
0.967
0.969
0.948
0.986
0.990
0.985
0.960
0.980
0.993
0.966
0.987
0.981
0.967
0.989
0.972
0.974
0.982
0.962
0.971
0.979
0.981
0.983
0.956
0.977
0.955
0.980
0.976
0.968
0.974
0.965
0.970
0.919
0.880
0.923
0.954
0.981
0.925
0.869
0.884
0.870
0.940
0.899
0.966
0.979
0.917
0.975
0.974
0.953
0.936
0.917
0.969
0.969
0.951
0.953
0.963
0.967
0.974
0.934
0.948
0.938
0.959
0.952
0.984
0.985
0.971
0.987
0.989
0.985
0.986
0.974
0.985
0.989
0.988
0.968
0.969
0.975
0.982
0.955
0.981
0.957
0.970
0.970
0.988
0.971
0.989
0.990
0.991
0.989
0.992
0.992
0.975
0.991
0.977
0.976
0.977
0.976
0.976
0.944
0.984
0.989
0.986
0.983
0.936
0.972
0.983
0.983
0.978
0.969
0.988
0.983
0.987
0.979
0.986
0.980
0.986
0.950
0.984
0.982
0.974
0.978
0.971
0.987
0.954
0.927
0.952
0.951
0.970
0.968
0.969
0.944
0.949
0.947
0.980
0.949
0.925
0.906
0.916
0.951
0.937
0.935
0.951
0.929
0.949
0.925
0.937
0.901
0.925
0.910
0.877
0.933
0.970
0.967
0.968
0.954
0.982
0.949
0.958
0.942
0.924
0.940
0.852
0.844
0.861
0.958
0.944
0.911
0.903
0.952
0.958
0.938
0.859
0.944
0.947
0.948
0.944
0.929
0.883
0.895
0.924
0.945
0.972
0.973
0.935
0.895
0.871
0.928
0.930
0.936
0.931
0.939
0.864
0.823
0.892
0.826
0.823
0.868
0.896
0.938
0.953
0.871
0.883
0.930
0.939
0.931
0.956
0.970
0.957
0.965
0.953
0.886
0.897
0.962
0.979
0.967
0.905
0.906
0.959
0.957
0.940
0.926
0.966
0.965
0.969
0.969
0.964
0.902
0.915
0.873
0.875
0.867
0.911
0.906
0.919
0.934
0.950
0.961
0.924
0.908
0.915
0.849
0.868
0.928
0.911
0.951
0.913
0.929
0.918
0.950
0.981
0.938
0.946
0.965
0.974
0.987
0.970
0.977
0.942
0.944
0.990
0.980
0.946
0.899
0.958
0.952
0.979
0.985
0.988
0.977
0.964
0.956
0.978
0.967
0.973
0.983
0.973
0.961
0.982
0.981
0.976
0.982
0.972
0.989
0.989
0.975
0.983
0.944
0.913
0.932
0.941
0.951
0.982
0.975
0.960
0.968
0.969
0.957
0.946
0.965
0.965
0.955
0.959
0.968
0.973
0.947
0.988
0.977
0.988
0.989
0.987
0.986
0.941
0.980
0.979
0.981
0.968
0.978
0.968
0.951
0.965
0.974
0.978
0.971
0.981
0.979
0.964
0.977
0.990
0.952
0.947
0.960
0.881
0.895
0.984
0.975
0.976
0.981
0.987
0.964
0.980
0.982
0.977
0.974
0.979
0.975
0.962
0.970
0.966
0.973
0.958
0.939
0.924
0.888
0.872
0.910
0.878
0.862
0.878
0.871
0.840
0.828
0.729
0.802
0.867
0.879
0.891
0.956
0.970
0.973
0.972
0.963
0.973
0.930
0.908
0.925
0.948
0.980
0.983
0.983
0.970
0.924
0.910
0.927
0.941
0.952
0.969
0.991
0.963
0.981
0.985
0.985
0.975
0.984
0.981
0.987
0.977
0.980
0.946
0.989
0.961
0.957
0.973
0.932
0.942
0.966
0.962
0.972
0.944
0.941
0.945
0.949
0.961
0.965
0.970
0.966
0.978
0.940
0.964
0.985
0.963
0.940
0.963
0.966
0.966
0.984
0.979
0.990
0.989
0.963
0.986
0.985
0.985
0.971
0.987
0.982
0.971
0.958
0.983
0.964
0.948
0.949
0.973
0.971
0.955
0.952
0.970
0.951
0.963
0.970
0.977
0.955
0.965
0.944
0.972
0.977
0.982
0.964
0.964
0.980
0.962
0.976
0.987
0.978
0.968
0.984
0.983
0.988
0.978
0.970
0.970
0.986
0.984
0.983
0.939
0.985
0.984
0.975
0.929
0.989
0.984
0.977
0.975
0.963
0.971
0.976
0.961
0.960
0.953
0.966
0.958
0.975
0.970
0.975
0.981
0.988
0.973
0.985
0.977
0.962
0.955
0.976
0.969
0.976
0.973
0.970
0.954
0.966
0.902
0.903
0.944
0.945
0.950
0.900
0.929
0.917
0.961
0.970
0.932
0.945
0.956
0.916
0.931
0.920
0.920
0.953
0.923
0.951
0.928
0.937
0.960
0.949
0.951
0.984
0.969
0.985
0.979
0.920
0.957
0.923
0.965
0.911
0.923
0.917
0.888
0.947
0.955
0.912
0.927
0.913
0.904
0.908
0.916
0.936
0.936
0.946
0.940
0.912
0.900
0.875
0.846
0.928
0.899
0.849
0.821
0.885
0.929
0.936
0.944
0.933
0.929
0.900
0.909
0.953
0.985
0.961
0.972
0.987
0.961
0.956
0.969
0.946
0.955
0.966
0.974
0.970
0.957
0.956
0.959
0.929
0.960
0.940
0.964
0.941
0.934
0.959
0.962
0.944
0.932
0.962
0.965
0.960
0.926
0.971
0.977
0.939
0.967
0.955
0.967
0.975
0.984
0.973
0.957
0.913
0.938
0.966
0.946
0.932
0.878
0.895
0.935
0.975
0.946
0.982
0.965
0.961
0.976
0.973
0.959
0.942
0.968
0.976
0.911
0.888
0.904
0.918
0.898
0.945
0.966
0.974
0.977
0.975
0.970
0.989
0.981
0.962
0.942
0.937
0.968
0.987
0.965
0.980
0.947
0.960
0.967
0.964
0.972
0.974
0.989
0.988
0.987
0.977
0.964
0.979
0.991
0.983
0.972
0.957
0.982
0.964
0.981
0.967
0.939
0.971
0.960
0.945
0.964
0.988
0.989
0.976
0.975
0.981
0.954
0.988
0.945
0.983
0.988
0.975
0.987
0.981
0.985
0.989
0.959
0.974
0.954
0.981
0.994
0.968
0.981
0.961
0.937
0.979
0.967
0.969
0.959
0.972
0.988
0.983
0.982
0.979
0.977
0.986
0.982
0.932
0.912
0.909
0.877
0.873
0.919
0.936
0.945
0.936
0.976
0.916
0.969
0.982
0.985
0.989
0.981
0.957
0.984
0.982
0.929
0.941
0.934
0.907
0.941
0.947
0.942
0.960
0.968
0.989
0.974
0.970
0.959
0.974
0.942
0.973
0.973
0.988
0.937
0.952
0.972
0.977
0.970
0.972
0.973
0.977
0.948
0.972
0.949
0.929
0.942
0.945
0.976
0.972
0.937
0.968
0.985
0.988
0.990
0.985
0.982
0.980
0.975
0.987
0.974
0.988
0.987
0.967
0.985
0.992
0.977
0.992
0.988
0.990
0.987
0.989
0.973
0.978
0.983
0.987
0.978
0.977
0.970
0.982
0.984
0.946
0.918
0.960
0.964
0.928
0.975
0.972
0.976
0.948
0.907
0.924
0.917
0.949
0.876
0.895
0.974
0.939
0.972
0.950
0.965
0.937
0.960
0.956
0.958
0.974
0.963
0.954
0.987
0.986
0.980
0.975
0.969
0.972
0.955
0.981
0.984
0.968
0.978
0.989
0.967
0.968
0.975
0.986
0.972
0.987
0.970
0.979
0.944
0.980
0.986
0.987
0.995
0.956
0.983
0.969
0.939
0.974
0.986
0.942
0.988
0.977
0.962
0.965
0.975
0.959
0.973
0.934
0.874
0.926
0.926
0.962
0.974
0.974
0.960
0.960
0.945
0.959
0.970
0.916
0.901
0.954
0.948
0.955
0.909
0.900
0.909
0.941
0.963
0.954
0.905
0.922
0.936
0.885
0.881
0.885
0.896
0.884
0.954
0.971
0.935
0.951
0.914
0.893
0.903
0.941
0.919
0.926
0.934
0.968
0.927
0.942
0.896
0.860
0.848
0.884
0.878
0.911
0.843
0.885
0.870
0.837
0.872
0.860
0.916
0.890
0.895
0.891
0.857
0.857
0.947
0.943
0.892
0.874
0.888
0.915
