19790101
0.888
0.842
0.853
0.871
0.884
0.877
0.924
0.953
0.873
0.831
0.828
0.847
0.866
0.920
0.844
0.855
0.791
0.791
0.855
0.852
0.851
0.884
0.883
0.949
0.869
0.808
0.906
0.942
0.968
0.905
0.841
0.940
0.878
0.776
0.830
0.870
0.905
0.969
0.955
0.957
0.980
0.958
0.952
0.927
0.985
0.977
0.982
0.990
0.959
0.906
0.916
0.935
0.930
0.982
0.985
0.990
0.990
0.990
0.979
0.990
0.949
0.958
0.977
0.983
0.974
0.973
0.977
0.964
0.866
0.887
0.916
0.868
0.903
0.937
0.936
0.886
0.972
0.986
0.966
0.959
0.980
0.978
0.973
0.948
0.960
0.910
0.917
0.969
0.905
0.799
0.824
0.910
0.946
0.952
0.955
0.958
0.864
0.840
0.823
0.793
0.762
0.771
0.823
0.879
0.852
0.799
0.807
0.850
0.856
0.968
0.973
0.968
0.945
0.975
0.969
0.979
0.974
0.973
0.957
0.947
0.961
0.965
0.961
0.878
0.888
0.801
0.773
0.765
0.783
0.747
0.846
0.861
0.871
0.827
0.900
0.951
0.976
0.957
0.979
0.967
0.980
0.929
0.976
0.953
0.976
0.933
0.889
0.909
0.969
0.978
0.922
0.909
0.937
0.971
0.936
0.913
0.976
0.981
0.970
0.928
0.903
0.789
0.857
0.807
0.923
0.796
0.888
0.852
0.798
0.786
0.845
0.775
0.768
0.821
0.803
0.790
0.767
0.763
0.766
0.756
0.726
0.803
0.933
0.819
0.832
0.843
0.796
0.593
0.660
0.713
0.710
0.695
0.830
0.868
0.936
0.887
0.803
0.862
0.960
0.925
0.785
0.704
0.855
0.763
0.751
0.793
0.701
0.650
0.677
0.748
0.863
0.891
0.826
0.797
0.807
0.697
0.691
0.673
0.621
0.709
0.655
0.583
0.696
0.754
0.723
0.747
0.820
0.842
0.776
0.810
0.823
0.852
0.887
0.873
0.924
0.958
0.968
0.944
0.936
0.973
0.977
0.968
0.968
0.940
0.959
0.863
0.904
0.962
0.854
0.871
0.968
0.958
0.958
0.807
0.878
0.956
0.974
0.963
0.959
0.918
0.965
0.849
0.863
0.885
0.908
0.915
0.887
0.806
0.829
0.805
0.848
0.841
0.834
0.825
0.879
0.803
0.835
0.933
0.845
0.832
0.880
0.902
0.826
0.955
0.977
0.941
0.971
0.982
0.989
0.989
0.990
0.985
0.988
0.978
0.973
0.961
0.957
0.989
0.989
0.980
0.990
0.988
0.963
0.976
0.983
0.975
0.986
0.970
0.958
0.962
0.894
0.908
0.972
0.984
0.985
0.977
0.981
0.909
0.975
0.979
0.981
0.954
0.981
0.953
0.977
0.959
0.941
0.968
0.944
0.982
0.960
0.810
0.905
0.936
0.878
0.928
0.858
0.797
0.857
0.811
0.780
0.770
0.738
0.837
0.858
0.806
0.817
0.966
0.965
0.922
0.971
0.970
0.975
0.972
0.929
0.905
0.891
0.899
0.851
0.971
0.859
0.855
0.950
0.956
0.970
0.975
0.962
0.948
0.829
0.843
0.868
0.801
0.819
0.801
0.794
0.860
0.825
0.867
0.918
0.920
0.907
0.931
0.977
0.970
0.975
0.883
0.821
0.860
0.943
0.845
0.792
0.795
0.935
0.903
0.962
0.965
0.949
0.989
0.990
0.987
0.950
0.991
0.989
0.983
0.978
0.973
0.904
0.941
0.880
0.882
0.804
0.944
0.975
0.903
0.983
0.970
0.983
0.977
0.964
0.991
0.983
0.967
0.922
0.971
0.991
0.937
0.989
0.985
0.834
0.907
0.854
0.815
0.855
0.768
0.817
0.895
0.901
0.935
0.939
0.926
0.910
0.939
0.963
0.957
0.947
0.818
0.922
0.914
0.886
0.864
0.754
0.708
0.743
0.697
0.788
0.900
0.805
0.878
0.944
0.861
0.896
0.965
0.953
0.963
0.961
0.949
0.957
0.957
0.969
0.964
0.945
0.848
0.822
0.689
0.710
0.738
0.782
0.856
0.878
0.876
0.885
0.943
0.959
0.970
0.942
0.959
0.971
0.976
0.971
0.938
0.913
0.935
0.826
0.869
0.961
0.902
0.939
0.845
0.907
0.960
0.981
0.963
0.855
0.899
0.875
0.883
0.864
0.835
0.799
0.825
0.824
0.852
0.861
0.838
0.842
0.864
0.933
0.979
0.847
0.850
0.820
0.889
0.863
0.846
0.807
0.794
0.829
0.835
0.862
0.935
0.765
0.605
0.666
0.727
0.809
0.852
0.796
0.797
0.835
0.854
0.805
0.775
0.707
0.635
0.625
0.641
0.682
0.642
0.719
0.788
0.797
0.829
0.815
0.800
0.851
0.868
0.898
0.919
0.910
0.906
0.895
0.915
0.873
0.877
0.880
0.884
0.891
0.887
0.927
0.938
0.992
0.929
0.931
0.948
0.949
0.991
0.944
0.893
0.885
0.904
0.990
0.960
0.945
0.915
0.912
0.918
0.873
0.898
0.861
0.864
0.848
0.814
0.842
0.811
0.746
0.774
0.831
0.799
0.783
0.747
0.689
0.591
0.617
0.720
0.681
0.731
0.740
0.777
0.789
0.812
0.917
0.836
0.881
0.799
0.721
0.693
0.792
0.722
0.612
0.553
0.700
0.790
0.848
0.893
0.888
0.808
0.887
0.934
0.925
0.928
0.851
0.839
0.728
0.732
0.819
0.845
0.902
0.974
0.970
0.963
0.901
0.970
0.920
0.987
0.924
0.980
0.968
0.959
0.922
0.959
0.889
0.955
0.946
0.968
0.950
0.989
0.987
0.961
0.920
0.860
0.927
0.856
0.861
0.931
0.893
0.921
0.908
0.978
0.905
0.938
0.970
0.967
0.962
0.978
0.983
0.977
0.977
0.941
0.905
0.923
0.979
0.963
0.982
0.983
0.960
0.971
0.938
0.890
0.920
0.936
0.952
0.962
0.965
0.971
0.978
0.951
0.940
0.967
0.983
0.951
0.983
0.933
0.937
0.938
0.974
0.938
0.874
0.849
0.915
0.879
0.920
0.937
0.968
0.963
0.967
0.976
0.978
0.956
0.971
0.956
0.970
0.935
0.923
0.933
0.935
0.976
0.969
0.959
0.964
0.918
0.937
0.871
0.890
0.839
0.814
0.842
0.881
0.840
0.879
0.916
0.849
0.857
0.852
0.885
0.813
0.844
0.840
0.820
0.835
0.857
0.845
0.795
0.882
0.880
0.824
0.909
0.845
0.876
0.871
0.858
0.885
0.948
0.952
0.957
0.977
0.989
0.990
0.979
0.932
0.980
0.981
0.916
0.981
0.990
0.991
0.991
0.990
0.985
0.959
0.990
0.983
0.987
0.981
0.982
0.990
0.982
0.983
0.938
0.882
0.924
0.883
0.944
0.935
0.887
0.928
0.979
0.934
0.965
0.976
0.981
0.972
0.915
0.931
0.977
0.888
0.920
0.966
0.926
0.960
0.966
0.888
0.902
0.952
0.915
0.893
0.854
0.909
0.955
0.909
0.865
0.871
0.845
0.858
0.925
0.929
0.912
0.917
0.872
0.858
0.867
0.921
0.863
0.845
0.931
0.972
0.967
0.956
0.972
0.966
0.970
0.967
0.957
0.969
0.977
0.970
0.925
0.907
0.943
0.925
0.973
0.976
0.963
0.974
0.969
0.984
0.980
0.979
0.902
0.739
0.978
0.975
0.975
0.958
0.977
0.964
0.959
0.896
0.943
0.932
0.919
0.863
0.845
0.828
0.899
0.974
0.940
0.978
0.892
0.965
0.872
0.946
0.905
0.954
0.937
0.955
0.875
0.769
0.871
0.934
0.972
0.894
0.942
0.918
0.821
0.835
0.830
0.868
0.849
0.874
0.940
0.846
0.812
0.796
0.840
0.851
0.858
0.875
0.787
0.842
0.845
0.882
0.891
0.929
0.945
0.936
0.942
0.954
0.979
0.867
0.922
0.943
0.972
0.905
0.940
0.918
0.867
0.910
0.990
0.993
0.913
0.923
0.934
0.944
0.962
0.878
0.883
0.871
0.876
0.865
0.935
0.925
0.872
0.879
0.923
0.898
0.879
0.858
0.843
0.859
0.920
0.964
0.847
0.812
0.833
0.848
0.851
0.890
0.779
0.880
0.801
0.749
0.707
0.741
0.802
0.858
0.871
0.826
0.873
0.764
0.797
0.743
0.804
0.900
0.862
0.960
0.838
0.830
0.798
0.810
0.841
0.816
0.945
0.874
0.899
0.955
0.876
0.894
0.912
0.833
0.815
0.782
0.764
0.894
0.838
0.677
0.685
0.689
0.704
0.776
0.827
0.817
0.869
0.852
0.783
0.797
0.890
0.971
0.970
0.983
0.947
0.972
0.988
0.944
0.988
0.975
0.986
0.989
0.988
0.988
0.981
0.979
0.960
0.972
0.899
0.941
0.921
0.974
0.969
0.987
0.845
0.934
0.987
0.989
0.989
0.989
0.985
0.961
0.938
0.949
0.955
0.896
0.976
0.974
0.969
0.975
0.972
0.962
0.969
0.976
0.977
0.957
0.949
0.965
0.942
0.981
0.967
0.959
0.978
0.943
0.899
0.954
0.923
0.962
0.952
0.967
0.956
0.970
0.947
0.962
0.960
0.976
0.966
0.921
0.922
0.963
0.951
0.926
0.924
0.938
0.972
0.946
0.960
0.943
0.977
0.947
0.974
0.964
0.931
0.872
0.908
0.922
0.923
0.931
0.954
0.977
0.973
0.973
0.962
0.975
0.973
0.960
0.976
0.918
0.895
0.977
0.963
0.912
0.932
0.905
0.956
0.956
0.913
0.965
0.845
0.791
0.775
0.803
0.800
0.811
0.834
0.930
0.979
0.976
0.959
0.942
0.930
0.929
0.927
0.962
0.966
0.981
0.979
0.983
0.988
0.979
0.978
0.976
0.963
0.922
0.988
0.985
0.987
0.988
0.960
0.981
0.980
0.966
0.984
0.985
0.987
0.972
0.969
0.958
0.981
0.933
0.968
0.977
0.918
0.921
0.967
0.958
0.918
0.895
0.923
0.945
0.858
0.875
0.879
0.942
0.932
0.971
0.967
0.957
0.931
0.903
0.931
0.925
0.921
0.953
0.960
0.943
0.979
0.971
0.968
0.962
0.934
0.927
0.859
0.847
0.961
0.964
0.968
0.975
0.977
0.964
0.930
0.970
0.958
0.883
0.805
0.847
0.943
0.976
0.978
0.948
0.959
0.892
0.872
0.861
0.867
0.841
0.803
0.841
0.918
0.971
0.968
0.927
0.927
0.941
0.920
0.891
0.963
0.885
0.929
0.874
0.865
0.870
0.864
0.885
0.937
0.876
0.905
0.962
0.950
0.942
0.864
0.966
0.936
0.961
0.909
0.953
0.971
0.967
0.950
0.961
0.932
0.830
0.783
0.747
0.774
0.860
0.828
0.827
0.856
0.889
0.810
0.841
0.835
0.819
0.779
0.713
0.776
0.757
0.781
0.838
0.872
0.835
0.846
0.805
0.782
0.739
0.693
0.693
0.714
0.737
0.693
0.624
0.614
0.684
0.770
0.744
0.768
0.824
0.847
0.769
0.789
0.749
0.868
0.854
0.846
0.794
0.805
0.813
0.820
0.815
0.817
0.833
0.724
0.805
0.821
0.800
0.800
0.866
0.882
0.872
0.851
0.811
0.804
0.823
0.857
0.823
0.771
0.778
0.814
0.865
0.805
0.682
0.732
0.719
0.779
0.709
0.704
0.790
0.739
0.746
0.677
0.566
0.665
0.777
0.647
0.581
0.617
0.661
0.744
0.721
0.634
0.640
0.713
0.747
0.756
0.732
0.749
0.728
0.758
0.644
0.657
0.772
0.760
0.852
0.825
0.820
0.800
0.794
0.857
0.890
0.862
0.805
0.773
0.744
0.753
0.683
0.718
0.799
0.872
0.919
0.920
0.973
0.974
0.916
0.970
0.924
0.922
0.883
0.882
0.954
0.890
0.961
0.953
0.901
0.952
0.847
0.954
0.959
0.923
0.851
0.876
0.963
0.913
0.970
0.966
0.952
0.967
0.974
0.816
0.814
0.808
0.825
0.838
0.888
0.884
0.936
0.952
0.970
0.975
0.949
0.971
0.967
0.924
0.926
0.890
0.965
0.961
0.951
0.875
0.848
0.855
0.884
0.857
0.857
0.925
0.966
0.975
0.964
0.889
0.852
0.931
0.981
0.969
0.963
0.826
0.841
0.877
0.918
0.984
0.956
0.974
0.975
0.968
0.977
0.974
0.986
0.979
0.982
0.967
0.932
0.912
0.984
0.991
0.990
0.988
0.969
0.988
0.984
0.967
0.980
0.950
0.988
0.989
0.990
0.989
0.937
0.974
0.989
0.991
0.977
0.965
0.958
0.911
0.884
0.891
0.881
0.902
0.927
0.946
0.927
0.936
0.906
0.875
0.848
0.863
0.923
0.872
0.900
0.875
0.874
0.888
0.917
0.944
0.907
0.942
0.964
0.978
0.881
0.897
0.892
0.951
0.976
0.967
0.978
0.989
0.979
0.991
0.968
0.963
0.967
0.963
0.930
0.925
0.944
0.985
0.929
0.908
0.910
0.930
0.885
0.905
0.891
0.873
0.933
0.874
0.893
0.975
0.974
0.975
0.946
0.970
0.980
0.975
0.977
0.979
0.985
0.958
0.881
0.873
0.885
0.871
0.911
0.922
0.883
0.716
0.826
0.873
0.805
0.865
0.932
0.944
0.960
0.968
0.931
0.952
0.944
0.956
0.933
0.922
0.930
0.931
0.928
0.932
0.957
0.969
0.959
0.963
0.970
0.979
0.956
0.970
0.959
0.918
0.859
0.905
0.935
0.966
0.894
0.933
0.923
0.968
0.939
0.909
0.966
0.962
0.973
0.942
0.971
0.925
0.943
0.896
0.878
0.842
0.907
0.839
0.835
0.847
0.839
0.820
0.857
0.945
0.961
0.974
0.971
0.972
0.968
0.963
0.974
0.972
0.913
0.964
0.894
0.869
0.972
0.935
0.964
0.939
0.918
0.840
0.862
0.923
0.808
0.773
0.862
0.948
0.930
0.908
0.948
0.900
0.853
0.919
0.850
0.834
0.793
0.781
0.738
0.725
0.776
0.799
0.861
0.702
0.770
0.808
0.776
0.806
0.827
0.822
0.791
0.794
0.760
0.764
0.911
0.909
0.912
0.940
0.976
0.909
0.811
0.841
0.836
0.845
0.912
0.904
0.873
0.854
0.888
0.834
0.820
0.854
0.872
0.812
0.785
0.812
0.825
0.855
0.872
0.897
0.914
0.888
0.866
0.825
0.847
0.854
0.855
0.811
0.812
0.777
0.797
0.823
0.882
0.852
0.673
0.674
0.707
0.694
0.720
0.800
0.785
0.794
0.800
0.754
0.738
0.666
0.712
0.806
0.863
0.803
0.795
0.733
0.719
0.893
0.724
0.789
0.814
0.861
0.715
0.825
0.824
0.773
0.770
0.723
0.787
0.797
0.808
0.891
0.885
0.784
0.780
0.755
0.768
0.876
0.800
0.789
0.794
0.694
0.709
0.704
0.674
0.686
0.602
0.687
0.715
0.838
0.760
0.737
0.768
0.825
0.909
0.903
0.870
0.897
0.911
0.951
0.969
0.980
0.959
0.948
0.960
0.972
0.966
0.980
0.957
0.871
0.915
0.963
0.910
0.885
0.880
0.909
0.975
0.922
0.895
0.924
0.930
0.899
0.951
0.931
0.932
0.955
0.972
0.969
0.966
0.971
0.963
0.967
0.977
0.951
0.837
0.749
0.853
0.895
0.864
0.869
0.968
0.930
0.792
0.866
0.962
0.955
0.976
0.933
0.965
0.955
0.981
0.983
0.987
0.982
0.979
0.965
0.983
0.987
0.990
0.985
0.963
0.974
0.977
0.981
0.984
0.990
0.988
0.968
0.962
0.956
0.951
0.964
0.986
0.987
0.955
0.971
0.984
0.987
0.991
0.991
0.991
0.991
0.992
0.945
0.983
0.980
0.987
0.983
0.979
0.977
0.974
0.911
0.932
0.941
0.947
0.906
0.962
0.988
0.992
0.993
0.980
0.981
0.991
0.961
0.970
0.976
0.991
0.982
0.941
0.988
0.987
0.975
0.978
0.991
0.991
0.990
0.984
0.976
0.978
0.966
0.977
0.989
0.988
0.992
0.991
0.986
0.960
0.983
0.981
0.973
0.991
0.974
0.976
0.985
0.990
0.974
0.991
0.977
0.987
0.985
0.959
0.956
0.962
0.970
0.963
0.970
0.973
0.970
0.892
0.926
0.908
0.931
0.902
0.936
0.969
0.967
0.966
0.933
0.856
0.912
0.910
0.967
0.943
0.922
0.939
0.928
0.940
0.937
0.962
0.950
0.960
0.862
0.924
0.935
0.914
0.918
0.960
0.912
0.920
0.936
0.911
0.896
0.950
0.941
0.960
0.947
0.925
0.837
0.933
0.930
0.969
0.962
0.978
0.968
0.964
0.963
0.959
0.945
0.970
0.979
0.976
0.937
0.850
0.863
0.874
0.930
0.961
0.962
0.971
0.974
0.950
0.962
0.973
0.963
0.975
0.958
0.902
0.834
0.936
0.854
0.901
0.936
0.981
0.959
0.980
0.984
0.972
0.952
0.921
0.875
0.890
0.913
0.976
0.826
0.842
0.861
0.913
0.951
0.908
0.815
0.894
0.793
0.815
0.785
0.842
0.780
0.757
0.792
0.824
0.755
0.732
0.829
0.812
0.817
0.910
0.929
0.866
0.808
0.874
0.909
0.954
0.873
0.958
0.894
0.978
0.962
0.942
0.899
0.972
0.929
0.951
0.910
0.937
0.945
0.869
0.891
0.862
0.866
0.885
0.883
0.814
0.881
0.859
0.856
0.923
0.857
0.868
0.890
0.860
0.849
0.914
0.892
0.942
0.945
0.957
0.828
0.834
0.826
0.807
0.865
0.805
0.844
0.849
0.811
0.833
0.808
0.825
0.858
0.870
0.884
0.885
0.896
0.874
0.930
0.899
0.912
0.894
0.761
0.816
0.783
0.684
0.792
0.787
0.760
0.724
0.670
0.730
0.806
0.924
0.800
0.890
0.895
0.823
0.903
0.906
0.940
0.914
0.965
0.871
0.917
0.924
0.962
0.900
0.946
0.968
0.971
0.970
0.895
0.950
0.900
0.816
0.823
0.864
0.842
0.856
0.837
0.899
0.956
0.909
0.924
0.921
0.944
0.861
0.919
0.831
0.934
0.891
0.965
0.914
0.969
0.931
0.927
0.936
0.941
0.964
0.976
0.960
0.974
0.956
0.978
0.964
0.948
0.980
0.976
0.969
0.931
0.919
0.972
0.977
0.974
0.973
0.909
0.965
0.972
0.972
0.893
0.946
0.939
0.941
0.944
0.934
0.957
0.911
0.907
0.964
0.973
0.963
0.967
0.955
0.972
0.948
0.952
0.972
0.910
0.947
0.880
0.937
0.933
0.900
0.966
0.972
0.979
0.980
0.989
0.990
0.983
0.976
0.987
0.987
0.990
0.990
0.991
0.989
0.986
0.986
0.980
0.971
0.991
0.966
0.949
0.963
0.950
0.945
0.938
0.906
0.918
0.892
0.964
0.992
0.989
0.976
0.992
0.962
0.956
0.979
0.987
0.959
0.953
0.945
0.929
0.942
0.976
0.975
0.962
0.974
0.990
0.980
0.963
0.962
0.956
0.925
0.953
0.921
0.919
0.963
0.935
0.923
0.919
0.895
0.831
0.786
0.852
0.902
0.928
0.910
0.864
0.907
0.870
0.884
0.926
0.850
0.810
0.812
0.844
0.866
0.865
0.845
0.902
0.983
0.965
0.951
0.866
0.918
0.890
0.867
0.849
0.943
0.959
0.945
0.956
0.848
0.865
0.925
0.975
0.980
0.985
0.893
0.967
0.981
0.865
0.977
0.935
0.849
0.898
0.970
0.931
0.940
0.880
0.935
0.954
0.973
0.915
0.982
0.972
0.974
0.969
0.916
0.970
0.937
0.946
0.965
0.939
0.959
0.958
0.940
0.875
0.797
0.847
0.922
0.916
0.905
0.892
0.861
0.855
0.949
0.961
0.971
0.970
0.959
0.970
0.952
0.939
0.898
0.867
0.962
0.971
0.958
0.811
0.878
0.961
0.817
0.895
0.864
0.970
0.966
0.957
0.973
0.963
0.976
0.982
0.981
0.974
0.934
0.819
0.925
0.930
0.836
0.864
0.848
0.859
0.869
0.792
0.771
0.767
0.841
0.885
0.937
0.893
0.902
0.866
0.807
0.799
0.800
0.718
0.551
0.601
0.577
0.587
0.670
0.631
0.603
0.609
0.591
0.577
0.589
0.585
0.632
0.559
0.582
0.649
0.705
0.617
0.595
0.633
0.812
0.700
0.634
0.591
0.661
0.632
0.527
0.573
0.825
0.834
0.802
0.767
0.669
0.738
0.705
0.782
0.775
0.785
0.807
0.693
0.708
0.703
0.776
0.892
0.945
0.839
0.869
0.941
0.779
0.798
0.856
0.861
0.836
0.759
0.695
0.808
0.845
0.854
0.883
0.922
0.895
0.819
0.860
0.831
0.841
0.895
0.867
0.828
0.890
0.780
0.826
0.810
0.809
0.847
0.808
0.809
0.839
0.942
0.934
0.808
0.835
0.844
0.791
0.772
0.716
0.671
0.775
0.838
0.806
0.884
0.882
0.965
0.934
0.930
0.849
0.936
0.820
0.836
0.886
0.742
0.671
0.745
0.825
0.899
0.919
0.931
0.887
0.880
0.927
0.946
0.912
0.777
0.866
0.935
0.972
0.931
0.844
0.928
0.930
0.959
0.870
0.936
0.901
0.811
0.784
0.734
0.796
0.889
0.885
0.926
0.948
0.967
0.947
0.943
0.939
0.957
0.974
0.979
0.932
0.966
0.975
0.951
0.961
0.917
0.846
0.840
0.950
0.979
0.976
0.965
0.948
0.929
0.876
0.933
0.924
0.964
0.949
0.982
0.906
0.954
0.863
0.835
0.837
0.883
0.938
0.960
0.914
0.938
0.955
0.956
0.954
0.906
0.970
0.965
0.975
0.950
0.974
0.968
0.979
0.978
0.988
0.984
0.963
0.951
0.934
0.950
0.928
0.886
0.839
0.846
0.854
0.825
0.890
0.830
0.883
0.919
0.886
0.869
0.885
0.885
0.912
0.989
0.921
0.862
0.846
0.884
0.872
0.906
0.911
0.951
0.919
0.880
0.895
0.919
0.831
0.895
0.923
0.862
0.894
0.981
0.965
0.990
0.965
0.947
0.933
0.881
0.903
0.902
0.964
0.955
0.939
0.965
0.922
0.906
0.943
0.989
0.925
0.956
0.989
0.990
0.973
0.979
0.845
0.905
0.960
0.962
0.944
0.968
0.985
0.956
0.988
0.982
0.973
0.989
0.980
0.983
0.989
0.984
0.979
0.979
0.984
0.989
0.989
0.953
0.952
0.972
0.981
0.952
0.950
0.897
0.902
0.934
0.923
0.931
0.977
0.974
0.962
0.957
0.954
0.978
0.940
0.900
0.793
0.742
0.859
0.959
0.902
0.949
0.891
0.879
0.932
0.894
0.955
0.904
0.905
0.941
0.979
0.967
0.972
0.965
0.961
0.975
0.976
0.982
0.958
0.856
0.830
0.778
0.853
0.905
0.888
0.913
0.960
0.955
0.977
0.974
0.953
0.972
0.899
0.940
0.954
0.958
0.934
0.908
0.941
0.854
0.839
0.886
0.870
0.954
0.920
0.947
0.902
0.874
0.934
0.917
0.958
0.947
0.955
0.838
0.891
0.741
0.777
0.928
0.912
0.823
0.842
0.925
0.845
0.913
0.894
0.960
0.975
0.972
-99.000
0.976
0.975
0.901
0.900
0.961
0.923
0.892
0.852
0.909
0.897
0.844
0.854
0.757
0.746
0.847
0.836
0.820
0.802
0.767
0.701
0.678
0.749
0.790
0.730
0.669
0.721
0.717
0.707
0.803
0.742
0.735
0.634
0.689
0.781
0.811
0.760
0.734
0.690
0.686
0.659
0.732
0.710
0.672
0.578
0.614
0.635
0.653
0.663
0.659
0.610
0.748
0.668
0.643
0.674
0.658
0.606
0.581
0.593
0.662
0.637
0.629
0.593
0.626
0.735
0.772
0.797
0.746
0.621
0.569
0.626
0.643
0.628
0.627
0.699
0.744
0.834
0.779
0.881
0.749
0.811
0.717
0.698
0.740
0.828
0.878
0.917
0.845
0.689
0.629
0.678
0.731
0.752
0.819
0.830
0.871
0.744
0.773
0.736
0.617
0.642
0.731
0.698
0.710
0.683
0.758
0.867
0.760
0.705
0.683
0.734
0.743
0.814
0.771
0.797
0.824
0.918
0.949
0.893
0.908
0.832
0.919
0.908
0.845
0.940
0.840
0.914
0.887
0.846
0.830
0.934
0.923
0.941
0.966
0.953
0.973
0.934
0.978
0.975
0.974
0.977
0.945
0.952
0.925
0.941
0.850
0.920
0.912
0.935
0.889
0.894
0.916
0.963
0.895
0.947
0.936
0.935
0.927
0.964
0.905
0.821
0.825
0.853
0.954
0.970
0.940
0.899
0.938
0.887
0.912
0.929
0.907
0.913
0.913
0.954
0.964
0.969
0.963
0.979
0.939
0.962
0.912
0.895
0.958
0.967
0.903
0.965
0.894
0.899
0.866
0.917
0.929
0.967
0.834
0.817
0.808
0.808
0.849
0.938
0.955
0.940
0.904
0.878
0.788
0.851
0.781
0.820
0.869
-99.000
-99.000
-99.000
-99.000
-99.000
-99.000
-99.000
-99.000
0.942
0.860
0.896
0.875
0.918
0.988
0.987
0.887
0.923
0.920
0.909
0.895
0.888
0.903
0.825
0.844
0.828
0.875
0.911
0.922
0.900
0.958
0.981
0.969
0.918
0.889
0.939
0.867
0.878
0.864
0.922
0.930
0.801
0.791
0.819
0.847
0.872
0.824
0.921
0.937
0.924
0.910
0.909
0.981
0.930
0.885
0.885
0.926
0.918
0.930
0.841
0.812
0.884
0.820
0.821
0.826
0.799
0.782
0.799
0.832
0.863
0.882
0.972
0.919
0.858
0.942
0.950
0.957
0.978
0.981
0.910
0.974
0.981
0.945
0.932
0.857
0.868
0.873
0.862
0.875
0.925
0.884
0.933
0.922
0.883
0.966
0.955
0.915
0.970
0.953
0.972
0.956
0.973
0.959
0.923
0.936
0.954
0.862
0.873
0.914
0.817
0.798
0.750
0.850
0.900
0.889
0.905
0.826
0.875
0.834
0.832
0.852
0.862
0.867
0.859
0.882
0.963
0.938
0.969
0.859
0.958
0.948
0.969
0.974
0.954
0.968
0.959
0.962
0.841
0.874
0.846
0.827
0.781
0.802
0.819
0.904
0.918
0.776
0.814
0.921
0.938
0.962
0.970
0.967
0.954
0.904
0.929
0.827
0.732
0.726
0.737
0.713
0.799
0.804
0.938
0.958
0.948
0.933
0.787
0.735
0.681
0.746
0.847
0.819
0.804
0.800
0.705
0.676
0.762
0.734
0.816
0.760
0.755
0.785
0.766
0.789
0.704
0.694
0.629
0.716
0.792
0.796
0.771
0.791
0.844
0.738
0.704
0.750
0.736
0.761
0.784
0.775
0.764
0.764
0.763
0.804
0.803
0.961
0.889
0.802
0.738
0.709
0.774
0.785
0.718
0.796
0.894
0.894
0.974
0.842
0.831
0.785
0.892
0.913
0.850
0.843
0.906
0.827
0.818
0.767
0.762
0.745
0.855
0.847
0.833
0.727
0.719
0.745
0.821
0.782
0.721
0.664
0.717
0.690
0.695
0.670
0.767
0.668
0.678
0.801
0.844
0.811
0.769
0.767
0.818
0.876
0.884
0.965
0.859
0.780
0.787
0.823
0.821
0.787
0.739
0.802
0.845
0.878
0.814
0.689
0.682
0.769
0.830
0.876
0.929
0.961
0.886
0.871
0.893
0.967
0.841
0.867
0.959
0.950
0.946
0.963
0.975
0.972
0.836
0.824
0.857
0.953
0.920
0.973
0.973
0.966
0.969
0.912
0.916
0.971
0.963
0.969
0.971
0.965
0.938
0.922
0.955
0.930
0.943
0.968
0.966
0.970
0.976
0.943
0.972
0.970
0.954
0.959
0.917
0.940
0.938
0.840
0.835
0.878
0.902
0.924
0.972
0.947
0.972
0.938
0.975
0.945
0.975
0.972
0.978
0.974
0.793
0.879
0.970
0.958
0.961
0.970
0.972
0.973
0.975
0.914
0.923
0.973
0.953
0.968
0.976
0.948
0.968
0.960
0.943
0.950
0.924
0.932
0.945
0.895
0.829
0.795
0.758
0.769
0.732
0.682
0.745
0.644
0.666
0.746
0.784
0.864
0.871
0.876
0.834
0.801
0.790
0.806
0.808
0.823
0.868
0.866
0.845
0.884
0.902
0.859
0.844
0.835
0.842
0.858
0.867
0.936
0.889
0.936
0.860
0.887
0.885
0.872
0.821
0.813
0.765
0.808
0.815
0.837
0.862
0.799
0.684
0.721
0.878
0.959
0.897
0.869
0.921
0.859
0.933
0.978
0.973
0.975
0.966
0.905
0.946
0.948
0.910
0.864
0.906
0.811
0.838
0.877
0.897
0.911
0.916
0.933
0.970
0.975
0.875
0.880
0.881
0.869
0.785
0.835
0.842
0.852
0.939
0.958
0.966
0.969
0.948
0.948
0.947
0.948
0.839
0.839
0.736
0.603
0.683
0.638
0.717
0.750
0.709
0.665
0.709
0.857
0.872
0.916
0.925
0.932
0.907
0.918
0.925
0.980
0.926
0.960
0.980
0.870
0.890
0.937
0.958
0.950
0.957
0.957
0.971
0.947
0.936
0.934
0.943
0.949
0.942
0.978
0.958
0.947
0.951
0.952
0.960
0.927
0.883
0.962
0.866
0.971
0.966
0.901
0.940
0.860
0.912
0.893
0.852
0.849
0.857
0.891
0.917
0.930
0.846
0.954
0.868
0.857
0.930
0.949
0.952
0.916
0.872
0.907
0.829
0.951
0.930
0.929
0.980
0.952
0.900
0.927
0.951
0.964
0.868
0.787
0.845
0.840
0.820
0.852
0.843
0.827
0.837
0.849
0.909
0.806
0.876
0.974
0.933
0.914
0.967
0.938
0.951
0.967
0.972
0.975
0.907
0.939
0.896
0.876
0.872
0.793
0.954
0.958
0.955
0.931
0.930
0.907
0.866
0.831
0.822
0.829
0.798
0.737
0.731
0.748
0.701
0.717
0.750
0.696
0.704
0.663
0.807
0.811
0.759
0.806
0.770
0.850
0.753
0.837
0.907
0.915
0.813
0.832
0.815
0.835
0.873
0.782
0.812
0.841
0.931
0.865
0.843
0.822
0.811
0.871
0.837
0.962
0.921
0.897
0.859
0.924
0.909
0.945
0.862
0.959
0.911
0.933
0.913
0.784
0.803
0.917
0.975
0.929
0.960
0.929
0.878
0.862
0.918
0.944
0.905
0.971
0.968
0.975
0.974
0.952
0.926
0.949
0.849
0.881
0.909
0.973
0.906
0.897
0.938
0.962
0.962
0.929
0.805
0.810
0.776
0.891
0.913
0.968
0.939
0.977
0.922
0.879
0.798
0.813
0.819
0.769
0.780
0.883
0.934
0.967
0.975
0.924
0.939
0.950
0.913
0.906
0.901
0.952
0.935
0.937
0.942
0.964
0.978
0.974
0.960
0.961
0.951
0.976
0.866
0.952
0.954
0.899
0.958
0.978
0.953
0.970
0.982
0.887
0.882
0.897
0.934
0.943
0.957
0.968
0.972
0.951
0.937
0.972
0.973
0.946
0.966
0.979
0.979
0.928
0.952
0.923
0.959
0.925
0.971
0.972
0.967
0.971
0.967
0.961
0.961
0.946
0.955
0.936
0.902
0.871
0.954
0.934
0.916
0.903
0.896
0.942
0.888
0.830
0.758
0.881
0.954
0.943
0.963
0.927
0.947
0.954
0.975
0.969
0.974
0.953
0.901
0.906
0.916
0.968
0.947
0.904
0.916
0.875
0.938
0.866
0.816
0.892
0.933
0.887
0.895
0.923
0.898
0.916
0.917
0.916
0.925
0.880
0.879
0.889
0.910
0.927
0.964
0.897
0.902
0.869
0.914
0.936
0.972
0.955
0.924
0.914
0.950
0.932
0.915
0.934
0.921
0.898
0.925
0.956
0.822
0.798
0.850
0.838
0.897
0.938
0.923
0.966
0.967
0.920
0.898
0.936
0.919
0.851
0.788
0.895
0.900
0.938
0.967
0.953
0.925
0.921
0.933
0.958
0.962
0.860
0.928
0.924
0.918
0.942
0.973
0.976
0.968
0.953
0.962
0.978
0.880
0.924
0.958
0.951
0.955
0.927
0.945
0.932
0.975
0.970
0.953
0.937
0.914
0.886
0.850
0.819
0.881
0.905
0.931
0.866
0.896
0.909
0.946
0.945
0.920
0.932
0.900
0.936
0.904
0.877
0.922
0.833
0.819
0.897
0.896
0.934
0.972
0.892
0.975
0.966
0.962
0.926
0.971
0.959
0.970
0.927
0.973
0.897
0.950
0.965
0.922
0.905
0.964
0.921
0.783
0.664
0.676
0.716
0.658
0.648
0.750
0.829
0.827
0.796
0.892
0.877
0.855
0.864
0.880
0.880
0.807
0.853
0.937
0.858
0.892
0.908
0.843
0.918
0.888
0.875
0.852
0.810
0.837
0.782
0.756
0.637
0.621
0.758
0.785
0.750
0.876
0.854
0.854
0.793
0.881
0.875
0.881
0.899
0.828
0.848
0.824
0.749
0.713
0.786
0.832
0.762
0.728
0.785
0.799
0.756
0.668
0.699
0.622
0.605
0.595
0.682
0.616
0.581
0.673
0.794
0.782
0.812
0.862
0.953
0.922
0.940
0.877
0.931
0.924
0.954
0.932
0.841
0.795
0.691
0.753
0.719
0.842
0.777
0.848
0.791
0.701
0.819
0.817
0.700
0.789
0.801
0.844
0.770
0.724
0.846
0.922
0.912
0.908
0.783
0.866
0.901
0.875
0.869
0.868
0.884
0.866
0.889
0.851
0.781
0.887
0.938
0.973
0.974
0.906
0.899
0.867
0.894
0.896
0.908
0.827
0.809
0.685
0.750
0.754
0.792
0.799
0.813
0.873
0.907
0.962
0.808
0.915
0.859
0.910
0.968
0.907
0.803
0.803
0.888
0.867
0.961
0.963
0.866
0.840
0.925
0.909
0.948
0.921
0.941
0.967
0.874
0.888
0.922
0.947
0.841
0.798
0.865
0.879
0.912
0.942
0.969
0.904
0.973
0.975
0.975
0.941
0.962
0.909
0.894
0.975
0.968
0.977
0.947
0.929
0.955
0.944
0.926
0.953
0.815
0.893
0.970
0.920
0.929
0.975
0.955
0.929
0.933
0.900
0.980
0.952
0.909
0.881
0.872
0.903
0.925
0.848
0.850
0.947
0.972
0.969
0.973
0.972
0.964
0.912
0.896
0.854
0.913
0.911
0.855
0.875
0.899
0.848
0.770
0.816
0.814
0.824
0.851
0.812
0.801
0.856
0.938
0.946
0.973
0.964
0.927
0.912
0.933
0.909
0.786
0.872
0.916
0.893
0.939
0.956
0.976
0.972
0.974
0.969
0.925
0.959
0.965
0.936
0.947
0.925
0.890
0.877
0.892
0.830
0.880
0.830
0.861
0.846
0.850
0.789
0.870
0.800
0.839
0.858
0.853
0.809
0.780
0.852
0.919
0.886
0.969
0.940
0.883
0.873
0.908
0.921
0.941
0.969
0.889
0.914
0.917
0.879
0.832
0.929
0.952
0.965
0.881
0.941
0.963
0.967
0.949
0.910
0.841
0.928
0.964
0.871
0.897
0.900
0.913
0.903
0.899
0.827
0.774
0.807
0.749
0.757
0.793
0.787
0.804
0.828
0.829
0.907
0.864
0.838
0.859
0.933
0.951
0.956
0.973
0.971
0.968
0.929
0.954
0.975
0.960
0.954
0.940
0.948
0.951
0.914
0.915
0.867
0.864
0.738
0.702
0.846
0.894
0.931
0.947
0.939
0.936
0.924
0.924
0.971
0.959
0.970
0.968
0.975
0.930
0.939
0.912
0.963
0.981
0.971
0.981
0.954
0.965
0.974
0.963
0.960
0.971
0.974
0.965
0.925
0.906
0.948
0.931
0.918
0.934
0.846
0.774
0.782
0.732
0.682
0.825
0.821
0.812
0.782
0.824
0.788
0.863
0.855
0.837
0.924
0.876
0.882
0.923
0.865
0.849
0.903
0.924
0.786
0.695
0.728
0.812
0.846
0.839
0.925
0.848
0.920
0.872
0.917
0.829
0.732
0.744
0.708
0.670
0.741
0.795
0.904
0.726
0.734
0.792
0.714
0.716
0.779
0.734
0.771
0.722
0.739
0.799
0.887
0.838
0.832
0.911
0.932
0.954
0.773
0.824
0.852
0.813
0.755
0.834
0.891
0.868
0.795
0.772
0.801
0.735
0.758
0.653
0.690
0.881
0.726
0.658
0.789
0.657
0.617
0.672
0.805
0.673
0.733
0.734
0.722
0.687
0.708
0.753
0.675
0.731
0.751
0.762
0.899
0.771
0.710
0.699
0.662
0.690
0.591
0.537
0.542
0.639
0.804
0.898
0.916
0.839
0.899
0.890
0.950
0.929
0.869
0.801
0.659
0.658
0.789
0.846
0.802
0.829
0.846
0.846
0.838
0.815
0.803
0.727
0.704
0.750
0.751
0.850
0.900
0.880
0.920
0.963
0.889
0.841
0.807
0.840
0.904
0.872
0.853
0.891
0.887
0.963
0.958
0.970
0.907
0.891
0.878
0.917
0.968
0.964
0.964
0.945
0.915
0.953
0.972
0.958
0.965
0.971
0.982
0.934
0.939
0.968
0.910
0.922
0.921
0.917
0.956
0.955
0.967
0.942
0.966
0.974
0.972
0.956
0.962
0.943
0.865
0.905
0.921
0.835
0.786
0.821
0.802
0.775
0.782
0.764
0.767
0.823
0.838
0.883
0.928
0.944
0.970
0.895
0.921
0.950
0.938
0.950
0.968
0.914
0.932
0.976
0.977
0.978
0.973
0.930
0.963
0.971
0.903
0.873
0.943
0.883
0.877
0.835
0.769
0.683
0.735
0.730
0.784
0.746
0.728
0.796
0.829
0.915
0.875
0.914
0.902
0.937
0.905
0.936
0.965
0.980
0.978
0.955
0.944
0.919
0.944
0.953
0.951
0.857
0.887
0.935
0.908
0.937
0.909
0.863
0.956
0.866
0.939
0.907
0.896
0.866
0.831
0.760
0.684
0.756
0.763
0.723
0.778
0.836
0.788
0.812
0.800
0.850
0.950
0.936
0.824
0.863
0.803
0.895
0.815
0.828
0.877
0.869
0.920
0.904
0.924
0.916
0.943
0.939
0.960
0.973
0.934
0.735
0.734
0.662
0.593
0.714
0.816
0.838
0.888
0.950
0.962
0.967
0.917
0.967
0.977
0.905
0.903
0.972
0.893
0.964
0.909
0.888
0.952
0.946
0.856
0.801
0.819
0.757
0.733
0.780
0.838
0.864
0.866
0.954
0.969
0.956
0.965
0.941
0.917
0.896
0.953
0.925
0.890
0.820
0.893
0.929
0.910
0.853
0.958
0.958
0.975
0.966
0.958
0.925
0.979
0.960
0.962
0.960
0.888
0.894
0.923
0.839
0.872
0.827
0.872
0.944
0.948
0.926
0.922
0.942
0.954
0.897
0.927
0.911
0.913
0.917
0.820
0.836
0.876
0.855
0.859
0.857
0.825
0.910
0.862
0.903
0.975
0.979
0.951
0.975
0.960
0.940
0.936
0.972
0.884
0.836
0.778
0.772
0.814
0.852
0.896
0.906
0.937
0.903
0.908
0.912
0.819
0.736
0.798
0.762
0.709
0.747
0.805
0.883
0.864
0.873
0.890
0.910
0.936
0.883
0.886
0.850
0.902
0.830
0.861
0.882
0.821
0.834
0.849
0.787
0.812
0.792
0.815
0.874
0.857
0.905
0.812
0.812
0.809
0.792
0.743
0.804
0.848
0.758
0.665
0.684
0.682
0.762
0.648
0.585
0.593
0.594
0.662
0.674
0.698
0.778
0.657
0.659
0.815
0.863
0.911
0.941
0.782
0.697
0.586
0.783
0.786
0.836
0.848
0.931
0.788
0.741
0.729
0.679
0.580
0.628
0.610
0.630
0.810
0.719
0.765
0.758
0.743
0.709
0.619
0.577
0.686
0.714
0.657
0.624
0.696
0.672
0.582
0.553
0.678
0.770
0.668
0.720
0.731
0.592
0.561
0.595
0.581
0.548
0.623
0.745
0.884
0.882
0.872
0.958
0.886
0.845
0.851
0.899
0.865
0.916
0.848
0.869
0.930
0.793
0.801
0.893
0.931
0.914
0.817
0.758
0.800
0.934
0.969
0.874
0.833
0.818
0.890
0.901
0.852
0.787
0.896
0.864
0.851
0.803
0.808
0.655
0.545
0.657
0.750
0.743
0.789
0.869
0.950
0.801
0.832
0.797
0.886
0.842
0.882
0.922
0.932
0.926
0.942
0.859
0.911
0.949
0.966
0.975
0.915
0.974
0.932
0.944
0.953
0.976
0.919
0.893
0.864
0.845
0.911
0.882
0.970
0.918
0.877
0.838
0.817
0.785
0.790
0.776
0.859
0.889
0.935
0.962
0.918
0.857
0.831
0.864
0.910
0.918
0.882
0.898
0.959
0.983
0.983
0.976
0.932
0.948
0.936
0.921
0.927
0.926
0.890
0.831
0.822
0.895
0.909
0.950
0.859
0.787
0.821
0.867
0.903
0.840
0.824
0.885
0.888
0.871
0.692
0.651
0.749
0.840
0.879
0.974
0.890
0.848
0.795
0.675
0.692
0.777
0.790
0.762
0.805
0.880
0.944
0.884
0.868
0.865
0.862
0.907
0.890
0.964
0.861
0.849
0.921
0.802
0.909
0.803
0.820
0.857
0.953
0.948
0.949
0.969
0.884
0.858
0.875
0.829
0.782
0.733
0.871
0.919
0.864
0.813
0.764
0.660
0.744
0.824
0.841
0.845
0.872
0.802
0.772
0.798
0.831
0.833
0.853
0.793
0.870
0.740
0.748
0.802
0.889
0.915
0.939
0.902
0.838
0.669
0.712
0.888
0.892
0.859
0.826
0.798
0.875
0.859
0.843
0.826
0.890
0.847
0.952
0.951
0.901
0.883
0.905
0.874
0.882
0.840
0.764
0.815
0.841
0.925
0.963
0.954
0.923
0.953
0.976
0.967
0.940
0.960
0.941
0.957
0.944
0.859
0.831
0.894
0.895
0.831
0.826
0.915
0.949
0.925
0.821
0.922
0.949
0.937
0.949
0.939
0.937
0.863
0.672
0.747
0.869
0.753
0.737
0.841
0.854
0.859
0.949
0.867
0.825
0.823
0.828
0.936
0.874
0.833
0.838
0.884
0.968
0.960
0.931
0.905
0.923
0.930
0.812
0.879
0.831
0.877
0.866
0.905
0.823
0.752
0.707
0.742
0.750
0.629
0.585
0.629
0.663
0.773
0.834
0.777
0.660
0.581
0.581
0.564
0.675
0.762
0.823
0.781
0.765
0.679
0.613
0.546
0.589
0.580
0.636
0.676
0.705
0.660
0.672
0.707
0.690
0.805
0.837
0.920
0.909
0.791
0.743
0.593
0.597
0.672
0.663
0.699
0.623
0.558
0.648
0.702
0.766
0.784
0.777
0.731
0.769
0.796
0.705
0.706
0.698
0.674
0.646
0.718
0.749
0.744
0.768
0.736
0.693
0.710
0.787
0.894
0.915
0.865
0.810
0.739
0.704
0.650
0.707
0.735
0.597
0.484
0.648
0.718
0.802
0.779
0.810
0.837
0.878
0.833
0.743
0.734
0.801
0.733
0.786
0.693
0.665
0.721
0.719
0.752
0.815
0.850
0.873
0.878
0.905
0.916
0.786
0.786
0.878
0.932
0.876
0.965
0.936
0.867
0.801
0.745
0.697
0.718
0.843
0.843
0.822
0.792
0.886
0.933
0.878
0.882
0.884
0.832
0.863
0.863
0.724
0.567
0.593
0.726
0.806
0.758
0.804
0.794
0.758
0.824
0.880
0.892
0.799
0.803
0.851
0.882
0.941
0.831
0.886
0.813
0.858
0.918
0.945
0.933
0.945
0.966
0.976
0.947
0.903
0.866
0.967
0.966
0.910
0.949
0.954
0.980
0.955
0.976
0.964
0.940
0.946
0.963
0.956
0.957
0.982
0.962
0.949
0.958
0.948
0.971
0.962
0.952
0.972
0.941
0.930
0.926
0.933
0.948
0.966
0.978
0.982
0.972
0.906
0.850
0.970
0.930
0.832
0.858
0.798
0.838
0.836
0.808
0.738
0.733
0.793
0.847
0.915
0.862
0.921
0.819
0.796
0.743
0.736
0.764
0.850
0.951
0.967
0.964
0.950
0.911
0.922
0.856
0.861
0.889
0.973
0.904
0.970
0.951
0.940
0.934
0.926
0.831
0.837
0.801
0.763
0.736
0.805
0.901
0.852
0.890
0.933
0.953
0.961
0.929
0.893
0.888
0.898
0.889
0.837
0.881
0.873
0.910
0.947
0.904
0.846
0.827
0.809
0.811
0.792
0.865
0.882
0.867
0.687
0.714
0.844
0.871
0.901
0.887
0.869
0.901
0.890
0.864
0.915
0.874
0.897
0.844
0.853
0.884
0.898
0.826
0.788
0.659
0.800
0.832
0.844
0.909
0.964
0.881
0.929
0.959
0.948
0.886
0.951
0.956
0.965
0.959
0.973
0.958
0.934
0.948
0.932
0.937
0.946
0.955
0.964
0.936
0.967
0.961
0.962
0.951
0.939
0.966
0.969
0.932
0.968
0.874
0.940
0.959
0.976
0.969
0.904
0.820
0.797
0.771
0.852
0.921
0.947
0.964
0.857
0.847
0.934
0.858
0.945
0.945
0.969
0.943
0.891
0.851
0.921
0.891
0.912
0.970
0.967
0.978
0.968
0.817
0.823
0.847
0.817
0.839
0.933
0.943
0.915
0.950
0.938
0.970
0.941
0.954
0.958
0.975
0.929
0.755
0.662
0.669
0.718
0.649
0.688
0.728
0.720
0.687
0.680
0.724
0.721
0.713
0.830
0.784
0.765
0.692
0.718
0.740
0.760
0.799
0.877
0.826
0.732
0.695
0.854
0.863
0.836
0.792
0.794
0.838
0.961
0.943
0.837
0.794
0.719
0.629
0.684
0.808
0.802
0.817
0.733
0.708
0.705
0.764
0.738
0.691
0.557
0.646
0.719
0.688
0.719
0.755
0.794
0.737
0.768
0.774
0.762
0.735
0.628
0.639
0.587
0.624
0.627
0.586
0.588
0.574
0.649
0.834
0.790
0.787
0.807
0.716
0.724
0.728
0.719
0.821
0.866
0.802
0.700
0.608
0.572
0.612
0.641
0.711
0.782
0.762
0.867
0.873
0.812
0.818
0.880
0.818
0.759
0.773
0.771
0.829
0.793
0.868
0.866
0.888
0.755
0.826
0.892
0.897
0.926
0.857
0.870
0.857
0.895
0.792
0.856
0.796
0.795
0.870
0.932
0.742
0.738
0.738
0.800
0.955
0.901
0.835
0.839
0.910
0.770
0.734
0.706
0.767
0.812
0.827
0.787
0.788
0.679
0.664
0.846
0.856
0.904
0.939
0.962
0.951
0.862
0.896
0.789
0.866
0.851
0.806
0.752
0.813
0.865
0.921
0.921
0.973
0.908
0.962
0.905
0.860
0.935
0.968
0.960
0.895
0.835
0.927
0.925
0.951
0.981
0.953
0.976
0.937
0.911
0.960
0.959
0.967
0.965
0.939
0.975
0.948
0.973
0.980
0.971
0.978
0.976
0.931
0.979
0.983
0.972
0.955
0.934
0.920
0.845
0.764
0.813
0.910
0.938
0.968
0.962
0.974
0.980
0.974
0.952
0.904
0.861
0.874
0.830
0.845
0.878
0.824
0.890
0.851
0.788
0.812
0.826
0.798
0.757
0.788
0.809
0.943
0.966
0.890
0.826
0.922
0.964
0.956
0.893
0.899
0.895
0.781
0.889
0.918
0.947
0.921
0.928
0.939
0.877
0.862
0.880
0.852
0.819
0.776
0.773
0.863
0.932
0.943
0.955
0.937
0.957
0.965
0.954
0.792
0.917
0.981
0.895
0.893
0.881
0.927
0.892
0.862
0.907
0.979
0.943
0.959
0.899
0.915
0.843
0.885
0.933
0.947
0.977
0.965
0.896
0.954
0.966
0.961
0.950
0.941
0.952
0.969
0.971
0.931
0.906
0.927
0.902
0.926
0.941
0.964
0.950
0.975
0.968
0.975
0.963
0.906
0.899
0.943
0.937
0.932
0.963
0.901
0.896
0.837
0.872
0.969
0.970
0.955
0.968
0.968
0.948
0.940
0.962
0.958
0.959
0.947
0.919
0.954
0.930
0.909
0.948
0.962
0.959
0.851
0.776
0.919
0.963
0.953
0.878
0.873
0.804
0.831
0.856
0.844
0.853
0.952
0.954
0.974
0.966
0.971
0.943
0.897
0.849
0.822
0.801
0.849
0.873
0.911
0.871
0.889
0.902
0.843
0.853
0.807
0.814
0.911
0.933
0.931
0.930
0.926
0.894
0.844
0.939
0.961
0.978
0.910
0.944
0.963
0.881
0.836
0.816
0.842
0.828
0.823
0.853
0.946
0.842
0.766
0.684
0.737
0.752
0.805
0.808
0.794
0.788
0.738
0.733
0.836
0.723
0.790
0.882
0.801
0.818
0.816
0.877
0.846
0.806
0.783
0.812
0.802
0.775
0.758
0.778
0.792
0.817
0.864
0.912
0.738
0.731
0.768
0.631
0.581
0.580
0.585
0.591
0.562
0.690
0.648
0.683
0.766
0.845
0.858
0.798
0.667
0.766
0.736
0.705
0.805
0.669
0.722
0.731
0.764
0.719
0.610
0.688
0.692
0.735
0.844
0.882
0.904
0.907
0.765
0.705
0.722
0.783
0.754
0.840
0.725
0.788
0.858
0.793
0.682
0.697
0.830
0.826
0.770
0.720
0.644
0.663
0.715
0.790
0.779
0.858
0.813
0.838
0.737
0.733
0.751
0.780
0.738
0.773
0.710
0.707
0.759
0.722
0.749
0.725
0.758
0.740
0.660
0.652
0.760
0.825
0.925
0.895
0.970
0.941
0.923
0.816
0.792
0.908
0.956
0.935
0.883
0.880
0.888
0.816
0.875
0.888
0.862
0.945
0.959
0.887
0.882
0.940
0.849
0.852
0.905
0.945
0.972
0.975
0.959
0.921
0.956
0.924
0.912
0.973
0.910
0.928
0.906
0.930
0.838
0.803
0.831
0.807
0.855
0.953
0.969
0.978
0.931
0.941
0.911
0.885
0.922
0.838
0.894
0.881
0.926
0.910
0.913
0.959
0.944
0.955
0.976
0.971
0.892
0.976
0.966
0.978
0.969
0.970
0.855
0.907
0.964
0.979
0.975
0.934
0.913
0.940
0.882
0.804
0.852
0.853
0.833
0.817
0.901
0.907
0.919
0.881
0.787
0.829
0.821
0.868
0.912
0.947
0.924
0.961
0.897
0.892
0.909
0.968
0.869
0.783
0.797
0.835
0.803
0.806
0.783
0.832
0.853
0.817
0.841
0.803
0.831
0.869
0.864
0.944
0.792
0.782
0.848
0.778
0.711
0.758
0.830
0.813
0.872
0.839
0.773
0.738
0.727
0.733
0.732
0.802
0.830
0.952
0.864
0.823
0.820
0.912
0.862
0.915
0.867
0.859
0.905
0.759
0.759
0.753
0.766
0.717
0.669
0.672
0.742
0.757
0.822
0.969
0.969
0.962
0.977
0.933
0.973
0.929
0.919
0.954
0.907
0.866
0.841
0.897
0.884
0.940
0.947
0.961
0.962
0.978
0.953
0.965
0.821
0.828
0.856
0.964
0.895
0.909
0.971
0.974
0.968
0.975
0.970
0.948
0.818
0.869
0.914
0.962
0.961
0.968
0.968
0.950
0.927
0.920
0.903
0.910
0.929
0.968
0.956
0.971
0.935
0.933
0.901
0.931
0.945
0.932
0.969
0.966
0.950
0.938
0.968
0.971
0.969
0.855
0.929
0.829
0.784
0.924
0.946
0.984
0.965
0.947
0.965
0.832
0.931
0.962
0.976
0.964
0.967
0.966
0.870
0.902
0.891
0.916
0.897
0.841
0.951
0.919
0.875
0.950
0.902
0.937
0.943
0.952
0.946
0.936
0.931
0.954
0.881
0.934
0.851
0.851
0.820
0.911
0.922
0.859
0.967
0.982
0.940
0.958
0.857
0.800
0.771
0.763
0.881
0.858
0.913
0.925
0.931
0.848
0.809
0.810
0.847
0.850
0.881
0.897
0.906
0.804
0.796
0.796
0.794
0.821
0.829
0.869
0.823
0.782
0.828
0.857
0.770
0.732
0.740
0.745
0.775
0.762
0.748
0.780
0.853
0.909
0.794
0.895
0.948
0.847
0.852
0.842
0.905
0.909
0.941
0.970
0.972
0.961
0.964
0.894
0.860
0.876
0.915
0.948
0.954
0.874
0.788
0.657
0.639
0.760
0.938
0.974
0.884
0.872
0.841
0.896
0.950
0.925
0.926
0.847
0.844
0.784
0.888
0.905
0.863
0.931
0.905
0.879
0.859
0.818
0.765
0.683
0.606
0.571
0.603
0.644
0.665
0.755
0.790
0.855
0.893
0.897
0.902
0.912
0.847
0.867
0.861
0.897
0.830
0.761
0.894
0.782
0.852
0.889
0.842
0.803
0.820
0.823
0.875
0.927
0.959
0.845
0.851
0.822
0.795
0.775
0.924
0.927
0.934
0.964
0.951
0.964
0.967
0.906
0.969
0.926
0.851
0.860
0.975
0.929
0.968
0.970
0.880
0.899
0.856
0.882
0.918
0.924
0.915
0.825
0.806
0.858
0.936
0.891
0.869
0.974
0.964
0.922
0.909
0.862
0.953
0.954
0.957
0.963
0.973
0.981
0.969
0.930
0.922
0.971
0.950
0.957
0.952
0.980
0.981
0.878
0.970
0.931
0.936
0.936
0.904
0.859
0.897
0.971
0.961
0.953
0.980
0.979
0.979
0.928
0.951
0.886
0.971
0.978
0.958
0.980
0.977
0.974
0.956
0.964
0.943
0.914
0.886
0.940
0.907
0.939
0.967
0.960
0.966
0.955
0.919
0.930
0.892
0.897
0.833
0.910
0.864
0.921
0.890
0.875
0.844
0.946
0.962
0.874
0.828
0.911
0.979
0.959
0.904
0.972
0.979
0.971
0.956
0.972
0.973
0.971
0.973
0.970
0.970
0.866
0.858
0.892
0.911
0.927
0.954
0.980
0.942
0.968
0.963
0.946
0.977
0.964
0.958
0.957
0.957
0.939
0.899
0.926
0.923
0.908
0.961
0.937
0.923
0.970
0.973
0.899
0.972
0.969
0.970
0.891
0.860
0.940
0.973
0.966
0.960
0.968
0.912
0.964
0.972
0.973
0.972
0.977
0.938
0.974
0.954
0.965
0.904
0.961
0.963
0.966
0.948
0.877
0.837
0.863
0.930
0.915
0.926
0.908
0.958
0.937
0.937
0.961
0.957
0.958
0.954
0.941
0.897
0.957
0.938
0.913
0.949
0.919
0.910
0.917
0.928
0.963
0.960
0.975
0.949
0.951
0.912
0.956
0.925
0.966
0.967
0.958
0.904
0.967
0.957
0.963
0.865
0.831
0.859
0.837
0.814
0.903
0.935
0.871
0.947
0.851
0.948
0.917
0.967
0.886
0.845
0.828
0.967
0.911
0.901
0.963
0.970
0.919
0.957
0.963
0.971
0.940
0.950
0.970
0.847
0.865
0.865
0.842
0.861
0.950
0.936
0.950
0.911
0.852
0.905
0.879
0.867
0.811
0.803
0.723
0.710
0.676
0.788
0.779
0.878
0.899
0.877
0.828
0.908
0.967
0.857
0.788
0.794
0.814
0.694
0.735
0.919
0.889
0.949
0.975
0.966
0.861
0.821
0.887
0.889
0.801
0.804
0.817
0.891
0.952
0.954
0.924
0.875
0.845
0.868
0.838
0.745
0.788
0.761
0.672
0.613
0.728
0.717
0.710
0.737
0.774
0.910
0.975
0.845
0.880
0.730
0.798
0.792
0.747
0.743
0.792
0.835
0.767
0.786
0.757
0.769
0.903
0.805
0.757
0.671
0.691
0.740
0.706
0.688
0.795
0.859
0.893
0.746
0.810
0.849
0.865
0.871
0.929
0.924
0.938
0.890
0.792
0.867
0.908
0.931
0.870
0.928
0.921
0.909
0.902
0.849
0.937
0.920
0.834
0.791
0.725
0.720
0.789
0.780
0.749
0.710
0.831
0.873
0.830
0.785
0.719
0.779
0.814
0.820
0.811
0.794
0.860
0.824
0.761
0.744
0.854
0.840
0.944
0.954
0.959
0.971
0.931
0.975
0.967
0.969
0.965
0.967
0.940
0.955
0.954
0.962
0.937
0.979
0.964
0.926
0.921
0.801
0.862
0.928
0.924
0.911
0.957
0.913
0.842
0.947
0.927
0.959
0.820
0.839
0.747
0.758
0.868
0.947
0.934
0.854
0.868
0.834
0.896
0.974
0.963
0.966
0.969
0.916
0.817
0.769
0.816
0.760
0.754
0.834
0.888
0.927
0.938
0.962
0.928
0.969
0.952
0.942
0.941
0.929
0.920
0.915
0.907
0.884
0.923
0.938
0.956
0.913
0.895
0.872
0.853
0.839
0.726
0.714
0.694
0.751
0.869
0.847
0.803
0.791
0.767
0.790
0.820
0.923
0.864
0.938
0.936
0.951
0.977
0.959
0.965
0.867
0.951
0.919
0.934
0.902
0.945
0.958
0.947
0.880
0.817
0.898
0.956
0.915
0.961
0.861
0.870
0.957
0.959
0.972
0.973
0.939
0.977
0.982
0.962
0.913
0.944
0.906
0.946
0.958
0.951
0.976
0.970
0.963
0.972
0.980
0.978
0.926
0.917
0.903
0.924
0.907
0.885
0.943
0.931
0.897
0.833
0.778
0.771
0.819
0.828
0.811
0.759
0.821
0.794
0.816
0.916
0.955
0.872
0.752
0.714
0.692
0.681
0.657
0.645
0.671
0.684
0.742
0.805
0.783
0.856
0.932
0.945
0.928
0.967
0.919
0.955
0.918
0.967
0.955
0.920
0.972
0.945
0.923
0.958
0.950
0.960
0.962
0.881
0.846
0.856
0.849
0.888
0.867
0.859
0.849
0.808
0.892
0.904
0.855
0.899
0.954
0.935
0.909
0.936
0.961
0.949
0.944
0.947
0.971
0.959
0.953
0.960
0.945
0.952
0.884
0.799
0.821
0.807
0.761
0.756
0.769
0.823
0.779
0.668
0.736
0.863
0.836
0.858
0.855
0.909
0.901
0.856
0.857
0.826
0.777
0.724
0.836
0.838
0.852
0.834
0.890
0.916
0.960
0.852
0.869
0.865
0.814
0.867
0.953
0.788
0.963
0.948
0.952
0.966
0.947
0.981
0.945
0.955
0.959
0.974
0.830
0.885
0.924
0.859
0.787
0.747
0.751
0.780
0.776
0.792
0.806
0.846
0.878
0.929
0.825
0.741
0.723
0.722
0.631
0.530
0.556
0.594
0.676
0.639
0.711
0.744
0.668
0.568
0.693
0.631
0.694
0.670
0.712
0.753
0.706
0.609
0.560
0.597
0.596
0.564
0.567
0.611
0.685
0.746
0.833
0.807
0.848
0.789
0.686
0.658
0.640
0.546
0.554
0.563
0.546
0.565
0.581
0.612
0.619
0.667
0.717
0.702
0.611
0.531
0.584
0.735
0.817
0.725
0.608
0.667
0.719
0.775
0.833
0.820
0.794
0.640
0.584
0.689
0.810
0.826
0.732
0.755
0.771
0.898
0.914
0.964
0.975
0.969
0.913
0.771
0.756
0.785
0.750
0.656
0.643
0.674
0.686
0.834
0.912
0.911
0.898
0.917
0.964
0.945
0.822
0.885
0.769
0.834
0.886
0.898
0.863
0.896
0.795
0.888
0.758
0.745
0.780
0.897
0.969
0.954
0.913
0.949
0.954
0.889
0.925
0.967
0.941
0.917
0.945
0.964
0.958
0.958
0.900
0.948
0.919
0.958
0.940
0.949
0.968
0.895
0.884
0.802
0.802
0.828
0.830
0.820
0.803
0.835
0.871
0.906
0.923
0.975
0.939
0.965
0.972
0.930
0.943
0.974
0.978
0.942
0.973
0.911
0.961
0.947
0.975
0.973
0.942
0.975
0.980
0.961
0.972
0.963
0.910
0.835
0.904
0.812
0.794
0.737
0.757
0.809
0.811
0.796
0.819
0.929
0.967
0.841
0.896
0.886
0.871
0.833
0.867
0.815
0.685
0.624
0.687
0.643
0.688
0.750
0.770
0.751
0.653
0.737
0.625
0.546
0.607
0.743
0.866
0.926
0.949
0.855
0.787
0.760
0.760
0.813
0.848
0.840
0.903
0.874
0.873
0.828
0.815
0.812
0.782
0.828
0.811
0.786
0.751
0.783
0.886
0.820
0.800
0.867
0.868
0.664
0.731
0.891
0.927
0.856
0.956
0.936
0.827
0.800
0.878
0.954
0.950
0.960
0.850
0.704
0.691
0.772
0.784
0.837
0.851
0.875
0.855
0.870
0.854
0.876
0.930
0.936
0.863
0.865
0.866
0.840
0.780
0.815
0.864
0.902
0.957
0.960
0.838
0.868
0.820
0.877
0.875
0.960
0.920
0.872
0.856
0.866
0.951
0.954
0.968
0.914
0.920
0.909
0.957
0.958
0.922
0.974
0.927
0.894
0.968
0.949
0.965
0.977
0.893
0.922
0.914
0.947
0.929
0.960
0.971
0.967
0.965
0.956
0.968
0.980
0.955
0.975
0.974
0.972
0.954
0.939
0.968
0.947
0.940
0.956
0.969
0.946
0.962
0.953
0.910
0.969
0.955
0.968
0.923
0.938
0.970
0.976
0.882
0.905
0.963
0.863
0.839
0.849
0.832
0.839
0.764
0.713
0.803
0.836
0.791
0.846
0.826
0.932
0.940
0.961
0.962
0.972
0.973
0.958
0.966
0.866
0.839
0.865
0.843
0.813
0.801
0.820
0.830
0.796
0.786
0.777
0.726
0.800
0.810
0.822
0.762
0.739
0.813
0.796
0.812
0.856
0.811
0.795
0.797
0.790
0.767
0.783
0.735
0.576
0.543
0.714
0.820
0.905
0.832
0.838
0.820
0.949
0.916
0.805
0.808
0.793
0.679
0.660
0.743
0.811
0.829
0.885
0.815
0.788
0.768
0.817
0.894
0.842
0.846
0.889
0.851
0.833
0.826
0.797
0.813
0.752
0.754
0.705
0.702
0.858
0.973
0.956
0.851
0.833
0.924
0.800
0.799
0.764
0.876
0.882
0.830
0.803
0.840
0.899
0.953
0.964
0.790
0.780
0.797
0.881
0.935
0.806
0.749
0.761
0.840
0.780
0.835
0.841
0.846
0.831
0.781
0.808
0.879
0.958
0.871
0.830
0.867
0.968
0.962
0.851
0.926
0.773
0.805
0.899
0.840
0.785
0.848
0.868
0.932
0.893
0.837
0.854
0.846
0.932
0.858
0.775
0.758
0.825
0.849
0.935
0.957
0.955
0.938
0.836
0.817
0.689
0.695
0.752
0.883
0.966
0.834
0.837
0.919
0.931
0.963
0.957
0.948
0.935
0.954
0.933
0.962
0.952
0.916
0.976
0.960
0.861
0.918
0.923
0.961
0.920
0.969
0.956
0.968
0.946
0.970
0.966
0.907
0.952
0.960
0.964
0.951
0.933
0.946
0.922
0.840
0.915
0.975
0.929
0.974
0.949
0.960
0.938
0.945
0.959
0.944
0.971
0.944
0.977
0.944
0.910
0.969
0.977
0.980
0.974
0.905
0.860
0.982
0.973
0.972
0.942
0.928
0.922
0.840
0.929
0.973
0.861
0.907
0.973
0.932
0.892
0.851
0.906
0.899
0.963
0.951
0.976
0.966
0.905
0.949
0.948
0.967
0.970
0.972
0.941
0.883
0.902
0.891
0.966
0.971
0.967
0.878
0.901
0.958
0.969
0.896
0.889
0.959
0.925
0.888
0.903
0.914
0.953
0.945
0.956
0.942
0.942
0.879
0.903
0.962
0.935
0.933
0.960
0.955
0.956
0.955
0.932
0.875
0.826
0.911
0.919
0.970
0.934
0.966
0.936
0.951
0.975
0.960
0.979
0.953
0.968
0.961
0.969
0.967
0.964
0.959
0.954
0.971
0.954
0.925
0.881
0.945
0.928
0.914
0.909
0.929
0.925
0.859
0.877
0.887
0.868
0.929
0.963
0.962
0.953
0.962
0.954
0.962
0.933
0.942
0.955
0.888
0.919
0.819
0.857
0.942
0.956
0.971
0.943
0.964
0.965
0.960
0.966
0.962
0.964
0.965
0.966
0.952
0.946
0.907
0.911
0.920
0.897
0.947
0.795
0.711
0.623
0.709
0.836
0.757
0.799
0.808
0.853
0.958
0.960
0.975
0.967
0.942
0.968
0.973
0.908
0.958
0.973
0.961
0.961
0.961
0.946
0.952
0.974
0.973
0.969
0.937
0.942
0.837
0.789
0.851
0.783
0.801
0.827
0.847
0.800
0.760
0.739
0.739
0.816
0.831
0.830
0.826
0.823
0.892
0.847
0.808
0.790
0.960
0.891
0.898
0.872
0.931
0.887
0.899
0.859
0.898
0.957
0.850
0.949
0.952
0.976
0.906
0.968
0.852
0.861
0.817
0.897
0.870
0.900
0.880
0.939
0.879
0.924
0.769
0.879
0.845
0.870
0.885
0.907
0.744
0.820
0.777
0.754
0.691
0.690
0.746
0.670
0.581
0.624
0.682
0.612
0.599
0.648
0.710
0.670
0.652
0.857
0.734
0.701
0.692
0.725
0.726
0.642
0.659
0.656
0.765
0.761
0.836
0.785
0.765
0.856
0.910
0.811
0.802
0.713
0.718
0.750
0.822
0.822
0.705
0.654
0.775
0.772
0.764
0.832
0.863
0.945
0.866
0.962
0.883
0.878
0.957
0.819
0.780
0.731
0.704
0.795
0.940
0.820
0.851
0.896
0.881
0.898
0.915
0.952
0.957
0.860
0.970
0.974
0.964
0.966
0.910
0.836
0.747
0.760
0.741
0.768
0.822
0.971
0.851
0.948
0.953
0.943
0.949
0.936
0.928
0.848
0.886
0.929
0.922
0.846
0.960
0.904
0.838
0.817
0.866
0.917
0.875
0.779
0.697
0.758
0.916
0.965
0.927
0.885
0.857
0.919
0.904
0.929
0.958
0.929
0.937
0.967
0.967
0.964
0.943
0.871
0.913
0.911
0.970
0.967
0.955
0.923
0.956
0.933
0.968
0.939
0.933
0.908
0.940
0.922
0.918
0.908
0.953
0.974
0.977
0.933
0.968
0.925
0.966
0.972
0.976
0.936
0.874
0.873
0.913
0.950
0.950
0.955
0.980
0.976
0.981
0.951
0.951
0.885
0.900
0.880
0.939
0.971
0.972
0.969
0.980
0.968
0.968
0.973
0.939
0.946
0.927
0.866
0.880
0.823
0.964
0.945
0.963
0.914
0.935
0.868
0.847
0.942
0.928
0.871
0.890
0.896
0.975
0.974
0.948
0.930
0.880
0.902
0.874
0.829
0.782
0.729
0.821
0.936
0.871
0.825
0.892
0.925
0.822
0.795
0.887
0.897
0.946
0.880
0.919
0.890
0.942
0.911
0.955
0.911
0.910
0.880
0.964
0.835
0.774
0.825
0.856
0.864
0.904
0.860
0.831
0.835
0.828
0.844
0.844
0.814
0.868
0.891
0.938
0.943
0.952
0.917
0.937
0.953
0.976
0.971
0.906
0.916
0.933
0.939
0.902
0.931
0.922
0.959
0.910
0.885
0.886
0.875
0.947
0.938
0.890
0.898
0.882
0.915
0.871
0.916
0.885
0.893
0.953
0.959
0.967
0.975
0.971
0.978
0.912
0.924
0.923
0.946
0.895
0.830
0.900
0.974
0.950
0.942
0.910
0.878
0.813
0.791
0.940
0.971
0.969
0.954
0.943
0.956
0.939
0.927
0.942
0.948
0.842
0.899
0.961
0.909
0.920
0.966
0.911
0.829
0.835
0.903
0.920
0.938
0.940
0.944
0.948
0.970
0.967
0.922
0.957
0.858
0.910
0.839
0.870
0.948
0.946
0.926
0.928
0.881
0.944
0.948
0.954
0.846
0.800
0.763
0.779
0.767
0.823
0.880
0.841
0.941
0.965
0.917
0.919
0.778
0.822
0.788
0.862
0.818
0.852
0.838
0.760
0.729
0.728
0.827
0.822
0.885
0.850
0.866
0.881
0.910
0.758
0.720
0.787
0.878
0.938
0.883
0.768
0.683
0.712
0.774
0.659
0.673
0.745
0.777
0.746
0.794
0.818
0.747
0.737
0.669
0.707
0.668
0.593
0.710
0.743
0.712
0.680
0.687
0.947
0.886
0.833
0.842
0.875
0.724
0.611
0.762
0.749
0.748
0.796
0.813
0.754
0.751
0.815
0.802
0.824
0.814
0.833
0.797
0.856
0.799
0.751
0.739
0.677
0.566
0.542
0.546
0.561
0.647
0.712
0.626
0.508
0.558
0.521
0.654
0.679
0.713
0.786
0.696
0.592
0.768
0.838
0.745
0.802
0.813
0.859
0.902
0.843
0.882
0.885
0.891
0.885
0.892
0.942
0.859
0.759
0.787
0.770
0.742
0.656
0.687
0.670
0.688
0.797
0.813
0.829
0.928
0.922
0.862
0.782
0.899
0.841
0.854
0.944
0.887
0.841
0.828
0.843
0.795
0.662
0.741
0.803
0.737
0.641
0.637
0.726
0.785
0.695
0.716
0.691
0.735
0.753
0.761
0.839
0.861
0.878
0.950
0.967
0.941
0.970
0.904
0.857
0.853
0.906
0.953
0.958
0.970
0.898
0.973
0.941
0.892
0.867
0.933
0.960
0.955
0.952
0.949
0.964
0.881
0.935
0.897
0.899
0.946
0.907
0.874
0.835
0.757
0.744
0.797
0.806
0.783
0.855
0.825
0.807
0.759
0.717
0.761
0.781
0.843
0.843
0.793
0.802
0.805
0.748
0.770
0.886
0.831
0.818
0.787
0.734
0.711
0.852
0.930
0.864
0.845
0.709
0.666
0.677
0.705
0.840
0.809
0.838
0.839
0.911
0.858
0.797
0.713
0.683
0.814
0.793
0.880
0.887
0.748
0.774
0.873
0.861
0.881
0.916
0.854
0.862
0.832
0.800
0.893
0.930
0.928
0.949
0.868
0.965
0.963
0.860
0.848
0.789
0.708
0.711
0.669
0.681
0.720
0.662
0.717
0.816
0.786
0.622
0.627
0.651
0.723
0.777
0.719
0.636
0.513
0.509
0.676
0.731
0.730
0.753
0.829
0.862
0.910
0.941
0.935
0.916
0.936
0.929
0.972
0.943
0.942
0.954
0.902
0.878
0.967
0.954
0.945
0.928
0.899
0.936
0.944
0.964
0.910
0.802
0.922
0.906
0.912
0.844
0.972
0.981
0.968
0.958
0.941
0.916
0.952
0.965
0.856
0.921
0.870
0.908
0.838
0.876
0.848
0.848
0.777
0.816
0.925
0.864
0.801
0.884
0.919
0.894
0.861
0.906
0.872
0.895
0.948
0.887
0.835
0.850
0.853
0.922
0.851
0.875
0.942
0.930
0.809
0.806
0.882
0.778
0.842
0.873
0.855
0.832
0.861
0.848
0.861
0.838
0.949
0.951
0.977
0.891
0.820
0.842
0.837
0.925
0.954
0.970
0.842
0.845
0.841
0.874
0.917
0.940
0.936
0.934
0.899
0.950
0.947
0.968
0.852
0.818
0.844
0.853
0.937
0.909
0.834
0.829
0.888
0.815
0.730
0.787
0.747
0.666
0.795
0.900
0.819
0.819
0.880
0.799
0.717
0.768
0.796
0.812
0.658
0.643
0.686
0.620
0.532
0.604
0.695
0.727
0.747
0.655
0.606
0.598
0.536
0.651
0.712
0.725
0.820
0.850
0.854
0.905
0.884
0.747
0.798
0.835
0.811
0.844
0.730
0.828
0.836
0.839
0.806
0.766
0.630
0.679
0.861
0.789
0.737
0.705
0.810
0.717
0.654
0.747
0.758
0.770
0.833
0.768
0.754
0.764
0.610
0.497
0.587
0.562
0.664
0.798
0.767
0.689
0.632
0.681
0.662
0.625
0.584
0.625
0.651
0.755
0.840
0.805
0.777
0.695
0.629
0.581
0.554
0.702
0.806
0.770
0.806
0.787
0.703
0.738
0.907
0.925
0.896
0.938
0.959
0.913
0.970
0.844
0.757
0.653
0.852
0.881
0.913
0.840
0.825
0.794
0.885
0.864
0.862
0.908
0.855
0.809
0.833
0.843
0.830
0.762
0.641
0.730
0.804
0.804
0.853
0.817
0.852
0.803
0.750
0.772
0.838
0.883
0.951
0.977
0.952
0.937
0.905
0.928
0.942
0.928
0.823
0.759
0.778
0.966
0.914
0.965
0.971
0.967
0.978
0.972
0.875
0.910
0.866
0.916
0.839
0.790
0.917
0.970
0.936
0.964
0.959
0.975
0.970
0.912
0.860
0.901
0.898
0.963
0.963
0.888
0.848
0.913
0.975
0.979
0.972
0.919
0.948
0.903
0.963
0.942
0.888
0.869
0.857
0.930
0.929
0.957
0.976
0.950
0.898
0.844
0.971
0.954
0.963
0.972
0.944
0.968
0.955
0.951
0.974
0.948
0.953
0.921
0.930
0.975
0.964
0.928
0.923
0.916
0.920
0.854
0.815
0.878
0.880
0.833
0.878
0.926
0.966
0.919
0.866
0.869
0.900
0.862
0.874
0.868
0.927
0.899
0.874
0.771
0.782
0.811
0.831
0.812
0.809
0.811
0.789
0.652
0.664
0.775
0.879
0.849
0.808
0.846
0.934
0.948
0.883
0.973
0.980
0.959
0.951
0.914
0.937
0.923
0.878
0.863
0.830
0.802
0.812
0.833
0.904
0.873
0.816
0.851
0.911
0.840
0.778
0.821
0.927
0.920
0.759
0.666
0.745
0.794
0.820
0.879
0.907
0.771
0.753
0.712
0.841
0.926
0.870
0.860
0.934
0.927
0.914
0.914
0.944
0.967
0.958
0.959
0.943
0.895
0.857
0.875
0.914
0.947
0.948
0.942
0.851
0.858
0.925
0.964
0.865
0.917
0.889
0.966
0.952
0.944
0.966
0.947
0.917
0.964
0.966
0.902
0.925
0.930
0.962
0.931
0.959
0.910
0.881
0.940
0.971
0.975
0.951
0.967
0.955
0.965
0.949
0.919
0.894
0.826
0.779
0.764
0.757
0.806
0.799
0.687
0.722
0.785
0.774
0.687
0.744
0.797
0.863
0.887
0.962
0.877
0.944
0.966
0.929
0.930
0.872
0.960
0.932
0.940
0.827
0.861
0.962
0.971
0.854
0.946
0.914
0.908
0.979
0.975
0.927
0.889
0.871
0.847
0.806
0.858
0.916
0.804
0.781
0.753
0.729
0.709
0.629
0.688
0.725
0.601
0.646
0.616
0.599
0.578
0.623
0.645
0.679
0.663
0.616
0.577
0.626
0.689
0.815
0.874
0.853
0.739
0.659
0.705
0.716
0.677
0.592
0.614
0.640
0.708
0.788
0.867
0.827
0.883
0.933
0.865
0.749
0.809
0.756
0.649
0.646
0.617
0.600
0.563
0.635
0.776
0.693
0.692
0.670
0.779
0.632
0.668
0.713
0.721
0.689
0.602
0.634
0.639
0.595
0.549
0.556
0.569
0.697
0.738
0.750
0.640
0.634
0.735
0.773
0.804
0.855
0.887
0.919
0.920
0.859
0.931
0.909
0.822
0.880
0.741
0.716
0.745
0.631
0.548
0.663
0.739
0.799
0.775
0.727
0.772
0.799
0.848
0.938
0.960
0.888
0.797
0.725
0.646
0.737
0.899
0.918
0.969
0.874
0.867
0.786
0.841
0.756
0.648
0.684
0.647
0.664
0.774
0.844
0.892
0.869
0.884
0.950
0.829
0.766
0.782
0.876
0.945
0.922
0.882
0.833
0.913
0.969
0.947
0.852
0.964
0.938
0.974
0.963
0.926
0.977
0.963
0.975
0.935
0.974
0.959
0.963
0.935
0.901
0.978
0.975
0.942
0.912
0.825
0.881
0.896
0.925
0.799
0.784
0.776
0.929
0.944
0.817
0.849
0.749
0.728
0.787
0.819
0.877
0.751
0.767
0.790
0.799
0.836
0.690
0.699
0.767
0.799
0.892
0.894
0.959
0.944
0.907
0.900
0.838
0.807
0.857
0.972
0.964
0.974
0.932
0.948
0.964
0.912
0.832
0.835
0.770
0.770
0.810
0.795
0.870
0.888
0.850
0.700
0.705
0.684
0.785
0.765
0.688
0.679
0.578
0.608
0.636
0.570
0.654
0.615
0.691
0.765
0.778
0.779
0.754
0.803
0.838
0.754
0.730
0.804
0.967
0.875
0.819
0.812
0.859
0.814
0.734
0.714
0.838
0.861
0.803
0.717
0.652
0.717
0.748
0.755
0.869
0.846
0.810
0.897
0.924
0.938
0.941
0.964
0.969
0.973
0.943
0.923
0.960
0.942
0.814
0.835
0.886
0.904
0.953
0.915
0.891
0.880
0.911
0.880
0.743
0.682
0.690
0.704
0.730
0.782
0.856
0.857
0.786
0.862
0.929
0.968
0.935
0.948
0.939
0.959
0.952
0.947
0.973
0.864
0.881
0.975
0.964
0.922
0.879
0.897
0.940
0.952
0.798
0.701
0.741
0.942
0.867
0.885
0.818
0.901
0.970
0.971
0.959
0.935
0.942
0.944
0.959
0.934
0.957
0.951
0.966
0.891
0.966
0.948
0.953
0.933
0.965
0.956
0.892
0.769
0.895
0.881
0.748
0.805
0.833
0.926
0.918
0.853
0.870
0.905
0.867
0.866
0.807
0.806
0.787
0.770
0.721
0.711
0.771
0.857
0.888
0.852
0.864
0.846
0.872
0.876
0.843
0.963
0.852
0.883
0.868
0.855
0.866
0.878
0.869
0.973
0.973
0.964
0.892
0.832
0.710
0.718
0.806
0.869
0.892
0.892
0.854
0.914
0.898
0.882
0.905
0.913
0.867
0.806
0.850
0.800
0.721
0.648
0.717
0.755
0.795
0.813
0.810
0.851
0.783
0.677
0.776
0.843
0.821
0.838
0.898
0.937
0.836
0.804
0.842
0.755
0.688
0.700
0.712
0.732
0.651
0.645
0.608
0.622
0.661
0.645
0.659
0.690
0.732
0.645
0.658
0.696
0.779
0.809
0.837
0.848
0.872
0.770
0.753
0.686
0.687
0.873
0.807
0.687
0.655
0.742
0.753
0.778
0.733
0.758
0.601
0.589
0.729
0.825
0.910
0.832
0.861
0.747
0.702
0.732
0.775
0.743
0.755
0.718
0.645
0.689
0.728
0.671
0.707
0.816
0.830
0.947
0.943
0.960
0.826
0.803
0.792
0.769
0.746
0.815
0.775
0.780
0.827
0.785
0.914
0.842
0.862
0.850
0.939
0.958
0.943
0.954
0.961
0.962
0.975
0.943
0.883
0.896
0.871
0.939
0.967
0.929
0.981
0.980
0.899
0.952
0.834
0.892
0.877
0.969
0.939
0.850
0.958
0.956
0.942
0.958
0.934
0.874
0.820
0.895
0.919
0.973
0.978
0.968
0.938
0.966
0.919
0.884
0.961
0.946
0.931
0.939
0.967
0.975
0.943
0.972
0.942
0.979
0.943
0.929
0.943
0.921
0.899
0.960
0.916
0.965
0.949
0.974
0.968
0.967
0.966
0.961
0.929
0.922
0.968
0.966
0.974
0.939
0.950
0.906
0.898
0.961
0.943
0.962
0.884
0.894
0.942
0.961
0.925
0.931
0.933
0.769
0.657
0.799
0.784
0.769
0.846
0.786
0.766
0.759
0.876
0.868
0.967
0.973
0.964
0.929
0.824
0.755
0.674
0.697
0.788
0.856
0.947
0.955
0.945
0.957
0.958
0.966
0.917
0.936
0.869
0.932
0.970
0.972
0.932
0.899
0.946
0.924
0.913
0.958
0.845
0.850
0.874
0.806
0.825
0.795
0.771
0.775
0.763
0.728
0.764
0.715
0.696
0.604
0.688
0.711
0.674
0.618
0.727
0.781
0.812
0.912
0.904
0.917
0.818
0.887
0.948
0.947
0.955
0.961
0.958
0.975
0.960
0.947
0.867
0.892
0.949
0.903
0.880
0.853
0.868
0.898
0.937
0.952
0.916
0.828
0.835
0.804
0.726
0.713
0.689
0.876
0.870
0.869
0.892
0.928
0.899
0.826
0.936
0.916
0.921
0.906
0.964
0.958
0.925
0.913
0.887
0.860
0.924
0.936
0.955
0.914
0.845
0.846
0.778
0.888
0.942
0.949
0.942
0.934
0.959
0.971
0.965
0.968
0.919
0.926
0.914
0.950
0.930
0.967
0.959
0.972
0.958
0.923
0.950
0.890
0.849
0.846
0.895
0.944
0.897
0.938
0.863
0.840
0.815
0.812
0.795
0.823
0.831
0.833
0.874
0.857
0.896
0.865
0.962
0.939
0.950
0.953
0.923
0.974
0.854
0.841
0.837
0.835
0.847
0.883
0.971
0.934
0.843
0.811
0.786
0.783
0.828
0.876
0.872
0.794
0.793
0.817
0.757
0.703
0.653
0.725
0.761
0.780
0.701
0.679
0.789
0.759
0.809
0.759
0.603
0.565
0.700
0.792
0.736
0.742
0.714
0.649
0.812
0.778
0.860
0.812
0.799
0.843
0.806
0.852
0.951
0.913
0.880
0.801
0.783
0.880
0.835
0.827
0.798
0.752
0.834
0.814
0.789
0.852
0.835
0.831
0.808
0.835
0.764
0.837
0.818
0.867
0.819
0.754
0.668
0.718
0.814
0.730
0.783
0.764
0.576
0.595
0.653
0.713
0.601
0.601
0.656
0.627
0.657
0.783
0.789
0.796
0.800
0.712
0.807
0.677
0.699
0.844
0.827
0.796
0.943
0.897
0.844
0.841
0.809
0.774
0.749
0.726
0.875
0.968
0.924
0.968
0.970
0.966
0.896
0.969
0.842
0.827
0.851
0.881
0.842
0.898
0.838
0.900
0.920
0.846
0.799
0.782
0.819
0.893
0.849
0.891
0.960
0.948
0.912
0.891
0.846
0.860
0.954
0.857
0.951
0.970
0.964
0.970
0.952
0.880
0.972
0.903
0.867
0.846
0.879
0.903
0.937
0.964
0.964
0.966
0.957
0.947
0.929
0.960
0.954
0.974
0.946
0.969
0.962
0.970
0.846
0.903
0.960
0.969
0.976
0.923
0.942
0.940
0.973
0.930
0.932
0.921
0.946
0.951
0.932
0.971
0.977
0.979
0.978
0.902
0.813
0.737
0.820
0.871
0.976
0.954
0.981
0.921
0.910
0.947
0.959
0.957
0.922
0.904
0.861
0.869
0.931
0.905
0.974
0.930
0.940
0.971
0.965
0.936
0.944
0.963
0.971
0.968
0.917
0.913
0.929
0.928
0.853
0.823
0.901
0.860
0.845
0.872
0.961
0.919
0.814
0.871
0.892
0.926
0.958
0.928
0.910
0.864
0.853
0.933
0.898
0.921
0.931
0.915
0.959
0.925
0.972
0.964
0.888
0.939
0.877
0.883
0.897
0.825
0.891
0.868
0.819
0.889
0.909
0.909
0.937
0.933
0.893
0.935
0.925
0.910
0.842
0.890
0.902
0.945
0.949
0.904
0.921
0.941
0.886
0.899
0.863
0.975
0.900
0.852
0.908
0.933
0.878
0.891
0.913
0.915
0.820
0.858
0.888
0.960
0.910
0.932
0.937
0.936
0.965
0.941
0.942
0.971
0.963
0.911
0.757
0.819
0.770
0.778
0.820
0.819
0.941
0.914
0.859
0.906
0.914
0.761
0.709
0.873
0.821
0.888
0.930
0.959
0.951
0.909
0.927
0.929
0.922
0.915
0.784
0.744
0.775
0.955
0.867
0.888
0.935
0.882
0.948
0.794
0.859
0.757
0.801
0.737
0.820
0.880
0.934
0.956
0.975
0.963
0.878
0.943
0.921
0.895
0.922
0.951
0.915
0.933
0.906
0.968
0.949
0.946
0.927
0.914
0.832
0.916
0.870
0.832
0.818
0.768
0.870
0.927
0.974
0.974
0.950
0.970
0.922
0.964
0.976
0.973
0.934
0.921
0.872
0.809
0.722
0.707
0.808
0.856
0.865
0.875
0.912
0.818
0.876
0.944
0.901
0.905
0.829
0.851
0.872
0.945
0.748
0.824
0.753
0.725
0.729
0.746
0.732
0.766
0.851
0.773
0.756
0.700
0.693
0.765
0.781
0.846
0.821
0.880
0.852
0.732
0.782
0.829
0.923
0.783
0.789
0.705
0.718
0.676
0.668
0.760
0.911
0.886
0.897
0.926
0.912
0.820
0.797
0.811
0.788
0.774
0.680
0.715
0.671
0.567
0.644
0.615
0.640
0.639
0.673
0.723
0.693
0.617
0.695
0.751
0.763
0.650
0.765
0.702
0.608
0.660
0.730
0.828
0.908
0.878
0.919
0.836
0.771
0.770
0.722
0.768
0.941
0.950
0.935
0.859
0.771
0.783
0.742
0.827
0.931
0.796
0.732
0.747
0.656
0.820
0.808
0.814
0.741
0.708
0.741
0.683
0.706
0.699
0.746
0.787
0.690
0.623
0.678
0.691
0.741
0.825
0.910
0.947
0.970
0.961
0.948
0.943
0.880
0.865
0.928
0.919
0.846
0.856
0.890
0.911
0.917
0.840
0.887
0.773
0.820
0.911
0.939
0.967
0.956
0.978
0.951
0.971
0.930
0.865
0.878
0.933
0.966
0.962
0.966
0.972
0.978
0.931
0.919
0.959
0.935
0.981
0.950
0.974
0.879
0.932
0.854
0.923
0.926
0.937
0.966
0.851
0.940
0.979
0.971
0.963
0.968
0.904
0.948
0.970
0.957
0.977
0.949
0.963
0.966
0.968
0.962
0.968
0.973
0.889
0.846
0.899
0.884
0.896
0.901
0.847
0.943
0.972
0.975
0.885
0.924
0.937
0.846
0.864
0.947
0.944
0.971
0.927
0.958
0.880
0.923
0.959
0.923
0.967
0.981
0.951
0.966
0.971
0.946
0.876
0.885
0.957
0.836
0.816
0.841
0.873
0.932
0.960
0.970
0.975
0.950
0.961
0.936
0.950
0.964
0.952
0.878
0.900
0.933
0.887
0.917
0.958
0.837
0.804
0.865
0.804
0.863
0.862
0.845
0.891
0.882
0.904
0.899
0.898
0.958
0.957
0.929
0.966
0.969
0.969
0.912
0.957
0.953
0.878
0.866
0.833
0.895
0.855
0.752
0.789
0.774
0.859
0.872
0.849
0.789
0.758
0.791
0.798
0.867
0.839
0.841
0.973
0.870
0.886
0.855
0.944
0.910
0.922
0.914
0.951
0.961
0.950
0.966
0.972
0.949
0.900
0.903
0.907
0.917
0.941
0.930
0.946
0.949
0.934
0.916
0.952
0.956
0.964
0.943
0.963
0.833
0.827
0.922
0.899
0.939
0.955
0.961
0.974
0.975
0.967
0.943
0.931
0.947
0.932
0.970
0.968
0.964
0.972
0.965
0.908
0.941
0.914
0.960
0.900
0.841
0.774
0.833
0.844
0.936
0.952
0.977
0.973
0.973
0.972
0.850
0.842
0.887
0.952
0.960
0.963
0.906
0.939
0.934
0.961
0.937
0.959
0.831
0.804
0.773
0.877
0.888
0.880
0.926
0.956
0.909
0.789
0.651
0.697
0.780
0.820
0.838
0.847
0.867
0.822
0.834
0.861
0.852
0.927
0.925
0.933
0.900
0.974
0.968
0.864
0.955
0.959
0.861
0.793
0.798
0.821
0.757
0.770
0.795
0.717
0.732
0.746
0.656
0.721
0.753
0.672
0.692
0.658
0.638
0.559
0.550
0.584
0.589
0.686
0.753
0.687
0.654
0.638
0.694
0.711
0.698
0.752
0.741
0.698
0.711
0.705
0.775
0.765
0.712
0.658
0.659
0.752
0.771
0.747
0.762
0.836
0.887
0.950
0.950
0.908
0.822
0.738
0.737
0.796
0.629
0.630
0.671
0.669
0.771
0.798
0.846
0.810
0.826
0.710
0.595
0.702
0.815
0.886
0.834
0.864
0.800
0.781
0.786
0.741
0.747
0.805
0.907
0.877
0.915
0.906
0.823
0.807
0.816
0.814
0.790
0.860
0.914
0.794
0.720
0.845
0.861
0.828
0.787
0.765
0.883
0.878
0.822
0.890
0.875
0.919
0.870
0.920
0.899
0.890
0.882
0.900
0.860
0.803
0.698
0.657
0.704
0.739
0.756
0.818
0.852
0.867
0.859
0.853
0.764
0.813
0.795
0.890
0.843
0.910
0.957
0.966
0.974
0.968
0.962
0.979
0.977
0.931
0.849
0.932
0.948
0.940
0.933
0.923
0.962
0.930
0.965
0.925
0.943
0.972
0.955
0.946
0.888
0.902
0.942
0.967
0.977
0.961
0.942
0.932
0.945
0.972
0.953
0.975
0.979
0.950
0.973
0.968
0.963
0.900
0.970
0.933
0.964
0.971
0.975
0.973
0.969
0.970
0.979
0.917
0.911
0.964
0.979
0.967
0.914
0.960
0.964
0.974
0.966
0.967
0.948
0.951
0.966
0.962
0.908
0.901
0.879
0.902
0.933
0.958
0.932
0.900
0.933
0.895
0.903
0.956
0.951
0.869
0.775
0.716
0.825
0.751
0.701
0.634
0.726
0.816
0.861
0.873
0.856
0.947
0.930
0.898
0.928
0.887
0.933
0.887
0.871
0.900
0.970
0.894
0.908
0.909
0.875
0.900
0.872
0.896
0.980
0.946
0.817
0.757
0.805
0.897
0.754
0.708
0.733
0.719
0.769
0.804
0.834
0.856
0.908
0.922
0.859
0.832
0.887
0.841
0.900
0.959
0.892
0.871
0.896
0.895
0.777
0.773
0.790
0.655
0.723
0.745
0.650
0.673
0.741
0.732
0.709
0.893
0.928
0.949
0.949
0.877
0.915
0.922
0.943
0.896
0.899
0.961
0.941
0.961
0.966
0.930
0.919
0.953
0.969
0.970
0.976
0.900
0.950
0.967
0.966
0.953
0.938
0.958
0.959
0.874
0.940
0.965
0.924
0.949
0.974
0.867
0.935
0.942
0.966
0.918
0.925
0.897
0.937
0.923
0.949
0.882
0.889
0.964
0.971
0.971
0.978
0.946
0.960
0.956
0.967
0.917
0.913
0.936
0.959
0.903
0.937
0.909
0.946
0.871
0.905
0.972
0.950
0.881
0.914
0.805
0.812
0.865
0.831
0.834
0.840
0.923
0.957
0.916
0.918
0.965
0.970
0.924
0.968
0.946
0.977
0.953
0.854
0.960
0.929
0.940
0.971
0.946
0.933
0.846
0.923
0.826
0.852
0.814
0.878
0.758
0.724
0.732
0.706
0.742
0.765
0.853
0.836
0.830
0.794
0.783
0.772
0.878
0.886
0.813
0.811
0.827
0.799
0.712
0.806
0.691
0.620
0.623
0.613
0.585
0.673
0.720
0.778
0.905
0.890
0.774
0.776
0.804
0.844
0.817
0.842
0.839
0.903
0.928
0.875
0.941
0.924
0.927
0.969
0.927
0.940
0.772
0.749
0.786
0.731
0.648
0.769
0.793
0.785
0.835
0.835
0.812
0.867
0.856
0.915
0.945
0.847
0.786
0.832
0.914
0.864
0.891
0.857
0.902
0.933
0.870
0.890
0.830
0.822
0.896
0.950
0.973
0.974
0.933
0.852
0.845
0.896
0.854
0.887
0.835
0.837
0.868
0.844
0.809
0.795
0.878
0.814
0.810
0.773
0.798
0.817
0.878
0.949
0.922
0.828
0.788
0.858
0.832
0.859
0.867
0.938
0.959
0.904
0.875
0.875
0.747
0.777
0.804
0.869
0.833
0.829
0.874
0.942
0.973
0.973
0.918
0.978
0.921
0.948
0.972
0.940
0.960
0.969
0.886
0.940
0.969
0.954
0.963
0.959
0.982
0.918
0.942
0.963
0.933
0.959
0.975
0.974
0.974
0.948
0.971
0.931
0.963
0.964
0.930
0.958
0.960
0.952
0.972
0.899
0.963
0.939
0.964
0.958
0.856
0.955
0.906
0.816
0.764
0.768
0.878
0.942
0.980
0.965
0.960
0.830
0.893
0.968
0.968
0.921
0.915
0.943
0.893
0.922
0.947
0.952
0.921
0.969
0.905
0.939
0.980
0.970
0.975
0.965
0.977
0.958
0.966
0.974
0.972
0.906
0.972
0.931
0.959
0.970
0.944
0.958
0.940
0.900
0.883
0.852
0.786
0.756
0.771
0.823
0.813
0.844
0.901
0.889
0.957
0.966
0.909
0.900
0.964
0.892
0.926
0.927
0.954
0.973
0.935
0.776
0.850
0.935
0.906
0.927
0.865
0.921
0.921
0.932
0.856
0.760
0.772
0.797
0.862
0.837
0.857
0.781
0.764
0.821
0.925
0.871
0.895
0.958
0.946
0.902
0.906
0.928
0.953
0.940
0.960
0.956
0.969
0.963
0.956
0.972
0.898
0.905
0.913
0.908
0.947
0.964
0.789
0.880
0.919
0.974
0.969
0.963
0.956
0.917
0.928
0.896
0.971
0.972
0.958
0.955
0.962
0.937
0.935
0.924
0.897
0.927
0.936
0.906
0.963
0.904
0.899
0.920
0.916
0.959
0.962
0.969
0.971
0.964
0.960
0.925
0.908
0.964
0.957
0.934
0.964
0.958
0.941
0.953
0.954
0.965
0.958
0.951
0.953
0.859
0.728
0.761
0.862
0.932
0.972
0.922
0.888
0.976
0.973
0.969
0.967
0.964
0.960
0.949
0.967
0.946
0.958
0.967
0.919
0.875
0.829
0.854
0.856
0.838
0.864
0.924
0.844
0.832
0.898
0.960
0.896
0.940
0.895
0.934
0.973
0.973
0.975
0.962
0.977
0.981
0.946
0.972
0.971
0.958
0.927
0.862
0.889
0.824
0.776
0.776
0.856
0.829
0.850
0.887
0.920
0.871
0.876
0.840
0.898
0.932
0.845
0.843
0.915
0.892
0.938
0.910
0.963
0.891
0.929
0.927
0.891
0.928
0.790
0.766
0.805
0.863
0.873
0.814
0.850
0.908
0.935
0.833
0.839
0.874
0.849
0.860
0.837
0.944
0.913
0.840
0.948
0.917
0.957
0.803
0.760
0.816
0.857
0.803
0.702
0.691
0.863
0.823
0.792
0.900
0.922
0.940
0.925
0.913
0.847
0.798
0.845
0.870
0.757
0.810
0.831
0.881
0.958
0.961
0.871
0.888
0.877
0.933
0.975
0.890
0.959
0.937
0.937
0.957
0.977
0.971
0.864
0.906
0.876
0.970
0.953
0.932
0.885
0.918
0.951
0.964
0.904
0.911
0.904
0.884
0.908
0.865
0.749
0.761
0.851
0.822
0.806
0.944
0.925
0.902
0.873
0.973
0.948
0.871
0.923
0.957
0.967
0.872
0.865
0.922
0.957
0.897
0.848
0.937
0.920
0.940
0.961
0.950
0.976
0.971
0.862
0.891
0.958
0.973
0.952
0.966
0.964
0.976
0.955
0.955
0.924
0.938
0.949
0.956
0.950
0.912
0.954
0.934
0.919
0.968
0.959
0.971
0.902
0.960
0.962
0.925
0.975
0.973
0.969
0.895
0.951
0.941
0.883
0.888
0.926
0.934
0.969
0.969
0.973
0.981
0.947
0.971
0.973
0.973
0.973
0.967
0.946
0.982
0.974
0.978
0.914
0.972
0.973
0.957
0.966
0.970
0.938
0.971
0.889
0.946
0.945
0.915
0.830
0.829
0.946
0.975
0.963
0.895
0.938
0.809
0.775
0.851
0.982
0.969
0.977
0.967
0.954
0.938
0.924
0.926
0.896
0.851
0.861
0.978
0.984
0.951
0.953
0.807
0.895
0.923
0.945
0.965
0.974
0.957
0.963
0.911
0.920
0.951
0.955
0.949
0.962
0.967
0.972
0.981
0.965
0.964
0.931
0.970
0.966
0.972
0.954
0.862
0.917
0.919
0.965
0.964
0.898
0.927
0.949
0.948
0.933
0.890
0.925
0.937
0.961
0.916
0.898
0.941
0.966
0.972
0.922
0.952
0.946
0.907
0.931
0.966
0.963
0.950
0.932
0.954
0.949
0.967
0.927
0.883
0.926
0.949
0.928
0.897
0.904
0.946
0.912
0.886
0.903
0.924
0.925
0.961
0.946
0.921
0.907
0.950
0.959
0.970
0.913
0.956
0.921
0.959
0.974
0.976
0.969
0.960
0.933
0.966
0.960
0.942
0.956
0.962
0.973
0.956
0.950
0.844
0.865
0.899
0.911
0.948
0.959
0.948
0.934
0.937
0.968
0.912
0.867
0.878
0.901
0.850
0.891
0.915
0.852
0.934
0.910
0.898
0.846
0.798
0.815
0.913
0.955
0.963
0.961
0.968
0.929
0.969
0.969
0.897
0.884
0.760
0.814
0.882
0.822
0.896
0.939
0.951
0.939
0.961
0.870
0.871
0.859
0.862
0.848
0.843
0.879
0.822
0.917
0.938
0.935
0.969
0.959
0.841
0.795
0.617
0.734
0.888
0.966
0.876
0.899
0.846
0.825
0.966
0.891
0.939
0.903
0.972
0.937
0.937
0.786
0.789
0.857
0.871
0.853
0.965
0.983
0.887
0.796
0.739
0.817
0.850
0.887
0.902
0.850
0.841
0.904
0.879
0.892
0.842
0.783
0.862
0.805
0.813
0.822
0.761
0.762
0.583
0.703
0.785
0.777
0.676
0.691
0.869
0.886
0.923
0.913
0.816
0.744
0.805
0.738
0.816
0.778
0.757
0.721
0.662
0.762
0.666
0.690
0.788
0.923
0.872
0.875
0.736
0.747
0.857
0.840
0.817
0.865
0.906
0.931
0.956
0.873
0.896
0.946
0.963
0.949
0.970
0.915
0.867
0.888
0.884
0.813
0.890
0.959
0.941
0.870
0.778
0.855
0.834
0.710
0.636
0.733
0.864
0.899
0.802
0.686
0.868
0.958
0.898
0.941
0.971
0.969
0.908
0.900
0.914
0.778
0.922
0.768
0.754
0.787
0.788
0.801
0.846
0.803
0.680
0.747
0.866
0.884
0.954
0.856
0.934
0.885
0.795
0.667
0.859
0.970
0.940
0.948
0.958
0.960
0.912
0.867
0.963
0.975
0.971
0.970
0.936
0.943
0.924
0.967
0.830
0.884
0.840
0.959
0.978
0.973
0.967
0.967
0.966
0.949
0.979
0.969
0.977
0.962
0.948
0.953
0.968
0.974
0.922
0.949
0.951
0.954
0.962
0.952
0.929
0.919
0.866
0.902
0.838
0.937
0.932
0.899
0.910
0.968
0.963
0.915
0.933
0.877
0.902
0.857
0.866
0.866
0.903
0.925
0.924
0.931
0.944
0.914
0.876
0.724
0.710
0.810
0.896
0.958
0.978
0.979
0.968
0.939
0.925
0.946
0.934
0.934
0.966
0.920
0.888
0.873
0.764
0.767
0.768
0.753
0.741
0.765
0.777
0.809
0.783
0.812
0.880
0.819
0.808
0.781
0.648
0.705
0.763
0.776
0.743
0.793
0.713
0.642
0.731
0.900
0.898
0.919
0.917
0.890
0.903
0.857
0.815
0.707
0.616
0.626
0.736
0.721
0.851
0.946
0.940
0.875
0.898
0.873
0.817
0.773
0.878
0.890
0.842
0.931
0.903
0.729
0.746
0.782
0.928
0.912
0.889
0.963
0.963
0.921
0.944
0.894
0.795
0.911
0.965
0.904
0.895
0.898
0.913
0.945
0.913
0.923
0.943
0.936
0.941
0.897
0.832
0.862
0.949
0.970
0.893
0.837
0.889
0.948
0.832
0.761
0.792
0.852
0.856
0.890
0.839
0.943
0.921
0.954
0.923
0.973
0.956
0.936
0.948
0.969
0.883
0.944
0.944
0.874
0.958
0.941
0.953
0.969
0.955
0.915
0.874
0.940
0.805
0.918
0.767
0.700
0.785
0.922
0.949
0.961
0.962
0.961
0.965
0.953
0.963
0.960
0.921
0.971
0.959
0.916
0.875
0.904
0.858
0.848
0.888
0.888
0.886
0.868
0.828
0.849
0.911
0.873
0.914
0.952
0.928
0.974
0.972
0.978
0.974
0.965
0.975
0.975
0.890
0.919
0.957
0.975
0.958
0.914
0.687
0.706
0.863
0.825
0.889
0.857
0.796
0.794
0.921
0.865
0.917
0.915
0.911
0.945
0.919
0.965
0.933
0.936
0.823
0.890
0.863
0.796
0.853
0.898
0.808
0.848
0.899
0.966
0.878
0.930
0.948
0.978
0.977
0.982
0.859
0.829
0.960
0.904
0.859
0.967
0.967
0.965
0.976
0.871
0.831
0.926
0.889
0.844
0.869
0.764
0.810
0.910
0.917
0.953
0.920
0.976
0.979
0.937
0.934
0.940
0.910
0.833
0.821
0.881
0.848
0.836
0.859
0.768
0.867
0.883
0.862
0.802
0.861
0.880
0.953
0.932
0.972
0.859
0.814
0.846
0.926
0.939
0.972
0.934
0.925
0.951
0.849
0.879
0.967
0.945
0.928
0.942
0.957
0.891
0.953
0.925
0.945
0.926
0.867
0.927
0.958
0.938
0.915
0.901
0.929
0.850
0.950
0.941
0.969
0.968
0.959
0.951
0.973
0.939
0.971
0.970
0.886
0.965
0.949
0.964
0.961
0.975
0.968
0.962
0.943
0.886
0.937
0.821
0.762
0.792
0.842
0.927
0.940
0.961
0.966
0.947
0.964
0.959
0.928
0.917
0.967
0.974
0.961
0.918
0.971
0.972
0.969
0.960
0.968
0.970
0.957
0.969
0.905
0.882
0.952
0.964
0.979
0.950
0.954
0.884
0.978
0.974
0.975
0.968
0.981
0.969
0.940
0.952
0.967
0.966
0.944
0.947
0.979
0.971
0.955
0.963
0.975
0.942
0.955
0.980
0.973
0.942
0.977
0.833
0.860
0.921
0.949
0.979
0.957
0.972
0.969
0.963
0.946
0.977
0.948
0.920
0.898
0.976
0.875
0.827
0.911
0.928
0.944
0.958
0.965
0.895
0.898
0.950
0.947
0.852
0.907
0.946
0.976
0.983
0.959
0.958
0.982
0.974
0.965
0.935
0.933
0.951
0.939
0.963
0.950
0.974
0.954
0.969
0.935
0.942
0.952
0.919
0.915
0.942
0.915
0.958
0.967
0.968
0.961
0.940
0.960
0.921
0.886
0.871
0.941
0.977
0.949
0.977
0.979
0.970
0.966
0.973
0.965
0.986
0.966
0.981
0.986
0.975
0.975
0.950
0.940
0.944
0.935
0.973
0.986
0.924
0.931
0.967
0.977
0.970
0.985
0.977
0.958
0.963
0.983
0.975
0.982
0.969
0.974
0.966
0.961
0.912
0.876
0.959
0.936
0.949
0.966
0.966
0.981
0.984
0.982
0.981
0.975
0.985
0.965
0.977
0.964
0.979
0.959
0.968
0.981
0.946
0.965
0.968
0.979
0.970
0.967
0.963
0.972
0.979
0.941
0.987
0.972
0.983
0.982
0.985
0.954
0.985
0.987
0.987
0.982
0.951
0.980
0.965
0.984
0.980
0.953
0.974
0.980
0.979
0.969
0.953
0.968
0.944
0.980
0.949
0.925
0.927
0.968
0.982
0.975
0.980
0.962
0.986
0.950
0.985
0.940
0.979
0.963
0.920
0.981
0.974
0.966
0.937
0.977
0.960
0.934
0.965
0.953
0.905
0.979
0.975
0.961
0.964
0.975
0.890
0.966
0.970
0.965
0.945
0.926
0.881
0.892
0.910
0.888
0.931
0.938
0.964
0.961
0.985
0.947
0.951
0.952
0.965
0.969
0.979
0.941
0.882
0.905
0.972
0.981
0.955
0.973
0.942
0.913
0.967
0.942
0.931
0.882
0.867
0.916
0.911
0.932
0.964
0.968
0.955
0.966
0.959
0.950
0.932
0.869
0.897
0.900
0.916
0.903
0.884
0.936
0.968
0.973
0.978
0.958
0.942
0.936
0.961
0.966
0.960
0.932
0.902
0.883
0.855
0.883
0.891
0.920
0.969
0.930
0.960
0.957
0.944
0.917
0.948
0.978
0.983
0.985
0.925
0.973
0.985
0.956
0.903
0.900
0.970
0.930
0.891
0.832
0.831
0.895
0.957
0.938
0.880
0.888
0.958
0.981
0.920
0.935
0.939
0.929
0.898
0.889
0.925
0.972
0.947
0.980
0.959
0.984
0.927
0.930
0.933
0.972
0.963
0.953
0.906
0.899
0.933
0.953
0.977
0.975
0.974
0.984
0.955
0.986
0.982
0.983
0.972
0.976
0.986
0.986
0.983
0.936
0.986
0.958
0.985
0.942
0.923
0.862
0.836
0.835
0.946
0.956
0.966
0.968
0.954
0.982
0.961
0.984
0.965
0.919
0.942
0.975
0.943
0.973
0.981
0.976
0.982
0.932
0.954
0.984
0.979
0.986
0.938
0.958
0.982
0.963
0.972
0.987
0.940
0.983
0.965
0.985
0.973
0.970
0.974
0.977
0.976
0.981
0.976
0.982
0.968
0.966
0.964
0.986
0.983
0.988
0.972
0.968
0.980
0.986
0.974
0.986
0.988
0.951
0.983
0.983
0.986
0.985
0.972
0.936
0.912
0.947
0.963
0.940
0.956
0.948
0.953
0.947
0.946
0.943
0.931
0.959
0.980
0.952
0.984
0.954
0.976
0.910
0.908
0.940
0.921
0.911
0.932
0.964
0.959
0.932
0.976
0.983
0.973
0.950
0.971
0.987
0.948
0.971
0.977
0.957
0.986
0.961
0.974
0.975
0.947
0.960
0.975
0.965
0.978
0.951
0.965
0.949
0.975
0.975
0.955
0.961
0.953
0.969
0.920
0.882
0.917
0.938
0.968
0.913
0.858
0.870
0.859
0.936
0.892
0.961
0.971
0.910
0.974
0.965
0.934
0.938
0.923
0.963
0.968
0.948
0.952
0.956
0.952
0.960
0.931
0.936
0.931
0.961
0.944
0.968
0.970
0.963
0.982
0.982
0.980
0.978
0.968
0.968
0.984
0.980
0.945
0.958
0.962
0.968
0.943
0.975
0.946
0.972
0.960
0.986
0.950
0.985
0.986
0.983
0.985
0.988
0.983
0.980
0.985
0.974
0.972
0.963
0.954
0.969
0.945
0.963
0.986
0.984
0.978
0.941
0.971
0.973
0.980
0.972
0.959
0.983
0.972
0.977
0.975
0.983
0.975
0.982
0.924
0.976
0.980
0.967
0.975
0.970
0.985
0.956
0.933
0.951
0.951
0.956
0.955
0.973
0.941
0.950
0.947
0.977
0.940
0.920
0.900
0.913
0.919
0.930
0.920
0.944
0.927
0.946
0.926
0.921
0.893
0.890
0.909
0.872
0.924
0.950
0.971
0.963
0.946
0.961
0.952
0.960
0.931
0.934
0.933
0.860
0.865
0.871
0.945
0.940
0.908
0.902
0.939
0.948
0.915
0.858
0.927
0.937
0.940
0.940
0.926
0.870
0.886
0.921
0.938
0.961
0.973
0.935
0.898
0.867
0.919
0.905
0.923
0.925
0.924
0.862
0.832
0.893
0.842
0.828
0.866
0.871
0.933
0.934
0.883
0.892
0.930
0.921
0.926
0.943
0.963
0.955
0.955
0.945
0.888
0.894
0.951
0.961
0.960
0.917
0.912
0.958
0.953
0.931
0.923
0.959
0.950
0.969
0.970
0.954
0.911
0.897
0.870
0.867
0.875
0.919
0.888
0.903
0.920
0.938
0.949
0.913
0.876
0.903
0.851
0.879
0.923
0.906
0.942
0.913
0.916
0.913
0.945
0.970
0.926
0.930
0.959
0.964
0.979
0.961
0.963
0.944
0.922
0.965
0.965
0.922
0.908
0.957
0.942
0.971
0.980
0.984
0.967
0.954
0.953
0.972
0.954
0.957
0.972
0.967
0.953
0.974
0.964
0.966
0.969
0.968
0.984
0.985
0.960
0.973
0.938
0.927
0.936
0.935
0.941
0.974
0.967
0.960
0.962
0.963
0.942
0.930
0.965
0.963
0.948
0.955
0.965
0.958
0.941
0.978
0.971
0.987
0.980
0.982
0.984
0.935
0.972
0.974
0.974
0.976
0.974
0.966
0.939
0.960
0.973
0.978
0.967
0.978
0.975
0.943
0.977
0.988
0.957
0.931
0.955
0.889
0.901
0.980
0.969
0.974
0.971
0.983
0.957
0.955
0.983
0.976
0.969
0.977
0.973
0.959
0.964
0.956
0.955
0.963
0.950
0.938
0.900
0.881
0.928
0.900
0.889
0.890
0.881
0.850
0.841
0.759
0.804
0.881
0.874
0.907
0.960
0.957
0.949
0.961
0.956
0.954
0.922
0.910
0.913
0.943
0.970
0.974
0.976
0.960
0.929
0.911
0.931
0.939
0.951
0.955
0.985
0.943
0.971
0.984
0.984
0.973
0.979
0.976
0.983
0.970
0.977
0.939
0.981
0.955
0.944
0.958
0.916
0.950
0.953
0.960
0.964
0.944
0.938
0.943
0.941
0.958
0.964
0.971
0.957
0.970
0.920
0.955
0.984
0.946
0.933
0.957
0.964
0.960
0.978
0.972
0.983
0.984
0.959
0.982
0.977
0.982
0.961
0.984
0.979
0.960
0.941
0.971
0.955
0.946
0.949
0.969
0.964
0.931
0.942
0.961
0.954
0.951
0.966
0.972
0.947
0.968
0.933
0.964
0.973
0.977
0.956
0.957
0.974
0.954
0.966
0.958
0.930
0.952
0.972
0.967
0.979
0.961
0.961
0.970
0.962
0.971
0.973
0.933
0.981
0.981
0.971
0.950
0.986
0.979
0.967
0.970
0.948
0.962
0.976
0.951
0.960
0.944
0.959
0.960
0.966
0.967
0.962
0.976
0.984
0.946
0.981
0.971
0.946
0.956
0.970
0.966
0.973
0.961
0.964
0.960
0.954
0.896
0.883
0.946
0.945
0.926
0.887
0.910
0.906
0.959
0.966
0.931
0.926
0.944
0.917
0.927
0.921
0.913
0.944
0.918
0.926
0.915
0.930
0.958
0.935
0.954
0.980
0.969
0.984
0.967
0.916
0.950
0.918
0.955
0.917
0.922
0.920
0.898
0.933
0.946
0.917
0.926
0.916
0.888
0.893
0.898
0.929
0.938
0.942
0.933
0.912
0.909
0.885
0.856
0.925
0.895
0.851
0.829
0.888
0.914
0.918
0.932
0.921
0.923
0.887
0.917
0.950
0.980
0.961
0.963
0.975
0.927
0.940
0.970
0.947
0.953
0.957
0.970
0.963
0.953
0.943
0.943
0.920
0.962
0.949
0.959
0.939
0.927
0.937
0.960
0.948
0.931
0.957
0.965
0.965
0.932
0.962
0.973
0.934
0.967
0.955
0.959
0.976
0.980
0.965
0.947
0.908
0.936
0.962
0.943
0.920
0.888
0.902
0.934
0.963
0.903
0.953
0.953
0.952
0.972
0.974
0.955
0.941
0.950
0.965
0.914
0.883
0.908
0.914
0.889
0.953
0.946
0.965
0.958
0.951
0.946
0.985
0.975
0.963
0.932
0.944
0.957
0.983
0.952
0.976
0.940
0.945
0.961
0.954
0.973
0.965
0.972
0.978
0.953
0.959
0.951
0.970
0.984
0.967
0.947
0.952
0.978
0.953
0.971
0.963
0.941
0.971
0.959
0.936
0.965
0.977
0.984
0.974
0.961
0.978
0.944
0.967
0.918
0.981
0.984
0.966
0.986
0.978
0.985
0.985
0.937
0.976
0.950
0.977
0.974
0.929
0.982
0.954
0.926
0.976
0.961
0.965
0.956
0.967
0.984
0.977
0.957
0.967
0.949
0.980
0.970
0.915
0.903
0.900
0.902
0.889
0.923
0.927
0.938
0.926
0.965
0.921
0.945
0.981
0.978
0.983
0.972
0.948
0.977
0.976
0.925
0.928
0.926
0.906
0.938
0.939
0.943
0.948
0.961
0.984
0.959
0.962
0.949
0.965
0.929
0.957
0.960
0.974
0.928
0.936
0.961
0.975
0.961
0.967
0.953
0.975
0.937
0.970
0.935
0.942
0.942
0.938
0.965
0.963
0.918
0.958
0.976
0.978
0.985
0.981
0.969
0.966
0.962
0.978
0.962
0.981
0.984
0.941
0.972
0.985
0.964
0.988
0.982
0.987
0.985
0.986
0.970
0.968
0.977
0.984
0.958
0.968
0.959
0.976
0.975
0.938
0.928
0.958
0.966
0.919
0.967
0.965
0.959
0.925
0.909
0.915
0.910
0.941
0.878
0.894
0.954
0.927
0.962
0.940
0.961
0.929
0.950
0.952
0.950
0.964
0.945
0.940
0.985
0.977
0.977
0.972
0.962
0.964
0.948
0.968
0.978
0.950
0.977
0.981
0.961
0.965
0.977
0.983
0.965
0.982
0.958
0.984
0.939
0.975
0.976
0.980
0.985
0.940
0.952
0.939
0.932
0.959
0.986
0.936
0.985
0.976
0.956
0.962
0.970
0.953
0.949
0.910
0.875
0.930
0.929
0.952
0.965
0.976
0.945
0.948
0.951
0.952
0.972
0.917
0.900
0.951
0.934
0.954
0.902
0.896
0.890
0.939
0.935
0.932
0.878
0.907
0.891
0.889
0.878
0.869
0.882
0.874
0.924
0.960
0.937
0.949
0.913
0.868
0.894
0.938
0.924
0.930
0.936
0.950
0.913
0.930
0.894
0.860
0.843
0.882
0.873
0.889
0.848
0.878
0.876
0.835
0.856
0.849
0.904
0.892
0.893
0.883
0.852
0.867
0.934
0.919
0.899
0.868
0.887
0.895
