19790101
0.905
0.878
0.876
0.875
0.916
0.883
0.934
0.954
0.857
0.819
0.850
0.907
0.901
0.946
0.874
0.878
0.823
0.826
0.882
0.885
0.928
0.937
0.923
0.976
0.918
0.872
0.937
0.956
0.974
0.931
0.892
0.948
0.893
0.791
0.872
0.909
0.944
0.979
0.986
0.987
0.989
0.964
0.965
0.964
0.989
0.970
0.983
0.989
0.972
0.947
0.954
0.957
0.964
0.987
0.990
0.990
0.990
0.990
0.983
0.990
0.953
0.963
0.984
0.988
0.984
0.973
0.973
0.962
0.892
0.933
0.941
0.906
0.926
0.929
0.924
0.910
0.978
0.985
0.976
0.975
0.983
0.985
0.985
0.963
0.967
0.925
0.939
0.970
0.928
0.867
0.876
0.932
0.963
0.964
0.968
0.965
0.899
0.901
0.885
0.862
0.843
0.839
0.881
0.902
0.918
0.868
0.881
0.906
0.916
0.977
0.973
0.968
0.948
0.979
0.981
0.984
0.977
0.975
0.958
0.960
0.969
0.972
0.964
0.916
0.920
0.832
0.833
0.822
0.842
0.790
0.889
0.904
0.912
0.893
0.945
0.952
0.980
0.972
0.972
0.949
0.980
0.954
0.974
0.966
0.975
0.932
0.927
0.936
0.967
0.977
0.947
0.944
0.971
0.978
0.970
0.917
0.977
0.985
0.981
0.969
0.935
0.869
0.910
0.878
0.938
0.855
0.950
0.904
0.864
0.869
0.896
0.877
0.851
0.893
0.874
0.866
0.848
0.830
0.851
0.853
0.826
0.884
0.950
0.896
0.888
0.935
0.887
0.705
0.761
0.804
0.817
0.783
0.885
0.915
0.953
0.947
0.867
0.913
0.973
0.942
0.863
0.784
0.893
0.829
0.798
0.873
0.772
0.737
0.736
0.842
0.912
0.922
0.904
0.877
0.871
0.763
0.812
0.775
0.748
0.781
0.741
0.693
0.794
0.860
0.823
0.854
0.890
0.897
0.856
0.856
0.889
0.895
0.911
0.918
0.955
0.964
0.980
0.945
0.963
0.983
0.981
0.978
0.974
0.963
0.963
0.923
0.944
0.973
0.941
0.937
0.985
0.981
0.981
0.873
0.932
0.975
0.984
0.978
0.974
0.950
0.968
0.908
0.919
0.924
0.938
0.956
0.935
0.895
0.900
0.885
0.922
0.890
0.889
0.880
0.904
0.868
0.906
0.952
0.902
0.903
0.932
0.939
0.910
0.969
0.986
0.980
0.977
0.989
0.989
0.989
0.990
0.985
0.988
0.981
0.976
0.972
0.973
0.989
0.989
0.982
0.990
0.988
0.975
0.979
0.983
0.978
0.987
0.974
0.963
0.960
0.898
0.920
0.958
0.985
0.987
0.978
0.983
0.904
0.969
0.987
0.978
0.947
0.982
0.951
0.967
0.933
0.927
0.963
0.924
0.983
0.969
0.858
0.930
0.951
0.927
0.946
0.902
0.851
0.892
0.875
0.842
0.848
0.824
0.910
0.903
0.858
0.906
0.979
0.982
0.955
0.981
0.979
0.983
0.979
0.942
0.928
0.905
0.907
0.893
0.981
0.928
0.908
0.958
0.961
0.982
0.986
0.975
0.971
0.879
0.870
0.884
0.861
0.876
0.859
0.841
0.891
0.859
0.901
0.968
0.953
0.961
0.950
0.983
0.976
0.977
0.897
0.872
0.895
0.952
0.901
0.870
0.852
0.966
0.950
0.978
0.981
0.957
0.989
0.990
0.987
0.969
0.991
0.990
0.977
0.978
0.984
0.937
0.946
0.924
0.908
0.867
0.971
0.985
0.929
0.989
0.983
0.988
0.980
0.985
0.990
0.974
0.985
0.952
0.979
0.990
0.975
0.990
0.985
0.911
0.927
0.876
0.852
0.881
0.857
0.901
0.918
0.911
0.947
0.936
0.912
0.935
0.955
0.974
0.968
0.961
0.884
0.957
0.939
0.925
0.902
0.825
0.781
0.840
0.820
0.851
0.905
0.870
0.917
0.960
0.914
0.929
0.976
0.957
0.974
0.966
0.939
0.969
0.970
0.984
0.983
0.960
0.906
0.870
0.784
0.809
0.830
0.858
0.908
0.911
0.916
0.926
0.965
0.970
0.984
0.973
0.969
0.979
0.976
0.970
0.975
0.946
0.953
0.882
0.913
0.971
0.925
0.943
0.895
0.926
0.962
0.983
0.965
0.884
0.917
0.937
0.922
0.915
0.889
0.859
0.893
0.881
0.898
0.909
0.884
0.877
0.911
0.948
0.976
0.915
0.912
0.889
0.920
0.917
0.904
0.886
0.858
0.891
0.895
0.921
0.955
0.857
0.736
0.792
0.832
0.890
0.898
0.872
0.863
0.896
0.907
0.854
0.859
0.827
0.752
0.754
0.758
0.765
0.725
0.798
0.827
0.878
0.882
0.862
0.866
0.922
0.903
0.950
0.954
0.955
0.954
0.931
0.942
0.947
0.934
0.929
0.954
0.939
0.934
0.993
0.965
0.993
0.964
0.966
0.974
0.992
0.975
0.963
0.933
0.950
0.943
0.980
0.982
0.979
0.958
0.968
0.959
0.934
0.948
0.931
0.922
0.901
0.867
0.891
0.885
0.856
0.863
0.904
0.868
0.869
0.828
0.807
0.728
0.768
0.812
0.813
0.822
0.812
0.815
0.854
0.881
0.953
0.883
0.929
0.851
0.839
0.814
0.861
0.806
0.726
0.648
0.799
0.859
0.914
0.927
0.919
0.868
0.915
0.944
0.941
0.955
0.899
0.907
0.828
0.809
0.877
0.910
0.933
0.980
0.982
0.982
0.944
0.983
0.966
0.988
0.968
0.985
0.982
0.977
0.966
0.978
0.940
0.968
0.971
0.982
0.976
0.989
0.989
0.981
0.952
0.925
0.961
0.935
0.930
0.954
0.946
0.968
0.950
0.978
0.951
0.973
0.983
0.985
0.984
0.986
0.984
0.976
0.975
0.941
0.931
0.942
0.979
0.955
0.983
0.982
0.978
0.960
0.963
0.918
0.922
0.941
0.942
0.962
0.974
0.976
0.970
0.957
0.944
0.966
0.982
0.950
0.981
0.937
0.942
0.965
0.981
0.950
0.907
0.905
0.941
0.920
0.942
0.950
0.977
0.978
0.978
0.984
0.980
0.963
0.978
0.954
0.982
0.962
0.927
0.935
0.945
0.983
0.975
0.965
0.977
0.948
0.969
0.890
0.898
0.841
0.840
0.896
0.896
0.873
0.907
0.945
0.890
0.899
0.904
0.933
0.843
0.865
0.878
0.870
0.870
0.891
0.899
0.862
0.952
0.936
0.886
0.953
0.878
0.912
0.915
0.902
0.892
0.959
0.975
0.964
0.983
0.990
0.990
0.981
0.948
0.982
0.978
0.942
0.965
0.989
0.991
0.991
0.990
0.983
0.975
0.990
0.987
0.989
0.987
0.988
0.990
0.980
0.969
0.949
0.914
0.937
0.915
0.962
0.949
0.926
0.942
0.983
0.936
0.960
0.976
0.979
0.968
0.933
0.921
0.978
0.905
0.934
0.961
0.942
0.972
0.969
0.923
0.914
0.960
0.930
0.911
0.903
0.920
0.954
0.933
0.900
0.911
0.894
0.911
0.943
0.949
0.928
0.933
0.891
0.889
0.902
0.945
0.892
0.893
0.955
0.974
0.960
0.964
0.977
0.970
0.978
0.973
0.957
0.972
0.978
0.981
0.958
0.947
0.970
0.940
0.979
0.981
0.962
0.973
0.958
0.979
0.986
0.974
0.905
0.743
0.980
0.978
0.981
0.951
0.979
0.973
0.972
0.926
0.956
0.962
0.945
0.907
0.881
0.868
0.926
0.970
0.968
0.977
0.928
0.968
0.931
0.960
0.962
0.971
0.957
0.977
0.918
0.859
0.931
0.963
0.978
0.954
0.960
0.949
0.895
0.906
0.889
0.911
0.908
0.931
0.961
0.898
0.884
0.859
0.911
0.906
0.904
0.923
0.841
0.892
0.897
0.932
0.915
0.927
0.957
0.966
0.972
0.983
0.988
0.951
0.967
0.987
0.987
0.962
0.966
0.966
0.916
0.957
0.993
0.993
0.964
0.960
0.963
0.979
0.982
0.936
0.950
0.918
0.939
0.916
0.963
0.957
0.894
0.922
0.969
0.958
0.962
0.934
0.919
0.934
0.960
0.976
0.911
0.829
0.903
0.936
0.916
0.931
0.845
0.896
0.870
0.866
0.812
0.810
0.877
0.900
0.923
0.908
0.916
0.844
0.882
0.838
0.867
0.922
0.918
0.970
0.908
0.895
0.881
0.865
0.891
0.869
0.970
0.926
0.938
0.974
0.923
0.939
0.950
0.898
0.884
0.856
0.844
0.900
0.892
0.796
0.793
0.802
0.806
0.830
0.875
0.893
0.929
0.927
0.854
0.867
0.906
0.985
0.975
0.988
0.977
0.979
0.989
0.964
0.989
0.982
0.989
0.989
0.987
0.983
0.985
0.984
0.987
0.983
0.947
0.981
0.966
0.985
0.977
0.987
0.891
0.976
0.988
0.989
0.989
0.989
0.981
0.952
0.937
0.955
0.969
0.934
0.980
0.983
0.971
0.981
0.968
0.960
0.966
0.986
0.979
0.961
0.955
0.978
0.938
0.983
0.970
0.955
0.970
0.975
0.934
0.968
0.938
0.977
0.952
0.979
0.954
0.979
0.955
0.979
0.974
0.982
0.935
0.958
0.958
0.977
0.969
0.933
0.956
0.963
0.973
0.956
0.962
0.944
0.982
0.953
0.976
0.938
0.948
0.927
0.944
0.961
0.956
0.949
0.963
0.980
0.977
0.980
0.981
0.982
0.972
0.965
0.975
0.936
0.924
0.985
0.962
0.923
0.933
0.908
0.960
0.965
0.960
0.972
0.877
0.823
0.792
0.830
0.834
0.849
0.886
0.962
0.977
0.981
0.969
0.960
0.934
0.949
0.942
0.963
0.982
0.983
0.981
0.984
0.988
0.987
0.985
0.982
0.977
0.938
0.988
0.988
0.988
0.988
0.971
0.978
0.988
0.981
0.985
0.977
0.988
0.950
0.965
0.965
0.974
0.936
0.967
0.973
0.927
0.945
0.977
0.968
0.927
0.935
0.927
0.962
0.895
0.916
0.914
0.961
0.940
0.974
0.983
0.967
0.942
0.933
0.920
0.941
0.931
0.968
0.969
0.958
0.981
0.981
0.978
0.971
0.957
0.952
0.920
0.930
0.979
0.976
0.974
0.977
0.981
0.963
0.947
0.981
0.974
0.868
0.796
0.808
0.878
0.982
0.983
0.948
0.976
0.911
0.899
0.913
0.928
0.864
0.858
0.879
0.955
0.967
0.979
0.932
0.964
0.978
0.950
0.934
0.984
0.933
0.960
0.906
0.909
0.927
0.900
0.931
0.949
0.927
0.934
0.964
0.958
0.969
0.912
0.978
0.961
0.976
0.934
0.970
0.981
0.978
0.978
0.979
0.974
0.893
0.857
0.824
0.851
0.918
0.884
0.883
0.899
0.949
0.882
0.890
0.876
0.896
0.884
0.813
0.854
0.825
0.855
0.906
0.922
0.902
0.894
0.852
0.830
0.819
0.799
0.789
0.793
0.800
0.767
0.710
0.721
0.759
0.838
0.826
0.812
0.887
0.901
0.851
0.835
0.815
0.925
0.901
0.905
0.803
0.831
0.854
0.838
0.838
0.841
0.860
0.796
0.863
0.876
0.833
0.853
0.894
0.937
0.919
0.891
0.851
0.859
0.882
0.897
0.876
0.748
0.787
0.889
0.925
0.891
0.761
0.784
0.757
0.852
0.792
0.763
0.840
0.780
0.788
0.793
0.674
0.753
0.848
0.771
0.716
0.705
0.809
0.820
0.789
0.753
0.775
0.803
0.809
0.821
0.812
0.827
0.821
0.825
0.752
0.777
0.860
0.823
0.900
0.869
0.872
0.856
0.847
0.884
0.931
0.907
0.888
0.877
0.845
0.837
0.793
0.813
0.866
0.919
0.928
0.945
0.978
0.982
0.948
0.978
0.946
0.962
0.933
0.918
0.971
0.924
0.968
0.957
0.963
0.977
0.906
0.966
0.969
0.947
0.890
0.934
0.977
0.952
0.984
0.973
0.960
0.986
0.969
0.834
0.851
0.858
0.858
0.871
0.905
0.924
0.963
0.967
0.973
0.971
0.938
0.963
0.979
0.943
0.952
0.926
0.974
0.942
0.963
0.896
0.876
0.888
0.926
0.891
0.906
0.965
0.978
0.977
0.971
0.927
0.901
0.942
0.983
0.970
0.968
0.877
0.860
0.915
0.943
0.980
0.958
0.979
0.985
0.978
0.988
0.970
0.988
0.979
0.986
0.952
0.942
0.933
0.990
0.990
0.986
0.990
0.982
0.983
0.987
0.969
0.975
0.966
0.986
0.987
0.990
0.990
0.942
0.978
0.987
0.990
0.979
0.953
0.946
0.910
0.875
0.894
0.895
0.915
0.923
0.930
0.920
0.931
0.908
0.865
0.865
0.862
0.933
0.891
0.914
0.891
0.878
0.900
0.924
0.957
0.945
0.929
0.988
0.975
0.884
0.914
0.891
0.947
0.952
0.967
0.975
0.986
0.971
0.991
0.987
0.977
0.983
0.952
0.931
0.925
0.952
0.970
0.915
0.892
0.914
0.911
0.900
0.933
0.917
0.898
0.948
0.881
0.904
0.971
0.979
0.958
0.951
0.977
0.986
0.972
0.965
0.974
0.984
0.972
0.902
0.885
0.910
0.891
0.927
0.946
0.883
0.784
0.853
0.879
0.855
0.920
0.952
0.954
0.964
0.977
0.924
0.958
0.957
0.963
0.953
0.940
0.954
0.943
0.942
0.942
0.967
0.973
0.978
0.974
0.983
0.984
0.973
0.978
0.977
0.960
0.928
0.927
0.951
0.974
0.927
0.959
0.949
0.981
0.963
0.948
0.980
0.961
0.978
0.967
0.983
0.953
0.966
0.955
0.914
0.881
0.924
0.893
0.886
0.883
0.887
0.878
0.910
0.937
0.972
0.975
0.973
0.969
0.970
0.955
0.971
0.977
0.965
0.973
0.916
0.914
0.961
0.955
0.973
0.958
0.921
0.888
0.923
0.946
0.875
0.848
0.912
0.968
0.951
0.962
0.972
0.952
0.929
0.960
0.903
0.887
0.891
0.841
0.811
0.801
0.845
0.862
0.908
0.790
0.858
0.867
0.829
0.883
0.880
0.871
0.859
0.857
0.835
0.845
0.977
0.940
0.958
0.945
0.983
0.952
0.878
0.882
0.898
0.904
0.941
0.922
0.903
0.873
0.898
0.865
0.839
0.922
0.895
0.812
0.740
0.851
0.829
0.891
0.907
0.937
0.930
0.939
0.917
0.878
0.887
0.894
0.924
0.868
0.868
0.819
0.871
0.894
0.918
0.910
0.746
0.771
0.803
0.773
0.789
0.878
0.851
0.860
0.858
0.814
0.829
0.773
0.817
0.880
0.907
0.874
0.860
0.837
0.814
0.905
0.786
0.858
0.877
0.903
0.797
0.887
0.888
0.859
0.837
0.801
0.861
0.861
0.877
0.927
0.910
0.858
0.859
0.850
0.845
0.928
0.864
0.845
0.838
0.796
0.800
0.821
0.782
0.778
0.728
0.763
0.807
0.895
0.838
0.829
0.861
0.877
0.919
0.923
0.905
0.910
0.921
0.968
0.977
0.985
0.964
0.969
0.970
0.984
0.978
0.985
0.973
0.898
0.932
0.981
0.942
0.916
0.911
0.947
0.978
0.971
0.949
0.953
0.947
0.929
0.950
0.943
0.941
0.949
0.980
0.978
0.966
0.980
0.959
0.978
0.982
0.943
0.905
0.830
0.904
0.922
0.906
0.918
0.982
0.975
0.855
0.913
0.969
0.974
0.969
0.951
0.982
0.972
0.983
0.985
0.988
0.989
0.973
0.971
0.989
0.989
0.990
0.990
0.969
0.970
0.986
0.990
0.989
0.990
0.989
0.967
0.949
0.937
0.951
0.968
0.983
0.985
0.961
0.968
0.980
0.989
0.991
0.991
0.991
0.991
0.992
0.964
0.989
0.986
0.990
0.989
0.989
0.986
0.980
0.914
0.945
0.941
0.944
0.920
0.955
0.986
0.991
0.992
0.982
0.989
0.992
0.981
0.976
0.988
0.991
0.986
0.955
0.986
0.984
0.980
0.986
0.990
0.991
0.991
0.981
0.982
0.981
0.978
0.977
0.991
0.989
0.991
0.991
0.991
0.960
0.985
0.982
0.984
0.991
0.972
0.980
0.987
0.983
0.986
0.992
0.967
0.980
0.979
0.956
0.944
0.944
0.950
0.952
0.950
0.966
0.976
0.908
0.928
0.939
0.949
0.942
0.958
0.983
0.978
0.955
0.938
0.900
0.944
0.938
0.968
0.970
0.962
0.970
0.950
0.965
0.947
0.966
0.970
0.973
0.926
0.954
0.943
0.932
0.955
0.977
0.926
0.950
0.973
0.959
0.927
0.975
0.944
0.971
0.961
0.922
0.893
0.937
0.945
0.973
0.960
0.977
0.969
0.979
0.973
0.958
0.925
0.972
0.973
0.980
0.955
0.892
0.887
0.905
0.954
0.974
0.976
0.973
0.982
0.953
0.964
0.975
0.962
0.984
0.958
0.925
0.877
0.939
0.906
0.911
0.947
0.984
0.969
0.982
0.985
0.983
0.954
0.948
0.909
0.919
0.936
0.981
0.877
0.886
0.906
0.950
0.952
0.955
0.868
0.922
0.847
0.860
0.858
0.903
0.842
0.833
0.867
0.874
0.816
0.823
0.891
0.849
0.879
0.943
0.974
0.916
0.863
0.913
0.937
0.975
0.921
0.970
0.940
0.980
0.979
0.962
0.945
0.980
0.959
0.964
0.946
0.943
0.952
0.909
0.932
0.909
0.906
0.916
0.913
0.898
0.931
0.910
0.912
0.960
0.904
0.906
0.921
0.884
0.891
0.944
0.955
0.953
0.955
0.965
0.883
0.882
0.883
0.873
0.909
0.866
0.917
0.902
0.857
0.867
0.880
0.887
0.914
0.913
0.924
0.908
0.933
0.920
0.948
0.917
0.937
0.924
0.833
0.893
0.849
0.782
0.882
0.857
0.847
0.802
0.791
0.819
0.868
0.941
0.845
0.915
0.943
0.875
0.932
0.928
0.957
0.945
0.974
0.911
0.952
0.929
0.965
0.931
0.954
0.982
0.971
0.964
0.936
0.955
0.915
0.859
0.874
0.918
0.914
0.907
0.879
0.888
0.978
0.962
0.957
0.948
0.960
0.891
0.941
0.875
0.964
0.921
0.978
0.953
0.975
0.963
0.948
0.960
0.955
0.968
0.977
0.964
0.980
0.963
0.984
0.970
0.967
0.974
0.984
0.975
0.946
0.915
0.972
0.977
0.976
0.980
0.914
0.951
0.967
0.967
0.931
0.965
0.946
0.959
0.965
0.955
0.971
0.948
0.926
0.977
0.979
0.971
0.980
0.961
0.981
0.969
0.975
0.978
0.935
0.952
0.921
0.942
0.953
0.930
0.966
0.964
0.979
0.981
0.988
0.989
0.984
0.961
0.987
0.987
0.988
0.990
0.989
0.987
0.989
0.989
0.980
0.974
0.989
0.963
0.950
0.955
0.952
0.932
0.945
0.910
0.928
0.909
0.965
0.988
0.964
0.973
0.991
0.950
0.957
0.977
0.986
0.941
0.932
0.948
0.921
0.930
0.972
0.975
0.959
0.986
0.991
0.981
0.970
0.962
0.988
0.974
0.973
0.944
0.947
0.978
0.946
0.968
0.962
0.942
0.892
0.812
0.875
0.947
0.955
0.942
0.915
0.923
0.920
0.923
0.944
0.897
0.848
0.866
0.881
0.921
0.900
0.896
0.924
0.988
0.962
0.959
0.902
0.935
0.928
0.927
0.907
0.966
0.972
0.971
0.962
0.900
0.923
0.973
0.984
0.986
0.989
0.958
0.988
0.989
0.955
0.989
0.968
0.909
0.971
0.988
0.974
0.968
0.952
0.956
0.975
0.980
0.939
0.986
0.977
0.985
0.984
0.921
0.984
0.933
0.945
0.978
0.954
0.971
0.969
0.963
0.913
0.849
0.878
0.946
0.925
0.912
0.913
0.925
0.921
0.965
0.985
0.973
0.976
0.947
0.981
0.983
0.956
0.901
0.855
0.975
0.985
0.977
0.880
0.919
0.960
0.849
0.937
0.904
0.975
0.978
0.965
0.976
0.961
0.986
0.981
0.978
0.977
0.956
0.867
0.942
0.944
0.879
0.899
0.919
0.913
0.903
0.853
0.827
0.837
0.888
0.932
0.955
0.931
0.930
0.922
0.872
0.857
0.860
0.831
0.727
0.769
0.741
0.719
0.788
0.756
0.734
0.726
0.721
0.706
0.700
0.663
0.769
0.668
0.716
0.769
0.822
0.743
0.774
0.774
0.865
0.792
0.768
0.736
0.769
0.780
0.656
0.763
0.888
0.889
0.852
0.833
0.757
0.805
0.784
0.861
0.852
0.846
0.865
0.790
0.826
0.800
0.853
0.936
0.965
0.893
0.913
0.947
0.848
0.865
0.886
0.914
0.905
0.831
0.771
0.878
0.889
0.914
0.928
0.935
0.938
0.882
0.888
0.883
0.900
0.935
0.903
0.898
0.928
0.853
0.882
0.876
0.863
0.896
0.865
0.871
0.901
0.963
0.944
0.868
0.884
0.894
0.861
0.849
0.797
0.791
0.860
0.885
0.886
0.919
0.947
0.974
0.935
0.946
0.922
0.972
0.874
0.896
0.929
0.834
0.802
0.842
0.886
0.931
0.928
0.962
0.921
0.929
0.962
0.944
0.943
0.855
0.912
0.969
0.983
0.947
0.893
0.948
0.944
0.983
0.917
0.953
0.932
0.874
0.851
0.798
0.865
0.911
0.915
0.950
0.972
0.979
0.961
0.943
0.933
0.973
0.985
0.985
0.923
0.974
0.981
0.951
0.966
0.910
0.855
0.843
0.932
0.968
0.978
0.961
0.960
0.949
0.906
0.941
0.939
0.976
0.955
0.982
0.957
0.978
0.910
0.902
0.894
0.915
0.949
0.975
0.931
0.943
0.978
0.959
0.967
0.954
0.984
0.974
0.982
0.962
0.956
0.971
0.980
0.975
0.988
0.984
0.979
0.951
0.949
0.966
0.948
0.925
0.872
0.907
0.870
0.851
0.890
0.862
0.909
0.929
0.904
0.936
0.915
0.893
0.965
0.983
0.936
0.874
0.876
0.912
0.915
0.924
0.935
0.969
0.957
0.930
0.926
0.950
0.877
0.932
0.941
0.920
0.913
0.984
0.962
0.990
0.975
0.979
0.958
0.935
0.926
0.941
0.971
0.962
0.952
0.976
0.947
0.932
0.949
0.989
0.939
0.951
0.990
0.990
0.990
0.989
0.890
0.934
0.974
0.977
0.956
0.975
0.989
0.977
0.989
0.977
0.980
0.988
0.987
0.976
0.989
0.987
0.985
0.986
0.988
0.989
0.990
0.977
0.965
0.987
0.988
0.964
0.954
0.929
0.938
0.947
0.946
0.962
0.989
0.983
0.979
0.969
0.981
0.989
0.959
0.920
0.868
0.857
0.901
0.978
0.915
0.949
0.922
0.927
0.946
0.922
0.974
0.938
0.955
0.970
0.988
0.977
0.985
0.967
0.983
0.979
0.983
0.986
0.977
0.912
0.904
0.863
0.897
0.929
0.920
0.917
0.975
0.968
0.975
0.983
0.962
0.981
0.941
0.961
0.970
0.976
0.966
0.961
0.958
0.909
0.894
0.927
0.915
0.968
0.961
0.972
0.948
0.930
0.961
0.958
0.978
0.972
0.965
0.889
0.922
0.840
0.837
0.949
0.948
0.887
0.904
0.950
0.898
0.944
0.943
0.979
0.976
0.981
-99.000
0.987
0.986
0.951
0.949
0.973
0.949
0.915
0.906
0.936
0.923
0.886
0.919
0.854
0.861
0.904
0.865
0.868
0.870
0.836
0.798
0.778
0.817
0.851
0.836
0.807
0.810
0.806
0.802
0.874
0.846
0.830
0.795
0.762
0.827
0.880
0.819
0.857
0.817
0.769
0.781
0.827
0.789
0.775
0.703
0.755
0.767
0.807
0.817
0.793
0.764
0.834
0.779
0.765
0.754
0.737
0.687
0.733
0.721
0.745
0.754
0.773
0.709
0.767
0.815
0.827
0.863
0.794
0.751
0.726
0.758
0.747
0.749
0.727
0.850
0.850
0.894
0.831
0.900
0.849
0.876
0.828
0.812
0.825
0.856
0.912
0.923
0.901
0.774
0.741
0.797
0.824
0.865
0.873
0.875
0.914
0.821
0.841
0.815
0.765
0.764
0.805
0.799
0.809
0.769
0.840
0.913
0.846
0.826
0.758
0.834
0.829
0.866
0.851
0.874
0.894
0.952
0.971
0.934
0.930
0.904
0.970
0.939
0.894
0.949
0.882
0.969
0.925
0.909
0.912
0.953
0.951
0.968
0.977
0.967
0.981
0.954
0.984
0.981
0.980
0.975
0.953
0.971
0.964
0.970
0.900
0.947
0.938
0.963
0.950
0.948
0.937
0.976
0.931
0.959
0.947
0.951
0.955
0.979
0.921
0.880
0.873
0.888
0.976
0.974
0.971
0.944
0.961
0.942
0.943
0.962
0.937
0.949
0.959
0.956
0.972
0.969
0.971
0.981
0.938
0.943
0.923
0.903
0.938
0.966
0.909
0.955
0.946
0.934
0.903
0.946
0.928
0.969
0.892
0.875
0.861
0.860
0.885
0.965
0.955
0.933
0.897
0.891
0.816
0.876
0.817
0.877
0.928
-99.000
-99.000
-99.000
-99.000
-99.000
-99.000
-99.000
-99.000
0.932
0.885
0.907
0.926
0.953
0.989
0.989
0.909
0.927
0.947
0.952
0.935
0.939
0.944
0.892
0.902
0.878
0.936
0.934
0.950
0.939
0.970
0.986
0.972
0.944
0.929
0.953
0.909
0.902
0.905
0.950
0.939
0.870
0.840
0.889
0.905
0.914
0.874
0.966
0.945
0.922
0.927
0.941
0.974
0.953
0.930
0.930
0.947
0.925
0.943
0.917
0.876
0.916
0.887
0.865
0.884
0.847
0.842
0.862
0.893
0.922
0.914
0.984
0.953
0.921
0.964
0.983
0.987
0.989
0.988
0.939
0.986
0.988
0.961
0.938
0.908
0.913
0.917
0.909
0.926
0.956
0.935
0.947
0.935
0.932
0.981
0.964
0.944
0.985
0.961
0.981
0.981
0.985
0.972
0.958
0.957
0.965
0.908
0.914
0.923
0.858
0.855
0.838
0.892
0.912
0.909
0.933
0.862
0.922
0.893
0.887
0.906
0.904
0.913
0.878
0.923
0.978
0.960
0.965
0.941
0.975
0.980
0.977
0.980
0.963
0.981
0.954
0.975
0.891
0.895
0.893
0.877
0.836
0.862
0.890
0.940
0.947
0.850
0.886
0.950
0.957
0.953
0.974
0.959
0.951
0.935
0.948
0.879
0.805
0.804
0.832
0.828
0.871
0.865
0.940
0.978
0.964
0.971
0.872
0.831
0.793
0.846
0.870
0.872
0.857
0.871
0.799
0.787
0.861
0.832
0.902
0.848
0.832
0.840
0.833
0.845
0.789
0.826
0.745
0.788
0.862
0.861
0.861
0.859
0.893
0.829
0.782
0.832
0.840
0.838
0.850
0.842
0.833
0.850
0.840
0.886
0.881
0.980
0.934
0.865
0.828
0.792
0.827
0.848
0.805
0.875
0.893
0.934
0.977
0.898
0.915
0.868
0.935
0.941
0.916
0.914
0.936
0.876
0.877
0.847
0.842
0.865
0.904
0.913
0.910
0.810
0.831
0.829
0.881
0.843
0.803
0.757
0.829
0.820
0.828
0.810
0.852
0.808
0.802
0.864
0.899
0.873
0.846
0.828
0.886
0.923
0.923
0.973
0.909
0.842
0.861
0.882
0.874
0.875
0.810
0.858
0.905
0.940
0.847
0.784
0.787
0.817
0.864
0.921
0.944
0.962
0.927
0.941
0.926
0.968
0.889
0.918
0.971
0.942
0.963
0.980
0.984
0.977
0.896
0.870
0.868
0.967
0.954
0.983
0.973
0.956
0.974
0.957
0.955
0.972
0.960
0.973
0.980
0.974
0.960
0.943
0.968
0.962
0.970
0.982
0.977
0.973
0.983
0.947
0.978
0.981
0.955
0.964
0.939
0.952
0.967
0.878
0.885
0.908
0.928
0.933
0.981
0.968
0.986
0.948
0.981
0.952
0.980
0.978
0.984
0.985
0.856
0.935
0.979
0.967
0.967
0.974
0.969
0.978
0.984
0.934
0.953
0.982
0.958
0.961
0.982
0.963
0.977
0.957
0.957
0.966
0.935
0.935
0.946
0.920
0.869
0.818
0.808
0.828
0.759
0.715
0.732
0.659
0.685
0.749
0.786
0.893
0.912
0.897
0.881
0.857
0.843
0.836
0.845
0.869
0.931
0.901
0.884
0.899
0.946
0.892
0.842
0.856
0.890
0.931
0.890
0.941
0.921
0.939
0.891
0.922
0.904
0.907
0.876
0.847
0.828
0.813
0.864
0.895
0.911
0.869
0.787
0.824
0.904
0.968
0.917
0.894
0.925
0.895
0.941
0.980
0.973
0.979
0.979
0.929
0.950
0.947
0.930
0.894
0.922
0.879
0.913
0.898
0.911
0.931
0.944
0.967
0.980
0.975
0.889
0.904
0.891
0.877
0.827
0.867
0.887
0.911
0.955
0.980
0.984
0.983
0.977
0.984
0.976
0.973
0.907
0.885
0.829
0.714
0.754
0.747
0.786
0.829
0.783
0.736
0.741
0.877
0.896
0.930
0.928
0.926
0.917
0.924
0.956
0.983
0.942
0.983
0.984
0.919
0.921
0.966
0.970
0.973
0.969
0.964
0.978
0.961
0.955
0.950
0.956
0.970
0.953
0.982
0.961
0.934
0.961
0.953
0.971
0.950
0.918
0.969
0.904
0.974
0.969
0.932
0.960
0.933
0.911
0.921
0.886
0.891
0.894
0.919
0.943
0.964
0.915
0.972
0.914
0.900
0.951
0.963
0.958
0.944
0.897
0.946
0.880
0.976
0.949
0.956
0.985
0.966
0.934
0.933
0.969
0.976
0.941
0.851
0.874
0.881
0.862
0.896
0.873
0.874
0.911
0.916
0.929
0.877
0.926
0.982
0.941
0.961
0.977
0.946
0.965
0.974
0.982
0.982
0.950
0.945
0.902
0.914
0.927
0.874
0.955
0.979
0.965
0.961
0.955
0.926
0.905
0.888
0.891
0.888
0.871
0.808
0.793
0.821
0.818
0.820
0.846
0.777
0.797
0.776
0.882
0.891
0.831
0.874
0.832
0.912
0.812
0.880
0.926
0.940
0.871
0.894
0.873
0.884
0.938
0.857
0.877
0.898
0.944
0.920
0.906
0.874
0.879
0.898
0.885
0.971
0.954
0.949
0.923
0.943
0.954
0.972
0.912
0.963
0.944
0.949
0.931
0.861
0.860
0.944
0.979
0.944
0.978
0.943
0.913
0.909
0.942
0.966
0.953
0.976
0.979
0.981
0.972
0.973
0.958
0.960
0.908
0.923
0.957
0.983
0.933
0.929
0.958
0.973
0.977
0.943
0.863
0.864
0.839
0.890
0.952
0.973
0.941
0.986
0.955
0.945
0.879
0.876
0.895
0.832
0.835
0.930
0.956
0.977
0.978
0.926
0.940
0.949
0.923
0.922
0.904
0.955
0.950
0.951
0.951
0.962
0.981
0.963
0.981
0.982
0.939
0.973
0.915
0.968
0.971
0.939
0.973
0.980
0.967
0.983
0.985
0.941
0.941
0.941
0.953
0.958
0.974
0.974
0.975
0.959
0.946
0.980
0.973
0.972
0.968
0.981
0.984
0.966
0.965
0.963
0.972
0.949
0.982
0.983
0.974
0.979
0.975
0.973
0.971
0.953
0.961
0.949
0.963
0.887
0.950
0.924
0.927
0.933
0.929
0.958
0.908
0.855
0.797
0.915
0.968
0.966
0.977
0.935
0.969
0.967
0.984
0.980
0.974
0.963
0.945
0.918
0.932
0.973
0.945
0.902
0.903
0.891
0.959
0.918
0.881
0.925
0.947
0.921
0.922
0.927
0.906
0.930
0.925
0.928
0.925
0.898
0.908
0.916
0.924
0.942
0.974
0.918
0.923
0.912
0.944
0.946
0.984
0.974
0.942
0.927
0.950
0.931
0.915
0.937
0.916
0.909
0.921
0.939
0.848
0.805
0.910
0.869
0.915
0.944
0.939
0.974
0.969
0.936
0.903
0.960
0.941
0.891
0.854
0.924
0.910
0.923
0.969
0.966
0.945
0.939
0.953
0.970
0.980
0.895
0.946
0.952
0.933
0.961
0.979
0.983
0.972
0.968
0.976
0.985
0.909
0.937
0.976
0.975
0.962
0.958
0.954
0.917
0.960
0.983
0.975
0.945
0.933
0.921
0.883
0.869
0.887
0.924
0.945
0.916
0.908
0.919
0.958
0.946
0.914
0.940
0.924
0.951
0.938
0.911
0.931
0.863
0.860
0.912
0.937
0.947
0.978
0.943
0.980
0.978
0.965
0.952
0.973
0.966
0.972
0.969
0.973
0.931
0.978
0.975
0.967
0.936
0.976
0.944
0.826
0.774
0.752
0.810
0.766
0.765
0.839
0.888
0.883
0.855
0.932
0.930
0.898
0.896
0.905
0.909
0.892
0.906
0.961
0.893
0.944
0.946
0.858
0.921
0.909
0.909
0.903
0.860
0.888
0.839
0.832
0.734
0.720
0.844
0.844
0.816
0.922
0.904
0.896
0.859
0.916
0.942
0.908
0.926
0.869
0.898
0.892
0.823
0.801
0.846
0.897
0.863
0.818
0.879
0.861
0.834
0.745
0.780
0.730
0.702
0.722
0.784
0.716
0.723
0.800
0.857
0.840
0.866
0.924
0.953
0.954
0.977
0.908
0.930
0.935
0.957
0.935
0.884
0.870
0.755
0.817
0.797
0.888
0.827
0.866
0.886
0.796
0.871
0.891
0.802
0.854
0.854
0.899
0.852
0.815
0.880
0.918
0.919
0.930
0.844
0.903
0.910
0.888
0.922
0.911
0.935
0.909
0.925
0.910
0.847
0.922
0.957
0.985
0.981
0.929
0.921
0.900
0.927
0.914
0.933
0.886
0.865
0.785
0.801
0.813
0.843
0.869
0.866
0.920
0.939
0.965
0.854
0.926
0.901
0.943
0.968
0.937
0.850
0.861
0.910
0.940
0.972
0.978
0.863
0.860
0.938
0.942
0.961
0.943
0.951
0.973
0.949
0.935
0.934
0.952
0.882
0.850
0.893
0.908
0.941
0.948
0.976
0.936
0.983
0.980
0.983
0.976
0.981
0.934
0.940
0.980
0.973
0.983
0.965
0.921
0.964
0.961
0.940
0.963
0.801
0.884
0.983
0.950
0.961
0.981
0.968
0.960
0.953
0.925
0.984
0.960
0.930
0.928
0.918
0.931
0.937
0.908
0.881
0.964
0.976
0.957
0.977
0.979
0.964
0.936
0.907
0.901
0.932
0.937
0.885
0.898
0.920
0.898
0.818
0.872
0.860
0.882
0.870
0.864
0.866
0.912
0.970
0.948
0.983
0.982
0.965
0.938
0.953
0.951
0.857
0.924
0.948
0.938
0.940
0.962
0.977
0.970
0.964
0.973
0.932
0.968
0.977
0.944
0.948
0.930
0.917
0.904
0.927
0.884
0.910
0.867
0.897
0.872
0.888
0.854
0.900
0.860
0.891
0.884
0.890
0.871
0.864
0.910
0.947
0.932
0.976
0.958
0.922
0.900
0.923
0.952
0.976
0.975
0.907
0.936
0.948
0.918
0.881
0.960
0.982
0.977
0.930
0.964
0.967
0.983
0.975
0.951
0.876
0.950
0.972
0.936
0.943
0.932
0.925
0.927
0.933
0.887
0.834
0.851
0.820
0.825
0.850
0.861
0.859
0.879
0.887
0.928
0.897
0.884
0.895
0.933
0.964
0.960
0.974
0.977
0.965
0.951
0.978
0.981
0.967
0.968
0.965
0.970
0.970
0.962
0.929
0.901
0.904
0.799
0.794
0.881
0.927
0.930
0.949
0.943
0.949
0.954
0.947
0.981
0.968
0.979
0.969
0.970
0.953
0.968
0.958
0.971
0.981
0.983
0.985
0.963
0.962
0.985
0.969
0.963
0.976
0.976
0.977
0.938
0.920
0.934
0.948
0.954
0.956
0.870
0.833
0.840
0.819
0.779
0.879
0.864
0.874
0.844
0.880
0.855
0.911
0.909
0.882
0.947
0.916
0.932
0.925
0.892
0.891
0.920
0.951
0.844
0.788
0.827
0.857
0.901
0.886
0.933
0.903
0.959
0.912
0.928
0.892
0.813
0.821
0.809
0.749
0.796
0.851
0.920
0.792
0.805
0.869
0.796
0.798
0.850
0.805
0.841
0.804
0.822
0.857
0.944
0.890
0.886
0.930
0.966
0.963
0.835
0.876
0.904
0.873
0.833
0.883
0.929
0.912
0.861
0.848
0.874
0.825
0.851
0.787
0.796
0.921
0.803
0.742
0.866
0.764
0.760
0.800
0.871
0.778
0.806
0.796
0.799
0.761
0.789
0.833
0.761
0.797
0.828
0.832
0.925
0.856
0.803
0.813
0.802
0.780
0.718
0.660
0.646
0.719
0.853
0.918
0.942
0.924
0.927
0.928
0.951
0.931
0.914
0.883
0.793
0.774
0.841
0.880
0.855
0.865
0.884
0.885
0.898
0.869
0.853
0.808
0.820
0.817
0.809
0.887
0.933
0.896
0.936
0.967
0.920
0.889
0.864
0.898
0.924
0.905
0.894
0.915
0.932
0.975
0.979
0.978
0.928
0.940
0.929
0.934
0.977
0.961
0.971
0.956
0.929
0.958
0.972
0.960
0.983
0.978
0.984
0.947
0.943
0.960
0.954
0.938
0.956
0.948
0.975
0.967
0.963
0.949
0.959
0.980
0.976
0.970
0.967
0.946
0.917
0.930
0.939
0.877
0.842
0.876
0.859
0.829
0.843
0.830
0.857
0.892
0.896
0.924
0.966
0.961
0.976
0.930
0.952
0.975
0.967
0.970
0.977
0.946
0.943
0.982
0.977
0.980
0.975
0.935
0.949
0.981
0.934
0.934
0.970
0.906
0.886
0.884
0.812
0.763
0.813
0.832
0.860
0.828
0.800
0.816
0.875
0.929
0.917
0.897
0.919
0.943
0.927
0.956
0.979
0.981
0.974
0.967
0.969
0.925
0.954
0.963
0.966
0.897
0.913
0.957
0.936
0.962
0.944
0.945
0.975
0.920
0.950
0.951
0.932
0.906
0.880
0.752
0.700
0.795
0.794
0.741
0.797
0.876
0.837
0.869
0.875
0.897
0.954
0.935
0.859
0.899
0.836
0.926
0.858
0.893
0.898
0.889
0.945
0.940
0.940
0.926
0.946
0.925
0.971
0.978
0.959
0.794
0.817
0.741
0.710
0.811
0.871
0.871
0.924
0.972
0.975
0.961
0.918
0.973
0.978
0.923
0.932
0.976
0.939
0.967
0.927
0.925
0.947
0.947
0.909
0.860
0.879
0.807
0.790
0.841
0.875
0.919
0.937
0.978
0.968
0.967
0.967
0.964
0.946
0.937
0.964
0.950
0.909
0.867
0.898
0.947
0.914
0.887
0.972
0.964
0.984
0.971
0.958
0.925
0.976
0.963
0.965
0.953
0.923
0.939
0.941
0.894
0.922
0.859
0.910
0.949
0.968
0.946
0.947
0.962
0.959
0.920
0.951
0.932
0.938
0.932
0.851
0.871
0.916
0.897
0.908
0.872
0.872
0.942
0.899
0.935
0.978
0.981
0.972
0.981
0.964
0.955
0.973
0.981
0.926
0.875
0.834
0.834
0.855
0.913
0.934
0.933
0.960
0.938
0.918
0.947
0.860
0.802
0.840
0.817
0.773
0.818
0.861
0.926
0.891
0.909
0.922
0.939
0.960
0.924
0.911
0.897
0.918
0.886
0.903
0.914
0.870
0.879
0.894
0.854
0.866
0.856
0.856
0.908
0.913
0.928
0.881
0.877
0.862
0.836
0.802
0.875
0.892
0.822
0.777
0.793
0.754
0.830
0.749
0.745
0.761
0.752
0.782
0.790
0.783
0.833
0.780
0.779
0.885
0.882
0.931
0.961
0.847
0.831
0.732
0.858
0.850
0.887
0.908
0.924
0.856
0.835
0.808
0.798
0.691
0.681
0.715
0.750
0.865
0.807
0.818
0.826
0.797
0.773
0.724
0.694
0.739
0.787
0.790
0.726
0.782
0.786
0.694
0.695
0.772
0.797
0.746
0.783
0.781
0.710
0.703
0.722
0.692
0.628
0.720
0.792
0.911
0.918
0.912
0.960
0.932
0.888
0.907
0.919
0.916
0.936
0.913
0.922
0.941
0.855
0.863
0.933
0.956
0.923
0.865
0.817
0.851
0.946
0.969
0.929
0.889
0.863
0.921
0.931
0.871
0.861
0.917
0.929
0.903
0.855
0.845
0.742
0.664
0.695
0.799
0.796
0.835
0.920
0.972
0.850
0.875
0.852
0.927
0.879
0.906
0.939
0.967
0.943
0.967
0.919
0.944
0.961
0.981
0.985
0.971
0.985
0.942
0.975
0.967
0.983
0.938
0.921
0.900
0.877
0.949
0.942
0.981
0.956
0.911
0.886
0.854
0.853
0.843
0.834
0.903
0.927
0.965
0.969
0.940
0.891
0.880
0.893
0.934
0.937
0.919
0.937
0.982
0.987
0.983
0.981
0.946
0.965
0.945
0.919
0.929
0.927
0.914
0.871
0.865
0.912
0.931
0.971
0.889
0.844
0.868
0.904
0.932
0.897
0.873
0.910
0.915
0.896
0.780
0.741
0.825
0.894
0.926
0.984
0.943
0.897
0.830
0.710
0.746
0.812
0.840
0.810
0.854
0.927
0.963
0.927
0.867
0.892
0.893
0.926
0.936
0.976
0.899
0.883
0.958
0.886
0.951
0.855
0.890
0.904
0.962
0.972
0.964
0.978
0.905
0.890
0.904
0.877
0.806
0.805
0.929
0.930
0.896
0.872
0.822
0.785
0.821
0.865
0.892
0.865
0.888
0.879
0.834
0.862
0.858
0.884
0.875
0.852
0.895
0.813
0.813
0.866
0.905
0.931
0.950
0.933
0.852
0.749
0.812
0.904
0.919
0.902
0.882
0.880
0.924
0.912
0.885
0.847
0.917
0.907
0.965
0.969
0.930
0.934
0.938
0.899
0.873
0.829
0.809
0.842
0.870
0.950
0.974
0.976
0.922
0.970
0.984
0.979
0.965
0.971
0.961
0.972
0.945
0.889
0.882
0.933
0.908
0.889
0.891
0.960
0.959
0.941
0.881
0.932
0.957
0.963
0.962
0.952
0.966
0.893
0.750
0.835
0.916
0.835
0.842
0.912
0.911
0.924
0.963
0.918
0.902
0.887
0.895
0.964
0.922
0.920
0.919
0.911
0.970
0.957
0.953
0.930
0.942
0.932
0.873
0.934
0.863
0.887
0.909
0.933
0.884
0.835
0.817
0.830
0.821
0.736
0.725
0.731
0.780
0.849
0.898
0.848
0.752
0.654
0.650
0.708
0.769
0.826
0.873
0.843
0.814
0.757
0.738
0.686
0.710
0.697
0.752
0.777
0.795
0.791
0.756
0.797
0.807
0.877
0.903
0.935
0.929
0.846
0.827
0.717
0.686
0.770
0.797
0.811
0.742
0.676
0.714
0.798
0.860
0.877
0.847
0.823
0.849
0.847
0.760
0.778
0.761
0.781
0.736
0.810
0.839
0.823
0.825
0.829
0.795
0.781
0.864
0.928
0.924
0.917
0.864
0.810
0.810
0.803
0.779
0.819
0.716
0.577
0.714
0.796
0.854
0.850
0.853
0.894
0.918
0.882
0.799
0.818
0.852
0.806
0.849
0.756
0.794
0.790
0.813
0.816
0.857
0.895
0.922
0.926
0.935
0.939
0.855
0.845
0.924
0.953
0.918
0.970
0.948
0.916
0.874
0.853
0.791
0.786
0.887
0.894
0.859
0.845
0.900
0.954
0.915
0.929
0.936
0.915
0.926
0.897
0.795
0.668
0.706
0.784
0.865
0.827
0.853
0.868
0.828
0.876
0.904
0.948
0.858
0.850
0.898
0.922
0.953
0.888
0.908
0.870
0.908
0.935
0.957
0.956
0.969
0.972
0.967
0.963
0.941
0.911
0.975
0.983
0.932
0.972
0.975
0.983
0.961
0.978
0.983
0.960
0.964
0.965
0.981
0.969
0.985
0.978
0.942
0.937
0.955
0.976
0.962
0.941
0.981
0.967
0.940
0.953
0.953
0.964
0.973
0.983
0.984
0.975
0.919
0.902
0.979
0.969
0.876
0.884
0.829
0.890
0.861
0.829
0.809
0.786
0.836
0.898
0.926
0.905
0.945
0.903
0.865
0.818
0.792
0.827
0.880
0.974
0.973
0.968
0.940
0.935
0.954
0.914
0.922
0.927
0.984
0.934
0.969
0.948
0.932
0.932
0.946
0.872
0.856
0.868
0.833
0.813
0.864
0.895
0.873
0.907
0.931
0.966
0.979
0.938
0.922
0.900
0.936
0.912
0.884
0.892
0.885
0.937
0.949
0.921
0.882
0.827
0.838
0.849
0.852
0.874
0.896
0.906
0.725
0.763
0.919
0.898
0.947
0.923
0.893
0.947
0.943
0.907
0.924
0.880
0.912
0.880
0.892
0.914
0.920
0.869
0.810
0.748
0.854
0.860
0.886
0.934
0.973
0.901
0.940
0.972
0.959
0.931
0.967
0.967
0.964
0.976
0.977
0.966
0.948
0.951
0.942
0.934
0.943
0.970
0.974
0.945
0.972
0.973
0.965
0.973
0.960
0.973
0.978
0.945
0.975
0.900
0.952
0.975
0.980
0.973
0.916
0.867
0.885
0.861
0.906
0.935
0.964
0.978
0.910
0.917
0.959
0.898
0.969
0.974
0.979
0.954
0.961
0.925
0.948
0.928
0.909
0.959
0.973
0.975
0.969
0.852
0.878
0.895
0.886
0.892
0.937
0.944
0.942
0.972
0.950
0.971
0.931
0.977
0.974
0.975
0.943
0.817
0.734
0.738
0.816
0.733
0.779
0.797
0.826
0.825
0.796
0.809
0.821
0.801
0.897
0.831
0.820
0.790
0.831
0.818
0.837
0.867
0.917
0.888
0.829
0.809
0.888
0.889
0.899
0.850
0.859
0.908
0.968
0.955
0.883
0.846
0.797
0.742
0.798
0.871
0.864
0.882
0.818
0.835
0.786
0.849
0.823
0.743
0.672
0.757
0.807
0.818
0.838
0.834
0.858
0.804
0.842
0.815
0.837
0.809
0.762
0.787
0.694
0.712
0.736
0.690
0.737
0.713
0.758
0.875
0.874
0.872
0.862
0.816
0.827
0.827
0.818
0.864
0.901
0.863
0.808
0.732
0.700
0.716
0.747
0.803
0.856
0.821
0.908
0.907
0.853
0.872
0.899
0.871
0.830
0.838
0.841
0.895
0.858
0.900
0.908
0.900
0.822
0.879
0.909
0.938
0.952
0.895
0.917
0.901
0.922
0.847
0.888
0.839
0.847
0.912
0.954
0.801
0.776
0.797
0.867
0.970
0.922
0.879
0.882
0.931
0.844
0.787
0.802
0.834
0.869
0.885
0.842
0.845
0.759
0.777
0.884
0.879
0.943
0.936
0.959
0.964
0.901
0.933
0.833
0.908
0.909
0.866
0.819
0.857
0.904
0.928
0.960
0.979
0.944
0.974
0.940
0.889
0.914
0.943
0.970
0.952
0.879
0.956
0.930
0.925
0.982
0.966
0.977
0.937
0.906
0.956
0.954
0.981
0.971
0.974
0.985
0.957
0.979
0.984
0.977
0.986
0.979
0.926
0.971
0.983
0.981
0.975
0.952
0.936
0.877
0.822
0.856
0.934
0.962
0.972
0.981
0.986
0.985
0.981
0.964
0.936
0.905
0.896
0.888
0.887
0.909
0.871
0.945
0.870
0.806
0.813
0.901
0.881
0.812
0.835
0.867
0.966
0.974
0.935
0.831
0.959
0.979
0.975
0.906
0.929
0.923
0.850
0.906
0.922
0.949
0.928
0.958
0.948
0.902
0.883
0.889
0.889
0.804
0.793
0.823
0.877
0.911
0.944
0.971
0.970
0.973
0.979
0.963
0.863
0.933
0.976
0.918
0.917
0.910
0.959
0.919
0.898
0.929
0.974
0.964
0.966
0.932
0.938
0.884
0.914
0.940
0.954
0.978
0.970
0.937
0.966
0.979
0.983
0.955
0.936
0.969
0.978
0.980
0.954
0.924
0.939
0.948
0.963
0.945
0.976
0.976
0.984
0.976
0.985
0.971
0.911
0.929
0.965
0.950
0.943
0.970
0.924
0.913
0.885
0.918
0.977
0.975
0.962
0.979
0.982
0.969
0.939
0.968
0.972
0.972
0.947
0.927
0.970
0.939
0.928
0.962
0.969
0.967
0.879
0.847
0.925
0.973
0.971
0.920
0.924
0.871
0.884
0.883
0.887
0.897
0.954
0.964
0.973
0.955
0.969
0.960
0.900
0.857
0.862
0.836
0.882
0.924
0.963
0.929
0.924
0.934
0.874
0.897
0.857
0.893
0.963
0.958
0.940
0.960
0.947
0.936
0.906
0.945
0.979
0.982
0.932
0.964
0.978
0.925
0.877
0.882
0.890
0.881
0.880
0.908
0.969
0.891
0.872
0.795
0.805
0.831
0.855
0.843
0.850
0.846
0.822
0.841
0.878
0.807
0.862
0.909
0.869
0.859
0.868
0.911
0.898
0.868
0.851
0.878
0.861
0.837
0.839
0.844
0.853
0.850
0.923
0.942
0.834
0.826
0.830
0.737
0.705
0.712
0.701
0.731
0.673
0.797
0.749
0.770
0.840
0.878
0.892
0.869
0.779
0.836
0.853
0.821
0.887
0.801
0.816
0.835
0.828
0.817
0.774
0.786
0.773
0.824
0.903
0.912
0.903
0.933
0.851
0.805
0.797
0.880
0.831
0.892
0.818
0.851
0.918
0.861
0.800
0.826
0.889
0.884
0.815
0.780
0.738
0.778
0.831
0.846
0.821
0.884
0.865
0.880
0.809
0.803
0.820
0.841
0.819
0.857
0.818
0.822
0.845
0.797
0.843
0.794
0.828
0.831
0.775
0.762
0.828
0.881
0.941
0.936
0.978
0.966
0.963
0.865
0.850
0.934
0.958
0.956
0.917
0.905
0.931
0.880
0.910
0.936
0.923
0.946
0.975
0.916
0.942
0.976
0.903
0.909
0.934
0.961
0.974
0.975
0.968
0.915
0.949
0.923
0.911
0.972
0.947
0.939
0.925
0.932
0.875
0.853
0.894
0.862
0.898
0.970
0.972
0.985
0.968
0.972
0.954
0.945
0.957
0.909
0.941
0.931
0.937
0.939
0.946
0.975
0.966
0.972
0.980
0.978
0.944
0.984
0.965
0.981
0.986
0.982
0.896
0.938
0.976
0.982
0.984
0.945
0.939
0.956
0.913
0.857
0.888
0.882
0.866
0.873
0.926
0.929
0.933
0.889
0.825
0.838
0.869
0.903
0.938
0.965
0.951
0.957
0.929
0.914
0.929
0.958
0.883
0.746
0.798
0.834
0.836
0.858
0.813
0.852
0.854
0.853
0.862
0.857
0.871
0.860
0.860
0.958
0.849
0.831
0.863
0.843
0.834
0.856
0.886
0.881
0.889
0.876
0.840
0.816
0.827
0.788
0.777
0.871
0.880
0.973
0.925
0.888
0.873
0.956
0.902
0.936
0.889
0.896
0.937
0.796
0.809
0.834
0.852
0.778
0.708
0.767
0.838
0.825
0.872
0.984
0.982
0.973
0.981
0.969
0.982
0.954
0.945
0.970
0.949
0.918
0.891
0.908
0.907
0.949
0.944
0.962
0.978
0.981
0.983
0.981
0.845
0.855
0.849
0.947
0.916
0.938
0.981
0.982
0.974
0.983
0.986
0.966
0.887
0.917
0.960
0.981
0.960
0.972
0.974
0.973
0.936
0.936
0.913
0.938
0.940
0.979
0.974
0.977
0.939
0.938
0.920
0.959
0.960
0.943
0.980
0.984
0.961
0.939
0.983
0.982
0.974
0.913
0.957
0.876
0.843
0.954
0.960
0.982
0.965
0.971
0.974
0.879
0.946
0.972
0.980
0.965
0.964
0.971
0.912
0.912
0.899
0.951
0.934
0.889
0.967
0.926
0.911
0.955
0.921
0.952
0.942
0.970
0.962
0.949
0.958
0.982
0.953
0.962
0.912
0.908
0.872
0.946
0.930
0.908
0.973
0.983
0.952
0.976
0.868
0.859
0.839
0.832
0.934
0.905
0.947
0.945
0.965
0.904
0.858
0.864
0.890
0.888
0.921
0.913
0.922
0.851
0.841
0.855
0.848
0.886
0.898
0.902
0.876
0.848
0.885
0.897
0.851
0.793
0.790
0.809
0.827
0.846
0.847
0.855
0.896
0.928
0.864
0.935
0.955
0.884
0.902
0.893
0.938
0.931
0.965
0.977
0.973
0.977
0.972
0.931
0.910
0.939
0.937
0.945
0.967
0.911
0.846
0.746
0.756
0.838
0.973
0.976
0.903
0.906
0.896
0.915
0.967
0.964
0.969
0.912
0.904
0.833
0.903
0.936
0.915
0.931
0.942
0.941
0.900
0.870
0.818
0.771
0.749
0.726
0.713
0.773
0.756
0.843
0.871
0.892
0.929
0.925
0.946
0.933
0.899
0.915
0.904
0.929
0.868
0.805
0.921
0.832
0.901
0.937
0.899
0.862
0.874
0.880
0.908
0.924
0.966
0.922
0.900
0.868
0.843
0.826
0.946
0.970
0.956
0.979
0.966
0.969
0.966
0.929
0.974
0.945
0.901
0.910
0.980
0.946
0.976
0.970
0.917
0.929
0.922
0.931
0.944
0.954
0.972
0.861
0.867
0.904
0.925
0.928
0.919
0.980
0.978
0.951
0.915
0.903
0.974
0.957
0.954
0.979
0.977
0.987
0.966
0.957
0.955
0.981
0.958
0.970
0.964
0.986
0.986
0.926
0.979
0.947
0.968
0.960
0.917
0.898
0.930
0.981
0.974
0.961
0.983
0.977
0.974
0.940
0.960
0.916
0.983
0.984
0.940
0.986
0.984
0.980
0.964
0.967
0.941
0.931
0.927
0.948
0.929
0.951
0.978
0.980
0.977
0.963
0.936
0.934
0.933
0.935
0.881
0.942
0.895
0.916
0.907
0.918
0.907
0.952
0.966
0.916
0.873
0.937
0.981
0.977
0.930
0.979
0.978
0.981
0.959
0.975
0.974
0.967
0.979
0.982
0.977
0.886
0.898
0.904
0.946
0.935
0.978
0.981
0.957
0.979
0.966
0.970
0.979
0.944
0.966
0.972
0.962
0.938
0.906
0.913
0.924
0.923
0.967
0.926
0.944
0.977
0.983
0.937
0.968
0.973
0.974
0.900
0.883
0.947
0.981
0.969
0.973
0.970
0.947
0.980
0.981
0.977
0.973
0.976
0.955
0.986
0.945
0.973
0.924
0.979
0.978
0.968
0.954
0.888
0.873
0.926
0.957
0.915
0.926
0.925
0.967
0.925
0.942
0.966
0.964
0.968
0.966
0.959
0.925
0.963
0.937
0.941
0.953
0.937
0.921
0.938
0.942
0.974
0.979
0.983
0.955
0.955
0.923
0.968
0.934
0.968
0.974
0.963
0.937
0.973
0.972
0.981
0.931
0.872
0.896
0.888
0.882
0.940
0.954
0.914
0.969
0.911
0.968
0.936
0.967
0.928
0.883
0.883
0.970
0.944
0.934
0.972
0.981
0.933
0.977
0.982
0.980
0.941
0.957
0.976
0.914
0.909
0.936
0.877
0.902
0.963
0.950
0.961
0.949
0.901
0.947
0.942
0.901
0.875
0.856
0.823
0.792
0.778
0.882
0.832
0.911
0.923
0.924
0.887
0.929
0.977
0.911
0.857
0.859
0.863
0.807
0.821
0.953
0.912
0.960
0.978
0.975
0.925
0.889
0.907
0.927
0.859
0.859
0.878
0.923
0.951
0.953
0.942
0.899
0.922
0.904
0.885
0.812
0.849
0.828
0.764
0.752
0.829
0.785
0.783
0.799
0.799
0.940
0.979
0.904
0.906
0.809
0.857
0.844
0.829
0.823
0.865
0.896
0.825
0.840
0.830
0.835
0.917
0.856
0.835
0.768
0.787
0.820
0.794
0.838
0.881
0.896
0.933
0.813
0.863
0.889
0.904
0.913
0.948
0.961
0.949
0.928
0.844
0.906
0.935
0.946
0.896
0.948
0.936
0.925
0.913
0.898
0.955
0.926
0.866
0.835
0.768
0.816
0.842
0.847
0.844
0.802
0.853
0.909
0.886
0.837
0.793
0.839
0.870
0.877
0.873
0.842
0.906
0.871
0.833
0.818
0.901
0.892
0.947
0.978
0.971
0.979
0.951
0.981
0.975
0.975
0.963
0.945
0.932
0.963
0.978
0.972
0.947
0.983
0.963
0.943
0.945
0.872
0.897
0.929
0.934
0.935
0.969
0.950
0.888
0.961
0.964
0.976
0.865
0.887
0.796
0.802
0.907
0.972
0.942
0.897
0.929
0.882
0.937
0.977
0.968
0.974
0.974
0.912
0.832
0.790
0.836
0.770
0.752
0.853
0.911
0.931
0.947
0.978
0.943
0.979
0.956
0.965
0.956
0.940
0.931
0.928
0.911
0.922
0.948
0.953
0.976
0.957
0.926
0.915
0.903
0.889
0.780
0.813
0.780
0.833
0.883
0.888
0.858
0.848
0.841
0.864
0.866
0.949
0.920
0.954
0.933
0.971
0.984
0.977
0.976
0.911
0.971
0.956
0.947
0.951
0.933
0.952
0.956
0.926
0.853
0.930
0.964
0.960
0.979
0.910
0.912
0.977
0.975
0.981
0.980
0.967
0.982
0.982
0.977
0.955
0.967
0.950
0.973
0.973
0.960
0.980
0.979
0.968
0.974
0.981
0.985
0.956
0.948
0.908
0.924
0.906
0.891
0.951
0.942
0.934
0.868
0.837
0.829
0.868
0.874
0.867
0.838
0.873
0.838
0.867
0.941
0.969
0.908
0.793
0.760
0.735
0.721
0.694
0.721
0.775
0.804
0.833
0.866
0.841
0.919
0.948
0.946
0.946
0.976
0.954
0.984
0.952
0.984
0.966
0.960
0.987
0.983
0.971
0.983
0.966
0.974
0.970
0.914
0.916
0.921
0.889
0.911
0.904
0.918
0.876
0.862
0.920
0.930
0.895
0.924
0.967
0.948
0.934
0.956
0.975
0.964
0.958
0.964
0.978
0.974
0.964
0.973
0.951
0.960
0.906
0.843
0.875
0.869
0.817
0.806
0.816
0.859
0.849
0.800
0.831
0.916
0.882
0.905
0.912
0.929
0.916
0.886
0.898
0.881
0.838
0.814
0.872
0.877
0.867
0.874
0.935
0.944
0.969
0.927
0.910
0.917
0.882
0.918
0.978
0.877
0.981
0.964
0.965
0.975
0.936
0.982
0.967
0.967
0.978
0.981
0.887
0.911
0.942
0.920
0.844
0.836
0.803
0.857
0.829
0.850
0.883
0.897
0.927
0.951
0.873
0.813
0.784
0.798
0.748
0.629
0.653
0.708
0.791
0.726
0.797
0.854
0.778
0.709
0.778
0.747
0.769
0.748
0.809
0.850
0.832
0.767
0.663
0.693
0.709
0.621
0.659
0.695
0.798
0.805
0.886
0.852
0.892
0.857
0.798
0.781
0.703
0.659
0.665
0.693
0.685
0.731
0.652
0.691
0.747
0.748
0.795
0.809
0.681
0.662
0.714
0.803
0.877
0.785
0.718
0.739
0.821
0.842
0.844
0.871
0.860
0.724
0.647
0.726
0.853
0.871
0.832
0.842
0.820
0.922
0.938
0.974
0.981
0.976
0.967
0.840
0.818
0.849
0.823
0.791
0.748
0.780
0.783
0.884
0.943
0.939
0.938
0.940
0.972
0.969
0.891
0.932
0.833
0.887
0.926
0.918
0.908
0.939
0.841
0.915
0.805
0.808
0.840
0.940
0.984
0.962
0.942
0.968
0.956
0.904
0.909
0.978
0.964
0.932
0.954
0.975
0.966
0.970
0.936
0.940
0.929
0.963
0.951
0.955
0.976
0.929
0.908
0.859
0.848
0.866
0.867
0.865
0.865
0.896
0.919
0.928
0.932
0.980
0.952
0.979
0.983
0.966
0.946
0.985
0.985
0.960
0.966
0.933
0.977
0.955
0.965
0.975
0.939
0.963
0.986
0.970
0.970
0.974
0.924
0.891
0.932
0.866
0.858
0.807
0.799
0.857
0.849
0.862
0.892
0.953
0.960
0.849
0.903
0.934
0.890
0.854
0.923
0.881
0.785
0.693
0.717
0.735
0.733
0.795
0.806
0.817
0.691
0.781
0.628
0.565
0.603
0.762
0.912
0.954
0.964
0.896
0.856
0.807
0.840
0.823
0.879
0.887
0.905
0.908
0.893
0.885
0.852
0.825
0.828
0.887
0.882
0.838
0.794
0.844
0.922
0.870
0.861
0.868
0.879
0.701
0.822
0.923
0.927
0.915
0.961
0.937
0.862
0.799
0.924
0.967
0.954
0.960
0.887
0.770
0.799
0.845
0.861
0.890
0.905
0.905
0.884
0.915
0.893
0.900
0.937
0.941
0.907
0.888
0.897
0.876
0.869
0.852
0.896
0.916
0.956
0.964
0.872
0.886
0.853
0.888
0.925
0.973
0.914
0.889
0.901
0.897
0.971
0.962
0.972
0.937
0.950
0.931
0.958
0.958
0.931
0.978
0.896
0.849
0.962
0.943
0.978
0.978
0.922
0.944
0.914
0.960
0.959
0.968
0.967
0.973
0.969
0.965
0.966
0.981
0.960
0.979
0.974
0.979
0.960
0.959
0.975
0.966
0.957
0.973
0.959
0.965
0.971
0.965
0.937
0.976
0.960
0.968
0.933
0.944
0.957
0.980
0.917
0.945
0.973
0.894
0.873
0.877
0.878
0.880
0.814
0.804
0.875
0.896
0.859
0.894
0.884
0.961
0.964
0.954
0.976
0.971
0.979
0.967
0.980
0.915
0.895
0.908
0.903
0.871
0.860
0.875
0.876
0.855
0.844
0.834
0.815
0.867
0.879
0.896
0.838
0.833
0.885
0.856
0.864
0.901
0.877
0.855
0.871
0.844
0.835
0.860
0.849
0.693
0.665
0.816
0.869
0.917
0.896
0.902
0.882
0.962
0.939
0.864
0.868
0.855
0.782
0.784
0.843
0.874
0.886
0.935
0.879
0.850
0.844
0.884
0.931
0.894
0.902
0.928
0.921
0.899
0.880
0.857
0.869
0.827
0.823
0.790
0.809
0.928
0.974
0.977
0.896
0.885
0.940
0.887
0.849
0.842
0.924
0.918
0.888
0.866
0.891
0.937
0.973
0.983
0.867
0.849
0.850
0.929
0.958
0.864
0.821
0.833
0.893
0.836
0.891
0.893
0.903
0.884
0.849
0.857
0.918
0.961
0.919
0.891
0.911
0.975
0.977
0.913
0.951
0.840
0.858
0.936
0.887
0.854
0.893
0.912
0.974
0.942
0.897
0.902
0.896
0.939
0.904
0.844
0.823
0.878
0.908
0.958
0.973
0.962
0.974
0.885
0.855
0.770
0.805
0.825
0.909
0.974
0.875
0.889
0.954
0.972
0.980
0.966
0.980
0.960
0.966
0.955
0.976
0.966
0.940
0.983
0.962
0.937
0.957
0.955
0.962
0.934
0.981
0.979
0.970
0.966
0.974
0.982
0.926
0.951
0.977
0.960
0.973
0.964
0.967
0.956
0.910
0.940
0.977
0.948
0.983
0.963
0.980
0.942
0.929
0.972
0.928
0.967
0.940
0.985
0.971
0.924
0.962
0.982
0.986
0.978
0.903
0.878
0.977
0.984
0.979
0.948
0.928
0.941
0.886
0.957
0.979
0.873
0.932
0.979
0.943
0.925
0.898
0.945
0.937
0.976
0.974
0.981
0.973
0.924
0.948
0.949
0.975
0.982
0.984
0.953
0.908
0.912
0.949
0.982
0.975
0.986
0.890
0.906
0.959
0.982
0.944
0.895
0.966
0.959
0.917
0.925
0.930
0.972
0.951
0.971
0.959
0.951
0.918
0.929
0.968
0.958
0.962
0.966
0.957
0.951
0.971
0.946
0.917
0.878
0.948
0.927
0.973
0.937
0.969
0.965
0.977
0.977
0.964
0.981
0.949
0.981
0.977
0.981
0.976
0.976
0.963
0.959
0.973
0.969
0.954
0.909
0.954
0.925
0.919
0.929
0.937
0.928
0.885
0.911
0.904
0.892
0.943
0.968
0.965
0.952
0.970
0.968
0.977
0.953
0.941
0.957
0.920
0.929
0.882
0.876
0.959
0.968
0.973
0.947
0.972
0.972
0.978
0.973
0.969
0.972
0.977
0.973
0.943
0.947
0.939
0.926
0.950
0.942
0.964
0.853
0.770
0.712
0.796
0.890
0.822
0.852
0.852
0.902
0.966
0.965
0.981
0.972
0.976
0.975
0.979
0.918
0.959
0.980
0.967
0.972
0.970
0.959
0.957
0.977
0.963
0.972
0.947
0.961
0.896
0.858
0.903
0.850
0.856
0.855
0.895
0.863
0.815
0.814
0.829
0.885
0.847
0.878
0.881
0.878
0.937
0.908
0.873
0.846
0.969
0.931
0.921
0.912
0.950
0.928
0.926
0.902
0.939
0.973
0.905
0.975
0.959
0.982
0.934
0.971
0.899
0.907
0.865
0.911
0.900
0.914
0.928
0.960
0.930
0.973
0.858
0.897
0.890
0.918
0.919
0.930
0.812
0.882
0.852
0.824
0.813
0.765
0.819
0.746
0.672
0.687
0.798
0.770
0.742
0.794
0.817
0.797
0.767
0.905
0.815
0.805
0.782
0.791
0.820
0.758
0.737
0.763
0.828
0.823
0.904
0.845
0.832
0.899
0.916
0.874
0.860
0.827
0.814
0.838
0.860
0.864
0.817
0.749
0.836
0.847
0.853
0.892
0.912
0.968
0.912
0.967
0.913
0.926
0.966
0.894
0.849
0.798
0.800
0.880
0.942
0.888
0.907
0.923
0.918
0.919
0.936
0.947
0.964
0.928
0.980
0.981
0.970
0.973
0.949
0.891
0.810
0.810
0.825
0.834
0.886
0.971
0.875
0.961
0.951
0.972
0.973
0.958
0.964
0.921
0.924
0.954
0.934
0.898
0.968
0.906
0.882
0.865
0.918
0.940
0.922
0.838
0.774
0.825
0.950
0.965
0.965
0.936
0.907
0.964
0.940
0.953
0.969
0.949
0.965
0.977
0.967
0.965
0.952
0.926
0.950
0.940
0.979
0.980
0.963
0.950
0.968
0.938
0.972
0.962
0.958
0.964
0.950
0.976
0.951
0.937
0.953
0.984
0.982
0.927
0.960
0.944
0.952
0.982
0.982
0.943
0.914
0.891
0.923
0.971
0.972
0.948
0.983
0.987
0.986
0.964
0.958
0.918
0.927
0.933
0.955
0.979
0.970
0.972
0.986
0.964
0.977
0.982
0.941
0.969
0.955
0.897
0.924
0.870
0.985
0.942
0.974
0.926
0.951
0.881
0.865
0.964
0.949
0.924
0.944
0.923
0.985
0.975
0.946
0.950
0.911
0.914
0.887
0.867
0.805
0.692
0.843
0.937
0.885
0.865
0.904
0.913
0.850
0.832
0.914
0.940
0.962
0.893
0.939
0.922
0.970
0.943
0.971
0.922
0.912
0.913
0.966
0.877
0.825
0.871
0.897
0.881
0.921
0.852
0.869
0.862
0.882
0.904
0.906
0.843
0.875
0.918
0.942
0.952
0.962
0.937
0.949
0.963
0.983
0.976
0.918
0.916
0.935
0.933
0.918
0.942
0.933
0.970
0.926
0.918
0.912
0.908
0.959
0.934
0.897
0.923
0.926
0.935
0.919
0.936
0.924
0.913
0.961
0.977
0.982
0.982
0.983
0.980
0.936
0.942
0.933
0.945
0.915
0.882
0.920
0.972
0.967
0.953
0.901
0.914
0.874
0.840
0.946
0.980
0.974
0.966
0.951
0.962
0.940
0.935
0.962
0.954
0.891
0.930
0.970
0.936
0.944
0.955
0.927
0.876
0.878
0.936
0.945
0.942
0.938
0.950
0.961
0.974
0.981
0.947
0.963
0.901
0.933
0.878
0.941
0.974
0.945
0.940
0.916
0.913
0.971
0.946
0.974
0.906
0.869
0.844
0.866
0.845
0.874
0.907
0.882
0.954
0.972
0.945
0.922
0.838
0.876
0.854
0.887
0.864
0.890
0.904
0.846
0.803
0.841
0.878
0.880
0.893
0.897
0.910
0.920
0.937
0.846
0.814
0.856
0.937
0.950
0.918
0.839
0.789
0.822
0.819
0.764
0.789
0.797
0.849
0.797
0.845
0.891
0.822
0.849
0.760
0.778
0.781
0.743
0.843
0.855
0.784
0.814
0.776
0.955
0.923
0.883
0.880
0.911
0.796
0.708
0.839
0.832
0.807
0.864
0.872
0.843
0.825
0.847
0.855
0.881
0.869
0.898
0.842
0.901
0.854
0.827
0.801
0.766
0.695
0.690
0.712
0.700
0.711
0.824
0.736
0.614
0.679
0.639
0.712
0.788
0.790
0.855
0.756
0.684
0.814
0.883
0.828
0.868
0.877
0.903
0.922
0.889
0.909
0.903
0.920
0.908
0.917
0.935
0.911
0.836
0.854
0.844
0.804
0.776
0.765
0.741
0.797
0.873
0.889
0.900
0.948
0.922
0.907
0.856
0.934
0.902
0.912
0.962
0.918
0.888
0.869
0.877
0.873
0.791
0.821
0.849
0.839
0.762
0.749
0.819
0.894
0.801
0.823
0.828
0.826
0.836
0.833
0.903
0.903
0.913
0.968
0.971
0.948
0.975
0.935
0.905
0.913
0.953
0.969
0.963
0.974
0.924
0.984
0.954
0.928
0.907
0.975
0.967
0.956
0.955
0.946
0.981
0.949
0.964
0.947
0.938
0.959
0.939
0.906
0.881
0.760
0.787
0.842
0.880
0.842
0.885
0.874
0.844
0.821
0.777
0.820
0.835
0.886
0.907
0.840
0.858
0.862
0.812
0.820
0.917
0.869
0.872
0.889
0.862
0.838
0.899
0.959
0.921
0.928
0.814
0.756
0.696
0.744
0.865
0.844
0.869
0.871
0.929
0.900
0.846
0.812
0.787
0.856
0.861
0.923
0.895
0.788
0.819
0.903
0.913
0.927
0.923
0.906
0.907
0.888
0.869
0.905
0.942
0.946
0.954
0.894
0.966
0.977
0.889
0.866
0.835
0.808
0.774
0.717
0.756
0.825
0.764
0.811
0.863
0.836
0.736
0.719
0.715
0.770
0.792
0.767
0.681
0.578
0.631
0.767
0.813
0.809
0.841
0.870
0.904
0.916
0.963
0.935
0.959
0.950
0.942
0.975
0.968
0.959
0.965
0.933
0.915
0.974
0.963
0.965
0.941
0.905
0.952
0.964
0.974
0.922
0.845
0.940
0.923
0.928
0.919
0.970
0.982
0.976
0.967
0.962
0.945
0.969
0.975
0.894
0.927
0.897
0.908
0.880
0.882
0.911
0.864
0.839
0.876
0.921
0.891
0.852
0.924
0.933
0.920
0.901
0.912
0.915
0.940
0.967
0.917
0.893
0.900
0.907
0.944
0.885
0.910
0.954
0.940
0.868
0.862
0.880
0.817
0.879
0.893
0.893
0.880
0.895
0.891
0.906
0.918
0.973
0.973
0.984
0.928
0.874
0.886
0.896
0.941
0.976
0.975
0.896
0.891
0.888
0.934
0.954
0.947
0.935
0.945
0.928
0.965
0.956
0.966
0.892
0.865
0.903
0.907
0.951
0.936
0.888
0.882
0.906
0.874
0.802
0.843
0.828
0.775
0.888
0.939
0.890
0.866
0.903
0.872
0.813
0.832
0.868
0.893
0.771
0.810
0.804
0.759
0.636
0.651
0.790
0.793
0.846
0.783
0.736
0.721
0.697
0.765
0.832
0.829
0.874
0.914
0.908
0.924
0.910
0.824
0.873
0.883
0.862
0.890
0.776
0.884
0.883
0.891
0.853
0.808
0.737
0.785
0.887
0.826
0.800
0.763
0.856
0.814
0.782
0.838
0.857
0.856
0.887
0.825
0.828
0.831
0.739
0.598
0.676
0.692
0.731
0.832
0.831
0.776
0.724
0.775
0.744
0.730
0.698
0.731
0.754
0.796
0.885
0.847
0.832
0.786
0.755
0.755
0.685
0.767
0.873
0.838
0.857
0.865
0.802
0.800
0.920
0.931
0.917
0.944
0.964
0.966
0.981
0.902
0.848
0.735
0.907
0.910
0.956
0.895
0.890
0.863
0.927
0.891
0.889
0.939
0.921
0.882
0.863
0.884
0.869
0.814
0.773
0.830
0.852
0.857
0.896
0.868
0.900
0.850
0.785
0.805
0.890
0.928
0.972
0.981
0.956
0.958
0.939
0.953
0.962
0.962
0.877
0.812
0.851
0.970
0.921
0.955
0.970
0.966
0.982
0.980
0.883
0.949
0.906
0.937
0.892
0.847
0.931
0.983
0.955
0.977
0.977
0.980
0.983
0.927
0.913
0.936
0.930
0.975
0.975
0.935
0.891
0.930
0.982
0.981
0.968
0.945
0.966
0.941
0.978
0.946
0.925
0.899
0.912
0.953
0.947
0.976
0.983
0.961
0.931
0.897
0.981
0.973
0.959
0.984
0.953
0.976
0.968
0.968
0.981
0.951
0.964
0.944
0.961
0.981
0.967
0.945
0.931
0.944
0.929
0.900
0.826
0.910
0.926
0.862
0.916
0.934
0.978
0.944
0.899
0.857
0.921
0.898
0.899
0.899
0.940
0.908
0.889
0.816
0.819
0.852
0.863
0.856
0.841
0.860
0.855
0.745
0.723
0.787
0.875
0.873
0.863
0.879
0.946
0.973
0.917
0.980
0.979
0.937
0.957
0.931
0.933
0.932
0.903
0.897
0.866
0.851
0.864
0.871
0.909
0.883
0.875
0.898
0.931
0.865
0.833
0.860
0.933
0.938
0.837
0.768
0.830
0.892
0.858
0.908
0.925
0.844
0.829
0.784
0.862
0.930
0.906
0.894
0.947
0.933
0.917
0.940
0.953
0.975
0.974
0.950
0.955
0.904
0.885
0.926
0.916
0.958
0.955
0.952
0.884
0.893
0.948
0.971
0.886
0.939
0.939
0.970
0.968
0.948
0.980
0.968
0.939
0.969
0.977
0.912
0.920
0.935
0.973
0.947
0.942
0.937
0.924
0.956
0.979
0.972
0.957
0.977
0.963
0.977
0.962
0.939
0.906
0.887
0.833
0.823
0.813
0.850
0.853
0.785
0.808
0.836
0.831
0.763
0.811
0.848
0.910
0.927
0.968
0.914
0.967
0.977
0.957
0.974
0.920
0.973
0.952
0.875
0.807
0.878
0.977
0.976
0.910
0.944
0.921
0.939
0.982
0.974
0.959
0.922
0.918
0.885
0.873
0.910
0.925
0.867
0.853
0.813
0.837
0.820
0.744
0.750
0.810
0.738
0.707
0.732
0.691
0.702
0.745
0.783
0.772
0.742
0.711
0.655
0.723
0.774
0.894
0.908
0.883
0.829
0.780
0.816
0.804
0.771
0.701
0.758
0.747
0.782
0.847
0.908
0.874
0.910
0.942
0.902
0.824
0.874
0.813
0.752
0.802
0.751
0.703
0.733
0.759
0.829
0.773
0.788
0.760
0.818
0.730
0.749
0.820
0.825
0.764
0.748
0.729
0.736
0.732
0.668
0.663
0.674
0.787
0.841
0.844
0.743
0.721
0.822
0.825
0.843
0.895
0.938
0.950
0.939
0.896
0.936
0.908
0.876
0.917
0.801
0.789
0.817
0.725
0.634
0.715
0.832
0.883
0.835
0.786
0.830
0.864
0.903
0.947
0.967
0.961
0.868
0.772
0.715
0.819
0.937
0.955
0.968
0.931
0.886
0.861
0.891
0.823
0.747
0.767
0.722
0.766
0.828
0.891
0.911
0.916
0.910
0.964
0.875
0.833
0.844
0.899
0.963
0.931
0.920
0.891
0.946
0.976
0.967
0.904
0.973
0.923
0.985
0.979
0.931
0.979
0.958
0.982
0.942
0.978
0.967
0.980
0.943
0.921
0.985
0.982
0.955
0.921
0.867
0.915
0.924
0.941
0.852
0.842
0.858
0.950
0.958
0.862
0.891
0.800
0.798
0.818
0.857
0.894
0.844
0.840
0.845
0.861
0.867
0.768
0.756
0.833
0.857
0.900
0.922
0.966
0.960
0.948
0.947
0.888
0.859
0.894
0.973
0.979
0.971
0.930
0.972
0.970
0.927
0.880
0.886
0.836
0.820
0.846
0.850
0.890
0.911
0.892
0.763
0.778
0.718
0.785
0.835
0.784
0.769
0.650
0.676
0.686
0.668
0.734
0.684
0.727
0.841
0.836
0.829
0.810
0.867
0.873
0.783
0.720
0.844
0.982
0.919
0.839
0.849
0.875
0.850
0.754
0.755
0.866
0.904
0.846
0.762
0.712
0.752
0.801
0.803
0.890
0.888
0.841
0.917
0.946
0.949
0.937
0.966
0.976
0.979
0.948
0.936
0.969
0.965
0.888
0.877
0.908
0.907
0.951
0.948
0.907
0.897
0.929
0.903
0.828
0.779
0.777
0.769
0.790
0.834
0.888
0.902
0.830
0.900
0.957
0.973
0.932
0.952
0.945
0.977
0.968
0.945
0.980
0.905
0.910
0.982
0.977
0.948
0.911
0.918
0.950
0.965
0.820
0.738
0.787
0.958
0.911
0.909
0.864
0.940
0.966
0.976
0.972
0.951
0.945
0.951
0.962
0.935
0.941
0.949
0.976
0.928
0.974
0.973
0.975
0.958
0.980
0.966
0.931
0.848
0.909
0.911
0.825
0.869
0.890
0.945
0.897
0.901
0.919
0.933
0.896
0.912
0.866
0.859
0.849
0.830
0.809
0.816
0.851
0.904
0.923
0.887
0.929
0.906
0.914
0.909
0.894
0.957
0.906
0.900
0.891
0.902
0.926
0.916
0.923
0.975
0.969
0.970
0.933
0.904
0.836
0.808
0.858
0.916
0.921
0.927
0.907
0.937
0.933
0.936
0.950
0.938
0.902
0.867
0.901
0.874
0.811
0.737
0.823
0.822
0.850
0.875
0.856
0.898
0.857
0.820
0.849
0.895
0.874
0.899
0.932
0.946
0.891
0.863
0.903
0.847
0.773
0.805
0.830
0.860
0.739
0.747
0.730
0.711
0.765
0.741
0.747
0.818
0.835
0.770
0.792
0.785
0.847
0.873
0.900
0.896
0.918
0.844
0.825
0.741
0.763
0.904
0.858
0.784
0.812
0.826
0.820
0.852
0.805
0.824
0.757
0.771
0.829
0.870
0.940
0.892
0.916
0.841
0.816
0.811
0.859
0.799
0.860
0.869
0.787
0.786
0.796
0.786
0.809
0.879
0.886
0.959
0.961
0.978
0.889
0.858
0.839
0.844
0.832
0.878
0.852
0.838
0.883
0.852
0.945
0.885
0.911
0.903
0.939
0.977
0.974
0.973
0.955
0.971
0.980
0.976
0.925
0.920
0.908
0.949
0.975
0.953
0.982
0.975
0.926
0.964
0.879
0.943
0.938
0.975
0.956
0.893
0.973
0.967
0.972
0.970
0.956
0.916
0.865
0.918
0.942
0.977
0.981
0.973
0.956
0.982
0.923
0.903
0.956
0.968
0.954
0.953
0.980
0.974
0.975
0.985
0.967
0.980
0.954
0.944
0.956
0.933
0.923
0.965
0.956
0.980
0.948
0.979
0.977
0.977
0.981
0.968
0.932
0.933
0.981
0.964
0.976
0.958
0.969
0.913
0.910
0.972
0.939
0.967
0.910
0.923
0.959
0.962
0.935
0.963
0.940
0.808
0.706
0.836
0.835
0.848
0.881
0.838
0.803
0.818
0.878
0.916
0.977
0.985
0.962
0.949
0.841
0.767
0.695
0.743
0.828
0.898
0.949
0.965
0.957
0.965
0.970
0.965
0.932
0.941
0.919
0.951
0.977
0.986
0.960
0.914
0.965
0.957
0.968
0.974
0.864
0.840
0.909
0.846
0.851
0.820
0.823
0.818
0.800
0.764
0.819
0.783
0.756
0.634
0.707
0.708
0.702
0.660
0.751
0.812
0.871
0.927
0.904
0.915
0.831
0.912
0.953
0.959
0.967
0.977
0.976
0.979
0.969
0.941
0.895
0.892
0.951
0.918
0.893
0.881
0.891
0.907
0.958
0.959
0.951
0.869
0.865
0.871
0.803
0.800
0.789
0.892
0.914
0.891
0.892
0.931
0.913
0.875
0.947
0.921
0.922
0.927
0.970
0.971
0.950
0.940
0.898
0.912
0.943
0.960
0.974
0.939
0.871
0.894
0.844
0.898
0.949
0.961
0.955
0.943
0.971
0.978
0.979
0.976
0.931
0.938
0.934
0.969
0.951
0.974
0.968
0.970
0.963
0.946
0.976
0.925
0.882
0.886
0.937
0.962
0.941
0.961
0.906
0.890
0.865
0.848
0.846
0.875
0.885
0.892
0.913
0.885
0.937
0.902
0.973
0.974
0.968
0.967
0.958
0.982
0.903
0.884
0.890
0.882
0.888
0.930
0.977
0.936
0.898
0.874
0.835
0.839
0.880
0.922
0.902
0.847
0.843
0.877
0.837
0.765
0.735
0.798
0.815
0.860
0.822
0.774
0.845
0.814
0.867
0.822
0.716
0.687
0.767
0.836
0.802
0.816
0.840
0.749
0.878
0.851
0.871
0.885
0.860
0.890
0.858
0.905
0.943
0.930
0.909
0.869
0.848
0.907
0.896
0.897
0.850
0.799
0.874
0.881
0.845
0.884
0.894
0.878
0.865
0.872
0.828
0.872
0.862
0.881
0.854
0.797
0.738
0.768
0.868
0.792
0.840
0.838
0.701
0.691
0.736
0.791
0.735
0.725
0.756
0.754
0.773
0.827
0.851
0.859
0.856
0.800
0.874
0.788
0.780
0.890
0.875
0.879
0.951
0.939
0.890
0.891
0.863
0.844
0.798
0.784
0.928
0.968
0.955
0.975
0.978
0.972
0.940
0.972
0.896
0.863
0.904
0.927
0.905
0.925
0.891
0.929
0.953
0.884
0.825
0.827
0.862
0.950
0.901
0.933
0.939
0.972
0.941
0.923
0.894
0.903
0.960
0.914
0.974
0.972
0.970
0.977
0.969
0.913
0.975
0.919
0.917
0.871
0.906
0.925
0.965
0.956
0.978
0.976
0.959
0.973
0.944
0.964
0.968
0.982
0.965
0.973
0.975
0.979
0.894
0.940
0.970
0.971
0.983
0.944
0.956
0.971
0.977
0.949
0.937
0.931
0.937
0.953
0.956
0.980
0.983
0.976
0.982
0.937
0.861
0.808
0.892
0.909
0.978
0.970
0.986
0.949
0.934
0.949
0.974
0.957
0.942
0.932
0.889
0.917
0.931
0.945
0.977
0.955
0.967
0.982
0.973
0.949
0.948
0.973
0.974
0.984
0.935
0.921
0.920
0.919
0.881
0.875
0.946
0.903
0.860
0.904
0.979
0.939
0.865
0.877
0.910
0.931
0.968
0.946
0.928
0.899
0.897
0.960
0.932
0.952
0.951
0.934
0.978
0.965
0.984
0.982
0.920
0.942
0.872
0.899
0.935
0.886
0.936
0.902
0.862
0.887
0.922
0.913
0.961
0.956
0.901
0.932
0.909
0.913
0.857
0.896
0.912
0.955
0.959
0.926
0.934
0.952
0.916
0.907
0.890
0.979
0.928
0.872
0.918
0.954
0.904
0.917
0.930
0.951
0.877
0.912
0.934
0.973
0.926
0.933
0.944
0.963
0.972
0.958
0.959
0.975
0.971
0.933
0.834
0.844
0.809
0.853
0.860
0.846
0.947
0.942
0.874
0.921
0.928
0.838
0.790
0.882
0.869
0.917
0.949
0.968
0.972
0.915
0.952
0.932
0.943
0.924
0.821
0.828
0.853
0.963
0.923
0.921
0.949
0.942
0.970
0.843
0.912
0.823
0.847
0.785
0.869
0.928
0.955
0.970
0.979
0.970
0.916
0.954
0.934
0.912
0.929
0.950
0.925
0.950
0.956
0.975
0.960
0.963
0.961
0.945
0.884
0.956
0.912
0.880
0.860
0.860
0.916
0.942
0.982
0.979
0.960
0.975
0.928
0.963
0.984
0.982
0.969
0.958
0.902
0.860
0.797
0.771
0.843
0.883
0.924
0.910
0.936
0.884
0.911
0.960
0.948
0.949
0.902
0.901
0.907
0.968
0.843
0.873
0.820
0.814
0.798
0.822
0.824
0.830
0.900
0.842
0.795
0.787
0.777
0.839
0.856
0.893
0.866
0.928
0.898
0.801
0.822
0.856
0.947
0.855
0.849
0.795
0.805
0.773
0.757
0.829
0.935
0.944
0.945
0.922
0.924
0.875
0.850
0.873
0.829
0.832
0.766
0.767
0.778
0.652
0.721
0.720
0.762
0.702
0.750
0.803
0.783
0.738
0.784
0.799
0.781
0.757
0.808
0.804
0.722
0.760
0.803
0.869
0.930
0.913
0.948
0.906
0.840
0.809
0.781
0.838
0.947
0.968
0.930
0.908
0.823
0.840
0.833
0.874
0.929
0.873
0.817
0.838
0.764
0.834
0.858
0.871
0.818
0.810
0.826
0.735
0.797
0.834
0.836
0.852
0.768
0.720
0.798
0.797
0.849
0.879
0.937
0.967
0.980
0.964
0.958
0.959
0.921
0.931
0.951
0.953
0.899
0.896
0.935
0.951
0.931
0.890
0.916
0.851
0.877
0.942
0.968
0.962
0.961
0.980
0.953
0.963
0.968
0.931
0.915
0.950
0.978
0.970
0.964
0.981
0.982
0.929
0.926
0.968
0.951
0.986
0.975
0.984
0.935
0.961
0.917
0.940
0.939
0.949
0.975
0.912
0.970
0.981
0.973
0.968
0.971
0.903
0.952
0.975
0.970
0.984
0.962
0.965
0.976
0.980
0.972
0.980
0.985
0.921
0.891
0.924
0.915
0.939
0.921
0.873
0.947
0.984
0.977
0.905
0.929
0.943
0.878
0.910
0.967
0.957
0.980
0.940
0.972
0.916
0.928
0.964
0.944
0.975
0.977
0.946
0.981
0.977
0.967
0.907
0.918
0.971
0.880
0.846
0.904
0.939
0.961
0.977
0.982
0.979
0.939
0.980
0.949
0.972
0.973
0.951
0.913
0.929
0.964
0.910
0.934
0.973
0.879
0.823
0.879
0.860
0.889
0.892
0.891
0.905
0.907
0.916
0.919
0.911
0.967
0.959
0.954
0.967
0.977
0.972
0.962
0.980
0.969
0.908
0.870
0.882
0.901
0.876
0.789
0.784
0.839
0.898
0.908
0.887
0.839
0.824
0.849
0.845
0.891
0.874
0.895
0.976
0.882
0.934
0.895
0.946
0.921
0.925
0.915
0.970
0.972
0.970
0.977
0.971
0.971
0.931
0.918
0.932
0.932
0.957
0.924
0.956
0.964
0.944
0.947
0.960
0.974
0.951
0.966
0.962
0.887
0.872
0.935
0.920
0.958
0.965
0.970
0.977
0.982
0.975
0.943
0.956
0.960
0.951
0.976
0.978
0.974
0.981
0.964
0.933
0.958
0.942
0.958
0.914
0.892
0.823
0.881
0.886
0.966
0.960
0.980
0.983
0.983
0.983
0.900
0.881
0.929
0.970
0.976
0.975
0.928
0.965
0.967
0.976
0.967
0.968
0.877
0.864
0.824
0.925
0.926
0.906
0.942
0.960
0.931
0.834
0.714
0.772
0.833
0.864
0.887
0.895
0.912
0.863
0.881
0.912
0.912
0.947
0.942
0.952
0.937
0.983
0.976
0.938
0.966
0.967
0.885
0.856
0.848
0.863
0.837
0.838
0.854
0.802
0.807
0.836
0.815
0.814
0.875
0.773
0.814
0.751
0.796
0.625
0.622
0.664
0.704
0.757
0.808
0.788
0.806
0.729
0.801
0.809
0.758
0.816
0.808
0.758
0.819
0.788
0.820
0.840
0.819
0.778
0.724
0.839
0.848
0.804
0.846
0.888
0.921
0.955
0.961
0.950
0.868
0.784
0.759
0.850
0.710
0.708
0.787
0.782
0.842
0.863
0.884
0.862
0.868
0.787
0.705
0.811
0.855
0.921
0.884
0.920
0.853
0.837
0.848
0.826
0.809
0.857
0.923
0.921
0.916
0.929
0.874
0.862
0.859
0.879
0.841
0.907
0.929
0.868
0.775
0.886
0.925
0.893
0.836
0.840
0.898
0.918
0.876
0.927
0.907
0.939
0.920
0.933
0.928
0.924
0.911
0.912
0.896
0.874
0.800
0.759
0.802
0.822
0.813
0.858
0.906
0.910
0.910
0.885
0.827
0.847
0.850
0.917
0.931
0.962
0.971
0.981
0.974
0.975
0.970
0.980
0.974
0.913
0.840
0.918
0.946
0.948
0.948
0.939
0.969
0.936
0.980
0.945
0.965
0.980
0.958
0.970
0.910
0.941
0.949
0.972
0.984
0.962
0.928
0.940
0.958
0.976
0.962
0.981
0.982
0.938
0.975
0.982
0.973
0.946
0.978
0.963
0.978
0.973
0.977
0.979
0.981
0.974
0.981
0.939
0.932
0.975
0.981
0.973
0.936
0.961
0.968
0.981
0.976
0.975
0.974
0.952
0.965
0.982
0.953
0.913
0.883
0.902
0.937
0.966
0.950
0.910
0.921
0.917
0.939
0.969
0.971
0.915
0.814
0.788
0.870
0.826
0.777
0.727
0.793
0.874
0.902
0.891
0.887
0.947
0.926
0.909
0.926
0.924
0.954
0.901
0.889
0.939
0.978
0.903
0.929
0.905
0.913
0.917
0.903
0.920
0.984
0.949
0.882
0.834
0.846
0.917
0.801
0.734
0.739
0.734
0.806
0.847
0.875
0.885
0.912
0.941
0.884
0.861
0.911
0.894
0.935
0.983
0.934
0.911
0.907
0.882
0.817
0.785
0.787
0.690
0.761
0.808
0.747
0.767
0.809
0.799
0.775
0.942
0.914
0.966
0.964
0.929
0.921
0.920
0.958
0.900
0.896
0.976
0.936
0.962
0.971
0.939
0.946
0.973
0.961
0.973
0.980
0.928
0.969
0.974
0.977
0.965
0.952
0.967
0.970
0.901
0.951
0.968
0.945
0.960
0.979
0.914
0.939
0.945
0.974
0.931
0.918
0.923
0.954
0.919
0.951
0.916
0.943
0.974
0.980
0.976
0.981
0.965
0.967
0.970
0.976
0.945
0.931
0.945
0.972
0.943
0.970
0.954
0.957
0.902
0.924
0.978
0.966
0.942
0.940
0.853
0.860
0.902
0.884
0.879
0.893
0.952
0.976
0.944
0.962
0.970
0.974
0.940
0.982
0.971
0.981
0.973
0.894
0.976
0.957
0.962
0.979
0.960
0.947
0.890
0.933
0.869
0.897
0.865
0.908
0.834
0.804
0.786
0.754
0.834
0.824
0.890
0.872
0.877
0.845
0.835
0.841
0.899
0.918
0.858
0.858
0.868
0.873
0.798
0.858
0.812
0.723
0.737
0.726
0.732
0.772
0.782
0.862
0.919
0.931
0.840
0.851
0.855
0.879
0.864
0.891
0.885
0.915
0.937
0.896
0.962
0.933
0.949
0.981
0.933
0.947
0.872
0.830
0.822
0.808
0.779
0.836
0.839
0.850
0.887
0.898
0.861
0.895
0.903
0.948
0.963
0.906
0.842
0.872
0.950
0.891
0.915
0.904
0.924
0.958
0.920
0.920
0.884
0.875
0.887
0.967
0.976
0.975
0.937
0.889
0.900
0.934
0.915
0.928
0.883
0.893
0.915
0.903
0.856
0.828
0.921
0.858
0.840
0.838
0.850
0.870
0.931
0.959
0.931
0.875
0.829
0.900
0.876
0.901
0.899
0.941
0.972
0.947
0.899
0.923
0.833
0.845
0.873
0.927
0.876
0.894
0.887
0.960
0.972
0.975
0.952
0.982
0.941
0.968
0.982
0.925
0.946
0.970
0.916
0.968
0.981
0.946
0.964
0.964
0.986
0.940
0.958
0.964
0.942
0.974
0.978
0.976
0.979
0.946
0.976
0.930
0.980
0.978
0.949
0.963
0.958
0.975
0.982
0.927
0.975
0.938
0.971
0.973
0.892
0.965
0.937
0.872
0.823
0.847
0.928
0.956
0.982
0.979
0.962
0.888
0.923
0.976
0.977
0.953
0.962
0.952
0.929
0.929
0.935
0.961
0.944
0.981
0.932
0.966
0.984
0.976
0.985
0.971
0.977
0.964
0.969
0.983
0.985
0.947
0.977
0.939
0.970
0.978
0.956
0.967
0.949
0.927
0.911
0.877
0.835
0.798
0.762
0.857
0.865
0.885
0.921
0.909
0.982
0.977
0.960
0.924
0.973
0.910
0.936
0.951
0.965
0.980
0.946
0.825
0.868
0.938
0.913
0.932
0.909
0.955
0.950
0.957
0.878
0.803
0.857
0.875
0.912
0.921
0.908
0.859
0.822
0.863
0.961
0.907
0.924
0.966
0.956
0.916
0.913
0.932
0.969
0.963
0.975
0.965
0.980
0.969
0.964
0.982
0.910
0.906
0.919
0.939
0.957
0.972
0.847
0.910
0.942
0.977
0.968
0.969
0.967
0.962
0.948
0.929
0.974
0.980
0.978
0.980
0.968
0.936
0.943
0.938
0.928
0.944
0.948
0.910
0.970
0.940
0.927
0.920
0.919
0.956
0.959
0.968
0.977
0.968
0.970
0.938
0.892
0.972
0.956
0.940
0.971
0.966
0.963
0.968
0.967
0.974
0.971
0.975
0.965
0.903
0.823
0.835
0.897
0.952
0.977
0.947
0.941
0.979
0.981
0.982
0.977
0.976
0.974
0.969
0.971
0.944
0.960
0.971
0.941
0.925
0.872
0.891
0.892
0.893
0.911
0.947
0.894
0.873
0.923
0.967
0.933
0.956
0.934
0.964
0.978
0.985
0.986
0.972
0.977
0.982
0.966
0.979
0.964
0.953
0.937
0.906
0.915
0.884
0.841
0.845
0.909
0.879
0.904
0.911
0.942
0.912
0.897
0.882
0.926
0.965
0.887
0.864
0.928
0.917
0.943
0.938
0.971
0.940
0.950
0.965
0.920
0.969
0.861
0.826
0.858
0.903
0.923
0.877
0.901
0.944
0.947
0.887
0.905
0.922
0.891
0.898
0.896
0.968
0.941
0.909
0.976
0.943
0.973
0.855
0.840
0.863
0.900
0.831
0.841
0.795
0.886
0.872
0.840
0.931
0.940
0.964
0.954
0.956
0.854
0.850
0.885
0.878
0.840
0.851
0.892
0.926
0.963
0.975
0.883
0.923
0.939
0.972
0.982
0.922
0.970
0.952
0.965
0.971
0.984
0.977
0.931
0.943
0.907
0.971
0.982
0.954
0.921
0.952
0.970
0.964
0.904
0.941
0.924
0.906
0.931
0.897
0.833
0.823
0.874
0.872
0.867
0.954
0.951
0.928
0.923
0.984
0.983
0.919
0.953
0.977
0.981
0.914
0.882
0.955
0.969
0.874
0.888
0.967
0.961
0.952
0.970
0.969
0.982
0.973
0.906
0.927
0.965
0.970
0.949
0.971
0.962
0.983
0.953
0.975
0.956
0.975
0.949
0.961
0.958
0.939
0.972
0.959
0.933
0.972
0.974
0.975
0.927
0.970
0.967
0.921
0.985
0.983
0.985
0.954
0.960
0.959
0.937
0.917
0.938
0.941
0.982
0.974
0.976
0.983
0.955
0.979
0.976
0.979
0.975
0.979
0.978
0.982
0.974
0.983
0.918
0.973
0.976
0.978
0.981
0.979
0.951
0.980
0.928
0.949
0.971
0.926
0.864
0.882
0.955
0.982
0.976
0.923
0.957
0.854
0.819
0.846
0.985
0.973
0.978
0.957
0.963
0.952
0.938
0.951
0.954
0.907
0.896
0.985
0.986
0.950
0.969
0.834
0.909
0.932
0.961
0.975
0.981
0.962
0.968
0.926
0.927
0.963
0.970
0.965
0.977
0.969
0.982
0.985
0.972
0.975
0.948
0.974
0.979
0.980
0.977
0.875
0.918
0.945
0.971
0.971
0.914
0.959
0.966
0.969
0.923
0.884
0.942
0.950
0.971
0.925
0.909
0.956
0.975
0.971
0.951
0.959
0.952
0.921
0.958
0.977
0.970
0.964
0.930
0.958
0.952
0.979
0.944
0.910
0.957
0.960
0.941
0.906
0.915
0.952
0.926
0.913
0.939
0.958
0.954
0.975
0.967
0.937
0.925
0.974
0.975
0.980
0.934
0.969
0.960
0.977
0.981
0.982
0.976
0.968
0.946
0.972
0.975
0.962
0.970
0.971
0.978
0.975
0.967
0.864
0.903
0.921
0.944
0.966
0.977
0.969
0.952
0.947
0.977
0.948
0.901
0.902
0.921
0.878
0.915
0.935
0.902
0.950
0.941
0.947
0.920
0.866
0.867
0.952
0.969
0.974
0.969
0.974
0.930
0.962
0.976
0.936
0.922
0.780
0.830
0.935
0.852
0.916
0.956
0.964
0.968
0.981
0.919
0.907
0.913
0.932
0.899
0.890
0.930
0.876
0.950
0.951
0.938
0.972
0.951
0.882
0.853
0.694
0.783
0.920
0.974
0.903
0.928
0.886
0.883
0.980
0.880
0.959
0.931
0.968
0.974
0.952
0.833
0.843
0.895
0.910
0.899
0.972
0.983
0.925
0.838
0.792
0.855
0.893
0.916
0.933
0.872
0.887
0.917
0.924
0.907
0.874
0.857
0.887
0.869
0.877
0.884
0.787
0.872
0.739
0.740
0.824
0.803
0.802
0.776
0.920
0.920
0.951
0.920
0.873
0.813
0.852
0.811
0.849
0.825
0.841
0.819
0.759
0.838
0.767
0.778
0.844
0.939
0.906
0.934
0.836
0.815
0.885
0.895
0.874
0.897
0.940
0.941
0.963
0.908
0.929
0.959
0.971
0.955
0.972
0.938
0.895
0.912
0.927
0.857
0.911
0.973
0.963
0.915
0.829
0.912
0.872
0.796
0.729
0.793
0.875
0.928
0.883
0.764
0.910
0.964
0.927
0.957
0.979
0.968
0.935
0.914
0.931
0.856
0.953
0.847
0.796
0.816
0.835
0.872
0.879
0.880
0.800
0.839
0.915
0.922
0.964
0.878
0.948
0.927
0.880
0.743
0.901
0.980
0.961
0.970
0.962
0.961
0.925
0.917
0.968
0.978
0.981
0.977
0.953
0.958
0.918
0.971
0.888
0.927
0.890
0.961
0.980
0.980
0.973
0.963
0.968
0.962
0.987
0.973
0.979
0.959
0.951
0.968
0.975
0.976
0.960
0.965
0.950
0.972
0.977
0.959
0.944
0.968
0.908
0.934
0.895
0.953
0.933
0.940
0.936
0.978
0.976
0.934
0.947
0.911
0.920
0.893
0.894
0.906
0.909
0.950
0.938
0.959
0.944
0.921
0.907
0.758
0.780
0.877
0.931
0.965
0.980
0.985
0.983
0.950
0.953
0.967
0.950
0.927
0.969
0.931
0.904
0.879
0.813
0.799
0.770
0.733
0.744
0.819
0.813
0.813
0.822
0.810
0.897
0.848
0.827
0.785
0.649
0.726
0.787
0.823
0.804
0.832
0.789
0.716
0.760
0.919
0.912
0.938
0.940
0.909
0.902
0.895
0.879
0.760
0.677
0.704
0.776
0.784
0.898
0.965
0.947
0.898
0.922
0.896
0.864
0.883
0.901
0.920
0.894
0.952
0.905
0.786
0.803
0.833
0.940
0.965
0.926
0.959
0.967
0.910
0.962
0.894
0.846
0.914
0.963
0.891
0.900
0.908
0.911
0.961
0.940
0.931
0.959
0.947
0.945
0.913
0.876
0.877
0.962
0.975
0.898
0.869
0.902
0.949
0.885
0.814
0.846
0.880
0.892
0.906
0.908
0.949
0.941
0.964
0.937
0.977
0.963
0.954
0.937
0.969
0.940
0.967
0.959
0.953
0.962
0.943
0.942
0.982
0.964
0.958
0.914
0.947
0.864
0.922
0.825
0.772
0.834
0.945
0.964
0.965
0.971
0.964
0.971
0.964
0.974
0.971
0.937
0.972
0.972
0.948
0.902
0.917
0.888
0.880
0.927
0.912
0.914
0.901
0.876
0.886
0.915
0.911
0.946
0.963
0.918
0.972
0.981
0.981
0.979
0.973
0.971
0.976
0.918
0.929
0.964
0.979
0.968
0.928
0.786
0.776
0.905
0.893
0.918
0.915
0.887
0.875
0.962
0.937
0.959
0.933
0.936
0.953
0.951
0.971
0.935
0.950
0.883
0.921
0.906
0.882
0.911
0.938
0.857
0.888
0.922
0.971
0.939
0.942
0.974
0.981
0.966
0.983
0.923
0.889
0.969
0.930
0.930
0.977
0.979
0.954
0.976
0.907
0.910
0.942
0.914
0.892
0.896
0.832
0.868
0.928
0.943
0.971
0.938
0.981
0.981
0.935
0.938
0.947
0.940
0.887
0.865
0.928
0.912
0.890
0.901
0.836
0.920
0.919
0.900
0.857
0.911
0.919
0.963
0.963
0.973
0.918
0.893
0.901
0.940
0.962
0.975
0.955
0.941
0.951
0.884
0.929
0.966
0.960
0.964
0.955
0.968
0.919
0.963
0.967
0.960
0.965
0.921
0.961
0.976
0.959
0.928
0.936
0.967
0.889
0.958
0.969
0.983
0.977
0.961
0.965
0.981
0.939
0.974
0.970
0.920
0.964
0.962
0.966
0.961
0.976
0.961
0.967
0.964
0.931
0.949
0.873
0.841
0.859
0.886
0.948
0.961
0.968
0.978
0.958
0.957
0.969
0.957
0.925
0.971
0.981
0.960
0.932
0.985
0.975
0.973
0.968
0.977
0.974
0.960
0.977
0.930
0.901
0.954
0.980
0.985
0.969
0.971
0.920
0.984
0.976
0.975
0.973
0.981
0.981
0.971
0.978
0.974
0.977
0.933
0.957
0.976
0.982
0.971
0.963
0.979
0.948
0.968
0.985
0.978
0.957
0.979
0.891
0.916
0.948
0.972
0.985
0.968
0.985
0.980
0.965
0.949
0.980
0.946
0.943
0.923
0.984
0.913
0.837
0.935
0.943
0.949
0.970
0.974
0.909
0.934
0.951
0.952
0.888
0.898
0.933
0.968
0.963
0.940
0.880
0.896
0.913
0.939
0.910
0.922
0.917
0.910
0.913
0.915
0.970
0.919
0.940
0.921
0.903
0.894
0.891
0.897
0.871
0.880
0.928
0.914
0.894
0.923
0.910
0.928
0.911
0.883
0.877
0.906
0.949
0.923
0.914
0.907
0.925
0.902
0.926
0.908
0.967
0.927
0.949
0.914
0.859
0.884
0.914
0.883
0.882
0.870
0.894
0.970
0.865
0.903
0.908
0.909
0.898
0.940
0.874
0.883
0.916
0.930
0.934
0.942
0.948
0.885
0.870
0.862
0.789
0.764
0.831
0.886
0.928
0.897
0.922
0.910
0.930
0.874
0.891
0.944
0.921
0.836
0.945
0.952
0.959
0.910
0.946
0.948
0.932
0.941
0.934
0.886
0.911
0.923
0.922
0.909
0.893
0.855
0.915
0.888
0.921
0.956
0.969
0.879
0.973
0.945
0.905
0.880
0.845
0.910
0.927
0.928
0.869
0.848
0.851
0.872
0.906
0.915
0.866
0.920
0.900
0.942
0.944
0.900
0.932
0.942
0.948
0.944
0.965
0.959
0.970
0.860
0.929
0.845
0.882
0.826
0.873
0.937
0.913
0.909
0.903
0.949
0.941
0.898
0.958
0.911
0.879
0.966
0.907
0.878
0.893
0.922
0.831
0.902
0.927
0.940
0.937
0.926
0.900
0.928
0.912
0.900
0.933
0.931
0.943
0.956
0.974
0.878
0.946
0.939
0.924
0.936
0.965
0.921
0.815
0.882
0.973
0.958
0.826
0.934
0.912
0.880
0.924
0.918
0.902
0.899
0.887
0.903
0.913
0.931
0.894
0.865
0.889
0.888
0.943
0.938
0.903
0.859
0.869
0.922
0.925
0.881
0.892
0.939
0.972
0.957
0.951
0.906
0.841
0.888
0.946
0.928
0.917
0.924
0.883
0.898
0.883
0.895
0.909
0.895
0.951
0.896
0.943
0.926
0.930
0.893
0.922
0.911
0.926
0.964
0.859
0.938
0.921
0.876
0.900
0.881
0.873
0.912
0.897
0.854
0.868
0.912
0.928
0.925
0.882
0.896
0.934
0.945
0.833
0.879
0.924
0.919
0.888
0.871
0.901
0.897
0.873
0.931
0.888
0.941
0.922
0.881
0.899
0.937
0.962
0.920
0.897
0.894
0.914
0.951
0.950
0.943
0.945
0.933
0.886
0.929
0.947
0.932
0.935
0.927
0.972
0.952
0.930
0.897
0.976
0.911
0.964
0.868
0.854
0.808
0.767
0.773
0.890
0.954
0.949
0.925
0.955
0.960
0.922
0.959
0.905
0.896
0.952
0.918
0.877
0.947
0.947
0.940
0.965
0.845
0.865
0.920
0.890
0.930
0.862
0.887
0.952
0.916
0.927
0.969
0.873
0.947
0.933
0.892
0.881
0.918
0.954
0.926
0.940
0.928
0.924
0.917
0.950
0.925
0.920
0.921
0.955
0.936
0.903
0.913
0.962
0.939
0.914
0.936
0.918
0.910
0.947
0.912
0.951
0.934
0.906
0.961
0.913
0.930
0.936
0.921
0.941
0.923
0.943
0.901
0.902
0.923
0.887
0.978
0.923
0.939
0.922
0.918
0.918
0.910
0.882
0.948
0.925
0.881
0.910
0.904
0.929
0.910
0.926
0.897
0.961
0.889
0.910
0.910
0.888
0.926
0.881
0.916
0.943
0.927
0.912
0.929
0.914
0.930
0.960
0.947
0.946
0.942
0.939
0.895
0.919
0.927
0.886
0.949
0.953
0.942
0.901
0.890
0.887
0.895
0.907
0.869
0.867
0.869
0.843
0.901
0.868
0.948
0.944
0.887
0.964
0.928
0.895
0.878
0.883
0.929
0.916
0.914
0.920
0.886
0.842
0.878
0.854
0.874
0.858
0.906
0.882
0.929
0.902
0.939
0.903
0.909
0.934
0.921
0.947
0.933
0.932
0.918
0.916
0.918
0.912
0.941
0.940
0.956
0.928
0.952
0.969
0.977
0.910
0.936
0.930
0.890
0.926
0.933
0.874
0.863
0.919
0.929
0.867
0.861
0.841
0.903
0.878
0.852
0.907
0.963
0.910
0.915
0.969
0.953
0.952
0.927
0.947
0.960
0.887
0.921
0.921
0.926
0.915
0.965
0.859
0.941
0.929
0.949
0.939
0.951
0.965
0.935
0.919
0.945
0.946
0.942
0.926
0.958
0.949
0.925
0.926
0.962
0.934
0.928
0.913
0.920
0.906
0.920
0.939
0.940
0.916
0.950
0.912
0.930
0.910
0.897
0.910
0.891
0.930
0.921
0.945
0.919
0.925
0.904
0.884
0.939
0.910
0.929
0.903
0.839
0.882
0.907
0.906
0.946
0.894
0.876
0.925
0.936
0.854
0.846
0.921
0.917
0.934
0.924
0.923
0.887
0.907
0.940
0.931
0.894
0.938
0.899
0.890
0.847
0.906
0.899
0.914
0.917
0.895
0.909
0.850
0.909
0.888
0.853
0.892
0.884
0.942
0.931
0.888
0.894
0.914
0.915
0.882
0.933
0.927
0.942
0.957
0.923
0.935
0.904
0.935
0.959
0.946
0.948
0.924
0.942
0.924
0.937
0.901
0.923
0.943
0.927
0.920
0.917
0.921
0.908
0.882
0.889
0.915
0.918
0.856
0.889
0.908
0.927
0.934
0.888
0.856
0.895
0.905
0.866
0.893
0.920
0.909
0.907
0.923
0.921
0.936
0.943
0.909
0.923
0.933
0.924
0.956
0.884
0.875
0.908
0.895
0.900
0.952
0.917
0.892
0.952
0.924
0.954
0.953
0.885
0.882
0.939
0.955
0.963
0.943
0.862
0.911
0.936
0.913
0.918
0.897
0.921
0.883
0.854
0.951
0.975
0.910
0.908
0.888
0.892
0.914
0.919
0.909
0.900
0.900
0.920
0.946
0.945
0.932
0.909
0.937
0.930
0.964
0.924
0.932
0.929
0.863
0.896
0.949
0.958
0.880
0.879
0.921
0.877
0.950
0.938
0.927
0.910
0.970
0.926
0.891
0.949
0.947
0.966
0.896
0.927
0.938
0.890
0.914
0.872
0.885
0.916
0.943
0.908
0.904
0.967
0.935
0.946
0.869
0.896
0.922
0.919
0.896
0.910
0.936
0.943
0.917
0.923
0.925
0.872
0.914
0.965
0.917
0.920
0.867
0.854
0.899
0.890
0.870
0.877
0.893
0.837
0.814
0.761
0.816
0.865
0.869
0.847
0.868
0.898
0.884
0.897
0.878
0.897
0.844
0.828
0.823
0.855
0.897
0.938
0.923
0.887
0.881
0.867
0.871
0.891
0.878
0.935
0.918
0.860
0.933
0.970
0.965
0.951
0.940
0.927
0.937
0.903
0.939
0.902
0.921
0.938
0.934
0.938
0.873
0.912
0.921
0.924
0.925
0.924
0.908
0.896
0.893
0.918
0.924
0.925
0.921
0.959
0.875
0.890
0.930
0.931
0.884
0.914
0.940
0.922
0.935
0.958
0.922
0.949
0.921
0.940
0.938
0.920
0.897
0.962
0.909
0.926
0.912
0.920
0.944
0.923
0.919
0.965
0.920
0.914
0.935
0.901
0.904
0.944
0.951
0.951
0.935
0.942
0.906
0.945
0.923
0.932
0.960
0.954
0.941
0.932
0.948
0.863
0.874
0.891
0.832
0.827
0.923
0.905
0.930
0.949
0.898
0.882
0.919
0.855
0.951
0.906
0.905
0.906
0.947
0.915
0.927
0.941
0.940
0.927
0.960
0.933
0.920
0.925
0.931
0.904
0.933
0.921
0.937
0.956
0.947
0.872
0.957
0.933
0.938
0.927
0.939
0.948
0.941
0.953
0.976
0.901
0.928
0.903
0.903
0.935
0.933
0.905
0.891
0.925
0.896
0.940
0.944
0.924
0.915
0.925
0.917
0.907
0.913
0.900
0.966
0.933
0.917
0.904
0.899
0.950
0.892
0.927
0.963
0.942
0.972
0.923
0.918
0.931
0.934
0.932
0.896
0.899
0.940
0.902
0.920
0.947
0.908
0.924
0.896
0.879
0.904
0.901
0.943
0.939
0.939
0.931
0.908
0.910
0.884
0.895
0.920
0.903
0.907
0.885
0.895
0.918
0.879
0.899
0.931
0.941
0.901
0.919
0.928
0.940
0.850
0.928
0.934
0.884
0.920
0.954
0.943
0.933
0.966
0.952
0.940
0.940
0.934
0.939
0.907
0.964
0.927
0.967
0.946
0.964
0.937
0.950
0.959
0.941
0.951
0.924
0.894
0.935
0.976
0.930
0.921
0.939
0.933
0.898
0.957
0.942
0.959
0.965
0.923
0.940
0.949
0.957
0.911
0.866
0.900
0.949
0.966
0.872
0.973
0.956
0.920
0.931
0.951
0.912
0.957
0.952
0.928
0.905
0.888
0.908
0.884
0.899
0.928
0.890
0.943
0.946
0.929
0.878
0.952
0.936
0.921
0.901
0.926
0.939
0.961
0.861
0.974
0.921
0.937
0.956
0.943
0.971
0.893
0.912
0.878
0.869
0.898
0.869
0.904
0.874
0.882
0.866
0.896
0.968
0.945
0.966
0.946
0.940
0.950
0.960
0.915
0.952
0.880
0.874
0.919
0.909
0.880
0.877
0.901
0.834
0.963
0.919
0.921
0.921
0.894
0.885
0.946
0.888
0.923
0.912
0.930
0.854
0.842
0.947
0.919
0.903
0.940
0.920
0.946
0.926
0.904
0.969
0.909
0.904
0.889
0.924
0.900
0.889
0.844
0.834
0.834
0.841
0.852
0.902
0.887
0.912
0.873
0.878
0.883
0.946
0.947
0.947
0.919
0.937
0.950
0.865
0.925
0.869
0.898
0.857
0.867
0.852
0.910
0.920
0.889
0.911
0.921
0.927
0.910
0.920
0.930
0.892
0.903
0.941
0.932
0.879
0.921
0.946
0.929
0.923
0.945
0.937
0.946
0.911
0.933
0.880
0.891
0.909
0.885
0.914
0.928
0.885
0.930
0.924
0.907
0.929
0.927
0.935
0.934
0.912
0.949
0.910
0.940
0.946
0.892
0.910
0.870
0.888
0.895
0.897
0.935
0.908
0.962
0.872
0.833
0.921
0.925
0.918
0.926
0.938
0.898
0.922
0.914
0.893
0.927
0.918
0.890
0.896
0.935
0.940
0.893
0.903
0.876
0.906
0.883
0.843
0.866
0.871
0.869
0.922
0.902
0.922
0.882
0.932
0.915
0.890
0.942
0.887
0.904
0.969
0.889
0.910
0.922
0.897
0.941
0.892
0.905
0.954
0.879
0.942
0.924
0.909
0.957
0.971
0.975
0.929
0.931
0.902
0.980
0.878
0.954
0.939
0.884
0.868
0.858
0.908
0.876
0.884
0.932
0.964
0.906
0.947
0.944
0.932
0.904
0.910
0.899
0.937
0.884
0.883
0.900
0.908
0.942
0.916
0.931
0.943
0.957
0.949
0.943
0.934
0.902
0.907
0.959
0.911
0.959
0.890
0.901
0.892
0.924
0.956
0.912
0.873
0.942
0.886
0.890
0.892
0.888
0.909
0.915
0.913
0.915
0.954
0.929
0.878
0.836
0.876
0.928
0.904
0.916
0.923
0.913
0.916
0.906
0.887
0.852
0.864
0.902
0.882
0.895
0.863
0.876
0.896
0.863
0.870
0.856
0.903
0.887
0.906
0.880
0.867
0.887
0.930
0.939
0.897
0.893
0.874
0.895
