19790101
0.812
0.822
0.718
0.714
0.734
0.713
0.725
0.750
0.708
0.731
0.706
0.799
0.812
0.878
0.731
0.695
0.642
0.665
0.715
0.700
0.709
0.701
0.709
0.753
0.758
0.718
0.819
0.823
0.848
0.773
0.762
0.829
0.715
0.711
0.676
0.688
0.691
0.737
0.721
0.781
0.802
0.786
0.729
0.758
0.755
0.788
0.772
0.784
0.751
0.745
0.743
0.731
0.737
0.906
0.823
0.929
0.822
0.778
0.812
0.844
0.836
0.859
0.820
0.828
0.842
0.944
0.926
0.884
0.804
0.816
0.804
0.772
0.815
0.799
0.788
0.803
0.789
0.828
0.718
0.733
0.804
0.813
0.800
0.829
0.890
0.782
0.814
0.789
0.805
0.753
0.757
0.864
0.887
0.851
0.919
0.898
0.842
0.800
0.712
0.744
0.678
0.690
0.703
0.902
0.816
0.774
0.787
0.748
0.819
0.951
0.969
0.976
0.967
0.977
0.910
0.988
0.950
0.963
0.986
0.942
0.945
0.977
0.914
0.791
0.818
0.754
0.724
0.693
0.737
0.684
0.802
0.794
0.888
0.741
0.819
0.893
0.833
0.867
0.973
0.949
0.962
0.859
0.956
0.847
0.837
0.842
0.818
0.831
0.926
0.856
0.849
0.828
0.850
0.883
0.818
0.952
0.929
0.852
0.970
0.712
0.792
0.713
0.757
0.714
0.882
0.681
0.737
0.769
0.678
0.698
0.718
0.680
0.691
0.714
0.713
0.709
0.701
0.638
0.642
0.627
0.625
0.697
0.826
0.659
0.663
0.671
0.493
0.469
0.496
0.574
0.549
0.547
0.650
0.823
0.846
0.825
0.760
0.786
0.827
0.813
0.704
0.626
0.764
0.708
0.707
0.703
0.537
0.652
0.671
0.628
0.699
0.811
0.737
0.684
0.683
0.603
0.589
0.589
0.528
0.560
0.531
0.523
0.518
0.616
0.613
0.688
0.765
0.824
0.694
0.747
0.724
0.783
0.833
0.822
0.845
0.918
0.813
0.869
0.784
0.875
0.902
0.926
0.923
0.966
0.858
0.803
0.812
0.886
0.694
0.785
0.916
0.772
0.850
0.796
0.771
0.871
0.888
0.866
0.966
0.813
0.954
0.753
0.770
0.812
0.864
0.754
0.844
0.782
0.757
0.723
0.751
0.754
0.688
0.768
0.764
0.696
0.676
0.809
0.660
0.678
0.813
0.816
0.646
0.762
0.949
0.761
0.951
0.805
0.892
0.979
0.964
0.876
0.974
0.969
0.978
0.893
0.927
0.972
0.900
0.954
0.944
0.978
0.916
0.908
0.921
0.937
0.877
0.963
0.968
0.842
0.940
0.897
0.977
0.912
0.977
0.980
0.959
0.942
0.949
0.903
0.918
0.895
0.912
0.835
0.878
0.875
0.936
0.941
0.943
0.909
0.882
0.772
0.810
0.867
0.829
0.937
0.820
0.783
0.780
0.795
0.789
0.751
0.738
0.792
0.785
0.753
0.728
0.768
0.874
0.885
0.860
0.959
0.907
0.943
0.873
0.881
0.806
0.748
0.807
0.796
0.735
0.766
0.821
0.880
0.888
0.887
0.885
0.867
0.784
0.752
0.779
0.732
0.695
0.710
0.662
0.658
0.607
0.622
0.682
0.717
0.695
0.760
0.842
0.857
0.865
0.768
0.760
0.788
0.836
0.738
0.732
0.631
0.767
0.756
0.774
0.874
0.910
0.915
0.906
0.970
0.815
0.896
0.875
0.881
0.860
0.890
0.864
0.822
0.753
0.770
0.639
0.704
0.838
0.646
0.947
0.954
0.886
0.836
0.858
0.832
0.756
0.806
0.855
0.811
0.836
0.647
0.788
0.804
0.621
0.828
0.740
0.572
0.579
0.562
0.594
0.715
0.749
0.773
0.739
0.730
0.752
0.671
0.774
0.790
0.848
0.639
0.610
0.654
0.636
0.668
0.597
0.571
0.639
0.592
0.665
0.780
0.657
0.698
0.754
0.656
0.637
0.814
0.779
0.764
0.897
0.870
0.701
0.696
0.668
0.758
0.751
0.756
0.703
0.603
0.612
0.576
0.580
0.699
0.808
0.802
0.862
0.883
0.828
0.891
0.781
0.879
0.926
0.963
0.866
0.753
0.823
0.864
0.703
0.795
0.916
0.782
0.761
0.723
0.771
0.898
0.866
0.764
0.704
0.918
0.663
0.732
0.805
0.767
0.695
0.761
0.665
0.671
0.661
0.659
0.742
0.744
0.852
0.930
0.785
0.757
0.742
0.856
0.735
0.645
0.606
0.613
0.677
0.718
0.721
0.863
0.662
0.541
0.505
0.578
0.648
0.693
0.749
0.660
0.583
0.664
0.647
0.675
0.701
0.577
0.523
0.497
0.509
0.530
0.492
0.458
0.472
0.443
0.454
0.445
0.540
0.537
0.664
0.626
0.580
0.629
0.594
0.493
0.493
0.494
0.516
0.588
0.549
0.547
0.629
0.577
0.623
0.587
0.591
0.705
0.716
0.761
0.714
0.586
0.607
0.637
0.631
0.698
0.723
0.691
0.716
0.715
0.687
0.718
0.690
0.623
0.594
0.619
0.604
0.638
0.649
0.712
0.752
0.665
0.660
0.668
0.618
0.562
0.510
0.544
0.481
0.513
0.573
0.530
0.575
0.691
0.833
0.683
0.816
0.752
0.611
0.561
0.645
0.513
0.520
0.474
0.505
0.556
0.730
0.828
0.820
0.702
0.722
0.863
0.853
0.856
0.873
0.715
0.638
0.625
0.727
0.764
0.876
0.954
0.923
0.882
0.849
0.868
0.764
0.960
0.759
0.962
0.838
0.832
0.790
0.872
0.735
0.792
0.797
0.846
0.844
0.963
0.894
0.758
0.709
0.737
0.735
0.733
0.761
0.778
0.718
0.687
0.756
0.947
0.703
0.780
0.882
0.919
0.788
0.957
0.889
0.981
0.852
0.868
0.805
0.786
0.889
0.896
0.915
0.962
0.817
0.881
0.826
0.739
0.753
0.741
0.827
0.809
0.882
0.889
0.950
0.858
0.810
0.879
0.911
0.814
0.922
0.804
0.778
0.795
0.897
0.809
0.788
0.770
0.840
0.756
0.853
0.841
0.901
0.862
0.821
0.893
0.909
0.842
0.756
0.790
0.784
0.788
0.818
0.787
0.781
0.810
0.776
0.775
0.803
0.801
0.806
0.735
0.725
0.649
0.671
0.742
0.730
0.688
0.734
0.777
0.747
0.695
0.691
0.737
0.689
0.772
0.706
0.725
0.743
0.677
0.687
0.634
0.690
0.746
0.717
0.758
0.699
0.670
0.658
0.663
0.712
0.742
0.747
0.786
0.812
0.914
0.890
0.847
0.701
0.829
0.862
0.803
0.845
0.924
0.852
0.909
0.975
0.816
0.762
0.885
0.912
0.890
0.939
0.913
0.976
0.906
0.918
0.870
0.832
0.842
0.805
0.893
0.854
0.795
0.875
0.915
0.844
0.834
0.886
0.917
0.843
0.856
0.815
0.858
0.753
0.701
0.840
0.766
0.756
0.705
0.632
0.675
0.780
0.678
0.680
0.622
0.650
0.751
0.650
0.608
0.602
0.635
0.634
0.770
0.886
0.766
0.782
0.833
0.862
0.763
0.829
0.754
0.821
0.815
0.952
0.903
0.937
0.923
0.959
0.900
0.931
0.913
0.914
0.983
0.838
0.837
0.883
0.806
0.831
0.980
0.983
0.980
0.974
0.902
0.975
0.888
0.969
0.890
0.845
0.964
0.978
0.920
0.953
0.920
0.961
0.886
0.816
0.890
0.835
0.763
0.734
0.689
0.721
0.745
0.902
0.807
0.977
0.795
0.920
0.795
0.942
0.762
0.881
0.851
0.848
0.795
0.728
0.830
0.876
0.958
0.783
0.857
0.885
0.727
0.701
0.763
0.771
0.768
0.739
0.908
0.726
0.660
0.634
0.761
0.646
0.696
0.784
0.625
0.701
0.777
0.811
0.774
0.837
0.848
0.845
0.804
0.817
0.796
0.633
0.621
0.654
0.648
0.637
0.703
0.611
0.573
0.602
0.757
0.828
0.656
0.667
0.522
0.512
0.617
0.578
0.551
0.468
0.513
0.557
0.618
0.608
0.541
0.520
0.509
0.554
0.595
0.598
0.605
0.573
0.755
0.816
0.701
0.612
0.570
0.624
0.697
0.746
0.653
0.757
0.710
0.719
0.557
0.578
0.647
0.740
0.810
0.700
0.754
0.580
0.673
0.674
0.662
0.757
0.740
0.929
0.687
0.702
0.713
0.684
0.747
0.724
0.798
0.709
0.859
0.869
0.811
0.884
0.924
0.726
0.674
0.669
0.685
0.801
0.759
0.559
0.571
0.603
0.591
0.658
0.745
0.701
0.801
0.766
0.667
0.701
0.779
0.846
0.848
0.875
0.855
0.851
0.956
0.878
0.852
0.857
0.887
0.935
0.943
0.956
0.965
0.967
0.856
0.827
0.748
0.813
0.813
0.785
0.875
0.899
0.666
0.707
0.969
0.917
0.975
0.905
0.947
0.948
0.981
0.880
0.838
0.848
0.970
0.875
0.846
0.915
0.964
0.974
0.915
0.909
0.934
0.856
0.849
0.829
0.928
0.892
0.914
0.926
0.911
0.823
0.814
0.867
0.820
0.864
0.877
0.924
0.869
0.867
0.892
0.901
0.944
0.865
0.919
0.848
0.873
0.890
0.869
0.905
0.876
0.884
0.964
0.841
0.800
0.860
0.878
0.896
0.919
0.889
0.760
0.700
0.750
0.756
0.818
0.814
0.776
0.881
0.960
0.820
0.802
0.854
0.971
0.970
0.938
0.833
0.805
0.821
0.763
0.776
0.796
0.736
0.808
0.778
0.734
0.825
0.715
0.665
0.652
0.638
0.607
0.639
0.664
0.809
0.931
0.789
0.734
0.844
0.734
0.808
0.766
0.808
0.856
0.859
0.902
0.921
0.902
0.812
0.868
0.859
0.825
0.792
0.956
0.920
0.913
0.929
0.932
0.977
0.869
0.887
0.947
0.901
0.871
0.815
0.825
0.912
0.841
0.772
0.818
0.890
0.772
0.791
0.783
0.813
0.727
0.714
0.635
0.744
0.759
0.743
0.733
0.871
0.772
0.786
0.722
0.755
0.632
0.652
0.743
0.741
0.792
0.860
0.826
0.861
0.794
0.755
0.874
0.877
0.816
0.836
0.755
0.731
0.860
0.912
0.954
0.954
0.855
0.877
0.903
0.923
0.941
0.949
0.932
0.963
0.897
0.883
0.868
0.927
0.800
0.773
0.838
0.734
0.759
0.728
0.603
0.590
0.733
0.972
0.804
0.858
0.761
0.747
0.793
0.766
0.822
0.789
0.802
0.859
0.851
0.890
0.727
0.798
0.849
0.773
0.791
0.961
0.839
0.848
0.736
0.845
0.866
0.891
0.868
0.910
0.938
0.910
0.824
0.859
0.743
0.700
0.618
0.616
0.651
0.737
0.696
0.675
0.698
0.772
0.650
0.719
0.754
0.767
0.767
0.544
0.642
0.626
0.644
0.660
0.723
0.741
0.692
0.638
0.619
0.625
0.574
0.594
0.663
0.659
0.596
0.519
0.480
0.463
0.555
0.552
0.546
0.596
0.635
0.647
0.576
0.579
0.621
0.646
0.695
0.558
0.509
0.565
0.558
0.552
0.502
0.550
0.611
0.548
0.496
0.507
0.522
0.550
0.592
0.692
0.675
0.733
0.535
0.528
0.617
0.610
0.480
0.519
0.584
0.699
0.620
0.612
0.530
0.507
0.570
0.511
0.516
0.555
0.518
0.498
0.514
0.439
0.431
0.546
0.538
0.525
0.562
0.515
0.520
0.605
0.504
0.511
0.540
0.563
0.589
0.545
0.568
0.537
0.554
0.541
0.520
0.597
0.623
0.686
0.731
0.687
0.651
0.641
0.758
0.803
0.836
0.728
0.706
0.620
0.648
0.600
0.614
0.657
0.794
0.932
0.712
0.916
0.899
0.833
0.974
0.783
0.826
0.852
0.787
0.826
0.762
0.906
0.920
0.772
0.809
0.727
0.902
0.900
0.707
0.757
0.837
0.785
0.901
0.791
0.872
0.957
0.765
0.890
0.628
0.688
0.764
0.667
0.680
0.739
0.738
0.773
0.887
0.972
0.900
0.980
0.840
0.861
0.801
0.776
0.744
0.854
0.870
0.802
0.775
0.676
0.732
0.809
0.775
0.770
0.722
0.884
0.893
0.867
0.767
0.742
0.812
0.973
0.831
0.787
0.706
0.649
0.651
0.740
0.962
0.743
0.779
0.843
0.760
0.737
0.862
0.852
0.721
0.826
0.745
0.658
0.587
0.749
0.904
0.758
0.932
0.719
0.868
0.777
0.815
0.802
0.747
0.903
0.896
0.871
0.807
0.661
0.729
0.731
0.772
0.772
0.647
0.718
0.690
0.583
0.615
0.508
0.614
0.664
0.666
0.674
0.673
0.735
0.548
0.541
0.583
0.597
0.534
0.617
0.588
0.631
0.611
0.599
0.663
0.689
0.686
0.671
0.767
0.633
0.587
0.568
0.710
0.739
0.711
0.832
0.830
0.826
0.888
0.768
0.693
0.712
0.600
0.571
0.616
0.655
0.742
0.699
0.656
0.588
0.654
0.538
0.608
0.595
0.535
0.685
0.647
0.633
0.800
0.732
0.740
0.748
0.749
0.812
0.855
0.778
0.778
0.798
0.777
0.788
0.791
0.696
0.694
0.807
0.732
0.714
0.536
0.661
0.661
0.643
0.601
0.786
0.744
0.770
0.791
0.690
0.735
0.749
0.785
0.786
0.859
0.726
0.798
0.770
0.878
0.738
0.902
0.818
0.821
0.799
0.784
0.756
0.890
0.825
0.781
0.797
0.846
0.819
0.955
0.716
0.766
0.822
0.857
0.826
0.867
0.834
0.964
0.851
0.859
0.882
0.823
0.888
0.808
0.876
0.823
0.783
0.728
0.779
0.766
0.796
0.711
0.744
0.844
0.868
0.889
0.930
0.886
0.966
0.932
0.981
0.967
0.734
0.739
0.795
0.692
0.974
0.850
0.874
0.876
0.828
0.747
0.770
0.754
0.741
0.652
0.796
0.951
0.858
0.811
0.780
0.740
0.770
0.844
0.642
0.652
0.595
0.572
0.596
0.577
0.548
0.622
0.597
0.453
0.614
0.672
0.621
0.697
0.754
0.674
0.581
0.658
0.683
0.600
0.665
0.766
0.729
0.833
0.859
0.733
0.656
0.669
0.570
0.566
0.634
0.643
0.697
0.581
0.518
0.547
0.529
0.565
0.535
0.494
0.383
0.359
0.526
0.566
0.614
0.634
0.542
0.496
0.645
0.640
0.642
0.562
0.641
0.574
0.582
0.470
0.543
0.630
0.683
0.696
0.531
0.562
0.539
0.488
0.551
0.603
0.556
0.588
0.641
0.595
0.580
0.594
0.551
0.667
0.714
0.648
0.701
0.701
0.666
0.867
0.600
0.697
0.730
0.752
0.658
0.848
0.790
0.708
0.693
0.693
0.646
0.686
0.770
0.805
0.778
0.726
0.678
0.657
0.673
0.773
0.711
0.670
0.630
0.609
0.617
0.650
0.584
0.560
0.503
0.504
0.648
0.684
0.615
0.588
0.623
0.721
0.780
0.800
0.762
0.842
0.824
0.897
0.894
0.977
0.873
0.851
0.851
0.864
0.894
0.830
0.837
0.771
0.963
0.803
0.772
0.838
0.731
0.885
0.941
0.729
0.770
0.798
0.889
0.747
0.878
0.773
0.785
0.827
0.853
0.861
0.807
0.909
0.926
0.823
0.866
0.879
0.688
0.652
0.759
0.743
0.739
0.782
0.759
0.812
0.743
0.756
0.976
0.856
0.914
0.764
0.793
0.755
0.910
0.874
0.834
0.855
0.827
0.894
0.806
0.875
0.910
0.790
0.776
0.830
0.858
0.838
0.841
0.917
0.800
0.762
0.741
0.714
0.703
0.719
0.787
0.748
0.735
0.777
0.866
0.828
0.899
0.803
0.781
0.755
0.840
0.815
0.735
0.738
0.790
0.718
0.713
0.710
0.734
0.637
0.640
0.709
0.774
0.714
0.713
0.830
0.816
0.794
0.672
0.697
0.691
0.632
0.669
0.686
0.903
0.792
0.682
0.785
0.857
0.852
0.848
0.875
0.907
0.863
0.847
0.842
0.819
0.794
0.778
0.797
0.859
0.869
0.832
0.879
0.845
0.856
0.833
0.838
0.881
0.835
0.849
0.904
0.869
0.856
0.924
0.850
0.871
0.857
0.789
0.798
0.835
0.879
0.795
0.895
0.857
0.907
0.806
0.734
0.845
0.801
0.755
0.817
0.775
0.858
0.754
0.717
0.613
0.628
0.749
0.895
0.743
0.661
0.687
0.684
0.742
0.718
0.794
0.757
0.784
0.629
0.623
0.722
0.727
0.716
0.880
0.699
0.754
0.774
0.832
0.678
0.771
0.915
0.822
0.707
0.702
0.638
0.786
0.669
0.919
0.854
0.753
0.851
0.856
0.900
0.973
0.978
0.971
0.952
0.863
0.829
0.730
0.753
0.759
0.835
0.820
0.859
0.932
0.787
0.932
0.858
0.923
0.807
0.775
0.784
0.755
0.619
0.799
0.688
0.701
0.843
0.874
0.730
0.939
0.941
0.869
0.812
0.809
0.793
0.840
0.797
0.901
0.650
0.720
0.740
0.813
0.856
0.830
0.701
0.792
0.704
0.717
0.578
0.734
0.630
0.547
0.668
0.740
0.544
0.621
0.707
0.706
0.727
0.874
0.810
0.823
0.736
0.785
0.854
0.866
0.757
0.857
0.775
0.948
0.800
0.824
0.765
0.924
0.831
0.801
0.744
0.736
0.746
0.720
0.720
0.635
0.594
0.667
0.651
0.639
0.635
0.603
0.628
0.664
0.596
0.506
0.650
0.600
0.554
0.621
0.683
0.755
0.756
0.845
0.711
0.677
0.692
0.679
0.669
0.629
0.703
0.762
0.684
0.643
0.652
0.639
0.708
0.792
0.747
0.768
0.821
0.826
0.811
0.790
0.789
0.815
0.667
0.705
0.639
0.576
0.627
0.592
0.685
0.605
0.583
0.583
0.674
0.850
0.725
0.847
0.808
0.763
0.830
0.843
0.841
0.873
0.856
0.746
0.873
0.825
0.974
0.786
0.883
0.885
0.850
0.867
0.836
0.830
0.780
0.744
0.707
0.866
0.685
0.704
0.747
0.800
0.864
0.678
0.939
0.813
0.801
0.756
0.840
0.673
0.792
0.799
0.874
0.810
0.901
0.814
0.869
0.805
0.891
0.807
0.944
0.889
0.978
0.972
0.925
0.948
0.872
0.935
0.903
0.964
0.909
0.899
0.934
0.913
0.975
0.930
0.896
0.956
0.934
0.900
0.770
0.859
0.868
0.846
0.884
0.846
0.904
0.874
0.759
0.882
0.897
0.942
0.924
0.911
0.962
0.874
0.917
0.889
0.812
0.794
0.751
0.759
0.735
0.679
0.794
0.706
0.788
0.846
0.881
0.757
0.729
0.735
0.888
0.892
0.969
0.884
0.818
0.866
0.845
0.851
0.866
0.844
0.827
0.740
0.698
0.692
0.664
0.624
0.674
0.674
0.628
0.649
0.762
0.914
0.780
0.734
0.811
0.727
0.762
0.746
0.778
0.681
0.666
0.691
0.705
0.681
0.673
0.825
0.732
0.718
0.867
0.808
0.718
0.705
0.687
0.769
0.736
0.675
0.707
0.753
0.681
0.631
0.669
0.598
0.619
0.402
0.503
0.620
0.681
0.715
0.671
0.655
0.647
0.697
0.745
0.598
0.613
0.545
0.573
0.580
0.527
0.524
0.600
0.800
0.705
0.614
0.513
0.572
0.621
0.670
0.669
0.828
0.882
0.839
0.863
0.719
0.646
0.739
0.894
0.948
0.832
0.638
0.705
0.911
0.711
0.895
0.772
0.793
0.718
0.729
0.702
0.719
0.678
0.808
0.861
0.866
0.969
0.884
0.953
0.871
0.962
0.906
0.840
0.804
0.781
0.865
0.817
0.973
0.793
0.764
0.739
0.648
0.701
0.765
0.728
0.740
0.750
0.760
0.793
0.805
0.751
0.783
0.922
0.959
0.839
0.780
0.898
0.877
0.847
0.819
0.757
0.868
0.723
0.749
0.741
0.661
0.829
0.734
0.979
0.863
0.941
0.911
0.828
0.872
0.896
0.961
0.967
0.880
0.681
0.811
0.743
0.725
0.742
0.744
0.770
0.721
0.621
0.606
0.641
0.597
0.701
0.935
0.796
0.862
0.818
0.611
0.680
0.608
0.496
0.407
0.434
0.427
0.485
0.563
0.562
0.518
0.522
0.528
0.416
0.441
0.427
0.543
0.442
0.511
0.519
0.604
0.541
0.478
0.488
0.675
0.577
0.575
0.455
0.432
0.656
0.575
0.495
0.596
0.712
0.712
0.573
0.485
0.535
0.500
0.548
0.571
0.582
0.575
0.554
0.559
0.545
0.523
0.723
0.804
0.704
0.758
0.855
0.633
0.719
0.684
0.692
0.754
0.673
0.555
0.600
0.638
0.693
0.811
0.836
0.746
0.747
0.743
0.714
0.687
0.699
0.706
0.711
0.842
0.600
0.655
0.651
0.686
0.739
0.682
0.645
0.702
0.803
0.814
0.696
0.718
0.719
0.643
0.709
0.628
0.552
0.609
0.714
0.692
0.745
0.775
0.878
0.747
0.855
0.724
0.799
0.685
0.713
0.843
0.652
0.662
0.646
0.622
0.764
0.748
0.843
0.722
0.802
0.856
0.758
0.839
0.692
0.772
0.828
0.883
0.907
0.763
0.825
0.843
0.793
0.813
0.874
0.814
0.751
0.612
0.561
0.696
0.857
0.806
0.861
0.774
0.965
0.914
0.960
0.872
0.832
0.955
0.927
0.956
0.971
0.925
0.894
0.976
0.935
0.854
0.812
0.746
0.866
0.846
0.860
0.840
0.853
0.763
0.825
0.783
0.892
0.866
0.975
0.801
0.863
0.770
0.669
0.711
0.783
0.918
0.875
0.873
0.803
0.753
0.794
0.843
0.835
0.867
0.937
0.938
0.854
0.901
0.958
0.981
0.880
0.922
0.863
0.855
0.834
0.746
0.805
0.789
0.706
0.651
0.609
0.593
0.564
0.589
0.609
0.676
0.763
0.704
0.721
0.635
0.728
0.611
0.827
0.707
0.653
0.644
0.594
0.633
0.625
0.738
0.752
0.731
0.681
0.680
0.674
0.628
0.618
0.683
0.601
0.680
0.826
0.783
0.864
0.727
0.711
0.658
0.615
0.668
0.710
0.841
0.717
0.808
0.802
0.772
0.738
0.812
0.813
0.682
0.663
0.857
0.917
0.785
0.754
0.686
0.656
0.770
0.744
0.736
0.718
0.795
0.699
0.775
0.803
0.788
0.884
0.830
0.861
0.859
0.761
0.827
0.905
0.972
0.836
0.815
0.778
0.717
0.826
0.850
0.755
0.773
0.684
0.705
0.686
0.578
0.640
0.726
0.709
0.721
0.769
0.707
0.693
0.772
0.676
0.601
0.583
0.717
0.874
0.717
0.704
0.714
0.576
0.687
0.692
0.805
0.770
0.809
0.868
0.836
0.873
0.841
0.911
0.774
0.942
0.869
0.909
0.899
0.680
0.755
0.692
0.807
0.840
0.761
0.705
0.765
0.969
0.892
0.889
0.932
0.902
0.659
0.857
0.882
0.913
0.812
0.795
0.819
0.719
0.699
0.720
0.752
0.835
0.837
0.818
0.791
0.802
0.859
0.790
0.873
0.741
0.846
0.676
0.749
0.586
0.677
0.806
0.740
0.697
0.736
0.824
0.689
0.741
0.791
0.876
0.981
0.913
-99.000
0.954
0.877
0.798
0.718
0.885
0.771
0.831
0.691
0.808
0.907
0.570
0.598
0.651
0.635
0.691
0.708
0.563
0.635
0.683
0.583
0.472
0.488
0.573
0.642
0.562
0.545
0.548
0.538
0.542
0.567
0.626
0.654
0.585
0.635
0.697
0.638
0.591
0.501
0.432
0.465
0.496
0.473
0.539
0.490
0.500
0.525
0.564
0.544
0.559
0.562
0.566
0.621
0.474
0.459
0.409
0.376
0.382
0.422
0.497
0.522
0.569
0.576
0.548
0.546
0.577
0.673
0.603
0.486
0.454
0.543
0.467
0.501
0.505
0.593
0.663
0.740
0.691
0.651
0.588
0.675
0.666
0.622
0.553
0.701
0.757
0.765
0.767
0.664
0.500
0.521
0.636
0.636
0.665
0.793
0.812
0.652
0.699
0.535
0.513
0.542
0.488
0.467
0.479
0.437
0.637
0.702
0.670
0.605
0.552
0.726
0.667
0.685
0.668
0.602
0.729
0.849
0.835
0.792
0.879
0.689
0.811
0.807
0.753
0.890
0.720
0.848
0.835
0.735
0.628
0.905
0.759
0.909
0.922
0.922
0.895
0.907
0.960
0.897
0.890
0.867
0.966
0.819
0.873
0.860
0.779
0.828
0.824
0.938
0.715
0.938
0.793
0.797
0.745
0.912
0.773
0.834
0.837
0.873
0.786
0.756
0.707
0.751
0.866
0.854
0.840
0.783
0.802
0.794
0.810
0.753
0.803
0.824
0.745
0.835
0.951
0.977
0.971
0.912
0.946
0.955
0.935
0.932
0.862
0.894
0.916
0.795
0.729
0.765
0.787
0.801
0.878
0.872
0.740
0.672
0.671
0.600
0.669
0.916
0.755
0.705
0.761
0.741
0.606
0.621
0.588
0.681
0.761
-99.000
-99.000
-99.000
-99.000
-99.000
-99.000
-99.000
-99.000
0.763
0.711
0.721
0.681
0.765
0.923
0.926
0.760
0.735
0.691
0.657
0.673
0.633
0.674
0.591
0.586
0.620
0.616
0.625
0.730
0.772
0.888
0.870
0.792
0.705
0.699
0.704
0.643
0.649
0.667
0.698
0.715
0.579
0.578
0.536
0.510
0.622
0.572
0.803
0.794
0.843
0.772
0.680
0.945
0.699
0.741
0.758
0.757
0.728
0.675
0.590
0.568
0.597
0.531
0.554
0.538
0.545
0.525
0.514
0.516
0.552
0.658
0.828
0.873
0.711
0.714
0.762
0.818
0.907
0.859
0.762
0.745
0.779
0.757
0.792
0.614
0.659
0.714
0.741
0.827
0.738
0.750
0.820
0.739
0.708
0.848
0.877
0.669
0.764
0.840
0.852
0.790
0.851
0.841
0.807
0.754
0.921
0.696
0.783
0.796
0.771
0.706
0.684
0.740
0.751
0.719
0.694
0.759
0.826
0.762
0.815
0.728
0.790
0.768
0.785
0.911
0.894
0.780
0.897
0.742
0.927
0.818
0.905
0.957
0.900
0.935
0.977
0.858
0.754
0.867
0.705
0.740
0.560
0.700
0.706
0.802
0.813
0.733
0.686
0.755
0.833
0.843
0.974
0.954
0.930
0.765
0.711
0.662
0.605
0.602
0.602
0.579
0.666
0.651
0.870
0.820
0.969
0.751
0.653
0.573
0.601
0.573
0.677
0.719
0.744
0.722
0.665
0.602
0.648
0.600
0.694
0.576
0.624
0.604
0.582
0.614
0.530
0.493
0.519
0.574
0.648
0.725
0.700
0.646
0.768
0.562
0.494
0.596
0.584
0.672
0.627
0.631
0.678
0.684
0.628
0.719
0.649
0.863
0.890
0.695
0.640
0.561
0.577
0.642
0.650
0.728
0.818
0.819
0.899
0.749
0.812
0.660
0.807
0.800
0.814
0.832
0.725
0.755
0.731
0.676
0.683
0.674
0.755
0.744
0.766
0.597
0.664
0.569
0.729
0.661
0.593
0.529
0.604
0.567
0.589
0.550
0.571
0.536
0.575
0.675
0.777
0.746
0.676
0.704
0.733
0.834
0.841
0.942
0.761
0.678
0.722
0.740
0.739
0.711
0.662
0.633
0.761
0.765
0.770
0.663
0.591
0.681
0.693
0.841
0.866
0.896
0.816
0.687
0.818
0.839
0.786
0.728
0.945
0.893
0.892
0.855
0.891
0.981
0.789
0.850
0.877
0.855
0.843
0.833
0.930
0.925
0.954
0.781
0.858
0.964
0.974
0.983
0.865
0.917
0.849
0.856
0.900
0.915
0.805
0.949
0.902
0.985
0.919
0.974
0.915
0.880
0.898
0.916
0.878
0.945
0.866
0.793
0.794
0.824
0.806
0.809
0.852
0.876
0.883
0.899
0.881
0.840
0.909
0.951
0.883
0.835
0.750
0.767
0.983
0.956
0.951
0.958
0.962
0.981
0.958
0.859
0.899
0.918
0.904
0.950
0.912
0.918
0.946
0.874
0.898
0.823
0.847
0.815
0.835
0.779
0.737
0.681
0.637
0.708
0.694
0.603
0.683
0.605
0.580
0.655
0.619
0.649
0.773
0.771
0.736
0.685
0.624
0.595
0.648
0.695
0.692
0.699
0.755
0.692
0.869
0.743
0.665
0.677
0.625
0.706
0.718
0.826
0.718
0.776
0.706
0.682
0.697
0.705
0.755
0.680
0.611
0.571
0.550
0.604
0.662
0.625
0.535
0.645
0.667
0.913
0.728
0.688
0.790
0.748
0.736
0.860
0.859
0.805
0.734
0.687
0.784
0.775
0.818
0.708
0.736
0.789
0.850
0.700
0.707
0.767
0.716
0.755
0.933
0.860
0.663
0.748
0.708
0.689
0.610
0.683
0.618
0.680
0.699
0.709
0.699
0.717
0.640
0.646
0.745
0.696
0.645
0.655
0.588
0.463
0.554
0.529
0.574
0.623
0.573
0.512
0.463
0.492
0.537
0.623
0.741
0.782
0.728
0.756
0.836
0.926
0.870
0.916
0.923
0.840
0.802
0.873
0.949
0.903
0.934
0.829
0.866
0.827
0.755
0.822
0.788
0.839
0.913
0.850
0.810
0.836
0.823
0.821
0.847
0.857
0.785
0.962
0.703
0.922
0.944
0.812
0.879
0.761
0.823
0.820
0.779
0.828
0.783
0.725
0.895
0.850
0.756
0.838
0.778
0.760
0.835
0.862
0.879
0.795
0.767
0.802
0.683
0.786
0.885
0.841
0.884
0.865
0.809
0.885
0.894
0.886
0.773
0.587
0.643
0.714
0.710
0.742
0.603
0.660
0.730
0.707
0.839
0.623
0.748
0.904
0.839
0.818
0.950
0.915
0.778
0.933
0.898
0.961
0.820
0.904
0.843
0.859
0.742
0.673
0.925
0.859
0.917
0.903
0.902
0.831
0.781
0.686
0.652
0.676
0.617
0.514
0.475
0.556
0.566
0.583
0.577
0.530
0.620
0.543
0.641
0.738
0.637
0.679
0.633
0.675
0.633
0.664
0.840
0.833
0.692
0.749
0.726
0.698
0.775
0.683
0.663
0.754
0.869
0.747
0.782
0.679
0.780
0.801
0.762
0.981
0.773
0.912
0.671
0.849
0.778
0.854
0.833
0.964
0.787
0.813
0.906
0.679
0.770
0.871
0.980
0.899
0.905
0.846
0.836
0.731
0.906
0.876
0.822
0.975
0.910
0.952
0.976
0.843
0.905
0.835
0.683
0.928
0.818
0.919
0.790
0.860
0.852
0.902
0.911
0.854
0.704
0.787
0.752
0.839
0.834
0.967
0.818
0.953
0.840
0.890
0.730
0.796
0.748
0.756
0.762
0.822
0.938
0.882
0.984
0.962
0.950
0.954
0.954
0.872
0.909
0.942
0.944
0.879
0.798
0.956
0.923
0.896
0.969
0.854
0.980
0.946
0.847
0.909
0.847
0.917
0.963
0.963
0.860
0.966
0.928
0.812
0.805
0.795
0.891
0.901
0.953
0.930
0.936
0.941
0.938
0.943
0.979
0.865
0.879
0.920
0.887
0.892
0.939
0.890
0.887
0.811
0.846
0.849
0.889
0.965
0.869
0.881
0.829
0.886
0.862
0.798
0.903
0.789
0.863
0.829
0.808
0.822
0.759
0.795
0.840
0.797
0.734
0.761
0.770
0.761
0.802
0.801
0.850
0.911
0.897
0.934
0.975
0.839
0.886
0.872
0.845
0.871
0.843
0.833
0.783
0.694
0.718
0.723
0.774
0.825
0.846
0.860
0.819
0.873
0.795
0.873
0.801
0.833
0.796
0.768
0.762
0.792
0.758
0.754
0.862
0.699
0.750
0.650
0.704
0.751
0.778
0.716
0.693
0.672
0.755
0.767
0.743
0.704
0.772
0.731
0.739
0.720
0.608
0.520
0.582
0.621
0.745
0.777
0.792
0.923
0.871
0.810
0.752
0.817
0.871
0.776
0.732
0.764
0.794
0.788
0.877
0.860
0.826
0.785
0.756
0.798
0.806
0.716
0.815
0.803
0.729
0.815
0.846
0.808
0.872
0.804
0.829
0.887
0.714
0.713
0.764
0.856
0.837
0.764
0.840
0.791
0.830
0.725
0.723
0.758
0.858
0.833
0.757
0.766
0.846
0.797
0.865
0.792
0.809
0.709
0.758
0.730
0.759
0.780
0.750
0.801
0.804
0.837
0.847
0.754
0.723
0.837
0.834
0.819
0.967
0.799
0.847
0.851
0.830
0.812
0.898
0.906
0.906
0.809
0.955
0.810
0.819
0.907
0.846
0.821
0.861
0.913
0.764
0.686
0.668
0.617
0.556
0.526
0.546
0.650
0.722
0.716
0.785
0.798
0.767
0.756
0.763
0.779
0.724
0.696
0.875
0.777
0.808
0.847
0.747
0.840
0.852
0.813
0.689
0.735
0.610
0.668
0.583
0.609
0.526
0.670
0.615
0.677
0.771
0.784
0.800
0.663
0.794
0.823
0.779
0.783
0.770
0.794
0.713
0.669
0.649
0.651
0.774
0.573
0.547
0.534
0.598
0.691
0.536
0.611
0.585
0.502
0.488
0.451
0.473
0.499
0.563
0.680
0.663
0.705
0.739
0.879
0.843
0.810
0.759
0.752
0.797
0.811
0.798
0.736
0.745
0.653
0.737
0.680
0.720
0.650
0.644
0.630
0.524
0.677
0.761
0.595
0.668
0.634
0.690
0.634
0.584
0.652
0.830
0.775
0.851
0.662
0.813
0.779
0.821
0.735
0.802
0.776
0.780
0.851
0.773
0.694
0.828
0.778
0.834
0.976
0.813
0.877
0.848
0.836
0.887
0.841
0.732
0.767
0.659
0.670
0.697
0.682
0.729
0.781
0.861
0.852
0.785
0.723
0.861
0.824
0.801
0.960
0.830
0.702
0.660
0.788
0.655
0.973
0.829
0.896
0.669
0.794
0.861
0.879
0.801
0.835
0.962
0.752
0.818
0.839
0.972
0.716
0.729
0.740
0.824
0.895
0.812
0.963
0.792
0.836
0.920
0.907
0.803
0.896
0.820
0.790
0.937
0.881
0.851
0.907
0.835
0.888
0.941
0.939
0.932
0.853
0.891
0.822
0.784
0.820
0.946
0.856
0.905
0.886
0.885
0.939
0.861
0.863
0.843
0.814
0.836
0.868
0.810
0.785
0.874
0.926
0.936
0.914
0.929
0.938
0.796
0.804
0.812
0.873
0.788
0.783
0.772
0.747
0.683
0.674
0.696
0.710
0.753
0.664
0.664
0.677
0.683
0.704
0.773
0.806
0.821
0.755
0.682
0.684
0.652
0.660
0.706
0.768
0.686
0.826
0.876
0.855
0.871
0.906
0.844
0.748
0.767
0.858
0.846
0.841
0.802
0.796
0.744
0.756
0.684
0.771
0.694
0.740
0.727
0.683
0.648
0.761
0.744
0.774
0.797
0.791
0.728
0.653
0.807
0.771
0.881
0.950
0.858
0.742
0.723
0.776
0.711
0.743
0.878
0.685
0.723
0.671
0.658
0.586
0.764
0.882
0.829
0.651
0.814
0.781
0.794
0.688
0.702
0.638
0.654
0.811
0.659
0.643
0.691
0.663
0.663
0.717
0.702
0.642
0.602
0.582
0.635
0.643
0.632
0.716
0.703
0.759
0.852
0.774
0.790
0.812
0.877
0.903
0.911
0.908
0.900
0.926
0.806
0.808
0.803
0.750
0.825
0.739
0.777
0.865
0.763
0.791
0.835
0.791
0.624
0.654
0.704
0.808
0.811
0.880
0.852
0.872
0.800
0.752
0.854
0.889
0.917
0.929
0.906
0.854
0.958
0.765
0.901
0.903
0.875
0.958
0.914
0.981
0.925
0.840
0.873
0.945
0.853
0.939
0.863
0.746
0.900
0.908
0.916
0.892
0.839
0.722
0.724
0.700
0.663
0.734
0.672
0.723
0.633
0.789
0.729
0.764
0.778
0.806
0.930
0.817
0.784
0.845
0.785
0.760
0.865
0.813
0.754
0.632
0.594
0.658
0.763
0.729
0.849
0.731
0.816
0.822
0.771
0.633
0.612
0.612
0.620
0.484
0.531
0.660
0.822
0.694
0.633
0.690
0.647
0.611
0.640
0.529
0.601
0.630
0.659
0.628
0.730
0.756
0.740
0.785
0.872
0.871
0.705
0.677
0.724
0.756
0.663
0.742
0.860
0.795
0.717
0.697
0.681
0.590
0.675
0.660
0.560
0.668
0.535
0.552
0.652
0.463
0.512
0.599
0.599
0.599
0.654
0.531
0.575
0.613
0.571
0.598
0.513
0.505
0.632
0.677
0.840
0.691
0.664
0.588
0.656
0.598
0.558
0.492
0.489
0.453
0.534
0.751
0.888
0.686
0.855
0.826
0.822
0.753
0.755
0.746
0.624
0.551
0.724
0.667
0.729
0.801
0.731
0.730
0.726
0.755
0.736
0.582
0.628
0.577
0.563
0.692
0.810
0.865
0.807
0.945
0.850
0.764
0.761
0.792
0.853
0.785
0.753
0.747
0.812
0.937
0.826
0.861
0.791
0.863
0.745
0.898
0.958
0.842
0.970
0.873
0.806
0.943
0.899
0.944
0.815
0.981
0.834
0.818
0.927
0.959
0.839
0.837
0.791
0.893
0.899
0.971
0.935
0.952
0.893
0.914
0.983
0.929
0.928
0.905
0.811
0.825
0.850
0.768
0.726
0.785
0.777
0.733
0.722
0.689
0.695
0.731
0.745
0.793
0.848
0.870
0.918
0.744
0.840
0.780
0.875
0.892
0.828
0.787
0.772
0.862
0.914
0.966
0.965
0.923
0.914
0.915
0.813
0.811
0.869
0.808
0.738
0.699
0.681
0.595
0.668
0.630
0.726
0.740
0.676
0.694
0.692
0.704
0.688
0.626
0.705
0.822
0.726
0.755
0.756
0.926
0.875
0.797
0.775
0.812
0.824
0.848
0.898
0.708
0.718
0.827
0.768
0.724
0.685
0.647
0.824
0.643
0.754
0.747
0.707
0.687
0.659
0.554
0.542
0.567
0.547
0.505
0.550
0.603
0.521
0.595
0.575
0.588
0.683
0.721
0.566
0.610
0.655
0.699
0.727
0.755
0.726
0.766
0.737
0.786
0.802
0.811
0.822
0.711
0.717
0.866
0.737
0.572
0.563
0.632
0.509
0.531
0.701
0.667
0.750
0.767
0.869
0.911
0.750
0.808
0.898
0.831
0.678
0.926
0.809
0.887
0.743
0.782
0.732
0.706
0.663
0.676
0.542
0.572
0.567
0.541
0.578
0.601
0.529
0.699
0.948
0.869
0.792
0.649
0.698
0.756
0.790
0.686
0.730
0.706
0.767
0.835
0.816
0.694
0.895
0.883
0.949
0.909
0.902
0.836
0.870
0.929
0.907
0.864
0.808
0.817
0.908
0.753
0.775
0.659
0.741
0.833
0.872
0.864
0.863
0.925
0.909
0.854
0.905
0.858
0.851
0.884
0.771
0.744
0.801
0.811
0.754
0.849
0.654
0.839
0.876
0.893
0.947
0.935
0.822
0.980
0.936
0.881
0.846
0.901
0.783
0.771
0.729
0.695
0.747
0.767
0.730
0.844
0.893
0.765
0.760
0.875
0.786
0.633
0.630
0.579
0.547
0.601
0.580
0.791
0.697
0.832
0.765
0.843
0.920
0.743
0.786
0.819
0.767
0.733
0.815
0.816
0.777
0.736
0.734
0.602
0.654
0.616
0.605
0.740
0.733
0.847
0.706
0.686
0.746
0.655
0.687
0.735
0.745
0.608
0.548
0.555
0.553
0.627
0.549
0.544
0.586
0.572
0.591
0.579
0.509
0.627
0.638
0.559
0.661
0.657
0.845
0.828
0.757
0.635
0.447
0.554
0.681
0.736
0.759
0.819
0.734
0.674
0.577
0.599
0.496
0.478
0.506
0.505
0.612
0.601
0.608
0.669
0.564
0.543
0.517
0.552
0.522
0.546
0.528
0.505
0.490
0.542
0.458
0.444
0.496
0.579
0.598
0.635
0.646
0.584
0.544
0.486
0.493
0.444
0.529
0.523
0.827
0.860
0.726
0.887
0.773
0.764
0.761
0.882
0.786
0.887
0.730
0.788
0.851
0.729
0.720
0.866
0.805
0.846
0.756
0.715
0.726
0.878
0.966
0.775
0.736
0.723
0.775
0.815
0.744
0.708
0.879
0.763
0.767
0.740
0.676
0.581
0.499
0.527
0.611
0.577
0.693
0.814
0.856
0.657
0.780
0.764
0.777
0.731
0.765
0.838
0.841
0.791
0.808
0.771
0.825
0.822
0.957
0.866
0.717
0.936
0.907
0.805
0.822
0.833
0.776
0.771
0.782
0.765
0.910
0.764
0.889
0.814
0.829
0.738
0.728
0.717
0.735
0.720
0.756
0.865
0.927
0.832
0.815
0.717
0.678
0.715
0.724
0.758
0.779
0.670
0.725
0.821
0.922
0.757
0.760
0.795
0.874
0.812
0.717
0.677
0.714
0.719
0.721
0.744
0.730
0.832
0.752
0.700
0.652
0.648
0.735
0.720
0.735
0.760
0.783
0.768
0.591
0.533
0.556
0.618
0.669
0.827
0.739
0.680
0.629
0.557
0.513
0.568
0.601
0.601
0.602
0.718
0.795
0.784
0.657
0.568
0.633
0.684
0.666
0.782
0.711
0.637
0.642
0.607
0.690
0.657
0.662
0.674
0.792
0.810
0.703
0.824
0.594
0.590
0.619
0.630
0.515
0.503
0.616
0.700
0.558
0.578
0.545
0.512
0.565
0.655
0.626
0.607
0.652
0.601
0.570
0.568
0.548
0.639
0.668
0.614
0.655
0.542
0.536
0.666
0.733
0.762
0.779
0.744
0.721
0.575
0.558
0.725
0.765
0.705
0.554
0.575
0.605
0.575
0.684
0.593
0.631
0.664
0.787
0.758
0.728
0.631
0.651
0.611
0.651
0.625
0.580
0.575
0.695
0.779
0.793
0.768
0.858
0.723
0.770
0.872
0.749
0.966
0.778
0.757
0.813
0.761
0.769
0.835
0.924
0.739
0.635
0.899
0.799
0.850
0.765
0.774
0.866
0.785
0.839
0.906
0.697
0.741
0.534
0.583
0.762
0.667
0.682
0.756
0.762
0.798
0.831
0.788
0.706
0.690
0.717
0.764
0.908
0.687
0.780
0.788
0.858
0.955
0.820
0.753
0.820
0.804
0.746
0.749
0.718
0.731
0.679
0.815
0.726
0.682
0.665
0.659
0.585
0.577
0.495
0.494
0.512
0.629
0.633
0.684
0.621
0.501
0.495
0.457
0.561
0.563
0.664
0.728
0.645
0.536
0.537
0.492
0.451
0.474
0.527
0.539
0.523
0.511
0.558
0.521
0.554
0.693
0.724
0.870
0.825
0.699
0.670
0.625
0.450
0.503
0.537
0.563
0.461
0.460
0.494
0.471
0.579
0.629
0.604
0.670
0.670
0.762
0.572
0.498
0.621
0.544
0.516
0.476
0.624
0.670
0.653
0.670
0.633
0.565
0.598
0.823
0.829
0.770
0.682
0.667
0.624
0.575
0.643
0.527
0.513
0.445
0.479
0.527
0.599
0.648
0.689
0.755
0.767
0.714
0.681
0.634
0.702
0.655
0.624
0.621
0.574
0.538
0.606
0.665
0.710
0.809
0.854
0.807
0.792
0.829
0.736
0.711
0.777
0.882
0.810
0.962
0.858
0.746
0.685
0.697
0.689
0.633
0.736
0.734
0.815
0.718
0.814
0.895
0.813
0.816
0.823
0.779
0.817
0.818
0.721
0.558
0.532
0.603
0.675
0.692
0.731
0.670
0.660
0.742
0.862
0.727
0.729
0.760
0.783
0.814
0.820
0.751
0.805
0.771
0.758
0.757
0.858
0.875
0.919
0.920
0.784
0.821
0.801
0.777
0.931
0.801
0.907
0.876
0.916
0.903
0.879
0.907
0.795
0.862
0.892
0.839
0.903
0.909
0.857
0.967
0.970
0.897
0.840
0.881
0.893
0.972
0.892
0.867
0.820
0.802
0.817
0.815
0.847
0.888
0.838
0.853
0.773
0.774
0.852
0.823
0.682
0.656
0.601
0.629
0.662
0.705
0.680
0.596
0.628
0.729
0.775
0.701
0.765
0.723
0.725
0.732
0.692
0.669
0.741
0.839
0.862
0.912
0.819
0.755
0.735
0.680
0.598
0.737
0.869
0.816
0.889
0.793
0.762
0.770
0.781
0.734
0.657
0.651
0.631
0.616
0.770
0.842
0.761
0.739
0.790
0.769
0.707
0.785
0.738
0.665
0.699
0.734
0.752
0.756
0.731
0.763
0.709
0.709
0.710
0.638
0.613
0.551
0.618
0.635
0.633
0.623
0.571
0.521
0.700
0.697
0.696
0.710
0.634
0.706
0.672
0.628
0.667
0.644
0.684
0.654
0.647
0.638
0.685
0.740
0.730
0.464
0.792
0.679
0.585
0.816
0.881
0.791
0.798
0.842
0.867
0.821
0.927
0.880
0.931
0.817
0.960
0.846
0.741
0.819
0.811
0.816
0.780
0.817
0.865
0.841
0.892
0.909
0.889
0.777
0.873
0.892
0.832
0.932
0.784
0.791
0.881
0.827
0.835
0.906
0.747
0.761
0.780
0.645
0.679
0.817
0.847
0.897
0.829
0.716
0.818
0.740
0.948
0.744
0.858
0.892
0.857
0.675
0.860
0.820
0.906
0.843
0.933
0.907
0.934
0.790
0.688
0.705
0.719
0.727
0.797
0.949
0.776
0.798
0.828
0.981
0.914
0.816
0.902
0.898
0.851
0.718
0.573
0.595
0.608
0.558
0.592
0.574
0.592
0.616
0.592
0.592
0.559
0.548
0.738
0.609
0.692
0.534
0.606
0.602
0.540
0.600
0.720
0.717
0.656
0.661
0.745
0.715
0.730
0.739
0.693
0.802
0.951
0.824
0.681
0.755
0.661
0.657
0.589
0.688
0.626
0.651
0.640
0.680
0.561
0.573
0.515
0.576
0.517
0.518
0.582
0.579
0.631
0.569
0.590
0.590
0.607
0.600
0.665
0.657
0.608
0.505
0.538
0.498
0.475
0.413
0.389
0.434
0.506
0.685
0.639
0.697
0.739
0.672
0.556
0.660
0.662
0.759
0.778
0.683
0.702
0.582
0.477
0.576
0.523
0.576
0.655
0.654
0.751
0.804
0.702
0.662
0.783
0.731
0.689
0.667
0.607
0.709
0.684
0.827
0.815
0.741
0.685
0.735
0.887
0.946
0.683
0.878
0.766
0.836
0.790
0.755
0.753
0.726
0.735
0.855
0.945
0.707
0.668
0.663
0.750
0.861
0.839
0.806
0.803
0.916
0.621
0.651
0.594
0.656
0.650
0.710
0.630
0.695
0.604
0.648
0.737
0.797
0.854
0.920
0.875
0.812
0.776
0.751
0.745
0.803
0.777
0.783
0.680
0.764
0.820
0.827
0.814
0.973
0.776
0.902
0.835
0.786
0.872
0.962
0.806
0.836
0.764
0.956
0.925
0.980
0.870
0.912
0.983
0.893
0.923
0.889
0.933
0.906
0.899
0.853
0.948
0.849
0.967
0.939
0.821
0.949
0.935
0.950
0.954
0.921
0.924
0.894
0.885
0.849
0.860
0.759
0.759
0.836
0.901
0.948
0.824
0.879
0.915
0.864
0.795
0.758
0.743
0.765
0.738
0.725
0.703
0.716
0.808
0.744
0.590
0.608
0.664
0.748
0.691
0.654
0.619
0.805
0.871
0.729
0.669
0.767
0.745
0.814
0.706
0.708
0.716
0.706
0.744
0.785
0.833
0.752
0.774
0.807
0.733
0.655
0.660
0.696
0.642
0.642
0.609
0.672
0.755
0.770
0.734
0.746
0.785
0.766
0.760
0.575
0.756
0.849
0.696
0.662
0.602
0.743
0.679
0.762
0.643
0.886
0.729
0.778
0.809
0.792
0.730
0.762
0.791
0.804
0.846
0.888
0.726
0.815
0.807
0.764
0.817
0.750
0.741
0.912
0.889
0.756
0.704
0.667
0.635
0.725
0.716
0.802
0.711
0.828
0.712
0.741
0.779
0.795
0.781
0.827
0.861
0.845
0.892
0.706
0.724
0.776
0.862
0.946
0.912
0.975
0.933
0.901
0.856
0.897
0.898
0.856
0.846
0.818
0.842
0.813
0.775
0.775
0.894
0.923
0.891
0.719
0.767
0.888
0.911
0.913
0.766
0.830
0.686
0.758
0.791
0.785
0.748
0.911
0.841
0.983
0.933
0.946
0.919
0.747
0.704
0.704
0.765
0.825
0.786
0.861
0.868
0.746
0.920
0.748
0.742
0.738
0.670
0.676
0.876
0.916
0.837
0.883
0.868
0.831
0.907
0.904
0.916
0.895
0.864
0.929
0.786
0.854
0.769
0.739
0.643
0.772
0.673
0.929
0.737
0.768
0.578
0.607
0.594
0.698
0.719
0.670
0.653
0.650
0.622
0.729
0.616
0.669
0.844
0.753
0.749
0.711
0.763
0.740
0.749
0.684
0.612
0.677
0.680
0.625
0.600
0.643
0.654
0.780
0.843
0.698
0.657
0.576
0.469
0.480
0.467
0.488
0.497
0.469
0.508
0.525
0.577
0.574
0.687
0.727
0.748
0.631
0.664
0.705
0.610
0.755
0.615
0.608
0.690
0.599
0.694
0.548
0.583
0.601
0.639
0.725
0.785
0.776
0.788
0.779
0.610
0.628
0.617
0.588
0.700
0.638
0.617
0.724
0.765
0.665
0.496
0.675
0.740
0.556
0.684
0.556
0.537
0.628
0.658
0.723
0.810
0.716
0.791
0.642
0.609
0.562
0.669
0.689
0.608
0.565
0.564
0.647
0.591
0.708
0.651
0.648
0.650
0.604
0.582
0.648
0.718
0.959
0.791
0.895
0.865
0.798
0.804
0.702
0.919
0.875
0.823
0.831
0.811
0.800
0.654
0.831
0.862
0.827
0.968
0.829
0.821
0.846
0.801
0.753
0.762
0.762
0.878
0.918
0.963
0.931
0.961
0.978
0.911
0.935
0.928
0.807
0.867
0.755
0.827
0.772
0.729
0.743
0.763
0.857
0.891
0.981
0.950
0.838
0.870
0.865
0.818
0.849
0.807
0.880
0.806
0.885
0.816
0.821
0.852
0.857
0.853
0.955
0.946
0.810
0.979
0.920
0.922
0.864
0.957
0.801
0.817
0.835
0.851
0.815
0.801
0.762
0.795
0.802
0.772
0.785
0.765
0.709
0.741
0.806
0.804
0.831
0.808
0.721
0.710
0.718
0.784
0.803
0.846
0.754
0.785
0.748
0.778
0.809
0.834
0.699
0.645
0.739
0.697
0.705
0.672
0.669
0.647
0.651
0.680
0.621
0.535
0.654
0.577
0.574
0.732
0.601
0.618
0.659
0.605
0.603
0.647
0.670
0.690
0.749
0.703
0.633
0.604
0.569
0.551
0.560
0.576
0.687
0.748
0.654
0.704
0.664
0.725
0.660
0.689
0.636
0.616
0.660
0.524
0.540
0.547
0.533
0.529
0.505
0.459
0.547
0.514
0.540
0.671
0.868
0.726
0.711
0.723
0.752
0.714
0.681
0.744
0.709
0.657
0.666
0.672
0.611
0.717
0.806
0.768
0.738
0.768
0.716
0.821
0.810
0.733
0.757
0.738
0.721
0.644
0.918
0.876
0.882
0.938
0.941
0.733
0.609
0.736
0.836
0.831
0.859
0.782
0.798
0.892
0.831
0.773
0.755
0.858
0.778
0.894
0.923
0.931
0.751
0.806
0.750
0.799
0.910
0.901
0.857
0.909
0.935
0.951
0.876
0.876
0.955
0.795
0.858
0.663
0.672
0.740
0.931
0.917
0.857
0.898
0.913
0.723
0.827
0.839
0.891
0.915
0.817
0.821
0.755
0.772
0.783
0.819
0.854
0.802
0.921
0.864
0.854
0.911
0.771
0.869
0.854
0.824
0.895
0.957
0.836
0.754
0.783
0.898
0.692
0.671
0.651
0.866
0.800
0.825
0.930
0.924
0.837
0.831
0.819
0.702
0.665
0.662
0.736
0.674
0.847
0.803
0.866
0.772
0.743
0.704
0.742
0.748
0.768
0.777
0.857
0.716
0.711
0.723
0.742
0.712
0.704
0.794
0.761
0.680
0.718
0.797
0.728
0.669
0.651
0.639
0.622
0.647
0.696
0.718
0.793
0.865
0.719
0.855
0.914
0.719
0.717
0.756
0.767
0.757
0.907
0.914
0.898
0.816
0.799
0.787
0.867
0.741
0.798
0.791
0.842
0.777
0.737
0.682
0.580
0.651
0.815
0.976
0.750
0.781
0.770
0.841
0.897
0.866
0.811
0.694
0.733
0.715
0.771
0.876
0.754
0.901
0.802
0.749
0.808
0.782
0.709
0.685
0.596
0.611
0.521
0.499
0.493
0.635
0.695
0.807
0.791
0.802
0.833
0.951
0.706
0.816
0.849
0.833
0.783
0.707
0.839
0.773
0.708
0.728
0.801
0.745
0.809
0.750
0.758
0.828
0.931
0.753
0.799
0.708
0.739
0.728
0.868
0.768
0.785
0.711
0.936
0.935
0.952
0.889
0.898
0.855
0.812
0.805
0.947
0.852
0.895
0.949
0.855
0.854
0.821
0.824
0.804
0.824
0.771
0.775
0.765
0.814
0.879
0.818
0.765
0.977
0.869
0.789
0.810
0.775
0.874
0.921
0.838
0.845
0.919
0.908
0.882
0.892
0.807
0.903
0.926
0.881
0.892
0.915
0.960
0.794
0.875
0.836
0.919
0.808
0.813
0.803
0.791
0.862
0.847
0.834
0.964
0.895
0.920
0.797
0.796
0.735
0.845
0.977
0.919
0.900
0.847
0.898
0.956
0.882
0.813
0.839
0.757
0.885
0.837
0.846
0.927
0.846
0.864
0.904
0.791
0.826
0.762
0.857
0.763
0.805
0.731
0.834
0.752
0.761
0.732
0.820
0.811
0.715
0.699
0.759
0.842
0.835
0.719
0.790
0.896
0.848
0.912
0.888
0.852
0.955
0.857
0.802
0.822
0.757
0.694
0.726
0.723
0.713
0.749
0.800
0.737
0.731
0.843
0.776
0.893
0.927
0.815
0.839
0.849
0.879
0.825
0.823
0.779
0.825
0.919
0.897
0.751
0.830
0.849
0.796
0.942
0.855
0.799
0.810
0.747
0.923
0.877
0.955
0.883
0.947
0.741
0.858
0.812
0.963
0.875
0.880
0.780
0.870
0.788
0.882
0.819
0.861
0.939
0.884
0.848
0.834
0.705
0.702
0.752
0.756
0.821
0.781
0.867
0.848
0.810
0.933
0.830
0.816
0.850
0.856
0.858
0.955
0.812
0.840
0.939
0.882
0.756
0.901
0.815
0.893
0.836
0.934
0.840
0.787
0.784
0.806
0.833
0.829
0.893
0.855
0.839
0.889
0.864
0.861
0.803
0.710
0.761
0.834
0.721
0.820
0.861
0.734
0.815
0.742
0.859
0.838
0.953
0.769
0.744
0.664
0.890
0.807
0.853
0.883
0.884
0.975
0.835
0.885
0.906
0.821
0.833
0.921
0.731
0.734
0.707
0.728
0.759
0.913
0.813
0.896
0.757
0.823
0.750
0.735
0.710
0.625
0.595
0.662
0.579
0.524
0.598
0.625
0.769
0.810
0.785
0.741
0.883
0.911
0.845
0.659
0.666
0.738
0.635
0.628
0.904
0.824
0.828
0.889
0.901
0.756
0.736
0.864
0.796
0.751
0.753
0.749
0.826
0.963
0.877
0.842
0.871
0.647
0.659
0.702
0.601
0.686
0.575
0.566
0.511
0.697
0.613
0.538
0.565
0.687
0.812
0.920
0.690
0.838
0.701
0.736
0.616
0.677
0.617
0.673
0.688
0.644
0.704
0.688
0.726
0.827
0.754
0.671
0.680
0.584
0.685
0.697
0.558
0.606
0.756
0.765
0.683
0.773
0.799
0.797
0.711
0.882
0.876
0.784
0.805
0.722
0.859
0.803
0.872
0.823
0.850
0.853
0.811
0.833
0.807
0.864
0.843
0.785
0.721
0.671
0.695
0.665
0.720
0.714
0.618
0.750
0.741
0.748
0.717
0.671
0.671
0.773
0.698
0.792
0.703
0.754
0.704
0.696
0.752
0.789
0.845
0.822
0.844
0.955
0.878
0.917
0.930
0.857
0.917
0.972
0.906
0.975
0.978
0.830
0.969
0.907
0.975
0.896
0.836
0.799
0.751
0.819
0.809
0.844
0.808
0.967
0.816
0.814
0.918
0.867
0.877
0.724
0.797
0.729
0.685
0.829
0.948
0.930
0.851
0.775
0.764
0.800
0.949
0.970
0.963
0.936
0.938
0.929
0.894
0.946
0.923
0.780
0.658
0.768
0.758
0.833
0.916
0.851
0.848
0.872
0.875
0.853
0.818
0.767
0.806
0.764
0.803
0.828
0.840
0.895
0.866
0.801
0.813
0.811
0.775
0.641
0.659
0.662
0.713
0.805
0.769
0.727
0.715
0.697
0.653
0.729
0.694
0.642
0.774
0.753
0.821
0.865
0.776
0.832
0.723
0.739
0.781
0.828
0.768
0.951
0.805
0.797
0.673
0.605
0.738
0.813
0.852
0.776
0.728
0.635
0.747
0.794
0.819
0.854
0.757
0.869
0.835
0.810
0.772
0.768
0.768
0.770
0.794
0.839
0.921
0.884
0.869
0.898
0.838
0.865
0.909
0.848
0.877
0.847
0.797
0.823
0.852
0.978
0.792
0.726
0.703
0.688
0.761
0.746
0.695
0.659
0.695
0.693
0.668
0.774
0.719
0.658
0.514
0.529
0.499
0.530
0.522
0.514
0.535
0.573
0.640
0.658
0.578
0.651
0.760
0.822
0.708
0.915
0.749
0.701
0.803
0.840
0.670
0.653
0.774
0.760
0.775
0.795
0.812
0.670
0.732
0.579
0.621
0.631
0.633
0.783
0.803
0.798
0.814
0.714
0.803
0.809
0.739
0.791
0.802
0.785
0.868
0.909
0.863
0.814
0.900
0.942
0.932
0.895
0.828
0.799
0.855
0.821
0.719
0.718
0.754
0.732
0.695
0.705
0.643
0.704
0.789
0.564
0.614
0.702
0.662
0.767
0.733
0.841
0.760
0.723
0.751
0.722
0.682
0.569
0.652
0.732
0.751
0.768
0.827
0.830
0.929
0.736
0.746
0.704
0.708
0.808
0.823
0.592
0.859
0.821
0.843
0.800
0.765
0.928
0.874
0.863
0.918
0.941
0.708
0.798
0.812
0.748
0.769
0.677
0.640
0.706
0.743
0.736
0.753
0.814
0.848
0.828
0.702
0.714
0.745
0.590
0.574
0.476
0.469
0.496
0.554
0.525
0.566
0.621
0.681
0.520
0.541
0.537
0.530
0.509
0.567
0.721
0.656
0.566
0.491
0.451
0.500
0.425
0.421
0.441
0.458
0.503
0.612
0.695
0.734
0.661
0.619
0.566
0.657
0.501
0.556
0.523
0.438
0.423
0.471
0.412
0.465
0.509
0.522
0.580
0.599
0.452
0.503
0.595
0.682
0.646
0.641
0.535
0.601
0.646
0.698
0.693
0.613
0.473
0.493
0.559
0.670
0.671
0.676
0.719
0.655
0.778
0.828
0.936
0.964
0.904
0.772
0.690
0.685
0.613
0.668
0.609
0.501
0.526
0.555
0.737
0.857
0.771
0.814
0.866
0.908
0.877
0.863
0.619
0.697
0.750
0.759
0.811
0.747
0.785
0.674
0.866
0.711
0.685
0.684
0.785
0.852
0.895
0.853
0.949
0.946
0.918
0.936
0.912
0.886
0.776
0.770
0.855
0.874
0.871
0.803
0.756
0.728
0.838
0.828
0.942
0.886
0.761
0.790
0.678
0.693
0.747
0.741
0.787
0.735
0.814
0.812
0.873
0.790
0.861
0.871
0.892
0.912
0.873
0.871
0.878
0.971
0.833
0.941
0.743
0.846
0.767
0.966
0.980
0.893
0.811
0.816
0.909
0.956
0.795
0.732
0.680
0.746
0.716
0.704
0.602
0.585
0.677
0.638
0.684
0.639
0.751
0.881
0.668
0.670
0.598
0.743
0.718
0.715
0.673
0.610
0.546
0.559
0.478
0.506
0.630
0.609
0.625
0.573
0.585
0.587
0.441
0.461
0.462
0.692
0.670
0.785
0.654
0.705
0.642
0.639
0.602
0.668
0.654
0.733
0.631
0.658
0.657
0.580
0.586
0.595
0.707
0.693
0.664
0.626
0.564
0.693
0.609
0.608
0.663
0.669
0.503
0.580
0.871
0.843
0.656
0.817
0.734
0.716
0.613
0.691
0.760
0.801
0.888
0.752
0.533
0.593
0.656
0.595
0.647
0.647
0.722
0.665
0.685
0.603
0.587
0.746
0.640
0.576
0.625
0.587
0.520
0.617
0.608
0.687
0.801
0.871
0.881
0.687
0.716
0.641
0.591
0.542
0.830
0.747
0.653
0.627
0.634
0.795
0.750
0.857
0.805
0.807
0.710
0.957
0.768
0.958
0.925
0.818
0.676
0.619
0.688
0.838
0.835
0.692
0.752
0.692
0.777
0.798
0.945
0.843
0.942
0.818
0.827
0.893
0.861
0.817
0.807
0.965
0.893
0.870
0.866
0.915
0.913
0.896
0.847
0.918
0.818
0.899
0.905
0.798
0.892
0.939
0.959
0.890
0.946
0.918
0.975
0.732
0.762
0.905
0.696
0.737
0.756
0.719
0.714
0.717
0.573
0.638
0.712
0.637
0.694
0.700
0.768
0.880
0.893
0.845
0.918
0.980
0.954
0.899
0.735
0.716
0.697
0.645
0.702
0.674
0.736
0.754
0.725
0.658
0.651
0.614
0.663
0.681
0.656
0.717
0.674
0.681
0.681
0.661
0.738
0.667
0.658
0.653
0.637
0.589
0.613
0.615
0.551
0.535
0.584
0.570
0.812
0.677
0.716
0.732
0.857
0.836
0.733
0.683
0.675
0.594
0.544
0.580
0.628
0.712
0.806
0.730
0.712
0.667
0.680
0.736
0.679
0.771
0.826
0.810
0.621
0.708
0.664
0.642
0.623
0.640
0.596
0.659
0.728
0.909
0.781
0.760
0.752
0.919
0.771
0.710
0.562
0.737
0.800
0.749
0.689
0.671
0.820
0.858
0.889
0.725
0.620
0.705
0.799
0.847
0.767
0.601
0.683
0.713
0.567
0.767
0.789
0.786
0.770
0.729
0.748
0.827
0.909
0.856
0.743
0.792
0.980
0.908
0.745
0.881
0.566
0.663
0.835
0.770
0.708
0.746
0.715
0.813
0.817
0.802
0.865
0.822
0.873
0.842
0.701
0.737
0.778
0.753
0.854
0.912
0.953
0.776
0.747
0.705
0.603
0.617
0.683
0.816
0.960
0.773
0.820
0.826
0.892
0.879
0.942
0.824
0.874
0.882
0.952
0.883
0.855
0.849
0.907
0.967
0.714
0.840
0.851
0.864
0.844
0.856
0.898
0.910
0.959
0.875
0.946
0.749
0.791
0.852
0.922
0.869
0.912
0.833
0.870
0.842
0.847
0.969
0.813
0.856
0.928
0.881
0.822
0.909
0.808
0.835
0.843
0.829
0.887
0.909
0.882
0.933
0.860
0.929
0.911
0.904
0.957
0.889
0.938
0.876
0.873
0.866
0.876
0.829
0.841
0.870
0.753
0.791
0.842
0.764
0.729
0.762
0.779
0.799
0.932
0.855
0.867
0.864
0.743
0.817
0.819
0.881
0.785
0.840
0.763
0.707
0.683
0.688
0.751
0.781
0.819
0.799
0.759
0.802
0.774
0.652
0.687
0.801
0.707
0.705
0.760
0.879
0.900
0.845
0.844
0.771
0.755
0.733
0.693
0.781
0.855
0.788
0.796
0.819
0.847
0.840
0.783
0.810
0.777
0.892
0.837
0.957
0.821
0.925
0.863
0.889
0.938
0.965
0.901
0.952
0.901
0.914
0.869
0.924
0.847
0.868
0.893
0.889
0.901
0.795
0.748
0.798
0.823
0.770
0.725
0.823
0.814
0.760
0.718
0.776
0.770
0.838
0.908
0.894
0.824
0.879
0.860
0.785
0.805
0.773
0.872
0.878
0.801
0.773
0.858
0.874
0.831
0.898
0.824
0.875
0.938
0.854
0.981
0.894
0.910
0.935
0.982
0.887
0.950
0.860
0.906
0.883
0.901
0.893
0.817
0.746
0.684
0.742
0.784
0.735
0.781
0.725
0.794
0.933
0.937
0.892
0.970
0.876
0.944
0.881
0.889
0.881
0.919
0.842
0.916
0.858
0.930
0.929
0.960
0.938
0.978
0.862
0.947
0.778
0.750
0.844
0.744
0.758
0.738
0.723
0.714
0.688
0.701
0.732
0.730
0.706
0.740
0.748
0.789
0.751
0.749
0.674
0.711
0.860
0.754
0.773
0.780
0.817
0.851
0.780
0.739
0.790
0.829
0.647
0.924
0.877
0.950
0.762
0.958
0.721
0.779
0.775
0.802
0.846
0.884
0.770
0.860
0.802
0.876
0.669
0.773
0.729
0.798
0.865
0.843
0.601
0.682
0.634
0.646
0.651
0.624
0.682
0.604
0.527
0.596
0.631
0.651
0.614
0.601
0.652
0.662
0.558
0.726
0.655
0.590
0.576
0.552
0.634
0.662
0.579
0.605
0.634
0.627
0.623
0.638
0.705
0.762
0.797
0.762
0.711
0.667
0.529
0.634
0.728
0.786
0.597
0.549
0.540
0.589
0.535
0.776
0.782
0.890
0.848
0.967
0.725
0.729
0.855
0.680
0.679
0.672
0.636
0.711
0.876
0.709
0.746
0.767
0.737
0.852
0.857
0.904
0.923
0.768
0.922
0.901
0.919
0.981
0.807
0.717
0.696
0.730
0.644
0.697
0.749
0.937
0.749
0.891
0.875
0.763
0.925
0.884
0.877
0.758
0.725
0.847
0.863
0.728
0.961
0.818
0.757
0.724
0.820
0.767
0.787
0.701
0.624
0.707
0.786
0.867
0.767
0.777
0.807
0.781
0.821
0.925
0.956
0.875
0.820
0.868
0.923
0.924
0.944
0.851
0.838
0.779
0.871
0.867
0.772
0.855
0.864
0.913
0.939
0.839
0.855
0.794
0.888
0.882
0.936
0.951
0.956
0.895
0.942
0.778
0.871
0.880
0.929
0.870
0.908
0.877
0.805
0.776
0.858
0.820
0.834
0.840
0.895
0.900
0.927
0.853
0.858
0.773
0.816
0.835
0.850
0.925
0.948
0.921
0.927
0.938
0.906
0.933
0.813
0.878
0.862
0.753
0.727
0.722
0.843
0.890
0.805
0.806
0.837
0.831
0.752
0.780
0.775
0.740
0.786
0.792
0.790
0.895
0.853
0.779
0.751
0.744
0.695
0.682
0.624
0.592
0.676
0.683
0.686
0.736
0.811
0.830
0.797
0.734
0.811
0.803
0.832
0.691
0.712
0.667
0.689
0.734
0.911
0.921
0.834
0.813
0.853
0.794
0.689
0.777
0.770
0.739
0.785
0.671
0.608
0.618
0.622
0.604
0.683
0.629
0.644
0.671
0.742
0.858
0.817
0.854
0.936
0.850
0.923
0.945
0.841
0.833
0.884
0.835
0.874
0.833
0.864
0.881
0.826
0.726
0.721
0.754
0.816
0.837
0.745
0.714
0.814
0.844
0.726
0.765
0.656
0.672
0.681
0.714
0.823
0.874
0.791
0.917
0.713
0.791
0.768
0.862
0.730
0.668
0.764
0.913
0.737
0.849
0.942
0.730
0.715
0.608
0.801
0.919
0.880
0.907
0.825
0.808
0.863
0.805
0.842
0.862
0.763
0.847
0.818
0.917
0.815
0.841
0.785
0.729
0.732
0.816
0.862
0.767
0.830
0.843
0.902
0.973
0.818
0.844
0.898
0.801
0.919
0.726
0.721
0.852
0.946
0.806
0.845
0.826
0.848
0.846
0.871
0.745
0.721
0.670
0.741
0.701
0.731
0.783
0.696
0.849
0.943
0.912
0.841
0.712
0.753
0.706
0.729
0.605
0.745
0.789
0.620
0.669
0.623
0.697
0.809
0.822
0.732
0.790
0.815
0.833
0.645
0.635
0.680
0.720
0.851
0.794
0.713
0.645
0.709
0.660
0.597
0.547
0.695
0.658
0.686
0.684
0.641
0.642
0.652
0.624
0.568
0.604
0.585
0.652
0.501
0.521
0.632
0.675
0.774
0.730
0.716
0.742
0.762
0.758
0.567
0.611
0.558
0.599
0.642
0.590
0.686
0.646
0.746
0.675
0.738
0.707
0.695
0.769
0.694
0.636
0.622
0.670
0.532
0.459
0.449
0.476
0.546
0.584
0.589
0.487
0.501
0.521
0.542
0.578
0.513
0.586
0.635
0.602
0.589
0.654
0.737
0.682
0.685
0.677
0.787
0.758
0.831
0.846
0.777
0.797
0.817
0.778
0.802
0.805
0.715
0.731
0.749
0.704
0.609
0.605
0.611
0.628
0.695
0.782
0.741
0.829
0.901
0.720
0.707
0.898
0.639
0.790
0.893
0.790
0.780
0.777
0.760
0.751
0.694
0.660
0.724
0.623
0.611
0.624
0.593
0.701
0.653
0.622
0.695
0.689
0.664
0.601
0.658
0.740
0.740
0.913
0.977
0.842
0.871
0.810
0.760
0.778
0.765
0.978
0.953
0.967
0.826
0.905
0.816
0.770
0.716
0.851
0.892
0.918
0.975
0.854
0.773
0.785
0.777
0.751
0.785
0.899
0.829
0.788
0.727
0.600
0.612
0.679
0.720
0.711
0.730
0.718
0.684
0.677
0.635
0.691
0.706
0.772
0.775
0.763
0.726
0.793
0.742
0.672
0.754
0.720
0.718
0.564
0.588
0.530
0.538
0.707
0.682
0.693
0.638
0.603
0.638
0.590
0.769
0.691
0.706
0.753
0.786
0.736
0.694
0.630
0.589
0.687
0.657
0.745
0.697
0.556
0.571
0.666
0.670
0.654
0.693
0.631
0.633
0.660
0.619
0.677
0.801
0.713
0.799
0.726
0.837
0.756
0.756
0.737
0.630
0.528
0.567
0.527
0.444
0.493
0.432
0.434
0.563
0.546
0.522
0.583
0.659
0.666
0.676
0.591
0.521
0.470
0.460
0.459
0.503
0.549
0.587
0.579
0.684
0.661
0.738
0.722
0.591
0.651
0.707
0.814
0.793
0.699
0.828
0.726
0.722
0.867
0.783
0.839
0.838
0.788
0.862
0.797
0.791
0.698
0.647
0.745
0.734
0.757
0.719
0.820
0.823
0.815
0.912
0.841
0.822
0.907
0.872
0.800
0.796
0.671
0.790
0.759
0.749
0.698
0.671
0.629
0.682
0.766
0.833
0.757
0.827
0.875
0.749
0.816
0.832
0.820
0.846
0.894
0.756
0.680
0.689
0.785
0.919
0.764
0.712
0.789
0.726
0.714
0.748
0.812
0.708
0.763
0.870
0.811
0.694
0.758
0.791
0.842
0.736
0.851
0.885
0.914
0.876
0.725
0.771
0.782
0.887
0.886
0.975
0.790
0.728
0.797
0.700
0.884
0.935
0.735
0.836
0.829
0.833
0.889
0.946
0.771
0.695
0.760
0.763
0.959
0.848
0.774
0.745
0.755
0.698
0.600
0.675
0.664
0.601
0.706
0.776
0.686
0.739
0.744
0.714
0.708
0.667
0.637
0.592
0.561
0.571
0.610
0.576
0.463
0.474
0.533
0.511
0.619
0.564
0.596
0.521
0.488
0.485
0.536
0.618
0.732
0.712
0.805
0.845
0.766
0.676
0.605
0.655
0.780
0.721
0.593
0.752
0.740
0.754
0.729
0.676
0.540
0.542
0.708
0.595
0.732
0.580
0.621
0.693
0.548
0.499
0.618
0.631
0.681
0.658
0.663
0.588
0.542
0.423
0.459
0.473
0.485
0.600
0.675
0.659
0.614
0.575
0.624
0.473
0.386
0.519
0.487
0.610
0.727
0.729
0.685
0.630
0.525
0.504
0.454
0.536
0.690
0.689
0.716
0.694
0.508
0.647
0.761
0.780
0.770
0.806
0.864
0.732
0.975
0.774
0.760
0.583
0.637
0.816
0.819
0.728
0.760
0.741
0.820
0.792
0.773
0.859
0.689
0.717
0.878
0.745
0.770
0.690
0.607
0.653
0.711
0.735
0.777
0.735
0.759
0.698
0.704
0.713
0.773
0.787
0.938
0.981
0.963
0.865
0.842
0.892
0.912
0.820
0.730
0.690
0.743
0.841
0.831
0.940
0.964
0.980
0.902
0.980
0.783
0.755
0.788
0.831
0.800
0.739
0.864
0.871
0.891
0.920
0.913
0.966
0.859
0.858
0.828
0.836
0.909
0.918
0.968
0.814
0.792
0.856
0.964
0.909
0.929
0.757
0.788
0.750
0.784
0.767
0.730
0.727
0.725
0.851
0.842
0.852
0.881
0.883
0.815
0.710
0.830
0.853
0.877
0.865
0.888
0.943
0.873
0.856
0.946
0.899
0.820
0.799
0.907
0.898
0.932
0.886
0.800
0.857
0.861
0.748
0.674
0.766
0.750
0.663
0.747
0.781
0.853
0.732
0.670
0.754
0.822
0.732
0.778
0.731
0.725
0.707
0.763
0.628
0.619
0.591
0.604
0.729
0.756
0.744
0.703
0.543
0.488
0.634
0.751
0.776
0.747
0.754
0.866
0.762
0.705
0.780
0.893
0.813
0.769
0.737
0.750
0.713
0.666
0.664
0.607
0.627
0.627
0.680
0.772
0.717
0.656
0.652
0.760
0.697
0.634
0.727
0.741
0.689
0.612
0.534
0.556
0.590
0.702
0.732
0.678
0.545
0.522
0.666
0.729
0.853
0.773
0.825
0.824
0.867
0.793
0.821
0.916
0.848
0.901
0.954
0.882
0.761
0.790
0.809
0.837
0.865
0.857
0.821
0.735
0.804
0.856
0.863
0.808
0.856
0.869
0.934
0.859
0.856
0.874
0.847
0.816
0.853
0.855
0.782
0.812
0.828
0.921
0.856
0.942
0.766
0.841
0.827
0.882
0.927
0.924
0.927
0.852
0.886
0.886
0.884
0.796
0.730
0.785
0.715
0.639
0.673
0.771
0.623
0.618
0.656
0.590
0.662
0.646
0.689
0.755
0.783
0.908
0.769
0.918
0.847
0.929
0.802
0.770
0.860
0.934
0.882
0.842
0.772
0.843
0.934
0.793
0.838
0.844
0.861
0.947
0.923
0.777
0.793
0.762
0.852
0.660
0.734
0.783
0.722
0.730
0.582
0.581
0.600
0.543
0.535
0.516
0.456
0.470
0.439
0.446
0.467
0.488
0.557
0.563
0.533
0.481
0.478
0.611
0.647
0.691
0.752
0.806
0.706
0.631
0.580
0.583
0.594
0.513
0.519
0.527
0.541
0.636
0.695
0.596
0.773
0.876
0.723
0.700
0.732
0.694
0.584
0.628
0.497
0.476
0.497
0.508
0.655
0.572
0.581
0.544
0.603
0.583
0.588
0.562
0.557
0.577
0.506
0.559
0.554
0.496
0.493
0.478
0.453
0.464
0.592
0.608
0.601
0.561
0.576
0.632
0.698
0.799
0.832
0.867
0.742
0.790
0.783
0.785
0.725
0.798
0.642
0.654
0.639
0.651
0.441
0.512
0.643
0.669
0.678
0.669
0.712
0.731
0.747
0.876
0.913
0.713
0.734
0.623
0.585
0.657
0.775
0.811
0.811
0.789
0.900
0.697
0.808
0.708
0.655
0.660
0.581
0.609
0.679
0.763
0.787
0.768
0.745
0.918
0.692
0.682
0.677
0.833
0.874
0.832
0.836
0.763
0.823
0.966
0.882
0.761
0.926
0.939
0.844
0.891
0.949
0.906
0.975
0.877
0.845
0.894
0.878
0.923
0.923
0.910
0.851
0.974
0.792
0.767
0.722
0.789
0.841
0.898
0.732
0.702
0.649
0.876
0.793
0.759
0.790
0.723
0.765
0.740
0.710
0.721
0.734
0.728
0.747
0.761
0.809
0.725
0.615
0.583
0.652
0.774
0.757
0.784
0.750
0.855
0.793
0.698
0.710
0.798
0.976
0.880
0.973
0.804
0.852
0.870
0.847
0.775
0.767
0.679
0.762
0.756
0.733
0.749
0.752
0.718
0.629
0.629
0.591
0.655
0.662
0.701
0.700
0.557
0.562
0.693
0.540
0.598
0.539
0.633
0.667
0.654
0.631
0.620
0.683
0.791
0.702
0.547
0.639
0.714
0.646
0.669
0.608
0.623
0.664
0.587
0.568
0.638
0.679
0.713
0.626
0.520
0.535
0.582
0.610
0.709
0.712
0.705
0.810
0.827
0.826
0.750
0.749
0.849
0.744
0.792
0.781
0.777
0.717
0.684
0.736
0.786
0.793
0.905
0.770
0.680
0.733
0.768
0.793
0.700
0.627
0.601
0.584
0.574
0.636
0.726
0.707
0.737
0.753
0.835
0.963
0.861
0.856
0.917
0.956
0.847
0.877
0.957
0.711
0.720
0.823
0.897
0.848
0.754
0.790
0.907
0.876
0.785
0.687
0.624
0.787
0.762
0.810
0.734
0.840
0.939
0.893
0.818
0.866
0.891
0.820
0.939
0.894
0.949
0.934
0.825
0.778
0.925
0.831
0.846
0.854
0.859
0.912
0.767
0.628
0.844
0.772
0.672
0.753
0.762
0.848
0.933
0.784
0.858
0.832
0.829
0.765
0.712
0.754
0.744
0.674
0.638
0.645
0.626
0.787
0.808
0.766
0.781
0.781
0.783
0.755
0.814
0.952
0.736
0.773
0.797
0.713
0.795
0.738
0.797
0.949
0.820
0.896
0.798
0.793
0.625
0.562
0.590
0.769
0.733
0.795
0.762
0.828
0.811
0.827
0.777
0.899
0.818
0.668
0.694
0.590
0.652
0.672
0.595
0.660
0.708
0.694
0.723
0.770
0.699
0.538
0.672
0.696
0.750
0.751
0.793
0.871
0.776
0.693
0.624
0.681
0.529
0.543
0.581
0.609
0.526
0.520
0.497
0.485
0.487
0.502
0.570
0.595
0.616
0.559
0.544
0.575
0.667
0.559
0.649
0.790
0.779
0.722
0.603
0.591
0.609
0.768
0.715
0.615
0.578
0.583
0.585
0.648
0.565
0.645
0.552
0.560
0.559
0.647
0.768
0.701
0.791
0.687
0.684
0.610
0.538
0.536
0.610
0.608
0.525
0.545
0.583
0.580
0.524
0.633
0.705
0.840
0.778
0.936
0.724
0.721
0.751
0.751
0.620
0.693
0.675
0.726
0.754
0.706
0.829
0.684
0.710
0.767
0.885
0.930
0.776
0.836
0.841
0.914
0.975
0.849
0.814
0.819
0.773
0.842
0.917
0.742
0.897
0.961
0.854
0.876
0.819
0.817
0.668
0.875
0.898
0.670
0.906
0.861
0.804
0.951
0.872
0.803
0.771
0.822
0.863
0.921
0.909
0.979
0.911
0.909
0.952
0.945
0.908
0.873
0.834
0.876
0.965
0.920
0.893
0.862
0.841
0.921
0.897
0.830
0.860
0.835
0.814
0.896
0.784
0.818
0.823
0.978
0.863
0.904
0.849
0.783
0.781
0.815
0.962
0.924
0.974
0.819
0.954
0.935
0.969
0.951
0.892
0.867
0.802
0.822
0.906
0.839
0.812
0.810
0.812
0.723
0.610
0.770
0.750
0.703
0.784
0.726
0.692
0.656
0.781
0.725
0.802
0.863
0.782
0.793
0.711
0.740
0.637
0.645
0.715
0.776
0.873
0.841
0.847
0.878
0.882
0.855
0.782
0.736
0.735
0.761
0.858
0.811
0.847
0.768
0.738
0.704
0.718
0.755
0.716
0.723
0.666
0.659
0.686
0.635
0.628
0.679
0.642
0.576
0.625
0.582
0.584
0.420
0.489
0.567
0.560
0.451
0.483
0.620
0.654
0.711
0.717
0.667
0.564
0.667
0.822
0.684
0.805
0.732
0.770
0.851
0.709
0.736
0.748
0.819
0.868
0.876
0.868
0.766
0.656
0.665
0.776
0.875
0.781
0.730
0.841
0.782
0.707
0.666
0.563
0.711
0.719
0.706
0.692
0.775
0.765
0.700
0.763
0.767
0.809
0.882
0.941
0.870
0.756
0.824
0.726
0.649
0.727
0.805
0.892
0.905
0.771
0.787
0.737
0.763
0.835
0.875
0.809
0.817
0.816
0.950
0.970
0.920
0.848
0.843
0.875
0.933
0.843
0.965
0.944
0.936
0.972
0.868
0.861
0.864
0.793
0.810
0.815
0.899
0.795
0.874
0.781
0.845
0.651
0.689
0.659
0.707
0.738
0.745
0.768
0.744
0.854
0.749
0.932
0.824
0.923
0.903
0.821
0.903
0.835
0.729
0.842
0.774
0.775
0.839
0.934
0.889
0.728
0.665
0.667
0.679
0.724
0.719
0.843
0.652
0.641
0.699
0.649
0.700
0.604
0.533
0.614
0.592
0.629
0.515
0.635
0.598
0.660
0.594
0.537
0.480
0.516
0.674
0.667
0.672
0.659
0.533
0.677
0.691
0.706
0.683
0.669
0.736
0.678
0.706
0.897
0.845
0.780
0.658
0.588
0.748
0.730
0.716
0.697
0.607
0.674
0.627
0.661
0.798
0.661
0.700
0.712
0.704
0.703
0.710
0.707
0.709
0.733
0.575
0.545
0.510
0.640
0.657
0.660
0.705
0.513
0.456
0.508
0.560
0.544
0.554
0.544
0.527
0.542
0.667
0.693
0.623
0.704
0.636
0.631
0.620
0.539
0.679
0.749
0.717
0.870
0.798
0.695
0.778
0.714
0.676
0.632
0.614
0.763
0.903
0.849
0.928
0.900
0.951
0.817
0.957
0.690
0.702
0.691
0.719
0.662
0.717
0.645
0.853
0.819
0.720
0.721
0.681
0.780
0.823
0.662
0.849
0.942
0.752
0.785
0.832
0.729
0.716
0.895
0.772
0.864
0.897
0.922
0.847
0.903
0.839
0.920
0.761
0.780
0.743
0.785
0.849
0.905
0.951
0.867
0.898
0.975
0.910
0.881
0.846
0.830
0.875
0.876
0.875
0.893
0.892
0.777
0.756
0.913
0.934
0.954
0.784
0.926
0.817
0.933
0.970
0.920
0.789
0.923
0.808
0.773
0.959
0.882
0.892
0.910
0.819
0.742
0.721
0.773
0.836
0.921
0.879
0.872
0.767
0.741
0.813
0.842
0.835
0.868
0.847
0.794
0.807
0.886
0.840
0.926
0.753
0.839
0.853
0.788
0.870
0.832
0.825
0.811
0.839
0.767
0.825
0.746
0.765
0.718
0.658
0.746
0.701
0.671
0.723
0.726
0.726
0.682
0.748
0.731
0.689
0.843
0.821
0.850
0.775
0.765
0.870
0.815
0.810
0.849
0.797
0.853
0.841
0.861
0.890
0.808
0.767
0.761
0.726
0.706
0.667
0.776
0.821
0.738
0.802
0.807
0.928
0.793
0.739
0.723
0.777
0.750
0.838
0.854
0.817
0.828
0.910
0.939
0.828
0.848
0.856
0.835
0.823
0.699
0.801
0.735
0.785
0.815
0.811
0.793
0.693
0.698
0.756
0.721
0.722
0.682
0.772
0.702
0.772
0.827
0.790
0.871
0.755
0.756
0.793
0.769
0.731
0.633
0.664
0.592
0.619
0.678
0.610
0.720
0.661
0.721
0.862
0.786
0.644
0.656
0.800
0.742
0.778
0.794
0.867
0.763
0.721
0.684
0.794
0.822
0.923
0.777
0.726
0.746
0.945
0.865
0.854
0.952
0.771
0.865
0.695
0.699
0.675
0.767
0.700
0.776
0.851
0.885
0.934
0.941
0.885
0.841
0.857
0.925
0.849
0.847
0.880
0.836
0.880
0.751
0.966
0.861
0.930
0.824
0.847
0.796
0.954
0.773
0.702
0.717
0.645
0.745
0.884
0.925
0.937
0.872
0.961
0.943
0.978
0.905
0.873
0.798
0.833
0.843
0.763
0.712
0.638
0.700
0.761
0.762
0.822
0.940
0.674
0.750
0.937
0.787
0.805
0.703
0.723
0.847
0.757
0.705
0.698
0.711
0.622
0.608
0.676
0.667
0.704
0.720
0.643
0.692
0.609
0.565
0.651
0.704
0.761
0.783
0.781
0.750
0.659
0.722
0.759
0.818
0.645
0.601
0.603
0.577
0.551
0.521
0.640
0.772
0.750
0.863
0.879
0.859
0.735
0.704
0.661
0.849
0.646
0.627
0.618
0.629
0.483
0.531
0.550
0.566
0.556
0.592
0.600
0.640
0.563
0.612
0.643
0.743
0.617
0.638
0.575
0.525
0.547
0.605
0.686
0.838
0.830
0.817
0.809
0.729
0.728
0.579
0.621
0.885
0.788
0.794
0.746
0.726
0.727
0.741
0.746
0.823
0.732
0.681
0.638
0.634
0.710
0.722
0.708
0.658
0.553
0.620
0.594
0.637
0.626
0.614
0.725
0.663
0.554
0.583
0.625
0.621
0.704
0.855
0.827
0.911
0.798
0.826
0.866
0.779
0.723
0.930
0.752
0.688
0.773
0.834
0.745
0.835
0.738
0.812
0.659
0.807
0.839
0.838
0.972
0.890
0.920
0.975
0.977
0.814
0.726
0.833
0.906
0.858
0.920
0.980
0.961
0.959
0.870
0.923
0.899
0.941
0.911
0.857
0.938
0.800
0.861
0.802
0.847
0.791
0.867
0.936
0.752
0.806
0.965
0.940
0.876
0.950
0.927
0.960
0.868
0.915
0.878
0.848
0.907
0.922
0.972
0.895
0.906
0.841
0.797
0.754
0.766
0.748
0.751
0.743
0.720
0.796
0.799
0.971
0.793
0.790
0.815
0.775
0.859
0.890
0.894
0.903
0.841
0.784
0.714
0.726
0.837
0.799
0.927
0.897
0.853
0.890
0.890
0.921
0.750
0.729
0.838
0.691
0.593
0.691
0.693
0.718
0.881
0.973
0.892
0.869
0.812
0.822
0.846
0.777
0.783
0.735
0.780
0.866
0.790
0.847
0.800
0.682
0.623
0.660
0.666
0.744
0.738
0.774
0.846
0.875
0.849
0.884
0.871
0.890
0.856
0.875
0.926
0.924
0.866
0.732
0.843
0.854
0.833
0.736
0.751
0.805
0.761
0.667
0.626
0.619
0.661
0.701
0.686
0.637
0.483
0.516
0.592
0.761
0.737
0.637
0.947
0.708
0.739
0.790
0.863
0.830
0.831
0.878
0.840
0.898
0.828
0.860
0.874
0.820
0.736
0.795
0.692
0.738
0.913
0.936
0.810
0.882
0.840
0.879
0.946
0.871
0.868
0.834
0.920
0.725
0.767
0.860
0.823
0.741
0.937
0.859
0.977
0.900
0.890
0.908
0.913
0.941
0.802
0.875
0.967
0.934
0.937
0.837
0.737
0.859
0.876
0.811
0.793
0.810
0.718
0.760
0.637
0.814
0.895
0.902
0.880
0.917
0.939
0.837
0.683
0.792
0.911
0.908
0.907
0.869
0.851
0.870
0.845
0.848
0.876
0.723
0.677
0.619
0.718
0.806
0.836
0.901
0.922
0.770
0.756
0.645
0.632
0.698
0.655
0.717
0.746
0.806
0.671
0.722
0.725
0.723
0.896
0.794
0.786
0.875
0.954
0.862
0.750
0.903
0.858
0.758
0.699
0.650
0.712
0.700
0.592
0.615
0.570
0.562
0.621
0.615
0.618
0.656
0.529
0.679
0.660
0.572
0.459
0.477
0.480
0.439
0.466
0.513
0.531
0.581
0.534
0.573
0.581
0.647
0.608
0.561
0.572
0.597
0.668
0.608
0.621
0.617
0.494
0.525
0.590
0.669
0.627
0.705
0.709
0.760
0.951
0.883
0.796
0.704
0.690
0.568
0.602
0.584
0.500
0.587
0.549
0.634
0.682
0.728
0.710
0.711
0.560
0.501
0.621
0.693
0.756
0.650
0.769
0.676
0.703
0.695
0.632
0.639
0.612
0.844
0.799
0.945
0.760
0.718
0.645
0.782
0.704
0.707
0.790
0.797
0.733
0.555
0.726
0.808
0.715
0.735
0.689
0.766
0.770
0.774
0.828
0.782
0.843
0.805
0.905
0.790
0.788
0.760
0.746
0.758
0.597
0.678
0.564
0.607
0.597
0.699
0.697
0.818
0.794
0.830
0.828
0.616
0.728
0.713
0.787
0.760
0.779
0.937
0.850
0.875
0.938
0.887
0.905
0.891
0.955
0.968
0.929
0.816
0.885
0.861
0.861
0.913
0.814
0.850
0.829
0.822
0.977
0.807
0.768
0.740
0.750
0.812
0.883
0.835
0.973
0.843
0.808
0.878
0.954
0.889
0.920
0.983
0.933
0.868
0.871
0.957
0.775
0.977
0.779
0.881
0.898
0.935
0.842
0.899
0.882
0.907
0.852
0.855
0.875
0.897
0.816
0.823
0.784
0.862
0.871
0.828
0.911
0.807
0.823
0.961
0.832
0.782
0.837
0.712
0.749
0.784
0.963
0.826
0.822
0.867
0.865
0.871
0.927
0.917
0.799
0.725
0.756
0.808
0.746
0.719
0.608
0.691
0.675
0.691
0.830
0.745
0.828
0.782
0.840
0.790
0.716
0.781
0.810
0.745
0.819
0.905
0.769
0.713
0.781
0.712
0.764
0.742
0.765
0.956
0.848
0.757
0.784
0.806
0.809
0.718
0.674
0.719
0.640
0.649
0.681
0.710
0.714
0.775
0.758
0.733
0.665
0.728
0.663
0.667
0.714
0.814
0.696
0.790
0.682
0.548
0.635
0.616
0.551
0.618
0.608
0.592
0.579
0.675
0.652
0.642
0.830
0.870
0.852
0.880
0.833
0.788
0.814
0.795
0.722
0.763
0.773
0.845
0.785
0.868
0.804
0.835
0.847
0.922
0.888
0.925
0.851
0.825
0.868
0.900
0.839
0.837
0.900
0.919
0.774
0.874
0.951
0.911
0.926
0.903
0.790
0.906
0.920
0.883
0.752
0.830
0.819
0.849
0.743
0.855
0.797
0.857
0.945
0.942
0.918
0.869
0.817
0.914
0.825
0.961
0.898
0.817
0.895
0.936
0.786
0.839
0.867
0.962
0.775
0.837
0.974
0.856
0.909
0.860
0.718
0.668
0.722
0.715
0.778
0.697
0.859
0.887
0.826
0.761
0.876
0.953
0.771
0.850
0.910
0.973
0.868
0.808
0.873
0.887
0.799
0.881
0.881
0.849
0.763
0.845
0.765
0.754
0.735
0.694
0.714
0.629
0.692
0.646
0.680
0.660
0.806
0.704
0.736
0.697
0.562
0.646
0.733
0.778
0.778
0.706
0.683
0.668
0.553
0.579
0.589
0.513
0.525
0.513
0.522
0.570
0.601
0.607
0.837
0.815
0.717
0.590
0.652
0.764
0.762
0.823
0.829
0.783
0.786
0.718
0.844
0.864
0.815
0.839
0.703
0.820
0.752
0.628
0.670
0.494
0.474
0.563
0.620
0.615
0.624
0.689
0.751
0.736
0.717
0.826
0.807
0.783
0.683
0.760
0.754
0.734
0.844
0.774
0.787
0.778
0.791
0.843
0.734
0.669
0.765
0.873
0.974
0.965
0.818
0.723
0.776
0.869
0.758
0.779
0.733
0.711
0.836
0.815
0.704
0.709
0.792
0.753
0.727
0.694
0.679
0.694
0.784
0.939
0.879
0.769
0.720
0.774
0.821
0.739
0.795
0.885
0.885
0.795
0.810
0.795
0.648
0.676
0.679
0.732
0.738
0.785
0.846
0.827
0.963
0.901
0.808
0.972
0.865
0.827
0.956
0.918
0.846
0.951
0.686
0.871
0.893
0.888
0.972
0.902
0.897
0.877
0.948
0.911
0.815
0.958
0.986
0.949
0.965
0.942
0.977
0.893
0.894
0.898
0.823
0.954
0.847
0.957
0.909
0.908
0.875
0.886
0.835
0.922
0.849
0.863
0.875
0.760
0.680
0.729
0.799
0.927
0.978
0.840
0.862
0.778
0.806
0.874
0.863
0.722
0.715
0.727
0.703
0.938
0.919
0.772
0.751
0.811
0.722
0.808
0.924
0.804
0.798
0.858
0.881
0.974
0.814
0.864
0.844
0.764
0.868
0.814
0.880
0.891
0.882
0.860
0.862
0.778
0.800
0.776
0.729
0.629
0.537
0.627
0.670
0.716
0.776
0.737
0.769
0.822
0.749
0.737
0.827
0.698
0.856
0.795
0.796
0.816
0.776
0.642
0.819
0.744
0.730
0.750
0.723
0.826
0.727
0.686
0.592
0.501
0.553
0.499
0.638
0.637
0.622
0.584
0.565
0.777
0.840
0.779
0.863
0.828
0.722
0.745
0.784
0.817
0.895
0.834
0.837
0.922
0.813
0.906
0.830
0.804
0.740
0.705
0.782
0.676
0.707
0.790
0.662
0.684
0.695
0.758
0.816
0.907
0.812
0.652
0.661
0.686
0.776
0.833
0.676
0.766
0.967
0.794
0.738
0.720
0.806
0.749
0.783
0.786
0.797
0.779
0.777
0.835
0.765
0.785
0.817
0.952
0.970
0.930
0.972
0.862
0.946
0.823
0.909
0.808
0.829
0.872
0.740
0.929
0.816
0.888
0.894
0.798
0.853
0.768
0.669
0.669
0.735
0.865
0.836
0.774
0.881
0.912
0.928
0.878
0.916
0.865
0.909
0.872
0.939
0.894
0.966
0.902
0.761
0.754
0.729
0.782
0.840
0.785
0.833
0.806
0.763
0.729
0.808
0.899
0.829
0.894
0.863
0.852
0.954
0.817
0.840
0.966
0.926
0.946
0.836
0.910
0.910
0.810
0.784
0.774
0.813
0.674
0.671
0.666
0.713
0.744
0.737
0.842
0.818
0.741
0.748
0.737
0.758
0.761
0.742
0.725
0.823
0.823
0.838
0.802
0.971
0.866
0.863
0.876
0.751
0.712
0.597
0.570
0.642
0.635
0.713
0.673
0.730
0.771
0.858
0.748
0.785
0.761
0.751
0.732
0.735
0.868
0.791
0.700
0.720
0.862
0.834
0.694
0.635
0.737
0.701
0.659
0.653
0.546
0.678
0.690
0.714
0.727
0.836
0.845
0.854
0.841
0.697
0.698
0.779
0.739
0.594
0.703
0.725
0.762
0.872
0.890
0.750
0.846
0.877
0.812
0.892
0.802
0.847
0.873
0.878
0.919
0.857
0.907
0.799
0.718
0.832
0.972
0.733
0.896
0.796
0.825
0.871
0.969
0.845
0.769
0.802
0.799
0.819
0.862
0.690
0.724
0.694
0.688
0.739
0.859
0.906
0.863
0.832
0.824
0.772
0.844
0.874
0.873
0.813
0.721
0.907
0.741
0.828
0.835
0.839
0.863
0.854
0.801
0.898
0.843
0.884
0.958
0.794
0.836
0.978
0.901
0.976
0.982
0.917
0.924
0.958
0.805
0.833
0.844
0.826
0.869
0.883
0.843
0.824
0.868
0.752
0.872
0.932
0.929
0.746
0.866
0.926
0.964
0.909
0.963
0.932
0.866
0.834
0.883
0.766
0.794
0.803
0.828
0.927
0.976
0.976
0.929
0.848
0.970
0.924
0.976
0.944
0.904
0.843
0.951
0.977
0.982
0.943
0.981
0.966
0.938
0.865
0.954
0.817
0.957
0.811
0.857
0.833
0.876
0.809
0.798
0.872
0.853
0.817
0.780
0.801
0.700
0.685
0.634
0.834
0.895
0.877
0.962
0.866
0.835
0.756
0.780
0.752
0.729
0.740
0.881
0.883
0.885
0.920
0.709
0.795
0.800
0.784
0.862
0.860
0.959
0.866
0.894
0.839
0.874
0.881
0.890
0.890
0.980
0.895
0.874
0.887
0.897
0.892
0.918
0.875
0.871
0.795
0.742
0.802
0.780
0.902
0.976
0.857
0.876
0.865
0.827
0.836
0.826
0.826
0.850
0.937
0.845
0.822
0.888
0.884
0.920
0.799
0.870
0.877
0.769
0.827
0.832
0.852
0.897
0.848
0.951
0.840
0.858
0.800
0.800
0.831
0.935
0.903
0.819
0.856
0.827
0.824
0.839
0.777
0.809
0.753
0.945
0.889
0.754
0.726
0.801
0.919
0.927
0.806
0.942
0.849
0.869
0.967
0.888
0.847
0.929
0.835
0.880
0.880
0.833
0.919
0.876
0.848
0.796
0.843
0.732
0.746
0.750
0.865
0.899
0.899
0.911
0.826
0.803
0.898
0.862
0.748
0.807
0.870
0.834
0.847
0.901
0.853
0.876
0.895
0.856
0.819
0.768
0.798
0.878
0.933
0.803
0.954
0.927
0.939
0.928
0.951
0.806
0.867
0.745
0.697
0.665
0.692
0.862
0.916
0.878
0.904
0.837
0.825
0.789
0.869
0.748
0.806
0.767
0.865
0.746
0.808
0.827
0.902
0.872
0.971
0.821
0.763
0.626
0.739
0.775
0.851
0.847
0.843
0.690
0.661
0.822
0.731
0.672
0.872
0.954
0.773
0.845
0.746
0.743
0.834
0.804
0.815
0.946
0.916
0.814
0.887
0.641
0.681
0.714
0.813
0.863
0.810
0.800
0.846
0.795
0.862
0.823
0.672
0.821
0.768
0.739
0.821
0.713
0.681
0.664
0.635
0.735
0.716
0.648
0.592
0.799
0.752
0.931
0.842
0.738
0.743
0.774
0.730
0.658
0.653
0.660
0.730
0.627
0.674
0.640
0.640
0.669
0.901
0.845
0.829
0.600
0.719
0.770
0.770
0.672
0.779
0.827
0.741
0.824
0.833
0.857
0.885
0.941
0.862
0.914
0.836
0.833
0.795
0.824
0.753
0.777
0.900
0.853
0.805
0.739
0.805
0.761
0.749
0.660
0.762
0.750
0.826
0.792
0.746
0.834
0.908
0.804
0.915
0.888
0.917
0.802
0.819
0.839
0.774
0.817
0.756
0.740
0.769
0.755
0.763
0.832
0.792
0.713
0.664
0.754
0.825
0.872
0.752
0.795
0.829
0.819
0.674
0.832
0.864
0.758
0.883
0.913
0.957
0.863
0.796
0.940
0.957
0.846
0.941
0.825
0.887
0.898
0.914
0.778
0.841
0.848
0.908
0.978
0.939
0.956
0.941
0.959
0.876
0.953
0.977
0.942
0.903
0.832
0.905
0.927
0.967
0.838
0.888
0.900
0.862
0.943
0.838
0.795
0.814
0.824
0.823
0.809
0.903
0.902
0.876
0.834
0.849
0.928
0.810
0.837
0.800
0.810
0.778
0.793
0.782
0.777
0.813
0.828
0.840
0.820
0.746
0.823
0.689
0.738
0.813
0.824
0.931
0.968
0.924
0.897
0.889
0.942
0.854
0.803
0.883
0.871
0.794
0.789
0.783
0.724
0.726
0.757
0.765
0.762
0.761
0.772
0.751
0.748
0.732
0.778
0.726
0.712
0.708
0.657
0.756
0.761
0.719
0.757
0.760
0.697
0.598
0.727
0.836
0.753
0.813
0.921
0.804
0.766
0.762
0.727
0.681
0.698
0.631
0.671
0.655
0.793
0.847
0.812
0.820
0.667
0.766
0.779
0.729
0.780
0.794
0.719
0.759
0.804
0.758
0.729
0.716
0.821
0.783
0.721
0.847
0.949
0.840
0.843
0.816
0.668
0.754
0.972
0.837
0.890
0.919
0.866
0.945
0.881
0.845
0.827
0.847
0.884
0.903
0.761
0.793
0.880
0.980
0.861
0.793
0.843
0.894
0.742
0.729
0.769
0.730
0.683
0.746
0.791
0.948
0.881
0.921
0.828
0.961
0.882
0.896
0.957
0.921
0.764
0.866
0.937
0.696
0.945
0.888
0.975
0.975
0.851
0.823
0.794
0.880
0.767
0.806
0.757
0.737
0.732
0.874
0.923
0.931
0.908
0.911
0.866
0.889
0.977
0.952
0.955
0.889
0.857
0.904
0.834
0.867
0.865
0.817
0.847
0.725
0.778
0.784
0.765
0.810
0.835
0.831
0.844
0.936
0.906
0.980
0.925
0.979
0.978
0.938
0.951
0.919
0.850
0.863
0.902
0.955
0.864
0.882
0.717
0.633
0.750
0.784
0.875
0.771
0.760
0.664
0.809
0.739
0.791
0.910
0.869
0.861
0.919
0.980
0.891
0.849
0.777
0.807
0.885
0.729
0.782
0.786
0.672
0.661
0.774
0.898
0.720
0.860
0.846
0.847
0.928
0.957
0.734
0.681
0.944
0.799
0.771
0.902
0.912
0.983
0.888
0.839
0.724
0.819
0.813
0.753
0.845
0.722
0.776
0.915
0.892
0.842
0.867
0.913
0.964
0.890
0.905
0.875
0.823
0.688
0.712
0.779
0.734
0.763
0.772
0.718
0.752
0.809
0.822
0.687
0.774
0.791
0.905
0.881
0.952
0.784
0.813
0.744
0.907
0.847
0.980
0.913
0.850
0.867
0.799
0.842
0.952
0.951
0.868
0.924
0.927
0.846
0.907
0.923
0.841
0.830
0.868
0.883
0.939
0.914
0.901
0.836
0.897
0.840
0.984
0.931
0.849
0.923
0.957
0.932
0.960
0.906
0.969
0.980
0.808
0.976
0.866
0.919
0.978
0.985
0.968
0.976
0.953
0.804
0.897
0.787
0.764
0.738
0.777
0.907
0.881
0.961
0.929
0.966
0.918
0.940
0.816
0.866
0.900
0.941
0.852
0.866
0.934
0.917
0.920
0.950
0.882
0.902
0.941
0.981
0.977
0.968
0.908
0.892
0.932
0.888
0.864
0.761
0.928
0.965
0.974
0.976
0.975
0.903
0.831
0.907
0.891
0.874
0.936
0.977
0.972
0.934
0.939
0.912
0.912
0.957
0.887
0.967
0.971
0.976
0.979
0.829
0.837
0.920
0.912
0.918
0.935
0.854
0.916
0.975
0.914
0.969
0.928
0.886
0.789
0.972
0.825
0.756
0.883
0.843
0.894
0.914
0.922
0.913
0.840
0.883
0.864
0.774
0.906
0.937
0.943
0.981
0.925
0.961
0.988
0.974
0.976
0.942
0.927
0.966
0.900
0.948
0.941
0.967
0.965
0.967
0.965
0.941
0.924
0.889
0.886
0.944
0.830
0.933
0.970
0.943
0.940
0.939
0.971
0.953
0.899
0.840
0.896
0.935
0.910
0.971
0.982
0.957
0.974
0.956
0.974
0.980
0.968
0.981
0.985
0.985
0.974
0.903
0.890
0.915
0.904
0.980
0.973
0.907
0.945
0.972
0.980
0.983
0.981
0.979
0.962
0.952
0.967
0.959
0.972
0.961
0.981
0.947
0.924
0.958
0.937
0.981
0.922
0.954
0.976
0.973
0.982
0.983
0.987
0.984
0.972
0.982
0.974
0.971
0.961
0.976
0.967
0.977
0.985
0.961
0.969
0.958
0.981
0.976
0.977
0.978
0.984
0.984
0.964
0.987
0.986
0.979
0.982
0.983
0.978
0.987
0.987
0.987
0.984
0.923
0.984
0.973
0.985
0.984
0.986
0.980
0.984
0.981
0.966
0.974
0.948
0.962
0.977
0.929
0.942
0.927
0.972
0.980
0.964
0.984
0.978
0.986
0.970
0.982
0.969
0.987
0.986
0.895
0.954
0.985
0.984
0.964
0.985
0.965
0.908
0.941
0.979
0.930
0.969
0.985
0.984
0.985
0.986
0.974
0.978
0.978
0.975
0.935
0.933
0.844
0.836
0.895
0.867
0.913
0.911
0.983
0.974
0.986
0.983
0.958
0.965
0.971
0.984
0.983
0.977
0.928
0.904
0.971
0.986
0.986
0.984
0.949
0.914
0.952
0.911
0.953
0.807
0.769
0.894
0.866
0.910
0.986
0.983
0.987
0.952
0.976
0.964
0.913
0.860
0.863
0.894
0.919
0.879
0.840
0.923
0.962
0.947
0.969
0.959
0.972
0.953
0.972
0.981
0.970
0.961
0.874
0.835
0.790
0.862
0.873
0.921
0.981
0.946
0.959
0.977
0.941
0.953
0.956
0.983
0.986
0.987
0.978
0.987
0.983
0.946
0.888
0.938
0.945
0.906
0.896
0.872
0.769
0.811
0.981
0.931
0.833
0.896
0.973
0.986
0.962
0.961
0.965
0.942
0.861
0.858
0.945
0.976
0.985
0.985
0.984
0.983
0.912
0.959
0.950
0.980
0.959
0.952
0.897
0.914
0.951
0.927
0.983
0.983
0.983
0.984
0.974
0.985
0.984
0.983
0.986
0.984
0.984
0.986
0.986
0.983
0.981
0.964
0.985
0.978
0.963
0.877
0.912
0.870
0.980
0.923
0.934
0.984
0.974
0.985
0.986
0.986
0.976
0.964
0.945
0.983
0.980
0.973
0.981
0.971
0.984
0.984
0.983
0.984
0.986
0.985
0.965
0.980
0.985
0.948
0.962
0.986
0.981
0.982
0.975
0.987
0.987
0.984
0.983
0.985
0.981
0.984
0.973
0.986
0.977
0.970
0.968
0.986
0.985
0.987
0.982
0.980
0.985
0.988
0.984
0.987
0.988
0.982
0.986
0.986
0.979
0.984
0.983
0.958
0.926
0.967
0.970
0.944
0.959
0.906
0.967
0.964
0.962
0.941
0.949
0.937
0.985
0.953
0.982
0.919
0.984
0.860
0.921
0.937
0.882
0.947
0.925
0.981
0.971
0.947
0.970
0.981
0.965
0.939
0.949
0.987
0.931
0.942
0.936
0.939
0.985
0.940
0.977
0.979
0.927
0.956
0.958
0.964
0.986
0.966
0.969
0.949
0.986
0.982
0.983
0.942
0.939
0.937
0.831
0.819
0.881
0.913
0.958
0.876
0.866
0.850
0.875
0.912
0.896
0.951
0.971
0.909
0.944
0.968
0.948
0.919
0.938
0.963
0.976
0.962
0.963
0.954
0.960
0.940
0.924
0.952
0.966
0.960
0.960
0.962
0.972
0.959
0.981
0.980
0.980
0.966
0.940
0.953
0.978
0.968
0.909
0.959
0.962
0.955
0.914
0.977
0.945
0.967
0.949
0.984
0.971
0.983
0.986
0.987
0.963
0.987
0.984
0.976
0.981
0.956
0.983
0.984
0.985
0.982
0.982
0.986
0.987
0.984
0.983
0.934
0.960
0.980
0.985
0.974
0.958
0.979
0.984
0.977
0.970
0.986
0.984
0.985
0.975
0.978
0.979
0.974
0.985
0.964
0.982
0.966
0.945
0.969
0.906
0.957
0.982
0.965
0.945
0.958
0.969
0.981
0.945
0.834
0.835
0.869
0.913
0.889
0.909
0.953
0.899
0.930
0.947
0.929
0.894
0.850
0.856
0.858
0.919
0.972
0.973
0.986
0.933
0.961
0.979
0.947
0.927
0.961
0.933
0.816
0.775
0.863
0.980
0.940
0.903
0.903
0.939
0.967
0.952
0.828
0.943
0.944
0.963
0.969
0.908
0.842
0.847
0.857
0.948
0.981
0.981
0.968
0.925
0.869
0.882
0.894
0.913
0.923
0.938
0.865
0.875
0.884
0.764
0.847
0.884
0.883
0.932
0.966
0.865
0.829
0.925
0.920
0.945
0.925
0.977
0.946
0.961
0.947
0.799
0.915
0.978
0.956
0.974
0.892
0.935
0.981
0.972
0.926
0.942
0.984
0.970
0.983
0.979
0.978
0.881
0.906
0.831
0.817
0.822
0.892
0.907
0.906
0.937
0.967
0.959
0.900
0.873
0.866
0.813
0.898
0.967
0.924
0.925
0.801
0.901
0.890
0.933
0.984
0.920
0.956
0.962
0.961
0.956
0.974
0.978
0.940
0.941
0.969
0.965
0.900
0.895
0.953
0.926
0.965
0.981
0.987
0.985
0.960
0.956
0.980
0.948
0.978
0.986
0.982
0.975
0.986
0.985
0.976
0.987
0.987
0.984
0.967
0.939
0.962
0.932
0.924
0.950
0.934
0.960
0.985
0.986
0.973
0.944
0.979
0.974
0.969
0.976
0.984
0.965
0.971
0.979
0.961
0.981
0.984
0.955
0.986
0.986
0.984
0.987
0.974
0.966
0.982
0.982
0.982
0.970
0.981
0.981
0.983
0.980
0.980
0.985
0.974
0.943
0.932
0.911
0.988
0.945
0.889
0.968
0.868
0.930
0.979
0.978
0.959
0.983
0.986
0.924
0.911
0.987
0.984
0.980
0.981
0.985
0.973
0.966
0.969
0.978
0.974
0.961
0.892
0.927
0.864
0.933
0.881
0.886
0.884
0.858
0.835
0.811
0.754
0.755
0.795
0.819
0.900
0.952
0.938
0.943
0.939
0.944
0.933
0.933
0.926
0.913
0.968
0.979
0.969
0.968
0.947
0.953
0.935
0.943
0.949
0.952
0.959
0.982
0.977
0.961
0.979
0.987
0.969
0.961
0.967
0.972
0.961
0.934
0.926
0.956
0.936
0.956
0.974
0.963
0.958
0.971
0.962
0.976
0.964
0.967
0.969
0.961
0.978
0.976
0.980
0.959
0.969
0.954
0.965
0.984
0.940
0.960
0.961
0.972
0.961
0.980
0.978
0.982
0.975
0.954
0.981
0.980
0.984
0.974
0.987
0.975
0.968
0.957
0.972
0.965
0.963
0.966
0.974
0.961
0.948
0.934
0.962
0.974
0.964
0.977
0.976
0.958
0.980
0.948
0.971
0.968
0.980
0.964
0.976
0.985
0.968
0.970
0.982
0.969
0.984
0.986
0.985
0.978
0.972
0.974
0.977
0.964
0.977
0.970
0.977
0.980
0.984
0.982
0.954
0.986
0.985
0.919
0.965
0.958
0.979
0.961
0.974
0.984
0.964
0.972
0.985
0.983
0.954
0.954
0.973
0.976
0.984
0.984
0.981
0.960
0.956
0.981
0.975
0.985
0.931
0.975
0.983
0.985
0.918
0.921
0.899
0.946
0.938
0.868
0.891
0.903
0.966
0.985
0.912
0.960
0.947
0.895
0.927
0.880
0.907
0.912
0.898
0.947
0.910
0.937
0.974
0.901
0.960
0.982
0.986
0.981
0.986
0.934
0.976
0.937
0.976
0.917
0.903
0.950
0.892
0.950
0.962
0.950
0.944
0.919
0.880
0.902
0.894
0.912
0.942
0.956
0.916
0.926
0.929
0.772
0.786
0.930
0.881
0.816
0.780
0.875
0.904
0.906
0.889
0.903
0.906
0.902
0.930
0.971
0.986
0.986
0.981
0.984
0.950
0.974
0.977
0.936
0.944
0.940
0.981
0.962
0.976
0.947
0.931
0.942
0.972
0.969
0.967
0.955
0.908
0.945
0.976
0.911
0.912
0.970
0.969
0.986
0.906
0.939
0.980
0.930
0.961
0.956
0.967
0.971
0.985
0.975
0.946
0.902
0.938
0.972
0.921
0.924
0.927
0.909
0.907
0.927
0.897
0.953
0.953
0.983
0.987
0.979
0.979
0.908
0.948
0.983
0.878
0.887
0.907
0.949
0.899
0.949
0.978
0.978
0.951
0.977
0.987
0.987
0.977
0.977
0.943
0.968
0.972
0.984
0.977
0.981
0.901
0.951
0.948
0.957
0.985
0.986
0.969
0.984
0.870
0.963
0.988
0.965
0.987
0.986
0.944
0.979
0.977
0.966
0.978
0.969
0.951
0.982
0.975
0.962
0.980
0.976
0.983
0.937
0.981
0.988
0.980
0.980
0.983
0.980
0.981
0.950
0.985
0.975
0.984
0.987
0.974
0.983
0.941
0.981
0.987
0.979
0.986
0.958
0.945
0.979
0.951
0.981
0.978
0.986
0.984
0.981
0.891
0.896
0.908
0.975
0.976
0.918
0.920
0.940
0.907
0.882
0.900
0.957
0.968
0.949
0.961
0.937
0.955
0.983
0.976
0.942
0.935
0.949
0.962
0.976
0.931
0.911
0.946
0.925
0.959
0.952
0.970
0.968
0.967
0.986
0.972
0.979
0.931
0.914
0.922
0.955
0.938
0.963
0.923
0.914
0.965
0.977
0.919
0.958
0.909
0.975
0.945
0.969
0.960
0.973
0.959
0.953
0.976
0.983
0.926
0.947
0.956
0.980
0.984
0.967
0.956
0.967
0.958
0.971
0.963
0.982
0.983
0.895
0.938
0.939
0.925
0.979
0.978
0.986
0.985
0.984
0.964
0.976
0.975
0.980
0.963
0.954
0.945
0.968
0.977
0.965
0.936
0.968
0.977
0.950
0.980
0.975
0.973
0.948
0.926
0.919
0.900
0.927
0.873
0.898
0.966
0.948
0.960
0.921
0.966
0.945
0.977
0.967
0.959
0.959
0.958
0.942
0.975
0.982
0.967
0.973
0.970
0.967
0.953
0.975
0.983
0.977
0.968
0.979
0.981
0.971
0.982
0.984
0.981
0.986
0.986
0.982
0.944
0.982
0.982
0.985
0.986
0.964
0.984
0.977
0.944
0.959
0.983
0.965
0.985
0.976
0.922
0.970
0.987
0.972
0.953
0.840
0.796
0.935
0.921
0.937
0.980
0.986
0.973
0.955
0.970
0.961
0.958
0.933
0.900
0.962
0.957
0.970
0.913
0.866
0.827
0.945
0.908
0.880
0.832
0.884
0.912
0.838
0.854
0.876
0.859
0.820
0.933
0.986
0.904
0.954
0.929
0.886
0.895
0.905
0.960
0.968
0.937
0.977
0.906
0.949
0.878
0.860
0.860
0.868
0.877
0.914
0.811
0.874
0.888
0.816
0.873
0.805
0.888
0.902
0.861
0.888
0.850
0.877
0.963
0.926
0.860
0.830
0.891
0.854
