19790101
0.935
0.938
0.885
0.860
0.873
0.864
0.881
0.909
0.852
0.843
0.850
0.907
0.901
0.964
0.857
0.858
0.816
0.817
0.852
0.854
0.889
0.892
0.897
0.944
0.906
0.860
0.948
0.962
0.979
0.920
0.916
0.964
0.915
0.872
0.918
0.906
0.959
0.979
0.988
0.989
0.990
0.989
0.990
0.981
0.988
0.980
0.982
0.990
0.988
0.970
0.983
0.987
0.982
0.990
0.990
0.990
0.990
0.990
0.989
0.990
0.984
0.979
0.975
0.982
0.976
0.988
0.985
0.977
0.939
0.950
0.957
0.898
0.937
0.943
0.946
0.928
0.967
0.982
0.963
0.952
0.980
0.962
0.971
0.918
0.974
0.929
0.964
0.971
0.939
0.901
0.908
0.967
0.976
0.976
0.977
0.981
0.947
0.925
0.892
0.875
0.830
0.857
0.903
0.956
0.937
0.894
0.914
0.910
0.950
0.984
0.986
0.987
0.984
0.987
0.982
0.987
0.982
0.983
0.978
0.982
0.976
0.986
0.983
0.931
0.947
0.864
0.831
0.823
0.853
0.818
0.912
0.928
0.958
0.889
0.950
0.975
0.982
0.966
0.985
0.983
0.985
0.939
0.986
0.965
0.981
0.972
0.958
0.963
0.980
0.979
0.976
0.963
0.972
0.981
0.971
0.930
0.978
0.983
0.985
0.953
0.964
0.866
0.919
0.875
0.975
0.830
0.940
0.897
0.866
0.861
0.888
0.818
0.846
0.886
0.858
0.839
0.807
0.794
0.792
0.808
0.816
0.902
0.968
0.877
0.848
0.879
0.823
0.613
0.663
0.728
0.735
0.737
0.862
0.930
0.977
0.944
0.909
0.923
0.977
0.945
0.826
0.747
0.923
0.854
0.833
0.910
0.734
0.704
0.713
0.801
0.917
0.950
0.884
0.847
0.878
0.740
0.766
0.728
0.674
0.726
0.680
0.631
0.732
0.801
0.771
0.851
0.906
0.930
0.842
0.852
0.892
0.938
0.951
0.921
0.973
0.969
0.964
0.976
0.956
0.983
0.985
0.984
0.979
0.957
0.956
0.902
0.960
0.983
0.905
0.948
0.986
0.961
0.981
0.884
0.943
0.982
0.985
0.966
0.981
0.972
0.984
0.918
0.925
0.948
0.955
0.961
0.957
0.937
0.915
0.879
0.917
0.916
0.894
0.886
0.932
0.848
0.919
0.973
0.876
0.896
0.947
0.981
0.895
0.975
0.988
0.958
0.988
0.986
0.988
0.989
0.990
0.988
0.989
0.988
0.986
0.964
0.975
0.989
0.989
0.986
0.989
0.990
0.977
0.983
0.988
0.989
0.979
0.985
0.983
0.954
0.950
0.935
0.979
0.986
0.987
0.984
0.978
0.945
0.981
0.981
0.984
0.960
0.980
0.962
0.983
0.959
0.964
0.966
0.972
0.981
0.980
0.882
0.957
0.968
0.943
0.976
0.917
0.889
0.924
0.881
0.884
0.856
0.818
0.959
0.914
0.844
0.861
0.966
0.981
0.982
0.977
0.972
0.983
0.986
0.948
0.942
0.929
0.891
0.859
0.965
0.898
0.902
0.969
0.970
0.981
0.984
0.970
0.975
0.910
0.895
0.904
0.882
0.894
0.870
0.835
0.867
0.806
0.853
0.910
0.901
0.903
0.920
0.979
0.973
0.970
0.921
0.897
0.931
0.967
0.909
0.842
0.830
0.970
0.947
0.963
0.956
0.969
0.989
0.990
0.989
0.965
0.988
0.973
0.984
0.989
0.960
0.926
0.982
0.902
0.904
0.830
0.959
0.983
0.907
0.987
0.986
0.988
0.975
0.987
0.989
0.952
0.936
0.917
0.978
0.991
0.923
0.987
0.980
0.822
0.914
0.862
0.810
0.830
0.822
0.882
0.930
0.946
0.961
0.939
0.937
0.953
0.949
0.961
0.953
0.952
0.860
0.891
0.896
0.928
0.916
0.824
0.777
0.808
0.759
0.856
0.938
0.855
0.926
0.955
0.887
0.928
0.980
0.959
0.965
0.955
0.954
0.950
0.932
0.958
0.962
0.929
0.906
0.885
0.740
0.759
0.776
0.843
0.912
0.948
0.937
0.946
0.964
0.976
0.983
0.968
0.976
0.979
0.987
0.964
0.961
0.965
0.967
0.874
0.921
0.978
0.927
0.951
0.895
0.959
0.981
0.983
0.952
0.906
0.956
0.888
0.937
0.948
0.944
0.845
0.890
0.866
0.888
0.888
0.872
0.901
0.924
0.970
0.987
0.892
0.908
0.919
0.944
0.895
0.873
0.847
0.867
0.897
0.890
0.910
0.961
0.833
0.647
0.698
0.753
0.868
0.894
0.846
0.812
0.848
0.900
0.854
0.882
0.772
0.681
0.658
0.613
0.691
0.648
0.729
0.784
0.803
0.818
0.818
0.802
0.853
0.854
0.945
0.943
0.930
0.945
0.901
0.917
0.885
0.889
0.880
0.909
0.888
0.888
0.950
0.962
0.993
0.990
0.965
0.986
0.992
0.975
0.969
0.903
0.958
0.898
0.978
0.977
0.981
0.981
0.977
0.958
0.936
0.936
0.909
0.905
0.887
0.843
0.874
0.874
0.826
0.890
0.916
0.864
0.855
0.816
0.762
0.688
0.705
0.785
0.714
0.758
0.782
0.808
0.836
0.864
0.958
0.881
0.947
0.883
0.802
0.801
0.852
0.771
0.695
0.621
0.751
0.827
0.901
0.950
0.943
0.866
0.921
0.966
0.950
0.974
0.950
0.903
0.806
0.855
0.885
0.942
0.955
0.985
0.979
0.983
0.961
0.986
0.964
0.989
0.975
0.989
0.980
0.982
0.969
0.988
0.956
0.981
0.977
0.987
0.979
0.989
0.988
0.975
0.952
0.902
0.973
0.937
0.946
0.963
0.932
0.966
0.960
0.988
0.934
0.979
0.988
0.988
0.979
0.988
0.985
0.986
0.979
0.966
0.920
0.929
0.980
0.964
0.985
0.986
0.968
0.976
0.931
0.907
0.926
0.941
0.960
0.971
0.978
0.983
0.985
0.970
0.951
0.977
0.982
0.961
0.983
0.950
0.943
0.966
0.986
0.965
0.931
0.925
0.969
0.934
0.970
0.980
0.986
0.980
0.979
0.986
0.982
0.964
0.961
0.948
0.966
0.936
0.935
0.956
0.962
0.972
0.975
0.965
0.957
0.933
0.963
0.889
0.910
0.846
0.848
0.892
0.924
0.903
0.929
0.938
0.920
0.896
0.870
0.892
0.829
0.873
0.845
0.847
0.867
0.866
0.862
0.813
0.866
0.865
0.882
0.959
0.864
0.900
0.888
0.833
0.883
0.959
0.961
0.966
0.975
0.986
0.990
0.987
0.942
0.984
0.986
0.966
0.978
0.990
0.991
0.991
0.990
0.986
0.967
0.990
0.990
0.989
0.990
0.990
0.990
0.990
0.989
0.973
0.944
0.964
0.954
0.975
0.971
0.948
0.971
0.983
0.964
0.966
0.978
0.981
0.972
0.960
0.960
0.978
0.889
0.906
0.974
0.933
0.965
0.930
0.857
0.896
0.953
0.902
0.909
0.844
0.886
0.954
0.922
0.889
0.887
0.870
0.909
0.954
0.979
0.945
0.951
0.935
0.925
0.925
0.945
0.931
0.925
0.963
0.986
0.973
0.982
0.983
0.981
0.986
0.988
0.979
0.987
0.986
0.981
0.972
0.972
0.967
0.972
0.986
0.987
0.982
0.983
0.969
0.984
0.978
0.985
0.934
0.792
0.983
0.982
0.981
0.975
0.985
0.986
0.978
0.960
0.977
0.964
0.948
0.899
0.887
0.880
0.907
0.981
0.940
0.985
0.927
0.982
0.943
0.975
0.927
0.976
0.966
0.983
0.948
0.894
0.956
0.972
0.986
0.927
0.971
0.967
0.880
0.890
0.898
0.916
0.900
0.918
0.976
0.890
0.852
0.834
0.911
0.890
0.889
0.921
0.831
0.895
0.909
0.933
0.910
0.944
0.972
0.974
0.973
0.980
0.987
0.919
0.970
0.969
0.970
0.927
0.964
0.951
0.879
0.986
0.989
0.993
0.929
0.961
0.957
0.978
0.989
0.900
0.946
0.873
0.886
0.881
0.961
0.954
0.873
0.884
0.928
0.951
0.942
0.869
0.861
0.903
0.959
0.980
0.887
0.817
0.866
0.888
0.897
0.930
0.858
0.933
0.876
0.847
0.722
0.806
0.891
0.918
0.953
0.868
0.927
0.791
0.891
0.841
0.867
0.957
0.918
0.984
0.883
0.869
0.897
0.876
0.910
0.876
0.970
0.924
0.944
0.982
0.928
0.979
0.977
0.882
0.865
0.838
0.847
0.948
0.891
0.754
0.762
0.763
0.772
0.855
0.917
0.898
0.942
0.940
0.849
0.867
0.943
0.982
0.984
0.988
0.987
0.986
0.988
0.972
0.987
0.988
0.985
0.989
0.989
0.989
0.989
0.988
0.984
0.986
0.940
0.982
0.973
0.986
0.989
0.986
0.878
0.955
0.989
0.989
0.989
0.989
0.987
0.986
0.976
0.973
0.978
0.966
0.986
0.983
0.973
0.978
0.987
0.983
0.972
0.985
0.982
0.977
0.971
0.962
0.980
0.982
0.979
0.980
0.984
0.964
0.952
0.968
0.948
0.970
0.964
0.981
0.960
0.980
0.978
0.982
0.982
0.980
0.982
0.958
0.962
0.981
0.981
0.943
0.957
0.968
0.985
0.953
0.968
0.962
0.984
0.974
0.977
0.977
0.923
0.891
0.917
0.963
0.964
0.966
0.963
0.979
0.987
0.981
0.971
0.978
0.983
0.972
0.983
0.903
0.881
0.977
0.964
0.932
0.939
0.926
0.960
0.916
0.917
0.973
0.855
0.855
0.813
0.816
0.803
0.817
0.819
0.909
0.986
0.976
0.963
0.957
0.946
0.963
0.951
0.963
0.984
0.982
0.981
0.984
0.986
0.977
0.986
0.982
0.978
0.946
0.988
0.984
0.984
0.987
0.969
0.988
0.979
0.974
0.986
0.987
0.989
0.974
0.971
0.975
0.976
0.940
0.974
0.986
0.904
0.940
0.971
0.960
0.908
0.888
0.888
0.967
0.938
0.943
0.923
0.962
0.947
0.963
0.953
0.927
0.904
0.868
0.928
0.948
0.958
0.973
0.970
0.955
0.975
0.972
0.972
0.971
0.962
0.968
0.914
0.890
0.971
0.980
0.985
0.983
0.982
0.983
0.956
0.979
0.973
0.920
0.873
0.893
0.964
0.979
0.983
0.976
0.972
0.943
0.927
0.910
0.918
0.883
0.849
0.871
0.933
0.984
0.978
0.953
0.953
0.965
0.960
0.948
0.981
0.928
0.964
0.926
0.927
0.954
0.908
0.951
0.971
0.918
0.943
0.986
0.963
0.973
0.903
0.981
0.975
0.977
0.946
0.981
0.983
0.984
0.973
0.979
0.963
0.875
0.831
0.785
0.822
0.905
0.883
0.879
0.896
0.933
0.855
0.897
0.913
0.926
0.881
0.754
0.826
0.791
0.835
0.889
0.920
0.908
0.900
0.843
0.825
0.783
0.782
0.805
0.755
0.794
0.720
0.658
0.611
0.667
0.778
0.766
0.771
0.855
0.905
0.792
0.815
0.772
0.892
0.868
0.868
0.776
0.804
0.815
0.813
0.809
0.809
0.838
0.738
0.797
0.819
0.786
0.797
0.890
0.908
0.897
0.894
0.811
0.802
0.850
0.877
0.847
0.763
0.759
0.827
0.947
0.884
0.735
0.723
0.713
0.759
0.711
0.712
0.829
0.712
0.729
0.692
0.546
0.612
0.788
0.673
0.612
0.641
0.702
0.793
0.717
0.674
0.682
0.778
0.770
0.772
0.716
0.753
0.737
0.785
0.667
0.701
0.831
0.816
0.909
0.902
0.865
0.837
0.856
0.926
0.950
0.943
0.874
0.877
0.840
0.848
0.775
0.768
0.859
0.909
0.977
0.919
0.985
0.983
0.955
0.986
0.945
0.966
0.971
0.929
0.960
0.939
0.979
0.965
0.964
0.947
0.902
0.983
0.980
0.939
0.890
0.957
0.973
0.967
0.982
0.975
0.983
0.966
0.979
0.841
0.845
0.871
0.864
0.875
0.935
0.918
0.964
0.978
0.981
0.983
0.981
0.967
0.974
0.963
0.960
0.921
0.979
0.973
0.970
0.909
0.880
0.884
0.940
0.903
0.877
0.957
0.982
0.984
0.982
0.934
0.896
0.968
0.987
0.976
0.986
0.899
0.880
0.904
0.940
0.988
0.959
0.980
0.980
0.976
0.966
0.978
0.983
0.974
0.978
0.959
0.955
0.927
0.989
0.991
0.990
0.987
0.956
0.985
0.976
0.974
0.981
0.961
0.988
0.989
0.990
0.987
0.932
0.975
0.976
0.989
0.984
0.954
0.962
0.930
0.858
0.872
0.848
0.897
0.927
0.940
0.939
0.953
0.966
0.853
0.826
0.857
0.911
0.858
0.888
0.873
0.877
0.909
0.903
0.944
0.963
0.936
0.959
0.961
0.876
0.916
0.871
0.943
0.962
0.965
0.975
0.984
0.948
0.986
0.956
0.943
0.971
0.935
0.896
0.885
0.952
0.969
0.939
0.902
0.905
0.906
0.858
0.898
0.892
0.856
0.953
0.866
0.890
0.982
0.977
0.962
0.962
0.961
0.983
0.987
0.973
0.969
0.980
0.963
0.934
0.906
0.917
0.907
0.951
0.937
0.877
0.735
0.846
0.874
0.805
0.861
0.962
0.931
0.955
0.972
0.906
0.946
0.951
0.955
0.964
0.946
0.920
0.956
0.945
0.959
0.966
0.981
0.963
0.960
0.973
0.979
0.956
0.975
0.972
0.960
0.921
0.970
0.954
0.982
0.925
0.943
0.944
0.967
0.963
0.970
0.968
0.982
0.981
0.984
0.983
0.971
0.975
0.930
0.944
0.884
0.947
0.901
0.915
0.911
0.908
0.873
0.914
0.973
0.977
0.981
0.978
0.963
0.974
0.978
0.987
0.987
0.957
0.965
0.929
0.905
0.984
0.973
0.979
0.979
0.962
0.909
0.924
0.974
0.898
0.886
0.932
0.979
0.978
0.966
0.974
0.962
0.928
0.964
0.877
0.867
0.874
0.839
0.785
0.757
0.814
0.861
0.900
0.735
0.838
0.882
0.829
0.877
0.896
0.882
0.820
0.849
0.839
0.801
0.955
0.957
0.957
0.968
0.981
0.952
0.881
0.905
0.843
0.856
0.937
0.941
0.900
0.846
0.895
0.825
0.812
0.877
0.876
0.795
0.769
0.794
0.821
0.865
0.878
0.918
0.910
0.892
0.899
0.841
0.880
0.862
0.896
0.831
0.855
0.782
0.809
0.865
0.923
0.877
0.737
0.752
0.767
0.687
0.716
0.852
0.809
0.826
0.845
0.796
0.777
0.719
0.766
0.879
0.905
0.859
0.871
0.805
0.827
0.935
0.762
0.878
0.871
0.925
0.778
0.935
0.911
0.821
0.846
0.823
0.852
0.845
0.911
0.942
0.946
0.888
0.847
0.864
0.838
0.930
0.871
0.875
0.831
0.762
0.811
0.821
0.756
0.749
0.706
0.727
0.781
0.882
0.808
0.787
0.852
0.894
0.952
0.959
0.935
0.964
0.945
0.977
0.985
0.988
0.978
0.979
0.983
0.982
0.983
0.983
0.965
0.920
0.969
0.970
0.962
0.933
0.914
0.964
0.977
0.960
0.961
0.971
0.977
0.949
0.981
0.958
0.952
0.974
0.983
0.979
0.972
0.982
0.978
0.974
0.981
0.974
0.919
0.859
0.922
0.923
0.913
0.929
0.973
0.961
0.874
0.917
0.988
0.976
0.983
0.935
0.976
0.977
0.988
0.983
0.981
0.964
0.974
0.979
0.983
0.988
0.990
0.988
0.977
0.983
0.983
0.981
0.985
0.989
0.982
0.977
0.969
0.973
0.965
0.967
0.983
0.980
0.969
0.974
0.989
0.990
0.990
0.985
0.982
0.984
0.992
0.925
0.983
0.975
0.989
0.945
0.949
0.940
0.981
0.891
0.923
0.956
0.967
0.927
0.960
0.985
0.991
0.992
0.967
0.980
0.976
0.920
0.952
0.970
0.990
0.982
0.922
0.983
0.987
0.974
0.973
0.991
0.990
0.985
0.971
0.968
0.978
0.969
0.980
0.984
0.978
0.991
0.982
0.979
0.963
0.983
0.970
0.970
0.987
0.974
0.978
0.984
0.980
0.982
0.989
0.964
0.982
0.981
0.965
0.968
0.972
0.975
0.963
0.979
0.970
0.970
0.884
0.910
0.932
0.946
0.890
0.939
0.963
0.973
0.962
0.950
0.866
0.891
0.906
0.966
0.939
0.907
0.933
0.924
0.953
0.926
0.962
0.940
0.955
0.881
0.906
0.946
0.924
0.918
0.977
0.903
0.963
0.949
0.947
0.911
0.965
0.980
0.962
0.947
0.941
0.897
0.961
0.932
0.978
0.978
0.976
0.973
0.971
0.972
0.986
0.970
0.984
0.987
0.986
0.967
0.907
0.930
0.933
0.968
0.976
0.982
0.986
0.957
0.977
0.967
0.984
0.968
0.980
0.967
0.944
0.868
0.956
0.879
0.951
0.969
0.984
0.959
0.986
0.988
0.983
0.979
0.972
0.936
0.946
0.932
0.985
0.873
0.899
0.917
0.951
0.969
0.973
0.895
0.948
0.884
0.880
0.832
0.897
0.830
0.786
0.852
0.879
0.794
0.789
0.895
0.870
0.898
0.965
0.964
0.929
0.878
0.932
0.958
0.970
0.930
0.983
0.965
0.988
0.978
0.980
0.962
0.989
0.977
0.976
0.962
0.955
0.966
0.916
0.950
0.907
0.879
0.898
0.926
0.862
0.928
0.931
0.898
0.959
0.846
0.880
0.927
0.877
0.870
0.956
0.947
0.969
0.965
0.978
0.885
0.870
0.881
0.873
0.906
0.832
0.887
0.908
0.872
0.858
0.853
0.882
0.913
0.938
0.940
0.931
0.961
0.936
0.973
0.958
0.972
0.956
0.832
0.879
0.852
0.790
0.870
0.845
0.838
0.826
0.778
0.787
0.858
0.950
0.856
0.967
0.953
0.896
0.958
0.966
0.975
0.969
0.969
0.924
0.964
0.943
0.978
0.954
0.977
0.983
0.967
0.978
0.965
0.962
0.952
0.898
0.874
0.942
0.901
0.918
0.895
0.962
0.981
0.940
0.975
0.953
0.974
0.911
0.944
0.849
0.964
0.954
0.975
0.966
0.985
0.967
0.978
0.974
0.973
0.965
0.986
0.975
0.984
0.982
0.986
0.982
0.972
0.987
0.986
0.972
0.949
0.932
0.987
0.985
0.984
0.984
0.926
0.981
0.985
0.978
0.903
0.940
0.974
0.974
0.981
0.962
0.981
0.963
0.925
0.976
0.983
0.984
0.987
0.983
0.986
0.973
0.982
0.983
0.943
0.957
0.940
0.966
0.957
0.898
0.969
0.953
0.984
0.988
0.988
0.987
0.980
0.965
0.990
0.990
0.990
0.991
0.985
0.989
0.986
0.988
0.985
0.975
0.990
0.975
0.964
0.965
0.960
0.956
0.964
0.928
0.920
0.904
0.973
0.992
0.981
0.982
0.991
0.953
0.957
0.979
0.962
0.912
0.932
0.910
0.921
0.915
0.954
0.968
0.953
0.966
0.985
0.952
0.921
0.931
0.922
0.885
0.932
0.879
0.900
0.930
0.889
0.866
0.856
0.851
0.782
0.699
0.800
0.888
0.930
0.931
0.887
0.919
0.897
0.923
0.937
0.838
0.795
0.785
0.814
0.842
0.817
0.853
0.908
0.963
0.922
0.880
0.798
0.879
0.879
0.909
0.878
0.976
0.975
0.962
0.976
0.905
0.893
0.955
0.982
0.982
0.986
0.883
0.957
0.974
0.926
0.988
0.933
0.805
0.845
0.949
0.883
0.931
0.935
0.958
0.959
0.971
0.953
0.986
0.978
0.980
0.977
0.919
0.969
0.945
0.951
0.975
0.966
0.986
0.968
0.954
0.943
0.883
0.919
0.956
0.938
0.932
0.941
0.936
0.947
0.977
0.976
0.968
0.980
0.982
0.976
0.950
0.948
0.914
0.880
0.967
0.964
0.966
0.879
0.920
0.950
0.874
0.954
0.896
0.985
0.976
0.981
0.972
0.948
0.983
0.983
0.988
0.987
0.948
0.874
0.955
0.957
0.889
0.910
0.908
0.934
0.929
0.843
0.844
0.860
0.891
0.930
0.980
0.937
0.975
0.936
0.848
0.843
0.839
0.794
0.605
0.669
0.606
0.632
0.720
0.646
0.630
0.628
0.594
0.546
0.555
0.580
0.627
0.562
0.639
0.678
0.747
0.672
0.601
0.626
0.867
0.782
0.726
0.622
0.650
0.643
0.583
0.633
0.844
0.888
0.875
0.820
0.659
0.746
0.706
0.788
0.801
0.815
0.845
0.723
0.767
0.758
0.835
0.944
0.967
0.901
0.921
0.974
0.845
0.872
0.887
0.891
0.931
0.825
0.718
0.844
0.876
0.900
0.933
0.959
0.927
0.903
0.914
0.894
0.905
0.937
0.926
0.901
0.964
0.842
0.892
0.870
0.874
0.930
0.859
0.861
0.897
0.954
0.969
0.861
0.893
0.923
0.844
0.857
0.757
0.726
0.848
0.910
0.876
0.935
0.928
0.984
0.936
0.963
0.897
0.959
0.869
0.899
0.959
0.846
0.834
0.861
0.875
0.945
0.954
0.971
0.933
0.948
0.954
0.953
0.931
0.847
0.936
0.973
0.985
0.972
0.905
0.969
0.967
0.979
0.950
0.947
0.946
0.907
0.865
0.788
0.873
0.949
0.953
0.970
0.964
0.985
0.962
0.966
0.952
0.974
0.988
0.986
0.971
0.985
0.982
0.963
0.978
0.901
0.892
0.872
0.959
0.983
0.977
0.977
0.979
0.964
0.921
0.970
0.943
0.978
0.976
0.986
0.957
0.985
0.909
0.868
0.898
0.929
0.965
0.969
0.962
0.963
0.940
0.947
0.979
0.974
0.979
0.977
0.979
0.959
0.973
0.977
0.986
0.978
0.981
0.983
0.972
0.953
0.957
0.936
0.927
0.867
0.833
0.841
0.830
0.819
0.873
0.831
0.881
0.887
0.875
0.888
0.856
0.825
0.893
0.981
0.866
0.826
0.815
0.886
0.900
0.907
0.919
0.967
0.948
0.877
0.900
0.893
0.872
0.901
0.914
0.894
0.896
0.967
0.956
0.983
0.968
0.956
0.936
0.909
0.924
0.931
0.967
0.949
0.963
0.964
0.919
0.917
0.955
0.979
0.873
0.916
0.982
0.987
0.979
0.967
0.885
0.903
0.969
0.962
0.957
0.957
0.976
0.921
0.978
0.964
0.972
0.986
0.977
0.970
0.979
0.973
0.975
0.978
0.989
0.969
0.977
0.923
0.950
0.972
0.972
0.934
0.956
0.902
0.907
0.920
0.884
0.923
0.973
0.963
0.957
0.947
0.947
0.951
0.928
0.895
0.858
0.829
0.909
0.969
0.907
0.950
0.930
0.907
0.942
0.930
0.973
0.942
0.951
0.971
0.982
0.971
0.978
0.982
0.965
0.978
0.985
0.985
0.980
0.897
0.931
0.878
0.939
0.965
0.919
0.899
0.969
0.986
0.982
0.982
0.982
0.984
0.928
0.971
0.981
0.984
0.975
0.966
0.972
0.920
0.889
0.942
0.948
0.982
0.981
0.967
0.973
0.944
0.977
0.976
0.981
0.967
0.966
0.888
0.955
0.806
0.880
0.973
0.952
0.862
0.951
0.960
0.906
0.963
0.960
0.980
0.988
0.978
-99.000
0.986
0.982
0.961
0.948
0.984
0.954
0.917
0.892
0.946
0.941
0.852
0.880
0.832
0.846
0.903
0.886
0.844
0.839
0.821
0.737
0.701
0.782
0.831
0.847
0.756
0.783
0.746
0.756
0.846
0.838
0.810
0.711
0.702
0.814
0.870
0.801
0.813
0.732
0.676
0.662
0.756
0.707
0.688
0.618
0.649
0.696
0.737
0.779
0.752
0.715
0.816
0.764
0.684
0.669
0.604
0.558
0.521
0.534
0.636
0.687
0.683
0.636
0.637
0.744
0.785
0.851
0.767
0.635
0.559
0.602
0.575
0.632
0.667
0.762
0.827
0.897
0.886
0.922
0.831
0.872
0.839
0.820
0.815
0.902
0.933
0.954
0.930
0.776
0.712
0.739
0.835
0.832
0.865
0.892
0.917
0.798
0.873
0.788
0.692
0.715
0.743
0.647
0.701
0.705
0.800
0.926
0.807
0.770
0.720
0.855
0.796
0.859
0.856
0.809
0.904
0.971
0.943
0.928
0.967
0.897
0.963
0.958
0.908
0.939
0.882
0.970
0.950
0.883
0.851
0.980
0.964
0.982
0.983
0.972
0.982
0.965
0.984
0.986
0.982
0.982
0.986
0.965
0.972
0.973
0.918
0.974
0.966
0.961
0.925
0.969
0.946
0.978
0.932
0.983
0.942
0.969
0.969
0.966
0.939
0.909
0.876
0.894
0.983
0.976
0.980
0.959
0.965
0.952
0.956
0.970
0.967
0.948
0.931
0.976
0.985
0.984
0.982
0.983
0.962
0.987
0.947
0.940
0.962
0.985
0.954
0.964
0.899
0.947
0.919
0.954
0.969
0.980
0.889
0.847
0.831
0.850
0.879
0.983
0.945
0.882
0.866
0.867
0.799
0.873
0.789
0.836
0.902
-99.000
-99.000
-99.000
-99.000
-99.000
-99.000
-99.000
-99.000
0.952
0.882
0.927
0.914
0.954
0.988
0.989
0.888
0.926
0.887
0.923
0.916
0.912
0.915
0.867
0.858
0.860
0.889
0.920
0.942
0.960
0.986
0.978
0.937
0.925
0.916
0.919
0.865
0.874
0.895
0.916
0.906
0.836
0.794
0.835
0.850
0.893
0.848
0.973
0.926
0.938
0.937
0.908
0.988
0.938
0.924
0.925
0.930
0.922
0.927
0.895
0.830
0.877
0.838
0.821
0.826
0.798
0.783
0.780
0.836
0.851
0.884
0.985
0.914
0.874
0.916
0.936
0.941
0.967
0.977
0.914
0.965
0.977
0.945
0.942
0.875
0.894
0.898
0.908
0.953
0.951
0.919
0.945
0.915
0.876
0.967
0.962
0.890
0.967
0.955
0.972
0.972
0.980
0.967
0.940
0.962
0.978
0.910
0.942
0.962
0.915
0.870
0.862
0.935
0.942
0.934
0.928
0.906
0.919
0.896
0.924
0.934
0.939
0.921
0.926
0.963
0.977
0.962
0.984
0.907
0.974
0.976
0.978
0.985
0.970
0.975
0.980
0.974
0.910
0.939
0.900
0.898
0.859
0.862
0.892
0.963
0.971
0.878
0.889
0.971
0.976
0.968
0.982
0.983
0.978
0.938
0.948
0.881
0.774
0.764
0.827
0.833
0.855
0.879
0.961
0.976
0.985
0.932
0.823
0.763
0.751
0.805
0.896
0.885
0.857
0.894
0.784
0.758
0.845
0.779
0.887
0.817
0.850
0.859
0.817
0.843
0.734
0.740
0.711
0.771
0.836
0.862
0.868
0.840
0.930
0.752
0.725
0.784
0.817
0.847
0.839
0.831
0.842
0.855
0.836
0.886
0.860
0.981
0.963
0.861
0.802
0.747
0.820
0.860
0.797
0.896
0.940
0.953
0.986
0.882
0.910
0.851
0.944
0.968
0.955
0.924
0.944
0.904
0.904
0.827
0.832
0.866
0.925
0.910
0.936
0.763
0.837
0.791
0.915
0.841
0.762
0.718
0.782
0.756
0.772
0.739
0.833
0.755
0.757
0.862
0.920
0.909
0.845
0.861
0.900
0.960
0.959
0.981
0.923
0.860
0.892
0.893
0.894
0.885
0.825
0.849
0.907
0.944
0.909
0.763
0.803
0.871
0.891
0.957
0.967
0.984
0.938
0.927
0.937
0.975
0.907
0.917
0.981
0.978
0.980
0.983
0.987
0.986
0.899
0.900
0.938
0.979
0.971
0.975
0.980
0.974
0.975
0.966
0.973
0.979
0.974
0.987
0.978
0.986
0.976
0.965
0.983
0.977
0.970
0.987
0.986
0.985
0.985
0.962
0.981
0.969
0.973
0.964
0.961
0.979
0.950
0.916
0.908
0.946
0.946
0.950
0.983
0.980
0.981
0.973
0.984
0.960
0.985
0.983
0.983
0.979
0.862
0.936
0.985
0.973
0.981
0.987
0.984
0.987
0.986
0.930
0.963
0.981
0.965
0.983
0.981
0.976
0.981
0.971
0.968
0.959
0.963
0.954
0.974
0.926
0.847
0.816
0.801
0.871
0.787
0.743
0.788
0.710
0.730
0.810
0.831
0.908
0.932
0.920
0.887
0.902
0.827
0.826
0.850
0.877
0.932
0.911
0.910
0.919
0.921
0.883
0.831
0.834
0.853
0.914
0.919
0.944
0.905
0.960
0.896
0.886
0.865
0.862
0.880
0.847
0.778
0.809
0.848
0.896
0.927
0.854
0.772
0.836
0.904
0.971
0.901
0.905
0.945
0.919
0.940
0.977
0.972
0.976
0.953
0.913
0.958
0.958
0.943
0.906
0.907
0.870
0.926
0.883
0.915
0.903
0.907
0.916
0.982
0.981
0.873
0.899
0.884
0.898
0.847
0.870
0.853
0.863
0.917
0.944
0.963
0.971
0.910
0.920
0.951
0.940
0.851
0.839
0.781
0.690
0.760
0.723
0.787
0.788
0.751
0.712
0.736
0.878
0.877
0.939
0.949
0.964
0.931
0.947
0.965
0.971
0.956
0.983
0.987
0.940
0.940
0.980
0.978
0.976
0.985
0.975
0.985
0.970
0.956
0.966
0.965
0.970
0.977
0.982
0.973
0.961
0.967
0.971
0.979
0.966
0.950
0.984
0.910
0.987
0.985
0.942
0.975
0.909
0.962
0.950
0.931
0.924
0.910
0.934
0.957
0.958
0.931
0.985
0.931
0.907
0.950
0.978
0.974
0.943
0.943
0.927
0.865
0.969
0.971
0.963
0.984
0.967
0.955
0.970
0.981
0.983
0.940
0.847
0.886
0.914
0.889
0.913
0.863
0.861
0.861
0.911
0.953
0.858
0.946
0.978
0.929
0.959
0.986
0.980
0.946
0.985
0.986
0.984
0.963
0.968
0.943
0.935
0.914
0.849
0.984
0.982
0.982
0.975
0.980
0.956
0.934
0.877
0.877
0.882
0.850
0.788
0.784
0.810
0.816
0.846
0.810
0.743
0.731
0.706
0.894
0.892
0.795
0.854
0.812
0.905
0.824
0.896
0.963
0.961
0.872
0.892
0.905
0.873
0.952
0.846
0.878
0.918
0.966
0.917
0.923
0.858
0.908
0.928
0.906
0.988
0.942
0.965
0.908
0.942
0.969
0.963
0.940
0.962
0.964
0.974
0.962
0.859
0.879
0.974
0.987
0.970
0.971
0.966
0.940
0.909
0.957
0.977
0.967
0.986
0.980
0.983
0.980
0.965
0.970
0.970
0.898
0.972
0.954
0.985
0.949
0.966
0.977
0.980
0.975
0.973
0.866
0.924
0.869
0.946
0.952
0.982
0.962
0.986
0.963
0.959
0.882
0.923
0.923
0.872
0.891
0.966
0.981
0.983
0.985
0.969
0.963
0.984
0.942
0.941
0.958
0.976
0.982
0.971
0.971
0.972
0.982
0.981
0.985
0.976
0.982
0.985
0.937
0.982
0.978
0.970
0.983
0.985
0.980
0.987
0.988
0.942
0.927
0.944
0.971
0.981
0.987
0.985
0.980
0.975
0.961
0.983
0.985
0.943
0.977
0.987
0.984
0.951
0.983
0.965
0.975
0.930
0.978
0.978
0.977
0.985
0.970
0.971
0.958
0.958
0.958
0.928
0.913
0.904
0.959
0.936
0.938
0.955
0.912
0.920
0.882
0.860
0.802
0.929
0.960
0.963
0.972
0.952
0.970
0.981
0.987
0.987
0.987
0.957
0.966
0.956
0.956
0.978
0.955
0.938
0.935
0.887
0.930
0.918
0.914
0.962
0.966
0.960
0.953
0.965
0.957
0.965
0.947
0.954
0.945
0.933
0.925
0.924
0.932
0.929
0.975
0.907
0.911
0.878
0.888
0.921
0.965
0.941
0.907
0.940
0.960
0.950
0.916
0.887
0.930
0.927
0.950
0.968
0.840
0.799
0.852
0.860
0.930
0.937
0.953
0.980
0.976
0.943
0.917
0.965
0.971
0.918
0.883
0.936
0.935
0.951
0.976
0.965
0.950
0.946
0.936
0.977
0.978
0.892
0.947
0.944
0.915
0.956
0.980
0.983
0.982
0.953
0.957
0.985
0.894
0.924
0.949
0.951
0.954
0.943
0.950
0.936
0.980
0.963
0.936
0.937
0.945
0.932
0.925
0.905
0.947
0.940
0.971
0.948
0.946
0.930
0.960
0.956
0.946
0.943
0.919
0.961
0.957
0.953
0.966
0.897
0.878
0.941
0.955
0.970
0.985
0.940
0.985
0.979
0.970
0.949
0.983
0.980
0.985
0.969
0.986
0.955
0.977
0.983
0.956
0.949
0.984
0.971
0.835
0.790
0.754
0.777
0.711
0.683
0.796
0.868
0.898
0.867
0.940
0.905
0.908
0.910
0.911
0.939
0.907
0.898
0.979
0.886
0.942
0.942
0.890
0.962
0.964
0.940
0.907
0.882
0.871
0.812
0.838
0.698
0.673
0.824
0.830
0.801
0.948
0.935
0.901
0.843
0.938
0.950
0.938
0.919
0.928
0.945
0.923
0.826
0.791
0.864
0.924
0.821
0.780
0.853
0.847
0.804
0.697
0.775
0.664
0.639
0.646
0.720
0.650
0.662
0.774
0.892
0.828
0.868
0.925
0.973
0.944
0.975
0.944
0.936
0.963
0.977
0.970
0.899
0.921
0.773
0.874
0.844
0.895
0.817
0.886
0.903
0.735
0.870
0.868
0.784
0.857
0.856
0.896
0.817
0.809
0.892
0.966
0.939
0.963
0.856
0.954
0.942
0.920
0.924
0.936
0.947
0.934
0.958
0.941
0.858
0.969
0.946
0.979
0.986
0.960
0.971
0.927
0.950
0.963
0.959
0.893
0.879
0.794
0.839
0.876
0.856
0.879
0.898
0.954
0.977
0.982
0.905
0.961
0.928
0.957
0.987
0.945
0.857
0.861
0.929
0.916
0.986
0.979
0.949
0.891
0.947
0.965
0.981
0.955
0.967
0.987
0.915
0.961
0.958
0.984
0.880
0.876
0.921
0.950
0.977
0.958
0.987
0.947
0.979
0.985
0.987
0.975
0.974
0.956
0.956
0.985
0.973
0.984
0.962
0.942
0.974
0.979
0.976
0.974
0.887
0.910
0.974
0.939
0.969
0.985
0.978
0.978
0.968
0.953
0.987
0.977
0.950
0.945
0.939
0.959
0.972
0.953
0.907
0.982
0.982
0.985
0.982
0.978
0.977
0.916
0.937
0.943
0.970
0.923
0.881
0.888
0.904
0.866
0.818
0.848
0.847
0.863
0.859
0.837
0.837
0.891
0.925
0.950
0.973
0.946
0.882
0.892
0.883
0.863
0.795
0.884
0.943
0.930
0.972
0.979
0.979
0.983
0.987
0.980
0.944
0.948
0.983
0.968
0.963
0.945
0.957
0.931
0.954
0.891
0.947
0.883
0.944
0.909
0.912
0.877
0.930
0.885
0.924
0.923
0.948
0.919
0.858
0.930
0.957
0.963
0.983
0.946
0.905
0.890
0.926
0.912
0.916
0.977
0.895
0.921
0.895
0.868
0.826
0.934
0.967
0.977
0.903
0.949
0.956
0.977
0.908
0.866
0.812
0.880
0.962
0.886
0.892
0.909
0.908
0.924
0.926
0.916
0.857
0.874
0.801
0.835
0.859
0.850
0.885
0.904
0.925
0.969
0.946
0.942
0.954
0.971
0.979
0.974
0.984
0.976
0.984
0.947
0.957
0.980
0.952
0.977
0.957
0.964
0.947
0.942
0.934
0.936
0.924
0.816
0.839
0.912
0.952
0.961
0.965
0.966
0.967
0.940
0.933
0.976
0.972
0.984
0.983
0.980
0.976
0.978
0.962
0.981
0.986
0.981
0.987
0.972
0.987
0.982
0.962
0.978
0.984
0.979
0.982
0.972
0.932
0.963
0.971
0.973
0.980
0.937
0.865
0.863
0.824
0.757
0.857
0.876
0.896
0.836
0.866
0.881
0.920
0.937
0.935
0.980
0.913
0.945
0.973
0.923
0.918
0.967
0.959
0.877
0.762
0.808
0.848
0.932
0.889
0.963
0.904
0.966
0.937
0.955
0.890
0.788
0.829
0.794
0.715
0.781
0.828
0.936
0.780
0.835
0.882
0.761
0.759
0.833
0.795
0.837
0.778
0.779
0.833
0.920
0.894
0.889
0.944
0.975
0.971
0.848
0.881
0.900
0.900
0.833
0.915
0.951
0.955
0.886
0.863
0.867
0.796
0.842
0.748
0.743
0.939
0.777
0.713
0.846
0.699
0.646
0.709
0.839
0.720
0.825
0.775
0.793
0.745
0.749
0.820
0.725
0.759
0.813
0.835
0.969
0.890
0.847
0.790
0.811
0.797
0.667
0.593
0.590
0.649
0.821
0.915
0.949
0.881
0.970
0.958
0.966
0.943
0.911
0.888
0.754
0.760
0.891
0.897
0.854
0.920
0.903
0.907
0.903
0.895
0.876
0.806
0.849
0.846
0.835
0.897
0.949
0.963
0.935
0.985
0.967
0.915
0.875
0.901
0.970
0.947
0.934
0.944
0.944
0.984
0.968
0.977
0.955
0.975
0.940
0.981
0.986
0.972
0.986
0.975
0.935
0.984
0.984
0.971
0.977
0.987
0.983
0.950
0.953
0.986
0.938
0.964
0.968
0.979
0.984
0.974
0.983
0.959
0.969
0.980
0.986
0.966
0.983
0.962
0.932
0.965
0.976
0.899
0.865
0.889
0.901
0.868
0.847
0.821
0.873
0.883
0.925
0.925
0.959
0.975
0.981
0.928
0.968
0.969
0.981
0.980
0.979
0.933
0.934
0.981
0.985
0.986
0.986
0.967
0.979
0.970
0.928
0.904
0.942
0.908
0.888
0.896
0.823
0.777
0.842
0.859
0.885
0.865
0.815
0.837
0.874
0.917
0.860
0.908
0.930
0.964
0.941
0.953
0.957
0.985
0.980
0.951
0.962
0.959
0.973
0.974
0.984
0.898
0.924
0.955
0.897
0.908
0.861
0.888
0.952
0.845
0.917
0.868
0.881
0.893
0.863
0.795
0.740
0.796
0.788
0.759
0.824
0.886
0.854
0.844
0.790
0.843
0.904
0.930
0.837
0.858
0.847
0.913
0.857
0.887
0.905
0.899
0.928
0.946
0.960
0.948
0.953
0.929
0.952
0.970
0.952
0.774
0.802
0.718
0.652
0.804
0.914
0.898
0.934
0.959
0.975
0.985
0.929
0.972
0.985
0.932
0.913
0.987
0.920
0.973
0.929
0.924
0.948
0.941
0.870
0.828
0.822
0.783
0.789
0.795
0.875
0.853
0.825
0.945
0.983
0.949
0.968
0.912
0.927
0.903
0.935
0.950
0.929
0.883
0.939
0.952
0.958
0.893
0.971
0.973
0.977
0.970
0.980
0.957
0.976
0.976
0.970
0.976
0.956
0.962
0.974
0.885
0.919
0.884
0.938
0.970
0.980
0.967
0.970
0.982
0.978
0.950
0.978
0.974
0.970
0.970
0.900
0.910
0.938
0.917
0.903
0.909
0.867
0.966
0.957
0.976
0.987
0.983
0.975
0.986
0.978
0.957
0.952
0.982
0.949
0.926
0.871
0.884
0.864
0.911
0.942
0.959
0.975
0.957
0.961
0.960
0.872
0.805
0.860
0.817
0.740
0.788
0.854
0.903
0.886
0.957
0.928
0.974
0.974
0.944
0.958
0.933
0.951
0.898
0.918
0.956
0.902
0.892
0.897
0.832
0.859
0.843
0.875
0.930
0.916
0.957
0.866
0.878
0.890
0.853
0.793
0.878
0.909
0.819
0.724
0.748
0.726
0.829
0.717
0.663
0.646
0.668
0.711
0.725
0.731
0.820
0.740
0.745
0.889
0.897
0.962
0.974
0.864
0.764
0.626
0.823
0.859
0.877
0.924
0.972
0.876
0.842
0.781
0.760
0.611
0.633
0.655
0.685
0.850
0.787
0.823
0.825
0.792
0.719
0.670
0.659
0.736
0.750
0.702
0.655
0.722
0.719
0.602
0.606
0.753
0.789
0.736
0.784
0.776
0.690
0.666
0.618
0.605
0.541
0.642
0.780
0.936
0.916
0.913
0.980
0.951
0.922
0.924
0.963
0.937
0.976
0.927
0.929
0.979
0.862
0.873
0.975
0.964
0.959
0.897
0.843
0.871
0.970
0.986
0.938
0.902
0.884
0.935
0.960
0.905
0.867
0.963
0.958
0.912
0.850
0.864
0.748
0.649
0.767
0.833
0.819
0.886
0.951
0.979
0.833
0.906
0.886
0.939
0.901
0.926
0.959
0.964
0.965
0.973
0.941
0.980
0.969
0.987
0.983
0.943
0.982
0.963
0.959
0.967
0.973
0.933
0.939
0.920
0.911
0.981
0.938
0.987
0.969
0.928
0.907
0.889
0.875
0.883
0.864
0.918
0.966
0.984
0.970
0.967
0.941
0.908
0.925
0.954
0.949
0.943
0.934
0.962
0.980
0.985
0.973
0.939
0.939
0.941
0.940
0.914
0.890
0.887
0.869
0.871
0.934
0.943
0.976
0.928
0.854
0.871
0.908
0.946
0.922
0.900
0.926
0.930
0.900
0.776
0.735
0.819
0.893
0.932
0.982
0.934
0.882
0.831
0.765
0.756
0.823
0.847
0.820
0.871
0.907
0.919
0.893
0.840
0.849
0.896
0.920
0.905
0.972
0.896
0.862
0.903
0.856
0.940
0.843
0.892
0.892
0.949
0.954
0.920
0.961
0.838
0.855
0.883
0.867
0.805
0.797
0.932
0.932
0.834
0.813
0.814
0.767
0.804
0.836
0.890
0.875
0.874
0.856
0.843
0.824
0.858
0.879
0.884
0.859
0.893
0.791
0.786
0.866
0.937
0.932
0.962
0.927
0.853
0.733
0.775
0.904
0.882
0.849
0.800
0.809
0.842
0.813
0.810
0.835
0.893
0.884
0.951
0.930
0.898
0.864
0.867
0.834
0.857
0.837
0.800
0.849
0.901
0.954
0.971
0.959
0.952
0.952
0.974
0.982
0.945
0.983
0.953
0.946
0.957
0.925
0.901
0.957
0.961
0.894
0.874
0.969
0.963
0.968
0.899
0.949
0.968
0.971
0.968
0.982
0.950
0.877
0.737
0.834
0.924
0.827
0.813
0.907
0.893
0.934
0.974
0.931
0.893
0.867
0.864
0.957
0.974
0.909
0.948
0.922
0.981
0.980
0.952
0.935
0.957
0.964
0.878
0.927
0.887
0.927
0.900
0.964
0.906
0.843
0.804
0.830
0.807
0.703
0.656
0.668
0.719
0.818
0.886
0.829
0.709
0.620
0.594
0.594
0.708
0.828
0.885
0.873
0.831
0.767
0.730
0.627
0.653
0.638
0.688
0.726
0.733
0.699
0.672
0.695
0.749
0.867
0.893
0.967
0.935
0.842
0.802
0.692
0.616
0.718
0.722
0.740
0.663
0.603
0.685
0.716
0.844
0.865
0.844
0.822
0.845
0.880
0.756
0.753
0.742
0.679
0.693
0.726
0.824
0.840
0.840
0.852
0.802
0.751
0.838
0.954
0.949
0.932
0.876
0.859
0.824
0.751
0.767
0.798
0.663
0.557
0.715
0.744
0.845
0.847
0.884
0.915
0.953
0.904
0.822
0.791
0.884
0.813
0.845
0.753
0.782
0.793
0.816
0.839
0.878
0.931
0.965
0.943
0.955
0.958
0.880
0.885
0.945
0.974
0.932
0.987
0.947
0.934
0.879
0.850
0.818
0.834
0.916
0.911
0.932
0.881
0.946
0.981
0.965
0.935
0.954
0.943
0.925
0.933
0.802
0.661
0.686
0.787
0.893
0.823
0.861
0.877
0.844
0.890
0.967
0.943
0.916
0.899
0.914
0.942
0.971
0.899
0.963
0.918
0.947
0.959
0.971
0.974
0.980
0.981
0.972
0.972
0.956
0.929
0.979
0.980
0.966
0.984
0.988
0.986
0.974
0.981
0.978
0.978
0.980
0.976
0.984
0.974
0.984
0.984
0.975
0.981
0.954
0.977
0.978
0.970
0.981
0.961
0.944
0.944
0.944
0.973
0.975
0.985
0.981
0.981
0.931
0.923
0.978
0.935
0.850
0.856
0.798
0.861
0.854
0.842
0.813
0.806
0.871
0.926
0.946
0.860
0.929
0.922
0.893
0.873
0.828
0.880
0.928
0.968
0.985
0.973
0.945
0.916
0.931
0.880
0.882
0.950
0.986
0.965
0.983
0.951
0.953
0.935
0.954
0.899
0.889
0.896
0.847
0.836
0.921
0.936
0.905
0.913
0.946
0.960
0.929
0.918
0.906
0.887
0.907
0.910
0.933
0.937
0.920
0.918
0.920
0.899
0.873
0.848
0.818
0.792
0.789
0.846
0.856
0.862
0.740
0.775
0.837
0.866
0.875
0.872
0.848
0.869
0.880
0.853
0.879
0.854
0.887
0.866
0.882
0.902
0.910
0.896
0.839
0.698
0.904
0.867
0.875
0.959
0.978
0.913
0.942
0.967
0.966
0.946
0.982
0.975
0.984
0.971
0.984
0.976
0.959
0.966
0.956
0.961
0.951
0.971
0.977
0.956
0.983
0.981
0.984
0.972
0.980
0.984
0.976
0.972
0.971
0.936
0.967
0.970
0.982
0.984
0.930
0.896
0.919
0.859
0.892
0.966
0.982
0.983
0.904
0.896
0.970
0.913
0.980
0.965
0.973
0.974
0.967
0.904
0.977
0.946
0.960
0.976
0.977
0.980
0.979
0.882
0.883
0.925
0.888
0.888
0.950
0.974
0.942
0.957
0.974
0.985
0.973
0.971
0.982
0.985
0.964
0.841
0.739
0.756
0.818
0.703
0.722
0.790
0.791
0.795
0.768
0.784
0.769
0.798
0.874
0.830
0.834
0.719
0.839
0.806
0.795
0.836
0.910
0.906
0.834
0.848
0.920
0.892
0.908
0.882
0.868
0.948
0.987
0.949
0.911
0.841
0.790
0.747
0.781
0.884
0.899
0.873
0.792
0.835
0.751
0.828
0.771
0.741
0.635
0.689
0.766
0.756
0.824
0.835
0.858
0.786
0.840
0.845
0.835
0.819
0.683
0.671
0.609
0.652
0.656
0.593
0.579
0.588
0.678
0.866
0.829
0.850
0.892
0.807
0.800
0.835
0.841
0.893
0.948
0.879
0.762
0.670
0.657
0.709
0.686
0.756
0.856
0.834
0.927
0.933
0.883
0.872
0.934
0.876
0.845
0.864
0.809
0.871
0.856
0.928
0.950
0.948
0.818
0.892
0.921
0.962
0.952
0.961
0.932
0.951
0.947
0.877
0.923
0.913
0.882
0.950
0.979
0.829
0.835
0.852
0.896
0.974
0.950
0.944
0.911
0.973
0.848
0.823
0.821
0.848
0.866
0.886
0.847
0.852
0.754
0.768
0.919
0.927
0.965
0.961
0.973
0.971
0.898
0.922
0.890
0.931
0.947
0.918
0.831
0.903
0.952
0.970
0.960
0.984
0.946
0.988
0.953
0.900
0.973
0.972
0.975
0.966
0.901
0.970
0.952
0.974
0.986
0.975
0.987
0.951
0.945
0.968
0.974
0.985
0.972
0.978
0.983
0.969
0.984
0.988
0.978
0.985
0.984
0.973
0.985
0.987
0.987
0.980
0.943
0.955
0.930
0.850
0.878
0.946
0.983
0.985
0.979
0.986
0.987
0.980
0.959
0.923
0.881
0.896
0.897
0.854
0.882
0.865
0.924
0.858
0.814
0.821
0.861
0.881
0.797
0.811
0.839
0.970
0.975
0.897
0.845
0.938
0.945
0.959
0.905
0.911
0.917
0.842
0.933
0.915
0.951
0.942
0.926
0.932
0.896
0.840
0.866
0.883
0.817
0.834
0.842
0.899
0.938
0.952
0.933
0.942
0.974
0.980
0.958
0.804
0.928
0.981
0.899
0.905
0.885
0.944
0.908
0.923
0.920
0.980
0.969
0.966
0.958
0.976
0.915
0.947
0.950
0.952
0.978
0.977
0.916
0.962
0.967
0.967
0.964
0.951
0.963
0.979
0.980
0.935
0.913
0.907
0.928
0.965
0.947
0.969
0.919
0.976
0.967
0.968
0.967
0.951
0.960
0.972
0.972
0.971
0.982
0.918
0.931
0.941
0.961
0.985
0.980
0.983
0.981
0.983
0.972
0.977
0.978
0.970
0.967
0.966
0.951
0.962
0.944
0.949
0.976
0.983
0.973
0.903
0.895
0.971
0.979
0.965
0.924
0.957
0.892
0.912
0.926
0.899
0.902
0.974
0.978
0.987
0.985
0.978
0.978
0.901
0.897
0.886
0.888
0.916
0.931
0.966
0.936
0.934
0.965
0.896
0.901
0.878
0.885
0.931
0.958
0.975
0.974
0.977
0.949
0.921
0.977
0.982
0.985
0.956
0.978
0.982
0.923
0.903
0.900
0.897
0.883
0.906
0.891
0.985
0.897
0.835
0.737
0.787
0.813
0.874
0.888
0.849
0.836
0.787
0.804
0.898
0.783
0.851
0.948
0.879
0.904
0.899
0.915
0.906
0.882
0.833
0.845
0.860
0.858
0.809
0.842
0.881
0.876
0.907
0.974
0.841
0.831
0.800
0.666
0.616
0.620
0.613
0.610
0.605
0.735
0.682
0.710
0.793
0.913
0.905
0.928
0.767
0.855
0.890
0.824
0.873
0.749
0.811
0.832
0.815
0.833
0.691
0.752
0.765
0.800
0.894
0.950
0.928
0.947
0.856
0.767
0.797
0.876
0.802
0.902
0.830
0.840
0.912
0.863
0.754
0.758
0.884
0.895
0.810
0.818
0.699
0.731
0.816
0.861
0.850
0.940
0.876
0.914
0.796
0.780
0.825
0.851
0.805
0.847
0.786
0.771
0.841
0.791
0.837
0.869
0.822
0.818
0.764
0.719
0.812
0.890
0.981
0.912
0.981
0.966
0.951
0.894
0.852
0.979
0.975
0.969
0.966
0.956
0.947
0.866
0.945
0.960
0.937
0.982
0.978
0.919
0.972
0.978
0.914
0.914
0.953
0.979
0.983
0.984
0.976
0.975
0.975
0.943
0.944
0.987
0.938
0.958
0.933
0.960
0.917
0.875
0.902
0.891
0.940
0.979
0.986
0.988
0.976
0.983
0.975
0.956
0.978
0.909
0.969
0.937
0.975
0.968
0.956
0.981
0.980
0.973
0.983
0.988
0.963
0.988
0.975
0.985
0.976
0.982
0.906
0.941
0.976
0.984
0.980
0.962
0.940
0.963
0.939
0.889
0.914
0.910
0.895
0.898
0.940
0.933
0.954
0.896
0.863
0.896
0.895
0.925
0.961
0.940
0.916
0.942
0.904
0.887
0.935
0.953
0.872
0.808
0.822
0.850
0.856
0.848
0.824
0.842
0.847
0.846
0.816
0.804
0.837
0.832
0.859
0.939
0.817
0.828
0.867
0.806
0.810
0.861
0.859
0.873
0.910
0.888
0.843
0.805
0.795
0.805
0.814
0.847
0.865
0.970
0.893
0.908
0.853
0.932
0.856
0.866
0.843
0.839
0.912
0.773
0.793
0.786
0.798
0.751
0.710
0.697
0.757
0.786
0.816
0.965
0.966
0.927
0.966
0.939
0.973
0.937
0.924
0.943
0.947
0.892
0.858
0.910
0.888
0.938
0.962
0.961
0.968
0.982
0.949
0.965
0.844
0.845
0.848
0.958
0.916
0.893
0.977
0.976
0.981
0.981
0.967
0.937
0.818
0.893
0.933
0.969
0.959
0.965
0.964
0.976
0.949
0.937
0.939
0.964
0.950
0.980
0.973
0.987
0.953
0.957
0.922
0.945
0.958
0.964
0.980
0.983
0.970
0.967
0.972
0.979
0.984
0.925
0.965
0.860
0.855
0.952
0.981
0.987
0.979
0.982
0.984
0.916
0.962
0.972
0.983
0.973
0.978
0.978
0.948
0.958
0.936
0.961
0.953
0.916
0.985
0.955
0.937
0.976
0.942
0.961
0.977
0.969
0.979
0.984
0.970
0.972
0.954
0.969
0.893
0.893
0.869
0.966
0.964
0.924
0.986
0.985
0.970
0.975
0.904
0.839
0.820
0.826
0.922
0.898
0.942
0.942
0.976
0.913
0.890
0.863
0.907
0.918
0.937
0.949
0.956
0.886
0.870
0.884
0.855
0.862
0.902
0.946
0.912
0.832
0.887
0.925
0.890
0.840
0.821
0.798
0.822
0.829
0.889
0.887
0.935
0.964
0.866
0.973
0.987
0.906
0.897
0.887
0.925
0.937
0.980
0.979
0.985
0.984
0.954
0.926
0.930
0.944
0.963
0.962
0.977
0.940
0.869
0.752
0.731
0.852
0.961
0.987
0.911
0.953
0.927
0.962
0.982
0.978
0.971
0.898
0.911
0.859
0.943
0.967
0.940
0.963
0.962
0.945
0.916
0.900
0.838
0.818
0.730
0.668
0.667
0.673
0.695
0.834
0.876
0.945
0.940
0.934
0.966
0.960
0.881
0.966
0.938
0.947
0.903
0.822
0.967
0.870
0.891
0.931
0.928
0.879
0.914
0.895
0.939
0.967
0.984
0.928
0.917
0.885
0.876
0.879
0.980
0.977
0.959
0.956
0.964
0.979
0.980
0.953
0.968
0.935
0.910
0.934
0.987
0.974
0.983
0.987
0.968
0.965
0.961
0.957
0.969
0.976
0.939
0.875
0.893
0.918
0.973
0.930
0.923
0.987
0.978
0.952
0.948
0.903
0.975
0.978
0.975
0.977
0.981
0.987
0.982
0.984
0.949
0.979
0.984
0.975
0.980
0.986
0.987
0.941
0.982
0.931
0.932
0.950
0.940
0.910
0.932
0.975
0.981
0.974
0.987
0.983
0.987
0.936
0.957
0.909
0.980
0.984
0.971
0.982
0.981
0.983
0.986
0.981
0.958
0.957
0.929
0.960
0.949
0.946
0.986
0.974
0.980
0.979
0.958
0.969
0.908
0.935
0.895
0.957
0.887
0.954
0.927
0.903
0.895
0.978
0.973
0.920
0.896
0.961
0.985
0.979
0.932
0.971
0.982
0.980
0.973
0.981
0.982
0.984
0.975
0.973
0.955
0.873
0.880
0.872
0.911
0.937
0.954
0.980
0.939
0.966
0.975
0.938
0.981
0.983
0.973
0.977
0.971
0.955
0.958
0.952
0.952
0.953
0.982
0.956
0.926
0.973
0.971
0.959
0.981
0.978
0.970
0.950
0.932
0.975
0.982
0.980
0.978
0.986
0.934
0.978
0.977
0.986
0.975
0.984
0.966
0.982
0.968
0.984
0.939
0.978
0.978
0.978
0.957
0.901
0.872
0.938
0.957
0.936
0.953
0.944
0.971
0.961
0.955
0.984
0.964
0.964
0.977
0.978
0.963
0.983
0.945
0.962
0.978
0.956
0.939
0.972
0.948
0.982
0.977
0.983
0.965
0.960
0.944
0.974
0.961
0.977
0.980
0.957
0.964
0.983
0.980
0.985
0.944
0.874
0.931
0.916
0.890
0.959
0.969
0.933
0.978
0.893
0.970
0.973
0.984
0.931
0.898
0.868
0.983
0.962
0.950
0.978
0.972
0.974
0.962
0.981
0.983
0.964
0.972
0.981
0.913
0.888
0.920
0.902
0.934
0.981
0.960
0.975
0.961
0.901
0.941
0.910
0.898
0.851
0.834
0.759
0.753
0.710
0.840
0.835
0.947
0.957
0.928
0.895
0.969
0.981
0.926
0.823
0.852
0.878
0.769
0.803
0.969
0.928
0.957
0.986
0.987
0.952
0.887
0.967
0.946
0.903
0.899
0.895
0.948
0.983
0.979
0.967
0.950
0.893
0.896
0.896
0.791
0.833
0.802
0.693
0.666
0.812
0.774
0.728
0.792
0.842
0.938
0.986
0.900
0.952
0.816
0.862
0.832
0.834
0.839
0.851
0.888
0.847
0.851
0.829
0.841
0.964
0.872
0.839
0.825
0.800
0.864
0.776
0.743
0.856
0.920
0.878
0.833
0.873
0.920
0.925
0.914
0.981
0.956
0.953
0.937
0.866
0.962
0.947
0.965
0.949
0.972
0.976
0.939
0.968
0.921
0.981
0.965
0.916
0.857
0.795
0.838
0.862
0.861
0.833
0.801
0.906
0.925
0.897
0.849
0.814
0.877
0.874
0.881
0.895
0.852
0.921
0.865
0.846
0.877
0.923
0.922
0.969
0.957
0.985
0.983
0.974
0.986
0.983
0.977
0.982
0.981
0.965
0.984
0.964
0.975
0.946
0.987
0.980
0.951
0.957
0.865
0.930
0.957
0.966
0.954
0.981
0.966
0.944
0.984
0.967
0.983
0.876
0.937
0.822
0.843
0.937
0.981
0.944
0.941
0.938
0.896
0.956
0.986
0.982
0.980
0.979
0.951
0.905
0.843
0.867
0.810
0.784
0.840
0.908
0.930
0.954
0.974
0.946
0.974
0.966
0.965
0.953
0.918
0.925
0.895
0.919
0.929
0.943
0.955
0.978
0.976
0.949
0.940
0.925
0.867
0.776
0.780
0.770
0.848
0.926
0.937
0.919
0.860
0.837
0.871
0.868
0.935
0.908
0.947
0.929
0.952
0.983
0.955
0.962
0.891
0.948
0.935
0.939
0.965
0.966
0.963
0.962
0.864
0.849
0.922
0.970
0.906
0.964
0.846
0.854
0.958
0.952
0.969
0.976
0.962
0.984
0.981
0.957
0.926
0.914
0.895
0.938
0.961
0.972
0.987
0.973
0.966
0.977
0.976
0.978
0.975
0.972
0.944
0.957
0.943
0.942
0.975
0.986
0.931
0.921
0.876
0.879
0.904
0.914
0.889
0.858
0.910
0.866
0.887
0.951
0.944
0.861
0.753
0.741
0.744
0.756
0.751
0.746
0.763
0.807
0.860
0.883
0.826
0.890
0.953
0.963
0.937
0.976
0.928
0.947
0.911
0.968
0.938
0.911
0.971
0.929
0.921
0.962
0.934
0.947
0.955
0.858
0.870
0.899
0.870
0.945
0.946
0.953
0.941
0.875
0.949
0.948
0.905
0.944
0.969
0.965
0.967
0.982
0.970
0.961
0.977
0.985
0.987
0.982
0.972
0.972
0.970
0.967
0.929
0.895
0.925
0.910
0.843
0.830
0.836
0.877
0.863
0.726
0.809
0.923
0.891
0.912
0.919
0.970
0.951
0.910
0.934
0.883
0.854
0.801
0.881
0.878
0.900
0.893
0.950
0.956
0.975
0.881
0.907
0.905
0.881
0.931
0.978
0.832
0.980
0.976
0.975
0.975
0.964
0.985
0.977
0.981
0.984
0.986
0.908
0.944
0.973
0.940
0.862
0.846
0.817
0.897
0.876
0.884
0.914
0.919
0.949
0.950
0.888
0.825
0.861
0.778
0.695
0.599
0.577
0.645
0.719
0.618
0.740
0.823
0.732
0.620
0.732
0.667
0.718
0.681
0.751
0.865
0.778
0.657
0.571
0.607
0.604
0.558
0.564
0.569
0.695
0.742
0.874
0.871
0.906
0.845
0.753
0.740
0.691
0.615
0.610
0.596
0.556
0.548
0.562
0.570
0.653
0.729
0.754
0.752
0.678
0.594
0.658
0.819
0.877
0.783
0.693
0.724
0.772
0.843
0.875
0.885
0.836
0.671
0.655
0.769
0.859
0.894
0.806
0.847
0.845
0.950
0.968
0.978
0.985
0.982
0.950
0.826
0.811
0.835
0.849
0.789
0.765
0.754
0.749
0.901
0.955
0.946
0.960
0.972
0.986
0.974
0.886
0.887
0.874
0.904
0.934
0.953
0.898
0.942
0.866
0.947
0.846
0.843
0.850
0.953
0.984
0.969
0.963
0.978
0.970
0.922
0.967
0.978
0.964
0.928
0.953
0.971
0.981
0.972
0.956
0.964
0.938
0.969
0.970
0.984
0.980
0.956
0.936
0.864
0.882
0.913
0.900
0.916
0.870
0.890
0.949
0.968
0.941
0.978
0.956
0.970
0.981
0.960
0.960
0.985
0.984
0.949
0.975
0.929
0.975
0.965
0.984
0.985
0.957
0.970
0.977
0.971
0.983
0.972
0.912
0.925
0.953
0.902
0.892
0.823
0.831
0.898
0.862
0.851
0.865
0.964
0.957
0.851
0.877
0.857
0.862
0.878
0.947
0.863
0.763
0.699
0.746
0.699
0.738
0.803
0.827
0.813
0.700
0.821
0.688
0.581
0.624
0.740
0.926
0.955
0.969
0.888
0.862
0.807
0.808
0.825
0.884
0.869
0.934
0.848
0.890
0.860
0.844
0.825
0.816
0.841
0.838
0.838
0.798
0.820
0.891
0.854
0.868
0.911
0.886
0.703
0.790
0.961
0.948
0.881
0.969
0.951
0.837
0.806
0.889
0.959
0.947
0.963
0.865
0.752
0.749
0.844
0.819
0.856
0.886
0.917
0.901
0.871
0.857
0.885
0.947
0.929
0.850
0.888
0.867
0.850
0.861
0.871
0.875
0.955
0.974
0.964
0.824
0.882
0.849
0.854
0.863
0.972
0.947
0.884
0.858
0.909
0.970
0.943
0.977
0.953
0.958
0.925
0.983
0.960
0.970
0.981
0.904
0.859
0.948
0.928
0.963
0.983
0.886
0.896
0.917
0.954
0.968
0.980
0.981
0.982
0.971
0.958
0.974
0.981
0.979
0.976
0.985
0.985
0.966
0.973
0.981
0.979
0.981
0.971
0.985
0.958
0.982
0.981
0.940
0.984
0.977
0.982
0.959
0.978
0.978
0.987
0.903
0.927
0.975
0.892
0.920
0.908
0.873
0.883
0.828
0.766
0.855
0.891
0.840
0.892
0.885
0.962
0.969
0.985
0.976
0.982
0.987
0.980
0.975
0.917
0.896
0.908
0.857
0.885
0.880
0.896
0.898
0.906
0.891
0.829
0.769
0.868
0.848
0.883
0.867
0.842
0.879
0.883
0.862
0.918
0.859
0.836
0.846
0.847
0.806
0.832
0.816
0.668
0.624
0.791
0.878
0.950
0.875
0.888
0.896
0.980
0.971
0.889
0.881
0.854
0.751
0.720
0.843
0.886
0.889
0.961
0.908
0.902
0.853
0.912
0.923
0.900
0.924
0.954
0.908
0.877
0.886
0.840
0.871
0.826
0.813
0.764
0.798
0.920
0.985
0.970
0.917
0.902
0.963
0.872
0.861
0.819
0.927
0.938
0.936
0.863
0.909
0.954
0.983
0.983
0.862
0.838
0.870
0.932
0.970
0.901
0.827
0.840
0.894
0.815
0.902
0.928
0.921
0.910
0.883
0.901
0.964
0.976
0.917
0.901
0.931
0.985
0.975
0.923
0.939
0.793
0.860
0.967
0.910
0.866
0.906
0.911
0.964
0.953
0.931
0.962
0.905
0.970
0.961
0.828
0.872
0.889
0.907
0.970
0.982
0.983
0.962
0.889
0.850
0.781
0.804
0.836
0.954
0.987
0.892
0.902
0.968
0.970
0.973
0.979
0.969
0.968
0.963
0.965
0.967
0.942
0.940
0.981
0.981
0.907
0.964
0.966
0.983
0.945
0.974
0.963
0.983
0.972
0.972
0.970
0.913
0.967
0.970
0.981
0.976
0.982
0.970
0.970
0.952
0.957
0.985
0.924
0.974
0.980
0.972
0.947
0.970
0.961
0.970
0.976
0.962
0.980
0.979
0.922
0.979
0.980
0.982
0.985
0.949
0.929
0.985
0.984
0.979
0.969
0.967
0.970
0.931
0.975
0.959
0.900
0.944
0.979
0.941
0.882
0.911
0.958
0.966
0.980
0.983
0.982
0.976
0.916
0.966
0.963
0.971
0.972
0.973
0.912
0.878
0.902
0.921
0.969
0.965
0.972
0.895
0.896
0.956
0.958
0.871
0.891
0.957
0.906
0.901
0.953
0.971
0.981
0.957
0.962
0.953
0.951
0.916
0.936
0.965
0.968
0.948
0.967
0.959
0.953
0.966
0.949
0.953
0.912
0.973
0.960
0.976
0.949
0.978
0.979
0.969
0.985
0.978
0.984
0.966
0.984
0.975
0.980
0.973
0.969
0.961
0.974
0.978
0.967
0.929
0.908
0.954
0.951
0.932
0.934
0.947
0.962
0.929
0.935
0.946
0.915
0.965
0.981
0.979
0.974
0.976
0.970
0.966
0.955
0.960
0.971
0.956
0.949
0.908
0.921
0.980
0.970
0.981
0.969
0.976
0.982
0.985
0.986
0.980
0.978
0.978
0.987
0.967
0.965
0.945
0.960
0.974
0.970
0.973
0.889
0.793
0.728
0.829
0.925
0.841
0.868
0.862
0.919
0.983
0.987
0.985
0.988
0.951
0.982
0.985
0.957
0.962
0.985
0.972
0.983
0.962
0.975
0.967
0.984
0.985
0.987
0.945
0.982
0.908
0.859
0.938
0.889
0.890
0.875
0.895
0.843
0.809
0.801
0.816
0.884
0.859
0.883
0.884
0.897
0.944
0.901
0.865
0.854
0.978
0.920
0.936
0.891
0.971
0.950
0.922
0.936
0.957
0.940
0.866
0.983
0.971
0.987
0.924
0.986
0.904
0.911
0.891
0.964
0.945
0.962
0.954
0.979
0.929
0.972
0.837
0.947
0.895
0.957
0.972
0.949
0.790
0.876
0.830
0.789
0.770
0.816
0.789
0.740
0.650
0.677
0.727
0.720
0.706
0.726
0.790
0.746
0.719
0.931
0.803
0.776
0.707
0.719
0.801
0.725
0.674
0.689
0.792
0.802
0.885
0.840
0.859
0.894
0.935
0.881
0.844
0.755
0.741
0.842
0.888
0.861
0.746
0.698
0.822
0.807
0.807
0.907
0.938
0.983
0.941
0.986
0.895
0.926
0.979
0.859
0.841
0.785
0.765
0.873
0.953
0.877
0.927
0.947
0.935
0.951
0.964
0.977
0.980
0.931
0.980
0.983
0.981
0.987
0.948
0.894
0.827
0.874
0.848
0.870
0.897
0.981
0.889
0.971
0.981
0.948
0.983
0.974
0.968
0.896
0.903
0.963
0.968
0.893
0.982
0.938
0.897
0.867
0.926
0.962
0.940
0.856
0.782
0.856
0.958
0.978
0.936
0.941
0.927
0.962
0.966
0.979
0.986
0.963
0.975
0.979
0.977
0.974
0.966
0.911
0.965
0.919
0.974
0.983
0.961
0.962
0.979
0.969
0.985
0.976
0.973
0.974
0.978
0.980
0.954
0.948
0.975
0.976
0.986
0.916
0.983
0.949
0.980
0.978
0.986
0.962
0.890
0.900
0.945
0.949
0.959
0.961
0.983
0.985
0.986
0.974
0.963
0.908
0.937
0.943
0.975
0.984
0.985
0.985
0.984
0.980
0.980
0.984
0.949
0.971
0.959
0.857
0.883
0.839
0.980
0.976
0.954
0.921
0.974
0.887
0.887
0.934
0.924
0.867
0.914
0.913
0.968
0.978
0.959
0.928
0.904
0.914
0.869
0.854
0.813
0.775
0.835
0.906
0.875
0.868
0.919
0.939
0.880
0.859
0.919
0.950
0.953
0.880
0.903
0.884
0.936
0.936
0.980
0.957
0.934
0.926
0.972
0.873
0.830
0.892
0.875
0.877
0.922
0.874
0.853
0.864
0.844
0.848
0.839
0.819
0.873
0.903
0.942
0.956
0.959
0.964
0.968
0.964
0.986
0.986
0.933
0.939
0.971
0.963
0.952
0.957
0.948
0.980
0.948
0.901
0.899
0.913
0.960
0.944
0.915
0.917
0.950
0.951
0.866
0.912
0.862
0.897
0.936
0.942
0.970
0.981
0.974
0.984
0.906
0.940
0.932
0.976
0.918
0.881
0.944
0.983
0.969
0.965
0.963
0.908
0.858
0.817
0.963
0.986
0.976
0.974
0.962
0.961
0.969
0.961
0.968
0.970
0.902
0.956
0.973
0.966
0.955
0.976
0.961
0.906
0.891
0.935
0.970
0.958
0.963
0.960
0.979
0.983
0.979
0.963
0.982
0.926
0.957
0.851
0.913
0.972
0.983
0.947
0.969
0.956
0.966
0.980
0.975
0.905
0.855
0.849
0.826
0.851
0.891
0.946
0.881
0.979
0.985
0.964
0.968
0.838
0.923
0.855
0.913
0.863
0.895
0.914
0.790
0.778
0.826
0.891
0.944
0.932
0.900
0.946
0.945
0.950
0.823
0.789
0.866
0.917
0.965
0.933
0.826
0.747
0.803
0.835
0.699
0.723
0.793
0.822
0.775
0.827
0.857
0.840
0.873
0.753
0.779
0.776
0.698
0.761
0.762
0.724
0.796
0.766
0.956
0.914
0.912
0.898
0.946
0.791
0.672
0.819
0.786
0.790
0.862
0.845
0.815
0.840
0.880
0.858
0.899
0.870
0.891
0.875
0.912
0.845
0.844
0.810
0.683
0.601
0.560
0.577
0.650
0.693
0.741
0.625
0.565
0.650
0.627
0.697
0.703
0.756
0.848
0.775
0.709
0.853
0.896
0.854
0.866
0.877
0.938
0.952
0.937
0.920
0.935
0.959
0.950
0.960
0.967
0.940
0.858
0.903
0.893
0.854
0.756
0.759
0.786
0.824
0.875
0.910
0.911
0.966
0.971
0.922
0.862
0.964
0.871
0.919
0.982
0.949
0.900
0.899
0.919
0.895
0.789
0.846
0.851
0.848
0.753
0.704
0.777
0.900
0.815
0.834
0.854
0.860
0.845
0.825
0.912
0.923
0.925
0.982
0.986
0.960
0.986
0.962
0.918
0.916
0.966
0.986
0.977
0.981
0.922
0.984
0.961
0.901
0.887
0.963
0.980
0.978
0.971
0.966
0.965
0.910
0.919
0.938
0.948
0.961
0.957
0.901
0.848
0.774
0.784
0.856
0.876
0.872
0.907
0.897
0.882
0.850
0.801
0.835
0.855
0.924
0.952
0.856
0.871
0.897
0.840
0.855
0.936
0.903
0.880
0.806
0.820
0.757
0.853
0.937
0.931
0.950
0.803
0.765
0.762
0.798
0.893
0.840
0.866
0.913
0.956
0.916
0.857
0.797
0.758
0.859
0.861
0.920
0.880
0.773
0.801
0.888
0.883
0.872
0.920
0.863
0.883
0.847
0.824
0.878
0.956
0.955
0.955
0.913
0.973
0.976
0.877
0.878
0.836
0.778
0.749
0.751
0.711
0.747
0.738
0.709
0.812
0.828
0.724
0.654
0.664
0.742
0.790
0.740
0.655
0.521
0.545
0.732
0.810
0.775
0.808
0.841
0.876
0.873
0.905
0.898
0.889
0.890
0.932
0.961
0.950
0.930
0.967
0.924
0.920
0.980
0.948
0.954
0.960
0.924
0.955
0.957
0.975
0.913
0.865
0.931
0.944
0.946
0.914
0.981
0.979
0.965
0.981
0.966
0.953
0.980
0.973
0.937
0.959
0.892
0.954
0.920
0.939
0.917
0.898
0.844
0.883
0.946
0.938
0.867
0.951
0.975
0.931
0.931
0.952
0.939
0.955
0.980
0.929
0.895
0.879
0.925
0.980
0.920
0.915
0.950
0.944
0.898
0.909
0.931
0.846
0.899
0.946
0.893
0.868
0.901
0.922
0.940
0.912
0.980
0.980
0.986
0.891
0.886
0.902
0.933
0.968
0.978
0.984
0.935
0.890
0.898
0.934
0.972
0.981
0.938
0.963
0.951
0.973
0.979
0.985
0.907
0.868
0.906
0.914
0.983
0.940
0.888
0.896
0.938
0.869
0.753
0.832
0.780
0.736
0.847
0.926
0.900
0.903
0.924
0.876
0.862
0.847
0.852
0.874
0.715
0.767
0.781
0.680
0.545
0.611
0.737
0.756
0.813
0.788
0.722
0.628
0.582
0.691
0.786
0.806
0.878
0.900
0.935
0.963
0.937
0.823
0.870
0.891
0.892
0.889
0.784
0.895
0.898
0.918
0.890
0.823
0.713
0.762
0.917
0.837
0.820
0.770
0.845
0.759
0.721
0.763
0.836
0.831
0.890
0.857
0.831
0.807
0.665
0.544
0.616
0.618
0.733
0.852
0.843
0.761
0.703
0.745
0.729
0.688
0.644
0.718
0.706
0.831
0.906
0.879
0.902
0.782
0.717
0.693
0.636
0.755
0.879
0.849
0.861
0.865
0.745
0.816
0.938
0.968
0.950
0.955
0.979
0.960
0.987
0.913
0.869
0.752
0.918
0.941
0.961
0.899
0.886
0.873
0.967
0.877
0.930
0.961
0.928
0.875
0.962
0.909
0.906
0.817
0.738
0.820
0.878
0.889
0.930
0.906
0.903
0.868
0.834
0.850
0.921
0.952
0.980
0.986
0.970
0.965
0.972
0.977
0.973
0.955
0.896
0.845
0.866
0.976
0.934
0.968
0.976
0.983
0.983
0.985
0.883
0.918
0.913
0.957
0.896
0.863
0.965
0.983
0.974
0.985
0.983
0.981
0.979
0.957
0.937
0.955
0.960
0.982
0.984
0.922
0.934
0.949
0.985
0.983
0.983
0.925
0.954
0.895
0.970
0.921
0.893
0.884
0.906
0.964
0.968
0.979
0.985
0.972
0.937
0.900
0.978
0.957
0.973
0.985
0.973
0.985
0.979
0.973
0.984
0.981
0.971
0.961
0.982
0.982
0.979
0.962
0.952
0.960
0.961
0.866
0.847
0.914
0.916
0.853
0.921
0.913
0.963
0.927
0.867
0.859
0.913
0.901
0.929
0.912
0.936
0.916
0.933
0.823
0.819
0.855
0.879
0.862
0.861
0.876
0.842
0.713
0.669
0.795
0.897
0.911
0.883
0.930
0.976
0.966
0.906
0.967
0.984
0.946
0.967
0.927
0.934
0.923
0.914
0.885
0.841
0.832
0.862
0.864
0.915
0.905
0.904
0.901
0.954
0.804
0.826
0.889
0.926
0.907
0.783
0.733
0.777
0.791
0.803
0.890
0.892
0.779
0.794
0.839
0.863
0.938
0.914
0.922
0.950
0.954
0.939
0.955
0.979
0.973
0.978
0.983
0.967
0.927
0.932
0.935
0.952
0.968
0.975
0.970
0.898
0.925
0.950
0.979
0.898
0.944
0.961
0.980
0.969
0.954
0.972
0.975
0.932
0.975
0.974
0.937
0.945
0.947
0.982
0.975
0.983
0.960
0.965
0.960
0.983
0.985
0.981
0.983
0.973
0.976
0.977
0.958
0.941
0.872
0.861
0.856
0.805
0.876
0.885
0.802
0.821
0.841
0.813
0.721
0.782
0.857
0.924
0.938
0.981
0.939
0.983
0.973
0.982
0.956
0.926
0.982
0.981
0.929
0.817
0.823
0.962
0.975
0.899
0.956
0.958
0.950
0.987
0.979
0.964
0.931
0.920
0.903
0.853
0.900
0.946
0.880
0.848
0.756
0.771
0.761
0.657
0.707
0.762
0.660
0.655
0.647
0.609
0.576
0.657
0.770
0.757
0.671
0.625
0.606
0.688
0.742
0.900
0.938
0.933
0.790
0.742
0.767
0.747
0.730
0.630
0.670
0.663
0.748
0.819
0.914
0.865
0.927
0.957
0.922
0.866
0.889
0.797
0.720
0.720
0.661
0.636
0.638
0.699
0.829
0.736
0.733
0.718
0.826
0.683
0.743
0.761
0.755
0.724
0.681
0.675
0.662
0.603
0.549
0.562
0.556
0.668
0.826
0.820
0.713
0.709
0.790
0.846
0.857
0.913
0.947
0.960
0.928
0.931
0.946
0.941
0.884
0.938
0.811
0.795
0.844
0.717
0.611
0.715
0.811
0.896
0.848
0.810
0.842
0.890
0.906
0.968
0.980
0.933
0.883
0.761
0.715
0.813
0.967
0.960
0.973
0.955
0.943
0.871
0.930
0.835
0.816
0.836
0.759
0.771
0.850
0.889
0.940
0.929
0.923
0.977
0.876
0.826
0.857
0.943
0.979
0.948
0.945
0.914
0.965
0.987
0.973
0.899
0.981
0.972
0.983
0.970
0.958
0.979
0.979
0.983
0.953
0.985
0.972
0.967
0.943
0.935
0.981
0.987
0.956
0.933
0.897
0.939
0.961
0.976
0.855
0.853
0.861
0.967
0.952
0.894
0.929
0.809
0.875
0.875
0.901
0.925
0.852
0.852
0.873
0.898
0.924
0.778
0.776
0.846
0.861
0.942
0.923
0.963
0.943
0.961
0.937
0.899
0.881
0.941
0.986
0.979
0.987
0.949
0.954
0.972
0.900
0.919
0.915
0.825
0.831
0.870
0.867
0.908
0.921
0.918
0.773
0.781
0.759
0.830
0.820
0.822
0.797
0.680
0.718
0.730
0.667
0.737
0.694
0.766
0.827
0.845
0.813
0.837
0.864
0.819
0.773
0.730
0.819
0.947
0.879
0.846
0.843
0.865
0.829
0.762
0.800
0.887
0.884
0.866
0.745
0.746
0.799
0.806
0.818
0.903
0.901
0.870
0.951
0.969
0.965
0.947
0.951
0.972
0.969
0.967
0.953
0.958
0.950
0.907
0.921
0.925
0.934
0.959
0.939
0.885
0.907
0.954
0.927
0.820
0.762
0.771
0.757
0.785
0.841
0.899
0.888
0.889
0.924
0.969
0.985
0.972
0.965
0.962
0.977
0.966
0.969
0.982
0.892
0.894
0.979
0.974
0.947
0.925
0.944
0.976
0.967
0.860
0.758
0.826
0.943
0.933
0.947
0.877
0.959
0.982
0.980
0.972
0.967
0.967
0.970
0.975
0.963
0.981
0.976
0.973
0.939
0.981
0.973
0.983
0.974
0.973
0.979
0.935
0.825
0.954
0.939
0.810
0.908
0.921
0.972
0.965
0.928
0.946
0.961
0.937
0.927
0.881
0.875
0.870
0.832
0.811
0.807
0.848
0.915
0.958
0.907
0.934
0.914
0.953
0.922
0.911
0.985
0.916
0.942
0.931
0.900
0.956
0.926
0.911
0.986
0.981
0.986
0.920
0.884
0.778
0.782
0.852
0.922
0.937
0.949
0.907
0.968
0.933
0.952
0.947
0.985
0.922
0.839
0.892
0.854
0.823
0.730
0.774
0.804
0.873
0.866
0.859
0.918
0.867
0.779
0.844
0.890
0.903
0.915
0.959
0.976
0.913
0.862
0.891
0.844
0.746
0.763
0.797
0.784
0.654
0.669
0.633
0.657
0.719
0.705
0.715
0.761
0.800
0.728
0.740
0.779
0.831
0.832
0.878
0.916
0.926
0.860
0.845
0.754
0.789
0.941
0.864
0.745
0.723
0.792
0.830
0.820
0.768
0.814
0.690
0.682
0.792
0.894
0.955
0.897
0.949
0.839
0.853
0.789
0.817
0.782
0.855
0.817
0.704
0.758
0.775
0.760
0.749
0.868
0.892
0.976
0.962
0.984
0.900
0.869
0.885
0.856
0.834
0.884
0.877
0.856
0.902
0.846
0.962
0.875
0.900
0.910
0.980
0.984
0.967
0.977
0.971
0.983
0.985
0.979
0.962
0.956
0.945
0.971
0.984
0.939
0.987
0.986
0.934
0.972
0.917
0.962
0.909
0.983
0.956
0.889
0.983
0.985
0.973
0.982
0.978
0.950
0.894
0.962
0.956
0.985
0.981
0.979
0.972
0.982
0.970
0.953
0.973
0.971
0.955
0.974
0.982
0.979
0.983
0.979
0.982
0.985
0.981
0.970
0.968
0.961
0.953
0.981
0.962
0.978
0.977
0.985
0.985
0.985
0.981
0.964
0.949
0.963
0.981
0.979
0.987
0.955
0.977
0.946
0.942
0.972
0.972
0.981
0.922
0.938
0.972
0.972
0.942
0.964
0.951
0.819
0.747
0.882
0.861
0.854
0.907
0.854
0.864
0.833
0.920
0.918
0.968
0.977
0.929
0.914
0.838
0.801
0.722
0.784
0.885
0.924
0.971
0.962
0.966
0.980
0.979
0.977
0.946
0.937
0.861
0.929
0.971
0.952
0.962
0.917
0.958
0.908
0.884
0.929
0.839
0.851
0.889
0.856
0.852
0.832
0.806
0.828
0.805
0.771
0.834
0.780
0.779
0.683
0.750
0.741
0.689
0.667
0.781
0.842
0.863
0.940
0.928
0.929
0.833
0.904
0.964
0.934
0.954
0.943
0.968
0.978
0.948
0.947
0.911
0.925
0.968
0.956
0.938
0.921
0.923
0.913
0.954
0.981
0.961
0.896
0.921
0.891
0.838
0.814
0.802
0.914
0.918
0.913
0.899
0.951
0.928
0.887
0.951
0.929
0.944
0.950
0.978
0.972
0.948
0.942
0.892
0.884
0.930
0.959
0.974
0.974
0.912
0.935
0.875
0.947
0.967
0.976
0.956
0.925
0.970
0.983
0.986
0.979
0.943
0.945
0.954
0.982
0.964
0.986
0.976
0.985
0.986
0.970
0.979
0.951
0.911
0.910
0.961
0.980
0.947
0.981
0.915
0.914
0.840
0.857
0.852
0.887
0.921
0.918
0.931
0.898
0.948
0.916
0.983
0.960
0.973
0.981
0.970
0.982
0.909
0.890
0.911
0.921
0.901
0.939
0.985
0.964
0.896
0.848
0.860
0.824
0.870
0.901
0.929
0.833
0.837
0.856
0.829
0.778
0.733
0.775
0.806
0.827
0.726
0.703
0.829
0.806
0.870
0.796
0.636
0.580
0.720
0.821
0.767
0.802
0.760
0.671
0.869
0.883
0.897
0.902
0.844
0.893
0.863
0.875
0.976
0.957
0.931
0.832
0.829
0.928
0.917
0.891
0.859
0.818
0.876
0.885
0.849
0.906
0.894
0.894
0.873
0.887
0.855
0.864
0.894
0.928
0.851
0.769
0.682
0.737
0.869
0.826
0.828
0.842
0.631
0.610
0.647
0.750
0.671
0.682
0.722
0.701
0.726
0.866
0.893
0.861
0.856
0.775
0.853
0.753
0.763
0.874
0.899
0.888
0.977
0.933
0.879
0.922
0.869
0.842
0.819
0.793
0.924
0.983
0.956
0.984
0.984
0.983
0.939
0.985
0.879
0.871
0.894
0.926
0.895
0.944
0.892
0.959
0.961
0.894
0.867
0.851
0.911
0.953
0.873
0.960
0.982
0.975
0.950
0.936
0.905
0.901
0.984
0.919
0.973
0.980
0.979
0.980
0.983
0.960
0.986
0.936
0.945
0.913
0.948
0.949
0.979
0.969
0.980
0.986
0.979
0.975
0.964
0.966
0.968
0.982
0.974
0.976
0.984
0.985
0.910
0.957
0.979
0.986
0.983
0.952
0.980
0.969
0.986
0.956
0.962
0.934
0.970
0.952
0.930
0.983
0.984
0.985
0.985
0.965
0.902
0.826
0.919
0.940
0.982
0.974
0.986
0.901
0.877
0.953
0.971
0.967
0.955
0.958
0.909
0.936
0.967
0.959
0.987
0.950
0.982
0.986
0.966
0.966
0.944
0.969
0.967
0.970
0.931
0.936
0.919
0.950
0.861
0.819
0.894
0.852
0.832
0.917
0.958
0.944
0.889
0.938
0.939
0.953
0.980
0.961
0.957
0.923
0.919
0.962
0.956
0.973
0.971
0.957
0.976
0.959
0.980
0.987
0.905
0.903
0.905
0.896
0.906
0.858
0.931
0.918
0.864
0.933
0.942
0.940
0.943
0.908
0.908
0.958
0.922
0.942
0.928
0.935
0.940
0.977
0.983
0.940
0.956
0.960
0.910
0.927
0.879
0.978
0.910
0.906
0.946
0.938
0.930
0.899
0.928
0.943
0.877
0.883
0.889
0.959
0.917
0.947
0.949
0.949
0.981
0.954
0.924
0.969
0.970
0.939
0.810
0.882
0.795
0.835
0.877
0.847
0.948
0.885
0.877
0.951
0.959
0.825
0.827
0.935
0.890
0.943
0.961
0.974
0.948
0.921
0.935
0.932
0.964
0.978
0.853
0.851
0.856
0.980
0.956
0.962
0.980
0.913
0.973
0.850
0.917
0.838
0.913
0.803
0.901
0.951
0.968
0.977
0.984
0.974
0.903
0.963
0.951
0.928
0.948
0.974
0.947
0.966
0.944
0.983
0.957
0.985
0.952
0.965
0.930
0.981
0.927
0.882
0.869
0.860
0.904
0.974
0.986
0.986
0.973
0.984
0.968
0.982
0.985
0.983
0.949
0.934
0.942
0.903
0.782
0.791
0.857
0.900
0.913
0.925
0.971
0.855
0.909
0.983
0.937
0.960
0.894
0.897
0.945
0.968
0.836
0.876
0.848
0.790
0.797
0.831
0.882
0.842
0.909
0.837
0.803
0.745
0.741
0.858
0.875
0.917
0.919
0.924
0.899
0.813
0.891
0.880
0.936
0.856
0.811
0.770
0.815
0.727
0.708
0.823
0.946
0.941
0.970
0.971
0.963
0.878
0.850
0.863
0.847
0.817
0.742
0.783
0.704
0.600
0.665
0.657
0.722
0.707
0.713
0.799
0.791
0.705
0.769
0.815
0.863
0.762
0.832
0.762
0.629
0.746
0.803
0.864
0.957
0.938
0.962
0.925
0.871
0.852
0.766
0.846
0.967
0.964
0.958
0.922
0.834
0.886
0.885
0.928
0.963
0.934
0.825
0.808
0.765
0.889
0.882
0.882
0.825
0.730
0.782
0.726
0.795
0.821
0.794
0.853
0.767
0.705
0.760
0.762
0.820
0.870
0.971
0.970
0.983
0.973
0.963
0.970
0.951
0.916
0.968
0.961
0.903
0.937
0.965
0.947
0.974
0.892
0.957
0.840
0.894
0.965
0.977
0.985
0.981
0.981
0.979
0.985
0.943
0.919
0.964
0.974
0.964
0.977
0.985
0.981
0.986
0.959
0.960
0.966
0.964
0.986
0.975
0.986
0.950
0.976
0.928
0.969
0.961
0.974
0.983
0.912
0.973
0.987
0.987
0.972
0.986
0.955
0.980
0.980
0.974
0.984
0.961
0.984
0.982
0.983
0.973
0.972
0.978
0.917
0.856
0.891
0.873
0.879
0.893
0.867
0.941
0.974
0.986
0.897
0.937
0.955
0.879
0.947
0.974
0.974
0.982
0.968
0.953
0.896
0.936
0.969
0.920
0.983
0.985
0.965
0.977
0.976
0.970
0.892
0.890
0.972
0.852
0.823
0.885
0.894
0.939
0.974
0.983
0.977
0.957
0.954
0.952
0.962
0.966
0.957
0.917
0.958
0.973
0.895
0.962
0.966
0.848
0.814
0.879
0.879
0.916
0.911
0.923
0.952
0.949
0.928
0.948
0.949
0.976
0.975
0.973
0.984
0.984
0.975
0.926
0.964
0.957
0.894
0.893
0.911
0.940
0.872
0.799
0.815
0.812
0.889
0.899
0.833
0.790
0.768
0.789
0.845
0.927
0.913
0.885
0.987
0.888
0.931
0.929
0.969
0.937
0.934
0.955
0.966
0.977
0.971
0.973
0.977
0.941
0.865
0.926
0.923
0.927
0.958
0.972
0.958
0.976
0.960
0.971
0.981
0.963
0.973
0.956
0.971
0.878
0.910
0.969
0.956
0.960
0.985
0.973
0.987
0.985
0.983
0.974
0.974
0.981
0.944
0.984
0.986
0.987
0.986
0.941
0.904
0.957
0.970
0.970
0.917
0.927
0.870
0.894
0.872
0.969
0.970
0.985
0.984
0.984
0.987
0.902
0.844
0.931
0.985
0.979
0.982
0.952
0.977
0.969
0.980
0.973
0.976
0.878
0.858
0.820
0.937
0.945
0.920
0.957
0.969
0.935
0.882
0.744
0.796
0.859
0.861
0.899
0.903
0.919
0.859
0.891
0.919
0.922
0.956
0.960
0.963
0.954
0.987
0.973
0.915
0.985
0.981
0.893
0.851
0.848
0.883
0.821
0.831
0.837
0.793
0.774
0.804
0.782
0.799
0.821
0.728
0.806
0.737
0.695
0.573
0.563
0.594
0.585
0.674
0.751
0.751
0.747
0.700
0.755
0.817
0.722
0.788
0.755
0.715
0.760
0.773
0.805
0.799
0.798
0.694
0.698
0.809
0.836
0.851
0.840
0.886
0.926
0.985
0.967
0.946
0.869
0.813
0.756
0.848
0.703
0.727
0.743
0.748
0.801
0.864
0.912
0.889
0.884
0.771
0.664
0.785
0.878
0.939
0.878
0.918
0.859
0.850
0.869
0.808
0.832
0.861
0.952
0.922
0.952
0.915
0.893
0.854
0.875
0.877
0.858
0.948
0.956
0.897
0.784
0.878
0.952
0.906
0.871
0.863
0.921
0.937
0.904
0.960
0.940
0.970
0.943
0.963
0.943
0.951
0.942
0.948
0.906
0.851
0.791
0.767
0.791
0.839
0.826
0.885
0.922
0.927
0.946
0.943
0.807
0.881
0.844
0.948
0.908
0.954
0.979
0.978
0.981
0.978
0.976
0.980
0.981
0.961
0.921
0.969
0.943
0.958
0.971
0.971
0.982
0.950
0.971
0.947
0.940
0.985
0.963
0.960
0.907
0.919
0.966
0.983
0.981
0.983
0.956
0.942
0.953
0.982
0.954
0.984
0.988
0.967
0.975
0.981
0.987
0.934
0.987
0.959
0.980
0.972
0.986
0.981
0.981
0.982
0.986
0.968
0.952
0.974
0.984
0.961
0.928
0.948
0.973
0.981
0.968
0.979
0.973
0.970
0.983
0.972
0.915
0.945
0.880
0.900
0.950
0.980
0.960
0.946
0.969
0.959
0.962
0.982
0.978
0.943
0.830
0.821
0.933
0.852
0.812
0.713
0.830
0.886
0.890
0.917
0.879
0.952
0.949
0.953
0.943
0.907
0.955
0.935
0.916
0.955
0.977
0.914
0.919
0.938
0.908
0.944
0.937
0.912
0.987
0.963
0.915
0.817
0.917
0.918
0.835
0.786
0.794
0.790
0.816
0.838
0.880
0.906
0.918
0.902
0.884
0.864
0.910
0.847
0.901
0.948
0.913
0.891
0.911
0.889
0.806
0.800
0.814
0.735
0.803
0.803
0.722
0.773
0.826
0.838
0.805
0.946
0.957
0.970
0.970
0.935
0.940
0.934
0.962
0.919
0.917
0.948
0.960
0.963
0.971
0.952
0.958
0.965
0.971
0.980
0.983
0.960
0.972
0.986
0.980
0.967
0.955
0.973
0.977
0.930
0.972
0.981
0.975
0.982
0.983
0.924
0.969
0.979
0.978
0.946
0.961
0.940
0.965
0.929
0.965
0.936
0.957
0.986
0.984
0.984
0.981
0.966
0.981
0.969
0.986
0.969
0.951
0.977
0.983
0.965
0.977
0.969
0.978
0.925
0.960
0.986
0.981
0.969
0.969
0.872
0.869
0.913
0.890
0.883
0.889
0.973
0.978
0.946
0.956
0.982
0.983
0.933
0.984
0.974
0.987
0.979
0.903
0.980
0.968
0.974
0.981
0.983
0.965
0.889
0.946
0.877
0.915
0.880
0.914
0.842
0.822
0.808
0.754
0.840
0.835
0.934
0.882
0.902
0.860
0.802
0.840
0.892
0.917
0.879
0.868
0.875
0.835
0.723
0.844
0.750
0.667
0.661
0.611
0.621
0.749
0.745
0.849
0.962
0.949
0.847
0.841
0.866
0.916
0.904
0.931
0.912
0.962
0.976
0.920
0.956
0.939
0.954
0.959
0.936
0.964
0.870
0.824
0.832
0.779
0.723
0.828
0.854
0.811
0.869
0.895
0.873
0.908
0.902
0.939
0.977
0.915
0.829
0.881
0.955
0.926
0.960
0.920
0.944
0.959
0.933
0.940
0.869
0.895
0.936
0.964
0.984
0.983
0.964
0.895
0.937
0.958
0.905
0.927
0.871
0.887
0.929
0.914
0.863
0.864
0.955
0.882
0.893
0.841
0.870
0.875
0.927
0.979
0.966
0.898
0.862
0.926
0.911
0.917
0.937
0.972
0.983
0.948
0.925
0.920
0.810
0.852
0.848
0.900
0.902
0.945
0.953
0.973
0.984
0.985
0.968
0.987
0.951
0.948
0.980
0.966
0.971
0.986
0.906
0.981
0.982
0.983
0.983
0.973
0.984
0.966
0.966
0.978
0.941
0.971
0.986
0.984
0.983
0.961
0.982
0.953
0.970
0.975
0.949
0.980
0.969
0.985
0.983
0.928
0.978
0.957
0.964
0.980
0.917
0.972
0.947
0.908
0.810
0.839
0.937
0.983
0.986
0.973
0.972
0.914
0.962
0.976
0.965
0.897
0.900
0.889
0.897
0.963
0.964
0.891
0.900
0.964
0.855
0.953
0.986
0.966
0.978
0.974
0.978
0.982
0.964
0.980
0.973
0.912
0.979
0.936
0.973
0.977
0.974
0.970
0.969
0.951
0.949
0.917
0.864
0.803
0.803
0.877
0.887
0.904
0.933
0.906
0.971
0.957
0.921
0.900
0.969
0.900
0.938
0.957
0.960
0.971
0.955
0.831
0.928
0.938
0.935
0.940
0.929
0.957
0.943
0.902
0.821
0.780
0.813
0.787
0.858
0.818
0.845
0.814
0.805
0.866
0.966
0.944
0.945
0.970
0.941
0.927
0.941
0.935
0.973
0.965
0.964
0.978
0.976
0.975
0.960
0.967
0.932
0.915
0.929
0.888
0.936
0.965
0.817
0.894
0.908
0.969
0.970
0.976
0.964
0.910
0.915
0.875
0.966
0.966
0.946
0.954
0.985
0.937
0.948
0.927
0.956
0.955
0.940
0.931
0.978
0.960
0.960
0.961
0.943
0.958
0.964
0.985
0.986
0.978
0.982
0.951
0.955
0.971
0.974
0.953
0.967
0.968
0.951
0.973
0.960
0.977
0.980
0.961
0.964
0.925
0.820
0.847
0.897
0.961
0.975
0.953
0.971
0.986
0.987
0.982
0.981
0.982
0.979
0.971
0.983
0.961
0.963
0.976
0.941
0.910
0.888
0.905
0.921
0.931
0.956
0.962
0.928
0.883
0.930
0.982
0.937
0.971
0.956
0.970
0.987
0.982
0.984
0.986
0.985
0.986
0.976
0.986
0.980
0.970
0.951
0.906
0.937
0.865
0.832
0.859
0.904
0.889
0.908
0.945
0.953
0.909
0.926
0.888
0.955
0.970
0.889
0.868
0.960
0.945
0.968
0.943
0.986
0.948
0.970
0.976
0.913
0.913
0.823
0.804
0.856
0.874
0.925
0.873
0.891
0.929
0.977
0.891
0.934
0.928
0.894
0.908
0.904
0.981
0.938
0.907
0.961
0.964
0.960
0.868
0.827
0.861
0.918
0.871
0.778
0.735
0.879
0.865
0.857
0.936
0.961
0.976
0.962
0.932
0.848
0.858
0.920
0.914
0.789
0.864
0.898
0.943
0.986
0.961
0.875
0.938
0.949
0.965
0.982
0.914
0.973
0.970
0.964
0.984
0.982
0.986
0.916
0.937
0.940
0.986
0.961
0.982
0.939
0.972
0.982
0.975
0.929
0.946
0.954
0.938
0.952
0.937
0.816
0.863
0.896
0.883
0.874
0.969
0.971
0.966
0.944
0.975
0.972
0.954
0.970
0.981
0.972
0.912
0.956
0.948
0.971
0.926
0.920
0.975
0.975
0.959
0.975
0.975
0.981
0.987
0.914
0.950
0.986
0.984
0.976
0.987
0.974
0.982
0.985
0.969
0.963
0.965
0.952
0.975
0.976
0.960
0.969
0.959
0.928
0.977
0.979
0.981
0.935
0.975
0.979
0.958
0.984
0.986
0.986
0.943
0.963
0.983
0.921
0.923
0.937
0.949
0.978
0.985
0.983
0.987
0.964
0.986
0.981
0.984
0.984
0.981
0.972
0.986
0.984
0.987
0.954
0.988
0.984
0.982
0.978
0.987
0.952
0.983
0.890
0.970
0.970
0.947
0.912
0.920
0.976
0.981
0.958
0.907
0.948
0.822
0.816
0.843
0.979
0.974
0.981
0.983
0.966
0.954
0.929
0.925
0.895
0.848
0.870
0.983
0.988
0.968
0.977
0.855
0.934
0.948
0.963
0.974
0.975
0.985
0.970
0.964
0.955
0.972
0.973
0.970
0.977
0.985
0.979
0.985
0.978
0.980
0.976
0.979
0.953
0.962
0.941
0.903
0.948
0.948
0.979
0.983
0.934
0.966
0.977
0.959
0.954
0.913
0.963
0.961
0.986
0.956
0.929
0.970
0.978
0.981
0.929
0.960
0.959
0.940
0.965
0.973
0.978
0.978
0.954
0.980
0.971
0.982
0.957
0.935
0.971
0.986
0.975
0.937
0.956
0.964
0.954
0.963
0.957
0.961
0.950
0.984
0.968
0.952
0.935
0.962
0.981
0.987
0.946
0.983
0.961
0.977
0.987
0.985
0.979
0.973
0.959
0.974
0.976
0.955
0.979
0.982
0.971
0.966
0.948
0.882
0.911
0.927
0.943
0.976
0.976
0.980
0.945
0.953
0.979
0.959
0.925
0.940
0.959
0.921
0.946
0.966
0.935
0.975
0.972
0.953
0.949
0.891
0.890
0.968
0.979
0.974
0.980
0.975
0.969
0.983
0.984
0.895
0.946
0.811
0.847
0.915
0.879
0.969
0.981
0.972
0.983
0.976
0.962
0.923
0.923
0.924
0.934
0.900
0.950
0.886
0.966
0.969
0.978
0.972
0.982
0.923
0.898
0.719
0.834
0.940
0.976
0.933
0.945
0.889
0.884
0.981
0.954
0.944
0.940
0.986
0.931
0.961
0.852
0.892
0.912
0.944
0.940
0.984
0.986
0.932
0.913
0.798
0.846
0.909
0.928
0.964
0.892
0.915
0.952
0.934
0.957
0.862
0.842
0.902
0.887
0.888
0.881
0.844
0.885
0.666
0.719
0.848
0.831
0.733
0.759
0.903
0.941
0.981
0.932
0.870
0.793
0.864
0.790
0.860
0.817
0.843
0.835
0.754
0.825
0.725
0.774
0.833
0.968
0.922
0.907
0.763
0.809
0.898
0.881
0.858
0.930
0.970
0.942
0.976
0.908
0.973
0.974
0.986
0.974
0.982
0.962
0.934
0.930
0.947
0.873
0.945
0.981
0.977
0.951
0.862
0.927
0.876
0.781
0.729
0.809
0.904
0.961
0.880
0.784
0.928
0.981
0.941
0.971
0.985
0.985
0.959
0.941
0.958
0.876
0.956
0.870
0.811
0.835
0.869
0.909
0.907
0.912
0.774
0.827
0.924
0.943
0.970
0.912
0.963
0.937
0.912
0.743
0.940
0.975
0.926
0.970
0.978
0.980
0.967
0.940
0.981
0.985
0.974
0.985
0.967
0.974
0.955
0.981
0.882
0.940
0.936
0.976
0.986
0.986
0.981
0.984
0.980
0.955
0.985
0.986
0.987
0.983
0.967
0.980
0.983
0.986
0.972
0.981
0.969
0.975
0.983
0.976
0.952
0.942
0.935
0.961
0.951
0.977
0.978
0.938
0.938
0.972
0.980
0.932
0.950
0.932
0.934
0.897
0.889
0.891
0.933
0.958
0.954
0.964
0.954
0.916
0.920
0.781
0.836
0.915
0.936
0.985
0.987
0.985
0.986
0.971
0.981
0.974
0.953
0.954
0.973
0.931
0.914
0.914
0.822
0.818
0.811
0.787
0.819
0.851
0.834
0.831
0.865
0.860
0.890
0.828
0.851
0.786
0.685
0.749
0.790
0.834
0.836
0.877
0.786
0.721
0.822
0.938
0.893
0.931
0.948
0.926
0.900
0.921
0.895
0.780
0.721
0.718
0.806
0.804
0.919
0.954
0.929
0.896
0.862
0.866
0.863
0.894
0.940
0.908
0.887
0.948
0.918
0.766
0.822
0.828
0.924
0.928
0.893
0.967
0.969
0.927
0.963
0.936
0.840
0.934
0.981
0.929
0.950
0.966
0.957
0.975
0.960
0.939
0.956
0.956
0.965
0.958
0.873
0.912
0.968
0.986
0.937
0.912
0.943
0.977
0.878
0.817
0.882
0.848
0.871
0.932
0.925
0.980
0.950
0.984
0.949
0.986
0.973
0.968
0.958
0.982
0.932
0.962
0.984
0.901
0.984
0.948
0.977
0.982
0.967
0.962
0.920
0.961
0.884
0.948
0.847
0.795
0.863
0.956
0.980
0.979
0.969
0.980
0.973
0.973
0.984
0.979
0.977
0.985
0.972
0.976
0.929
0.947
0.925
0.909
0.913
0.924
0.923
0.928
0.892
0.921
0.954
0.940
0.956
0.981
0.951
0.985
0.984
0.986
0.986
0.980
0.978
0.983
0.894
0.934
0.983
0.985
0.977
0.964
0.759
0.752
0.930
0.904
0.970
0.879
0.877
0.847
0.964
0.936
0.942
0.957
0.955
0.967
0.966
0.982
0.970
0.965
0.882
0.935
0.925
0.876
0.907
0.956
0.887
0.887
0.938
0.983
0.927
0.956
0.971
0.981
0.982
0.988
0.916
0.899
0.985
0.924
0.945
0.983
0.983
0.983
0.987
0.911
0.899
0.951
0.941
0.906
0.922
0.850
0.878
0.971
0.962
0.977
0.959
0.985
0.986
0.969
0.974
0.970
0.952
0.871
0.876
0.935
0.906
0.935
0.909
0.814
0.942
0.931
0.912
0.851
0.916
0.928
0.969
0.972
0.987
0.939
0.888
0.912
0.978
0.969
0.985
0.972
0.969
0.973
0.906
0.941
0.982
0.984
0.969
0.978
0.983
0.947
0.979
0.965
0.982
0.967
0.972
0.976
0.986
0.972
0.958
0.950
0.980
0.926
0.986
0.978
0.978
0.986
0.977
0.977
0.986
0.957
0.985
0.985
0.936
0.978
0.966
0.984
0.983
0.987
0.983
0.984
0.982
0.955
0.977
0.904
0.829
0.871
0.912
0.969
0.973
0.985
0.984
0.974
0.977
0.983
0.955
0.956
0.984
0.985
0.971
0.946
0.983
0.979
0.985
0.982
0.978
0.981
0.979
0.984
0.953
0.940
0.983
0.978
0.986
0.960
0.958
0.901
0.986
0.985
0.987
0.985
0.986
0.983
0.952
0.973
0.981
0.967
0.970
0.976
0.987
0.983
0.980
0.975
0.985
0.963
0.976
0.986
0.983
0.974
0.988
0.883
0.935
0.968
0.977
0.986
0.986
0.979
0.980
0.986
0.972
0.984
0.964
0.940
0.907
0.987
0.892
0.871
0.954
0.940
0.958
0.974
0.980
0.949
0.924
0.971
0.961
0.890
0.938
0.967
0.984
0.987
0.978
0.980
0.986
0.985
0.980
0.966
0.961
0.980
0.972
0.984
0.975
0.985
0.978
0.980
0.977
0.972
0.976
0.939
0.947
0.966
0.952
0.980
0.981
0.981
0.980
0.962
0.982
0.966
0.953
0.936
0.961
0.985
0.975
0.987
0.987
0.982
0.968
0.982
0.983
0.987
0.987
0.988
0.987
0.987
0.986
0.969
0.961
0.972
0.960
0.980
0.987
0.952
0.965
0.982
0.986
0.978
0.988
0.983
0.981
0.975
0.988
0.983
0.986
0.979
0.982
0.981
0.970
0.941
0.927
0.986
0.969
0.975
0.979
0.983
0.986
0.988
0.988
0.987
0.983
0.986
0.963
0.985
0.978
0.986
0.977
0.983
0.985
0.966
0.979
0.982
0.980
0.986
0.986
0.976
0.982
0.985
0.970
0.988
0.987
0.988
0.986
0.987
0.978
0.988
0.988
0.988
0.987
0.928
0.988
0.985
0.985
0.980
0.979
0.976
0.986
0.987
0.984
0.976
0.980
0.972
0.984
0.977
0.963
0.975
0.984
0.986
0.985
0.980
0.960
0.987
0.952
0.976
0.944
0.986
0.935
0.948
0.986
0.984
0.966
0.970
0.986
0.983
0.966
0.982
0.980
0.939
0.986
0.986
0.974
0.982
0.986
0.928
0.984
0.984
0.984
0.972
0.974
0.943
0.952
0.972
0.956
0.976
0.973
0.985
0.985
0.987
0.983
0.981
0.980
0.983
0.985
0.987
0.983
0.949
0.960
0.985
0.986
0.957
0.978
0.977
0.967
0.985
0.976
0.972
0.940
0.925
0.965
0.968
0.977
0.986
0.983
0.986
0.962
0.981
0.979
0.982
0.923
0.948
0.961
0.972
0.954
0.942
0.975
0.985
0.986
0.987
0.978
0.974
0.975
0.985
0.982
0.976
0.977
0.950
0.940
0.924
0.945
0.959
0.972
0.987
0.977
0.983
0.980
0.981
0.975
0.983
0.984
0.987
0.988
0.968
0.985
0.987
0.982
0.962
0.974
0.984
0.974
0.960
0.922
0.913
0.952
0.980
0.972
0.951
0.937
0.983
0.987
0.943
0.965
0.976
0.974
0.965
0.928
0.977
0.987
0.968
0.986
0.981
0.985
0.973
0.971
0.966
0.980
0.985
0.980
0.964
0.958
0.977
0.977
0.985
0.986
0.985
0.987
0.971
0.988
0.981
0.985
0.979
0.985
0.987
0.987
0.988
0.960
0.986
0.974
0.989
0.962
0.935
0.883
0.846
0.833
0.972
0.972
0.977
0.985
0.980
0.986
0.985
0.986
0.987
0.962
0.979
0.988
0.951
0.984
0.985
0.985
0.986
0.968
0.975
0.987
0.986
0.989
0.957
0.982
0.985
0.957
0.985
0.988
0.963
0.988
0.987
0.989
0.986
0.982
0.986
0.984
0.983
0.986
0.987
0.987
0.987
0.984
0.984
0.989
0.986
0.988
0.987
0.987
0.986
0.988
0.983
0.988
0.988
0.974
0.988
0.987
0.987
0.988
0.986
0.978
0.963
0.980
0.980
0.974
0.978
0.973
0.976
0.971
0.964
0.962
0.962
0.983
0.986
0.983
0.987
0.966
0.986
0.939
0.935
0.975
0.956
0.949
0.972
0.985
0.972
0.958
0.985
0.987
0.975
0.964
0.983
0.988
0.974
0.979
0.988
0.975
0.988
0.969
0.985
0.987
0.965
0.974
0.985
0.975
0.985
0.978
0.982
0.966
0.986
0.986
0.980
0.977
0.980
0.986
0.951
0.924
0.961
0.970
0.983
0.946
0.926
0.925
0.918
0.969
0.939
0.981
0.984
0.952
0.982
0.983
0.964
0.976
0.965
0.984
0.984
0.982
0.970
0.971
0.966
0.966
0.965
0.965
0.977
0.977
0.973
0.980
0.984
0.980
0.987
0.988
0.987
0.984
0.980
0.977
0.987
0.986
0.952
0.971
0.977
0.978
0.974
0.984
0.968
0.985
0.983
0.987
0.966
0.986
0.988
0.986
0.989
0.988
0.979
0.989
0.986
0.983
0.984
0.983
0.959
0.986
0.979
0.972
0.986
0.986
0.986
0.968
0.982
0.981
0.987
0.982
0.974
0.984
0.986
0.984
0.987
0.987
0.983
0.985
0.942
0.984
0.987
0.983
0.986
0.985
0.986
0.983
0.975
0.980
0.980
0.982
0.983
0.986
0.976
0.981
0.979
0.984
0.971
0.968
0.947
0.955
0.963
0.970
0.967
0.981
0.977
0.976
0.965
0.971
0.950
0.948
0.957
0.935
0.958
0.972
0.987
0.984
0.978
0.981
0.983
0.985
0.966
0.963
0.973
0.925
0.943
0.949
0.972
0.981
0.962
0.950
0.969
0.975
0.965
0.919
0.969
0.969
0.980
0.977
0.972
0.930
0.941
0.974
0.967
0.979
0.985
0.976
0.952
0.925
0.962
0.941
0.964
0.970
0.967
0.928
0.907
0.949
0.929
0.909
0.931
0.932
0.979
0.973
0.958
0.951
0.972
0.974
0.950
0.976
0.984
0.983
0.981
0.982
0.959
0.966
0.982
0.978
0.983
0.968
0.959
0.984
0.977
0.976
0.946
0.977
0.984
0.986
0.986
0.974
0.968
0.951
0.931
0.925
0.940
0.972
0.944
0.953
0.970
0.976
0.981
0.965
0.939
0.949
0.926
0.958
0.965
0.940
0.970
0.963
0.963
0.971
0.974
0.984
0.951
0.955
0.982
0.979
0.982
0.986
0.982
0.977
0.952
0.978
0.984
0.958
0.952
0.979
0.969
0.982
0.986
0.990
0.981
0.981
0.982
0.985
0.975
0.976
0.983
0.985
0.970
0.984
0.984
0.986
0.986
0.982
0.987
0.987
0.974
0.983
0.971
0.974
0.979
0.976
0.972
0.986
0.982
0.982
0.984
0.984
0.972
0.968
0.983
0.985
0.975
0.973
0.984
0.970
0.962
0.982
0.977
0.986
0.990
0.987
0.988
0.976
0.982
0.985
0.987
0.988
0.985
0.984
0.975
0.984
0.986
0.986
0.982
0.987
0.987
0.954
0.986
0.990
0.986
0.958
0.979
0.944
0.951
0.986
0.981
0.984
0.981
0.988
0.981
0.948
0.988
0.987
0.983
0.985
0.986
0.969
0.984
0.982
0.978
0.982
0.978
0.975
0.955
0.945
0.972
0.958
0.947
0.948
0.945
0.930
0.929
0.862
0.888
0.949
0.914
0.949
0.978
0.978
0.968
0.969
0.985
0.977
0.962
0.953
0.959
0.972
0.989
0.985
0.987
0.968
0.970
0.952
0.967
0.979
0.968
0.978
0.987
0.980
0.982
0.986
0.986
0.986
0.987
0.987
0.989
0.986
0.986
0.966
0.986
0.982
0.970
0.986
0.954
0.977
0.971
0.982
0.982
0.981
0.972
0.968
0.975
0.982
0.986
0.986
0.978
0.985
0.946
0.975
0.986
0.970
0.973
0.981
0.982
0.983
0.986
0.985
0.988
0.987
0.973
0.986
0.986
0.987
0.978
0.988
0.984
0.977
0.965
0.984
0.975
0.974
0.975
0.983
0.980
0.970
0.975
0.980
0.980
0.975
0.982
0.984
0.974
0.986
0.972
0.981
0.985
0.985
0.980
0.978
0.983
0.977
0.979
0.974
0.966
0.980
0.983
0.979
0.986
0.974
0.979
0.984
0.970
0.985
0.985
0.981
0.985
0.988
0.979
0.984
0.987
0.985
0.969
0.980
0.983
0.981
0.983
0.974
0.984
0.978
0.982
0.986
0.983
0.983
0.983
0.985
0.987
0.977
0.986
0.984
0.973
0.983
0.984
0.986
0.987
0.978
0.984
0.983
0.981
0.945
0.955
0.982
0.979
0.976
0.953
0.953
0.951
0.983
0.985
0.965
0.968
0.974
0.958
0.977
0.969
0.959
0.983
0.971
0.972
0.964
0.965
0.981
0.978
0.979
0.987
0.986
0.987
0.983
0.973
0.980
0.964
0.978
0.967
0.967
0.970
0.949
0.975
0.981
0.968
0.971
0.957
0.960
0.954
0.950
0.971
0.971
0.978
0.963
0.960
0.960
0.937
0.929
0.971
0.951
0.929
0.916
0.951
0.964
0.967
0.977
0.964
0.977
0.945
0.965
0.982
0.987
0.981
0.983
0.985
0.951
0.971
0.984
0.976
0.977
0.982
0.985
0.981
0.981
0.979
0.982
0.960
0.983
0.979
0.979
0.972
0.975
0.975
0.984
0.982
0.973
0.982
0.985
0.982
0.974
0.984
0.986
0.977
0.984
0.985
0.979
0.987
0.986
0.984
0.980
0.960
0.974
0.985
0.978
0.956
0.936
0.955
0.970
0.979
0.951
0.975
0.976
0.979
0.987
0.986
0.981
0.976
0.973
0.983
0.963
0.954
0.957
0.972
0.952
0.979
0.973
0.985
0.972
0.972
0.972
0.987
0.985
0.984
0.977
0.978
0.976
0.986
0.976
0.985
0.978
0.970
0.980
0.973
0.986
0.978
0.981
0.983
0.957
0.979
0.968
0.986
0.990
0.987
0.965
0.984
0.986
0.982
0.985
0.981
0.969
0.985
0.982
0.974
0.986
0.983
0.989
0.986
0.983
0.988
0.969
0.975
0.954
0.987
0.987
0.982
0.987
0.987
0.988
0.986
0.959
0.984
0.967
0.984
0.981
0.956
0.987
0.967
0.954
0.986
0.983
0.985
0.983
0.982
0.986
0.985
0.966
0.977
0.963
0.984
0.987
0.947
0.957
0.944
0.954
0.937
0.957
0.966
0.978
0.967
0.984
0.965
0.980
0.986
0.983
0.985
0.981
0.973
0.981
0.985
0.972
0.968
0.964
0.938
0.960
0.973
0.976
0.969
0.978
0.987
0.978
0.982
0.969
0.978
0.957
0.976
0.972
0.979
0.964
0.977
0.983
0.987
0.976
0.985
0.971
0.988
0.967
0.987
0.967
0.983
0.976
0.970
0.980
0.983
0.937
0.976
0.983
0.982
0.987
0.986
0.977
0.978
0.975
0.983
0.976
0.987
0.987
0.965
0.976
0.987
0.972
0.988
0.986
0.987
0.988
0.987
0.982
0.960
0.985
0.987
0.971
0.982
0.975
0.986
0.986
0.970
0.972
0.983
0.984
0.961
0.984
0.984
0.979
0.959
0.968
0.948
0.953
0.967
0.939
0.945
0.973
0.965
0.977
0.971
0.983
0.972
0.976
0.978
0.980
0.984
0.975
0.974
0.986
0.987
0.985
0.985
0.978
0.984
0.979
0.980
0.986
0.964
0.986
0.980
0.978
0.979
0.985
0.986
0.982
0.986
0.980
0.985
0.968
0.986
0.983
0.987
0.987
0.961
0.981
0.973
0.966
0.979
0.986
0.966
0.987
0.986
0.981
0.979
0.981
0.973
0.970
0.944
0.927
0.965
0.963
0.980
0.982
0.989
0.978
0.979
0.984
0.982
0.985
0.966
0.960
0.981
0.971
0.981
0.950
0.956
0.935
0.976
0.961
0.960
0.928
0.955
0.945
0.951
0.927
0.920
0.941
0.929
0.966
0.980
0.975
0.980
0.968
0.919
0.939
0.973
0.977
0.976
0.976
0.981
0.956
0.973
0.939
0.925
0.901
0.941
0.934
0.944
0.920
0.938
0.939
0.921
0.931
0.916
0.950
0.949
0.949
0.946
0.916
0.938
0.973
0.950
0.954
0.927
0.949
0.948
