19790101
0.951
0.956
0.886
0.871
0.894
0.831
0.840
0.822
0.748
0.771
0.828
0.946
0.896
0.966
0.885
0.844
0.821
0.830
0.813
0.785
0.902
0.921
0.944
0.955
0.949
0.957
0.982
0.977
0.984
0.950
0.963
0.973
0.944
0.910
0.912
0.897
0.936
0.958
0.954
0.971
0.983
0.974
0.937
0.983
0.974
0.970
0.967
0.966
0.947
0.961
0.954
0.955
0.961
0.985
0.986
0.986
0.981
0.979
0.972
0.976
0.976
0.964
0.969
0.980
0.978
0.987
0.988
0.981
0.972
0.978
0.972
0.928
0.954
0.947
0.958
0.953
0.964
0.983
0.977
0.971
0.985
0.959
0.984
0.927
0.981
0.937
0.980
0.979
0.956
0.974
0.963
0.982
0.983
0.979
0.984
0.985
0.982
0.978
0.949
0.956
0.906
0.933
0.963
0.982
0.979
0.973
0.965
0.956
0.984
0.979
0.985
0.986
0.983
0.977
0.985
0.985
0.979
0.981
0.972
0.986
0.964
0.986
0.985
0.984
0.983
0.951
0.951
0.941
0.944
0.917
0.972
0.977
0.984
0.958
0.984
0.980
0.985
0.982
0.979
0.958
0.985
0.939
0.987
0.970
0.977
0.971
0.981
0.984
0.983
0.969
0.986
0.985
0.986
0.972
0.980
0.917
0.930
0.975
0.982
0.970
0.985
0.959
0.977
0.964
0.984
0.891
0.976
0.951
0.931
0.952
0.938
0.926
0.931
0.953
0.936
0.928
0.918
0.865
0.886
0.921
0.923
0.968
0.974
0.919
0.909
0.933
0.803
0.769
0.828
0.885
0.872
0.846
0.923
0.968
0.981
0.979
0.966
0.969
0.959
0.918
0.928
0.878
0.969
0.955
0.933
0.968
0.879
0.827
0.826
0.890
0.956
0.979
0.969
0.950
0.953
0.862
0.888
0.863
0.814
0.789
0.767
0.751
0.872
0.895
0.878
0.955
0.975
0.976
0.935
0.950
0.962
0.972
0.980
0.973
0.986
0.928
0.947
0.981
0.968
0.978
0.974
0.982
0.967
0.929
0.935
0.959
0.980
0.982
0.969
0.958
0.987
0.950
0.985
0.969
0.973
0.986
0.986
0.960
0.982
0.974
0.979
0.968
0.982
0.980
0.984
0.977
0.976
0.972
0.971
0.935
0.965
0.974
0.922
0.957
0.955
0.936
0.944
0.969
0.922
0.958
0.984
0.979
0.936
0.970
0.968
0.934
0.950
0.970
0.981
0.981
0.985
0.955
0.980
0.953
0.973
0.924
0.918
0.967
0.968
0.949
0.985
0.970
0.935
0.946
0.967
0.984
0.941
0.985
0.986
0.949
0.936
0.930
0.961
0.981
0.983
0.987
0.980
0.940
0.981
0.984
0.980
0.962
0.982
0.969
0.982
0.923
0.938
0.970
0.984
0.980
0.982
0.963
0.976
0.985
0.979
0.979
0.964
0.971
0.970
0.957
0.960
0.928
0.914
0.977
0.934
0.869
0.920
0.963
0.982
0.984
0.981
0.981
0.983
0.988
0.952
0.950
0.951
0.901
0.910
0.918
0.929
0.951
0.978
0.971
0.974
0.985
0.972
0.980
0.965
0.958
0.905
0.916
0.924
0.918
0.829
0.882
0.798
0.874
0.962
0.934
0.919
0.950
0.981
0.982
0.970
0.952
0.955
0.968
0.973
0.954
0.942
0.894
0.984
0.969
0.960
0.963
0.982
0.987
0.988
0.985
0.987
0.949
0.902
0.853
0.879
0.945
0.907
0.921
0.856
0.822
0.826
0.947
0.980
0.929
0.981
0.975
0.984
0.928
0.932
0.913
0.866
0.932
0.866
0.923
0.955
0.906
0.955
0.930
0.840
0.818
0.800
0.786
0.799
0.897
0.909
0.948
0.958
0.967
0.937
0.930
0.949
0.926
0.961
0.947
0.946
0.907
0.875
0.878
0.930
0.925
0.897
0.862
0.889
0.893
0.907
0.958
0.920
0.949
0.961
0.918
0.934
0.956
0.959
0.951
0.940
0.952
0.936
0.891
0.947
0.960
0.920
0.944
0.937
0.853
0.859
0.870
0.915
0.975
0.981
0.978
0.981
0.982
0.971
0.980
0.974
0.975
0.979
0.985
0.971
0.984
0.982
0.982
0.949
0.972
0.981
0.946
0.950
0.950
0.968
0.985
0.981
0.901
0.958
0.982
0.919
0.970
0.984
0.981
0.932
0.979
0.929
0.961
0.946
0.957
0.974
0.972
0.985
0.982
0.977
0.977
0.977
0.985
0.950
0.918
0.922
0.936
0.950
0.964
0.974
0.975
0.927
0.782
0.837
0.890
0.929
0.955
0.940
0.859
0.893
0.949
0.917
0.956
0.930
0.838
0.853
0.805
0.834
0.755
0.779
0.745
0.827
0.790
0.769
0.798
0.798
0.751
0.910
0.922
0.891
0.896
0.865
0.845
0.824
0.847
0.844
0.884
0.852
0.868
0.925
0.916
0.938
0.911
0.912
0.941
0.947
0.974
0.941
0.875
0.935
0.920
0.906
0.941
0.968
0.976
0.975
0.977
0.960
0.971
0.953
0.923
0.910
0.890
0.908
0.939
0.928
0.972
0.976
0.954
0.946
0.935
0.879
0.828
0.856
0.875
0.866
0.858
0.881
0.835
0.891
0.923
0.972
0.961
0.984
0.926
0.869
0.875
0.917
0.877
0.844
0.765
0.854
0.898
0.950
0.978
0.985
0.925
0.954
0.975
0.955
0.982
0.986
0.975
0.930
0.949
0.961
0.968
0.980
0.986
0.983
0.984
0.976
0.982
0.965
0.986
0.968
0.985
0.957
0.986
0.974
0.985
0.962
0.983
0.975
0.986
0.987
0.985
0.983
0.965
0.969
0.974
0.954
0.961
0.964
0.953
0.945
0.969
0.961
0.983
0.972
0.985
0.984
0.986
0.983
0.987
0.983
0.985
0.977
0.969
0.959
0.959
0.981
0.959
0.981
0.987
0.980
0.975
0.964
0.938
0.938
0.949
0.967
0.977
0.982
0.986
0.985
0.964
0.970
0.977
0.977
0.971
0.984
0.957
0.938
0.974
0.986
0.974
0.957
0.975
0.985
0.971
0.984
0.986
0.985
0.986
0.986
0.986
0.986
0.982
0.969
0.949
0.970
0.966
0.962
0.969
0.970
0.974
0.983
0.974
0.980
0.970
0.984
0.916
0.923
0.850
0.874
0.952
0.946
0.933
0.960
0.958
0.959
0.918
0.918
0.953
0.871
0.929
0.891
0.883
0.934
0.870
0.865
0.855
0.908
0.927
0.957
0.982
0.907
0.922
0.961
0.861
0.932
0.968
0.972
0.953
0.972
0.972
0.970
0.961
0.941
0.966
0.956
0.945
0.966
0.961
0.966
0.987
0.987
0.986
0.974
0.978
0.981
0.979
0.986
0.986
0.987
0.979
0.968
0.959
0.962
0.965
0.972
0.981
0.971
0.964
0.983
0.984
0.968
0.978
0.983
0.979
0.972
0.972
0.972
0.984
0.935
0.941
0.979
0.957
0.973
0.919
0.864
0.913
0.969
0.932
0.950
0.904
0.908
0.943
0.929
0.928
0.907
0.910
0.917
0.961
0.982
0.934
0.960
0.969
0.955
0.945
0.939
0.951
0.979
0.973
0.986
0.955
0.977
0.979
0.983
0.982
0.984
0.958
0.968
0.985
0.984
0.984
0.985
0.981
0.975
0.983
0.985
0.985
0.980
0.947
0.969
0.983
0.987
0.940
0.818
0.977
0.972
0.982
0.981
0.979
0.980
0.982
0.985
0.985
0.983
0.976
0.956
0.951
0.956
0.936
0.984
0.960
0.984
0.952
0.985
0.974
0.985
0.971
0.985
0.977
0.984
0.976
0.981
0.985
0.983
0.986
0.980
0.981
0.986
0.959
0.963
0.975
0.970
0.968
0.976
0.986
0.946
0.919
0.923
0.973
0.947
0.944
0.975
0.907
0.953
0.969
0.957
0.940
0.963
0.968
0.981
0.978
0.984
0.982
0.903
0.948
0.957
0.954
0.914
0.937
0.916
0.876
0.931
0.961
0.966
0.901
0.932
0.925
0.932
0.951
0.893
0.911
0.802
0.831
0.812
0.867
0.878
0.804
0.776
0.841
0.884
0.908
0.885
0.871
0.896
0.970
0.979
0.887
0.795
0.875
0.899
0.934
0.980
0.926
0.961
0.955
0.926
0.858
0.878
0.954
0.972
0.984
0.959
0.975
0.875
0.966
0.916
0.929
0.974
0.978
0.985
0.950
0.949
0.960
0.951
0.963
0.947
0.970
0.959
0.983
0.983
0.978
0.986
0.986
0.931
0.933
0.924
0.937
0.974
0.939
0.812
0.871
0.889
0.864
0.939
0.971
0.963
0.979
0.983
0.943
0.944
0.963
0.983
0.983
0.975
0.985
0.983
0.986
0.954
0.978
0.976
0.976
0.977
0.986
0.966
0.984
0.983
0.984
0.984
0.974
0.985
0.980
0.986
0.984
0.942
0.936
0.967
0.980
0.966
0.985
0.982
0.975
0.979
0.967
0.977
0.983
0.983
0.986
0.986
0.968
0.980
0.986
0.983
0.970
0.986
0.978
0.981
0.972
0.965
0.986
0.981
0.985
0.985
0.962
0.980
0.973
0.970
0.953
0.977
0.962
0.984
0.953
0.984
0.983
0.986
0.986
0.981
0.957
0.973
0.986
0.984
0.986
0.956
0.969
0.980
0.983
0.950
0.972
0.969
0.980
0.978
0.984
0.965
0.929
0.931
0.944
0.971
0.978
0.976
0.966
0.978
0.986
0.984
0.979
0.983
0.985
0.959
0.939
0.926
0.908
0.976
0.960
0.958
0.959
0.942
0.962
0.913
0.949
0.979
0.858
0.885
0.829
0.788
0.787
0.792
0.859
0.934
0.988
0.973
0.956
0.960
0.945
0.973
0.954
0.954
0.984
0.965
0.975
0.970
0.985
0.970
0.985
0.982
0.983
0.960
0.979
0.982
0.982
0.986
0.963
0.976
0.977
0.984
0.987
0.980
0.987
0.922
0.942
0.961
0.951
0.950
0.962
0.984
0.894
0.952
0.959
0.972
0.937
0.915
0.873
0.975
0.981
0.958
0.946
0.963
0.961
0.942
0.961
0.928
0.889
0.847
0.905
0.925
0.952
0.984
0.976
0.956
0.953
0.980
0.970
0.977
0.983
0.985
0.979
0.960
0.978
0.986
0.986
0.984
0.970
0.977
0.958
0.955
0.958
0.839
0.797
0.791
0.920
0.977
0.985
0.980
0.981
0.961
0.946
0.969
0.963
0.928
0.922
0.961
0.957
0.976
0.981
0.982
0.970
0.975
0.985
0.986
0.984
0.946
0.985
0.977
0.969
0.984
0.970
0.983
0.976
0.977
0.969
0.986
0.966
0.985
0.953
0.985
0.984
0.984
0.966
0.984
0.985
0.983
0.984
0.980
0.985
0.954
0.890
0.888
0.916
0.938
0.940
0.962
0.947
0.969
0.915
0.954
0.981
0.977
0.967
0.856
0.906
0.887
0.911
0.947
0.974
0.940
0.965
0.894
0.891
0.886
0.864
0.877
0.858
0.876
0.808
0.755
0.753
0.742
0.852
0.836
0.801
0.908
0.926
0.870
0.874
0.856
0.909
0.887
0.957
0.758
0.777
0.822
0.822
0.788
0.818
0.815
0.832
0.818
0.834
0.746
0.827
0.860
0.918
0.943
0.896
0.812
0.789
0.841
0.884
0.867
0.726
0.724
0.883
0.970
0.936
0.858
0.768
0.734
0.804
0.773
0.786
0.885
0.781
0.789
0.814
0.704
0.669
0.862
0.781
0.756
0.726
0.868
0.856
0.828
0.774
0.839
0.864
0.873
0.846
0.832
0.868
0.838
0.879
0.822
0.849
0.878
0.888
0.960
0.961
0.933
0.932
0.935
0.964
0.977
0.985
0.919
0.941
0.934
0.940
0.896
0.904
0.918
0.960
0.970
0.917
0.987
0.986
0.965
0.987
0.954
0.986
0.986
0.956
0.971
0.973
0.974
0.960
0.973
0.957
0.976
0.987
0.981
0.937
0.945
0.970
0.976
0.985
0.986
0.973
0.986
0.957
0.986
0.911
0.941
0.937
0.901
0.937
0.975
0.967
0.981
0.986
0.980
0.981
0.982
0.954
0.979
0.982
0.980
0.975
0.986
0.958
0.964
0.919
0.915
0.933
0.973
0.901
0.908
0.976
0.986
0.986
0.981
0.965
0.945
0.977
0.985
0.982
0.982
0.936
0.897
0.935
0.959
0.986
0.949
0.979
0.984
0.978
0.967
0.960
0.983
0.971
0.976
0.960
0.948
0.941
0.988
0.989
0.979
0.988
0.978
0.987
0.971
0.975
0.970
0.976
0.978
0.985
0.979
0.974
0.922
0.970
0.937
0.974
0.976
0.941
0.948
0.918
0.898
0.886
0.877
0.894
0.940
0.926
0.930
0.921
0.978
0.878
0.827
0.852
0.912
0.873
0.894
0.924
0.897
0.921
0.914
0.956
0.989
0.899
0.977
0.944
0.882
0.933
0.858
0.945
0.921
0.956
0.976
0.973
0.955
0.962
0.955
0.918
0.968
0.876
0.866
0.865
0.973
0.918
0.935
0.928
0.932
0.886
0.901
0.952
0.912
0.904
0.971
0.858
0.912
0.987
0.979
0.939
0.966
0.964
0.987
0.987
0.973
0.960
0.978
0.983
0.958
0.909
0.950
0.952
0.958
0.971
0.885
0.824
0.885
0.907
0.861
0.914
0.980
0.907
0.966
0.977
0.883
0.913
0.946
0.950
0.969
0.956
0.959
0.971
0.953
0.970
0.978
0.980
0.966
0.961
0.978
0.975
0.965
0.981
0.953
0.977
0.981
0.984
0.966
0.983
0.952
0.961
0.914
0.956
0.981
0.980
0.964
0.981
0.979
0.986
0.982
0.979
0.980
0.960
0.981
0.938
0.956
0.948
0.969
0.946
0.976
0.969
0.977
0.977
0.983
0.983
0.983
0.947
0.980
0.953
0.983
0.983
0.966
0.960
0.955
0.949
0.981
0.985
0.984
0.984
0.975
0.972
0.962
0.984
0.978
0.943
0.978
0.984
0.985
0.975
0.984
0.982
0.980
0.985
0.944
0.936
0.970
0.905
0.901
0.866
0.902
0.959
0.951
0.846
0.936
0.943
0.909
0.937
0.942
0.945
0.889
0.910
0.921
0.890
0.977
0.962
0.967
0.970
0.978
0.977
0.923
0.874
0.883
0.904
0.955
0.920
0.910
0.835
0.819
0.785
0.799
0.872
0.894
0.766
0.659
0.713
0.807
0.860
0.888
0.904
0.905
0.901
0.927
0.870
0.881
0.873
0.959
0.873
0.877
0.809
0.894
0.904
0.951
0.895
0.819
0.867
0.838
0.776
0.781
0.912
0.864
0.884
0.897
0.875
0.885
0.836
0.880
0.918
0.924
0.928
0.936
0.905
0.902
0.940
0.847
0.961
0.928
0.965
0.917
0.971
0.984
0.926
0.945
0.899
0.932
0.948
0.975
0.945
0.968
0.957
0.931
0.948
0.937
0.963
0.944
0.945
0.908
0.892
0.899
0.906
0.879
0.878
0.851
0.858
0.886
0.956
0.889
0.892
0.938
0.960
0.972
0.982
0.971
0.984
0.961
0.981
0.985
0.983
0.981
0.986
0.984
0.985
0.987
0.982
0.976
0.968
0.985
0.979
0.982
0.979
0.943
0.980
0.981
0.983
0.977
0.984
0.985
0.985
0.986
0.978
0.970
0.962
0.985
0.981
0.977
0.986
0.980
0.976
0.985
0.967
0.932
0.930
0.967
0.940
0.945
0.967
0.974
0.981
0.949
0.967
0.987
0.980
0.978
0.955
0.980
0.978
0.987
0.982
0.981
0.970
0.975
0.979
0.980
0.988
0.988
0.986
0.976
0.983
0.980
0.988
0.988
0.985
0.976
0.977
0.964
0.963
0.969
0.968
0.983
0.970
0.974
0.970
0.988
0.989
0.982
0.988
0.984
0.983
0.991
0.935
0.983
0.981
0.990
0.968
0.964
0.950
0.977
0.920
0.963
0.958
0.973
0.961
0.966
0.979
0.986
0.986
0.951
0.982
0.968
0.920
0.936
0.976
0.983
0.976
0.936
0.983
0.985
0.974
0.985
0.989
0.979
0.978
0.964
0.967
0.982
0.979
0.980
0.986
0.969
0.988
0.985
0.985
0.966
0.980
0.966
0.978
0.984
0.978
0.980
0.988
0.980
0.976
0.990
0.954
0.980
0.984
0.982
0.963
0.974
0.981
0.960
0.979
0.962
0.974
0.888
0.896
0.941
0.950
0.923
0.951
0.963
0.977
0.945
0.929
0.896
0.946
0.949
0.934
0.944
0.923
0.964
0.960
0.978
0.957
0.968
0.943
0.953
0.925
0.935
0.962
0.951
0.952
0.986
0.937
0.978
0.951
0.952
0.927
0.973
0.985
0.957
0.957
0.954
0.945
0.979
0.947
0.977
0.979
0.969
0.985
0.977
0.959
0.984
0.952
0.984
0.976
0.986
0.977
0.960
0.969
0.971
0.974
0.980
0.981
0.981
0.959
0.974
0.957
0.971
0.970
0.986
0.977
0.972
0.940
0.968
0.935
0.976
0.981
0.984
0.969
0.987
0.987
0.986
0.984
0.983
0.974
0.979
0.966
0.986
0.918
0.968
0.963
0.980
0.977
0.985
0.972
0.977
0.953
0.960
0.903
0.965
0.902
0.877
0.930
0.936
0.881
0.889
0.936
0.959
0.975
0.978
0.968
0.978
0.954
0.980
0.975
0.977
0.966
0.985
0.983
0.986
0.965
0.985
0.985
0.987
0.983
0.975
0.970
0.961
0.966
0.944
0.955
0.917
0.889
0.904
0.936
0.936
0.959
0.899
0.906
0.964
0.894
0.867
0.915
0.884
0.904
0.931
0.976
0.976
0.962
0.979
0.934
0.907
0.957
0.957
0.946
0.902
0.949
0.973
0.953
0.925
0.932
0.949
0.975
0.981
0.972
0.971
0.972
0.978
0.981
0.979
0.983
0.981
0.927
0.953
0.934
0.874
0.966
0.920
0.916
0.897
0.886
0.889
0.929
0.965
0.948
0.984
0.986
0.953
0.974
0.979
0.985
0.986
0.971
0.969
0.981
0.929
0.979
0.979
0.980
0.985
0.940
0.977
0.977
0.975
0.975
0.968
0.952
0.984
0.932
0.961
0.969
0.973
0.987
0.959
0.986
0.968
0.979
0.969
0.968
0.905
0.983
0.981
0.983
0.975
0.987
0.985
0.985
0.985
0.978
0.968
0.986
0.974
0.974
0.982
0.985
0.986
0.984
0.984
0.986
0.934
0.950
0.938
0.982
0.986
0.985
0.972
0.897
0.957
0.977
0.973
0.955
0.941
0.981
0.980
0.985
0.974
0.986
0.985
0.943
0.985
0.983
0.983
0.986
0.984
0.987
0.987
0.987
0.983
0.969
0.967
0.974
0.977
0.971
0.926
0.969
0.889
0.973
0.979
0.980
0.984
0.980
0.954
0.988
0.989
0.989
0.989
0.981
0.984
0.987
0.984
0.988
0.975
0.979
0.956
0.964
0.955
0.950
0.946
0.929
0.927
0.917
0.939
0.979
0.988
0.962
0.976
0.978
0.942
0.959
0.974
0.937
0.856
0.857
0.865
0.856
0.881
0.920
0.962
0.949
0.974
0.986
0.917
0.893
0.906
0.942
0.909
0.956
0.848
0.915
0.937
0.867
0.899
0.883
0.854
0.818
0.749
0.804
0.952
0.961
0.940
0.951
0.955
0.925
0.959
0.952
0.842
0.846
0.861
0.851
0.864
0.821
0.887
0.917
0.951
0.863
0.810
0.813
0.883
0.906
0.947
0.962
0.985
0.979
0.972
0.953
0.904
0.899
0.981
0.987
0.960
0.973
0.915
0.954
0.961
0.953
0.980
0.960
0.818
0.852
0.941
0.855
0.874
0.955
0.971
0.970
0.965
0.913
0.978
0.963
0.987
0.960
0.892
0.968
0.969
0.953
0.978
0.979
0.982
0.977
0.969
0.958
0.947
0.962
0.976
0.949
0.945
0.964
0.981
0.980
0.976
0.978
0.956
0.975
0.968
0.972
0.981
0.946
0.881
0.854
0.957
0.966
0.959
0.963
0.970
0.930
0.931
0.980
0.936
0.986
0.983
0.988
0.979
0.933
0.982
0.964
0.987
0.987
0.959
0.916
0.944
0.966
0.966
0.955
0.966
0.975
0.967
0.923
0.923
0.946
0.949
0.980
0.987
0.959
0.986
0.984
0.917
0.916
0.895
0.898
0.792
0.838
0.813
0.785
0.889
0.813
0.778
0.763
0.751
0.734
0.715
0.697
0.776
0.703
0.748
0.800
0.885
0.777
0.854
0.829
0.920
0.868
0.846
0.790
0.800
0.795
0.765
0.871
0.918
0.957
0.960
0.901
0.773
0.841
0.792
0.868
0.887
0.876
0.904
0.857
0.883
0.874
0.901
0.977
0.972
0.962
0.964
0.978
0.900
0.962
0.924
0.937
0.983
0.903
0.826
0.911
0.926
0.958
0.973
0.967
0.961
0.966
0.940
0.938
0.973
0.972
0.969
0.964
0.984
0.923
0.960
0.953
0.962
0.966
0.940
0.933
0.968
0.975
0.977
0.935
0.955
0.954
0.924
0.923
0.876
0.869
0.946
0.962
0.958
0.959
0.978
0.986
0.935
0.985
0.967
0.981
0.948
0.961
0.984
0.914
0.908
0.918
0.932
0.969
0.959
0.980
0.966
0.986
0.965
0.937
0.958
0.962
0.977
0.984
0.985
0.971
0.953
0.984
0.979
0.986
0.984
0.976
0.975
0.954
0.935
0.877
0.958
0.975
0.978
0.978
0.967
0.986
0.965
0.947
0.943
0.982
0.986
0.985
0.964
0.983
0.985
0.964
0.985
0.912
0.888
0.863
0.944
0.959
0.974
0.966
0.987
0.977
0.967
0.981
0.952
0.983
0.969
0.978
0.977
0.987
0.973
0.940
0.965
0.966
0.974
0.977
0.977
0.974
0.970
0.958
0.978
0.985
0.984
0.976
0.985
0.951
0.951
0.960
0.977
0.963
0.975
0.966
0.983
0.965
0.968
0.951
0.950
0.867
0.818
0.844
0.818
0.798
0.836
0.848
0.890
0.822
0.851
0.937
0.862
0.771
0.900
0.978
0.863
0.776
0.751
0.922
0.931
0.932
0.950
0.981
0.957
0.957
0.946
0.930
0.921
0.929
0.906
0.934
0.925
0.968
0.936
0.976
0.941
0.955
0.896
0.919
0.915
0.955
0.959
0.930
0.970
0.979
0.969
0.926
0.959
0.974
0.843
0.871
0.981
0.987
0.987
0.954
0.882
0.897
0.966
0.968
0.959
0.961
0.979
0.949
0.977
0.944
0.977
0.985
0.978
0.962
0.972
0.979
0.976
0.985
0.985
0.949
0.944
0.921
0.972
0.987
0.983
0.957
0.975
0.924
0.954
0.945
0.875
0.938
0.977
0.951
0.961
0.952
0.955
0.931
0.918
0.895
0.912
0.918
0.949
0.977
0.938
0.893
0.901
0.900
0.931
0.955
0.978
0.962
0.979
0.977
0.981
0.963
0.983
0.977
0.981
0.980
0.980
0.980
0.985
0.933
0.977
0.971
0.978
0.981
0.967
0.899
0.981
0.986
0.956
0.981
0.984
0.977
0.958
0.977
0.985
0.986
0.984
0.986
0.985
0.968
0.954
0.970
0.980
0.985
0.986
0.977
0.981
0.970
0.980
0.986
0.973
0.962
0.954
0.927
0.975
0.947
0.943
0.985
0.969
0.945
0.984
0.981
0.960
0.983
0.985
0.978
0.987
0.981
-99.000
0.986
0.984
0.985
0.985
0.986
0.967
0.928
0.952
0.954
0.969
0.881
0.918
0.888
0.911
0.948
0.936
0.887
0.896
0.886
0.852
0.828
0.869
0.882
0.918
0.876
0.857
0.848
0.867
0.904
0.914
0.933
0.876
0.792
0.873
0.911
0.884
0.892
0.869
0.845
0.757
0.833
0.786
0.804
0.748
0.805
0.846
0.855
0.905
0.856
0.863
0.871
0.872
0.775
0.761
0.727
0.702
0.735
0.681
0.752
0.795
0.827
0.759
0.786
0.855
0.829
0.925
0.847
0.768
0.717
0.774
0.753
0.792
0.800
0.914
0.919
0.971
0.952
0.949
0.926
0.967
0.942
0.936
0.926
0.919
0.959
0.974
0.977
0.914
0.866
0.869
0.922
0.921
0.944
0.957
0.967
0.851
0.924
0.860
0.816
0.853
0.834
0.822
0.848
0.774
0.900
0.971
0.908
0.886
0.872
0.957
0.894
0.912
0.916
0.905
0.942
0.982
0.945
0.955
0.986
0.965
0.987
0.973
0.974
0.980
0.968
0.984
0.970
0.952
0.916
0.983
0.976
0.984
0.985
0.976
0.985
0.977
0.987
0.987
0.978
0.965
0.985
0.975
0.987
0.984
0.976
0.983
0.983
0.981
0.981
0.985
0.966
0.986
0.959
0.984
0.955
0.982
0.980
0.984
0.955
0.952
0.948
0.968
0.987
0.970
0.985
0.980
0.983
0.983
0.981
0.982
0.979
0.978
0.974
0.971
0.982
0.977
0.985
0.968
0.945
0.979
0.933
0.921
0.927
0.981
0.955
0.957
0.917
0.965
0.962
0.983
0.982
0.982
0.961
0.911
0.905
0.890
0.927
0.986
0.936
0.837
0.795
0.835
0.872
0.887
0.874
0.921
0.946
-99.000
-99.000
-99.000
-99.000
-99.000
-99.000
-99.000
-99.000
0.956
0.933
0.904
0.922
0.982
0.986
0.987
0.851
0.896
0.876
0.942
0.933
0.936
0.917
0.915
0.892
0.891
0.931
0.938
0.966
0.983
0.987
0.982
0.957
0.933
0.956
0.949
0.879
0.873
0.931
0.937
0.875
0.913
0.840
0.885
0.879
0.942
0.943
0.987
0.947
0.973
0.948
0.940
0.986
0.954
0.963
0.974
0.944
0.921
0.928
0.925
0.922
0.911
0.860
0.904
0.879
0.859
0.888
0.903
0.881
0.908
0.948
0.985
0.953
0.945
0.954
0.972
0.962
0.961
0.979
0.940
0.968
0.984
0.973
0.934
0.883
0.913
0.945
0.953
0.980
0.951
0.956
0.956
0.944
0.918
0.976
0.947
0.936
0.980
0.961
0.980
0.984
0.986
0.983
0.962
0.961
0.979
0.953
0.979
0.972
0.967
0.880
0.938
0.968
0.964
0.958
0.957
0.964
0.954
0.959
0.960
0.985
0.973
0.977
0.971
0.978
0.983
0.968
0.958
0.966
0.981
0.982
0.977
0.977
0.965
0.962
0.933
0.971
0.971
0.976
0.921
0.942
0.924
0.949
0.968
0.979
0.983
0.976
0.974
0.985
0.985
0.949
0.976
0.976
0.977
0.969
0.963
0.943
0.894
0.900
0.920
0.922
0.950
0.939
0.971
0.984
0.986
0.936
0.888
0.860
0.886
0.894
0.939
0.970
0.949
0.973
0.900
0.900
0.958
0.908
0.973
0.908
0.924
0.955
0.908
0.908
0.857
0.873
0.843
0.893
0.925
0.946
0.923
0.915
0.970
0.877
0.838
0.872
0.941
0.933
0.917
0.919
0.939
0.939
0.946
0.963
0.952
0.983
0.970
0.914
0.873
0.848
0.878
0.919
0.912
0.970
0.960
0.978
0.972
0.916
0.982
0.933
0.980
0.982
0.986
0.984
0.967
0.973
0.968
0.943
0.940
0.969
0.973
0.965
0.973
0.882
0.915
0.900
0.963
0.931
0.874
0.842
0.907
0.868
0.904
0.875
0.910
0.879
0.906
0.950
0.975
0.971
0.956
0.954
0.965
0.981
0.983
0.986
0.977
0.955
0.971
0.965
0.969
0.953
0.886
0.927
0.968
0.978
0.982
0.857
0.896
0.950
0.951
0.980
0.980
0.983
0.970
0.978
0.951
0.978
0.942
0.965
0.979
0.979
0.985
0.986
0.986
0.986
0.952
0.981
0.968
0.986
0.981
0.977
0.969
0.963
0.976
0.984
0.985
0.970
0.967
0.983
0.979
0.984
0.986
0.979
0.983
0.985
0.976
0.986
0.986
0.985
0.983
0.948
0.985
0.966
0.972
0.944
0.977
0.984
0.977
0.961
0.957
0.979
0.962
0.958
0.982
0.985
0.984
0.976
0.984
0.973
0.985
0.972
0.978
0.980
0.968
0.980
0.983
0.973
0.972
0.985
0.977
0.978
0.984
0.955
0.981
0.981
0.966
0.967
0.977
0.979
0.979
0.984
0.982
0.977
0.977
0.963
0.977
0.949
0.852
0.824
0.867
0.921
0.890
0.854
0.816
0.727
0.804
0.876
0.884
0.914
0.971
0.933
0.894
0.933
0.893
0.871
0.870
0.928
0.964
0.931
0.938
0.926
0.940
0.939
0.801
0.781
0.859
0.925
0.936
0.936
0.960
0.948
0.902
0.898
0.854
0.865
0.892
0.831
0.753
0.760
0.853
0.928
0.959
0.917
0.859
0.913
0.943
0.960
0.910
0.926
0.945
0.955
0.939
0.980
0.964
0.977
0.976
0.929
0.952
0.961
0.957
0.915
0.883
0.897
0.970
0.895
0.904
0.926
0.933
0.930
0.987
0.959
0.838
0.907
0.835
0.845
0.874
0.875
0.877
0.857
0.898
0.960
0.979
0.977
0.899
0.906
0.972
0.957
0.924
0.884
0.839
0.795
0.812
0.798
0.856
0.858
0.801
0.757
0.770
0.906
0.906
0.948
0.959
0.963
0.934
0.951
0.983
0.969
0.978
0.985
0.986
0.985
0.968
0.985
0.983
0.983
0.986
0.984
0.986
0.977
0.974
0.978
0.977
0.980
0.984
0.980
0.968
0.971
0.973
0.980
0.983
0.981
0.977
0.986
0.940
0.986
0.987
0.970
0.980
0.978
0.980
0.973
0.973
0.966
0.950
0.962
0.981
0.948
0.982
0.985
0.976
0.974
0.966
0.982
0.976
0.954
0.972
0.961
0.929
0.979
0.984
0.971
0.980
0.973
0.977
0.984
0.986
0.984
0.977
0.912
0.952
0.951
0.968
0.965
0.924
0.921
0.962
0.961
0.981
0.935
0.980
0.981
0.960
0.981
0.984
0.987
0.957
0.984
0.985
0.984
0.987
0.971
0.967
0.970
0.971
0.945
0.982
0.982
0.983
0.980
0.986
0.978
0.967
0.950
0.946
0.968
0.910
0.863
0.884
0.871
0.874
0.897
0.895
0.830
0.877
0.839
0.956
0.934
0.884
0.919
0.875
0.955
0.910
0.949
0.982
0.975
0.943
0.974
0.972
0.929
0.983
0.944
0.961
0.981
0.980
0.976
0.969
0.935
0.970
0.974
0.970
0.986
0.955
0.981
0.964
0.977
0.987
0.984
0.968
0.953
0.968
0.981
0.985
0.951
0.979
0.985
0.987
0.979
0.964
0.981
0.979
0.971
0.982
0.986
0.984
0.987
0.987
0.981
0.966
0.965
0.986
0.966
0.962
0.983
0.981
0.986
0.969
0.981
0.985
0.984
0.985
0.982
0.954
0.976
0.954
0.977
0.975
0.986
0.943
0.986
0.982
0.986
0.941
0.986
0.983
0.979
0.969
0.985
0.983
0.981
0.978
0.984
0.953
0.964
0.929
0.926
0.954
0.975
0.986
0.971
0.979
0.976
0.981
0.968
0.984
0.985
0.974
0.979
0.986
0.986
0.970
0.986
0.981
0.986
0.983
0.986
0.987
0.972
0.980
0.980
0.984
0.982
0.986
0.986
0.985
0.978
0.964
0.976
0.984
0.952
0.981
0.987
0.985
0.982
0.986
0.984
0.979
0.952
0.981
0.980
0.983
0.982
0.964
0.978
0.959
0.965
0.964
0.930
0.921
0.932
0.972
0.929
0.938
0.948
0.963
0.923
0.852
0.895
0.877
0.946
0.937
0.966
0.974
0.957
0.981
0.985
0.987
0.986
0.987
0.946
0.985
0.972
0.971
0.977
0.959
0.957
0.934
0.892
0.903
0.950
0.981
0.984
0.976
0.983
0.977
0.977
0.972
0.979
0.957
0.969
0.949
0.954
0.957
0.959
0.945
0.924
0.978
0.866
0.899
0.879
0.882
0.922
0.953
0.953
0.875
0.918
0.952
0.952
0.895
0.850
0.876
0.890
0.896
0.936
0.806
0.765
0.822
0.848
0.933
0.944
0.967
0.985
0.981
0.980
0.970
0.979
0.984
0.969
0.955
0.957
0.961
0.961
0.983
0.980
0.975
0.970
0.967
0.987
0.982
0.909
0.939
0.936
0.937
0.958
0.982
0.983
0.988
0.972
0.970
0.986
0.943
0.936
0.948
0.969
0.950
0.956
0.943
0.928
0.961
0.957
0.934
0.958
0.955
0.951
0.955
0.962
0.961
0.952
0.976
0.978
0.947
0.936
0.969
0.953
0.962
0.955
0.940
0.968
0.978
0.982
0.981
0.948
0.941
0.970
0.982
0.979
0.986
0.974
0.986
0.985
0.968
0.979
0.986
0.983
0.985
0.983
0.986
0.960
0.986
0.986
0.973
0.976
0.984
0.980
0.948
0.900
0.891
0.874
0.854
0.820
0.894
0.938
0.963
0.950
0.976
0.963
0.979
0.969
0.938
0.970
0.959
0.954
0.986
0.928
0.979
0.981
0.933
0.978
0.984
0.973
0.969
0.970
0.926
0.880
0.929
0.864
0.845
0.908
0.894
0.911
0.978
0.971
0.961
0.939
0.984
0.984
0.973
0.956
0.966
0.978
0.963
0.916
0.890
0.931
0.969
0.889
0.871
0.927
0.915
0.881
0.792
0.844
0.806
0.791
0.784
0.822
0.768
0.825
0.893
0.960
0.926
0.945
0.963
0.978
0.960
0.983
0.976
0.965
0.962
0.977
0.979
0.970
0.978
0.931
0.948
0.946
0.950
0.873
0.935
0.966
0.837
0.926
0.935
0.881
0.910
0.940
0.948
0.905
0.911
0.962
0.980
0.958
0.982
0.932
0.983
0.950
0.962
0.951
0.964
0.985
0.983
0.985
0.977
0.952
0.986
0.962
0.981
0.986
0.971
0.985
0.978
0.971
0.982
0.979
0.953
0.970
0.934
0.952
0.960
0.939
0.940
0.978
0.983
0.983
0.978
0.978
0.978
0.982
0.974
0.985
0.919
0.899
0.942
0.952
0.967
0.985
0.985
0.910
0.900
0.960
0.982
0.975
0.970
0.978
0.985
0.943
0.983
0.974
0.986
0.917
0.954
0.945
0.975
0.985
0.975
0.982
0.980
0.982
0.985
0.986
0.986
0.985
0.978
0.980
0.986
0.980
0.985
0.977
0.939
0.984
0.985
0.981
0.971
0.814
0.872
0.978
0.952
0.980
0.986
0.982
0.985
0.982
0.980
0.985
0.973
0.975
0.973
0.983
0.981
0.984
0.983
0.971
0.984
0.982
0.985
0.984
0.976
0.959
0.944
0.958
0.977
0.983
0.951
0.913
0.918
0.913
0.873
0.827
0.880
0.865
0.889
0.851
0.870
0.875
0.900
0.953
0.966
0.976
0.978
0.938
0.929
0.904
0.866
0.849
0.922
0.949
0.973
0.980
0.983
0.980
0.987
0.986
0.983
0.956
0.913
0.981
0.956
0.958
0.948
0.967
0.950
0.960
0.940
0.955
0.931
0.970
0.944
0.944
0.937
0.970
0.936
0.966
0.970
0.976
0.970
0.925
0.965
0.976
0.984
0.980
0.957
0.956
0.920
0.939
0.930
0.952
0.978
0.912
0.941
0.898
0.876
0.864
0.945
0.951
0.965
0.928
0.972
0.970
0.987
0.930
0.924
0.834
0.927
0.957
0.943
0.932
0.952
0.912
0.916
0.931
0.946
0.920
0.917
0.899
0.916
0.931
0.953
0.955
0.961
0.972
0.977
0.973
0.982
0.979
0.976
0.986
0.983
0.977
0.976
0.986
0.968
0.941
0.976
0.951
0.979
0.970
0.981
0.956
0.977
0.949
0.977
0.937
0.910
0.954
0.958
0.973
0.967
0.980
0.978
0.985
0.971
0.975
0.986
0.986
0.986
0.986
0.982
0.985
0.983
0.984
0.978
0.969
0.983
0.981
0.979
0.980
0.975
0.959
0.979
0.985
0.978
0.986
0.978
0.958
0.942
0.971
0.984
0.986
0.979
0.938
0.959
0.935
0.866
0.905
0.937
0.970
0.918
0.940
0.952
0.979
0.970
0.982
0.984
0.944
0.969
0.979
0.943
0.972
0.979
0.982
0.953
0.867
0.903
0.889
0.966
0.951
0.983
0.965
0.985
0.981
0.981
0.950
0.887
0.893
0.875
0.796
0.867
0.900
0.954
0.904
0.937
0.949
0.878
0.858
0.901
0.882
0.920
0.914
0.894
0.911
0.959
0.948
0.959
0.966
0.984
0.972
0.900
0.958
0.965
0.976
0.916
0.968
0.984
0.980
0.938
0.924
0.918
0.896
0.928
0.874
0.864
0.969
0.862
0.795
0.909
0.786
0.827
0.852
0.929
0.853
0.892
0.849
0.877
0.866
0.867
0.886
0.858
0.842
0.906
0.928
0.980
0.947
0.910
0.898
0.919
0.877
0.811
0.795
0.779
0.787
0.866
0.938
0.971
0.964
0.984
0.978
0.975
0.958
0.944
0.958
0.868
0.861
0.929
0.935
0.944
0.967
0.934
0.960
0.960
0.968
0.958
0.908
0.925
0.887
0.899
0.956
0.970
0.943
0.960
0.985
0.985
0.974
0.953
0.974
0.983
0.974
0.972
0.967
0.977
0.985
0.945
0.976
0.955
0.986
0.975
0.983
0.986
0.954
0.984
0.985
0.951
0.980
0.986
0.966
0.986
0.986
0.979
0.968
0.952
0.970
0.969
0.975
0.984
0.984
0.982
0.956
0.972
0.930
0.930
0.977
0.978
0.974
0.981
0.955
0.984
0.984
0.986
0.958
0.944
0.954
0.972
0.942
0.932
0.914
0.935
0.935
0.972
0.952
0.974
0.977
0.984
0.968
0.981
0.978
0.984
0.984
0.983
0.976
0.958
0.984
0.983
0.984
0.986
0.981
0.956
0.964
0.963
0.972
0.976
0.927
0.889
0.933
0.857
0.848
0.907
0.942
0.930
0.938
0.892
0.874
0.871
0.852
0.816
0.851
0.919
0.948
0.949
0.944
0.955
0.986
0.963
0.951
0.966
0.968
0.981
0.978
0.987
0.955
0.946
0.972
0.924
0.925
0.867
0.944
0.951
0.882
0.919
0.901
0.900
0.906
0.841
0.752
0.772
0.808
0.779
0.765
0.844
0.869
0.907
0.882
0.797
0.813
0.841
0.879
0.842
0.832
0.844
0.888
0.925
0.952
0.966
0.963
0.958
0.976
0.982
0.976
0.945
0.904
0.942
0.959
0.920
0.810
0.835
0.820
0.777
0.880
0.953
0.940
0.960
0.968
0.978
0.977
0.935
0.964
0.986
0.958
0.943
0.986
0.973
0.985
0.941
0.970
0.935
0.958
0.889
0.849
0.817
0.794
0.811
0.845
0.919
0.873
0.850
0.954
0.970
0.956
0.958
0.919
0.950
0.935
0.919
0.937
0.930
0.915
0.951
0.957
0.970
0.932
0.973
0.966
0.968
0.973
0.984
0.961
0.970
0.979
0.959
0.976
0.975
0.986
0.982
0.962
0.935
0.929
0.970
0.976
0.986
0.980
0.981
0.985
0.984
0.968
0.976
0.981
0.981
0.983
0.962
0.965
0.979
0.973
0.944
0.976
0.937
0.984
0.979
0.985
0.986
0.984
0.971
0.987
0.982
0.974
0.981
0.977
0.981
0.978
0.954
0.956
0.964
0.965
0.974
0.985
0.983
0.981
0.978
0.981
0.955
0.903
0.933
0.878
0.821
0.872
0.918
0.974
0.934
0.977
0.962
0.986
0.977
0.974
0.979
0.979
0.977
0.955
0.978
0.980
0.971
0.965
0.960
0.919
0.932
0.926
0.935
0.969
0.968
0.977
0.938
0.946
0.953
0.923
0.869
0.949
0.932
0.895
0.826
0.849
0.834
0.898
0.811
0.814
0.859
0.865
0.854
0.845
0.854
0.865
0.887
0.855
0.969
0.949
0.982
0.983
0.962
0.883
0.798
0.862
0.931
0.939
0.975
0.982
0.959
0.928
0.859
0.887
0.775
0.731
0.829
0.851
0.943
0.878
0.897
0.882
0.853
0.798
0.799
0.796
0.813
0.852
0.871
0.785
0.853
0.872
0.772
0.800
0.858
0.872
0.861
0.891
0.870
0.878
0.844
0.779
0.778
0.686
0.752
0.874
0.964
0.936
0.947
0.978
0.980
0.974
0.969
0.980
0.978
0.977
0.973
0.982
0.985
0.948
0.960
0.984
0.981
0.962
0.970
0.956
0.939
0.962
0.983
0.970
0.970
0.962
0.966
0.965
0.949
0.954
0.938
0.979
0.982
0.919
0.929
0.858
0.767
0.846
0.900
0.892
0.955
0.980
0.980
0.912
0.969
0.985
0.947
0.949
0.960
0.976
0.966
0.971
0.979
0.981
0.987
0.977
0.987
0.987
0.954
0.982
0.951
0.973
0.976
0.972
0.941
0.970
0.966
0.954
0.986
0.962
0.986
0.980
0.974
0.945
0.947
0.951
0.929
0.936
0.957
0.985
0.986
0.973
0.974
0.960
0.943
0.955
0.969
0.956
0.966
0.962
0.964
0.976
0.984
0.980
0.968
0.954
0.968
0.924
0.877
0.911
0.893
0.899
0.917
0.943
0.955
0.981
0.959
0.908
0.901
0.940
0.964
0.968
0.968
0.962
0.971
0.922
0.884
0.826
0.884
0.906
0.941
0.980
0.948
0.886
0.831
0.828
0.805
0.867
0.880
0.892
0.910
0.945
0.934
0.927
0.750
0.809
0.918
0.933
0.942
0.984
0.943
0.873
0.882
0.897
0.955
0.868
0.961
0.959
0.968
0.976
0.923
0.972
0.794
0.886
0.905
0.893
0.808
0.861
0.952
0.941
0.843
0.846
0.873
0.837
0.897
0.865
0.920
0.902
0.860
0.875
0.861
0.871
0.873
0.925
0.893
0.918
0.900
0.833
0.828
0.896
0.961
0.957
0.959
0.949
0.844
0.766
0.794
0.935
0.919
0.835
0.777
0.819
0.793
0.827
0.811
0.854
0.910
0.930
0.971
0.956
0.946
0.882
0.920
0.829
0.849
0.847
0.854
0.883
0.938
0.970
0.966
0.967
0.927
0.937
0.981
0.986
0.956
0.985
0.947
0.953
0.962
0.957
0.968
0.981
0.978
0.944
0.946
0.979
0.974
0.985
0.952
0.962
0.969
0.983
0.969
0.984
0.971
0.908
0.849
0.879
0.943
0.966
0.904
0.978
0.954
0.985
0.978
0.982
0.945
0.956
0.939
0.951
0.984
0.953
0.985
0.959
0.984
0.976
0.946
0.955
0.968
0.977
0.960
0.964
0.959
0.955
0.939
0.969
0.974
0.955
0.923
0.901
0.869
0.816
0.825
0.834
0.838
0.899
0.967
0.897
0.844
0.741
0.737
0.767
0.839
0.874
0.958
0.966
0.918
0.851
0.891
0.785
0.756
0.740
0.784
0.819
0.856
0.868
0.769
0.822
0.856
0.957
0.941
0.975
0.948
0.924
0.940
0.869
0.763
0.794
0.861
0.865
0.835
0.748
0.792
0.860
0.923
0.939
0.925
0.919
0.921
0.946
0.848
0.847
0.838
0.807
0.808
0.903
0.909
0.912
0.917
0.962
0.885
0.833
0.919
0.977
0.968
0.982
0.932
0.943
0.927
0.887
0.859
0.861
0.771
0.714
0.812
0.851
0.903
0.935
0.959
0.965
0.970
0.954
0.936
0.899
0.956
0.937
0.930
0.878
0.880
0.859
0.890
0.931
0.942
0.980
0.981
0.981
0.971
0.981
0.978
0.968
0.975
0.986
0.963
0.983
0.926
0.944
0.946
0.948
0.909
0.947
0.975
0.969
0.981
0.965
0.978
0.984
0.980
0.967
0.982
0.970
0.970
0.945
0.880
0.804
0.847
0.893
0.959
0.936
0.942
0.958
0.936
0.943
0.982
0.960
0.980
0.971
0.969
0.977
0.974
0.957
0.973
0.979
0.976
0.979
0.980
0.976
0.984
0.986
0.953
0.983
0.978
0.965
0.968
0.982
0.982
0.984
0.987
0.985
0.978
0.981
0.982
0.982
0.983
0.972
0.986
0.972
0.984
0.984
0.976
0.969
0.959
0.984
0.979
0.963
0.985
0.967
0.947
0.976
0.962
0.975
0.979
0.987
0.976
0.984
0.943
0.973
0.980
0.981
0.889
0.825
0.790
0.837
0.811
0.854
0.898
0.899
0.929
0.962
0.954
0.866
0.955
0.958
0.955
0.921
0.922
0.951
0.973
0.971
0.985
0.969
0.932
0.952
0.946
0.907
0.917
0.975
0.984
0.974
0.985
0.959
0.940
0.935
0.941
0.932
0.900
0.927
0.952
0.936
0.980
0.970
0.937
0.936
0.969
0.958
0.936
0.930
0.932
0.910
0.958
0.955
0.976
0.958
0.943
0.943
0.956
0.928
0.908
0.825
0.793
0.775
0.820
0.841
0.836
0.792
0.770
0.840
0.894
0.946
0.912
0.884
0.910
0.949
0.908
0.942
0.925
0.921
0.932
0.902
0.899
0.923
0.902
0.945
0.857
0.813
0.953
0.901
0.913
0.980
0.984
0.957
0.956
0.969
0.972
0.973
0.983
0.976
0.984
0.973
0.965
0.984
0.972
0.976
0.967
0.968
0.955
0.977
0.982
0.964
0.986
0.986
0.980
0.978
0.984
0.984
0.980
0.977
0.975
0.978
0.979
0.974
0.968
0.978
0.914
0.971
0.962
0.935
0.940
0.975
0.985
0.986
0.931
0.931
0.982
0.944
0.985
0.957
0.982
0.977
0.982
0.962
0.984
0.964
0.972
0.966
0.984
0.981
0.979
0.919
0.930
0.979
0.972
0.979
0.953
0.961
0.971
0.962
0.976
0.986
0.969
0.980
0.984
0.961
0.963
0.929
0.847
0.872
0.896
0.826
0.853
0.867
0.896
0.910
0.897
0.885
0.881
0.867
0.965
0.903
0.949
0.847
0.916
0.899
0.905
0.904
0.953
0.976
0.936
0.944
0.968
0.930
0.966
0.950
0.945
0.978
0.986
0.946
0.954
0.936
0.905
0.894
0.885
0.925
0.953
0.950
0.882
0.893
0.849
0.916
0.881
0.860
0.786
0.848
0.868
0.877
0.888
0.903
0.918
0.852
0.900
0.911
0.912
0.891
0.829
0.842
0.734
0.753
0.772
0.720
0.760
0.756
0.785
0.926
0.931
0.943
0.975
0.917
0.883
0.955
0.934
0.957
0.979
0.946
0.883
0.839
0.847
0.839
0.845
0.882
0.948
0.903
0.971
0.976
0.941
0.935
0.948
0.949
0.926
0.929
0.911
0.939
0.950
0.954
0.981
0.970
0.920
0.965
0.940
0.968
0.958
0.986
0.977
0.985
0.977
0.975
0.956
0.969
0.961
0.978
0.986
0.889
0.909
0.940
0.965
0.984
0.964
0.985
0.971
0.985
0.935
0.943
0.923
0.929
0.924
0.948
0.926
0.933
0.904
0.905
0.976
0.971
0.981
0.931
0.977
0.973
0.960
0.932
0.964
0.980
0.983
0.982
0.957
0.972
0.977
0.982
0.979
0.961
0.982
0.986
0.980
0.934
0.971
0.936
0.973
0.984
0.968
0.984
0.948
0.955
0.982
0.981
0.986
0.951
0.944
0.963
0.975
0.984
0.966
0.981
0.985
0.964
0.982
0.987
0.982
0.987
0.985
0.981
0.982
0.983
0.985
0.981
0.950
0.969
0.950
0.912
0.928
0.959
0.986
0.984
0.983
0.986
0.987
0.978
0.981
0.963
0.952
0.924
0.940
0.901
0.920
0.898
0.966
0.826
0.781
0.796
0.871
0.940
0.777
0.777
0.832
0.974
0.986
0.961
0.862
0.967
0.949
0.972
0.934
0.913
0.908
0.893
0.979
0.921
0.956
0.949
0.944
0.943
0.897
0.822
0.868
0.856
0.756
0.836
0.859
0.911
0.915
0.940
0.908
0.951
0.968
0.966
0.942
0.809
0.944
0.975
0.919
0.895
0.899
0.941
0.907
0.959
0.922
0.976
0.986
0.966
0.979
0.986
0.950
0.975
0.962
0.947
0.975
0.970
0.952
0.974
0.968
0.978
0.974
0.949
0.976
0.982
0.986
0.967
0.929
0.912
0.944
0.977
0.961
0.980
0.939
0.974
0.969
0.969
0.967
0.968
0.983
0.982
0.980
0.984
0.985
0.950
0.944
0.971
0.985
0.981
0.980
0.984
0.977
0.986
0.986
0.984
0.982
0.982
0.975
0.982
0.975
0.971
0.958
0.960
0.982
0.985
0.985
0.957
0.972
0.984
0.984
0.979
0.962
0.985
0.947
0.975
0.974
0.965
0.945
0.977
0.980
0.986
0.982
0.966
0.970
0.943
0.906
0.956
0.968
0.955
0.980
0.980
0.980
0.954
0.984
0.926
0.953
0.962
0.941
0.969
0.968
0.967
0.985
0.982
0.984
0.965
0.967
0.986
0.979
0.966
0.972
0.986
0.965
0.981
0.972
0.953
0.955
0.978
0.942
0.986
0.946
0.962
0.876
0.858
0.900
0.931
0.938
0.927
0.906
0.893
0.898
0.966
0.892
0.929
0.986
0.937
0.956
0.961
0.952
0.962
0.926
0.911
0.937
0.937
0.912
0.915
0.910
0.954
0.916
0.954
0.985
0.912
0.900
0.869
0.764
0.786
0.776
0.776
0.787
0.748
0.860
0.811
0.831
0.908
0.960
0.960
0.976
0.872
0.930
0.952
0.898
0.952
0.869
0.904
0.938
0.906
0.911
0.865
0.858
0.848
0.899
0.958
0.975
0.951
0.959
0.968
0.857
0.870
0.942
0.906
0.963
0.896
0.894
0.962
0.970
0.880
0.874
0.952
0.953
0.870
0.903
0.824
0.859
0.903
0.933
0.935
0.970
0.930
0.958
0.891
0.861
0.884
0.918
0.881
0.879
0.874
0.876
0.941
0.905
0.932
0.938
0.922
0.926
0.893
0.896
0.921
0.953
0.985
0.941
0.984
0.979
0.984
0.980
0.924
0.987
0.968
0.972
0.985
0.983
0.984
0.929
0.983
0.983
0.983
0.986
0.966
0.956
0.986
0.985
0.978
0.972
0.965
0.986
0.983
0.980
0.977
0.966
0.948
0.934
0.949
0.970
0.978
0.975
0.958
0.972
0.971
0.956
0.968
0.954
0.976
0.980
0.987
0.988
0.983
0.986
0.981
0.985
0.984
0.982
0.986
0.977
0.983
0.980
0.968
0.982
0.984
0.979
0.985
0.987
0.982
0.986
0.967
0.982
0.972
0.984
0.948
0.964
0.974
0.975
0.984
0.974
0.964
0.970
0.964
0.954
0.948
0.948
0.943
0.944
0.947
0.947
0.954
0.881
0.920
0.908
0.936
0.951
0.974
0.972
0.966
0.970
0.946
0.911
0.981
0.884
0.816
0.751
0.766
0.809
0.860
0.880
0.829
0.812
0.814
0.847
0.772
0.791
0.852
0.755
0.758
0.850
0.858
0.905
0.874
0.873
0.914
0.942
0.932
0.923
0.947
0.910
0.917
0.844
0.857
0.868
0.865
0.904
0.926
0.983
0.934
0.941
0.901
0.971
0.857
0.878
0.828
0.847
0.931
0.794
0.784
0.796
0.818
0.763
0.727
0.776
0.794
0.793
0.825
0.957
0.969
0.906
0.923
0.966
0.984
0.953
0.948
0.947
0.969
0.942
0.884
0.926
0.902
0.949
0.973
0.979
0.979
0.986
0.956
0.973
0.864
0.856
0.836
0.948
0.951
0.891
0.986
0.982
0.984
0.969
0.957
0.903
0.801
0.916
0.950
0.975
0.952
0.973
0.946
0.983
0.949
0.966
0.957
0.984
0.962
0.982
0.978
0.986
0.969
0.976
0.949
0.978
0.960
0.974
0.980
0.985
0.958
0.956
0.974
0.976
0.985
0.971
0.983
0.907
0.941
0.977
0.985
0.985
0.982
0.985
0.986
0.954
0.975
0.970
0.985
0.975
0.975
0.978
0.970
0.975
0.967
0.978
0.978
0.979
0.986
0.971
0.983
0.969
0.961
0.974
0.982
0.978
0.981
0.984
0.983
0.979
0.982
0.980
0.942
0.977
0.926
0.982
0.972
0.978
0.986
0.984
0.976
0.982
0.935
0.901
0.920
0.946
0.974
0.961
0.973
0.969
0.980
0.981
0.973
0.933
0.970
0.973
0.977
0.973
0.976
0.949
0.953
0.962
0.945
0.956
0.962
0.976
0.948
0.909
0.956
0.978
0.976
0.917
0.872
0.888
0.886
0.912
0.956
0.958
0.980
0.983
0.951
0.985
0.984
0.926
0.957
0.965
0.951
0.935
0.976
0.984
0.984
0.984
0.943
0.949
0.985
0.976
0.980
0.972
0.985
0.982
0.938
0.860
0.859
0.942
0.980
0.984
0.924
0.981
0.978
0.984
0.986
0.986
0.986
0.973
0.977
0.929
0.970
0.985
0.977
0.965
0.976
0.984
0.978
0.969
0.912
0.935
0.862
0.878
0.807
0.840
0.830
0.944
0.954
0.984
0.978
0.940
0.986
0.972
0.928
0.985
0.970
0.979
0.960
0.935
0.984
0.965
0.945
0.971
0.981
0.953
0.959
0.963
0.968
0.980
0.986
0.971
0.967
0.954
0.962
0.967
0.986
0.985
0.972
0.962
0.968
0.983
0.980
0.964
0.936
0.933
0.980
0.982
0.986
0.980
0.983
0.986
0.984
0.980
0.986
0.985
0.977
0.985
0.983
0.959
0.962
0.970
0.977
0.967
0.975
0.986
0.975
0.961
0.961
0.949
0.979
0.981
0.975
0.979
0.971
0.987
0.967
0.986
0.970
0.981
0.985
0.975
0.980
0.983
0.981
0.978
0.983
0.953
0.959
0.965
0.961
0.944
0.959
0.980
0.982
0.980
0.986
0.981
0.986
0.971
0.974
0.932
0.984
0.981
0.947
0.979
0.980
0.986
0.986
0.985
0.959
0.983
0.978
0.968
0.976
0.954
0.986
0.979
0.978
0.981
0.974
0.972
0.959
0.967
0.962
0.961
0.918
0.959
0.946
0.951
0.954
0.984
0.979
0.955
0.939
0.980
0.986
0.984
0.959
0.972
0.983
0.983
0.971
0.983
0.979
0.986
0.978
0.980
0.939
0.873
0.866
0.840
0.945
0.943
0.954
0.980
0.946
0.974
0.982
0.964
0.978
0.974
0.969
0.986
0.977
0.965
0.973
0.968
0.964
0.976
0.984
0.955
0.970
0.980
0.964
0.983
0.982
0.981
0.971
0.966
0.948
0.984
0.985
0.980
0.985
0.987
0.964
0.986
0.980
0.985
0.956
0.984
0.982
0.984
0.976
0.987
0.979
0.987
0.986
0.984
0.979
0.944
0.927
0.968
0.977
0.970
0.970
0.958
0.979
0.955
0.966
0.980
0.973
0.976
0.983
0.985
0.984
0.985
0.960
0.980
0.985
0.967
0.956
0.984
0.953
0.985
0.986
0.983
0.969
0.962
0.964
0.975
0.974
0.985
0.980
0.969
0.979
0.985
0.979
0.982
0.974
0.918
0.963
0.976
0.946
0.978
0.983
0.949
0.984
0.921
0.983
0.970
0.984
0.964
0.939
0.921
0.985
0.983
0.981
0.972
0.969
0.952
0.971
0.986
0.983
0.968
0.982
0.971
0.971
0.950
0.956
0.973
0.978
0.982
0.982
0.977
0.986
0.973
0.979
0.966
0.953
0.894
0.894
0.867
0.856
0.858
0.931
0.917
0.975
0.975
0.980
0.951
0.985
0.983
0.971
0.907
0.922
0.924
0.892
0.934
0.975
0.959
0.956
0.983
0.980
0.983
0.970
0.981
0.966
0.975
0.962
0.964
0.980
0.985
0.973
0.982
0.934
0.940
0.928
0.953
0.866
0.912
0.870
0.835
0.840
0.902
0.854
0.830
0.869
0.914
0.967
0.983
0.965
0.974
0.902
0.930
0.900
0.908
0.930
0.932
0.966
0.914
0.939
0.938
0.945
0.982
0.936
0.951
0.956
0.923
0.931
0.898
0.877
0.935
0.966
0.912
0.931
0.953
0.959
0.953
0.962
0.986
0.977
0.970
0.974
0.962
0.986
0.975
0.980
0.975
0.983
0.979
0.970
0.984
0.978
0.984
0.975
0.976
0.944
0.923
0.917
0.941
0.940
0.936
0.908
0.948
0.960
0.977
0.921
0.917
0.927
0.960
0.946
0.974
0.926
0.951
0.919
0.947
0.953
0.962
0.964
0.969
0.973
0.986
0.983
0.977
0.985
0.984
0.983
0.981
0.963
0.952
0.980
0.978
0.983
0.949
0.986
0.978
0.959
0.976
0.950
0.968
0.963
0.979
0.968
0.966
0.972
0.983
0.986
0.975
0.986
0.941
0.966
0.929
0.932
0.973
0.980
0.941
0.959
0.971
0.965
0.981
0.986
0.984
0.980
0.966
0.931
0.897
0.835
0.845
0.777
0.772
0.806
0.913
0.947
0.965
0.979
0.973
0.975
0.971
0.976
0.964
0.936
0.953
0.914
0.906
0.953
0.959
0.972
0.981
0.985
0.979
0.983
0.978
0.936
0.900
0.906
0.886
0.921
0.961
0.962
0.966
0.910
0.881
0.920
0.923
0.952
0.941
0.945
0.898
0.963
0.967
0.967
0.949
0.936
0.950
0.943
0.925
0.983
0.963
0.948
0.982
0.855
0.876
0.959
0.963
0.968
0.981
0.902
0.891
0.947
0.959
0.980
0.962
0.970
0.983
0.964
0.958
0.950
0.950
0.952
0.977
0.971
0.979
0.987
0.968
0.970
0.975
0.968
0.976
0.982
0.987
0.965
0.974
0.959
0.977
0.982
0.987
0.926
0.941
0.969
0.943
0.932
0.969
0.949
0.943
0.950
0.944
0.936
0.973
0.958
0.871
0.762
0.758
0.758
0.787
0.802
0.822
0.855
0.899
0.905
0.924
0.873
0.922
0.959
0.966
0.944
0.974
0.964
0.943
0.905
0.965
0.880
0.914
0.969
0.962
0.935
0.972
0.920
0.943
0.947
0.826
0.892
0.938
0.911
0.971
0.977
0.985
0.979
0.957
0.954
0.945
0.947
0.961
0.975
0.971
0.985
0.986
0.979
0.980
0.985
0.986
0.986
0.986
0.984
0.978
0.977
0.966
0.955
0.961
0.971
0.959
0.933
0.921
0.889
0.917
0.934
0.767
0.881
0.974
0.947
0.945
0.956
0.983
0.958
0.968
0.964
0.938
0.913
0.875
0.945
0.929
0.940
0.939
0.980
0.983
0.975
0.944
0.947
0.970
0.963
0.982
0.974
0.918
0.982
0.971
0.977
0.980
0.974
0.983
0.984
0.983
0.985
0.985
0.954
0.973
0.978
0.972
0.931
0.931
0.913
0.969
0.941
0.970
0.970
0.974
0.981
0.975
0.944
0.947
0.934
0.852
0.838
0.762
0.729
0.763
0.847
0.776
0.862
0.907
0.908
0.855
0.875
0.837
0.848
0.796
0.893
0.912
0.873
0.847
0.754
0.782
0.762
0.681
0.686
0.745
0.842
0.846
0.952
0.915
0.952
0.916
0.884
0.883
0.831
0.776
0.807
0.789
0.741
0.721
0.713
0.690
0.793
0.854
0.865
0.886
0.761
0.739
0.815
0.907
0.924
0.901
0.854
0.860
0.883
0.908
0.920
0.951
0.919
0.803
0.779
0.856
0.930
0.937
0.906
0.950
0.911
0.966
0.980
0.980
0.979
0.985
0.959
0.911
0.867
0.915
0.916
0.889
0.858
0.863
0.890
0.955
0.969
0.953
0.978
0.984
0.984
0.978
0.966
0.868
0.936
0.976
0.947
0.975
0.952
0.984
0.936
0.980
0.951
0.945
0.930
0.982
0.986
0.961
0.974
0.972
0.953
0.912
0.928
0.984
0.965
0.936
0.971
0.979
0.978
0.974
0.979
0.964
0.949
0.971
0.978
0.983
0.977
0.965
0.958
0.922
0.940
0.967
0.952
0.979
0.960
0.965
0.985
0.984
0.954
0.968
0.951
0.978
0.982
0.968
0.958
0.985
0.982
0.943
0.924
0.930
0.979
0.957
0.958
0.984
0.952
0.926
0.968
0.974
0.978
0.978
0.920
0.963
0.966
0.962
0.934
0.898
0.871
0.932
0.911
0.929
0.925
0.979
0.949
0.870
0.831
0.891
0.856
0.915
0.969
0.889
0.826
0.788
0.778
0.797
0.800
0.890
0.910
0.904
0.760
0.817
0.703
0.643
0.662
0.758
0.945
0.970
0.975
0.939
0.912
0.827
0.907
0.868
0.944
0.906
0.967
0.888
0.916
0.880
0.856
0.836
0.860
0.880
0.937
0.928
0.843
0.894
0.953
0.895
0.925
0.906
0.834
0.718
0.883
0.979
0.983
0.898
0.946
0.966
0.859
0.795
0.896
0.968
0.974
0.970
0.883
0.838
0.829
0.911
0.879
0.915
0.952
0.956
0.937
0.903
0.904
0.904
0.961
0.946
0.925
0.938
0.906
0.865
0.920
0.916
0.902
0.973
0.973
0.973
0.835
0.870
0.854
0.756
0.851
0.980
0.927
0.898
0.866
0.949
0.983
0.925
0.980
0.983
0.969
0.938
0.984
0.951
0.967
0.980
0.857
0.745
0.924
0.852
0.955
0.964
0.895
0.904
0.916
0.958
0.977
0.975
0.978
0.985
0.978
0.965
0.977
0.972
0.982
0.973
0.982
0.983
0.977
0.981
0.978
0.985
0.985
0.979
0.982
0.962
0.983
0.980
0.963
0.984
0.982
0.979
0.956
0.984
0.962
0.972
0.907
0.963
0.972
0.942
0.958
0.942
0.939
0.951
0.890
0.860
0.939
0.961
0.908
0.969
0.938
0.978
0.980
0.976
0.985
0.979
0.984
0.969
0.980
0.959
0.979
0.970
0.890
0.961
0.951
0.951
0.956
0.961
0.942
0.896
0.874
0.966
0.923
0.973
0.950
0.921
0.950
0.947
0.935
0.964
0.930
0.911
0.938
0.906
0.896
0.921
0.924
0.818
0.802
0.868
0.916
0.972
0.929
0.949
0.955
0.986
0.982
0.970
0.946
0.947
0.884
0.861
0.925
0.952
0.946
0.983
0.978
0.958
0.946
0.959
0.959
0.951
0.981
0.982
0.981
0.939
0.956
0.901
0.935
0.922
0.903
0.870
0.902
0.963
0.983
0.967
0.958
0.963
0.962
0.962
0.927
0.902
0.963
0.976
0.977
0.910
0.952
0.969
0.984
0.983
0.915
0.928
0.949
0.971
0.981
0.971
0.914
0.926
0.953
0.900
0.964
0.984
0.981
0.969
0.963
0.972
0.981
0.971
0.965
0.967
0.973
0.987
0.971
0.977
0.949
0.872
0.930
0.980
0.975
0.950
0.977
0.962
0.982
0.981
0.985
0.986
0.962
0.961
0.974
0.932
0.951
0.961
0.972
0.979
0.982
0.982
0.983
0.954
0.928
0.913
0.921
0.929
0.978
0.986
0.944
0.956
0.982
0.984
0.980
0.984
0.981
0.973
0.936
0.979
0.972
0.909
0.953
0.976
0.982
0.966
0.985
0.978
0.973
0.956
0.976
0.964
0.985
0.983
0.957
0.975
0.917
0.975
0.973
0.984
0.975
0.985
0.966
0.981
0.981
0.973
0.984
0.932
0.974
0.982
0.975
0.944
0.963
0.972
0.977
0.976
0.974
0.970
0.986
0.925
0.965
0.969
0.981
0.983
0.956
0.913
0.946
0.986
0.982
0.976
0.980
0.983
0.973
0.979
0.955
0.941
0.967
0.981
0.962
0.901
0.937
0.975
0.977
0.976
0.984
0.981
0.982
0.965
0.977
0.972
0.976
0.976
0.979
0.926
0.901
0.912
0.930
0.971
0.973
0.981
0.880
0.884
0.958
0.958
0.917
0.935
0.958
0.931
0.927
0.968
0.985
0.985
0.959
0.971
0.964
0.962
0.911
0.933
0.958
0.977
0.971
0.979
0.973
0.965
0.977
0.976
0.979
0.968
0.980
0.971
0.967
0.971
0.984
0.986
0.974
0.986
0.973
0.981
0.948
0.987
0.983
0.987
0.982
0.970
0.958
0.983
0.981
0.973
0.965
0.945
0.961
0.957
0.956
0.959
0.953
0.973
0.963
0.939
0.956
0.941
0.978
0.979
0.973
0.978
0.984
0.969
0.982
0.982
0.971
0.983
0.979
0.965
0.969
0.979
0.985
0.972
0.979
0.978
0.981
0.986
0.986
0.986
0.981
0.983
0.981
0.986
0.961
0.955
0.969
0.968
0.984
0.986
0.973
0.968
0.905
0.875
0.939
0.962
0.919
0.929
0.920
0.969
0.986
0.984
0.986
0.987
0.969
0.985
0.983
0.981
0.959
0.981
0.972
0.986
0.964
0.984
0.964
0.975
0.973
0.987
0.944
0.987
0.964
0.953
0.977
0.971
0.971
0.936
0.957
0.919
0.937
0.919
0.937
0.948
0.897
0.935
0.939
0.968
0.975
0.977
0.931
0.922
0.978
0.954
0.976
0.923
0.983
0.981
0.948
0.984
0.982
0.959
0.940
0.986
0.972
0.983
0.962
0.986
0.923
0.964
0.967
0.981
0.972
0.979
0.978
0.984
0.987
0.983
0.928
0.980
0.948
0.983
0.984
0.974
0.898
0.949
0.902
0.875
0.914
0.909
0.893
0.848
0.806
0.810
0.850
0.854
0.842
0.871
0.882
0.850
0.857
0.950
0.885
0.870
0.843
0.853
0.932
0.865
0.847
0.837
0.886
0.915
0.952
0.916
0.941
0.958
0.961
0.944
0.910
0.900
0.854
0.932
0.947
0.946
0.883
0.827
0.896
0.909
0.904
0.967
0.985
0.985
0.978
0.984
0.908
0.975
0.976
0.957
0.926
0.900
0.884
0.932
0.938
0.943
0.976
0.952
0.955
0.979
0.974
0.969
0.980
0.986
0.985
0.979
0.967
0.987
0.966
0.955
0.937
0.971
0.945
0.967
0.953
0.980
0.931
0.979
0.980
0.954
0.987
0.979
0.981
0.948
0.923
0.980
0.983
0.929
0.986
0.945
0.964
0.941
0.983
0.983
0.981
0.951
0.897
0.941
0.983
0.969
0.963
0.968
0.982
0.981
0.981
0.984
0.985
0.975
0.984
0.976
0.973
0.964
0.975
0.937
0.981
0.946
0.978
0.980
0.976
0.976
0.979
0.951
0.982
0.985
0.984
0.986
0.977
0.978
0.929
0.959
0.976
0.981
0.978
0.911
0.979
0.974
0.962
0.984
0.988
0.980
0.902
0.939
0.957
0.974
0.974
0.940
0.971
0.983
0.984
0.979
0.976
0.938
0.950
0.980
0.977
0.985
0.975
0.983
0.977
0.980
0.981
0.983
0.948
0.984
0.978
0.890
0.942
0.865
0.987
0.985
0.970
0.931
0.976
0.897
0.930
0.951
0.934
0.898
0.962
0.965
0.979
0.969
0.958
0.952
0.955
0.928
0.882
0.900
0.798
0.757
0.815
0.800
0.826
0.891
0.897
0.915
0.891
0.899
0.965
0.982
0.954
0.878
0.949
0.911
0.952
0.960
0.987
0.972
0.935
0.959
0.975
0.917
0.899
0.945
0.906
0.912
0.951
0.854
0.842
0.847
0.873
0.878
0.885
0.857
0.899
0.929
0.957
0.976
0.980
0.983
0.977
0.977
0.987
0.987
0.961
0.951
0.984
0.955
0.978
0.970
0.958
0.984
0.976
0.936
0.898
0.934
0.965
0.941
0.945
0.929
0.975
0.971
0.939
0.929
0.878
0.927
0.919
0.936
0.964
0.945
0.977
0.965
0.899
0.934
0.945
0.972
0.937
0.931
0.966
0.986
0.977
0.972
0.971
0.915
0.911
0.864
0.967
0.985
0.977
0.971
0.964
0.960
0.974
0.972
0.980
0.971
0.957
0.982
0.972
0.980
0.975
0.979
0.972
0.951
0.937
0.958
0.984
0.969
0.977
0.975
0.984
0.983
0.972
0.974
0.978
0.974
0.983
0.895
0.971
0.983
0.973
0.943
0.976
0.973
0.970
0.985
0.982
0.961
0.947
0.926
0.938
0.913
0.960
0.975
0.958
0.980
0.986
0.976
0.974
0.913
0.965
0.924
0.962
0.937
0.934
0.972
0.889
0.882
0.915
0.944
0.974
0.967
0.966
0.977
0.982
0.971
0.919
0.904
0.948
0.963
0.976
0.948
0.921
0.861
0.913
0.898
0.886
0.879
0.928
0.916
0.876
0.915
0.944
0.917
0.945
0.882
0.875
0.865
0.871
0.895
0.866
0.848
0.894
0.892
0.909
0.961
0.971
0.957
0.979
0.926
0.833
0.895
0.868
0.863
0.947
0.911
0.919
0.894
0.910
0.941
0.963
0.945
0.949
0.950
0.949
0.921
0.938
0.895
0.774
0.782
0.748
0.744
0.830
0.795
0.878
0.810
0.731
0.790
0.760
0.787
0.841
0.880
0.912
0.909
0.884
0.933
0.967
0.956
0.939
0.945
0.982
0.974
0.985
0.930
0.961
0.979
0.972
0.974
0.976
0.985
0.962
0.964
0.961
0.957
0.886
0.903
0.892
0.928
0.947
0.970
0.952
0.979
0.981
0.960
0.952
0.986
0.948
0.980
0.985
0.956
0.939
0.956
0.978
0.960
0.915
0.940
0.949
0.918
0.881
0.855
0.889
0.961
0.934
0.933
0.950
0.939
0.903
0.908
0.942
0.969
0.953
0.984
0.986
0.967
0.977
0.983
0.969
0.979
0.975
0.985
0.971
0.972
0.918
0.985
0.964
0.952
0.959
0.979
0.981
0.981
0.969
0.947
0.967
0.975
0.938
0.963
0.964
0.980
0.983
0.928
0.837
0.755
0.865
0.895
0.931
0.915
0.947
0.942
0.955
0.944
0.928
0.931
0.939
0.967
0.979
0.962
0.959
0.971
0.948
0.946
0.945
0.932
0.939
0.853
0.858
0.806
0.887
0.937
0.958
0.982
0.907
0.873
0.856
0.875
0.912
0.899
0.933
0.961
0.972
0.944
0.918
0.895
0.881
0.905
0.912
0.926
0.861
0.793
0.854
0.907
0.953
0.949
0.930
0.886
0.908
0.837
0.853
0.893
0.965
0.962
0.969
0.929
0.974
0.982
0.911
0.884
0.861
0.891
0.749
0.713
0.767
0.824
0.785
0.739
0.792
0.855
0.861
0.721
0.710
0.806
0.822
0.719
0.648
0.574
0.633
0.816
0.882
0.817
0.855
0.872
0.911
0.840
0.924
0.880
0.891
0.870
0.912
0.976
0.968
0.957
0.973
0.934
0.953
0.972
0.958
0.983
0.984
0.937
0.977
0.971
0.981
0.912
0.913
0.919
0.956
0.958
0.977
0.973
0.964
0.966
0.986
0.984
0.979
0.986
0.983
0.968
0.969
0.916
0.969
0.964
0.966
0.956
0.930
0.878
0.952
0.954
0.973
0.945
0.981
0.983
0.949
0.964
0.967
0.975
0.975
0.984
0.971
0.958
0.892
0.978
0.986
0.945
0.948
0.966
0.962
0.974
0.967
0.952
0.907
0.940
0.976
0.939
0.911
0.971
0.971
0.985
0.974
0.985
0.985
0.983
0.950
0.942
0.958
0.973
0.962
0.985
0.978
0.967
0.946
0.942
0.970
0.985
0.982
0.932
0.974
0.976
0.979
0.979
0.974
0.962
0.928
0.975
0.970
0.986
0.921
0.945
0.955
0.962
0.937
0.846
0.905
0.869
0.857
0.936
0.949
0.958
0.961
0.948
0.958
0.920
0.899
0.917
0.935
0.800
0.852
0.882
0.848
0.678
0.681
0.817
0.842
0.931
0.924
0.896
0.810
0.811
0.854
0.903
0.907
0.941
0.972
0.983
0.983
0.960
0.886
0.956
0.968
0.963
0.933
0.897
0.968
0.952
0.964
0.971
0.883
0.849
0.880
0.949
0.881
0.923
0.833
0.932
0.843
0.865
0.868
0.922
0.918
0.956
0.929
0.909
0.886
0.838
0.740
0.752
0.764
0.838
0.906
0.899
0.881
0.837
0.864
0.847
0.806
0.802
0.876
0.847
0.897
0.952
0.970
0.973
0.871
0.833
0.860
0.811
0.866
0.956
0.951
0.953
0.932
0.864
0.919
0.965
0.979
0.975
0.965
0.983
0.976
0.987
0.961
0.935
0.867
0.949
0.966
0.977
0.955
0.955
0.946
0.984
0.917
0.972
0.978
0.971
0.974
0.985
0.939
0.958
0.912
0.844
0.937
0.946
0.971
0.948
0.964
0.963
0.930
0.941
0.929
0.977
0.981
0.985
0.986
0.963
0.973
0.983
0.985
0.977
0.982
0.955
0.930
0.934
0.982
0.939
0.956
0.976
0.986
0.978
0.981
0.848
0.906
0.957
0.977
0.934
0.941
0.963
0.985
0.978
0.982
0.986
0.976
0.984
0.971
0.980
0.979
0.969
0.981
0.984
0.957
0.968
0.971
0.985
0.982
0.976
0.969
0.975
0.934
0.978
0.953
0.919
0.911
0.964
0.970
0.979
0.985
0.984
0.973
0.970
0.949
0.980
0.973
0.952
0.986
0.981
0.986
0.979
0.978
0.982
0.981
0.979
0.974
0.985
0.983
0.986
0.964
0.961
0.979
0.964
0.934
0.853
0.957
0.941
0.891
0.951
0.944
0.981
0.966
0.900
0.869
0.940
0.939
0.947
0.937
0.955
0.945
0.936
0.897
0.871
0.931
0.912
0.885
0.896
0.944
0.921
0.776
0.764
0.848
0.889
0.960
0.931
0.966
0.974
0.985
0.968
0.964
0.982
0.950
0.976
0.953
0.960
0.943
0.922
0.903
0.850
0.887
0.925
0.907
0.919
0.923
0.928
0.938
0.960
0.808
0.890
0.942
0.954
0.914
0.798
0.818
0.807
0.876
0.901
0.948
0.898
0.786
0.830
0.928
0.921
0.958
0.939
0.964
0.969
0.967
0.956
0.970
0.985
0.978
0.985
0.980
0.978
0.956
0.961
0.974
0.974
0.984
0.985
0.977
0.928
0.970
0.968
0.985
0.947
0.973
0.985
0.986
0.983
0.968
0.977
0.985
0.971
0.980
0.971
0.957
0.957
0.953
0.985
0.976
0.973
0.972
0.985
0.966
0.984
0.985
0.983
0.980
0.977
0.983
0.983
0.970
0.949
0.913
0.942
0.918
0.896
0.922
0.949
0.903
0.889
0.898
0.883
0.851
0.872
0.923
0.956
0.967
0.983
0.978
0.985
0.978
0.985
0.973
0.980
0.984
0.982
0.846
0.738
0.812
0.965
0.978
0.954
0.948
0.967
0.973
0.987
0.979
0.982
0.969
0.976
0.970
0.927
0.943
0.961
0.970
0.927
0.853
0.881
0.880
0.813
0.818
0.851
0.807
0.757
0.813
0.744
0.735
0.817
0.855
0.856
0.787
0.773
0.746
0.820
0.880
0.952
0.966
0.979
0.871
0.845
0.883
0.850
0.866
0.759
0.856
0.817
0.851
0.887
0.963
0.913
0.957
0.967
0.941
0.941
0.940
0.878
0.820
0.883
0.815
0.757
0.828
0.861
0.885
0.840
0.860
0.835
0.859
0.820
0.845
0.878
0.875
0.801
0.824
0.810
0.813
0.796
0.727
0.693
0.694
0.796
0.895
0.918
0.861
0.846
0.870
0.912
0.924
0.969
0.982
0.981
0.964
0.954
0.956
0.952
0.948
0.980
0.909
0.923
0.934
0.829
0.780
0.847
0.893
0.958
0.940
0.917
0.930
0.951
0.967
0.974
0.986
0.976
0.966
0.881
0.857
0.925
0.974
0.979
0.972
0.982
0.985
0.962
0.982
0.947
0.917
0.940
0.896
0.897
0.920
0.944
0.941
0.975
0.952
0.982
0.932
0.953
0.916
0.981
0.986
0.940
0.971
0.974
0.979
0.986
0.978
0.950
0.985
0.958
0.984
0.972
0.947
0.965
0.965
0.985
0.970
0.986
0.978
0.961
0.938
0.928
0.971
0.987
0.950
0.930
0.952
0.966
0.978
0.983
0.909
0.904
0.946
0.980
0.973
0.967
0.969
0.922
0.947
0.927
0.942
0.946
0.908
0.925
0.954
0.962
0.973
0.913
0.894
0.907
0.922
0.969
0.939
0.966
0.967
0.978
0.942
0.928
0.968
0.985
0.986
0.986
0.985
0.953
0.977
0.979
0.911
0.957
0.944
0.907
0.926
0.915
0.924
0.944
0.957
0.948
0.862
0.872
0.857
0.893
0.895
0.896
0.878
0.799
0.859
0.854
0.822
0.839
0.843
0.853
0.935
0.923
0.863
0.937
0.921
0.858
0.776
0.723
0.827
0.958
0.919
0.897
0.908
0.907
0.904
0.782
0.832
0.939
0.953
0.953
0.780
0.805
0.874
0.895
0.887
0.917
0.935
0.927
0.976
0.980
0.973
0.940
0.950
0.976
0.970
0.974
0.968
0.973
0.965
0.959
0.971
0.934
0.950
0.971
0.968
0.902
0.919
0.967
0.945
0.889
0.865
0.859
0.835
0.856
0.906
0.936
0.901
0.955
0.954
0.974
0.986
0.979
0.964
0.951
0.972
0.978
0.969
0.968
0.960
0.941
0.979
0.976
0.954
0.949
0.956
0.984
0.978
0.923
0.786
0.867
0.923
0.965
0.967
0.936
0.971
0.975
0.965
0.977
0.977
0.977
0.975
0.964
0.946
0.970
0.977
0.974
0.973
0.982
0.985
0.985
0.986
0.976
0.980
0.949
0.908
0.968
0.971
0.903
0.965
0.967
0.980
0.926
0.955
0.977
0.969
0.982
0.971
0.954
0.951
0.945
0.908
0.925
0.902
0.917
0.976
0.985
0.958
0.976
0.981
0.972
0.974
0.978
0.985
0.938
0.977
0.966
0.962
0.983
0.975
0.957
0.985
0.968
0.986
0.968
0.959
0.883
0.890
0.912
0.968
0.959
0.974
0.968
0.982
0.965
0.986
0.975
0.986
0.952
0.918
0.959
0.951
0.965
0.861
0.892
0.918
0.920
0.942
0.937
0.981
0.939
0.900
0.905
0.965
0.969
0.974
0.977
0.982
0.942
0.954
0.956
0.917
0.852
0.865
0.905
0.871
0.715
0.806
0.796
0.830
0.821
0.827
0.856
0.882
0.935
0.809
0.856
0.876
0.916
0.897
0.941
0.979
0.963
0.927
0.940
0.895
0.906
0.967
0.934
0.869
0.886
0.877
0.895
0.908
0.859
0.901
0.854
0.840
0.906
0.944
0.981
0.975
0.985
0.928
0.936
0.896
0.923
0.857
0.938
0.955
0.872
0.870
0.854
0.868
0.867
0.954
0.957
0.980
0.975
0.986
0.961
0.965
0.978
0.956
0.907
0.945
0.970
0.964
0.976
0.924
0.962
0.923
0.941
0.974
0.970
0.983
0.981
0.983
0.965
0.985
0.986
0.983
0.984
0.981
0.977
0.979
0.985
0.951
0.982
0.984
0.965
0.971
0.981
0.984
0.958
0.978
0.962
0.922
0.982
0.986
0.981
0.985
0.973
0.977
0.962
0.973
0.974
0.984
0.978
0.970
0.980
0.978
0.951
0.964
0.962
0.978
0.970
0.982
0.983
0.971
0.984
0.978
0.986
0.975
0.984
0.980
0.977
0.977
0.970
0.978
0.968
0.983
0.979
0.985
0.982
0.982
0.986
0.947
0.950
0.973
0.984
0.978
0.982
0.963
0.982
0.944
0.938
0.968
0.963
0.982
0.942
0.970
0.981
0.972
0.964
0.977
0.953
0.898
0.884
0.941
0.938
0.923
0.950
0.921
0.933
0.910
0.940
0.974
0.973
0.986
0.939
0.921
0.817
0.772
0.721
0.836
0.904
0.922
0.968
0.973
0.976
0.986
0.983
0.984
0.969
0.948
0.879
0.950
0.975
0.976
0.979
0.906
0.978
0.951
0.969
0.969
0.813
0.837
0.871
0.887
0.846
0.824
0.831
0.848
0.818
0.813
0.911
0.839
0.813
0.730
0.789
0.728
0.642
0.705
0.852
0.907
0.920
0.948
0.955
0.935
0.879
0.924
0.983
0.964
0.980
0.946
0.982
0.977
0.942
0.945
0.955
0.968
0.967
0.967
0.947
0.930
0.934
0.913
0.960
0.985
0.966
0.958
0.974
0.943
0.900
0.893
0.901
0.940
0.950
0.922
0.923
0.970
0.921
0.930
0.968
0.951
0.946
0.975
0.983
0.985
0.961
0.946
0.865
0.912
0.966
0.976
0.986
0.985
0.943
0.962
0.950
0.965
0.980
0.979
0.964
0.931
0.984
0.986
0.986
0.984
0.970
0.955
0.970
0.986
0.971
0.986
0.979
0.975
0.986
0.972
0.984
0.975
0.947
0.969
0.981
0.980
0.977
0.985
0.957
0.960
0.880
0.919
0.924
0.953
0.962
0.970
0.982
0.944
0.984
0.969
0.984
0.982
0.984
0.983
0.983
0.984
0.978
0.944
0.962
0.959
0.958
0.980
0.980
0.973
0.935
0.899
0.945
0.889
0.921
0.952
0.968
0.883
0.902
0.933
0.917
0.898
0.867
0.860
0.907
0.886
0.877
0.835
0.883
0.865
0.948
0.862
0.770
0.770
0.845
0.873
0.861
0.898
0.913
0.820
0.930
0.964
0.926
0.954
0.920
0.953
0.931
0.923
0.971
0.977
0.966
0.915
0.894
0.954
0.971
0.956
0.935
0.894
0.932
0.939
0.924
0.951
0.955
0.920
0.930
0.951
0.950
0.933
0.955
0.936
0.901
0.827
0.781
0.835
0.923
0.914
0.901
0.967
0.762
0.695
0.730
0.853
0.801
0.838
0.822
0.840
0.881
0.930
0.961
0.926
0.935
0.904
0.939
0.877
0.868
0.945
0.960
0.962
0.978
0.950
0.952
0.979
0.931
0.905
0.894
0.882
0.974
0.981
0.969
0.985
0.986
0.986
0.972
0.985
0.915
0.932
0.962
0.966
0.943
0.977
0.961
0.984
0.973
0.932
0.951
0.940
0.975
0.969
0.940
0.984
0.981
0.985
0.967
0.973
0.937
0.936
0.983
0.975
0.984
0.978
0.979
0.978
0.985
0.979
0.985
0.958
0.975
0.965
0.972
0.952
0.985
0.954
0.986
0.986
0.982
0.973
0.959
0.961
0.980
0.983
0.984
0.968
0.985
0.981
0.957
0.981
0.969
0.984
0.981
0.968
0.986
0.976
0.983
0.962
0.951
0.947
0.955
0.953
0.959
0.984
0.986
0.983
0.986
0.981
0.952
0.935
0.977
0.975
0.980
0.981
0.986
0.914
0.912
0.962
0.981
0.969
0.967
0.976
0.945
0.969
0.978
0.983
0.986
0.963
0.986
0.986
0.944
0.976
0.973
0.963
0.971
0.976
0.955
0.965
0.911
0.957
0.872
0.836
0.959
0.916
0.863
0.970
0.951
0.952
0.935
0.956
0.947
0.949
0.977
0.971
0.973
0.952
0.946
0.979
0.978
0.982
0.979
0.971
0.983
0.978
0.986
0.987
0.960
0.907
0.957
0.945
0.931
0.916
0.985
0.972
0.941
0.962
0.958
0.965
0.965
0.954
0.954
0.964
0.934
0.953
0.973
0.948
0.969
0.985
0.986
0.959
0.981
0.986
0.971
0.962
0.917
0.986
0.949
0.935
0.949
0.956
0.939
0.908
0.965
0.925
0.927
0.913
0.957
0.965
0.950
0.976
0.978
0.979
0.983
0.978
0.955
0.968
0.970
0.965
0.868
0.953
0.873
0.922
0.922
0.878
0.966
0.945
0.920
0.978
0.965
0.887
0.913
0.971
0.936
0.965
0.966
0.981
0.963
0.954
0.966
0.962
0.978
0.984
0.904
0.951
0.949
0.983
0.977
0.980
0.979
0.951
0.973
0.920
0.938
0.923
0.960
0.911
0.955
0.976
0.980
0.985
0.976
0.967
0.925
0.978
0.976
0.954
0.966
0.980
0.954
0.975
0.979
0.967
0.964
0.984
0.949
0.981
0.976
0.985
0.954
0.939
0.951
0.963
0.959
0.974
0.983
0.985
0.976
0.985
0.969
0.982
0.986
0.981
0.956
0.972
0.979
0.964
0.886
0.886
0.943
0.956
0.970
0.976
0.978
0.921
0.952
0.985
0.953
0.980
0.977
0.965
0.985
0.980
0.965
0.967
0.957
0.890
0.895
0.918
0.951
0.934
0.970
0.940
0.888
0.888
0.860
0.940
0.928
0.974
0.979
0.976
0.969
0.913
0.957
0.927
0.969
0.947
0.912
0.890
0.883
0.874
0.883
0.915
0.947
0.980
0.986
0.980
0.976
0.959
0.932
0.946
0.920
0.879
0.856
0.868
0.863
0.760
0.815
0.796
0.834
0.798
0.851
0.909
0.885
0.843
0.881
0.900
0.950
0.877
0.890
0.908
0.803
0.872
0.886
0.927
0.977
0.980
0.986
0.985
0.969
0.909
0.857
0.914
0.968
0.968
0.972
0.978
0.932
0.977
0.977
0.972
0.973
0.965
0.928
0.917
0.891
0.920
0.952
0.939
0.924
0.866
0.891
0.841
0.883
0.928
0.884
0.923
0.900
0.848
0.884
0.891
0.921
0.936
0.985
0.984
0.986
0.974
0.974
0.983
0.976
0.966
0.976
0.973
0.973
0.977
0.984
0.955
0.984
0.942
0.972
0.936
0.969
0.971
0.982
0.976
0.971
0.969
0.969
0.974
0.960
0.957
0.983
0.984
0.944
0.976
0.985
0.977
0.987
0.963
0.958
0.960
0.961
0.982
0.983
0.986
0.976
0.984
0.963
0.980
0.972
0.979
0.982
0.968
0.985
0.985
0.986
0.970
0.974
0.933
0.960
0.973
0.974
0.985
0.973
0.985
0.986
0.987
0.974
0.970
0.985
0.953
0.878
0.912
0.911
0.938
0.928
0.909
0.951
0.980
0.986
0.933
0.953
0.972
0.944
0.975
0.984
0.983
0.982
0.975
0.966
0.925
0.963
0.978
0.963
0.985
0.984
0.977
0.984
0.982
0.984
0.919
0.931
0.976
0.874
0.839
0.956
0.939
0.969
0.972
0.985
0.954
0.948
0.971
0.945
0.964
0.971
0.955
0.940
0.977
0.980
0.928
0.974
0.971
0.850
0.795
0.869
0.923
0.931
0.948
0.971
0.970
0.972
0.949
0.979
0.971
0.984
0.978
0.984
0.985
0.986
0.963
0.950
0.981
0.972
0.964
0.916
0.959
0.963
0.965
0.844
0.803
0.858
0.925
0.936
0.853
0.772
0.800
0.826
0.881
0.959
0.937
0.920
0.979
0.888
0.966
0.973
0.982
0.970
0.964
0.971
0.984
0.986
0.982
0.982
0.983
0.969
0.908
0.948
0.952
0.956
0.976
0.972
0.973
0.980
0.967
0.985
0.984
0.957
0.977
0.968
0.978
0.919
0.950
0.976
0.970
0.969
0.986
0.985
0.986
0.986
0.986
0.982
0.983
0.985
0.961
0.986
0.985
0.987
0.985
0.903
0.914
0.970
0.976
0.974
0.926
0.973
0.937
0.955
0.915
0.982
0.963
0.983
0.985
0.985
0.986
0.974
0.893
0.961
0.985
0.985
0.986
0.970
0.985
0.985
0.983
0.985
0.982
0.948
0.936
0.909
0.965
0.977
0.969
0.949
0.961
0.969
0.973
0.875
0.930
0.936
0.917
0.954
0.965
0.979
0.916
0.948
0.968
0.965
0.984
0.954
0.973
0.984
0.986
0.962
0.973
0.986
0.978
0.933
0.926
0.935
0.956
0.907
0.918
0.915
0.865
0.889
0.904
0.901
0.892
0.961
0.856
0.927
0.817
0.853
0.722
0.725
0.722
0.760
0.811
0.842
0.868
0.867
0.848
0.885
0.912
0.850
0.871
0.861
0.796
0.900
0.874
0.873
0.904
0.926
0.836
0.826
0.907
0.915
0.923
0.908
0.948
0.948
0.986
0.976
0.978
0.948
0.930
0.808
0.912
0.826
0.845
0.867
0.871
0.917
0.919
0.958
0.955
0.956
0.909
0.835
0.898
0.932
0.968
0.945
0.970
0.931
0.950
0.933
0.890
0.936
0.937
0.982
0.974
0.954
0.938
0.954
0.927
0.956
0.926
0.936
0.959
0.974
0.963
0.865
0.949
0.983
0.972
0.964
0.948
0.964
0.967
0.961
0.980
0.968
0.974
0.981
0.971
0.968
0.973
0.961
0.966
0.946
0.919
0.881
0.858
0.892
0.924
0.923
0.918
0.958
0.968
0.984
0.982
0.914
0.965
0.929
0.956
0.970
0.978
0.980
0.986
0.972
0.978
0.981
0.974
0.950
0.937
0.925
0.945
0.946
0.970
0.981
0.982
0.969
0.939
0.980
0.970
0.948
0.985
0.956
0.975
0.948
0.960
0.974
0.983
0.983
0.984
0.939
0.943
0.963
0.983
0.951
0.986
0.987
0.952
0.964
0.984
0.985
0.974
0.985
0.980
0.979
0.961
0.985
0.981
0.985
0.981
0.985
0.974
0.966
0.979
0.983
0.968
0.954
0.946
0.976
0.985
0.974
0.981
0.980
0.975
0.987
0.979
0.960
0.965
0.877
0.925
0.946
0.966
0.963
0.962
0.977
0.979
0.981
0.986
0.984
0.956
0.913
0.924
0.959
0.932
0.894
0.834
0.934
0.927
0.935
0.922
0.889
0.953
0.931
0.967
0.930
0.915
0.957
0.957
0.905
0.965
0.981
0.938
0.915
0.930
0.913
0.942
0.952
0.904
0.985
0.958
0.953
0.857
0.974
0.917
0.895
0.866
0.846
0.876
0.870
0.904
0.914
0.936
0.961
0.920
0.924
0.896
0.932
0.934
0.948
0.967
0.962
0.969
0.965
0.860
0.819
0.778
0.821
0.811
0.882
0.896
0.859
0.879
0.900
0.940
0.921
0.981
0.977
0.980
0.973
0.975
0.961
0.946
0.972
0.929
0.950
0.959
0.965
0.978
0.984
0.976
0.981
0.980
0.973
0.985
0.985
0.980
0.980
0.986
0.978
0.980
0.962
0.982
0.980
0.962
0.980
0.980
0.982
0.984
0.977
0.968
0.977
0.975
0.977
0.956
0.970
0.960
0.980
0.955
0.974
0.976
0.985
0.985
0.986
0.986
0.969
0.979
0.981
0.966
0.985
0.979
0.966
0.984
0.982
0.984
0.983
0.982
0.984
0.944
0.980
0.985
0.982
0.985
0.983
0.955
0.937
0.960
0.957
0.936
0.932
0.984
0.984
0.950
0.981
0.986
0.985
0.924
0.985
0.979
0.986
0.984
0.960
0.986
0.978
0.985
0.980
0.986
0.968
0.943
0.953
0.959
0.974
0.969
0.954
0.931
0.916
0.938
0.860
0.925
0.920
0.978
0.952
0.966
0.926
0.877
0.913
0.956
0.937
0.922
0.917
0.929
0.932
0.829
0.898
0.907
0.833
0.829
0.790
0.785
0.860
0.844
0.945
0.978
0.976
0.916
0.935
0.925
0.967
0.970
0.972
0.970
0.980
0.979
0.958
0.975
0.946
0.959
0.949
0.936
0.970
0.950
0.900
0.884
0.880
0.850
0.883
0.882
0.894
0.941
0.962
0.979
0.966
0.960
0.967
0.979
0.974
0.910
0.928
0.980
0.966
0.980
0.954
0.978
0.971
0.974
0.984
0.939
0.964
0.941
0.950
0.979
0.979
0.969
0.928
0.975
0.985
0.970
0.975
0.931
0.937
0.982
0.986
0.926
0.920
0.980
0.968
0.966
0.926
0.937
0.947
0.970
0.985
0.977
0.957
0.930
0.977
0.980
0.946
0.972
0.976
0.985
0.979
0.948
0.964
0.889
0.924
0.960
0.964
0.969
0.985
0.968
0.970
0.976
0.978
0.982
0.986
0.969
0.950
0.982
0.962
0.952
0.986
0.935
0.986
0.986
0.979
0.971
0.973
0.985
0.971
0.972
0.981
0.941
0.961
0.985
0.972
0.978
0.956
0.980
0.943
0.979
0.983
0.971
0.984
0.968
0.985
0.986
0.944
0.973
0.973
0.974
0.978
0.956
0.977
0.971
0.960
0.917
0.937
0.984
0.985
0.986
0.975
0.976
0.960
0.981
0.980
0.967
0.940
0.960
0.892
0.945
0.967
0.930
0.906
0.928
0.966
0.898
0.970
0.981
0.964
0.985
0.983
0.976
0.984
0.972
0.984
0.981
0.947
0.980
0.961
0.979
0.978
0.981
0.973
0.974
0.975
0.963
0.958
0.940
0.828
0.812
0.884
0.892
0.922
0.943
0.910
0.982
0.970
0.974
0.957
0.958
0.931
0.957
0.970
0.969
0.973
0.949
0.924
0.966
0.918
0.959
0.935
0.963
0.982
0.958
0.898
0.810
0.794
0.815
0.775
0.914
0.852
0.893
0.897
0.894
0.943
0.975
0.980
0.978
0.968
0.943
0.945
0.959
0.951
0.981
0.976
0.953
0.983
0.985
0.986
0.967
0.961
0.957
0.927
0.961
0.914
0.965
0.971
0.859
0.920
0.938
0.963
0.973
0.984
0.974
0.922
0.913
0.912
0.976
0.947
0.967
0.976
0.985
0.911
0.939
0.935
0.968
0.967
0.951
0.944
0.984
0.983
0.980
0.974
0.956
0.949
0.968
0.986
0.986
0.982
0.985
0.960
0.962
0.969
0.974
0.970
0.975
0.970
0.965
0.956
0.961
0.973
0.983
0.970
0.967
0.969
0.919
0.903
0.939
0.971
0.971
0.970
0.986
0.986
0.986
0.986
0.982
0.986
0.986
0.983
0.986
0.950
0.957
0.981
0.950
0.944
0.954
0.965
0.975
0.982
0.984
0.958
0.964
0.919
0.959
0.980
0.968
0.976
0.983
0.984
0.986
0.982
0.985
0.987
0.987
0.980
0.982
0.986
0.976
0.964
0.958
0.975
0.979
0.916
0.917
0.943
0.977
0.953
0.972
0.974
0.979
0.945
0.965
0.931
0.963
0.981
0.934
0.918
0.969
0.979
0.972
0.957
0.986
0.984
0.979
0.986
0.928
0.909
0.912
0.895
0.939
0.906
0.975
0.941
0.952
0.972
0.983
0.956
0.968
0.978
0.958
0.959
0.963
0.985
0.948
0.961
0.976
0.977
0.969
0.945
0.896
0.919
0.949
0.937
0.918
0.850
0.914
0.967
0.925
0.974
0.968
0.983
0.983
0.974
0.890
0.933
0.967
0.939
0.906
0.922
0.950
0.970
0.984
0.966
0.902
0.977
0.985
0.983
0.985
0.957
0.978
0.977
0.980
0.982
0.986
0.984
0.980
0.975
0.983
0.985
0.965
0.986
0.970
0.985
0.986
0.977
0.931
0.970
0.975
0.968
0.951
0.975
0.915
0.914
0.951
0.950
0.948
0.984
0.985
0.986
0.983
0.978
0.986
0.976
0.985
0.986
0.975
0.954
0.981
0.946
0.977
0.891
0.983
0.983
0.986
0.970
0.962
0.978
0.981
0.986
0.962
0.982
0.986
0.971
0.969
0.985
0.957
0.970
0.984
0.976
0.979
0.980
0.918
0.982
0.978
0.977
0.974
0.968
0.957
0.980
0.980
0.969
0.963
0.976
0.980
0.965
0.984
0.987
0.986
0.973
0.976
0.985
0.966
0.957
0.970
0.961
0.983
0.986
0.982
0.987
0.963
0.986
0.983
0.986
0.985
0.984
0.982
0.983
0.985
0.987
0.970
0.987
0.986
0.984
0.984
0.987
0.975
0.984
0.897
0.979
0.979
0.963
0.955
0.958
0.980
0.986
0.976
0.923
0.936
0.865
0.844
0.806
0.975
0.980
0.982
0.977
0.974
0.975
0.938
0.947
0.953
0.879
0.922
0.987
0.986
0.973
0.985
0.899
0.949
0.967
0.977
0.979
0.981
0.986
0.972
0.982
0.956
0.977
0.978
0.980
0.984
0.986
0.971
0.985
0.980
0.986
0.986
0.982
0.950
0.965
0.962
0.923
0.958
0.964
0.985
0.986
0.967
0.982
0.981
0.971
0.969
0.939
0.959
0.958
0.986
0.982
0.936
0.983
0.983
0.976
0.956
0.969
0.974
0.948
0.977
0.977
0.980
0.983
0.972
0.978
0.983
0.985
0.975
0.958
0.983
0.986
0.985
0.964
0.971
0.973
0.968
0.982
0.976
0.969
0.954
0.984
0.973
0.966
0.962
0.975
0.986
0.986
0.970
0.985
0.986
0.986
0.986
0.986
0.985
0.985
0.971
0.985
0.979
0.957
0.986
0.987
0.926
0.973
0.946
0.908
0.960
0.959
0.977
0.980
0.985
0.984
0.950
0.965
0.977
0.967
0.957
0.974
0.982
0.973
0.976
0.981
0.980
0.985
0.972
0.979
0.985
0.963
0.964
0.984
0.983
0.980
0.983
0.974
0.978
0.973
0.985
0.951
0.975
0.883
0.912
0.938
0.941
0.985
0.985
0.980
0.986
0.977
0.984
0.978
0.981
0.946
0.982
0.974
0.985
0.947
0.980
0.976
0.985
0.976
0.982
0.975
0.944
0.867
0.942
0.965
0.982
0.969
0.984
0.952
0.971
0.983
0.966
0.961
0.979
0.985
0.944
0.977
0.973
0.969
0.972
0.981
0.982
0.986
0.981
0.972
0.942
0.893
0.909
0.970
0.965
0.981
0.942
0.954
0.975
0.971
0.985
0.954
0.926
0.950
0.962
0.955
0.945
0.913
0.961
0.867
0.797
0.891
0.897
0.887
0.864
0.942
0.934
0.985
0.944
0.938
0.914
0.939
0.891
0.898
0.904
0.937
0.917
0.865
0.926
0.864
0.904
0.888
0.985
0.976
0.958
0.883
0.919
0.936
0.928
0.943
0.974
0.979
0.947
0.983
0.964
0.985
0.982
0.984
0.970
0.983
0.983
0.966
0.956
0.972
0.939
0.972
0.984
0.983
0.973
0.942
0.972
0.950
0.913
0.877
0.917
0.946
0.981
0.970
0.899
0.975
0.978
0.963
0.979
0.986
0.983
0.959
0.953
0.974
0.968
0.982
0.971
0.930
0.898
0.947
0.973
0.979
0.973
0.876
0.925
0.976
0.983
0.982
0.950
0.980
0.972
0.965
0.869
0.976
0.975
0.965
0.983
0.984
0.983
0.983
0.979
0.983
0.984
0.973
0.984
0.982
0.985
0.957
0.984
0.956
0.979
0.981
0.972
0.983
0.986
0.976
0.981
0.979
0.945
0.985
0.986
0.986
0.977
0.970
0.985
0.985
0.986
0.982
0.985
0.978
0.978
0.985
0.980
0.961
0.969
0.979
0.974
0.984
0.984
0.978
0.979
0.962
0.974
0.984
0.945
0.958
0.964
0.948
0.924
0.938
0.944
0.948
0.976
0.969
0.979
0.967
0.928
0.942
0.918
0.945
0.978
0.954
0.984
0.986
0.985
0.986
0.982
0.986
0.971
0.970
0.980
0.983
0.966
0.934
0.941
0.897
0.870
0.805
0.872
0.916
0.903
0.902
0.837
0.894
0.907
0.932
0.833
0.888
0.775
0.797
0.867
0.841
0.895
0.914
0.914
0.830
0.865
0.927
0.959
0.944
0.963
0.969
0.969
0.919
0.949
0.936
0.917
0.815
0.856
0.863
0.908
0.967
0.981
0.961
0.965
0.918
0.958
0.944
0.971
0.973
0.969
0.965
0.974
0.973
0.918
0.918
0.926
0.932
0.977
0.942
0.973
0.968
0.938
0.970
0.973
0.935
0.953
0.984
0.952
0.973
0.984
0.984
0.985
0.971
0.953
0.976
0.967
0.969
0.978
0.962
0.959
0.983
0.985
0.956
0.964
0.967
0.980
0.939
0.908
0.950
0.892
0.922
0.962
0.979
0.983
0.970
0.985
0.970
0.985
0.981
0.982
0.948
0.975
0.976
0.979
0.985
0.937
0.977
0.942
0.976
0.984
0.976
0.973
0.956
0.973
0.955
0.956
0.919
0.902
0.937
0.974
0.984
0.976
0.950
0.982
0.959
0.975
0.986
0.983
0.985
0.980
0.971
0.984
0.953
0.969
0.945
0.934
0.933
0.963
0.960
0.968
0.952
0.963
0.973
0.977
0.983
0.984
0.950
0.968
0.984
0.985
0.985
0.984
0.947
0.969
0.939
0.947
0.979
0.983
0.973
0.978
0.879
0.872
0.980
0.978
0.986
0.934
0.980
0.924
0.984
0.974
0.969
0.983
0.975
0.980
0.978
0.979
0.973
0.963
0.967
0.977
0.982
0.959
0.962
0.984
0.943
0.934
0.976
0.985
0.972
0.975
0.981
0.969
0.968
0.986
0.956
0.938
0.983
0.939
0.977
0.985
0.984
0.960
0.985
0.949
0.941
0.972
0.972
0.955
0.958
0.937
0.930
0.984
0.980
0.985
0.972
0.985
0.986
0.967
0.980
0.981
0.982
0.927
0.944
0.978
0.966
0.980
0.977
0.923
0.982
0.966
0.982
0.909
0.968
0.971
0.976
0.986
0.986
0.972
0.974
0.973
0.985
0.978
0.985
0.976
0.981
0.976
0.960
0.980
0.983
0.985
0.984
0.985
0.981
0.981
0.982
0.983
0.984
0.982
0.983
0.985
0.983
0.981
0.976
0.976
0.986
0.982
0.986
0.986
0.976
0.986
0.982
0.984
0.977
0.963
0.985
0.981
0.961
0.974
0.975
0.983
0.977
0.987
0.972
0.986
0.982
0.979
0.985
0.967
0.940
0.948
0.970
0.983
0.983
0.985
0.987
0.982
0.983
0.986
0.973
0.964
0.986
0.987
0.973
0.960
0.985
0.978
0.986
0.984
0.985
0.983
0.982
0.983
0.953
0.934
0.984
0.982
0.986
0.979
0.970
0.930
0.986
0.986
0.985
0.983
0.964
0.986
0.976
0.981
0.979
0.978
0.973
0.983
0.979
0.984
0.986
0.975
0.986
0.956
0.983
0.986
0.986
0.978
0.987
0.936
0.973
0.986
0.983
0.986
0.986
0.984
0.982
0.987
0.983
0.986
0.984
0.975
0.941
0.987
0.923
0.901
0.979
0.965
0.968
0.981
0.985
0.979
0.945
0.980
0.973
0.933
0.902
0.951
0.966
0.958
0.940
0.935
0.902
0.947
0.955
0.952
0.952
0.936
0.934
0.933
0.945
0.940
0.903
0.932
0.956
0.930
0.932
0.882
0.868
0.932
0.920
0.964
0.932
0.935
0.953
0.923
0.947
0.923
0.919
0.909
0.880
0.928
0.930
0.949
0.940
0.950
0.914
0.938
0.923
0.971
0.942
0.961
0.965
0.960
0.950
0.923
0.908
0.890
0.887
0.880
0.961
0.912
0.937
0.926
0.948
0.938
0.906
0.911
0.927
0.926
0.934
0.917
0.953
0.956
0.892
0.902
0.844
0.790
0.784
0.895
0.887
0.935
0.948
0.957
0.963
0.971
0.915
0.928
0.946
0.951
0.858
0.951
0.963
0.958
0.954
0.947
0.931
0.945
0.904
0.901
0.893
0.958
0.931
0.918
0.897
0.918
0.972
0.959
0.926
0.938
0.954
0.979
0.887
0.948
0.895
0.904
0.865
0.772
0.907
0.932
0.971
0.867
0.881
0.859
0.918
0.952
0.932
0.903
0.945
0.946
0.939
0.954
0.936
0.953
0.950
0.976
0.948
0.939
0.863
0.968
0.830
0.819
0.815
0.808
0.765
0.842
0.922
0.887
0.754
0.839
0.943
0.914
0.915
0.967
0.912
0.913
0.942
0.889
0.861
0.874
0.889
0.829
0.916
0.892
0.911
0.926
0.933
0.934
0.952
0.920
0.947
0.944
0.952
0.920
0.918
0.970
0.907
0.952
0.957
0.937
0.942
0.960
0.968
0.852
0.931
0.945
0.953
0.804
0.877
0.916
0.933
0.899
0.955
0.892
0.922
0.932
0.900
0.938
0.956
0.922
0.924
0.891
0.893
0.963
0.948
0.959
0.861
0.913
0.960
0.947
0.925
0.944
0.959
0.976
0.975
0.933
0.907
0.909
0.882
0.948
0.932
0.894
0.950
0.930
0.934
0.909
0.933
0.948
0.940
0.959
0.936
0.961
0.923
0.965
0.960
0.940
0.945
0.920
0.952
0.880
0.945
0.897
0.864
0.910
0.954
0.901
0.941
0.924
0.908
0.894
0.940
0.924
0.950
0.950
0.926
0.946
0.947
0.843
0.898
0.927
0.940
0.926
0.877
0.953
0.900
0.863
0.928
0.881
0.892
0.928
0.923
0.943
0.894
0.951
0.925
0.905
0.944
0.955
0.935
0.932
0.940
0.943
0.959
0.862
0.934
0.934
0.914
0.918
0.921
0.922
0.943
0.921
0.889
0.975
0.904
0.970
0.875
0.830
0.758
0.736
0.768
0.841
0.906
0.922
0.904
0.949
0.939
0.897
0.947
0.935
0.898
0.961
0.943
0.846
0.954
0.957
0.941
0.975
0.868
0.835
0.942
0.863
0.885
0.860
0.878
0.910
0.857
0.921
0.941
0.851
0.938
0.910
0.903
0.869
0.912
0.934
0.938
0.934
0.880
0.950
0.934
0.962
0.942
0.956
0.928
0.961
0.970
0.931
0.954
0.958
0.970
0.910
0.921
0.948
0.884
0.925
0.918
0.958
0.945
0.921
0.954
0.930
0.952
0.955
0.957
0.938
0.957
0.945
0.939
0.925
0.918
0.911
0.975
0.960
0.971
0.953
0.936
0.922
0.911
0.893
0.940
0.896
0.883
0.934
0.939
0.948
0.946
0.932
0.949
0.960
0.889
0.886
0.895
0.877
0.928
0.873
0.929
0.961
0.935
0.923
0.963
0.922
0.913
0.946
0.933
0.939
0.953
0.934
0.860
0.941
0.977
0.922
0.939
0.952
0.908
0.892
0.896
0.889
0.887
0.935
0.863
0.869
0.853
0.851
0.909
0.882
0.923
0.950
0.908
0.948
0.909
0.908
0.912
0.922
0.961
0.933
0.954
0.954
0.910
0.853
0.858
0.869
0.921
0.908
0.905
0.897
0.933
0.954
0.965
0.955
0.948
0.961
0.930
0.949
0.937
0.891
0.926
0.917
0.936
0.930
0.955
0.937
0.961
0.914
0.972
0.959
0.958
0.900
0.923
0.933
0.885
0.923
0.934
0.851
0.866
0.924
0.939
0.885
0.831
0.787
0.872
0.879
0.820
0.849
0.974
0.945
0.911
0.964
0.944
0.956
0.915
0.948
0.941
0.961
0.944
0.961
0.946
0.899
0.974
0.865
0.957
0.899
0.969
0.903
0.972
0.974
0.941
0.947
0.954
0.948
0.934
0.925
0.947
0.956
0.933
0.953
0.971
0.932
0.936
0.952
0.947
0.928
0.915
0.963
0.949
0.951
0.934
0.939
0.940
0.943
0.935
0.874
0.916
0.934
0.902
0.933
0.929
0.918
0.941
0.884
0.942
0.923
0.939
0.906
0.830
0.947
0.963
0.891
0.973
0.920
0.915
0.944
0.941
0.907
0.861
0.946
0.930
0.964
0.935
0.950
0.914
0.932
0.961
0.952
0.864
0.930
0.920
0.928
0.900
0.937
0.906
0.948
0.947
0.900
0.906
0.885
0.951
0.922
0.893
0.919
0.919
0.958
0.957
0.871
0.908
0.944
0.964
0.868
0.911
0.937
0.913
0.967
0.964
0.963
0.951
0.948
0.953
0.925
0.943
0.962
0.923
0.907
0.944
0.895
0.891
0.959
0.933
0.947
0.921
0.952
0.936
0.906
0.930
0.936
0.915
0.916
0.926
0.943
0.898
0.950
0.923
0.904
0.922
0.935
0.934
0.940
0.905
0.915
0.909
0.957
0.948
0.935
0.935
0.902
0.908
0.904
0.935
0.939
0.962
0.927
0.954
0.944
0.959
0.958
0.946
0.920
0.951
0.927
0.945
0.928
0.891
0.857
0.958
0.961
0.971
0.906
0.878
0.908
0.946
0.924
0.894
0.908
0.923
0.868
0.876
0.966
0.922
0.921
0.933
0.889
0.905
0.966
0.950
0.898
0.965
0.891
0.923
0.963
0.945
0.956
0.901
0.942
0.940
0.944
0.936
0.922
0.931
0.869
0.890
0.947
0.969
0.882
0.848
0.903
0.914
0.944
0.971
0.939
0.894
0.970
0.945
0.901
0.957
0.961
0.932
0.915
0.947
0.911
0.835
0.890
0.894
0.886
0.899
0.942
0.943
0.937
0.966
0.942
0.956
0.886
0.941
0.934
0.904
0.944
0.952
0.957
0.961
0.948
0.917
0.947
0.904
0.922
0.966
0.928
0.956
0.929
0.913
0.931
0.920
0.944
0.928
0.936
0.879
0.855
0.815
0.854
0.880
0.833
0.858
0.846
0.854
0.883
0.891
0.881
0.857
0.811
0.801
0.802
0.834
0.911
0.965
0.937
0.851
0.892
0.867
0.882
0.897
0.846
0.928
0.932
0.951
0.967
0.970
0.969
0.917
0.944
0.899
0.919
0.901
0.937
0.901
0.947
0.913
0.909
0.957
0.866
0.938
0.931
0.928
0.945
0.943
0.946
0.911
0.929
0.948
0.966
0.973
0.929
0.976
0.871
0.911
0.941
0.938
0.922
0.950
0.951
0.945
0.963
0.976
0.954
0.950
0.959
0.963
0.967
0.935
0.917
0.957
0.860
0.925
0.925
0.950
0.951
0.949
0.959
0.966
0.953
0.944
0.959
0.909
0.885
0.938
0.944
0.949
0.956
0.976
0.922
0.968
0.953
0.948
0.946
0.955
0.929
0.948
0.961
0.907
0.913
0.928
0.851
0.831
0.903
0.878
0.924
0.950
0.920
0.933
0.941
0.946
0.936
0.940
0.884
0.946
0.944
0.875
0.872
0.914
0.974
0.913
0.958
0.937
0.936
0.961
0.930
0.911
0.956
0.931
0.960
0.978
0.941
0.884
0.957
0.947
0.917
0.939
0.946
0.934
0.933
0.924
0.973
0.879
0.906
0.945
0.939
0.948
0.916
0.954
0.951
0.953
0.931
0.966
0.925
0.949
0.924
0.939
0.962
0.962
0.943
0.939
0.963
0.958
0.948
0.921
0.940
0.956
0.889
0.932
0.964
0.935
0.963
0.928
0.947
0.935
0.951
0.893
0.958
0.951
0.965
0.937
0.928
0.917
0.942
0.947
0.931
0.942
0.948
0.912
0.943
0.944
0.949
0.937
0.911
0.943
0.920
0.927
0.943
0.925
0.939
0.927
0.945
0.936
0.921
0.938
0.958
0.952
0.926
0.937
0.940
0.945
0.895
0.908
0.947
0.873
0.918
0.950
0.963
0.949
0.945
0.959
0.969
0.941
0.933
0.954
0.909
0.973
0.904
0.941
0.949
0.960
0.949
0.927
0.974
0.967
0.957
0.955
0.850
0.949
0.963
0.896
0.924
0.956
0.951
0.904
0.949
0.917
0.968
0.969
0.949
0.954
0.946
0.933
0.885
0.875
0.962
0.960
0.953
0.880
0.974
0.964
0.914
0.934
0.945
0.892
0.940
0.953
0.958
0.871
0.941
0.940
0.938
0.942
0.942
0.880
0.955
0.957
0.922
0.841
0.942
0.940
0.918
0.958
0.948
0.943
0.961
0.887
0.966
0.910
0.956
0.951
0.906
0.966
0.870
0.863
0.831
0.839
0.891
0.848
0.897
0.901
0.856
0.874
0.900
0.959
0.958
0.957
0.966
0.961
0.931
0.954
0.945
0.977
0.896
0.897
0.950
0.926
0.859
0.888
0.890
0.855
0.945
0.921
0.930
0.943
0.947
0.941
0.969
0.899
0.906
0.924
0.954
0.877
0.883
0.970
0.893
0.912
0.967
0.933
0.960
0.958
0.932
0.972
0.899
0.915
0.886
0.939
0.928
0.910
0.831
0.842
0.844
0.837
0.872
0.910
0.950
0.927
0.918
0.935
0.937
0.955
0.949
0.955
0.926
0.954
0.940
0.871
0.918
0.893
0.936
0.906
0.845
0.861
0.928
0.960
0.967
0.953
0.958
0.951
0.938
0.936
0.931
0.902
0.917
0.922
0.938
0.910
0.937
0.957
0.941
0.944
0.945
0.927
0.954
0.923
0.950
0.939
0.930
0.946
0.939
0.955
0.898
0.896
0.940
0.910
0.896
0.921
0.917
0.912
0.918
0.897
0.935
0.924
0.933
0.974
0.911
0.844
0.849
0.899
0.934
0.909
0.936
0.931
0.936
0.834
0.797
0.917
0.925
0.879
0.909
0.940
0.953
0.957
0.933
0.930
0.953
0.944
0.926
0.955
0.955
0.949
0.906
0.918
0.887
0.927
0.895
0.863
0.896
0.920
0.929
0.933
0.940
0.917
0.942
0.953
0.942
0.921
0.973
0.921
0.945
0.971
0.959
0.964
0.960
0.913
0.951
0.936
0.927
0.938
0.879
0.963
0.905
0.895
0.933
0.976
0.974
0.910
0.959
0.902
0.974
0.901
0.903
0.960
0.926
0.883
0.871
0.908
0.876
0.893
0.957
0.960
0.909
0.932
0.944
0.954
0.890
0.886
0.898
0.953
0.895
0.922
0.910
0.937
0.935
0.894
0.906
0.953
0.960
0.954
0.958
0.964
0.944
0.940
0.963
0.892
0.962
0.905
0.950
0.941
0.949
0.957
0.929
0.897
0.961
0.939
0.923
0.890
0.894
0.940
0.949
0.945
0.920
0.959
0.948
0.875
0.878
0.897
0.931
0.966
0.947
0.955
0.936
0.956
0.929
0.897
0.915
0.891
0.919
0.940
0.949
0.912
0.910
0.934
0.932
0.917
0.901
0.950
0.925
0.947
0.916
0.906
0.921
0.945
0.930
0.901
0.937
0.936
0.924
