19790101
0.874
0.895
0.823
0.811
0.822
0.810
0.815
0.799
0.748
0.776
0.782
0.859
0.814
0.889
0.812
0.792
0.782
0.752
0.788
0.768
0.782
0.811
0.827
0.845
0.848
0.825
0.897
0.911
0.942
0.857
0.876
0.914
0.854
0.852
0.892
0.864
0.883
0.920
0.906
0.942
0.986
0.917
0.918
0.971
0.927
0.950
0.950
0.949
0.933
0.960
0.930
0.948
0.942
0.989
0.967
0.988
0.969
0.944
0.960
0.949
0.936
0.938
0.932
0.943
0.925
0.972
0.975
0.940
0.916
0.930
0.877
0.830
0.869
0.877
0.876
0.878
0.890
0.950
0.891
0.840
0.924
0.859
0.900
0.802
0.941
0.834
0.943
0.922
0.890
0.907
0.893
0.949
0.949
0.937
0.950
0.959
0.958
0.946
0.871
0.884
0.797
0.837
0.894
0.967
0.946
0.907
0.914
0.898
0.960
0.964
0.976
0.982
0.978
0.976
0.967
0.977
0.952
0.958
0.975
0.975
0.944
0.983
0.972
0.940
0.951
0.887
0.854
0.833
0.864
0.843
0.943
0.945
0.976
0.884
0.958
0.970
0.975
0.944
0.974
0.967
0.977
0.907
0.979
0.940
0.940
0.945
0.954
0.967
0.968
0.953
0.976
0.967
0.972
0.947
0.959
0.912
0.915
0.965
0.975
0.901
0.965
0.854
0.913
0.895
0.956
0.800
0.921
0.889
0.842
0.868
0.878
0.819
0.856
0.880
0.863
0.847
0.804
0.747
0.740
0.773
0.829
0.887
0.938
0.807
0.800
0.856
0.693
0.639
0.656
0.722
0.738
0.733
0.831
0.916
0.955
0.936
0.930
0.918
0.921
0.876
0.828
0.763
0.909
0.878
0.859
0.906
0.751
0.712
0.726
0.710
0.889
0.956
0.867
0.860
0.890
0.751
0.758
0.734
0.703
0.681
0.662
0.615
0.695
0.763
0.748
0.865
0.922
0.920
0.857
0.872
0.902
0.925
0.913
0.913
0.951
0.916
0.884
0.966
0.898
0.959
0.959
0.977
0.957
0.883
0.901
0.850
0.935
0.977
0.916
0.942
0.979
0.889
0.967
0.905
0.925
0.966
0.964
0.910
0.967
0.945
0.972
0.920
0.954
0.950
0.955
0.937
0.952
0.903
0.926
0.865
0.905
0.948
0.862
0.901
0.906
0.809
0.832
0.922
0.823
0.866
0.966
0.937
0.848
0.931
0.929
0.851
0.967
0.921
0.959
0.954
0.959
0.919
0.962
0.944
0.948
0.879
0.856
0.944
0.940
0.880
0.952
0.958
0.889
0.912
0.943
0.961
0.864
0.971
0.976
0.917
0.920
0.885
0.951
0.970
0.972
0.979
0.948
0.932
0.967
0.956
0.968
0.923
0.950
0.936
0.964
0.922
0.947
0.948
0.952
0.939
0.966
0.905
0.959
0.965
0.966
0.961
0.901
0.902
0.914
0.889
0.907
0.842
0.841
0.945
0.862
0.806
0.830
0.892
0.957
0.958
0.923
0.936
0.945
0.970
0.902
0.909
0.880
0.827
0.815
0.865
0.833
0.844
0.934
0.934
0.939
0.971
0.937
0.950
0.917
0.885
0.835
0.818
0.858
0.824
0.790
0.811
0.737
0.762
0.833
0.812
0.767
0.806
0.919
0.927
0.907
0.870
0.856
0.890
0.929
0.859
0.805
0.785
0.928
0.889
0.891
0.857
0.951
0.987
0.989
0.959
0.945
0.921
0.884
0.870
0.897
0.885
0.888
0.890
0.858
0.845
0.730
0.888
0.955
0.786
0.938
0.923
0.951
0.887
0.892
0.895
0.858
0.890
0.850
0.867
0.919
0.812
0.888
0.854
0.748
0.789
0.755
0.695
0.677
0.738
0.794
0.870
0.892
0.905
0.828
0.852
0.892
0.854
0.890
0.851
0.873
0.745
0.742
0.783
0.844
0.839
0.763
0.709
0.726
0.738
0.803
0.859
0.771
0.853
0.879
0.793
0.834
0.888
0.888
0.871
0.863
0.850
0.831
0.812
0.788
0.832
0.827
0.853
0.850
0.713
0.671
0.716
0.792
0.925
0.937
0.932
0.937
0.938
0.921
0.953
0.936
0.947
0.949
0.975
0.905
0.934
0.940
0.964
0.873
0.927
0.960
0.870
0.878
0.877
0.909
0.978
0.969
0.837
0.891
0.951
0.809
0.907
0.956
0.953
0.858
0.935
0.854
0.879
0.881
0.861
0.930
0.915
0.962
0.977
0.907
0.899
0.926
0.973
0.888
0.839
0.814
0.851
0.886
0.897
0.889
0.926
0.817
0.643
0.672
0.724
0.842
0.891
0.885
0.778
0.756
0.849
0.820
0.883
0.781
0.666
0.677
0.611
0.610
0.593
0.648
0.594
0.669
0.621
0.601
0.649
0.635
0.602
0.757
0.774
0.767
0.780
0.713
0.667
0.651
0.689
0.690
0.724
0.713
0.710
0.804
0.797
0.840
0.805
0.813
0.879
0.912
0.922
0.888
0.734
0.815
0.831
0.824
0.870
0.902
0.901
0.909
0.921
0.859
0.898
0.875
0.845
0.793
0.752
0.836
0.859
0.811
0.907
0.923
0.872
0.856
0.841
0.764
0.713
0.717
0.741
0.690
0.687
0.719
0.731
0.747
0.840
0.933
0.876
0.953
0.879
0.723
0.766
0.824
0.740
0.717
0.619
0.717
0.791
0.884
0.945
0.967
0.863
0.865
0.920
0.931
0.953
0.969
0.909
0.821
0.878
0.907
0.932
0.932
0.976
0.949
0.965
0.957
0.953
0.894
0.981
0.903
0.975
0.909
0.961
0.919
0.959
0.888
0.934
0.916
0.957
0.962
0.971
0.962
0.909
0.908
0.889
0.899
0.894
0.883
0.900
0.874
0.898
0.902
0.968
0.885
0.956
0.952
0.980
0.947
0.983
0.971
0.980
0.952
0.949
0.889
0.905
0.949
0.938
0.964
0.982
0.944
0.950
0.866
0.862
0.850
0.892
0.926
0.930
0.957
0.963
0.959
0.919
0.918
0.950
0.948
0.921
0.964
0.886
0.880
0.898
0.977
0.912
0.894
0.930
0.955
0.912
0.954
0.968
0.962
0.966
0.957
0.972
0.956
0.929
0.860
0.841
0.888
0.857
0.885
0.892
0.890
0.882
0.923
0.887
0.911
0.897
0.909
0.833
0.847
0.794
0.809
0.853
0.853
0.852
0.881
0.907
0.887
0.835
0.830
0.836
0.805
0.835
0.785
0.818
0.833
0.816
0.815
0.771
0.795
0.773
0.830
0.901
0.782
0.815
0.827
0.769
0.807
0.891
0.894
0.884
0.923
0.936
0.945
0.941
0.871
0.961
0.918
0.932
0.933
0.937
0.988
0.990
0.988
0.969
0.905
0.966
0.966
0.960
0.988
0.988
0.989
0.955
0.931
0.961
0.924
0.937
0.904
0.950
0.938
0.916
0.960
0.957
0.916
0.919
0.945
0.946
0.903
0.924
0.926
0.946
0.839
0.839
0.923
0.868
0.885
0.825
0.783
0.823
0.867
0.812
0.864
0.789
0.788
0.834
0.815
0.783
0.797
0.774
0.809
0.901
0.970
0.864
0.896
0.908
0.872
0.859
0.881
0.883
0.912
0.918
0.981
0.933
0.974
0.956
0.971
0.970
0.973
0.956
0.970
0.972
0.963
0.953
0.976
0.947
0.961
0.973
0.980
0.978
0.970
0.945
0.964
0.944
0.979
0.896
0.796
0.957
0.975
0.967
0.979
0.963
0.982
0.956
0.970
0.975
0.946
0.932
0.893
0.873
0.886
0.880
0.952
0.916
0.978
0.906
0.978
0.933
0.969
0.883
0.971
0.949
0.976
0.939
0.940
0.970
0.948
0.983
0.895
0.976
0.968
0.879
0.900
0.922
0.913
0.924
0.911
0.979
0.856
0.831
0.841
0.929
0.858
0.881
0.895
0.815
0.890
0.923
0.911
0.855
0.899
0.905
0.937
0.918
0.948
0.943
0.811
0.834
0.883
0.890
0.830
0.863
0.834
0.770
0.840
0.914
0.938
0.798
0.833
0.809
0.834
0.875
0.776
0.757
0.650
0.652
0.651
0.706
0.730
0.673
0.655
0.681
0.734
0.794
0.779
0.748
0.764
0.918
0.945
0.781
0.684
0.734
0.804
0.857
0.932
0.851
0.873
0.867
0.859
0.698
0.759
0.858
0.907
0.972
0.850
0.908
0.761
0.914
0.808
0.831
0.948
0.941
0.973
0.813
0.841
0.852
0.873
0.898
0.874
0.934
0.909
0.945
0.965
0.922
0.981
0.980
0.854
0.847
0.845
0.844
0.923
0.868
0.705
0.746
0.764
0.745
0.858
0.914
0.893
0.940
0.932
0.877
0.863
0.917
0.943
0.954
0.937
0.964
0.934
0.974
0.914
0.937
0.949
0.931
0.962
0.975
0.967
0.973
0.984
0.956
0.959
0.911
0.938
0.937
0.964
0.975
0.942
0.851
0.880
0.982
0.954
0.984
0.965
0.964
0.978
0.961
0.948
0.960
0.956
0.979
0.958
0.907
0.945
0.983
0.979
0.940
0.974
0.959
0.957
0.944
0.925
0.976
0.957
0.968
0.968
0.960
0.931
0.934
0.925
0.898
0.917
0.938
0.965
0.865
0.949
0.953
0.967
0.981
0.957
0.941
0.909
0.965
0.976
0.976
0.902
0.913
0.930
0.976
0.889
0.918
0.921
0.957
0.952
0.960
0.932
0.851
0.841
0.852
0.908
0.909
0.925
0.870
0.935
0.979
0.939
0.917
0.943
0.975
0.936
0.939
0.849
0.830
0.923
0.896
0.883
0.853
0.869
0.872
0.843
0.849
0.934
0.805
0.816
0.782
0.778
0.729
0.714
0.761
0.831
0.965
0.928
0.880
0.907
0.851
0.917
0.878
0.869
0.960
0.943
0.935
0.933
0.954
0.919
0.964
0.946
0.940
0.891
0.976
0.956
0.939
0.964
0.935
0.970
0.923
0.934
0.962
0.947
0.977
0.893
0.908
0.970
0.906
0.871
0.912
0.967
0.837
0.875
0.898
0.876
0.823
0.812
0.757
0.906
0.946
0.912
0.877
0.887
0.884
0.862
0.835
0.819
0.774
0.760
0.838
0.858
0.897
0.949
0.915
0.892
0.866
0.901
0.918
0.929
0.926
0.941
0.890
0.856
0.924
0.968
0.972
0.958
0.929
0.958
0.916
0.925
0.927
0.863
0.822
0.799
0.881
0.933
0.949
0.934
0.935
0.908
0.902
0.879
0.868
0.845
0.820
0.843
0.885
0.963
0.956
0.948
0.899
0.911
0.956
0.946
0.956
0.896
0.964
0.926
0.915
0.955
0.893
0.954
0.942
0.911
0.914
0.983
0.913
0.960
0.870
0.963
0.953
0.945
0.899
0.957
0.958
0.965
0.939
0.946
0.955
0.830
0.763
0.744
0.806
0.871
0.870
0.874
0.884
0.864
0.818
0.894
0.935
0.940
0.880
0.688
0.780
0.750
0.793
0.882
0.912
0.835
0.886
0.780
0.801
0.747
0.720
0.768
0.746
0.717
0.686
0.645
0.603
0.607
0.680
0.667
0.655
0.795
0.858
0.741
0.731
0.739
0.810
0.777
0.826
0.635
0.640
0.674
0.696
0.659
0.676
0.664
0.718
0.666
0.653
0.615
0.630
0.679
0.807
0.852
0.821
0.712
0.638
0.633
0.732
0.728
0.577
0.600
0.724
0.907
0.870
0.742
0.623
0.628
0.668
0.640
0.675
0.729
0.678
0.648
0.679
0.563
0.541
0.688
0.664
0.615
0.594
0.701
0.720
0.715
0.664
0.685
0.732
0.752
0.750
0.675
0.739
0.682
0.721
0.679
0.688
0.752
0.785
0.910
0.889
0.865
0.846
0.848
0.895
0.941
0.942
0.827
0.875
0.849
0.857
0.787
0.778
0.838
0.901
0.955
0.819
0.977
0.967
0.939
0.984
0.904
0.959
0.970
0.883
0.932
0.931
0.962
0.930
0.915
0.872
0.917
0.981
0.974
0.881
0.897
0.947
0.946
0.966
0.978
0.941
0.984
0.845
0.968
0.791
0.843
0.847
0.760
0.855
0.935
0.895
0.950
0.976
0.964
0.966
0.981
0.917
0.932
0.947
0.935
0.914
0.974
0.944
0.915
0.827
0.842
0.880
0.924
0.845
0.807
0.927
0.968
0.961
0.945
0.894
0.874
0.937
0.981
0.945
0.966
0.876
0.840
0.875
0.912
0.983
0.907
0.952
0.950
0.942
0.917
0.940
0.951
0.927
0.926
0.893
0.890
0.870
0.979
0.988
0.955
0.975
0.922
0.966
0.924
0.940
0.932
0.922
0.953
0.972
0.958
0.951
0.861
0.929
0.863
0.932
0.935
0.882
0.885
0.816
0.784
0.793
0.771
0.786
0.831
0.805
0.818
0.822
0.885
0.709
0.679
0.686
0.762
0.728
0.753
0.754
0.767
0.779
0.740
0.790
0.904
0.761
0.794
0.774
0.745
0.787
0.785
0.831
0.846
0.886
0.889
0.913
0.856
0.899
0.845
0.853
0.903
0.820
0.808
0.747
0.863
0.881
0.888
0.833
0.851
0.810
0.777
0.793
0.785
0.787
0.962
0.794
0.826
0.943
0.938
0.893
0.919
0.893
0.957
0.966
0.925
0.896
0.918
0.903
0.878
0.827
0.864
0.875
0.916
0.891
0.772
0.660
0.779
0.792
0.715
0.793
0.942
0.828
0.884
0.928
0.798
0.843
0.857
0.862
0.900
0.847
0.846
0.901
0.873
0.943
0.918
0.953
0.890
0.878
0.912
0.928
0.865
0.927
0.915
0.924
0.923
0.968
0.890
0.964
0.855
0.884
0.862
0.915
0.926
0.959
0.918
0.978
0.953
0.982
0.963
0.951
0.958
0.886
0.955
0.890
0.917
0.866
0.901
0.877
0.927
0.896
0.920
0.957
0.935
0.959
0.958
0.893
0.937
0.945
0.982
0.980
0.888
0.909
0.893
0.880
0.980
0.971
0.961
0.965
0.904
0.904
0.932
0.959
0.925
0.860
0.958
0.970
0.977
0.938
0.943
0.958
0.959
0.965
0.848
0.850
0.878
0.820
0.754
0.697
0.751
0.869
0.873
0.683
0.853
0.880
0.819
0.824
0.897
0.883
0.783
0.808
0.840
0.752
0.911
0.905
0.919
0.936
0.935
0.896
0.788
0.771
0.706
0.771
0.894
0.859
0.803
0.705
0.647
0.640
0.640
0.722
0.782
0.645
0.481
0.545
0.660
0.691
0.755
0.783
0.808
0.763
0.828
0.761
0.796
0.755
0.830
0.744
0.752
0.635
0.722
0.797
0.876
0.792
0.704
0.711
0.681
0.597
0.651
0.792
0.713
0.785
0.810
0.745
0.740
0.730
0.721
0.836
0.854
0.850
0.882
0.789
0.779
0.871
0.723
0.889
0.842
0.925
0.795
0.932
0.935
0.821
0.850
0.798
0.831
0.864
0.917
0.905
0.925
0.880
0.848
0.873
0.852
0.909
0.874
0.870
0.805
0.774
0.810
0.816
0.736
0.737
0.706
0.712
0.774
0.883
0.781
0.759
0.851
0.890
0.922
0.950
0.912
0.952
0.885
0.971
0.971
0.975
0.958
0.973
0.964
0.965
0.976
0.968
0.909
0.906
0.967
0.935
0.947
0.928
0.884
0.970
0.963
0.938
0.929
0.967
0.958
0.943
0.968
0.926
0.919
0.927
0.962
0.957
0.932
0.955
0.956
0.923
0.959
0.937
0.859
0.859
0.913
0.860
0.891
0.902
0.919
0.938
0.894
0.910
0.985
0.952
0.956
0.892
0.933
0.933
0.981
0.946
0.932
0.904
0.931
0.954
0.936
0.968
0.984
0.956
0.919
0.958
0.961
0.974
0.954
0.966
0.905
0.931
0.918
0.909
0.917
0.883
0.954
0.919
0.936
0.932
0.982
0.981
0.944
0.934
0.915
0.913
0.981
0.843
0.928
0.893
0.935
0.844
0.853
0.837
0.847
0.777
0.802
0.851
0.891
0.868
0.841
0.894
0.916
0.904
0.819
0.843
0.811
0.761
0.738
0.833
0.921
0.818
0.781
0.880
0.920
0.927
0.945
0.942
0.933
0.907
0.891
0.904
0.910
0.936
0.934
0.944
0.882
0.920
0.918
0.920
0.892
0.949
0.894
0.920
0.951
0.932
0.944
0.958
0.933
0.947
0.979
0.880
0.934
0.945
0.928
0.904
0.933
0.943
0.889
0.945
0.901
0.909
0.830
0.804
0.847
0.849
0.773
0.829
0.846
0.914
0.861
0.845
0.787
0.819
0.840
0.896
0.804
0.774
0.823
0.837
0.906
0.846
0.914
0.836
0.862
0.787
0.767
0.847
0.813
0.811
0.942
0.823
0.932
0.869
0.828
0.799
0.902
0.969
0.899
0.870
0.876
0.836
0.908
0.845
0.957
0.951
0.925
0.954
0.892
0.930
0.976
0.935
0.979
0.968
0.970
0.923
0.892
0.906
0.907
0.936
0.937
0.935
0.974
0.873
0.956
0.914
0.968
0.946
0.964
0.932
0.919
0.866
0.912
0.847
0.925
0.931
0.957
0.884
0.974
0.977
0.969
0.948
0.948
0.917
0.936
0.887
0.972
0.846
0.893
0.894
0.953
0.942
0.961
0.905
0.944
0.879
0.861
0.775
0.886
0.745
0.718
0.836
0.841
0.727
0.760
0.822
0.882
0.918
0.954
0.950
0.921
0.878
0.933
0.947
0.947
0.907
0.973
0.955
0.982
0.924
0.968
0.946
0.970
0.950
0.926
0.906
0.908
0.902
0.879
0.899
0.834
0.766
0.794
0.854
0.791
0.861
0.806
0.787
0.895
0.761
0.714
0.832
0.750
0.746
0.840
0.906
0.932
0.905
0.948
0.852
0.800
0.863
0.870
0.876
0.781
0.863
0.899
0.861
0.847
0.847
0.881
0.916
0.941
0.921
0.922
0.944
0.930
0.957
0.928
0.952
0.955
0.848
0.886
0.859
0.776
0.881
0.808
0.837
0.782
0.744
0.766
0.841
0.920
0.863
0.963
0.945
0.872
0.932
0.956
0.955
0.948
0.905
0.895
0.954
0.886
0.966
0.931
0.922
0.963
0.865
0.958
0.918
0.919
0.943
0.902
0.859
0.968
0.867
0.896
0.923
0.949
0.973
0.899
0.979
0.914
0.945
0.900
0.920
0.822
0.965
0.952
0.955
0.971
0.975
0.959
0.969
0.958
0.936
0.926
0.980
0.958
0.960
0.970
0.974
0.979
0.960
0.978
0.972
0.899
0.928
0.912
0.977
0.969
0.969
0.957
0.865
0.958
0.969
0.932
0.877
0.896
0.964
0.952
0.974
0.929
0.968
0.959
0.887
0.943
0.963
0.968
0.979
0.975
0.975
0.956
0.979
0.963
0.894
0.914
0.924
0.942
0.905
0.856
0.920
0.850
0.960
0.948
0.975
0.930
0.896
0.873
0.974
0.983
0.988
0.981
0.940
0.957
0.948
0.958
0.974
0.934
0.955
0.913
0.920
0.892
0.863
0.871
0.859
0.906
0.853
0.855
0.924
0.977
0.895
0.923
0.911
0.862
0.842
0.882
0.838
0.785
0.758
0.779
0.737
0.767
0.792
0.806
0.798
0.795
0.901
0.810
0.736
0.767
0.797
0.773
0.826
0.779
0.811
0.796
0.768
0.765
0.755
0.753
0.669
0.585
0.701
0.815
0.854
0.865
0.843
0.865
0.835
0.882
0.880
0.759
0.721
0.691
0.724
0.748
0.722
0.751
0.809
0.841
0.738
0.697
0.675
0.740
0.771
0.853
0.861
0.954
0.932
0.907
0.903
0.800
0.796
0.924
0.953
0.941
0.939
0.798
0.846
0.880
0.826
0.944
0.851
0.711
0.716
0.825
0.761
0.813
0.836
0.894
0.887
0.922
0.891
0.957
0.941
0.959
0.931
0.852
0.898
0.898
0.880
0.939
0.928
0.974
0.923
0.913
0.888
0.861
0.893
0.900
0.837
0.844
0.890
0.933
0.931
0.930
0.914
0.887
0.938
0.953
0.923
0.890
0.893
0.839
0.808
0.856
0.848
0.886
0.871
0.898
0.835
0.853
0.961
0.866
0.983
0.951
0.972
0.935
0.860
0.929
0.946
0.984
0.973
0.856
0.822
0.904
0.902
0.893
0.902
0.900
0.936
0.908
0.830
0.841
0.875
0.873
0.900
0.979
0.903
0.981
0.940
0.816
0.813
0.786
0.782
0.625
0.685
0.621
0.645
0.700
0.663
0.625
0.631
0.619
0.545
0.566
0.560
0.636
0.549
0.642
0.641
0.723
0.650
0.613
0.594
0.811
0.720
0.686
0.605
0.599
0.649
0.654
0.660
0.818
0.882
0.873
0.737
0.596
0.651
0.622
0.724
0.724
0.729
0.759
0.660
0.710
0.695
0.791
0.916
0.928
0.885
0.918
0.960
0.807
0.873
0.847
0.875
0.945
0.816
0.689
0.818
0.852
0.884
0.923
0.921
0.912
0.920
0.872
0.869
0.909
0.897
0.907
0.887
0.964
0.835
0.892
0.871
0.875
0.904
0.858
0.854
0.907
0.925
0.947
0.846
0.884
0.911
0.849
0.835
0.721
0.702
0.828
0.884
0.878
0.929
0.896
0.980
0.852
0.958
0.883
0.930
0.875
0.888
0.959
0.793
0.797
0.799
0.836
0.914
0.892
0.948
0.889
0.968
0.923
0.861
0.898
0.862
0.933
0.945
0.961
0.915
0.874
0.940
0.941
0.967
0.959
0.937
0.919
0.919
0.859
0.762
0.869
0.941
0.922
0.929
0.911
0.982
0.926
0.933
0.905
0.944
0.982
0.974
0.970
0.973
0.967
0.924
0.968
0.869
0.847
0.792
0.874
0.947
0.936
0.929
0.967
0.934
0.916
0.945
0.894
0.945
0.942
0.971
0.945
0.967
0.907
0.860
0.899
0.898
0.910
0.946
0.917
0.923
0.880
0.885
0.948
0.964
0.932
0.958
0.969
0.905
0.919
0.938
0.968
0.948
0.941
0.943
0.943
0.869
0.889
0.866
0.876
0.810
0.779
0.751
0.750
0.753
0.750
0.767
0.803
0.802
0.779
0.818
0.786
0.725
0.776
0.943
0.794
0.710
0.658
0.812
0.811
0.815
0.847
0.930
0.868
0.826
0.836
0.815
0.824
0.835
0.810
0.838
0.834
0.845
0.787
0.920
0.884
0.875
0.774
0.788
0.823
0.879
0.887
0.803
0.879
0.897
0.848
0.819
0.846
0.917
0.794
0.770
0.922
0.966
0.951
0.857
0.822
0.777
0.895
0.880
0.871
0.878
0.910
0.841
0.910
0.873
0.912
0.959
0.932
0.900
0.904
0.908
0.917
0.946
0.963
0.860
0.882
0.802
0.884
0.944
0.935
0.860
0.922
0.826
0.825
0.820
0.749
0.776
0.887
0.852
0.878
0.847
0.865
0.778
0.774
0.805
0.772
0.797
0.854
0.929
0.834
0.824
0.822
0.818
0.833
0.869
0.920
0.889
0.904
0.943
0.942
0.906
0.925
0.954
0.910
0.929
0.949
0.947
0.955
0.835
0.917
0.879
0.926
0.937
0.860
0.771
0.935
0.981
0.930
0.959
0.965
0.959
0.841
0.926
0.951
0.967
0.950
0.958
0.951
0.894
0.866
0.909
0.939
0.958
0.973
0.930
0.955
0.936
0.944
0.967
0.943
0.879
0.893
0.847
0.932
0.806
0.869
0.956
0.913
0.835
0.941
0.950
0.894
0.929
0.955
0.956
0.983
0.960
-99.000
0.985
0.954
0.955
0.942
0.971
0.896
0.854
0.870
0.920
0.884
0.747
0.793
0.717
0.813
0.865
0.847
0.754
0.763
0.778
0.684
0.661
0.694
0.768
0.843
0.727
0.722
0.659
0.690
0.774
0.804
0.816
0.698
0.646
0.718
0.807
0.759
0.752
0.686
0.615
0.589
0.654
0.623
0.631
0.598
0.617
0.672
0.714
0.759
0.709
0.692
0.735
0.734
0.617
0.587
0.568
0.528
0.493
0.497
0.602
0.645
0.678
0.655
0.688
0.660
0.674
0.819
0.727
0.636
0.549
0.632
0.584
0.632
0.649
0.777
0.809
0.869
0.865
0.871
0.821
0.871
0.849
0.835
0.822
0.833
0.850
0.918
0.926
0.792
0.711
0.728
0.828
0.812
0.861
0.889
0.923
0.771
0.857
0.715
0.687
0.706
0.679
0.635
0.685
0.651
0.752
0.879
0.783
0.742
0.710
0.872
0.812
0.853
0.858
0.795
0.866
0.939
0.870
0.893
0.978
0.861
0.968
0.938
0.921
0.943
0.878
0.958
0.948
0.826
0.813
0.961
0.943
0.978
0.970
0.955
0.960
0.936
0.967
0.973
0.950
0.945
0.984
0.917
0.971
0.945
0.904
0.968
0.944
0.920
0.890
0.952
0.926
0.967
0.906
0.960
0.885
0.949
0.941
0.959
0.895
0.890
0.874
0.906
0.980
0.934
0.956
0.955
0.951
0.957
0.954
0.937
0.950
0.929
0.925
0.952
0.979
0.969
0.959
0.942
0.945
0.977
0.923
0.912
0.881
0.963
0.929
0.893
0.831
0.890
0.902
0.946
0.949
0.951
0.885
0.814
0.793
0.792
0.804
0.977
0.868
0.808
0.789
0.785
0.770
0.809
0.760
0.826
0.871
-99.000
-99.000
-99.000
-99.000
-99.000
-99.000
-99.000
-99.000
0.855
0.809
0.830
0.832
0.907
0.970
0.979
0.813
0.823
0.804
0.827
0.819
0.836
0.825
0.807
0.790
0.769
0.798
0.846
0.889
0.947
0.975
0.932
0.845
0.807
0.825
0.823
0.790
0.768
0.823
0.833
0.763
0.769
0.728
0.751
0.737
0.825
0.803
0.968
0.854
0.880
0.854
0.847
0.977
0.858
0.894
0.896
0.858
0.824
0.837
0.817
0.788
0.779
0.738
0.760
0.754
0.728
0.693
0.751
0.742
0.783
0.844
0.957
0.851
0.809
0.825
0.851
0.821
0.876
0.924
0.819
0.888
0.930
0.877
0.851
0.803
0.835
0.857
0.854
0.938
0.868
0.887
0.909
0.856
0.799
0.912
0.870
0.811
0.916
0.901
0.925
0.941
0.958
0.934
0.891
0.918
0.956
0.884
0.922
0.929
0.898
0.789
0.847
0.896
0.874
0.841
0.851
0.876
0.861
0.889
0.901
0.946
0.914
0.908
0.886
0.952
0.960
0.937
0.948
0.888
0.947
0.953
0.938
0.953
0.912
0.924
0.936
0.930
0.898
0.925
0.853
0.873
0.797
0.872
0.883
0.966
0.951
0.922
0.898
0.949
0.970
0.924
0.959
0.968
0.976
0.923
0.926
0.867
0.780
0.781
0.844
0.838
0.852
0.864
0.951
0.964
0.986
0.878
0.777
0.706
0.750
0.776
0.883
0.940
0.869
0.907
0.796
0.782
0.838
0.790
0.888
0.790
0.852
0.875
0.814
0.820
0.712
0.723
0.701
0.754
0.836
0.884
0.850
0.818
0.939
0.742
0.677
0.764
0.839
0.844
0.816
0.834
0.865
0.852
0.852
0.888
0.865
0.970
0.925
0.847
0.761
0.714
0.778
0.855
0.814
0.919
0.910
0.942
0.975
0.828
0.932
0.848
0.939
0.962
0.969
0.975
0.897
0.918
0.917
0.822
0.866
0.878
0.917
0.900
0.951
0.766
0.838
0.765
0.897
0.832
0.750
0.692
0.769
0.750
0.772
0.725
0.781
0.744
0.756
0.854
0.926
0.933
0.870
0.888
0.918
0.961
0.955
0.967
0.929
0.860
0.870
0.891
0.888
0.881
0.788
0.835
0.900
0.943
0.956
0.767
0.782
0.859
0.887
0.967
0.961
0.961
0.936
0.911
0.895
0.938
0.883
0.897
0.961
0.966
0.963
0.972
0.978
0.983
0.877
0.950
0.954
0.969
0.959
0.928
0.958
0.942
0.949
0.953
0.962
0.952
0.934
0.983
0.948
0.967
0.966
0.944
0.967
0.975
0.928
0.984
0.978
0.983
0.966
0.915
0.966
0.922
0.930
0.892
0.954
0.977
0.919
0.925
0.884
0.942
0.897
0.909
0.953
0.966
0.967
0.947
0.964
0.917
0.965
0.914
0.951
0.935
0.878
0.934
0.978
0.945
0.959
0.983
0.965
0.978
0.967
0.873
0.969
0.944
0.942
0.965
0.953
0.960
0.965
0.937
0.934
0.926
0.939
0.905
0.924
0.857
0.806
0.774
0.759
0.830
0.785
0.750
0.774
0.694
0.725
0.805
0.800
0.814
0.894
0.849
0.791
0.832
0.786
0.785
0.802
0.815
0.879
0.831
0.845
0.855
0.821
0.823
0.755
0.765
0.791
0.826
0.829
0.846
0.833
0.888
0.781
0.807
0.783
0.791
0.832
0.768
0.727
0.711
0.698
0.859
0.898
0.790
0.724
0.787
0.857
0.886
0.821
0.823
0.870
0.874
0.858
0.942
0.922
0.917
0.894
0.844
0.909
0.886
0.891
0.842
0.828
0.796
0.858
0.800
0.781
0.802
0.833
0.834
0.951
0.927
0.798
0.830
0.796
0.778
0.783
0.811
0.786
0.738
0.767
0.814
0.888
0.906
0.798
0.786
0.876
0.826
0.784
0.761
0.697
0.658
0.717
0.672
0.728
0.718
0.698
0.666
0.678
0.797
0.724
0.873
0.880
0.910
0.863
0.889
0.940
0.925
0.931
0.956
0.980
0.943
0.905
0.971
0.957
0.949
0.980
0.950
0.967
0.929
0.899
0.939
0.931
0.935
0.944
0.953
0.922
0.907
0.903
0.928
0.951
0.944
0.935
0.979
0.871
0.979
0.981
0.910
0.935
0.902
0.936
0.921
0.909
0.922
0.888
0.896
0.951
0.884
0.944
0.974
0.938
0.926
0.897
0.963
0.928
0.870
0.917
0.848
0.807
0.926
0.948
0.921
0.961
0.940
0.924
0.960
0.979
0.957
0.919
0.821
0.867
0.884
0.904
0.887
0.859
0.831
0.885
0.849
0.953
0.828
0.960
0.953
0.896
0.922
0.980
0.970
0.891
0.976
0.980
0.970
0.973
0.939
0.901
0.916
0.865
0.843
0.970
0.963
0.957
0.960
0.973
0.945
0.916
0.874
0.876
0.870
0.813
0.740
0.733
0.783
0.759
0.804
0.788
0.709
0.720
0.700
0.856
0.843
0.778
0.832
0.753
0.874
0.830
0.894
0.952
0.941
0.887
0.910
0.907
0.857
0.958
0.859
0.894
0.945
0.945
0.915
0.932
0.841
0.894
0.904
0.918
0.983
0.878
0.930
0.897
0.926
0.972
0.968
0.931
0.939
0.920
0.943
0.964
0.862
0.912
0.971
0.983
0.933
0.902
0.952
0.929
0.897
0.946
0.968
0.955
0.978
0.965
0.956
0.942
0.922
0.962
0.932
0.885
0.978
0.937
0.978
0.940
0.930
0.965
0.964
0.960
0.947
0.865
0.901
0.888
0.934
0.949
0.977
0.898
0.972
0.964
0.970
0.848
0.961
0.941
0.930
0.901
0.958
0.972
0.965
0.974
0.960
0.953
0.954
0.896
0.913
0.935
0.952
0.981
0.938
0.950
0.956
0.957
0.959
0.974
0.958
0.970
0.974
0.945
0.973
0.952
0.971
0.971
0.976
0.969
0.979
0.983
0.906
0.925
0.935
0.955
0.962
0.985
0.983
0.968
0.956
0.937
0.962
0.976
0.898
0.955
0.977
0.964
0.916
0.976
0.952
0.941
0.865
0.943
0.931
0.936
0.961
0.920
0.904
0.890
0.922
0.916
0.859
0.891
0.862
0.901
0.880
0.856
0.878
0.856
0.829
0.797
0.802
0.791
0.872
0.867
0.937
0.902
0.882
0.930
0.956
0.966
0.972
0.984
0.886
0.956
0.911
0.911
0.904
0.893
0.907
0.855
0.811
0.828
0.876
0.934
0.943
0.911
0.946
0.931
0.934
0.921
0.942
0.885
0.879
0.849
0.840
0.879
0.874
0.862
0.843
0.947
0.825
0.826
0.797
0.780
0.825
0.859
0.823
0.770
0.841
0.882
0.870
0.839
0.776
0.792
0.801
0.826
0.865
0.763
0.689
0.749
0.764
0.845
0.829
0.892
0.959
0.938
0.900
0.880
0.914
0.956
0.899
0.838
0.866
0.867
0.873
0.937
0.907
0.900
0.896
0.858
0.958
0.933
0.832
0.854
0.849
0.838
0.872
0.940
0.946
0.956
0.880
0.899
0.956
0.841
0.842
0.859
0.880
0.874
0.876
0.896
0.861
0.899
0.824
0.823
0.856
0.876
0.878
0.875
0.890
0.915
0.883
0.924
0.926
0.848
0.822
0.872
0.854
0.872
0.862
0.840
0.882
0.907
0.933
0.932
0.886
0.861
0.906
0.936
0.920
0.973
0.894
0.967
0.959
0.925
0.911
0.964
0.960
0.969
0.932
0.977
0.924
0.963
0.977
0.920
0.922
0.971
0.950
0.859
0.794
0.758
0.731
0.723
0.687
0.738
0.846
0.882
0.865
0.921
0.870
0.915
0.893
0.885
0.901
0.899
0.882
0.976
0.862
0.947
0.928
0.864
0.928
0.964
0.933
0.898
0.933
0.853
0.757
0.816
0.707
0.688
0.752
0.805
0.795
0.956
0.909
0.883
0.849
0.953
0.939
0.919
0.858
0.904
0.937
0.914
0.830
0.789
0.843
0.916
0.754
0.707
0.764
0.806
0.785
0.660
0.720
0.670
0.635
0.649
0.634
0.618
0.672
0.769
0.892
0.841
0.860
0.910
0.934
0.916
0.960
0.943
0.877
0.879
0.956
0.927
0.897
0.930
0.802
0.876
0.880
0.869
0.740
0.858
0.897
0.665
0.845
0.864
0.783
0.840
0.840
0.894
0.781
0.794
0.880
0.929
0.883
0.927
0.864
0.951
0.880
0.893
0.894
0.923
0.932
0.943
0.959
0.932
0.869
0.966
0.892
0.949
0.981
0.940
0.960
0.942
0.939
0.961
0.930
0.873
0.903
0.842
0.872
0.896
0.874
0.872
0.930
0.950
0.975
0.965
0.919
0.937
0.961
0.949
0.981
0.878
0.794
0.859
0.892
0.893
0.981
0.968
0.884
0.796
0.903
0.951
0.925
0.903
0.947
0.981
0.872
0.951
0.930
0.982
0.860
0.866
0.883
0.927
0.969
0.918
0.977
0.941
0.942
0.967
0.982
0.962
0.961
0.939
0.947
0.980
0.945
0.967
0.948
0.921
0.955
0.962
0.965
0.946
0.807
0.836
0.921
0.893
0.922
0.974
0.958
0.958
0.945
0.946
0.974
0.911
0.928
0.931
0.955
0.941
0.953
0.955
0.921
0.969
0.968
0.974
0.971
0.956
0.936
0.868
0.876
0.910
0.930
0.850
0.835
0.845
0.839
0.807
0.788
0.814
0.811
0.829
0.803
0.800
0.804
0.815
0.859
0.881
0.891
0.892
0.834
0.831
0.807
0.793
0.760
0.833
0.917
0.897
0.942
0.947
0.926
0.969
0.975
0.946
0.883
0.848
0.953
0.925
0.903
0.893
0.911
0.882
0.900
0.875
0.890
0.862
0.912
0.876
0.890
0.852
0.901
0.846
0.892
0.911
0.926
0.916
0.819
0.900
0.925
0.956
0.959
0.901
0.841
0.838
0.839
0.821
0.836
0.951
0.822
0.852
0.790
0.798
0.752
0.849
0.912
0.931
0.809
0.874
0.894
0.955
0.817
0.789
0.747
0.796
0.898
0.788
0.785
0.827
0.774
0.824
0.840
0.865
0.827
0.825
0.760
0.781
0.803
0.844
0.873
0.877
0.897
0.924
0.902
0.940
0.924
0.900
0.959
0.943
0.965
0.931
0.951
0.889
0.859
0.906
0.845
0.946
0.871
0.912
0.892
0.886
0.873
0.935
0.810
0.768
0.862
0.882
0.906
0.906
0.933
0.918
0.951
0.883
0.872
0.953
0.953
0.969
0.958
0.938
0.954
0.935
0.954
0.956
0.956
0.956
0.978
0.948
0.978
0.940
0.901
0.956
0.977
0.947
0.971
0.941
0.876
0.923
0.941
0.958
0.973
0.961
0.878
0.881
0.853
0.765
0.830
0.866
0.899
0.805
0.880
0.837
0.906
0.907
0.946
0.972
0.881
0.902
0.926
0.888
0.909
0.961
0.952
0.885
0.763
0.809
0.817
0.928
0.889
0.946
0.886
0.958
0.958
0.949
0.845
0.774
0.818
0.755
0.678
0.688
0.754
0.904
0.791
0.846
0.881
0.755
0.712
0.777
0.776
0.832
0.785
0.766
0.821
0.895
0.885
0.893
0.896
0.967
0.921
0.824
0.876
0.893
0.925
0.847
0.911
0.962
0.954
0.841
0.807
0.836
0.804
0.847
0.765
0.705
0.909
0.729
0.646
0.836
0.678
0.664
0.684
0.823
0.741
0.768
0.700
0.759
0.741
0.729
0.761
0.725
0.691
0.790
0.851
0.955
0.883
0.840
0.785
0.851
0.783
0.709
0.659
0.665
0.645
0.710
0.867
0.930
0.868
0.968
0.935
0.934
0.888
0.872
0.883
0.728
0.705
0.851
0.846
0.853
0.929
0.877
0.891
0.896
0.918
0.899
0.811
0.811
0.779
0.807
0.884
0.900
0.896
0.893
0.977
0.968
0.913
0.883
0.907
0.968
0.906
0.920
0.898
0.946
0.980
0.907
0.952
0.930
0.980
0.917
0.974
0.983
0.930
0.975
0.957
0.900
0.971
0.964
0.930
0.957
0.981
0.962
0.906
0.935
0.953
0.906
0.944
0.954
0.974
0.968
0.928
0.968
0.891
0.898
0.953
0.976
0.950
0.971
0.899
0.938
0.960
0.972
0.896
0.887
0.895
0.934
0.881
0.866
0.819
0.828
0.861
0.927
0.900
0.948
0.942
0.967
0.902
0.955
0.918
0.970
0.961
0.949
0.874
0.891
0.961
0.968
0.975
0.973
0.935
0.904
0.929
0.909
0.893
0.896
0.852
0.813
0.827
0.792
0.732
0.825
0.843
0.869
0.840
0.787
0.810
0.820
0.765
0.762
0.821
0.841
0.870
0.859
0.881
0.869
0.965
0.930
0.851
0.889
0.916
0.937
0.935
0.977
0.854
0.853
0.882
0.844
0.810
0.787
0.821
0.889
0.797
0.846
0.791
0.810
0.837
0.809
0.708
0.681
0.752
0.724
0.709
0.757
0.787
0.786
0.794
0.717
0.725
0.732
0.796
0.750
0.756
0.763
0.817
0.822
0.838
0.849
0.847
0.866
0.895
0.917
0.897
0.886
0.809
0.867
0.917
0.892
0.700
0.700
0.657
0.638
0.737
0.880
0.852
0.898
0.910
0.952
0.964
0.858
0.903
0.971
0.859
0.841
0.978
0.859
0.942
0.867
0.897
0.861
0.869
0.816
0.766
0.735
0.717
0.731
0.737
0.809
0.745
0.701
0.844
0.962
0.874
0.892
0.807
0.839
0.819
0.817
0.841
0.857
0.829
0.880
0.893
0.915
0.856
0.925
0.936
0.933
0.929
0.973
0.919
0.933
0.944
0.913
0.950
0.933
0.966
0.954
0.862
0.862
0.837
0.909
0.931
0.958
0.947
0.950
0.982
0.978
0.932
0.967
0.951
0.950
0.958
0.888
0.916
0.930
0.919
0.870
0.888
0.842
0.949
0.954
0.973
0.981
0.970
0.952
0.983
0.947
0.905
0.922
0.931
0.927
0.911
0.887
0.908
0.883
0.898
0.914
0.966
0.942
0.942
0.920
0.935
0.853
0.785
0.850
0.762
0.688
0.721
0.813
0.906
0.848
0.929
0.900
0.972
0.930
0.915
0.946
0.934
0.930
0.884
0.942
0.951
0.896
0.908
0.907
0.805
0.859
0.829
0.819
0.906
0.922
0.926
0.866
0.869
0.875
0.837
0.760
0.884
0.861
0.799
0.719
0.696
0.677
0.777
0.690
0.690
0.675
0.708
0.706
0.699
0.656
0.711
0.737
0.715
0.887
0.882
0.953
0.966
0.889
0.722
0.612
0.743
0.862
0.866
0.924
0.958
0.885
0.814
0.730
0.756
0.641
0.590
0.652
0.692
0.861
0.773
0.824
0.768
0.733
0.688
0.646
0.662
0.711
0.710
0.711
0.646
0.691
0.711
0.661
0.618
0.711
0.750
0.750
0.781
0.799
0.748
0.721
0.648
0.652
0.556
0.639
0.752
0.907
0.883
0.882
0.943
0.938
0.915
0.929
0.953
0.944
0.963
0.920
0.944
0.970
0.872
0.889
0.976
0.948
0.885
0.915
0.879
0.856
0.934
0.982
0.917
0.891
0.894
0.928
0.931
0.886
0.872
0.894
0.952
0.931
0.848
0.855
0.763
0.661
0.761
0.821
0.781
0.897
0.959
0.949
0.819
0.910
0.952
0.900
0.892
0.904
0.931
0.922
0.934
0.918
0.945
0.980
0.935
0.984
0.976
0.855
0.964
0.938
0.908
0.921
0.914
0.887
0.906
0.905
0.904
0.980
0.900
0.979
0.951
0.929
0.900
0.891
0.883
0.852
0.827
0.905
0.971
0.984
0.930
0.925
0.898
0.883
0.880
0.918
0.905
0.918
0.897
0.878
0.916
0.957
0.911
0.878
0.846
0.882
0.863
0.825
0.819
0.827
0.812
0.822
0.857
0.894
0.951
0.896
0.817
0.810
0.868
0.903
0.898
0.890
0.890
0.898
0.827
0.766
0.729
0.782
0.830
0.864
0.954
0.873
0.816
0.762
0.758
0.731
0.762
0.766
0.776
0.802
0.827
0.828
0.828
0.725
0.735
0.838
0.804
0.839
0.924
0.838
0.794
0.790
0.789
0.822
0.788
0.830
0.834
0.856
0.869
0.785
0.865
0.732
0.780
0.793
0.778
0.729
0.728
0.858
0.832
0.749
0.712
0.738
0.743
0.728
0.769
0.820
0.809
0.748
0.736
0.763
0.727
0.745
0.819
0.764
0.799
0.814
0.721
0.727
0.784
0.872
0.870
0.867
0.811
0.761
0.681
0.688
0.797
0.830
0.784
0.683
0.730
0.703
0.715
0.737
0.772
0.783
0.795
0.903
0.845
0.834
0.776
0.792
0.697
0.761
0.725
0.700
0.772
0.875
0.907
0.912
0.900
0.883
0.856
0.929
0.959
0.887
0.973
0.868
0.869
0.885
0.894
0.905
0.946
0.960
0.873
0.855
0.968
0.919
0.966
0.866
0.898
0.952
0.958
0.923
0.973
0.885
0.763
0.712
0.760
0.901
0.862
0.829
0.924
0.888
0.952
0.934
0.947
0.879
0.861
0.875
0.907
0.977
0.843
0.957
0.881
0.970
0.951
0.908
0.859
0.907
0.941
0.887
0.920
0.874
0.881
0.863
0.962
0.910
0.872
0.807
0.766
0.742
0.674
0.666
0.663
0.674
0.809
0.885
0.811
0.728
0.608
0.614
0.611
0.686
0.747
0.880
0.905
0.837
0.726
0.739
0.642
0.643
0.630
0.652
0.667
0.691
0.693
0.643
0.674
0.722
0.869
0.875
0.960
0.872
0.845
0.829
0.711
0.574
0.637
0.702
0.699
0.641
0.585
0.655
0.662
0.798
0.871
0.835
0.829
0.827
0.891
0.699
0.681
0.712
0.656
0.650
0.688
0.806
0.836
0.837
0.861
0.779
0.705
0.817
0.929
0.907
0.950
0.880
0.866
0.828
0.754
0.748
0.718
0.638
0.598
0.669
0.688
0.816
0.846
0.889
0.931
0.917
0.873
0.842
0.778
0.874
0.832
0.852
0.747
0.778
0.726
0.777
0.835
0.847
0.947
0.963
0.934
0.927
0.937
0.924
0.913
0.921
0.966
0.909
0.976
0.873
0.879
0.853
0.860
0.843
0.851
0.896
0.903
0.955
0.887
0.930
0.973
0.957
0.900
0.934
0.913
0.898
0.861
0.791
0.665
0.695
0.759
0.888
0.841
0.873
0.867
0.866
0.888
0.981
0.889
0.924
0.889
0.907
0.931
0.929
0.893
0.938
0.918
0.910
0.923
0.924
0.954
0.975
0.951
0.880
0.935
0.908
0.914
0.930
0.941
0.967
0.971
0.978
0.970
0.953
0.933
0.944
0.956
0.968
0.936
0.980
0.941
0.961
0.957
0.976
0.957
0.902
0.951
0.958
0.942
0.957
0.923
0.882
0.905
0.901
0.929
0.923
0.972
0.916
0.936
0.855
0.903
0.929
0.889
0.823
0.797
0.776
0.811
0.750
0.796
0.795
0.790
0.825
0.884
0.866
0.801
0.871
0.882
0.868
0.805
0.828
0.879
0.923
0.906
0.958
0.952
0.870
0.864
0.849
0.817
0.818
0.903
0.961
0.931
0.961
0.890
0.853
0.833
0.872
0.840
0.791
0.862
0.854
0.839
0.922
0.890
0.871
0.829
0.892
0.873
0.837
0.842
0.844
0.805
0.843
0.859
0.924
0.897
0.835
0.850
0.820
0.813
0.798
0.783
0.745
0.714
0.746
0.768
0.746
0.764
0.706
0.731
0.768
0.812
0.794
0.781
0.783
0.786
0.794
0.798
0.796
0.785
0.816
0.794
0.797
0.820
0.803
0.848
0.771
0.629
0.875
0.798
0.822
0.927
0.939
0.873
0.889
0.913
0.906
0.930
0.964
0.949
0.969
0.930
0.964
0.953
0.910
0.915
0.899
0.905
0.877
0.932
0.945
0.921
0.960
0.963
0.965
0.929
0.944
0.968
0.945
0.962
0.918
0.933
0.914
0.916
0.929
0.935
0.829
0.908
0.899
0.862
0.861
0.933
0.953
0.968
0.857
0.860
0.957
0.866
0.975
0.894
0.933
0.952
0.933
0.881
0.962
0.918
0.952
0.944
0.966
0.925
0.958
0.875
0.870
0.938
0.886
0.908
0.900
0.933
0.893
0.892
0.963
0.982
0.950
0.921
0.974
0.952
0.904
0.845
0.728
0.753
0.756
0.674
0.719
0.761
0.787
0.801
0.786
0.749
0.729
0.770
0.883
0.804
0.893
0.712
0.822
0.788
0.761
0.805
0.898
0.916
0.838
0.859
0.911
0.874
0.890
0.877
0.864
0.939
0.985
0.908
0.877
0.851
0.817
0.782
0.768
0.853
0.891
0.882
0.786
0.776
0.697
0.789
0.750
0.729
0.657
0.679
0.740
0.731
0.780
0.784
0.809
0.724
0.770
0.837
0.808
0.759
0.719
0.658
0.620
0.650
0.629
0.574
0.580
0.586
0.647
0.841
0.830
0.875
0.891
0.824
0.789
0.862
0.844
0.894
0.932
0.868
0.747
0.663
0.670
0.712
0.693
0.756
0.821
0.809
0.926
0.930
0.876
0.850
0.887
0.865
0.838
0.840
0.815
0.855
0.866
0.890
0.951
0.910
0.846
0.878
0.905
0.948
0.923
0.976
0.903
0.957
0.933
0.905
0.898
0.913
0.882
0.947
0.980
0.820
0.823
0.869
0.902
0.956
0.928
0.952
0.908
0.966
0.830
0.815
0.852
0.857
0.838
0.874
0.846
0.862
0.799
0.820
0.924
0.901
0.952
0.909
0.938
0.910
0.877
0.901
0.909
0.926
0.952
0.949
0.859
0.912
0.936
0.952
0.950
0.938
0.912
0.979
0.934
0.856
0.956
0.933
0.912
0.956
0.906
0.966
0.928
0.963
0.966
0.947
0.983
0.919
0.926
0.938
0.949
0.962
0.931
0.941
0.971
0.903
0.962
0.979
0.964
0.978
0.974
0.975
0.961
0.972
0.967
0.938
0.898
0.925
0.871
0.803
0.854
0.928
0.983
0.977
0.951
0.973
0.978
0.921
0.915
0.865
0.854
0.842
0.834
0.817
0.832
0.823
0.859
0.790
0.752
0.754
0.815
0.848
0.723
0.758
0.774
0.884
0.953
0.845
0.747
0.869
0.862
0.880
0.821
0.807
0.821
0.807
0.899
0.819
0.889
0.865
0.866
0.855
0.827
0.772
0.806
0.793
0.701
0.774
0.776
0.817
0.828
0.875
0.784
0.803
0.917
0.915
0.864
0.751
0.839
0.949
0.825
0.792
0.784
0.882
0.827
0.828
0.828
0.926
0.920
0.903
0.908
0.949
0.862
0.897
0.853
0.876
0.940
0.910
0.844
0.910
0.897
0.911
0.911
0.883
0.900
0.922
0.943
0.847
0.814
0.768
0.812
0.903
0.864
0.911
0.803
0.916
0.863
0.896
0.889
0.901
0.941
0.947
0.941
0.935
0.965
0.836
0.869
0.902
0.955
0.962
0.951
0.974
0.942
0.958
0.942
0.958
0.945
0.931
0.914
0.923
0.907
0.896
0.883
0.901
0.937
0.969
0.962
0.903
0.915
0.961
0.956
0.937
0.892
0.963
0.852
0.916
0.929
0.901
0.874
0.954
0.966
0.983
0.967
0.953
0.969
0.848
0.833
0.878
0.901
0.909
0.924
0.929
0.957
0.904
0.974
0.872
0.895
0.883
0.819
0.884
0.910
0.962
0.959
0.956
0.951
0.925
0.943
0.976
0.966
0.947
0.944
0.975
0.913
0.927
0.910
0.885
0.884
0.927
0.873
0.981
0.884
0.826
0.720
0.746
0.770
0.848
0.892
0.849
0.836
0.784
0.802
0.890
0.779
0.851
0.971
0.876
0.877
0.880
0.880
0.901
0.840
0.787
0.815
0.867
0.845
0.814
0.827
0.869
0.843
0.890
0.972
0.805
0.811
0.717
0.601
0.612
0.630
0.639
0.624
0.620
0.685
0.658
0.666
0.805
0.899
0.904
0.920
0.784
0.859
0.883
0.804
0.877
0.761
0.789
0.842
0.798
0.828
0.717
0.717
0.710
0.793
0.886
0.932
0.845
0.896
0.887
0.718
0.780
0.858
0.766
0.906
0.789
0.807
0.905
0.896
0.763
0.703
0.877
0.906
0.770
0.802
0.683
0.715
0.790
0.857
0.869
0.923
0.873
0.907
0.795
0.758
0.778
0.837
0.821
0.780
0.741
0.750
0.858
0.790
0.834
0.862
0.815
0.845
0.777
0.761
0.837
0.887
0.980
0.849
0.966
0.949
0.953
0.936
0.864
0.979
0.917
0.895
0.963
0.945
0.955
0.854
0.955
0.940
0.939
0.974
0.932
0.910
0.966
0.968
0.922
0.913
0.884
0.963
0.969
0.968
0.949
0.958
0.945
0.900
0.926
0.945
0.901
0.921
0.882
0.921
0.918
0.882
0.906
0.894
0.936
0.970
0.983
0.981
0.956
0.976
0.958
0.952
0.970
0.936
0.975
0.929
0.938
0.938
0.926
0.954
0.972
0.947
0.964
0.986
0.957
0.983
0.956
0.974
0.898
0.963
0.870
0.905
0.935
0.938
0.957
0.918
0.903
0.936
0.911
0.890
0.885
0.895
0.886
0.874
0.857
0.858
0.864
0.797
0.847
0.827
0.851
0.889
0.922
0.866
0.858
0.885
0.858
0.825
0.894
0.809
0.800
0.762
0.738
0.789
0.819
0.799
0.796
0.783
0.768
0.768
0.737
0.754
0.796
0.722
0.714
0.754
0.731
0.779
0.786
0.751
0.780
0.845
0.801
0.833
0.874
0.846
0.810
0.756
0.757
0.763
0.752
0.763
0.792
0.931
0.811
0.818
0.809
0.838
0.793
0.794
0.778
0.712
0.822
0.677
0.734
0.688
0.717
0.690
0.641
0.630
0.670
0.714
0.682
0.879
0.896
0.806
0.836
0.864
0.931
0.838
0.847
0.850
0.853
0.814
0.749
0.823
0.782
0.838
0.909
0.917
0.909
0.948
0.828
0.881
0.795
0.764
0.714
0.869
0.852
0.768
0.940
0.931
0.952
0.934
0.892
0.775
0.733
0.796
0.862
0.915
0.880
0.914
0.893
0.944
0.852
0.879
0.886
0.941
0.888
0.951
0.947
0.974
0.918
0.914
0.851
0.896
0.892
0.918
0.933
0.967
0.930
0.928
0.927
0.935
0.974
0.893
0.943
0.803
0.855
0.933
0.979
0.977
0.951
0.978
0.982
0.875
0.927
0.913
0.968
0.910
0.947
0.938
0.896
0.920
0.899
0.947
0.952
0.928
0.983
0.926
0.942
0.943
0.888
0.911
0.952
0.915
0.968
0.983
0.951
0.911
0.937
0.949
0.842
0.889
0.851
0.939
0.919
0.926
0.971
0.970
0.942
0.956
0.859
0.800
0.820
0.861
0.923
0.874
0.923
0.910
0.941
0.947
0.919
0.864
0.913
0.912
0.926
0.919
0.924
0.869
0.867
0.889
0.850
0.868
0.901
0.931
0.906
0.829
0.881
0.936
0.910
0.798
0.753
0.774
0.801
0.830
0.899
0.889
0.933
0.958
0.865
0.958
0.977
0.864
0.891
0.897
0.893
0.862
0.967
0.960
0.970
0.967
0.841
0.850
0.969
0.915
0.947
0.910
0.952
0.947
0.834
0.735
0.739
0.850
0.949
0.980
0.859
0.938
0.912
0.964
0.973
0.976
0.959
0.899
0.923
0.848
0.920
0.974
0.913
0.957
0.947
0.932
0.930
0.916
0.840
0.850
0.758
0.757
0.687
0.682
0.655
0.824
0.879
0.956
0.912
0.890
0.966
0.942
0.850
0.977
0.908
0.949
0.900
0.846
0.955
0.920
0.853
0.895
0.946
0.894
0.931
0.888
0.902
0.945
0.981
0.917
0.892
0.883
0.901
0.912
0.978
0.964
0.879
0.852
0.941
0.963
0.965
0.886
0.884
0.873
0.914
0.958
0.980
0.961
0.952
0.976
0.975
0.944
0.967
0.965
0.950
0.970
0.927
0.875
0.868
0.908
0.939
0.925
0.908
0.980
0.944
0.915
0.921
0.903
0.954
0.958
0.941
0.946
0.921
0.975
0.924
0.977
0.905
0.962
0.983
0.943
0.954
0.973
0.971
0.925
0.960
0.862
0.865
0.865
0.868
0.851
0.852
0.920
0.946
0.925
0.979
0.959
0.968
0.888
0.897
0.836
0.961
0.956
0.933
0.916
0.937
0.966
0.976
0.952
0.894
0.951
0.901
0.910
0.923
0.891
0.962
0.932
0.919
0.946
0.924
0.925
0.854
0.840
0.882
0.862
0.826
0.870
0.866
0.838
0.861
0.957
0.917
0.864
0.868
0.935
0.970
0.937
0.882
0.909
0.943
0.942
0.923
0.950
0.951
0.967
0.925
0.909
0.872
0.821
0.816
0.794
0.834
0.861
0.880
0.933
0.846
0.881
0.934
0.860
0.943
0.970
0.940
0.946
0.910
0.904
0.916
0.892
0.876
0.915
0.950
0.893
0.880
0.929
0.891
0.904
0.946
0.951
0.881
0.890
0.882
0.953
0.968
0.965
0.957
0.982
0.888
0.959
0.939
0.976
0.896
0.963
0.934
0.944
0.914
0.978
0.927
0.957
0.939
0.943
0.911
0.852
0.822
0.844
0.871
0.886
0.908
0.890
0.917
0.882
0.910
0.947
0.888
0.904
0.940
0.955
0.952
0.972
0.893
0.942
0.969
0.906
0.876
0.965
0.883
0.967
0.960
0.962
0.935
0.884
0.890
0.925
0.930
0.950
0.949
0.928
0.936
0.967
0.945
0.968
0.941
0.839
0.902
0.939
0.877
0.942
0.954
0.896
0.972
0.863
0.956
0.953
0.982
0.917
0.865
0.847
0.979
0.946
0.939
0.933
0.920
0.960
0.904
0.969
0.947
0.902
0.939
0.962
0.915
0.864
0.892
0.925
0.932
0.965
0.952
0.950
0.934
0.886
0.919
0.891
0.878
0.789
0.737
0.752
0.726
0.681
0.835
0.838
0.919
0.938
0.937
0.895
0.967
0.963
0.937
0.812
0.844
0.825
0.739
0.844
0.929
0.905
0.898
0.974
0.979
0.949
0.873
0.944
0.927
0.910
0.888
0.884
0.942
0.973
0.940
0.935
0.878
0.820
0.861
0.853
0.726
0.822
0.752
0.696
0.672
0.813
0.722
0.663
0.758
0.844
0.884
0.975
0.892
0.935
0.803
0.843
0.796
0.813
0.839
0.836
0.891
0.827
0.872
0.859
0.871
0.952
0.892
0.863
0.856
0.821
0.844
0.773
0.718
0.853
0.907
0.800
0.853
0.899
0.865
0.908
0.892
0.975
0.946
0.921
0.900
0.887
0.978
0.921
0.955
0.948
0.959
0.961
0.899
0.958
0.951
0.960
0.921
0.915
0.869
0.829
0.841
0.866
0.875
0.862
0.818
0.890
0.899
0.922
0.844
0.816
0.836
0.883
0.876
0.929
0.874
0.901
0.844
0.850
0.878
0.910
0.916
0.905
0.898
0.979
0.969
0.964
0.972
0.957
0.955
0.973
0.961
0.946
0.976
0.930
0.954
0.878
0.978
0.960
0.914
0.922
0.855
0.892
0.892
0.933
0.910
0.966
0.947
0.948
0.970
0.920
0.975
0.873
0.925
0.824
0.854
0.936
0.966
0.899
0.941
0.896
0.894
0.950
0.977
0.975
0.969
0.954
0.897
0.907
0.802
0.851
0.767
0.746
0.782
0.841
0.880
0.917
0.955
0.896
0.897
0.916
0.915
0.887
0.845
0.846
0.822
0.823
0.887
0.884
0.923
0.948
0.957
0.929
0.946
0.926
0.855
0.787
0.789
0.794
0.833
0.901
0.899
0.918
0.833
0.800
0.811
0.822
0.840
0.823
0.847
0.809
0.846
0.944
0.865
0.874
0.832
0.842
0.842
0.851
0.917
0.918
0.883
0.920
0.789
0.783
0.875
0.901
0.848
0.885
0.806
0.792
0.863
0.843
0.923
0.905
0.894
0.944
0.909
0.859
0.822
0.809
0.830
0.882
0.882
0.931
0.977
0.911
0.915
0.925
0.931
0.942
0.957
0.972
0.917
0.923
0.898
0.934
0.942
0.986
0.859
0.880
0.894
0.875
0.859
0.904
0.882
0.863
0.872
0.844
0.854
0.901
0.851
0.777
0.632
0.639
0.644
0.705
0.733
0.724
0.703
0.783
0.812
0.829
0.741
0.757
0.862
0.893
0.851
0.922
0.845
0.836
0.771
0.884
0.806
0.798
0.855
0.830
0.820
0.839
0.826
0.808
0.825
0.737
0.773
0.798
0.768
0.898
0.912
0.931
0.928
0.847
0.887
0.872
0.858
0.890
0.923
0.909
0.930
0.971
0.926
0.925
0.961
0.978
0.979
0.971
0.946
0.926
0.941
0.908
0.826
0.878
0.909
0.882
0.848
0.848
0.805
0.835
0.842
0.672
0.787
0.906
0.855
0.886
0.909
0.952
0.909
0.887
0.904
0.858
0.789
0.749
0.845
0.852
0.881
0.879
0.954
0.946
0.932
0.796
0.884
0.874
0.863
0.939
0.944
0.769
0.938
0.939
0.928
0.927
0.893
0.967
0.957
0.962
0.977
0.977
0.896
0.930
0.949
0.915
0.871
0.866
0.830
0.915
0.878
0.915
0.924
0.928
0.959
0.940
0.876
0.856
0.862
0.727
0.710
0.627
0.591
0.629
0.680
0.611
0.700
0.793
0.763
0.670
0.717
0.689
0.674
0.650
0.728
0.825
0.753
0.678
0.599
0.649
0.645
0.543
0.523
0.555
0.646
0.649
0.862
0.862
0.899
0.839
0.757
0.717
0.731
0.643
0.676
0.654
0.598
0.568
0.544
0.539
0.653
0.713
0.723
0.714
0.622
0.574
0.663
0.811
0.854
0.805
0.693
0.731
0.770
0.828
0.854
0.882
0.829
0.679
0.675
0.765
0.839
0.862
0.821
0.879
0.811
0.922
0.961
0.967
0.965
0.960
0.894
0.823
0.765
0.812
0.846
0.760
0.708
0.726
0.739
0.897
0.950
0.902
0.942
0.968
0.975
0.951
0.898
0.732
0.859
0.925
0.878
0.929
0.908
0.952
0.862
0.948
0.885
0.857
0.845
0.947
0.975
0.933
0.961
0.964
0.935
0.859
0.917
0.968
0.911
0.884
0.910
0.938
0.951
0.942
0.932
0.890
0.884
0.918
0.944
0.977
0.963
0.927
0.887
0.832
0.887
0.912
0.896
0.935
0.894
0.908
0.959
0.969
0.894
0.956
0.931
0.930
0.961
0.937
0.923
0.968
0.965
0.911
0.908
0.858
0.943
0.910
0.961
0.980
0.928
0.909
0.919
0.944
0.962
0.930
0.864
0.893
0.917
0.900
0.868
0.789
0.773
0.847
0.817
0.820
0.791
0.915
0.895
0.805
0.803
0.790
0.783
0.815
0.910
0.767
0.740
0.711
0.711
0.687
0.692
0.777
0.802
0.790
0.661
0.717
0.666
0.591
0.626
0.699
0.876
0.911
0.927
0.826
0.787
0.768
0.766
0.768
0.854
0.786
0.908
0.786
0.824
0.808
0.778
0.763
0.782
0.773
0.806
0.809
0.731
0.754
0.833
0.806
0.810
0.824
0.742
0.633
0.782
0.951
0.931
0.784
0.896
0.909
0.807
0.769
0.830
0.887
0.879
0.919
0.789
0.693
0.707
0.779
0.773
0.771
0.811
0.854
0.803
0.789
0.723
0.779
0.888
0.834
0.769
0.827
0.767
0.704
0.807
0.809
0.801
0.906
0.936
0.937
0.766
0.783
0.773
0.703
0.731
0.931
0.876
0.771
0.717
0.836
0.941
0.842
0.950
0.921
0.914
0.856
0.972
0.901
0.958
0.942
0.813
0.708
0.821
0.750
0.876
0.925
0.787
0.834
0.869
0.885
0.936
0.962
0.951
0.976
0.923
0.890
0.942
0.931
0.953
0.935
0.966
0.963
0.928
0.950
0.957
0.973
0.980
0.930
0.969
0.884
0.962
0.961
0.904
0.960
0.947
0.974
0.927
0.984
0.953
0.969
0.842
0.893
0.951
0.878
0.899
0.879
0.870
0.860
0.804
0.745
0.827
0.876
0.816
0.893
0.848
0.943
0.952
0.981
0.958
0.966
0.983
0.958
0.944
0.901
0.914
0.897
0.792
0.877
0.856
0.885
0.877
0.880
0.885
0.803
0.747
0.870
0.824
0.866
0.870
0.839
0.857
0.864
0.855
0.921
0.833
0.811
0.849
0.836
0.758
0.818
0.805
0.665
0.663
0.714
0.839
0.923
0.849
0.881
0.896
0.962
0.961
0.902
0.878
0.861
0.760
0.708
0.828
0.871
0.879
0.960
0.923
0.890
0.860
0.892
0.919
0.883
0.945
0.952
0.936
0.859
0.876
0.826
0.858
0.843
0.794
0.756
0.782
0.864
0.959
0.924
0.911
0.899
0.932
0.879
0.849
0.817
0.897
0.945
0.932
0.847
0.900
0.947
0.974
0.945
0.836
0.838
0.868
0.926
0.970
0.894
0.816
0.837
0.882
0.769
0.902
0.959
0.959
0.950
0.889
0.911
0.958
0.950
0.906
0.900
0.934
0.982
0.935
0.930
0.900
0.752
0.859
0.951
0.932
0.885
0.910
0.890
0.951
0.967
0.959
0.968
0.913
0.949
0.962
0.860
0.887
0.896
0.908
0.955
0.970
0.980
0.960
0.891
0.834
0.804
0.812
0.850
0.947
0.984
0.888
0.870
0.949
0.966
0.931
0.959
0.941
0.963
0.934
0.956
0.907
0.848
0.894
0.942
0.962
0.856
0.973
0.929
0.968
0.907
0.931
0.919
0.961
0.960
0.897
0.937
0.822
0.923
0.910
0.966
0.952
0.979
0.922
0.956
0.967
0.913
0.980
0.840
0.919
0.962
0.936
0.871
0.947
0.878
0.948
0.903
0.937
0.945
0.966
0.860
0.946
0.931
0.950
0.974
0.930
0.903
0.915
0.966
0.941
0.934
0.949
0.931
0.928
0.951
0.916
0.865
0.898
0.947
0.850
0.823
0.872
0.933
0.952
0.957
0.977
0.960
0.908
0.857
0.926
0.918
0.934
0.914
0.917
0.841
0.820
0.801
0.810
0.905
0.889
0.904
0.829
0.804
0.849
0.856
0.813
0.837
0.897
0.824
0.824
0.896
0.963
0.952
0.883
0.900
0.893
0.889
0.846
0.860
0.883
0.928
0.903
0.918
0.904
0.895
0.922
0.909
0.929
0.906
0.945
0.917
0.927
0.902
0.958
0.961
0.926
0.973
0.947
0.956
0.913
0.976
0.948
0.958
0.922
0.910
0.903
0.953
0.952
0.919
0.848
0.862
0.892
0.892
0.851
0.859
0.890
0.913
0.897
0.882
0.886
0.866
0.936
0.958
0.928
0.937
0.941
0.891
0.907
0.912
0.886
0.943
0.942
0.885
0.898
0.939
0.965
0.925
0.959
0.940
0.931
0.970
0.975
0.984
0.961
0.953
0.943
0.985
0.921
0.914
0.915
0.934
0.964
0.980
0.925
0.881
0.798
0.754
0.854
0.887
0.827
0.875
0.829
0.896
0.981
0.984
0.976
0.984
0.914
0.968
0.968
0.970
0.905
0.960
0.940
0.976
0.914
0.969
0.938
0.955
0.969
0.984
0.879
0.980
0.892
0.889
0.935
0.905
0.908
0.877
0.870
0.827
0.830
0.835
0.820
0.841
0.809
0.849
0.873
0.907
0.930
0.910
0.859
0.838
0.958
0.907
0.909
0.821
0.968
0.943
0.864
0.949
0.928
0.898
0.803
0.982
0.943
0.979
0.879
0.984
0.863
0.928
0.913
0.949
0.935
0.950
0.936
0.967
0.969
0.943
0.818
0.950
0.892
0.951
0.964
0.889
0.764
0.858
0.808
0.757
0.770
0.822
0.784
0.759
0.667
0.673
0.728
0.748
0.726
0.739
0.769
0.742
0.704
0.908
0.802
0.761
0.695
0.706
0.790
0.743
0.708
0.707
0.729
0.803
0.869
0.825
0.870
0.884
0.909
0.886
0.828
0.755
0.688
0.844
0.881
0.861
0.739
0.719
0.784
0.776
0.774
0.905
0.960
0.975
0.943
0.982
0.832
0.910
0.943
0.816
0.836
0.786
0.775
0.836
0.897
0.857
0.924
0.849
0.886
0.942
0.941
0.951
0.949
0.956
0.965
0.943
0.951
0.984
0.911
0.898
0.832
0.896
0.851
0.897
0.887
0.967
0.874
0.952
0.972
0.873
0.981
0.953
0.951
0.835
0.845
0.938
0.973
0.860
0.976
0.909
0.870
0.862
0.961
0.949
0.945
0.867
0.794
0.875
0.940
0.919
0.890
0.908
0.923
0.939
0.963
0.973
0.980
0.940
0.961
0.949
0.950
0.926
0.928
0.854
0.897
0.863
0.931
0.972
0.919
0.934
0.956
0.926
0.965
0.966
0.960
0.970
0.969
0.955
0.910
0.941
0.946
0.931
0.947
0.854
0.939
0.911
0.924
0.950
0.977
0.919
0.855
0.852
0.891
0.912
0.914
0.872
0.945
0.967
0.973
0.954
0.929
0.861
0.889
0.928
0.940
0.967
0.969
0.973
0.960
0.964
0.954
0.966
0.906
0.946
0.913
0.832
0.816
0.795
0.952
0.950
0.880
0.861
0.916
0.834
0.836
0.888
0.863
0.825
0.881
0.853
0.881
0.919
0.896
0.855
0.856
0.836
0.807
0.818
0.765
0.759
0.802
0.794
0.781
0.824
0.847
0.832
0.800
0.810
0.864
0.914
0.886
0.809
0.816
0.770
0.837
0.875
0.956
0.925
0.852
0.876
0.921
0.831
0.790
0.845
0.825
0.829
0.841
0.771
0.785
0.799
0.757
0.746
0.743
0.773
0.783
0.830
0.873
0.897
0.901
0.929
0.940
0.922
0.967
0.978
0.898
0.899
0.946
0.898
0.934
0.901
0.889
0.955
0.899
0.836
0.831
0.856
0.897
0.848
0.801
0.822
0.913
0.909
0.808
0.823
0.768
0.807
0.802
0.824
0.894
0.920
0.910
0.938
0.815
0.855
0.843
0.941
0.824
0.808
0.890
0.964
0.913
0.916
0.937
0.845
0.812
0.725
0.878
0.965
0.932
0.936
0.886
0.885
0.936
0.916
0.929
0.919
0.884
0.955
0.925
0.964
0.914
0.948
0.913
0.880
0.871
0.904
0.956
0.904
0.914
0.922
0.964
0.972
0.923
0.918
0.938
0.913
0.935
0.805
0.874
0.961
0.972
0.892
0.937
0.935
0.931
0.978
0.943
0.899
0.850
0.853
0.855
0.839
0.901
0.933
0.877
0.961
0.974
0.954
0.915
0.803
0.920
0.856
0.907
0.839
0.858
0.883
0.774
0.776
0.815
0.866
0.903
0.898
0.898
0.948
0.952
0.904
0.803
0.797
0.875
0.889
0.908
0.897
0.793
0.742
0.782
0.795
0.721
0.737
0.797
0.832
0.760
0.823
0.824
0.853
0.881
0.755
0.731
0.757
0.739
0.721
0.651
0.684
0.794
0.750
0.861
0.860
0.908
0.889
0.934
0.814
0.694
0.753
0.748
0.723
0.851
0.831
0.843
0.775
0.830
0.840
0.913
0.886
0.878
0.881
0.862
0.837
0.845
0.815
0.630
0.611
0.561
0.593
0.685
0.650
0.730
0.632
0.591
0.657
0.647
0.643
0.665
0.740
0.807
0.791
0.751
0.854
0.914
0.865
0.866
0.888
0.953
0.912
0.965
0.883
0.922
0.944
0.926
0.943
0.924
0.954
0.879
0.895
0.915
0.894
0.781
0.799
0.814
0.839
0.881
0.909
0.874
0.934
0.978
0.906
0.880
0.964
0.856
0.933
0.974
0.860
0.844
0.890
0.936
0.876
0.798
0.852
0.879
0.845
0.757
0.726
0.738
0.883
0.838
0.840
0.877
0.880
0.846
0.817
0.870
0.900
0.897
0.967
0.982
0.935
0.965
0.933
0.902
0.906
0.934
0.982
0.958
0.951
0.849
0.966
0.882
0.860
0.843
0.903
0.942
0.957
0.948
0.917
0.892
0.889
0.846
0.850
0.911
0.954
0.950
0.860
0.787
0.689
0.770
0.833
0.852
0.854
0.893
0.884
0.887
0.870
0.816
0.848
0.858
0.900
0.936
0.872
0.872
0.901
0.877
0.872
0.839
0.803
0.842
0.756
0.794
0.729
0.799
0.848
0.899
0.948
0.806
0.782
0.771
0.768
0.805
0.758
0.853
0.870
0.889
0.851
0.802
0.789
0.759
0.824
0.813
0.859
0.823
0.742
0.764
0.814
0.840
0.798
0.811
0.767
0.807
0.769
0.779
0.777
0.899
0.894
0.877
0.812
0.939
0.938
0.818
0.794
0.740
0.750
0.696
0.706
0.649
0.740
0.704
0.642
0.736
0.737
0.711
0.616
0.615
0.678
0.687
0.561
0.555
0.508
0.575
0.728
0.803
0.724
0.755
0.745
0.796
0.764
0.810
0.784
0.768
0.759
0.818
0.884
0.877
0.849
0.900
0.854
0.853
0.937
0.876
0.942
0.925
0.862
0.916
0.906
0.926
0.830
0.837
0.852
0.870
0.877
0.895
0.933
0.908
0.916
0.962
0.952
0.916
0.961
0.947
0.925
0.899
0.810
0.917
0.911
0.889
0.853
0.809
0.777
0.845
0.867
0.911
0.865
0.927
0.965
0.872
0.907
0.916
0.938
0.921
0.972
0.913
0.869
0.820
0.920
0.977
0.873
0.861
0.884
0.880
0.907
0.917
0.892
0.822
0.880
0.943
0.848
0.821
0.885
0.910
0.960
0.901
0.969
0.972
0.963
0.844
0.856
0.884
0.926
0.960
0.963
0.970
0.925
0.879
0.886
0.909
0.976
0.975
0.884
0.933
0.946
0.915
0.964
0.959
0.891
0.859
0.909
0.920
0.978
0.870
0.882
0.885
0.895
0.835
0.706
0.793
0.761
0.743
0.844
0.896
0.887
0.890
0.862
0.882
0.865
0.818
0.839
0.827
0.698
0.715
0.745
0.701
0.512
0.568
0.628
0.667
0.803
0.819
0.765
0.621
0.616
0.675
0.749
0.797
0.872
0.905
0.952
0.946
0.898
0.810
0.872
0.910
0.908
0.843
0.800
0.898
0.859
0.908
0.902
0.784
0.706
0.757
0.870
0.791
0.853
0.754
0.844
0.769
0.708
0.704
0.795
0.795
0.881
0.864
0.818
0.760
0.709
0.604
0.607
0.595
0.687
0.823
0.832
0.770
0.709
0.729
0.737
0.674
0.592
0.733
0.681
0.791
0.901
0.893
0.900
0.763
0.699
0.738
0.663
0.746
0.877
0.871
0.874
0.852
0.723
0.836
0.881
0.938
0.921
0.907
0.947
0.914
0.984
0.908
0.846
0.746
0.865
0.931
0.923
0.905
0.886
0.877
0.974
0.843
0.919
0.961
0.917
0.898
0.970
0.858
0.884
0.791
0.694
0.847
0.883
0.908
0.891
0.904
0.896
0.851
0.873
0.856
0.927
0.951
0.977
0.979
0.921
0.941
0.956
0.961
0.963
0.938
0.890
0.853
0.862
0.960
0.891
0.924
0.950
0.980
0.951
0.974
0.809
0.848
0.867
0.928
0.878
0.880
0.938
0.969
0.959
0.965
0.977
0.950
0.963
0.922
0.937
0.935
0.953
0.949
0.975
0.875
0.910
0.925
0.975
0.962
0.955
0.884
0.898
0.830
0.880
0.853
0.820
0.830
0.844
0.921
0.938
0.962
0.971
0.919
0.903
0.879
0.958
0.918
0.913
0.967
0.943
0.980
0.938
0.932
0.969
0.971
0.931
0.925
0.967
0.955
0.975
0.923
0.897
0.944
0.889
0.833
0.800
0.883
0.855
0.798
0.878
0.877
0.905
0.876
0.817
0.810
0.828
0.865
0.877
0.853
0.851
0.851
0.840
0.778
0.782
0.837
0.852
0.827
0.819
0.866
0.793
0.667
0.604
0.730
0.798
0.887
0.860
0.897
0.960
0.916
0.854
0.859
0.960
0.877
0.927
0.882
0.882
0.857
0.852
0.810
0.771
0.770
0.807
0.797
0.827
0.838
0.803
0.843
0.868
0.747
0.782
0.844
0.836
0.804
0.730
0.694
0.702
0.749
0.787
0.838
0.809
0.704
0.715
0.823
0.808
0.864
0.860
0.896
0.889
0.910
0.883
0.914
0.968
0.939
0.956
0.978
0.928
0.878
0.860
0.926
0.902
0.943
0.947
0.946
0.846
0.899
0.890
0.961
0.849
0.904
0.958
0.968
0.928
0.892
0.933
0.950
0.881
0.929
0.924
0.872
0.886
0.896
0.978
0.963
0.959
0.932
0.971
0.889
0.972
0.975
0.971
0.956
0.934
0.931
0.948
0.897
0.880
0.822
0.868
0.817
0.785
0.857
0.895
0.809
0.776
0.834
0.794
0.722
0.786
0.861
0.899
0.909
0.976
0.929
0.979
0.921
0.982
0.936
0.929
0.969
0.979
0.866
0.749
0.721
0.925
0.944
0.876
0.890
0.939
0.950
0.978
0.949
0.943
0.925
0.923
0.894
0.831
0.856
0.893
0.901
0.862
0.709
0.746
0.732
0.655
0.647
0.677
0.613
0.599
0.634
0.594
0.579
0.652
0.733
0.725
0.649
0.611
0.603
0.692
0.749
0.896
0.926
0.940
0.772
0.728
0.784
0.727
0.765
0.622
0.676
0.623
0.715
0.800
0.909
0.850
0.915
0.929
0.876
0.874
0.840
0.766
0.714
0.719
0.678
0.621
0.659
0.694
0.748
0.703
0.699
0.668
0.723
0.668
0.705
0.745
0.695
0.679
0.657
0.668
0.626
0.632
0.566
0.560
0.541
0.625
0.751
0.826
0.732
0.708
0.758
0.838
0.860
0.918
0.961
0.961
0.901
0.904
0.872
0.885
0.884
0.942
0.824
0.826
0.851
0.731
0.641
0.718
0.781
0.907
0.851
0.823
0.841
0.888
0.904
0.940
0.971
0.912
0.896
0.729
0.715
0.837
0.926
0.938
0.942
0.950
0.972
0.867
0.947
0.852
0.839
0.852
0.779
0.800
0.841
0.893
0.906
0.913
0.884
0.974
0.869
0.838
0.835
0.929
0.969
0.902
0.930
0.926
0.929
0.981
0.940
0.888
0.967
0.921
0.956
0.933
0.906
0.937
0.956
0.950
0.925
0.973
0.923
0.941
0.900
0.885
0.944
0.983
0.872
0.824
0.872
0.907
0.947
0.956
0.846
0.812
0.809
0.951
0.913
0.896
0.910
0.826
0.894
0.845
0.866
0.869
0.799
0.827
0.893
0.885
0.930
0.824
0.779
0.794
0.833
0.921
0.869
0.897
0.890
0.920
0.873
0.874
0.884
0.963
0.982
0.970
0.985
0.889
0.897
0.922
0.844
0.895
0.879
0.804
0.814
0.803
0.833
0.866
0.880
0.902
0.761
0.762
0.754
0.796
0.792
0.803
0.769
0.720
0.756
0.757
0.695
0.744
0.708
0.768
0.816
0.820
0.779
0.852
0.809
0.774
0.750
0.711
0.764
0.832
0.828
0.777
0.760
0.801
0.788
0.730
0.756
0.836
0.817
0.820
0.708
0.732
0.757
0.756
0.813
0.835
0.845
0.842
0.926
0.931
0.900
0.840
0.885
0.923
0.908
0.920
0.903
0.868
0.874
0.872
0.898
0.830
0.861
0.898
0.854
0.787
0.849
0.893
0.844
0.750
0.706
0.734
0.725
0.761
0.812
0.845
0.827
0.874
0.874
0.936
0.977
0.955
0.925
0.918
0.947
0.933
0.929
0.948
0.831
0.814
0.925
0.936
0.870
0.864
0.892
0.958
0.918
0.833
0.711
0.800
0.863
0.906
0.888
0.844
0.910
0.964
0.920
0.900
0.924
0.952
0.949
0.958
0.942
0.956
0.948
0.922
0.908
0.967
0.958
0.966
0.976
0.937
0.957
0.884
0.821
0.926
0.934
0.804
0.901
0.906
0.967
0.927
0.897
0.925
0.933
0.951
0.913
0.881
0.897
0.884
0.827
0.824
0.797
0.832
0.916
0.964
0.908
0.912
0.928
0.929
0.912
0.926
0.981
0.889
0.939
0.915
0.895
0.962
0.907
0.878
0.983
0.955
0.977
0.907
0.875
0.733
0.730
0.800
0.885
0.928
0.943
0.906
0.959
0.884
0.970
0.937
0.985
0.900
0.816
0.881
0.868
0.858
0.763
0.758
0.813
0.826
0.871
0.867
0.929
0.850
0.756
0.828
0.900
0.921
0.934
0.949
0.966
0.863
0.868
0.884
0.809
0.687
0.708
0.786
0.750
0.604
0.661
0.644
0.663
0.670
0.676
0.715
0.753
0.830
0.723
0.741
0.754
0.803
0.791
0.865
0.935
0.918
0.850
0.876
0.785
0.809
0.906
0.856
0.756
0.759
0.755
0.775
0.793
0.691
0.824
0.699
0.686
0.778
0.879
0.955
0.912
0.960
0.838
0.884
0.784
0.796
0.722
0.816
0.817
0.701
0.737
0.743
0.775
0.734
0.865
0.866
0.937
0.915
0.980
0.890
0.883
0.929
0.866
0.825
0.875
0.891
0.884
0.912
0.818
0.924
0.814
0.864
0.921
0.962
0.969
0.932
0.954
0.931
0.965
0.982
0.971
0.958
0.941
0.932
0.952
0.978
0.864
0.970
0.973
0.891
0.941
0.944
0.963
0.889
0.959
0.921
0.835
0.965
0.982
0.938
0.976
0.961
0.927
0.898
0.944
0.930
0.976
0.949
0.945
0.958
0.961
0.963
0.956
0.934
0.927
0.917
0.951
0.960
0.941
0.976
0.942
0.970
0.960
0.967
0.924
0.924
0.917
0.919
0.966
0.872
0.950
0.949
0.975
0.971
0.969
0.977
0.865
0.875
0.922
0.962
0.958
0.979
0.902
0.967
0.913
0.918
0.934
0.951
0.955
0.891
0.917
0.940
0.917
0.897
0.912
0.876
0.800
0.780
0.865
0.873
0.867
0.888
0.867
0.859
0.805
0.862
0.903
0.909
0.943
0.853
0.851
0.797
0.743
0.682
0.765
0.836
0.859
0.917
0.950
0.927
0.971
0.954
0.934
0.906
0.860
0.817
0.862
0.898
0.866
0.868
0.834
0.881
0.842
0.823
0.859
0.761
0.764
0.816
0.805
0.794
0.791
0.761
0.791
0.766
0.735
0.814
0.738
0.755
0.645
0.710
0.686
0.610
0.602
0.753
0.819
0.804
0.868
0.840
0.832
0.782
0.818
0.930
0.865
0.900
0.838
0.931
0.941
0.843
0.871
0.857
0.884
0.898
0.911
0.871
0.836
0.871
0.818
0.896
0.960
0.907
0.865
0.904
0.848
0.794
0.757
0.785
0.857
0.867
0.809
0.817
0.894
0.817
0.828
0.880
0.850
0.866
0.908
0.948
0.940
0.877
0.875
0.805
0.802
0.862
0.903
0.959
0.973
0.876
0.896
0.855
0.892
0.908
0.935
0.903
0.831
0.914
0.968
0.982
0.944
0.900
0.889
0.908
0.983
0.933
0.981
0.950
0.956
0.981
0.935
0.966
0.919
0.888
0.914
0.951
0.975
0.923
0.977
0.901
0.937
0.807
0.852
0.835
0.885
0.912
0.916
0.941
0.886
0.972
0.908
0.967
0.950
0.965
0.967
0.957
0.963
0.923
0.867
0.907
0.914
0.906
0.939
0.972
0.929
0.862
0.823
0.862
0.802
0.846
0.890
0.927
0.806
0.827
0.846
0.817
0.792
0.733
0.705
0.765
0.747
0.705
0.662
0.764
0.758
0.860
0.750
0.635
0.614
0.685
0.791
0.733
0.806
0.716
0.600
0.856
0.877
0.840
0.864
0.831
0.893
0.861
0.854
0.955
0.943
0.908
0.825
0.797
0.899
0.907
0.899
0.834
0.805
0.841
0.863
0.848
0.896
0.864
0.830
0.832
0.881
0.863
0.833
0.877
0.889
0.808
0.652
0.623
0.662
0.835
0.823
0.802
0.883
0.640
0.565
0.574
0.711
0.682
0.705
0.661
0.712
0.740
0.860
0.909
0.843
0.856
0.802
0.880
0.757
0.750
0.869
0.902
0.890
0.950
0.891
0.876
0.939
0.857
0.811
0.780
0.772
0.919
0.974
0.917
0.969
0.965
0.979
0.932
0.977
0.809
0.857
0.871
0.911
0.877
0.926
0.875
0.955
0.898
0.837
0.869
0.857
0.912
0.930
0.846
0.949
0.979
0.958
0.910
0.920
0.869
0.864
0.972
0.911
0.966
0.947
0.965
0.954
0.971
0.950
0.977
0.882
0.926
0.902
0.916
0.924
0.970
0.936
0.969
0.983
0.974
0.949
0.917
0.898
0.933
0.966
0.951
0.928
0.968
0.967
0.900
0.933
0.954
0.975
0.962
0.910
0.980
0.940
0.974
0.937
0.926
0.865
0.910
0.893
0.860
0.968
0.970
0.970
0.974
0.956
0.891
0.849
0.923
0.929
0.949
0.948
0.971
0.845
0.833
0.897
0.922
0.905
0.921
0.942
0.890
0.923
0.932
0.953
0.980
0.882
0.976
0.978
0.903
0.931
0.892
0.877
0.902
0.902
0.872
0.901
0.829
0.854
0.810
0.764
0.824
0.813
0.793
0.887
0.882
0.872
0.833
0.870
0.836
0.877
0.938
0.884
0.923
0.882
0.865
0.928
0.937
0.943
0.953
0.880
0.959
0.920
0.953
0.975
0.888
0.842
0.864
0.831
0.828
0.824
0.910
0.886
0.845
0.877
0.885
0.858
0.895
0.844
0.862
0.895
0.848
0.893
0.911
0.877
0.893
0.948
0.969
0.884
0.925
0.935
0.865
0.889
0.824
0.946
0.831
0.840
0.874
0.848
0.875
0.824
0.867
0.856
0.794
0.802
0.816
0.896
0.831
0.877
0.897
0.904
0.935
0.905
0.837
0.904
0.898
0.841
0.761
0.833
0.748
0.770
0.801
0.763
0.871
0.804
0.820
0.925
0.921
0.760
0.826
0.907
0.865
0.906
0.903
0.934
0.880
0.844
0.862
0.887
0.931
0.964
0.828
0.864
0.880
0.962
0.941
0.966
0.972
0.863
0.950
0.826
0.860
0.823
0.888
0.798
0.897
0.932
0.944
0.962
0.958
0.921
0.832
0.911
0.917
0.895
0.913
0.955
0.893
0.909
0.923
0.952
0.911
0.977
0.870
0.949
0.916
0.982
0.902
0.872
0.860
0.868
0.901
0.954
0.972
0.981
0.956
0.977
0.925
0.966
0.974
0.952
0.879
0.887
0.932
0.906
0.782
0.791
0.874
0.883
0.909
0.921
0.974
0.816
0.900
0.978
0.903
0.915
0.905
0.895
0.953
0.940
0.864
0.899
0.892
0.771
0.813
0.801
0.876
0.853
0.914
0.872
0.819
0.766
0.738
0.847
0.866
0.923
0.950
0.934
0.889
0.781
0.880
0.844
0.919
0.872
0.786
0.790
0.768
0.726
0.728
0.838
0.897
0.912
0.967
0.940
0.951
0.895
0.833
0.856
0.855
0.790
0.729
0.776
0.741
0.662
0.639
0.657
0.682
0.658
0.719
0.788
0.782
0.714
0.732
0.802
0.906
0.785
0.824
0.799
0.665
0.738
0.797
0.845
0.936
0.962
0.970
0.948
0.891
0.835
0.713
0.819
0.950
0.890
0.923
0.926
0.857
0.892
0.897
0.871
0.925
0.927
0.839
0.812
0.779
0.854
0.878
0.857
0.825
0.739
0.748
0.709
0.774
0.836
0.790
0.840
0.784
0.734
0.755
0.777
0.833
0.862
0.970
0.944
0.976
0.931
0.930
0.940
0.963
0.886
0.945
0.919
0.925
0.929
0.965
0.893
0.958
0.867
0.947
0.841
0.917
0.939
0.960
0.976
0.961
0.954
0.969
0.969
0.884
0.901
0.964
0.972
0.892
0.968
0.981
0.955
0.976
0.945
0.945
0.921
0.931
0.971
0.943
0.983
0.945
0.977
0.923
0.931
0.910
0.947
0.970
0.901
0.972
0.982
0.979
0.946
0.969
0.929
0.951
0.960
0.932
0.972
0.922
0.972
0.975
0.969
0.947
0.925
0.936
0.869
0.819
0.833
0.825
0.830
0.835
0.826
0.862
0.928
0.977
0.845
0.877
0.917
0.853
0.928
0.954
0.943
0.952
0.929
0.871
0.825
0.882
0.923
0.876
0.950
0.961
0.917
0.957
0.952
0.961
0.835
0.825
0.917
0.820
0.771
0.835
0.830
0.895
0.927
0.967
0.904
0.895
0.887
0.900
0.910
0.907
0.859
0.833
0.922
0.925
0.838
0.916
0.901
0.792
0.758
0.794
0.812
0.823
0.843
0.918
0.916
0.955
0.869
0.928
0.899
0.963
0.927
0.955
0.966
0.972
0.922
0.853
0.917
0.904
0.833
0.825
0.868
0.862
0.832
0.787
0.766
0.759
0.773
0.833
0.780
0.740
0.720
0.712
0.768
0.863
0.865
0.825
0.980
0.826
0.883
0.897
0.937
0.888
0.875
0.911
0.930
0.963
0.938
0.929
0.948
0.872
0.796
0.872
0.834
0.859
0.926
0.946
0.903
0.923
0.915
0.945
0.960
0.877
0.931
0.901
0.935
0.846
0.875
0.938
0.918
0.913
0.972
0.939
0.985
0.969
0.964
0.947
0.952
0.976
0.895
0.969
0.982
0.975
0.969
0.843
0.831
0.886
0.963
0.930
0.877
0.906
0.860
0.884
0.787
0.940
0.910
0.969
0.966
0.966
0.979
0.878
0.759
0.881
0.981
0.969
0.976
0.940
0.974
0.961
0.971
0.960
0.943
0.872
0.856
0.806
0.897
0.915
0.876
0.929
0.936
0.893
0.924
0.771
0.827
0.855
0.844
0.895
0.905
0.926
0.840
0.888
0.893
0.927
0.958
0.913
0.949
0.956
0.983
0.883
0.888
0.982
0.926
0.852
0.804
0.830
0.899
0.803
0.840
0.797
0.724
0.743
0.798
0.825
0.783
0.838
0.742
0.832
0.737
0.708
0.600
0.586
0.599
0.612
0.622
0.671
0.698
0.720
0.703
0.769
0.833
0.737
0.725
0.714
0.689
0.772
0.760
0.765
0.780
0.846
0.678
0.711
0.782
0.830
0.814
0.808
0.878
0.902
0.983
0.933
0.936
0.885
0.878
0.698
0.821
0.723
0.726
0.743
0.726
0.795
0.814
0.891
0.876
0.888
0.779
0.683
0.803
0.870
0.933
0.871
0.928
0.858
0.867
0.857
0.777
0.860
0.860
0.957
0.942
0.945
0.849
0.882
0.848
0.908
0.845
0.861
0.928
0.916
0.901
0.758
0.873
0.958
0.893
0.891
0.865
0.903
0.907
0.889
0.950
0.896
0.948
0.937
0.943
0.915
0.921
0.871
0.920
0.901
0.821
0.796
0.730
0.778
0.803
0.849
0.839
0.909
0.917
0.951
0.963
0.794
0.900
0.834
0.879
0.856
0.918
0.968
0.958
0.944
0.955
0.926
0.929
0.943
0.935
0.921
0.935
0.875
0.921
0.952
0.954
0.951
0.884
0.945
0.935
0.885
0.980
0.910
0.892
0.826
0.856
0.927
0.960
0.957
0.973
0.911
0.886
0.925
0.974
0.894
0.971
0.982
0.935
0.921
0.948
0.977
0.902
0.977
0.919
0.948
0.884
0.978
0.953
0.968
0.959
0.979
0.947
0.911
0.940
0.968
0.910
0.892
0.873
0.940
0.958
0.924
0.954
0.941
0.929
0.976
0.903
0.856
0.862
0.804
0.848
0.897
0.957
0.895
0.910
0.938
0.938
0.945
0.969
0.954
0.894
0.793
0.831
0.873
0.866
0.781
0.705
0.832
0.838
0.834
0.846
0.816
0.898
0.850
0.906
0.839
0.814
0.895
0.861
0.808
0.903
0.939
0.869
0.832
0.852
0.816
0.894
0.867
0.816
0.973
0.889
0.856
0.786
0.917
0.842
0.822
0.779
0.785
0.793
0.797
0.805
0.823
0.864
0.863
0.831
0.807
0.800
0.829
0.800
0.835
0.853
0.856
0.857
0.865
0.805
0.753
0.754
0.738
0.724
0.780
0.742
0.733
0.779
0.788
0.843
0.787
0.920
0.925
0.936
0.930
0.907
0.877
0.856
0.926
0.812
0.859
0.860
0.905
0.929
0.944
0.901
0.936
0.921
0.922
0.955
0.962
0.919
0.920
0.966
0.941
0.932
0.897
0.948
0.948
0.900
0.942
0.974
0.976
0.977
0.960
0.900
0.944
0.958
0.940
0.898
0.921
0.899
0.915
0.870
0.916
0.904
0.959
0.975
0.969
0.957
0.941
0.924
0.975
0.912
0.982
0.946
0.915
0.960
0.965
0.962
0.971
0.953
0.966
0.888
0.945
0.982
0.962
0.980
0.952
0.880
0.874
0.907
0.887
0.911
0.820
0.956
0.946
0.905
0.936
0.975
0.980
0.860
0.975
0.938
0.983
0.954
0.896
0.975
0.941
0.965
0.936
0.978
0.945
0.871
0.905
0.886
0.904
0.901
0.911
0.855
0.840
0.857
0.763
0.819
0.850
0.939
0.872
0.887
0.846
0.766
0.837
0.899
0.887
0.851
0.856
0.860
0.791
0.671
0.744
0.764
0.659
0.672
0.607
0.623
0.739
0.730
0.835
0.922
0.935
0.849
0.861
0.871
0.920
0.895
0.930
0.926
0.935
0.947
0.883
0.931
0.871
0.909
0.886
0.856
0.919
0.864
0.793
0.766
0.693
0.679
0.747
0.746
0.792
0.866
0.871
0.917
0.852
0.841
0.891
0.927
0.885
0.822
0.861
0.935
0.917
0.931
0.902
0.945
0.942
0.955
0.961
0.850
0.870
0.857
0.913
0.968
0.975
0.932
0.866
0.940
0.967
0.900
0.892
0.849
0.875
0.957
0.950
0.859
0.853
0.954
0.908
0.892
0.834
0.857
0.853
0.915
0.981
0.957
0.898
0.867
0.933
0.930
0.884
0.914
0.944
0.974
0.930
0.907
0.883
0.806
0.836
0.846
0.871
0.915
0.953
0.947
0.963
0.964
0.972
0.949
0.982
0.922
0.897
0.961
0.917
0.906
0.983
0.856
0.978
0.973
0.970
0.972
0.931
0.970
0.956
0.954
0.946
0.895
0.942
0.978
0.946
0.956
0.930
0.965
0.907
0.916
0.949
0.913
0.966
0.923
0.981
0.978
0.886
0.948
0.938
0.928
0.968
0.893
0.936
0.928
0.910
0.811
0.848
0.956
0.968
0.978
0.932
0.936
0.899
0.930
0.928
0.913
0.845
0.824
0.800
0.841
0.947
0.894
0.820
0.834
0.895
0.811
0.887
0.970
0.870
0.947
0.924
0.944
0.979
0.902
0.955
0.892
0.854
0.952
0.891
0.939
0.950
0.954
0.915
0.927
0.912
0.863
0.891
0.807
0.750
0.752
0.819
0.805
0.853
0.876
0.847
0.945
0.907
0.881
0.845
0.908
0.842
0.886
0.896
0.883
0.901
0.848
0.817
0.914
0.853
0.865
0.861
0.902
0.940
0.888
0.821
0.757
0.737
0.766
0.699
0.786
0.747
0.769
0.772
0.771
0.858
0.917
0.926
0.933
0.910
0.851
0.856
0.886
0.860
0.949
0.923
0.924
0.969
0.945
0.950
0.912
0.881
0.870
0.848
0.851
0.802
0.858
0.917
0.784
0.825
0.832
0.903
0.920
0.951
0.911
0.812
0.797
0.778
0.897
0.875
0.868
0.881
0.976
0.851
0.872
0.852
0.922
0.905
0.862
0.865
0.948
0.942
0.924
0.918
0.859
0.844
0.900
0.969
0.974
0.944
0.960
0.901
0.931
0.906
0.950
0.895
0.915
0.921
0.896
0.922
0.900
0.930
0.967
0.915
0.900
0.902
0.797
0.813
0.852
0.931
0.921
0.900
0.976
0.972
0.980
0.965
0.967
0.971
0.964
0.937
0.965
0.929
0.948
0.948
0.876
0.872
0.880
0.905
0.928
0.947
0.953
0.909
0.916
0.854
0.892
0.955
0.914
0.958
0.964
0.956
0.983
0.964
0.970
0.982
0.973
0.975
0.962
0.984
0.958
0.883
0.893
0.918
0.926
0.779
0.814
0.865
0.918
0.896
0.909
0.952
0.934
0.885
0.904
0.862
0.934
0.954
0.848
0.857
0.928
0.939
0.892
0.904
0.984
0.950
0.947
0.977
0.878
0.818
0.800
0.781
0.843
0.797
0.916
0.874
0.894
0.915
0.955
0.892
0.922
0.913
0.897
0.879
0.902
0.955
0.869
0.895
0.899
0.929
0.929
0.854
0.811
0.805
0.871
0.849
0.778
0.679
0.799
0.908
0.859
0.906
0.932
0.960
0.952
0.910
0.801
0.870
0.934
0.883
0.774
0.858
0.884
0.913
0.976
0.882
0.804
0.933
0.941
0.941
0.961
0.878
0.934
0.931
0.948
0.964
0.961
0.974
0.915
0.907
0.954
0.978
0.884
0.982
0.910
0.972
0.972
0.959
0.904
0.895
0.926
0.918
0.932
0.946
0.814
0.840
0.893
0.875
0.887
0.960
0.970
0.975
0.954
0.904
0.958
0.949
0.956
0.978
0.921
0.892
0.975
0.879
0.943
0.878
0.954
0.952
0.971
0.912
0.950
0.943
0.968
0.981
0.920
0.941
0.984
0.957
0.963
0.982
0.932
0.953
0.979
0.921
0.937
0.945
0.872
0.951
0.928
0.943
0.931
0.941
0.888
0.946
0.966
0.951
0.903
0.946
0.951
0.947
0.973
0.982
0.974
0.911
0.920
0.978
0.871
0.881
0.897
0.909
0.939
0.968
0.970
0.977
0.921
0.977
0.959
0.978
0.967
0.953
0.953
0.974
0.980
0.985
0.947
0.983
0.971
0.967
0.958
0.984
0.915
0.956
0.836
0.905
0.940
0.896
0.901
0.906
0.937
0.944
0.902
0.848
0.849
0.798
0.807
0.743
0.899
0.929
0.942
0.962
0.894
0.909
0.864
0.880
0.859
0.810
0.820
0.967
0.974
0.929
0.968
0.812
0.894
0.882
0.922
0.927
0.938
0.978
0.920
0.946
0.900
0.938
0.925
0.930
0.958
0.982
0.926
0.958
0.928
0.955
0.962
0.946
0.882
0.905
0.860
0.836
0.892
0.908
0.964
0.974
0.909
0.952
0.961
0.905
0.903
0.844
0.898
0.916
0.980
0.931
0.882
0.955
0.946
0.943
0.866
0.882
0.901
0.890
0.929
0.925
0.946
0.956
0.928
0.962
0.938
0.970
0.908
0.899
0.953
0.983
0.951
0.870
0.916
0.924
0.920
0.944
0.913
0.899
0.882
0.966
0.917
0.899
0.887
0.905
0.965
0.984
0.903
0.970
0.961
0.947
0.984
0.973
0.957
0.954
0.902
0.945
0.941
0.886
0.964
0.966
0.888
0.902
0.876
0.829
0.870
0.876
0.912
0.936
0.960
0.966
0.881
0.912
0.948
0.911
0.893
0.915
0.948
0.921
0.932
0.965
0.928
0.968
0.951
0.932
0.956
0.888
0.916
0.945
0.959
0.939
0.963
0.941
0.959
0.967
0.978
0.879
0.933
0.761
0.808
0.837
0.873
0.968
0.970
0.951
0.983
0.928
0.961
0.919
0.941
0.863
0.947
0.889
0.957
0.872
0.928
0.939
0.975
0.918
0.977
0.906
0.866
0.732
0.871
0.892
0.970
0.938
0.952
0.890
0.868
0.969
0.918
0.879
0.951
0.979
0.872
0.936
0.912
0.906
0.877
0.939
0.941
0.981
0.972
0.926
0.932
0.805
0.832
0.928
0.917
0.945
0.868
0.904
0.948
0.933
0.974
0.843
0.836
0.894
0.881
0.885
0.858
0.826
0.855
0.698
0.694
0.792
0.814
0.708
0.721
0.890
0.900
0.962
0.900
0.871
0.802
0.836
0.750
0.773
0.738
0.866
0.799
0.741
0.796
0.716
0.821
0.791
0.971
0.929
0.830
0.737
0.823
0.881
0.874
0.837
0.928
0.953
0.862
0.948
0.894
0.975
0.949
0.979
0.933
0.964
0.969
0.929
0.908
0.918
0.887
0.905
0.967
0.965
0.921
0.871
0.923
0.871
0.817
0.767
0.806
0.859
0.963
0.875
0.799
0.912
0.961
0.894
0.952
0.979
0.958
0.911
0.900
0.927
0.872
0.956
0.909
0.848
0.813
0.886
0.925
0.936
0.941
0.784
0.796
0.927
0.956
0.956
0.912
0.931
0.931
0.897
0.740
0.930
0.941
0.860
0.947
0.961
0.974
0.963
0.925
0.956
0.976
0.940
0.968
0.941
0.965
0.933
0.966
0.885
0.930
0.967
0.949
0.974
0.975
0.962
0.972
0.959
0.876
0.970
0.985
0.978
0.953
0.938
0.962
0.965
0.983
0.947
0.972
0.940
0.906
0.980
0.956
0.900
0.923
0.923
0.913
0.961
0.956
0.960
0.912
0.903
0.934
0.956
0.900
0.909
0.906
0.863
0.839
0.842
0.851
0.896
0.924
0.920
0.904
0.871
0.864
0.850
0.807
0.859
0.933
0.891
0.973
0.983
0.959
0.976
0.954
0.978
0.918
0.893
0.929
0.936
0.877
0.863
0.869
0.799
0.792
0.767
0.768
0.832
0.808
0.813
0.759
0.805
0.808
0.816
0.782
0.811
0.728
0.685
0.714
0.713
0.785
0.809
0.835
0.741
0.737
0.803
0.872
0.845
0.887
0.904
0.892
0.834
0.888
0.862
0.789
0.753
0.736
0.772
0.815
0.858
0.912
0.836
0.841
0.765
0.835
0.817
0.881
0.906
0.871
0.871
0.874
0.863
0.772
0.831
0.809
0.832
0.890
0.832
0.933
0.913
0.847
0.933
0.879
0.811
0.887
0.979
0.890
0.928
0.956
0.957
0.971
0.922
0.884
0.927
0.919
0.926
0.947
0.855
0.864
0.939
0.984
0.905
0.901
0.910
0.945
0.831
0.784
0.875
0.779
0.814
0.880
0.906
0.972
0.915
0.980
0.917
0.976
0.945
0.958
0.931
0.955
0.907
0.949
0.981
0.857
0.967
0.878
0.956
0.967
0.908
0.913
0.846
0.926
0.871
0.868
0.811
0.796
0.833
0.931
0.969
0.959
0.908
0.962
0.938
0.943
0.978
0.965
0.980
0.956
0.929
0.975
0.907
0.898
0.873
0.875
0.885
0.864
0.897
0.922
0.891
0.886
0.898
0.930
0.953
0.979
0.932
0.974
0.973
0.983
0.983
0.965
0.907
0.959
0.864
0.897
0.970
0.972
0.937
0.942
0.758
0.746
0.915
0.905
0.978
0.867
0.905
0.820
0.966
0.879
0.881
0.964
0.928
0.942
0.955
0.970
0.944
0.888
0.881
0.930
0.953
0.862
0.885
0.956
0.873
0.856
0.908
0.978
0.894
0.891
0.953
0.914
0.966
0.985
0.893
0.884
0.973
0.880
0.911
0.972
0.972
0.967
0.981
0.892
0.859
0.925
0.929
0.898
0.913
0.850
0.876
0.977
0.953
0.979
0.918
0.975
0.982
0.964
0.963
0.935
0.953
0.825
0.873
0.908
0.870
0.935
0.926
0.820
0.947
0.910
0.942
0.820
0.903
0.906
0.953
0.975
0.985
0.911
0.896
0.939
0.977
0.927
0.984
0.950
0.947
0.952
0.906
0.949
0.969
0.985
0.956
0.968
0.966
0.947
0.947
0.959
0.973
0.941
0.981
0.975
0.974
0.962
0.949
0.940
0.979
0.951
0.985
0.967
0.931
0.980
0.946
0.960
0.973
0.928
0.974
0.972
0.864
0.953
0.930
0.972
0.967
0.983
0.966
0.982
0.980
0.930
0.967
0.917
0.852
0.876
0.919
0.947
0.954
0.981
0.977
0.964
0.965
0.977
0.921
0.937
0.978
0.977
0.939
0.924
0.970
0.955
0.977
0.968
0.947
0.960
0.957
0.975
0.939
0.928
0.961
0.954
0.974
0.917
0.904
0.830
0.979
0.972
0.977
0.973
0.956
0.966
0.922
0.941
0.961
0.927
0.951
0.947
0.972
0.958
0.973
0.957
0.977
0.940
0.964
0.979
0.978
0.967
0.986
0.877
0.937
0.972
0.958
0.976
0.975
0.929
0.967
0.985
0.952
0.970
0.944
0.923
0.864
0.978
0.874
0.849
0.926
0.916
0.921
0.939
0.958
0.941
0.879
0.952
0.934
0.835
0.934
0.965
0.978
0.985
0.979
0.983
0.978
0.979
0.980
0.976
0.969
0.981
0.981
0.981
0.981
0.979
0.968
0.965
0.983
0.974
0.976
0.912
0.916
0.976
0.959
0.983
0.984
0.976
0.973
0.961
0.976
0.962
0.969
0.949
0.931
0.963
0.973
0.986
0.986
0.976
0.969
0.983
0.984
0.986
0.986
0.983
0.986
0.986
0.985
0.974
0.957
0.959
0.956
0.970
0.984
0.941
0.973
0.981
0.983
0.985
0.975
0.976
0.984
0.972
0.984
0.982
0.982
0.981
0.964
0.970
0.945
0.904
0.908
0.976
0.967
0.975
0.981
0.981
0.983
0.985
0.980
0.978
0.984
0.979
0.960
0.982
0.979
0.984
0.976
0.981
0.979
0.966
0.977
0.974
0.961
0.985
0.982
0.970
0.976
0.981
0.982
0.985
0.986
0.983
0.986
0.986
0.965
0.985
0.968
0.979
0.977
0.894
0.983
0.984
0.984
0.949
0.960
0.964
0.975
0.985
0.984
0.976
0.973
0.977
0.979
0.981
0.975
0.983
0.981
0.986
0.983
0.978
0.929
0.984
0.933
0.915
0.920
0.965
0.890
0.939
0.971
0.952
0.878
0.957
0.980
0.980
0.953
0.984
0.977
0.949
0.983
0.973
0.960
0.968
0.973
0.924
0.978
0.973
0.975
0.948
0.976
0.973
0.977
0.978
0.979
0.982
0.979
0.983
0.982
0.983
0.969
0.979
0.982
0.980
0.982
0.986
0.983
0.958
0.961
0.971
0.981
0.940
0.963
0.979
0.981
0.966
0.976
0.972
0.953
0.941
0.975
0.980
0.982
0.981
0.977
0.970
0.953
0.982
0.981
0.985
0.909
0.970
0.976
0.984
0.969
0.966
0.981
0.984
0.985
0.968
0.951
0.955
0.956
0.983
0.979
0.963
0.981
0.956
0.965
0.936
0.965
0.982
0.980
0.986
0.976
0.985
0.978
0.984
0.981
0.984
0.983
0.970
0.986
0.955
0.971
0.975
0.967
0.959
0.980
0.974
0.981
0.970
0.966
0.960
0.979
0.978
0.981
0.975
0.948
0.976
0.984
0.924
0.965
0.983
0.986
0.973
0.910
0.980
0.984
0.963
0.974
0.963
0.972
0.975
0.979
0.961
0.951
0.984
0.979
0.967
0.974
0.981
0.960
0.972
0.983
0.975
0.960
0.936
0.985
0.977
0.979
0.964
0.977
0.964
0.978
0.977
0.956
0.983
0.947
0.985
0.940
0.904
0.838
0.781
0.808
0.940
0.950
0.965
0.974
0.980
0.981
0.973
0.980
0.985
0.969
0.984
0.982
0.913
0.982
0.980
0.983
0.984
0.951
0.945
0.983
0.974
0.982
0.942
0.976
0.979
0.968
0.982
0.983
0.935
0.985
0.982
0.976
0.953
0.975
0.978
0.973
0.964
0.970
0.982
0.982
0.985
0.974
0.979
0.980
0.983
0.987
0.985
0.987
0.985
0.986
0.960
0.984
0.986
0.954
0.979
0.980
0.985
0.986
0.980
0.982
0.973
0.978
0.976
0.981
0.978
0.979
0.980
0.979
0.963
0.954
0.955
0.983
0.985
0.986
0.985
0.957
0.975
0.926
0.934
0.979
0.955
0.948
0.976
0.983
0.970
0.969
0.974
0.978
0.972
0.937
0.953
0.966
0.955
0.977
0.978
0.972
0.983
0.965
0.980
0.982
0.970
0.966
0.981
0.972
0.977
0.983
0.979
0.940
0.979
0.985
0.978
0.977
0.986
0.985
0.942
0.913
0.969
0.971
0.981
0.951
0.962
0.917
0.910
0.953
0.943
0.976
0.982
0.949
0.974
0.978
0.970
0.979
0.969
0.984
0.970
0.983
0.974
0.971
0.965
0.939
0.945
0.972
0.978
0.967
0.978
0.978
0.986
0.983
0.986
0.986
0.985
0.976
0.981
0.980
0.983
0.982
0.950
0.976
0.977
0.982
0.980
0.981
0.960
0.985
0.983
0.983
0.958
0.974
0.981
0.965
0.985
0.986
0.956
0.977
0.980
0.973
0.975
0.953
0.918
0.973
0.968
0.950
0.963
0.984
0.982
0.959
0.982
0.978
0.986
0.975
0.974
0.982
0.984
0.979
0.982
0.982
0.959
0.982
0.933
0.984
0.983
0.980
0.971
0.983
0.986
0.983
0.979
0.982
0.979
0.977
0.978
0.978
0.981
0.973
0.980
0.982
0.973
0.969
0.974
0.973
0.970
0.967
0.982
0.985
0.981
0.968
0.973
0.979
0.967
0.968
0.935
0.943
0.963
0.965
0.983
0.980
0.984
0.977
0.974
0.985
0.958
0.964
0.967
0.922
0.978
0.973
0.963
0.983
0.960
0.966
0.978
0.980
0.973
0.905
0.965
0.975
0.984
0.975
0.983
0.948
0.964
0.978
0.975
0.952
0.984
0.963
0.956
0.931
0.970
0.958
0.970
0.979
0.977
0.939
0.922
0.980
0.953
0.916
0.939
0.963
0.983
0.979
0.943
0.956
0.980
0.977
0.939
0.974
0.983
0.982
0.984
0.985
0.977
0.979
0.978
0.977
0.980
0.970
0.979
0.968
0.964
0.980
0.936
0.959
0.982
0.980
0.982
0.969
0.981
0.963
0.940
0.947
0.978
0.977
0.965
0.965
0.973
0.973
0.985
0.977
0.933
0.966
0.957
0.971
0.970
0.944
0.973
0.959
0.978
0.980
0.977
0.982
0.939
0.971
0.969
0.980
0.968
0.986
0.979
0.984
0.969
0.973
0.981
0.971
0.959
0.976
0.974
0.980
0.970
0.974
0.965
0.985
0.983
0.985
0.970
0.964
0.970
0.984
0.950
0.955
0.977
0.982
0.970
0.975
0.985
0.975
0.957
0.970
0.965
0.983
0.985
0.983
0.981
0.986
0.967
0.984
0.984
0.984
0.975
0.969
0.981
0.981
0.974
0.965
0.975
0.968
0.939
0.964
0.978
0.986
0.985
0.956
0.975
0.981
0.978
0.985
0.986
0.979
0.984
0.983
0.975
0.983
0.980
0.984
0.977
0.985
0.985
0.938
0.959
0.983
0.969
0.946
0.982
0.971
0.959
0.981
0.980
0.978
0.962
0.985
0.979
0.934
0.983
0.986
0.982
0.984
0.983
0.959
0.983
0.978
0.965
0.984
0.966
0.980
0.962
0.961
0.975
0.969
0.968
0.967
0.973
0.955
0.936
0.873
0.894
0.948
0.893
0.939
0.954
0.968
0.967
0.963
0.974
0.969
0.944
0.951
0.957
0.966
0.988
0.985
0.988
0.953
0.983
0.957
0.959
0.979
0.954
0.984
0.984
0.986
0.984
0.986
0.986
0.984
0.986
0.984
0.987
0.980
0.978
0.964
0.982
0.982
0.973
0.985
0.947
0.976
0.965
0.981
0.972
0.981
0.975
0.965
0.978
0.981
0.984
0.985
0.978
0.983
0.941
0.974
0.979
0.975
0.979
0.983
0.982
0.982
0.984
0.984
0.986
0.985
0.977
0.985
0.984
0.982
0.971
0.984
0.943
0.971
0.971
0.980
0.977
0.978
0.979
0.979
0.979
0.980
0.974
0.970
0.976
0.975
0.981
0.981
0.979
0.983
0.972
0.982
0.980
0.982
0.980
0.980
0.972
0.978
0.978
0.964
0.968
0.977
0.968
0.945
0.981
0.971
0.976
0.981
0.969
0.982
0.981
0.981
0.979
0.976
0.954
0.984
0.984
0.964
0.939
0.974
0.983
0.977
0.977
0.974
0.979
0.981
0.977
0.986
0.983
0.980
0.985
0.984
0.985
0.967
0.982
0.983
0.969
0.980
0.974
0.983
0.983
0.966
0.981
0.964
0.968
0.970
0.970
0.976
0.976
0.979
0.980
0.968
0.964
0.984
0.978
0.966
0.968
0.979
0.974
0.983
0.977
0.977
0.985
0.978
0.974
0.977
0.975
0.983
0.973
0.974
0.984
0.983
0.979
0.980
0.978
0.978
0.976
0.967
0.981
0.977
0.981
0.961
0.978
0.976
0.980
0.979
0.965
0.976
0.971
0.957
0.979
0.971
0.979
0.973
0.968
0.976
0.945
0.952
0.980
0.969
0.951
0.956
0.977
0.979
0.965
0.980
0.964
0.981
0.950
0.972
0.983
0.982
0.964
0.969
0.983
0.942
0.967
0.979
0.983
0.977
0.980
0.976
0.985
0.977
0.980
0.984
0.968
0.984
0.967
0.972
0.979
0.984
0.980
0.983
0.986
0.981
0.981
0.980
0.951
0.982
0.986
0.974
0.983
0.980
0.986
0.974
0.985
0.974
0.984
0.983
0.979
0.979
0.985
0.986
0.933
0.923
0.979
0.981
0.984
0.959
0.982
0.979
0.966
0.984
0.986
0.978
0.978
0.977
0.984
0.931
0.978
0.980
0.974
0.976
0.977
0.967
0.983
0.976
0.963
0.932
0.985
0.984
0.979
0.981
0.979
0.978
0.983
0.961
0.985
0.983
0.979
0.978
0.959
0.983
0.965
0.963
0.930
0.903
0.959
0.932
0.974
0.987
0.978
0.964
0.976
0.984
0.983
0.984
0.983
0.968
0.977
0.982
0.970
0.984
0.975
0.980
0.982
0.978
0.976
0.951
0.965
0.932
0.975
0.971
0.978
0.982
0.984
0.983
0.984
0.954
0.961
0.968
0.974
0.977
0.959
0.986
0.936
0.965
0.984
0.983
0.984
0.983
0.975
0.981
0.965
0.948
0.933
0.955
0.955
0.978
0.931
0.973
0.945
0.938
0.922
0.941
0.975
0.977
0.977
0.982
0.970
0.978
0.980
0.980
0.976
0.971
0.978
0.936
0.974
0.960
0.979
0.966
0.909
0.931
0.972
0.983
0.982
0.980
0.986
0.979
0.982
0.973
0.976
0.959
0.980
0.956
0.966
0.973
0.984
0.982
0.981
0.972
0.982
0.965
0.985
0.974
0.986
0.965
0.980
0.976
0.977
0.980
0.977
0.922
0.973
0.963
0.969
0.983
0.971
0.963
0.975
0.971
0.979
0.978
0.984
0.985
0.960
0.955
0.976
0.964
0.984
0.973
0.985
0.986
0.985
0.938
0.904
0.974
0.982
0.972
0.980
0.979
0.983
0.984
0.977
0.975
0.980
0.979
0.968
0.973
0.984
0.978
0.961
0.977
0.944
0.969
0.966
0.949
0.966
0.974
0.974
0.970
0.978
0.980
0.975
0.973
0.976
0.978
0.982
0.981
0.980
0.985
0.984
0.983
0.982
0.976
0.980
0.982
0.975
0.982
0.949
0.982
0.954
0.972
0.972
0.984
0.984
0.971
0.984
0.960
0.984
0.965
0.981
0.976
0.969
0.970
0.947
0.977
0.964
0.968
0.982
0.981
0.961
0.977
0.983
0.980
0.952
0.950
0.965
0.971
0.949
0.950
0.967
0.971
0.982
0.983
0.973
0.976
0.980
0.984
0.983
0.978
0.971
0.975
0.981
0.966
0.983
0.959
0.974
0.950
0.978
0.972
0.973
0.944
0.966
0.968
0.971
0.910
0.910
0.952
0.958
0.973
0.972
0.984
0.979
0.975
0.916
0.964
0.979
0.983
0.977
0.977
0.982
0.971
0.973
0.922
0.942
0.894
0.953
0.959
0.971
0.937
0.953
0.946
0.952
0.922
0.921
0.967
0.961
0.956
0.954
0.935
0.959
0.971
0.957
0.955
0.966
0.968
0.953
