19790101
0.705
0.687
0.647
0.642
0.648
0.648
0.613
0.590
0.575
0.592
0.629
0.757
0.715
0.776
0.726
0.636
0.600
0.628
0.624
0.628
0.664
0.666
0.725
0.648
0.651
0.660
0.702
0.776
0.820
0.753
0.692
0.676
0.670
0.596
0.533
0.549
0.553
0.587
0.540
0.602
0.648
0.677
0.629
0.640
0.579
0.596
0.593
0.593
0.566
0.531
0.526
0.529
0.559
0.729
0.627
0.761
0.763
0.732
0.924
0.804
0.819
0.747
0.763
0.860
0.827
0.852
0.947
0.893
0.799
0.813
0.774
0.762
0.722
0.706
0.724
0.672
0.657
0.693
0.668
0.729
0.872
0.812
0.859
0.964
0.944
0.843
0.780
0.745
0.774
0.702
0.726
0.733
0.709
0.765
0.756
0.774
0.800
0.782
0.691
0.752
0.682
0.666
0.657
0.833
0.811
0.778
0.808
0.727
0.812
0.841
0.952
0.935
0.810
0.851
0.806
0.952
0.806
0.862
0.978
0.805
0.833
0.888
0.853
0.816
0.802
0.768
0.760
0.735
0.744
0.708
0.789
0.797
0.847
0.807
0.806
0.939
0.779
0.791
0.933
0.918
0.905
0.765
0.940
0.787
0.825
0.805
0.793
0.794
0.892
0.754
0.804
0.806
0.861
0.765
0.750
0.784
0.855
0.731
0.851
0.661
0.753
0.717
0.721
0.704
0.847
0.691
0.690
0.723
0.705
0.689
0.692
0.627
0.623
0.658
0.608
0.622
0.638
0.578
0.695
0.614
0.597
0.652
0.703
0.632
0.633
0.606
0.526
0.506
0.482
0.475
0.526
0.518
0.568
0.653
0.685
0.693
0.639
0.667
0.733
0.796
0.667
0.628
0.679
0.625
0.628
0.607
0.504
0.545
0.554
0.599
0.602
0.724
0.702
0.639
0.642
0.654
0.581
0.492
0.503
0.560
0.508
0.455
0.530
0.580
0.589
0.595
0.593
0.718
0.689
0.658
0.564
0.683
0.685
0.634
0.697
0.705
0.746
0.812
0.791
0.734
0.848
0.931
0.864
0.874
0.792
0.797
0.748
0.799
0.620
0.729
0.894
0.808
0.780
0.802
0.755
0.742
0.757
0.729
0.861
0.713
0.801
0.685
0.686
0.703
0.706
0.721
0.766
0.686
0.680
0.681
0.709
0.736
0.688
0.700
0.664
0.652
0.577
0.594
0.594
0.686
0.736
0.744
0.703
0.753
0.911
0.713
0.823
0.616
0.773
0.920
0.937
0.773
0.875
0.950
0.972
0.879
0.845
0.796
0.801
0.878
0.814
0.925
0.751
0.717
0.830
0.883
0.811
0.935
0.915
0.833
0.893
0.817
0.805
0.830
0.951
0.951
0.938
0.871
0.968
0.855
0.821
0.840
0.836
0.827
0.902
0.876
0.887
0.871
0.824
0.780
0.844
0.792
0.794
0.841
0.788
0.856
0.756
0.717
0.732
0.745
0.697
0.705
0.721
0.730
0.667
0.624
0.621
0.642
0.793
0.766
0.883
0.965
0.973
0.931
0.941
0.756
0.720
0.682
0.827
0.659
0.610
0.736
0.795
0.836
0.793
0.810
0.789
0.768
0.709
0.648
0.614
0.579
0.509
0.539
0.514
0.537
0.606
0.483
0.650
0.643
0.728
0.767
0.758
0.712
0.668
0.618
0.618
0.620
0.697
0.653
0.643
0.497
0.572
0.631
0.613
0.707
0.806
0.660
0.672
0.841
0.807
0.695
0.550
0.569
0.525
0.654
0.551
0.495
0.420
0.408
0.430
0.456
0.555
0.623
0.815
0.789
0.673
0.585
0.623
0.550
0.442
0.496
0.613
0.507
0.526
0.533
0.513
0.729
0.615
0.516
0.619
0.399
0.412
0.476
0.485
0.571
0.574
0.637
0.599
0.514
0.484
0.482
0.632
0.590
0.638
0.499
0.524
0.605
0.533
0.584
0.588
0.544
0.535
0.522
0.607
0.684
0.575
0.560
0.583
0.628
0.455
0.539
0.575
0.574
0.722
0.767
0.807
0.586
0.596
0.695
0.681
0.674
0.619
0.570
0.671
0.585
0.593
0.623
0.733
0.692
0.771
0.803
0.751
0.772
0.730
0.830
0.872
0.828
0.824
0.640
0.684
0.795
0.725
0.715
0.859
0.688
0.715
0.695
0.702
0.729
0.771
0.717
0.629
0.915
0.681
0.649
0.656
0.752
0.685
0.717
0.667
0.609
0.694
0.699
0.692
0.709
0.809
0.866
0.875
0.705
0.681
0.806
0.732
0.625
0.616
0.613
0.664
0.648
0.673
0.746
0.675
0.581
0.552
0.547
0.584
0.657
0.729
0.686
0.647
0.643
0.576
0.615
0.649
0.572
0.591
0.527
0.572
0.568
0.469
0.488
0.515
0.498
0.530
0.514
0.572
0.648
0.647
0.624
0.597
0.729
0.732
0.732
0.617
0.719
0.543
0.643
0.623
0.662
0.802
0.654
0.791
0.777
0.695
0.687
0.659
0.687
0.690
0.667
0.740
0.606
0.652
0.645
0.679
0.659
0.661
0.652
0.643
0.666
0.669
0.632
0.574
0.482
0.551
0.584
0.600
0.660
0.734
0.630
0.625
0.672
0.595
0.494
0.431
0.556
0.548
0.521
0.528
0.540
0.573
0.599
0.776
0.597
0.684
0.706
0.540
0.517
0.608
0.525
0.473
0.452
0.434
0.594
0.665
0.785
0.732
0.633
0.540
0.616
0.706
0.728
0.803
0.679
0.665
0.601
0.685
0.730
0.727
0.851
0.946
0.712
0.758
0.777
0.744
0.898
0.725
0.937
0.834
0.732
0.721
0.734
0.682
0.696
0.712
0.709
0.751
0.944
0.697
0.644
0.782
0.733
0.662
0.639
0.633
0.698
0.689
0.678
0.624
0.834
0.704
0.750
0.762
0.827
0.710
0.912
0.704
0.972
0.755
0.880
0.858
0.812
0.824
0.836
0.859
0.845
0.719
0.779
0.844
0.709
0.581
0.571
0.614
0.612
0.646
0.740
0.741
0.675
0.629
0.626
0.692
0.696
0.626
0.626
0.616
0.616
0.721
0.666
0.671
0.696
0.670
0.677
0.656
0.744
0.738
0.768
0.757
0.789
0.819
0.832
0.649
0.719
0.629
0.739
0.697
0.663
0.685
0.736
0.749
0.843
0.824
0.845
0.780
0.714
0.620
0.559
0.504
0.613
0.565
0.591
0.609
0.594
0.565
0.537
0.672
0.692
0.614
0.605
0.560
0.678
0.666
0.581
0.652
0.610
0.576
0.561
0.585
0.786
0.672
0.550
0.559
0.570
0.538
0.540
0.539
0.516
0.518
0.566
0.643
0.562
0.499
0.529
0.564
0.524
0.514
0.681
0.562
0.575
0.631
0.650
0.692
0.657
0.637
0.706
0.737
0.808
0.923
0.764
0.756
0.684
0.697
0.636
0.671
0.776
0.711
0.676
0.739
0.802
0.747
0.689
0.645
0.664
0.660
0.532
0.548
0.693
0.747
0.719
0.764
0.654
0.699
0.699
0.612
0.590
0.719
0.672
0.652
0.587
0.590
0.554
0.520
0.497
0.505
0.444
0.523
0.578
0.698
0.633
0.625
0.710
0.766
0.622
0.618
0.653
0.711
0.681
0.853
0.786
0.829
0.796
0.842
0.932
0.872
0.760
0.757
0.943
0.719
0.723
0.790
0.781
0.719
0.972
0.883
0.902
0.953
0.864
0.968
0.916
0.919
0.741
0.891
0.959
0.971
0.834
0.890
0.768
0.852
0.771
0.768
0.804
0.803
0.705
0.617
0.694
0.690
0.736
0.797
0.730
0.856
0.690
0.786
0.802
0.953
0.729
0.956
0.799
0.805
0.767
0.738
0.808
0.766
0.914
0.725
0.800
0.866
0.724
0.691
0.705
0.705
0.727
0.740
0.805
0.739
0.706
0.667
0.724
0.688
0.708
0.717
0.636
0.682
0.683
0.661
0.730
0.759
0.732
0.667
0.735
0.746
0.737
0.729
0.762
0.677
0.665
0.683
0.706
0.782
0.799
0.806
0.780
0.757
0.778
0.811
0.768
0.737
0.675
0.814
0.762
0.730
0.780
0.810
0.798
0.780
0.802
0.784
0.615
0.621
0.643
0.628
0.633
0.589
0.648
0.718
0.651
0.730
0.596
0.597
0.647
0.653
0.638
0.700
0.634
0.661
0.527
0.546
0.639
0.624
0.682
0.732
0.752
0.647
0.575
0.607
0.567
0.683
0.673
0.806
0.690
0.688
0.717
0.633
0.625
0.658
0.665
0.671
0.752
0.825
0.678
0.684
0.944
0.734
0.682
0.670
0.642
0.694
0.654
0.618
0.568
0.586
0.559
0.588
0.678
0.627
0.781
0.689
0.624
0.589
0.679
0.720
0.703
0.751
0.639
0.713
0.884
0.816
0.790
0.772
0.850
0.932
0.812
0.824
0.783
0.848
0.814
0.783
0.725
0.741
0.831
0.722
0.855
0.792
0.766
0.747
0.967
0.745
0.954
0.864
0.907
0.813
0.855
0.795
0.796
0.778
0.905
0.790
0.794
0.799
0.849
0.956
0.837
0.946
0.803
0.776
0.832
0.805
0.899
0.811
0.888
0.873
0.807
0.752
0.721
0.715
0.657
0.706
0.898
0.819
0.779
0.704
0.697
0.786
0.958
0.774
0.780
0.705
0.800
0.869
0.851
0.752
0.728
0.740
0.789
0.683
0.684
0.702
0.723
0.766
0.707
0.658
0.598
0.636
0.615
0.679
0.720
0.696
0.740
0.786
0.901
0.749
0.801
0.735
0.876
0.966
0.948
0.801
0.798
0.664
0.628
0.646
0.731
0.599
0.633
0.693
0.673
0.650
0.574
0.451
0.466
0.484
0.510
0.585
0.621
0.628
0.828
0.594
0.563
0.607
0.594
0.609
0.576
0.581
0.692
0.777
0.747
0.729
0.661
0.654
0.787
0.721
0.662
0.623
0.677
0.736
0.688
0.674
0.909
0.869
0.813
0.814
0.862
0.736
0.825
0.681
0.670
0.679
0.619
0.608
0.608
0.723
0.609
0.604
0.685
0.669
0.621
0.667
0.556
0.521
0.547
0.585
0.586
0.798
0.741
0.683
0.676
0.649
0.559
0.642
0.592
0.569
0.610
0.793
0.723
0.901
0.836
0.623
0.712
0.722
0.684
0.720
0.798
0.723
0.767
0.829
0.880
0.909
0.804
0.741
0.733
0.785
0.938
0.899
0.910
0.837
0.717
0.704
0.830
0.940
0.808
0.729
0.772
0.803
0.758
0.694
0.604
0.557
0.806
0.885
0.678
0.711
0.621
0.630
0.698
0.700
0.828
0.668
0.709
0.794
0.736
0.862
0.694
0.811
0.802
0.806
0.757
0.854
0.881
0.784
0.709
0.734
0.777
0.820
0.763
0.770
0.889
0.950
0.750
0.809
0.711
0.615
0.569
0.570
0.616
0.724
0.654
0.749
0.666
0.831
0.641
0.712
0.699
0.726
0.889
0.644
0.667
0.620
0.613
0.647
0.608
0.648
0.650
0.656
0.604
0.628
0.625
0.592
0.555
0.572
0.574
0.497
0.484
0.540
0.548
0.584
0.601
0.633
0.646
0.657
0.601
0.605
0.611
0.648
0.684
0.593
0.522
0.550
0.524
0.540
0.595
0.551
0.591
0.583
0.520
0.568
0.577
0.568
0.633
0.656
0.583
0.862
0.609
0.607
0.597
0.557
0.545
0.554
0.607
0.641
0.615
0.510
0.501
0.509
0.472
0.449
0.499
0.519
0.480
0.435
0.461
0.456
0.512
0.566
0.484
0.419
0.492
0.462
0.508
0.486
0.504
0.508
0.516
0.561
0.595
0.566
0.534
0.488
0.465
0.448
0.410
0.552
0.630
0.620
0.618
0.557
0.670
0.596
0.637
0.701
0.756
0.693
0.629
0.528
0.609
0.535
0.514
0.556
0.690
0.817
0.750
0.769
0.801
0.688
0.868
0.757
0.695
0.707
0.663
0.681
0.717
0.745
0.830
0.749
0.822
0.715
0.819
0.825
0.655
0.696
0.852
0.721
0.945
0.677
0.736
0.869
0.796
0.858
0.718
0.722
0.837
0.759
0.665
0.700
0.733
0.716
0.749
0.974
0.755
0.947
0.736
0.716
0.723
0.704
0.670
0.763
0.779
0.650
0.552
0.544
0.681
0.705
0.732
0.763
0.683
0.876
0.714
0.821
0.714
0.635
0.641
0.943
0.780
0.603
0.562
0.542
0.539
0.618
0.857
0.705
0.640
0.733
0.678
0.705
0.809
0.701
0.719
0.760
0.677
0.579
0.493
0.689
0.759
0.749
0.930
0.706
0.673
0.694
0.670
0.588
0.614
0.876
0.666
0.804
0.686
0.594
0.571
0.582
0.658
0.622
0.613
0.623
0.605
0.556
0.520
0.569
0.639
0.532
0.596
0.549
0.530
0.614
0.518
0.450
0.479
0.452
0.446
0.491
0.464
0.551
0.561
0.521
0.630
0.541
0.546
0.521
0.741
0.572
0.504
0.469
0.602
0.545
0.538
0.747
0.838
0.685
0.664
0.674
0.567
0.524
0.465
0.485
0.462
0.465
0.645
0.615
0.531
0.477
0.557
0.487
0.471
0.496
0.495
0.576
0.590
0.560
0.699
0.641
0.616
0.640
0.671
0.677
0.640
0.694
0.661
0.647
0.688
0.644
0.580
0.509
0.553
0.728
0.696
0.625
0.518
0.440
0.553
0.566
0.466
0.683
0.638
0.590
0.575
0.575
0.556
0.572
0.631
0.636
0.785
0.707
0.627
0.622
0.857
0.646
0.839
0.803
0.817
0.710
0.697
0.705
0.830
0.734
0.872
0.771
0.891
0.751
0.844
0.673
0.598
0.729
0.738
0.775
0.793
0.931
0.935
0.751
0.736
0.863
0.755
0.897
0.784
0.756
0.744
0.676
0.732
0.697
0.676
0.729
0.711
0.703
0.765
0.784
0.776
0.853
0.827
0.974
0.942
0.959
0.930
0.612
0.644
0.808
0.691
0.910
0.733
0.764
0.665
0.674
0.638
0.681
0.694
0.637
0.615
0.719
0.732
0.772
0.941
0.705
0.637
0.675
0.810
0.668
0.634
0.617
0.609
0.587
0.578
0.589
0.603
0.653
0.562
0.609
0.597
0.598
0.694
0.664
0.641
0.603
0.614
0.571
0.631
0.610
0.662
0.631
0.683
0.744
0.685
0.656
0.600
0.508
0.531
0.625
0.659
0.639
0.650
0.610
0.575
0.569
0.550
0.560
0.518
0.474
0.468
0.547
0.627
0.567
0.616
0.577
0.538
0.626
0.617
0.654
0.607
0.631
0.565
0.543
0.485
0.492
0.651
0.634
0.603
0.469
0.490
0.586
0.451
0.451
0.516
0.588
0.599
0.583
0.548
0.623
0.611
0.584
0.595
0.579
0.624
0.555
0.664
0.577
0.723
0.531
0.567
0.567
0.602
0.639
0.624
0.713
0.662
0.619
0.641
0.615
0.571
0.609
0.650
0.633
0.623
0.562
0.516
0.587
0.661
0.633
0.645
0.610
0.649
0.624
0.593
0.579
0.500
0.478
0.550
0.658
0.626
0.616
0.573
0.609
0.594
0.645
0.622
0.701
0.663
0.675
0.809
0.836
0.938
0.749
0.678
0.785
0.803
0.962
0.789
0.685
0.695
0.869
0.708
0.710
0.849
0.709
0.909
0.795
0.676
0.757
0.783
0.822
0.731
0.752
0.713
0.690
0.743
0.783
0.761
0.726
0.723
0.902
0.749
0.749
0.777
0.643
0.589
0.608
0.620
0.605
0.658
0.662
0.628
0.663
0.694
0.863
0.702
0.824
0.705
0.633
0.610
0.722
0.745
0.735
0.864
0.763
0.744
0.710
0.797
0.733
0.765
0.709
0.728
0.735
0.758
0.688
0.814
0.750
0.670
0.605
0.621
0.584
0.599
0.682
0.698
0.669
0.588
0.598
0.602
0.827
0.759
0.768
0.744
0.753
0.839
0.672
0.704
0.779
0.650
0.674
0.661
0.692
0.592
0.561
0.602
0.687
0.692
0.670
0.683
0.718
0.697
0.612
0.645
0.626
0.564
0.634
0.607
0.745
0.749
0.577
0.572
0.685
0.728
0.786
0.745
0.716
0.679
0.658
0.637
0.574
0.592
0.591
0.640
0.774
0.787
0.726
0.755
0.728
0.699
0.672
0.668
0.714
0.713
0.669
0.708
0.716
0.650
0.692
0.725
0.662
0.688
0.621
0.612
0.603
0.594
0.640
0.682
0.646
0.737
0.716
0.524
0.603
0.619
0.649
0.680
0.639
0.768
0.695
0.571
0.534
0.601
0.642
0.760
0.666
0.541
0.600
0.645
0.738
0.692
0.703
0.684
0.617
0.517
0.516
0.617
0.714
0.691
0.709
0.638
0.675
0.852
0.910
0.736
0.727
0.785
0.691
0.648
0.657
0.555
0.621
0.680
0.803
0.868
0.685
0.833
0.765
0.793
0.949
0.944
0.935
0.851
0.827
0.734
0.601
0.597
0.629
0.669
0.633
0.654
0.858
0.788
0.850
0.783
0.879
0.873
0.715
0.757
0.776
0.618
0.666
0.678
0.568
0.669
0.782
0.675
0.810
0.809
0.747
0.638
0.641
0.725
0.804
0.732
0.808
0.668
0.665
0.600
0.712
0.751
0.718
0.624
0.704
0.675
0.737
0.605
0.753
0.730
0.571
0.623
0.639
0.612
0.582
0.615
0.640
0.613
0.716
0.742
0.735
0.697
0.704
0.730
0.753
0.733
0.792
0.734
0.781
0.730
0.714
0.679
0.738
0.661
0.660
0.652
0.635
0.690
0.669
0.625
0.623
0.635
0.669
0.682
0.677
0.618
0.620
0.615
0.590
0.503
0.533
0.663
0.587
0.587
0.645
0.626
0.663
0.690
0.657
0.656
0.690
0.646
0.688
0.654
0.594
0.652
0.649
0.675
0.626
0.634
0.612
0.647
0.787
0.676
0.648
0.694
0.763
0.693
0.650
0.588
0.579
0.572
0.649
0.589
0.525
0.528
0.572
0.635
0.497
0.491
0.507
0.608
0.693
0.679
0.737
0.716
0.618
0.613
0.703
0.731
0.765
0.789
0.704
0.786
0.722
0.960
0.686
0.772
0.801
0.762
0.659
0.717
0.666
0.633
0.658
0.684
0.855
0.724
0.683
0.715
0.807
0.881
0.638
0.846
0.668
0.661
0.695
0.696
0.686
0.772
0.737
0.748
0.704
0.785
0.729
0.737
0.722
0.857
0.736
0.838
0.882
0.908
0.906
0.971
0.980
0.843
0.895
0.882
0.935
0.785
0.901
0.790
0.858
0.963
0.925
0.797
0.851
0.882
0.875
0.852
0.801
0.769
0.732
0.787
0.759
0.768
0.745
0.710
0.715
0.808
0.791
0.813
0.807
0.898
0.832
0.827
0.767
0.709
0.637
0.610
0.574
0.626
0.571
0.636
0.615
0.670
0.727
0.799
0.692
0.703
0.664
0.672
0.819
0.881
0.728
0.662
0.704
0.691
0.723
0.720
0.659
0.684
0.647
0.598
0.548
0.510
0.480
0.562
0.532
0.532
0.578
0.770
0.821
0.716
0.620
0.646
0.653
0.665
0.693
0.731
0.701
0.601
0.587
0.609
0.534
0.598
0.849
0.708
0.702
0.820
0.822
0.648
0.597
0.659
0.669
0.617
0.555
0.607
0.642
0.526
0.506
0.557
0.536
0.515
0.495
0.444
0.581
0.637
0.615
0.596
0.563
0.519
0.547
0.585
0.442
0.484
0.490
0.402
0.450
0.398
0.415
0.439
0.551
0.514
0.467
0.455
0.479
0.593
0.595
0.575
0.630
0.649
0.616
0.674
0.604
0.541
0.501
0.675
0.798
0.769
0.602
0.581
0.815
0.571
0.682
0.679
0.893
0.916
0.803
0.645
0.631
0.574
0.668
0.665
0.727
0.949
0.822
0.794
0.742
0.877
0.802
0.662
0.667
0.712
0.789
0.636
0.858
0.754
0.698
0.590
0.507
0.504
0.598
0.573
0.553
0.584
0.652
0.751
0.689
0.738
0.777
0.843
0.935
0.776
0.771
0.758
0.818
0.864
0.742
0.718
0.814
0.759
0.689
0.734
0.650
0.822
0.697
0.940
0.777
0.963
0.780
0.821
0.737
0.947
0.917
0.898
0.867
0.701
0.660
0.695
0.701
0.708
0.707
0.717
0.660
0.670
0.592
0.667
0.615
0.662
0.897
0.725
0.696
0.783
0.666
0.692
0.755
0.603
0.472
0.444
0.461
0.493
0.528
0.520
0.513
0.476
0.470
0.488
0.463
0.462
0.514
0.458
0.437
0.482
0.581
0.517
0.588
0.565
0.495
0.463
0.505
0.595
0.520
0.606
0.512
0.468
0.533
0.641
0.640
0.663
0.546
0.511
0.522
0.435
0.554
0.521
0.509
0.468
0.516
0.502
0.510
0.637
0.765
0.651
0.654
0.748
0.646
0.682
0.618
0.607
0.605
0.627
0.593
0.524
0.606
0.629
0.659
0.750
0.633
0.667
0.627
0.665
0.629
0.627
0.654
0.684
0.682
0.601
0.607
0.599
0.623
0.623
0.648
0.600
0.649
0.706
0.683
0.621
0.624
0.589
0.593
0.639
0.612
0.567
0.512
0.559
0.649
0.731
0.790
0.736
0.607
0.700
0.725
0.850
0.635
0.669
0.722
0.677
0.640
0.632
0.640
0.680
0.687
0.733
0.615
0.704
0.796
0.704
0.825
0.683
0.665
0.764
0.794
0.804
0.675
0.688
0.758
0.849
0.746
0.748
0.682
0.691
0.648
0.606
0.682
0.702
0.681
0.788
0.788
0.842
0.748
0.934
0.729
0.818
0.917
0.847
0.756
0.894
0.784
0.810
0.980
0.815
0.619
0.626
0.555
0.727
0.690
0.699
0.791
0.821
0.649
0.622
0.700
0.797
0.760
0.869
0.730
0.777
0.823
0.698
0.707
0.721
0.932
0.776
0.836
0.828
0.713
0.718
0.664
0.762
0.805
0.920
0.893
0.862
0.867
0.925
0.958
0.772
0.876
0.871
0.779
0.680
0.600
0.648
0.611
0.598
0.523
0.490
0.423
0.460
0.457
0.516
0.655
0.632
0.530
0.566
0.472
0.661
0.482
0.588
0.622
0.563
0.557
0.479
0.517
0.556
0.645
0.543
0.492
0.466
0.553
0.533
0.480
0.493
0.547
0.597
0.656
0.670
0.568
0.611
0.511
0.479
0.513
0.523
0.571
0.597
0.641
0.613
0.634
0.693
0.719
0.646
0.656
0.731
0.625
0.538
0.839
0.914
0.751
0.586
0.520
0.555
0.557
0.577
0.573
0.553
0.585
0.578
0.577
0.568
0.536
0.654
0.811
0.708
0.734
0.732
0.686
0.714
0.900
0.774
0.749
0.916
0.749
0.831
0.732
0.613
0.653
0.604
0.625
0.547
0.447
0.489
0.605
0.655
0.666
0.734
0.611
0.640
0.686
0.623
0.590
0.557
0.561
0.674
0.588
0.532
0.526
0.478
0.512
0.550
0.665
0.652
0.678
0.830
0.663
0.870
0.701
0.879
0.659
0.895
0.868
0.732
0.950
0.657
0.640
0.619
0.699
0.728
0.778
0.734
0.733
0.866
0.741
0.775
0.864
0.954
0.721
0.729
0.748
0.896
0.792
0.858
0.764
0.680
0.703
0.728
0.734
0.788
0.959
0.762
0.733
0.764
0.780
0.927
0.919
0.640
0.730
0.671
0.767
0.673
0.694
0.744
0.961
0.741
0.684
0.804
0.725
0.691
0.743
0.813
0.951
0.881
-99.000
0.938
0.810
0.779
0.738
0.789
0.749
0.762
0.713
0.768
0.830
0.715
0.698
0.643
0.557
0.606
0.708
0.575
0.568
0.631
0.605
0.517
0.563
0.621
0.643
0.566
0.580
0.574
0.554
0.522
0.538
0.537
0.501
0.541
0.620
0.661
0.620
0.547
0.473
0.552
0.548
0.440
0.492
0.545
0.506
0.474
0.523
0.489
0.507
0.532
0.533
0.557
0.591
0.521
0.526
0.473
0.457
0.410
0.420
0.408
0.477
0.571
0.528
0.528
0.530
0.553
0.614
0.520
0.458
0.396
0.464
0.453
0.477
0.470
0.581
0.593
0.666
0.571
0.574
0.586
0.629
0.623
0.572
0.550
0.569
0.627
0.623
0.593
0.591
0.461
0.479
0.543
0.613
0.616
0.607
0.782
0.661
0.574
0.599
0.575
0.500
0.484
0.422
0.523
0.526
0.631
0.628
0.625
0.569
0.540
0.650
0.628
0.604
0.593
0.549
0.652
0.720
0.864
0.745
0.879
0.719
0.825
0.708
0.679
0.849
0.755
0.757
0.793
0.740
0.680
0.817
0.692
0.806
0.822
0.959
0.787
0.944
0.937
0.710
0.747
0.746
0.851
0.746
0.842
0.786
0.764
0.790
0.710
0.888
0.663
0.902
0.728
0.685
0.655
0.781
0.737
0.758
0.717
0.786
0.742
0.682
0.714
0.754
0.805
0.749
0.775
0.816
0.703
0.769
0.782
0.698
0.735
0.757
0.746
0.836
0.931
0.934
0.965
0.790
0.972
0.873
0.940
0.890
0.786
0.794
0.740
0.674
0.658
0.587
0.649
0.690
0.728
0.723
0.619
0.603
0.583
0.532
0.613
0.673
0.670
0.681
0.592
0.546
0.533
0.520
0.558
0.607
0.629
-99.000
-99.000
-99.000
-99.000
-99.000
-99.000
-99.000
-99.000
0.626
0.572
0.508
0.502
0.710
0.758
0.811
0.691
0.597
0.540
0.523
0.460
0.434
0.477
0.467
0.457
0.507
0.472
0.592
0.622
0.541
0.646
0.758
0.703
0.603
0.549
0.541
0.532
0.468
0.440
0.511
0.551
0.500
0.527
0.499
0.452
0.478
0.523
0.621
0.697
0.656
0.619
0.625
0.821
0.675
0.604
0.566
0.653
0.577
0.503
0.484
0.501
0.482
0.415
0.412
0.476
0.494
0.513
0.428
0.448
0.426
0.443
0.575
0.875
0.613
0.688
0.783
0.876
0.790
0.685
0.621
0.565
0.596
0.579
0.626
0.528
0.555
0.642
0.646
0.701
0.668
0.681
0.721
0.743
0.721
0.708
0.761
0.662
0.614
0.730
0.687
0.697
0.743
0.843
0.721
0.691
0.790
0.654
0.646
0.698
0.631
0.519
0.493
0.521
0.582
0.651
0.630
0.631
0.735
0.650
0.691
0.754
0.686
0.693
0.722
0.835
0.828
0.701
0.757
0.693
0.859
0.732
0.843
0.855
0.852
0.804
0.911
0.778
0.855
0.779
0.662
0.672
0.575
0.681
0.689
0.735
0.681
0.665
0.676
0.760
0.753
0.650
0.949
0.852
0.864
0.734
0.691
0.648
0.649
0.608
0.616
0.622
0.681
0.619
0.750
0.757
0.981
0.762
0.744
0.583
0.651
0.565
0.581
0.619
0.731
0.712
0.640
0.598
0.641
0.666
0.622
0.605
0.637
0.649
0.661
0.548
0.555
0.569
0.533
0.578
0.649
0.663
0.597
0.758
0.712
0.705
0.531
0.550
0.578
0.619
0.610
0.609
0.631
0.619
0.590
0.679
0.647
0.759
0.792
0.694
0.645
0.601
0.597
0.624
0.626
0.602
0.707
0.714
0.829
0.814
0.788
0.666
0.672
0.748
0.725
0.733
0.708
0.673
0.652
0.654
0.649
0.644
0.653
0.655
0.773
0.626
0.599
0.552
0.644
0.628
0.599
0.541
0.565
0.537
0.517
0.541
0.588
0.579
0.521
0.608
0.644
0.668
0.584
0.634
0.663
0.734
0.777
0.856
0.703
0.668
0.663
0.657
0.649
0.615
0.614
0.624
0.724
0.732
0.685
0.646
0.551
0.666
0.666
0.745
0.756
0.911
0.756
0.734
0.738
0.684
0.717
0.671
0.962
0.792
0.777
0.773
0.831
0.871
0.724
0.787
0.821
0.835
0.857
0.756
0.877
0.836
0.978
0.739
0.754
0.970
0.796
0.856
0.754
0.812
0.793
0.771
0.817
0.778
0.815
0.940
0.765
0.896
0.860
0.904
0.796
0.853
0.805
0.867
0.755
0.836
0.848
0.730
0.672
0.689
0.695
0.663
0.728
0.763
0.826
0.745
0.803
0.755
0.744
0.931
0.873
0.838
0.752
0.754
0.966
0.961
0.888
0.879
0.941
0.973
0.826
0.810
0.787
0.883
0.982
0.818
0.755
0.792
0.868
0.814
0.864
0.848
0.769
0.707
0.641
0.586
0.562
0.557
0.559
0.638
0.605
0.533
0.521
0.522
0.502
0.504
0.495
0.472
0.550
0.651
0.585
0.533
0.443
0.438
0.455
0.492
0.507
0.530
0.565
0.474
0.685
0.684
0.514
0.490
0.471
0.513
0.508
0.544
0.579
0.575
0.516
0.521
0.548
0.566
0.551
0.410
0.372
0.381
0.410
0.444
0.497
0.477
0.479
0.457
0.527
0.894
0.633
0.571
0.594
0.629
0.640
0.684
0.684
0.624
0.600
0.563
0.504
0.559
0.511
0.464
0.524
0.607
0.720
0.566
0.503
0.596
0.671
0.756
0.825
0.743
0.536
0.606
0.559
0.459
0.376
0.451
0.436
0.451
0.418
0.507
0.624
0.598
0.591
0.561
0.692
0.683
0.642
0.554
0.455
0.389
0.350
0.382
0.375
0.413
0.327
0.343
0.353
0.348
0.401
0.474
0.538
0.585
0.548
0.635
0.675
0.813
0.690
0.788
0.862
0.836
0.778
0.815
0.914
0.829
0.835
0.732
0.771
0.734
0.696
0.754
0.705
0.773
0.844
0.962
0.746
0.681
0.667
0.633
0.734
0.767
0.754
0.874
0.706
0.797
0.861
0.789
0.825
0.735
0.683
0.696
0.666
0.734
0.743
0.648
0.728
0.797
0.600
0.791
0.710
0.709
0.771
0.699
0.744
0.684
0.660
0.753
0.687
0.682
0.746
0.760
0.765
0.762
0.750
0.953
0.837
0.755
0.777
0.581
0.647
0.614
0.582
0.656
0.706
0.686
0.777
0.738
0.697
0.729
0.751
0.821
0.871
0.788
0.946
0.894
0.747
0.824
0.793
0.899
0.737
0.765
0.728
0.720
0.764
0.703
0.798
0.763
0.810
0.742
0.728
0.691
0.662
0.646
0.676
0.674
0.655
0.508
0.532
0.618
0.485
0.484
0.519
0.529
0.536
0.449
0.550
0.670
0.657
0.628
0.572
0.580
0.619
0.605
0.702
0.701
0.634
0.699
0.681
0.652
0.677
0.681
0.683
0.730
0.782
0.765
0.709
0.653
0.669
0.697
0.670
0.963
0.801
0.962
0.664
0.790
0.718
0.747
0.746
0.930
0.797
0.692
0.845
0.727
0.719
0.770
0.966
0.768
0.842
0.739
0.799
0.757
0.917
0.850
0.701
0.908
0.857
0.786
0.939
0.717
0.825
0.861
0.677
0.838
0.807
0.904
0.727
0.822
0.803
0.857
0.797
0.718
0.700
0.745
0.697
0.712
0.755
0.974
0.732
0.913
0.729
0.879
0.716
0.807
0.743
0.702
0.713
0.745
0.817
0.857
0.972
0.956
0.841
0.809
0.881
0.670
0.740
0.817
0.821
0.787
0.809
0.880
0.862
0.762
0.927
0.761
0.954
0.786
0.730
0.869
0.809
0.861
0.980
0.784
0.732
0.881
0.949
0.890
0.839
0.775
0.786
0.819
0.802
0.816
0.939
0.786
0.905
0.981
0.955
0.836
0.845
0.913
0.870
0.834
0.896
0.796
0.824
0.730
0.698
0.743
0.788
0.940
0.785
0.725
0.690
0.752
0.691
0.711
0.751
0.680
0.713
0.679
0.676
0.660
0.693
0.702
0.806
0.671
0.640
0.669
0.662
0.700
0.700
0.716
0.756
0.794
0.815
0.789
0.862
0.779
0.823
0.725
0.721
0.756
0.689
0.654
0.547
0.544
0.553
0.611
0.670
0.678
0.710
0.637
0.578
0.604
0.556
0.629
0.607
0.635
0.634
0.610
0.528
0.518
0.496
0.551
0.655
0.508
0.528
0.477
0.501
0.545
0.536
0.533
0.496
0.449
0.496
0.511
0.464
0.522
0.646
0.488
0.443
0.411
0.410
0.377
0.418
0.437
0.582
0.630
0.581
0.671
0.732
0.671
0.672
0.691
0.682
0.674
0.610
0.608
0.542
0.572
0.675
0.800
0.771
0.817
0.750
0.893
0.871
0.777
0.846
0.818
0.702
0.685
0.787
0.663
0.764
0.848
0.797
0.808
0.704
0.638
0.641
0.661
0.690
0.736
0.923
0.806
0.668
0.745
0.702
0.640
0.695
0.723
0.619
0.650
0.623
0.622
0.655
0.576
0.580
0.543
0.538
0.517
0.577
0.589
0.586
0.625
0.634
0.697
0.728
0.704
0.645
0.608
0.614
0.652
0.929
0.694
0.652
0.748
0.812
0.699
0.698
0.743
0.712
0.690
0.793
0.788
0.643
0.869
0.881
0.864
0.792
0.802
0.689
0.623
0.625
0.595
0.620
0.541
0.498
0.658
0.650
0.674
0.749
0.874
0.642
0.732
0.693
0.688
0.701
0.687
0.927
0.750
0.732
0.782
0.686
0.670
0.663
0.747
0.620
0.742
0.622
0.636
0.620
0.562
0.500
0.563
0.571
0.678
0.666
0.644
0.738
0.630
0.798
0.760
0.683
0.641
0.582
0.601
0.641
0.640
0.623
0.595
0.880
0.730
0.578
0.516
0.660
0.618
0.539
0.557
0.662
0.586
0.516
0.500
0.450
0.520
0.564
0.635
0.589
0.633
0.651
0.682
0.780
0.708
0.667
0.645
0.651
0.619
0.590
0.590
0.652
0.624
0.635
0.624
0.662
0.593
0.513
0.679
0.611
0.681
0.715
0.582
0.632
0.584
0.710
0.667
0.634
0.613
0.653
0.630
0.689
0.600
0.731
0.677
0.678
0.635
0.820
0.711
0.757
0.702
0.687
0.647
0.721
0.794
0.812
0.828
0.780
0.747
0.679
0.695
0.864
0.813
0.714
0.686
0.637
0.568
0.612
0.595
0.599
0.657
0.705
0.759
0.739
0.715
0.696
0.757
0.659
0.879
0.844
0.695
0.630
0.692
0.586
0.919
0.822
0.816
0.630
0.643
0.691
0.782
0.812
0.726
0.934
0.731
0.704
0.713
0.960
0.682
0.689
0.674
0.660
0.803
0.740
0.891
0.762
0.709
0.817
0.912
0.743
0.810
0.750
0.743
0.875
0.879
0.757
0.901
0.816
0.866
0.897
0.967
0.946
0.864
0.758
0.794
0.678
0.720
0.810
0.806
0.840
0.768
0.678
0.697
0.722
0.711
0.676
0.741
0.757
0.742
0.721
0.658
0.806
0.875
0.918
0.838
0.964
0.899
0.794
0.683
0.641
0.712
0.723
0.671
0.634
0.612
0.547
0.478
0.555
0.573
0.594
0.484
0.481
0.485
0.514
0.523
0.604
0.790
0.795
0.687
0.601
0.569
0.585
0.524
0.649
0.642
0.613
0.639
0.687
0.671
0.799
0.709
0.662
0.579
0.549
0.556
0.636
0.623
0.594
0.527
0.511
0.524
0.543
0.582
0.593
0.564
0.568
0.549
0.537
0.644
0.573
0.556
0.528
0.546
0.560
0.514
0.548
0.593
0.674
0.762
0.745
0.680
0.641
0.655
0.662
0.797
0.748
0.665
0.748
0.633
0.614
0.506
0.657
0.750
0.650
0.584
0.789
0.661
0.785
0.644
0.613
0.578
0.556
0.554
0.545
0.610
0.634
0.540
0.493
0.497
0.529
0.501
0.502
0.492
0.490
0.548
0.560
0.628
0.528
0.568
0.565
0.534
0.554
0.546
0.573
0.622
0.618
0.605
0.791
0.864
0.749
0.671
0.562
0.713
0.795
0.735
0.828
0.836
0.842
0.699
0.705
0.628
0.517
0.506
0.527
0.613
0.619
0.685
0.680
0.757
0.865
0.773
0.796
0.742
0.771
0.721
0.826
0.790
0.946
0.693
0.838
0.760
0.925
0.884
0.866
0.921
0.847
0.683
0.769
0.768
0.742
0.895
0.676
0.649
0.701
0.713
0.670
0.717
0.674
0.655
0.668
0.672
0.675
0.650
0.588
0.659
0.628
0.690
0.669
0.695
0.721
0.718
0.760
0.697
0.652
0.672
0.604
0.596
0.605
0.666
0.640
0.592
0.563
0.605
0.686
0.609
0.725
0.702
0.719
0.767
0.732
0.559
0.582
0.637
0.622
0.478
0.533
0.678
0.635
0.665
0.624
0.619
0.600
0.564
0.576
0.554
0.614
0.628
0.627
0.667
0.691
0.704
0.665
0.638
0.626
0.713
0.643
0.639
0.620
0.672
0.595
0.591
0.645
0.690
0.597
0.621
0.641
0.602
0.582
0.633
0.641
0.588
0.534
0.566
0.592
0.503
0.450
0.526
0.540
0.637
0.562
0.605
0.645
0.637
0.560
0.591
0.530
0.544
0.598
0.658
0.666
0.708
0.637
0.612
0.605
0.516
0.520
0.421
0.435
0.449
0.527
0.670
0.781
0.623
0.654
0.657
0.613
0.556
0.622
0.667
0.611
0.540
0.561
0.632
0.621
0.696
0.627
0.654
0.640
0.647
0.604
0.536
0.549
0.537
0.490
0.563
0.642
0.788
0.829
0.870
0.746
0.665
0.641
0.654
0.741
0.689
0.601
0.597
0.721
0.795
0.816
0.707
0.621
0.839
0.666
0.824
0.934
0.688
0.912
0.766
0.760
0.751
0.756
0.876
0.711
0.966
0.773
0.664
0.749
0.758
0.745
0.829
0.694
0.893
0.750
0.956
0.744
0.857
0.818
0.926
0.894
0.763
0.845
0.817
0.788
0.772
0.796
0.700
0.696
0.716
0.703
0.665
0.670
0.622
0.572
0.647
0.624
0.670
0.634
0.739
0.864
0.662
0.736
0.727
0.751
0.893
0.875
0.842
0.766
0.814
0.895
0.898
0.942
0.925
0.826
0.897
0.898
0.909
0.818
0.671
0.621
0.620
0.593
0.577
0.618
0.612
0.666
0.639
0.551
0.504
0.490
0.519
0.530
0.510
0.594
0.645
0.662
0.591
0.594
0.851
0.860
0.684
0.602
0.629
0.683
0.630
0.686
0.586
0.574
0.731
0.740
0.695
0.532
0.641
0.628
0.540
0.565
0.635
0.676
0.620
0.567
0.443
0.442
0.397
0.376
0.372
0.388
0.404
0.350
0.373
0.422
0.451
0.451
0.545
0.463
0.546
0.570
0.749
0.780
0.719
0.612
0.607
0.618
0.605
0.590
0.678
0.620
0.529
0.500
0.545
0.516
0.475
0.493
0.587
0.523
0.452
0.540
0.506
0.464
0.531
0.794
0.802
0.647
0.737
0.678
0.690
0.520
0.739
0.868
0.859
0.685
0.719
0.601
0.561
0.540
0.506
0.458
0.469
0.389
0.397
0.450
0.458
0.409
0.482
0.706
0.916
0.667
0.617
0.718
0.757
0.748
0.533
0.573
0.588
0.576
0.687
0.707
0.611
0.769
0.721
0.861
0.763
0.768
0.693
0.670
0.786
0.911
0.703
0.720
0.739
0.804
0.737
0.667
0.567
0.534
0.626
0.709
0.726
0.743
0.765
0.776
0.802
0.765
0.688
0.681
0.707
0.722
0.652
0.701
0.786
0.683
0.820
0.636
0.706
0.766
0.745
0.775
0.859
0.739
0.847
0.962
0.852
0.782
0.792
0.709
0.687
0.659
0.632
0.694
0.682
0.699
0.756
0.826
0.693
0.643
0.743
0.734
0.600
0.651
0.659
0.622
0.644
0.622
0.736
0.710
0.681
0.676
0.712
0.925
0.688
0.650
0.657
0.613
0.699
0.726
0.630
0.650
0.698
0.655
0.583
0.675
0.664
0.585
0.612
0.687
0.718
0.672
0.628
0.661
0.583
0.652
0.640
0.588
0.617
0.621
0.531
0.505
0.539
0.576
0.598
0.517
0.488
0.492
0.497
0.508
0.526
0.561
0.566
0.597
0.556
0.647
0.747
0.674
0.647
0.550
0.480
0.607
0.639
0.574
0.625
0.650
0.600
0.507
0.473
0.451
0.424
0.397
0.420
0.566
0.561
0.567
0.590
0.545
0.561
0.515
0.524
0.465
0.469
0.485
0.453
0.463
0.498
0.492
0.463
0.375
0.514
0.624
0.596
0.582
0.520
0.534
0.451
0.411
0.389
0.449
0.511
0.685
0.882
0.617
0.718
0.690
0.696
0.672
0.741
0.723
0.793
0.738
0.746
0.775
0.683
0.654
0.750
0.774
0.765
0.691
0.619
0.645
0.847
0.900
0.669
0.643
0.620
0.648
0.737
0.720
0.698
0.861
0.681
0.628
0.721
0.577
0.586
0.502
0.504
0.607
0.604
0.662
0.810
0.778
0.684
0.715
0.741
0.673
0.652
0.687
0.745
0.807
0.733
0.723
0.694
0.788
0.802
0.907
0.937
0.678
0.853
0.880
0.684
0.673
0.728
0.698
0.643
0.645
0.641
0.866
0.742
0.792
0.731
0.711
0.713
0.631
0.651
0.592
0.599
0.732
0.773
0.826
0.724
0.645
0.569
0.533
0.510
0.525
0.531
0.529
0.490
0.534
0.572
0.725
0.683
0.718
0.700
0.777
0.664
0.629
0.563
0.559
0.626
0.634
0.577
0.559
0.646
0.571
0.563
0.525
0.562
0.662
0.635
0.665
0.689
0.708
0.599
0.481
0.426
0.422
0.454
0.467
0.657
0.580
0.519
0.456
0.449
0.404
0.426
0.470
0.452
0.458
0.615
0.671
0.731
0.485
0.373
0.441
0.537
0.540
0.780
0.572
0.508
0.482
0.494
0.574
0.598
0.540
0.519
0.682
0.864
0.617
0.661
0.495
0.445
0.423
0.382
0.360
0.331
0.399
0.492
0.428
0.428
0.437
0.440
0.464
0.511
0.436
0.426
0.483
0.420
0.415
0.453
0.474
0.506
0.502
0.464
0.449
0.426
0.369
0.455
0.552
0.606
0.637
0.566
0.489
0.453
0.386
0.534
0.778
0.673
0.463
0.413
0.519
0.626
0.683
0.493
0.449
0.539
0.610
0.678
0.651
0.607
0.646
0.593
0.569
0.502
0.477
0.431
0.534
0.588
0.627
0.592
0.696
0.691
0.664
0.782
0.734
0.863
0.728
0.733
0.693
0.669
0.653
0.762
0.920
0.744
0.661
0.848
0.661
0.729
0.645
0.620
0.701
0.664
0.684
0.863
0.658
0.645
0.521
0.622
0.644
0.651
0.682
0.758
0.707
0.753
0.879
0.764
0.768
0.761
0.716
0.681
0.790
0.752
0.746
0.733
0.816
0.930
0.739
0.689
0.631
0.627
0.645
0.659
0.622
0.620
0.619
0.717
0.663
0.639
0.581
0.580
0.593
0.600
0.455
0.463
0.443
0.533
0.617
0.661
0.529
0.487
0.430
0.435
0.471
0.530
0.561
0.612
0.565
0.495
0.481
0.475
0.484
0.428
0.464
0.567
0.567
0.541
0.498
0.475
0.569
0.617
0.624
0.719
0.732
0.646
0.640
0.579
0.503
0.492
0.415
0.492
0.507
0.437
0.433
0.434
0.536
0.598
0.587
0.628
0.612
0.670
0.541
0.520
0.472
0.431
0.412
0.394
0.537
0.595
0.547
0.575
0.550
0.579
0.627
0.721
0.714
0.709
0.654
0.565
0.566
0.496
0.497
0.467
0.455
0.388
0.466
0.538
0.563
0.613
0.630
0.629
0.643
0.594
0.570
0.552
0.662
0.550
0.558
0.622
0.572
0.536
0.522
0.526
0.595
0.722
0.804
0.747
0.699
0.655
0.646
0.616
0.722
0.899
0.699
0.905
0.842
0.752
0.663
0.677
0.705
0.650
0.683
0.701
0.728
0.603
0.676
0.765
0.741
0.718
0.780
0.847
0.728
0.734
0.676
0.675
0.641
0.620
0.619
0.639
0.762
0.612
0.638
0.655
0.800
0.712
0.700
0.703
0.686
0.663
0.777
0.700
0.670
0.682
0.661
0.646
0.708
0.685
0.778
0.899
0.766
0.784
0.705
0.760
0.922
0.771
0.803
0.758
0.763
0.848
0.960
0.983
0.752
0.731
0.744
0.802
0.848
0.941
0.889
0.920
0.901
0.745
0.828
0.851
0.937
0.958
0.742
0.849
0.794
0.730
0.704
0.675
0.792
0.770
0.736
0.829
0.735
0.660
0.791
0.939
0.745
0.642
0.557
0.559
0.590
0.570
0.605
0.553
0.589
0.666
0.597
0.708
0.696
0.617
0.614
0.637
0.642
0.644
0.691
0.716
0.758
0.838
0.925
0.726
0.647
0.572
0.509
0.556
0.639
0.636
0.693
0.698
0.652
0.574
0.625
0.612
0.550
0.544
0.460
0.525
0.714
0.754
0.694
0.619
0.650
0.584
0.548
0.623
0.616
0.577
0.606
0.587
0.643
0.666
0.558
0.601
0.648
0.585
0.564
0.479
0.450
0.479
0.537
0.567
0.576
0.462
0.417
0.416
0.636
0.655
0.614
0.638
0.580
0.694
0.655
0.604
0.569
0.560
0.603
0.569
0.509
0.469
0.573
0.653
0.602
0.503
0.640
0.514
0.416
0.616
0.701
0.653
0.645
0.707
0.755
0.667
0.788
0.701
0.799
0.754
0.822
0.802
0.621
0.666
0.658
0.622
0.641
0.643
0.654
0.693
0.779
0.934
0.721
0.681
0.741
0.807
0.663
0.921
0.672
0.746
0.844
0.843
0.673
0.904
0.679
0.680
0.733
0.695
0.647
0.713
0.772
0.932
0.811
0.689
0.811
0.737
0.822
0.650
0.843
0.884
0.937
0.663
0.824
0.723
0.793
0.658
0.952
0.759
0.906
0.782
0.669
0.663
0.700
0.732
0.766
0.919
0.729
0.667
0.776
0.968
0.746
0.714
0.788
0.845
0.754
0.683
0.572
0.593
0.574
0.607
0.596
0.653
0.635
0.553
0.571
0.509
0.509
0.577
0.672
0.650
0.644
0.547
0.582
0.603
0.521
0.553
0.659
0.676
0.635
0.633
0.649
0.747
0.640
0.654
0.689
0.709
0.834
0.748
0.701
0.715
0.700
0.653
0.582
0.569
0.590
0.598
0.668
0.634
0.585
0.616
0.577
0.611
0.549
0.500
0.566
0.591
0.619
0.602
0.602
0.579
0.582
0.587
0.660
0.621
0.550
0.535
0.558
0.476
0.444
0.396
0.429
0.450
0.497
0.591
0.605
0.674
0.672
0.621
0.553
0.533
0.588
0.600
0.680
0.637
0.664
0.596
0.529
0.514
0.525
0.578
0.634
0.627
0.704
0.676
0.597
0.618
0.667
0.680
0.666
0.579
0.597
0.652
0.666
0.684
0.606
0.583
0.580
0.653
0.733
0.896
0.590
0.760
0.721
0.722
0.760
0.699
0.666
0.560
0.611
0.702
0.854
0.667
0.671
0.608
0.665
0.842
0.676
0.734
0.692
0.787
0.669
0.674
0.599
0.553
0.578
0.620
0.596
0.648
0.602
0.563
0.591
0.654
0.717
0.910
0.824
0.716
0.782
0.707
0.693
0.731
0.696
0.749
0.713
0.730
0.708
0.679
0.683
0.964
0.724
0.854
0.814
0.711
0.742
0.837
0.717
0.715
0.695
0.948
0.934
0.877
0.743
0.814
0.836
0.804
0.794
0.764
0.970
0.771
0.794
0.718
0.972
0.776
0.844
0.865
0.821
0.977
0.924
0.819
0.750
0.706
0.814
0.830
0.833
0.756
0.699
0.681
0.718
0.695
0.888
0.834
0.828
0.803
0.795
0.818
0.754
0.694
0.769
0.666
0.620
0.632
0.546
0.506
0.596
0.606
0.504
0.535
0.523
0.744
0.526
0.496
0.481
0.693
0.835
0.718
0.639
0.620
0.708
0.725
0.664
0.609
0.560
0.567
0.593
0.688
0.663
0.577
0.548
0.645
0.581
0.576
0.561
0.565
0.489
0.457
0.455
0.536
0.569
0.596
0.563
0.728
0.603
0.573
0.599
0.545
0.557
0.748
0.579
0.482
0.462
0.493
0.456
0.546
0.425
0.504
0.562
0.639
0.628
0.638
0.605
0.645
0.624
0.624
0.595
0.663
0.745
0.714
0.832
0.747
0.688
0.588
0.668
0.839
0.802
0.693
0.604
0.551
0.543
0.561
0.574
0.637
0.669
0.692
0.644
0.663
0.665
0.652
0.656
0.667
0.707
0.740
0.847
0.699
0.595
0.605
0.693
0.778
0.776
0.943
0.871
0.838
0.852
0.722
0.727
0.791
0.813
0.736
0.692
0.666
0.620
0.589
0.663
0.886
0.788
0.631
0.626
0.680
0.780
0.918
0.715
0.779
0.719
0.659
0.740
0.814
0.711
0.932
0.690
0.906
0.771
0.879
0.707
0.710
0.692
0.669
0.679
0.757
0.718
0.785
0.877
0.650
0.946
0.704
0.684
0.773
0.721
0.664
0.832
0.884
0.644
0.749
0.800
0.803
0.807
0.818
0.862
0.768
0.747
0.820
0.723
0.824
0.732
0.684
0.634
0.765
0.645
0.909
0.733
0.834
0.636
0.644
0.631
0.717
0.659
0.610
0.627
0.690
0.644
0.651
0.591
0.591
0.712
0.626
0.605
0.564
0.501
0.597
0.659
0.614
0.599
0.659
0.620
0.580
0.648
0.635
0.611
0.673
0.728
0.662
0.649
0.615
0.527
0.510
0.482
0.492
0.528
0.507
0.432
0.530
0.650
0.622
0.599
0.605
0.615
0.562
0.562
0.562
0.589
0.684
0.621
0.633
0.612
0.623
0.641
0.539
0.532
0.560
0.602
0.639
0.681
0.616
0.654
0.734
0.639
0.607
0.571
0.587
0.610
0.581
0.518
0.640
0.678
0.706
0.537
0.554
0.647
0.603
0.609
0.564
0.535
0.505
0.593
0.632
0.609
0.605
0.695
0.599
0.552
0.540
0.595
0.624
0.518
0.493
0.450
0.582
0.571
0.661
0.549
0.579
0.611
0.607
0.520
0.620
0.628
0.870
0.746
0.973
0.951
0.744
0.746
0.699
0.792
0.780
0.713
0.698
0.696
0.704
0.677
0.771
0.763
0.808
0.929
0.674
0.702
0.879
0.759
0.737
0.716
0.760
0.784
0.914
0.889
0.872
0.809
0.925
0.789
0.851
0.764
0.796
0.853
0.723
0.703
0.651
0.671
0.700
0.714
0.772
0.900
0.939
0.873
0.743
0.911
0.871
0.720
0.909
0.830
0.856
0.775
0.778
0.790
0.760
0.768
0.768
0.805
0.924
0.850
0.773
0.933
0.822
0.944
0.860
0.925
0.752
0.698
0.699
0.688
0.752
0.713
0.696
0.687
0.647
0.649
0.645
0.708
0.704
0.686
0.672
0.644
0.643
0.631
0.584
0.594
0.589
0.631
0.699
0.865
0.736
0.799
0.796
0.795
0.795
0.690
0.575
0.584
0.598
0.538
0.536
0.492
0.477
0.492
0.517
0.496
0.482
0.498
0.707
0.497
0.484
0.503
0.507
0.566
0.573
0.520
0.507
0.562
0.605
0.647
0.636
0.545
0.425
0.409
0.420
0.408
0.433
0.441
0.538
0.739
0.553
0.601
0.531
0.685
0.632
0.646
0.539
0.532
0.621
0.485
0.379
0.349
0.392
0.355
0.324
0.314
0.345
0.390
0.375
0.485
0.701
0.653
0.636
0.657
0.686
0.663
0.620
0.622
0.633
0.530
0.503
0.503
0.451
0.543
0.572
0.583
0.755
0.666
0.653
0.825
0.739
0.612
0.546
0.605
0.593
0.546
0.827
0.856
0.904
0.929
0.879
0.646
0.566
0.742
0.815
0.762
0.728
0.635
0.619
0.753
0.763
0.664
0.580
0.623
0.679
0.856
0.908
0.873
0.764
0.689
0.683
0.910
0.926
0.781
0.727
0.958
0.939
0.971
0.742
0.784
0.855
0.722
0.792
0.643
0.695
0.667
0.804
0.834
0.721
0.813
0.792
0.758
0.674
0.721
0.776
0.836
0.687
0.709
0.695
0.645
0.682
0.655
0.780
0.726
0.868
0.747
0.767
0.773
0.785
0.758
0.742
0.702
0.690
0.892
0.772
0.724
0.672
0.856
0.628
0.730
0.646
0.775
0.755
0.720
0.820
0.911
0.673
0.791
0.902
0.725
0.690
0.644
0.720
0.706
0.753
0.710
0.768
0.743
0.692
0.611
0.652
0.658
0.635
0.737
0.758
0.667
0.607
0.670
0.684
0.625
0.624
0.654
0.622
0.680
0.679
0.718
0.703
0.620
0.668
0.665
0.674
0.655
0.654
0.630
0.668
0.723
0.653
0.676
0.803
0.666
0.655
0.668
0.721
0.758
0.734
0.795
0.763
0.804
0.744
0.690
0.748
0.757
0.798
0.765
0.750
0.729
0.743
0.641
0.602
0.630
0.715
0.922
0.713
0.730
0.717
0.683
0.781
0.903
0.795
0.708
0.763
0.686
0.653
0.726
0.712
0.757
0.775
0.689
0.735
0.773
0.681
0.657
0.573
0.523
0.524
0.475
0.442
0.505
0.659
0.759
0.745
0.692
0.672
0.917
0.746
0.706
0.745
0.723
0.785
0.668
0.698
0.706
0.646
0.612
0.736
0.711
0.737
0.703
0.737
0.697
0.760
0.734
0.776
0.692
0.702
0.671
0.781
0.728
0.867
0.712
0.929
0.803
0.697
0.872
0.963
0.816
0.760
0.815
0.804
0.772
0.787
0.871
0.705
0.773
0.800
0.785
0.825
0.786
0.724
0.741
0.722
0.720
0.812
0.733
0.691
0.932
0.837
0.719
0.696
0.681
0.762
0.742
0.679
0.667
0.856
0.792
0.724
0.817
0.754
0.855
0.781
0.794
0.783
0.800
0.887
0.743
0.726
0.812
0.897
0.769
0.686
0.704
0.781
0.781
0.693
0.748
0.834
0.863
0.842
0.792
0.778
0.641
0.784
0.940
0.856
0.824
0.806
0.753
0.712
0.682
0.689
0.789
0.831
0.783
0.729
0.717
0.792
0.769
0.724
0.744
0.611
0.677
0.669
0.758
0.620
0.656
0.608
0.711
0.601
0.563
0.535
0.666
0.753
0.596
0.563
0.602
0.779
0.800
0.618
0.626
0.763
0.856
0.896
0.931
0.705
0.831
0.769
0.627
0.627
0.575
0.577
0.703
0.602
0.525
0.517
0.599
0.590
0.596
0.706
0.701
0.745
0.777
0.667
0.707
0.717
0.713
0.666
0.653
0.604
0.588
0.709
0.875
0.735
0.681
0.699
0.716
0.789
0.751
0.632
0.677
0.628
0.663
0.693
0.779
0.706
0.834
0.696
0.817
0.782
0.734
0.621
0.693
0.760
0.755
0.868
0.902
0.942
0.966
0.897
0.807
0.735
0.738
0.597
0.591
0.668
0.693
0.631
0.629
0.662
0.666
0.588
0.634
0.633
0.662
0.621
0.669
0.651
0.847
0.676
0.629
0.833
0.761
0.616
0.689
0.794
0.847
0.748
0.761
0.787
0.637
0.644
0.645
0.741
0.662
0.855
0.730
0.622
0.797
0.759
0.758
0.798
0.674
0.688
0.754
0.605
0.701
0.813
0.644
0.912
0.735
0.697
0.616
0.778
0.814
0.736
0.697
0.864
0.729
0.826
0.752
0.796
0.945
0.846
0.816
0.817
0.748
0.784
0.805
0.675
0.821
0.690
0.702
0.698
0.748
0.761
0.835
0.756
0.830
0.826
0.718
0.785
0.675
0.646
0.650
0.579
0.527
0.533
0.639
0.711
0.684
0.716
0.732
0.746
0.779
0.813
0.651
0.671
0.693
0.623
0.681
0.834
0.736
0.729
0.708
0.817
0.712
0.703
0.730
0.668
0.691
0.634
0.634
0.628
0.943
0.708
0.672
0.861
0.650
0.659
0.783
0.594
0.597
0.542
0.575
0.550
0.601
0.626
0.612
0.539
0.575
0.722
0.839
0.662
0.754
0.659
0.650
0.623
0.671
0.601
0.658
0.636
0.634
0.656
0.614
0.648
0.715
0.680
0.588
0.603
0.568
0.613
0.755
0.530
0.525
0.675
0.708
0.637
0.729
0.697
0.696
0.637
0.710
0.785
0.793
0.733
0.646
0.831
0.755
0.794
0.766
0.760
0.742
0.674
0.678
0.755
0.738
0.707
0.682
0.650
0.664
0.617
0.588
0.643
0.652
0.611
0.622
0.596
0.661
0.661
0.560
0.589
0.717
0.624
0.719
0.696
0.692
0.644
0.678
0.656
0.703
0.830
0.756
0.713
0.896
0.744
0.897
0.922
0.697
0.862
0.970
0.842
0.949
0.894
0.669
0.820
0.917
0.850
0.835
0.771
0.748
0.710
0.728
0.748
0.696
0.713
0.912
0.679
0.750
0.801
0.793
0.773
0.755
0.760
0.660
0.597
0.652
0.919
0.897
0.779
0.676
0.764
0.711
0.858
0.960
0.978
0.848
0.845
0.788
0.809
0.850
0.842
0.687
0.660
0.730
0.716
0.748
0.831
0.849
0.750
0.733
0.897
0.776
0.748
0.788
0.762
0.704
0.674
0.746
0.777
0.720
0.809
0.698
0.737
0.743
0.745
0.679
0.699
0.690
0.652
0.613
0.623
0.578
0.569
0.571
0.515
0.546
0.541
0.559
0.688
0.608
0.644
0.770
0.779
0.610
0.594
0.548
0.626
0.629
0.664
0.884
0.701
0.787
0.768
0.620
0.673
0.643
0.744
0.790
0.757
0.597
0.573
0.601
0.674
0.591
0.574
0.679
0.615
0.660
0.817
0.754
0.642
0.716
0.632
0.606
0.768
0.711
0.648
0.682
0.694
0.664
0.743
0.780
0.764
0.677
0.637
0.626
0.580
0.808
0.632
0.532
0.560
0.516
0.525
0.539
0.524
0.525
0.526
0.558
0.524
0.465
0.471
0.482
0.383
0.316
0.312
0.325
0.335
0.362
0.413
0.461
0.486
0.572
0.533
0.613
0.525
0.616
0.626
0.886
0.694
0.636
0.782
0.745
0.542
0.540
0.718
0.857
0.857
0.777
0.718
0.676
0.564
0.463
0.461
0.477
0.562
0.605
0.632
0.781
0.731
0.715
0.633
0.598
0.610
0.613
0.605
0.558
0.655
0.784
0.952
0.735
0.737
0.744
0.779
0.865
0.845
0.809
0.779
0.703
0.663
0.608
0.648
0.634
0.616
0.597
0.582
0.614
0.808
0.617
0.609
0.643
0.681
0.675
0.686
0.720
0.654
0.616
0.588
0.597
0.610
0.555
0.566
0.693
0.734
0.777
0.917
0.751
0.839
0.652
0.749
0.680
0.727
0.747
0.843
0.686
0.820
0.699
0.803
0.742
0.714
0.711
0.676
0.708
0.729
0.866
0.712
0.635
0.683
0.623
0.628
0.617
0.616
0.645
0.682
0.633
0.658
0.684
0.697
0.720
0.704
0.687
0.631
0.614
0.587
0.498
0.498
0.501
0.502
0.481
0.567
0.594
0.609
0.523
0.524
0.504
0.503
0.506
0.505
0.625
0.594
0.526
0.505
0.412
0.426
0.468
0.490
0.431
0.492
0.617
0.605
0.645
0.614
0.602
0.604
0.596
0.623
0.473
0.487
0.451
0.419
0.420
0.412
0.461
0.450
0.454
0.498
0.591
0.644
0.557
0.566
0.511
0.635
0.596
0.563
0.453
0.534
0.556
0.602
0.626
0.532
0.465
0.405
0.495
0.563
0.571
0.634
0.704
0.652
0.653
0.702
0.766
0.778
0.685
0.685
0.671
0.640
0.655
0.597
0.538
0.474
0.484
0.481
0.637
0.802
0.708
0.733
0.771
0.839
0.874
0.904
0.720
0.738
0.696
0.683
0.655
0.637
0.737
0.634
0.770
0.675
0.658
0.679
0.754
0.743
0.683
0.785
0.734
0.927
0.764
0.728
0.873
0.832
0.713
0.685
0.710
0.718
0.666
0.608
0.589
0.546
0.598
0.661
0.718
0.697
0.592
0.687
0.644
0.641
0.624
0.638
0.694
0.765
0.744
0.750
0.817
0.687
0.709
0.878
0.927
0.978
0.722
0.821
0.805
0.968
0.719
0.851
0.705
0.698
0.734
0.855
0.920
0.717
0.657
0.728
0.829
0.825
0.740
0.649
0.564
0.587
0.605
0.635
0.576
0.562
0.522
0.502
0.518
0.518
0.588
0.813
0.597
0.559
0.520
0.646
0.547
0.504
0.517
0.518
0.467
0.429
0.427
0.378
0.469
0.456
0.541
0.534
0.391
0.429
0.441
0.420
0.423
0.514
0.533
0.608
0.565
0.610
0.518
0.521
0.495
0.519
0.493
0.556
0.528
0.453
0.446
0.448
0.438
0.400
0.463
0.602
0.537
0.475
0.470
0.557
0.509
0.507
0.505
0.525
0.442
0.466
0.829
0.815
0.666
0.813
0.808
0.827
0.616
0.615
0.735
0.673
0.819
0.653
0.487
0.484
0.492
0.446
0.469
0.494
0.508
0.485
0.575
0.525
0.447
0.543
0.578
0.517
0.510
0.496
0.376
0.432
0.438
0.528
0.611
0.675
0.761
0.617
0.497
0.399
0.335
0.383
0.636
0.589
0.499
0.491
0.517
0.713
0.628
0.720
0.732
0.681
0.651
0.824
0.586
0.827
0.869
0.807
0.574
0.500
0.634
0.864
0.787
0.701
0.758
0.732
0.682
0.684
0.808
0.644
0.909
0.719
0.756
0.822
0.802
0.752
0.800
0.880
0.798
0.774
0.731
0.742
0.801
0.811
0.820
0.830
0.751
0.662
0.783
0.702
0.792
0.870
0.723
0.737
0.810
0.735
0.972
0.714
0.724
0.823
0.688
0.703
0.693
0.696
0.688
0.710
0.594
0.635
0.729
0.691
0.688
0.654
0.727
0.777
0.843
0.800
0.833
0.976
0.898
0.898
0.700
0.732
0.706
0.682
0.671
0.671
0.691
0.668
0.598
0.547
0.646
0.662
0.625
0.676
0.648
0.678
0.652
0.681
0.656
0.633
0.696
0.646
0.694
0.646
0.655
0.589
0.630
0.620
0.546
0.495
0.536
0.534
0.617
0.649
0.687
0.682
0.718
0.719
0.670
0.600
0.655
0.634
0.539
0.543
0.562
0.692
0.708
0.670
0.626
0.694
0.661
0.710
0.677
0.737
0.710
0.735
0.690
0.677
0.626
0.571
0.667
0.625
0.596
0.585
0.595
0.752
0.741
0.655
0.623
0.732
0.734
0.706
0.593
0.655
0.652
0.704
0.636
0.599
0.707
0.773
0.847
0.733
0.625
0.676
0.700
0.723
0.718
0.621
0.670
0.662
0.550
0.700
0.722
0.705
0.707
0.686
0.676
0.738
0.803
0.811
0.707
0.697
0.900
0.842
0.664
0.783
0.582
0.683
0.713
0.678
0.669
0.671
0.651
0.723
0.741
0.719
0.740
0.742
0.794
0.743
0.676
0.611
0.674
0.694
0.758
0.764
0.876
0.730
0.651
0.620
0.605
0.646
0.688
0.755
0.861
0.746
0.760
0.736
0.779
0.818
0.950
0.686
0.692
0.726
0.929
0.807
0.758
0.754
0.828
0.959
0.736
0.750
0.739
0.782
0.778
0.703
0.800
0.775
0.855
0.856
0.941
0.665
0.659
0.737
0.893
0.765
0.838
0.753
0.776
0.801
0.745
0.888
0.859
0.768
0.972
0.894
0.752
0.928
0.859
0.790
0.811
0.795
0.860
0.848
0.814
0.887
0.834
0.868
0.834
0.753
0.860
0.731
0.878
0.835
0.750
0.700
0.749
0.736
0.701
0.771
0.664
0.689
0.730
0.767
0.662
0.617
0.627
0.643
0.859
0.696
0.788
0.860
0.728
0.685
0.711
0.810
0.768
0.745
0.677
0.577
0.556
0.547
0.590
0.736
0.887
0.760
0.654
0.815
0.773
0.581
0.587
0.675
0.680
0.628
0.677
0.694
0.688
0.643
0.669
0.674
0.584
0.568
0.502
0.627
0.771
0.688
0.638
0.663
0.702
0.700
0.616
0.639
0.674
0.747
0.704
0.803
0.694
0.934
0.818
0.874
0.927
0.966
0.847
0.925
0.766
0.892
0.849
0.889
0.757
0.697
0.761
0.799
0.904
0.749
0.675
0.692
0.664
0.650
0.632
0.615
0.641
0.635
0.569
0.635
0.721
0.625
0.722
0.866
0.781
0.745
0.794
0.684
0.670
0.642
0.804
0.727
0.661
0.693
0.751
0.770
0.693
0.724
0.705
0.809
0.943
0.898
0.912
0.805
0.876
0.973
0.924
0.823
0.855
0.876
0.789
0.838
0.860
0.864
0.767
0.727
0.678
0.703
0.677
0.734
0.710
0.712
0.773
0.833
0.763
0.783
0.928
0.835
0.890
0.826
0.904
0.842
0.851
0.814
0.817
0.784
0.811
0.972
0.790
0.769
0.933
0.776
0.881
0.754
0.748
0.759
0.757
0.736
0.719
0.718
0.660
0.728
0.717
0.714
0.702
0.611
0.651
0.676
0.735
0.716
0.822
0.709
0.667
0.749
0.755
0.832
0.876
0.780
0.808
0.797
0.741
0.823
0.878
0.730
0.841
0.821
0.889
0.701
0.886
0.774
0.770
0.739
0.757
0.716
0.849
0.763
0.833
0.860
0.973
0.720
0.772
0.732
0.714
0.755
0.768
0.671
0.682
0.671
0.704
0.633
0.619
0.693
0.649
0.583
0.622
0.618
0.697
0.631
0.612
0.695
0.698
0.637
0.625
0.631
0.669
0.666
0.624
0.622
0.643
0.577
0.590
0.577
0.629
0.602
0.630
0.640
0.661
0.671
0.719
0.653
0.704
0.603
0.649
0.673
0.769
0.673
0.642
0.653
0.676
0.597
0.765
0.808
0.763
0.724
0.907
0.730
0.641
0.745
0.749
0.691
0.642
0.685
0.700
0.837
0.728
0.712
0.768
0.648
0.667
0.813
0.777
0.832
0.775
0.918
0.795
0.775
0.957
0.792
0.727
0.717
0.695
0.641
0.688
0.760
0.876
0.697
0.801
0.815
0.725
0.874
0.784
0.895
0.867
0.693
0.760
0.843
0.706
0.875
0.670
0.688
0.663
0.760
0.758
0.720
0.697
0.696
0.709
0.729
0.863
0.670
0.740
0.767
0.852
0.770
0.774
0.856
0.768
0.764
0.872
0.889
0.819
0.902
0.776
0.839
0.804
0.828
0.819
0.751
0.728
0.743
0.839
0.847
0.818
0.853
0.812
0.816
0.783
0.782
0.869
0.958
0.892
0.890
0.787
0.715
0.740
0.770
0.837
0.915
0.895
0.857
0.759
0.739
0.794
0.808
0.754
0.827
0.875
0.825
0.881
0.782
0.719
0.733
0.748
0.766
0.826
0.889
0.804
0.803
0.807
0.783
0.793
0.734
0.748
0.704
0.676
0.693
0.693
0.859
0.894
0.954
0.748
0.711
0.744
0.710
0.698
0.654
0.669
0.800
0.838
0.738
0.774
0.751
0.723
0.697
0.665
0.598
0.574
0.527
0.534
0.538
0.560
0.576
0.603
0.643
0.641
0.641
0.598
0.657
0.633
0.805
0.670
0.604
0.596
0.551
0.609
0.685
0.771
0.691
0.694
0.715
0.657
0.583
0.599
0.633
0.645
0.722
0.484
0.444
0.412
0.386
0.414
0.627
0.584
0.502
0.560
0.604
0.717
0.675
0.711
0.910
0.774
0.827
0.904
0.785
0.675
0.665
0.660
0.688
0.645
0.626
0.633
0.681
0.678
0.573
0.520
0.563
0.673
0.582
0.541
0.565
0.660
0.656
0.632
0.577
0.561
0.597
0.620
0.658
0.630
0.734
0.830
0.721
0.711
0.701
0.681
0.593
0.524
0.594
0.816
0.827
0.788
0.927
0.712
0.604
0.539
0.625
0.721
0.705
0.694
0.684
0.685
0.711
0.676
0.727
0.730
0.681
0.749
0.737
0.956
0.701
0.691
0.668
0.595
0.681
0.723
0.842
0.720
0.658
0.705
0.718
0.933
0.840
0.751
0.781
0.750
0.846
0.669
0.874
0.739
0.935
0.736
0.747
0.695
0.746
0.719
0.758
0.725
0.701
0.696
0.728
0.687
0.621
0.684
0.704
0.777
0.876
0.923
0.723
0.664
0.685
0.675
0.648
0.613
0.769
0.727
0.714
0.714
0.676
0.692
0.677
0.654
0.611
0.711
0.670
0.694
0.650
0.693
0.713
0.694
0.822
0.668
0.687
0.710
0.703
0.665
0.669
0.667
0.723
0.639
0.653
0.688
0.669
0.665
0.664
0.602
0.472
0.513
0.520
0.637
0.595
0.615
0.642
0.649
0.673
0.695
0.642
0.686
0.613
0.623
0.652
0.667
0.566
0.601
0.598
0.581
0.671
0.634
0.636
0.621
0.661
0.594
0.626
0.754
0.634
0.620
0.565
0.685
0.586
0.497
0.421
0.423
0.481
0.527
0.575
0.442
0.439
0.429
0.449
0.466
0.559
0.581
0.621
0.631
0.588
0.634
0.648
0.571
0.654
0.552
0.651
0.674
0.816
0.853
0.708
0.642
0.689
0.686
0.667
0.703
0.670
0.661
0.673
0.665
0.595
0.605
0.622
0.653
0.701
0.762
0.703
0.850
0.709
0.616
0.670
0.771
0.674
0.760
0.846
0.759
0.724
0.685
0.683
0.639
0.660
0.661
0.669
0.628
0.654
0.654
0.577
0.726
0.668
0.633
0.662
0.645
0.600
0.583
0.651
0.689
0.732
0.857
0.953
0.841
0.771
0.787
0.730
0.739
0.747
0.890
0.862
0.866
0.851
0.909
0.848
0.830
0.770
0.853
0.795
0.917
0.899
0.851
0.908
0.877
0.736
0.711
0.755
0.781
0.769
0.724
0.614
0.590
0.581
0.633
0.682
0.696
0.617
0.639
0.651
0.670
0.664
0.709
0.733
0.728
0.717
0.740
0.683
0.715
0.678
0.600
0.597
0.578
0.572
0.468
0.490
0.515
0.496
0.513
0.630
0.588
0.580
0.548
0.581
0.585
0.583
0.616
0.633
0.593
0.688
0.641
0.631
0.599
0.531
0.487
0.501
0.541
0.488
0.451
0.442
0.516
0.478
0.536
0.474
0.442
0.463
0.495
0.498
0.533
0.552
0.586
0.572
0.569
0.603
0.627
0.619
0.600
0.544
0.425
0.411
0.378
0.322
0.319
0.305
0.357
0.394
0.406
0.404
0.532
0.598
0.583
0.615
0.591
0.458
0.421
0.477
0.330
0.332
0.359
0.422
0.409
0.495
0.499
0.600
0.513
0.400
0.480
0.496
0.774
0.745
0.588
0.642
0.547
0.580
0.663
0.691
0.872
0.824
0.650
0.611
0.650
0.693
0.570
0.453
0.566
0.538
0.590
0.566
0.622
0.768
0.795
0.870
0.861
0.764
0.776
0.798
0.730
0.707
0.560
0.593
0.631
0.637
0.641
0.561
0.512
0.527
0.680
0.687
0.623
0.664
0.696
0.667
0.679
0.653
0.708
0.712
0.766
0.854
0.793
0.646
0.732
0.742
0.580
0.527
0.760
0.627
0.652
0.672
0.727
0.662
0.741
0.783
0.826
0.639
0.729
0.711
0.780
0.742
0.942
0.887
0.922
0.928
0.714
0.687
0.751
0.819
0.743
0.839
0.722
0.731
0.767
0.710
0.832
0.914
0.721
0.703
0.733
0.783
0.732
0.816
0.731
0.655
0.673
0.726
0.971
0.733
0.699
0.679
0.649
0.660
0.667
0.685
0.675
0.640
0.618
0.642
0.671
0.707
0.658
0.656
0.637
0.588
0.624
0.602
0.657
0.600
0.558
0.583
0.449
0.521
0.564
0.547
0.597
0.609
0.587
0.588
0.573
0.481
0.581
0.599
0.737
0.707
0.713
0.716
0.639
0.604
0.592
0.634
0.689
0.622
0.545
0.652
0.712
0.682
0.683
0.588
0.492
0.531
0.626
0.622
0.694
0.651
0.654
0.639
0.569
0.547
0.604
0.641
0.584
0.555
0.637
0.592
0.474
0.419
0.476
0.468
0.506
0.540
0.622
0.623
0.536
0.514
0.591
0.529
0.437
0.436
0.506
0.661
0.648
0.607
0.588
0.584
0.584
0.551
0.486
0.529
0.613
0.691
0.666
0.654
0.550
0.554
0.636
0.673
0.625
0.697
0.851
0.642
0.855
0.729
0.686
0.584
0.546
0.672
0.659
0.665
0.744
0.709
0.763
0.686
0.596
0.728
0.717
0.688
0.769
0.657
0.632
0.681
0.584
0.606
0.671
0.677
0.652
0.635
0.736
0.736
0.701
0.666
0.696
0.744
0.822
0.911
0.907
0.745
0.772
0.789
0.839
0.813
0.728
0.646
0.675
0.775
0.776
0.722
0.870
0.977
0.804
0.978
0.747
0.706
0.694
0.772
0.730
0.672
0.695
0.781
0.901
0.763
0.850
0.973
0.813
0.764
0.726
0.747
0.841
0.771
0.972
0.774
0.723
0.675
0.870
0.808
0.915
0.825
0.714
0.821
0.835
0.705
0.739
0.678
0.663
0.699
0.734
0.795
0.856
0.902
0.805
0.713
0.818
0.825
0.778
0.807
0.880
0.885
0.871
0.783
0.944
0.826
0.807
0.779
0.898
0.876
0.870
0.775
0.728
0.687
0.729
0.776
0.633
0.619
0.604
0.618
0.595
0.732
0.810
0.746
0.717
0.674
0.807
0.579
0.636
0.618
0.630
0.598
0.549
0.466
0.403
0.433
0.491
0.517
0.613
0.626
0.526
0.414
0.425
0.534
0.594
0.637
0.607
0.635
0.799
0.809
0.850
0.635
0.561
0.620
0.677
0.566
0.566
0.514
0.416
0.427
0.416
0.437
0.455
0.552
0.568
0.493
0.416
0.432
0.603
0.571
0.436
0.501
0.648
0.614
0.476
0.336
0.392
0.499
0.681
0.559
0.533
0.398
0.367
0.497
0.541
0.656
0.656
0.638
0.654
0.651
0.643
0.623
0.784
0.715
0.829
0.772
0.805
0.673
0.642
0.690
0.726
0.847
0.942
0.776
0.652
0.679
0.716
0.733
0.710
0.709
0.751
0.951
0.820
0.820
0.877
0.950
0.820
0.693
0.785
0.756
0.667
0.674
0.830
0.765
0.879
0.719
0.786
0.690
0.757
0.788
0.835
0.856
0.744
0.697
0.757
0.766
0.755
0.772
0.692
0.604
0.606
0.627
0.708
0.635
0.641
0.609
0.615
0.672
0.674
0.687
0.650
0.721
0.836
0.683
0.746
0.770
0.870
0.841
0.679
0.789
0.885
0.686
0.903
0.901
0.754
0.975
0.828
0.778
0.745
0.872
0.865
0.890
0.752
0.767
0.737
0.819
0.747
0.734
0.741
0.712
0.707
0.612
0.606
0.671
0.597
0.573
0.595
0.597
0.541
0.518
0.552
0.548
0.513
0.574
0.659
0.613
0.557
0.532
0.574
0.582
0.642
0.688
0.715
0.684
0.663
0.649
0.625
0.622
0.539
0.485
0.485
0.590
0.636
0.647
0.588
0.678
0.790
0.671
0.587
0.587
0.596
0.568
0.510
0.486
0.480
0.507
0.497
0.502
0.448
0.487
0.516
0.549
0.573
0.523
0.504
0.598
0.605
0.476
0.451
0.516
0.521
0.436
0.459
0.500
0.444
0.517
0.549
0.526
0.507
0.576
0.587
0.606
0.721
0.735
0.821
0.763
0.782
0.735
0.721
0.674
0.701
0.674
0.687
0.645
0.668
0.522
0.552
0.618
0.652
0.623
0.592
0.611
0.602
0.668
0.798
0.858
0.740
0.755
0.722
0.670
0.682
0.695
0.771
0.793
0.697
0.858
0.704
0.690
0.720
0.641
0.658
0.578
0.597
0.637
0.747
0.822
0.670
0.709
0.916
0.713
0.748
0.652
0.752
0.796
0.731
0.752
0.767
0.738
0.828
0.834
0.729
0.795
0.937
0.910
0.808
0.903
0.896
0.930
0.817
0.751
0.804
0.777
0.789
0.882
0.750
0.763
0.886
0.797
0.712
0.673
0.685
0.709
0.769
0.735
0.676
0.649
0.756
0.717
0.678
0.669
0.714
0.711
0.673
0.665
0.592
0.644
0.675
0.657
0.673
0.677
0.643
0.588
0.497
0.506
0.588
0.602
0.597
0.617
0.562
0.637
0.554
0.527
0.633
0.836
0.891
0.868
0.735
0.777
0.704
0.697
0.597
0.596
0.627
0.636
0.606
0.569
0.573
0.571
0.518
0.533
0.522
0.500
0.543
0.643
0.600
0.591
0.474
0.510
0.575
0.467
0.433
0.445
0.505
0.506
0.453
0.471
0.411
0.472
0.638
0.577
0.443
0.450
0.618
0.507
0.565
0.436
0.502
0.507
0.461
0.410
0.496
0.580
0.625
0.502
0.413
0.396
0.456
0.536
0.630
0.598
0.543
0.640
0.605
0.578
0.504
0.580
0.627
0.532
0.575
0.607
0.660
0.598
0.570
0.636
0.668
0.697
0.817
0.623
0.558
0.557
0.575
0.576
0.553
0.525
0.441
0.349
0.362
0.402
0.468
0.478
0.579
0.623
0.679
0.917
0.726
0.803
0.782
0.958
0.822
0.758
0.930
0.776
0.670
0.716
0.810
0.896
0.689
0.688
0.738
0.783
0.682
0.597
0.533
0.674
0.682
0.639
0.629
0.726
0.839
0.804
0.743
0.842
0.883
0.677
0.712
0.755
0.914
0.857
0.899
0.811
0.854
0.819
0.778
0.835
0.792
0.922
0.755
0.681
0.719
0.677
0.690
0.651
0.700
0.748
0.832
0.754
0.740
0.710
0.715
0.708
0.710
0.699
0.717
0.651
0.675
0.658
0.678
0.702
0.838
0.731
0.799
0.820
0.894
0.738
0.812
0.848
0.738
0.692
0.680
0.711
0.849
0.816
0.734
0.888
0.696
0.808
0.793
0.815
0.749
0.599
0.646
0.756
0.718
0.756
0.735
0.729
0.730
0.839
0.785
0.875
0.729
0.675
0.725
0.620
0.683
0.660
0.600
0.630
0.709
0.654
0.715
0.789
0.723
0.594
0.637
0.661
0.655
0.630
0.683
0.841
0.716
0.626
0.618
0.654
0.581
0.663
0.643
0.635
0.598
0.561
0.487
0.569
0.579
0.578
0.564
0.564
0.606
0.524
0.538
0.590
0.626
0.616
0.662
0.744
0.707
0.662
0.654
0.693
0.659
0.744
0.693
0.668
0.629
0.622
0.610
0.593
0.583
0.650
0.601
0.655
0.647
0.653
0.712
0.657
0.683
0.645
0.601
0.604
0.514
0.537
0.529
0.514
0.599
0.579
0.640
0.521
0.530
0.660
0.704
0.777
0.712
0.962
0.729
0.682
0.692
0.681
0.653
0.620
0.685
0.729
0.720
0.682
0.761
0.746
0.724
0.756
0.821
0.909
0.699
0.789
0.729
0.779
0.873
0.936
0.762
0.654
0.713
0.718
0.850
0.776
0.824
0.956
0.792
0.812
0.769
0.759
0.670
0.800
0.826
0.738
0.777
0.862
0.777
0.890
0.762
0.777
0.764
0.721
0.763
0.801
0.755
0.956
0.913
0.947
0.902
0.888
0.891
0.836
0.753
0.760
0.941
0.904
0.910
0.840
0.935
0.752
0.896
0.750
0.746
0.696
0.720
0.754
0.745
0.796
0.826
0.862
0.849
0.821
0.796
0.758
0.682
0.676
0.963
0.806
0.975
0.800
0.880
0.815
0.844
0.937
0.771
0.852
0.787
0.777
0.795
0.759
0.756
0.728
0.681
0.662
0.600
0.651
0.698
0.688
0.775
0.734
0.702
0.631
0.662
0.662
0.697
0.877
0.745
0.724
0.596
0.588
0.562
0.522
0.525
0.563
0.627
0.715
0.744
0.714
0.755
0.872
0.736
0.669
0.678
0.597
0.685
0.687
0.784
0.662
0.665
0.634
0.716
0.768
0.629
0.552
0.486
0.447
0.480
0.478
0.457
0.467
0.442
0.442
0.442
0.456
0.409
0.374
0.352
0.373
0.389
0.412
0.365
0.418
0.491
0.552
0.492
0.408
0.360
0.464
0.599
0.627
0.736
0.709
0.730
0.680
0.721
0.768
0.670
0.731
0.808
0.637
0.635
0.536
0.468
0.494
0.574
0.569
0.568
0.598
0.717
0.655
0.550
0.478
0.436
0.487
0.542
0.473
0.525
0.579
0.519
0.538
0.548
0.618
0.615
0.710
0.846
0.875
0.835
0.841
0.697
0.589
0.718
0.775
0.888
0.786
0.695
0.660
0.627
0.696
0.734
0.687
0.835
0.677
0.803
0.913
0.971
0.873
0.850
0.714
0.701
0.887
0.866
0.915
0.918
0.798
0.921
0.775
0.815
0.815
0.731
0.766
0.815
0.852
0.795
0.815
0.796
0.778
0.692
0.690
0.649
0.616
0.695
0.695
0.704
0.715
0.821
0.698
0.962
0.790
0.827
0.784
0.847
0.816
0.815
0.787
0.859
0.773
0.742
0.727
0.750
0.750
0.761
0.650
0.661
0.725
0.705
0.676
0.837
0.687
0.687
0.694
0.674
0.709
0.623
0.533
0.603
0.613
0.607
0.545
0.637
0.611
0.588
0.663
0.578
0.493
0.529
0.586
0.626
0.610
0.689
0.656
0.598
0.636
0.614
0.666
0.647
0.664
0.622
0.683
0.695
0.712
0.735
0.734
0.642
0.678
0.672
0.682
0.677
0.616
0.654
0.627
0.645
0.680
0.653
0.670
0.666
0.629
0.620
0.646
0.676
0.730
0.702
0.533
0.564
0.635
0.663
0.663
0.576
0.654
0.575
0.460
0.450
0.420
0.475
0.514
0.563
0.541
0.544
0.670
0.661
0.630
0.635
0.605
0.603
0.559
0.531
0.657
0.656
0.590
0.674
0.687
0.638
0.684
0.654
0.636
0.610
0.652
0.738
0.789
0.682
0.883
0.761
0.847
0.713
0.831
0.674
0.655
0.676
0.649
0.668
0.662
0.663
0.787
0.790
0.740
0.644
0.603
0.782
0.781
0.676
0.777
0.898
0.686
0.739
0.632
0.548
0.610
0.800
0.775
0.826
0.806
0.886
0.691
0.836
0.694
0.875
0.712
0.664
0.620
0.685
0.659
0.734
0.936
0.770
0.686
0.761
0.716
0.738
0.778
0.753
0.823
0.823
0.884
0.714
0.889
0.889
0.714
0.865
0.768
0.971
0.692
0.908
0.724
0.747
0.974
0.810
0.737
0.818
0.849
0.811
0.916
0.733
0.849
0.746
0.721
0.673
0.656
0.669
0.680
0.818
0.745
0.798
0.726
0.741
0.704
0.716
0.822
0.729
0.713
0.688
0.672
0.660
0.704
0.785
0.647
0.627
0.815
0.735
0.749
0.759
0.729
0.691
0.808
0.656
0.700
0.637
0.606
0.549
0.561
0.725
0.699
0.574
0.647
0.641
0.590
0.543
0.599
0.600
0.513
0.582
0.698
0.608
0.575
0.658
0.796
0.686
0.688
0.732
0.682
0.878
0.917
0.902
0.967
0.918
0.721
0.643
0.672
0.689
0.617
0.853
0.807
0.709
0.639
0.667
0.719
0.723
0.631
0.572
0.598
0.642
0.691
0.708
0.678
0.687
0.885
0.861
0.748
0.814
0.890
0.836
0.679
0.621
0.653
0.720
0.622
0.607
0.628
0.584
0.519
0.543
0.605
0.636
0.610
0.592
0.705
0.656
0.702
0.682
0.658
0.737
0.726
0.722
0.653
0.673
0.712
0.620
0.522
0.484
0.463
0.472
0.402
0.560
0.653
0.687
0.710
0.650
0.536
0.505
0.704
0.602
0.611
0.630
0.648
0.627
0.647
0.633
0.637
0.723
0.845
0.749
0.711
0.616
0.734
0.736
0.765
0.767
0.779
0.906
0.766
0.662
0.696
0.697
0.744
0.709
0.738
0.762
0.923
0.944
0.885
0.799
0.874
0.940
0.801
0.777
0.810
0.752
0.825
0.758
0.937
0.768
0.817
0.786
0.768
0.726
0.883
0.751
0.707
0.706
0.692
0.732
0.797
0.760
0.878
0.727
0.962
0.759
0.881
0.761
0.859
0.853
0.830
0.763
0.720
0.710
0.654
0.662
0.798
0.793
0.789
0.948
0.745
0.751
0.895
0.771
0.740
0.708
0.715
0.788
0.763
0.730
0.714
0.719
0.695
0.719
0.677
0.650
0.608
0.607
0.655
0.716
0.580
0.595
0.641
0.675
0.734
0.740
0.781
0.717
0.640
0.626
0.607
0.663
0.695
0.611
0.655
0.701
0.651
0.637
0.634
0.694
0.765
0.746
0.743
0.672
0.634
0.689
0.620
0.937
0.664
0.667
0.645
0.579
0.483
0.517
0.500
0.529
0.582
0.596
0.601
0.606
0.623
0.615
0.629
0.637
0.614
0.649
0.583
0.602
0.578
0.571
0.651
0.728
0.738
0.872
0.706
0.696
0.608
0.537
0.635
0.868
0.736
0.693
0.655
0.726
0.721
0.702
0.621
0.630
0.588
0.604
0.619
0.566
0.616
0.652
0.634
0.592
0.585
0.606
0.635
0.630
0.600
0.634
0.686
0.622
0.536
0.618
0.634
0.615
0.673
0.741
0.759
0.814
0.813
0.800
0.755
0.725
0.700
0.878
0.819
0.636
0.657
0.745
0.719
0.751
0.707
0.719
0.667
0.718
0.779
0.644
0.848
0.693
0.660
0.919
0.928
0.788
0.622
0.747
0.742
0.684
0.813
0.913
0.957
0.921
0.755
0.866
0.748
0.981
0.820
0.790
0.877
0.789
0.802
0.768
0.751
0.713
0.678
0.762
0.745
0.840
0.837
0.794
0.792
0.941
0.842
0.910
0.915
0.983
0.898
0.814
0.938
0.895
0.955
0.840
0.833
0.804
0.760
0.670
0.658
0.751
0.692
0.663
0.662
0.723
0.815
0.954
0.824
0.734
0.716
0.679
0.705
0.837
0.842
0.788
0.682
0.671
0.648
0.611
0.712
0.704
0.701
0.751
0.800
0.744
0.791
0.862
0.821
0.743
0.799
0.666
0.581
0.595
0.580
0.629
0.959
0.862
0.894
0.827
0.782
0.725
0.703
0.686
0.741
0.616
0.675
0.771
0.714
0.648
0.671
0.595
0.508
0.540
0.527
0.642
0.683
0.619
0.702
0.751
0.763
0.704
0.606
0.595
0.611
0.704
0.839
0.859
0.850
0.692
0.799
0.725
0.721
0.590
0.575
0.604
0.671
0.566
0.416
0.405
0.506
0.556
0.573
0.479
0.413
0.413
0.426
0.497
0.454
0.437
0.829
0.674
0.632
0.637
0.678
0.672
0.669
0.642
0.716
0.860
0.772
0.713
0.642
0.717
0.647
0.686
0.610
0.681
0.736
0.867
0.688
0.649
0.612
0.698
0.827
0.926
0.849
0.810
0.851
0.675
0.705
0.695
0.661
0.690
0.766
0.723
0.884
0.877
0.857
0.870
0.812
0.902
0.779
0.833
0.965
0.945
0.893
0.788
0.770
0.746
0.810
0.753
0.735
0.737
0.650
0.840
0.676
0.781
0.924
0.878
0.922
0.845
0.931
0.879
0.691
0.691
0.770
0.857
0.823
0.714
0.825
0.871
0.967
0.772
0.777
0.680
0.681
0.620
0.684
0.778
0.740
0.726
0.795
0.684
0.622
0.618
0.577
0.631
0.633
0.666
0.707
0.759
0.682
0.725
0.716
0.665
0.892
0.797
0.712
0.790
0.895
0.834
0.724
0.798
0.787
0.707
0.669
0.638
0.719
0.701
0.661
0.633
0.662
0.616
0.596
0.632
0.630
0.664
0.623
0.659
0.631
0.521
0.477
0.465
0.473
0.439
0.494
0.611
0.559
0.592
0.556
0.599
0.542
0.597
0.568
0.569
0.632
0.573
0.618
0.591
0.583
0.602
0.585
0.548
0.588
0.629
0.583
0.611
0.556
0.679
0.767
0.814
0.723
0.720
0.654
0.600
0.556
0.525
0.460
0.586
0.504
0.611
0.640
0.637
0.615
0.694
0.578
0.532
0.587
0.685
0.686
0.597
0.700
0.622
0.635
0.628
0.545
0.608
0.573
0.690
0.712
0.746
0.680
0.650
0.666
0.713
0.695
0.658
0.661
0.701
0.706
0.645
0.713
0.709
0.652
0.608
0.616
0.635
0.657
0.709
0.738
0.623
0.660
0.720
0.730
0.644
0.620
0.633
0.598
0.719
0.629
0.670
0.604
0.579
0.635
0.614
0.631
0.835
0.672
0.764
0.688
0.583
0.654
0.672
0.781
0.743
0.716
0.952
0.845
0.739
0.953
0.946
0.807
0.811
0.836
0.816
0.909
0.745
0.729
0.698
0.730
0.746
0.744
0.769
0.834
0.723
0.960
0.728
0.826
0.668
0.782
0.663
0.701
0.775
0.910
0.701
0.739
0.682
0.783
0.972
0.851
0.967
0.971
0.748
0.770
0.930
0.767
0.972
0.724
0.736
0.786
0.844
0.721
0.792
0.798
0.863
0.753
0.711
0.688
0.742
0.734
0.665
0.658
0.660
0.778
0.783
0.840
0.738
0.747
0.913
0.850
0.736
0.652
0.572
0.566
0.572
0.876
0.749
0.661
0.650
0.735
0.678
0.680
0.709
0.654
0.617
0.577
0.587
0.627
0.629
0.538
0.525
0.497
0.514
0.570
0.539
0.662
0.629
0.616
0.586
0.547
0.597
0.626
0.590
0.557
0.640
0.540
0.514
0.516
0.544
0.535
0.508
0.546
0.763
0.725
0.666
0.661
0.628
0.616
0.536
0.528
0.505
0.435
0.428
0.528
0.458
0.495
0.608
0.682
0.620
0.475
0.578
0.763
0.691
0.695
0.853
0.666
0.783
0.579
0.495
0.543
0.423
0.415
0.474
0.501
0.482
0.406
0.441
0.421
0.446
0.620
0.666
0.623
0.644
0.713
0.676
0.667
0.676
0.574
0.526
0.583
0.677
0.653
0.828
0.757
0.754
0.665
0.676
0.839
0.875
0.799
0.854
0.853
0.880
0.859
0.858
0.855
0.903
0.727
0.726
0.862
0.806
0.803
0.833
0.733
0.765
0.763
0.759
0.720
0.713
0.728
0.747
0.699
0.738
0.737
0.838
0.861
0.950
0.754
0.760
0.718
0.749
0.795
0.906
0.785
0.707
0.749
0.771
0.755
0.733
0.900
0.885
0.674
0.727
0.880
0.790
0.836
0.759
0.701
0.702
0.683
0.711
0.712
0.699
0.782
0.865
0.830
0.775
0.868
0.860
0.738
0.783
0.824
0.974
0.814
0.698
0.834
0.912
0.781
0.826
0.753
0.791
0.748
0.802
0.743
0.701
0.686
0.700
0.689
0.615
0.671
0.685
0.639
0.655
0.702
0.632
0.649
0.687
0.598
0.648
0.692
0.671
0.669
0.638
0.691
0.802
0.658
0.652
0.556
0.471
0.547
0.561
0.551
0.592
0.650
0.594
0.817
0.709
0.635
0.603
0.558
0.650
0.651
0.818
0.722
0.638
0.587
0.610
0.702
0.753
0.698
0.787
0.742
0.727
0.681
0.592
0.663
0.583
0.555
0.536
0.605
0.593
0.603
0.646
0.721
0.726
0.723
0.741
0.697
0.739
0.642
0.694
0.694
0.720
0.709
0.680
0.689
0.663
0.750
0.823
0.709
0.635
0.644
0.714
0.972
0.919
0.742
0.630
0.640
0.717
0.746
0.734
0.732
0.683
0.766
0.765
0.725
0.724
0.696
0.742
0.687
0.675
0.686
0.590
0.674
0.895
0.735
0.666
0.639
0.718
0.754
0.692
0.698
0.679
0.777
0.816
0.741
0.744
0.648
0.644
0.752
0.814
0.673
0.690
0.705
0.719
0.831
0.739
0.783
0.910
0.819
0.710
0.849
0.911
0.719
0.864
0.690
0.871
0.858
0.775
0.968
0.867
0.706
0.747
0.970
0.855
0.737
0.969
0.948
0.767
0.815
0.921
0.963
0.802
0.864
0.881
0.830
0.814
0.824
0.891
0.848
0.836
0.788
0.760
0.761
0.766
0.723
0.735
0.818
0.719
0.710
0.720
0.743
0.848
0.842
0.762
0.680
0.616
0.634
0.639
0.728
0.707
0.789
0.707
0.772
0.919
0.923
0.725
0.673
0.735
0.661
0.683
0.734
0.720
0.799
0.749
0.819
0.966
0.763
0.793
0.819
0.733
0.743
0.668
0.671
0.742
0.669
0.664
0.644
0.612
0.576
0.534
0.493
0.428
0.379
0.442
0.532
0.649
0.647
0.635
0.824
0.799
0.787
0.748
0.665
0.630
0.732
0.658
0.640
0.653
0.563
0.543
0.576
0.581
0.542
0.555
0.634
0.713
0.587
0.598
0.484
0.431
0.421
0.420
0.515
0.676
0.632
0.474
0.477
0.596
0.771
0.625
0.762
0.695
0.590
0.563
0.584
0.667
0.717
0.632
0.640
0.731
0.790
0.897
0.771
0.679
0.584
0.506
0.585
0.566
0.561
0.669
0.535
0.436
0.531
0.544
0.660
0.705
0.832
0.768
0.620
0.608
0.629
0.670
0.569
0.612
0.868
0.663
0.569
0.564
0.614
0.505
0.564
0.540
0.632
0.699
0.675
0.655
0.586
0.619
0.723
0.831
0.852
0.936
0.947
0.831
0.865
0.707
0.789
0.700
0.702
0.745
0.694
0.764
0.790
0.827
0.901
0.800
0.802
0.674
0.589
0.575
0.633
0.805
0.690
0.713
0.816
0.743
0.966
0.932
0.970
0.751
0.754
0.791
0.860
0.867
0.972
0.836
0.842
0.692
0.690
0.770
0.780
0.707
0.776
0.755
0.726
0.651
0.657
0.805
0.710
0.724
0.878
0.821
0.853
0.796
0.815
0.845
0.965
0.964
0.718
0.838
0.729
0.714
0.718
0.740
0.858
0.725
0.683
0.676
0.698
0.717
0.696
0.769
0.754
0.675
0.614
0.697
0.684
0.748
0.718
0.646
0.643
0.672
0.606
0.678
0.939
0.807
0.752
0.861
0.733
0.760
0.652
0.659
0.703
0.691
0.749
0.735
0.703
0.709
0.727
0.693
0.762
0.772
0.768
0.691
0.660
0.746
0.795
0.822
0.746
0.917
0.793
0.740
0.677
0.697
0.708
0.649
0.678
0.685
0.639
0.661
0.725
0.696
0.679
0.716
0.792
0.845
0.718
0.683
0.712
0.738
0.643
0.680
0.662
0.690
0.718
0.863
0.720
0.726
0.898
0.761
0.895
0.827
0.766
0.820
0.749
0.936
0.735
0.950
0.774
0.615
0.784
0.915
0.696
0.824
0.715
0.840
0.810
0.888
0.742
0.678
0.686
0.687
0.719
0.780
0.669
0.604
0.622
0.632
0.750
0.787
0.815
0.761
0.761
0.952
0.717
0.774
0.776
0.773
0.802
0.741
0.965
0.692
0.743
0.772
0.869
0.871
0.838
0.783
0.802
0.877
0.726
0.937
0.728
0.725
0.932
0.791
0.871
0.913
0.891
0.775
0.864
0.717
0.772
0.781
0.756
0.765
0.798
0.743
0.728
0.779
0.822
0.771
0.790
0.851
0.671
0.731
0.963
0.976
0.868
0.952
0.962
0.810
0.828
0.793
0.799
0.799
0.810
0.827
0.883
0.898
0.924
0.932
0.817
0.975
0.904
0.980
0.894
0.875
0.826
0.869
0.965
0.975
0.966
0.902
0.961
0.870
0.897
0.902
0.795
0.912
0.790
0.737
0.766
0.799
0.740
0.719
0.771
0.892
0.854
0.717
0.705
0.711
0.718
0.658
0.700
0.808
0.743
0.924
0.847
0.733
0.666
0.654
0.615
0.625
0.668
0.694
0.670
0.721
0.840
0.669
0.634
0.661
0.639
0.757
0.737
0.795
0.702
0.663
0.660
0.677
0.713
0.682
0.760
0.947
0.834
0.802
0.788
0.887
0.798
0.871
0.787
0.736
0.688
0.672
0.667
0.614
0.780
0.945
0.781
0.715
0.660
0.693
0.753
0.641
0.617
0.655
0.665
0.668
0.621
0.634
0.761
0.919
0.746
0.691
0.836
0.671
0.634
0.658
0.667
0.759
0.713
0.791
0.815
0.845
0.786
0.736
0.701
0.844
0.815
0.835
0.714
0.628
0.614
0.584
0.571
0.635
0.640
0.810
0.739
0.674
0.595
0.656
0.867
0.878
0.763
0.898
0.846
0.886
0.863
0.890
0.867
0.800
0.677
0.730
0.848
0.763
0.861
0.812
0.851
0.884
0.816
0.707
0.653
0.695
0.906
0.821
0.772
0.812
0.807
0.790
0.819
0.792
0.685
0.737
0.758
0.738
0.770
0.877
0.757
0.759
0.759
0.718
0.678
0.662
0.661
0.815
0.904
0.806
0.896
0.819
0.946
0.919
0.882
0.848
0.856
0.855
0.737
0.695
0.709
0.804
0.831
0.808
0.847
0.774
0.753
0.771
0.808
0.756
0.788
0.819
0.839
0.803
0.790
0.794
0.809
0.804
0.862
0.839
0.758
0.702
0.738
0.796
0.820
0.806
0.924
0.744
0.754
0.801
0.824
0.716
0.826
0.974
0.758
0.799
0.755
0.795
0.810
0.731
0.747
0.862
0.952
0.827
0.848
0.705
0.683
0.732
0.833
0.839
0.802
0.740
0.759
0.751
0.770
0.790
0.721
0.846
0.761
0.736
0.777
0.745
0.723
0.712
0.680
0.698
0.738
0.686
0.705
0.771
0.772
0.894
0.757
0.718
0.697
0.759
0.664
0.641
0.703
0.673
0.720
0.703
0.758
0.709
0.690
0.679
0.814
0.853
0.857
0.684
0.721
0.745
0.726
0.723
0.739
0.736
0.768
0.803
0.790
0.797
0.776
0.798
0.765
0.764
0.755
0.800
0.763
0.771
0.749
0.741
0.814
0.765
0.773
0.741
0.791
0.728
0.744
0.730
0.755
0.738
0.755
0.757
0.781
0.804
0.942
0.851
0.899
0.784
0.808
0.753
0.776
0.750
0.756
0.824
0.825
0.809
0.752
0.738
0.744
0.844
0.755
0.718
0.722
0.729
0.815
0.834
0.743
0.726
0.748
0.890
0.748
0.764
0.849
0.824
0.762
0.901
0.939
0.913
0.748
0.860
0.958
0.863
0.958
0.856
0.862
0.924
0.842
0.755
0.731
0.842
0.845
0.960
0.977
0.917
0.970
0.980
0.864
0.964
0.946
0.787
0.834
0.785
0.837
0.861
0.911
0.881
0.924
0.815
0.847
0.888
0.808
0.789
0.802
0.771
0.780
0.790
0.779
0.829
0.882
0.815
0.852
0.816
0.757
0.796
0.786
0.807
0.755
0.726
0.794
0.737
0.710
0.808
0.763
0.767
0.698
0.712
0.690
0.716
0.739
0.736
0.812
0.903
0.889
0.837
0.824
0.854
0.898
0.890
0.837
0.819
0.806
0.776
0.689
0.688
0.632
0.645
0.746
0.775
0.721
0.708
0.679
0.678
0.653
0.685
0.688
0.679
0.669
0.663
0.667
0.694
0.657
0.656
0.638
0.627
0.615
0.682
0.806
0.707
0.722
0.837
0.746
0.631
0.625
0.574
0.684
0.659
0.618
0.604
0.539
0.647
0.834
0.847
0.774
0.686
0.689
0.746
0.652
0.699
0.793
0.617
0.673
0.765
0.705
0.628
0.657
0.750
0.845
0.762
0.885
0.919
0.855
0.755
0.812
0.724
0.744
0.925
0.836
0.840
0.874
0.874
0.958
0.839
0.812
0.874
0.832
0.864
0.834
0.768
0.723
0.822
0.973
0.773
0.705
0.714
0.769
0.687
0.683
0.702
0.721
0.719
0.684
0.734
0.888
0.806
0.817
0.789
0.950
0.813
0.954
0.919
0.874
0.738
0.866
0.849
0.727
0.798
0.776
0.948
0.937
0.755
0.807
0.794
0.941
0.752
0.871
0.750
0.750
0.710
0.807
0.784
0.816
0.919
0.803
0.853
0.819
0.953
0.972
0.839
0.841
0.844
0.780
0.820
0.797
0.836
0.723
0.781
0.710
0.778
0.759
0.765
0.747
0.761
0.779
0.861
0.903
0.871
0.967
0.830
0.911
0.976
0.965
0.918
0.938
0.814
0.795
0.739
0.871
0.848
0.808
0.760
0.759
0.747
0.794
0.812
0.770
0.781
0.743
0.853
0.767
0.827
0.894
0.783
0.785
0.777
0.981
0.831
0.773
0.782
0.766
0.862
0.760
0.805
0.814
0.853
0.713
0.719
0.908
0.710
0.837
0.770
0.836
0.761
0.866
0.786
0.748
0.930
0.902
0.739
0.789
0.918
0.921
0.826
0.973
0.773
0.755
0.773
0.739
0.829
0.771
0.768
0.823
0.813
0.798
0.822
0.825
0.881
0.747
0.797
0.802
0.894
0.717
0.749
0.735
0.788
0.779
0.749
0.770
0.732
0.785
0.781
0.745
0.771
0.793
0.838
0.788
0.856
0.777
0.766
0.763
0.868
0.824
0.863
0.886
0.849
0.816
0.757
0.828
0.883
0.897
0.851
0.811
0.873
0.790
0.907
0.806
0.802
0.720
0.750
0.913
0.779
0.831
0.807
0.826
0.862
0.766
0.977
0.976
0.826
0.811
0.947
0.825
0.850
0.819
0.971
0.848
0.773
0.933
0.853
0.881
0.976
0.947
0.873
0.834
0.878
0.751
0.819
0.814
0.747
0.776
0.759
0.894
0.840
0.957
0.809
0.872
0.826
0.933
0.883
0.916
0.864
0.978
0.877
0.853
0.936
0.882
0.873
0.980
0.822
0.863
0.881
0.879
0.831
0.885
0.942
0.980
0.923
0.887
0.944
0.853
0.888
0.970
0.859
0.831
0.839
0.917
0.900
0.887
0.873
0.829
0.866
0.911
0.887
0.887
0.873
0.923
0.963
0.906
0.855
0.935
0.968
0.968
0.958
0.805
0.824
0.904
0.874
0.878
0.944
0.867
0.914
0.979
0.871
0.966
0.907
0.860
0.871
0.965
0.902
0.801
0.913
0.890
0.882
0.881
0.894
0.880
0.814
0.794
0.772
0.789
0.881
0.905
0.924
0.935
0.864
0.895
0.956
0.896
0.872
0.803
0.766
0.809
0.773
0.784
0.775
0.886
0.860
0.855
0.916
0.916
0.885
0.811
0.797
0.877
0.705
0.766
0.896
0.865
0.878
0.849
0.868
0.811
0.774
0.739
0.759
0.804
0.813
0.895
0.969
0.859
0.888
0.894
0.910
0.908
0.921
0.898
0.939
0.940
0.959
0.847
0.812
0.797
0.856
0.926
0.908
0.879
0.920
0.963
0.845
0.971
0.981
0.937
0.911
0.902
0.874
0.896
0.944
0.920
0.966
0.899
0.838
0.813
0.828
0.873
0.851
0.912
0.916
0.875
0.944
0.967
0.943
0.860
0.940
0.908
0.865
0.915
0.774
0.921
0.876
0.962
0.885
0.848
0.907
0.880
0.900
0.975
0.913
0.936
0.931
0.968
0.935
0.926
0.964
0.935
0.961
0.896
0.936
0.906
0.890
0.930
0.929
0.933
0.898
0.875
0.906
0.876
0.855
0.973
0.856
0.909
0.933
0.817
0.778
0.774
0.924
0.732
0.799
0.744
0.873
0.882
0.795
0.889
0.904
0.957
0.928
0.877
0.854
0.855
0.827
0.830
0.849
0.851
0.849
0.843
0.892
0.840
0.805
0.737
0.794
0.669
0.806
0.800
0.980
0.867
0.913
0.808
0.831
0.887
0.949
0.825
0.762
0.684
0.619
0.609
0.634
0.626
0.761
0.830
0.817
0.971
0.869
0.745
0.852
0.720
0.794
0.807
0.815
0.746
0.651
0.834
0.865
0.832
0.872
0.736
0.749
0.747
0.662
0.769
0.691
0.622
0.681
0.672
0.788
0.844
0.962
0.828
0.811
0.796
0.775
0.798
0.687
0.699
0.671
0.709
0.567
0.591
0.738
0.757
0.769
0.848
0.935
0.866
0.778
0.861
0.827
0.819
0.725
0.714
0.572
0.616
0.653
0.718
0.750
0.788
0.785
0.772
0.780
0.831
0.818
0.821
0.953
0.905
0.882
0.831
0.832
0.885
0.799
0.783
0.794
0.811
0.722
0.729
0.661
0.572
0.598
0.824
0.735
0.717
0.740
0.774
0.942
0.909
0.930
0.849
0.789
0.781
0.654
0.767
0.884
0.858
0.978
0.811
0.880
0.785
0.764
0.770
0.904
0.820
0.810
0.755
0.779
0.873
0.743
0.895
0.914
0.876
0.937
0.869
0.909
0.949
0.886
0.964
0.895
0.962
0.958
0.906
0.918
0.973
0.912
0.971
0.970
0.972
0.866
0.819
0.785
0.866
0.924
0.879
0.932
0.879
0.911
0.883
0.955
0.835
0.834
0.851
0.888
0.980
0.885
0.910
0.918
0.957
0.972
0.872
0.960
0.917
0.983
0.945
0.918
0.946
0.911
0.904
0.970
0.897
0.902
0.894
0.974
0.924
0.905
0.878
0.919
0.917
0.976
0.925
0.970
0.956
0.936
0.915
0.902
0.925
0.970
0.878
0.864
0.898
0.972
0.935
0.884
0.962
0.914
0.898
0.952
0.926
0.908
0.926
0.814
0.798
0.853
0.829
0.801
0.820
0.787
0.867
0.833
0.812
0.777
0.809
0.833
0.957
0.934
0.931
0.843
0.895
0.853
0.876
0.916
0.847
0.847
0.793
0.854
0.867
0.800
0.847
0.886
0.897
0.847
0.844
0.871
0.898
0.860
0.812
0.894
0.885
0.839
0.899
0.924
0.852
0.874
0.835
0.834
0.862
0.818
0.880
0.785
0.980
0.872
0.897
0.854
0.925
0.889
0.817
0.809
0.837
0.839
0.822
0.825
0.793
0.779
0.771
0.745
0.775
0.823
0.899
0.811
0.843
0.821
0.784
0.759
0.711
0.779
0.870
0.804
0.802
0.789
0.784
0.792
0.724
0.708
0.792
0.724
0.763
0.858
0.897
0.839
0.954
0.966
0.888
0.900
0.887
0.852
0.902
0.867
0.834
0.911
0.838
0.861
0.795
0.855
0.774
0.895
0.805
0.957
0.886
0.943
0.954
0.921
0.928
0.940
0.887
0.904
0.969
0.874
0.919
0.912
0.923
0.921
0.856
0.931
0.898
0.906
0.943
0.831
0.900
0.896
0.978
0.835
0.882
0.963
0.816
0.883
0.750
0.906
0.822
0.935
0.849
0.843
0.832
0.864
0.864
0.781
0.857
0.785
0.766
0.806
0.839
0.863
0.891
0.822
0.776
0.802
0.764
0.950
0.846
0.715
0.717
0.693
0.751
0.714
0.730
0.806
0.795
0.688
0.742
0.742
0.733
0.734
0.631
0.677
0.710
0.772
0.821
0.822
0.751
0.806
0.827
0.741
0.778
0.787
0.758
0.748
0.661
0.690
0.750
0.642
0.711
0.669
0.712
0.819
0.818
0.623
0.680
0.733
0.832
0.807
0.742
0.684
0.620
0.705
0.776
0.772
0.802
0.744
0.693
0.604
0.676
0.675
0.725
0.580
0.738
0.664
0.573
0.669
0.699
0.607
0.587
0.634
0.633
0.781
0.780
0.637
0.724
0.844
0.751
0.732
0.771
0.794
0.756
0.756
0.613
0.741
0.867
0.682
0.815
0.735
0.753
0.796
0.796
0.833
0.766
0.770
0.785
0.853
0.769
0.829
0.662
0.748
0.657
0.627
0.667
0.603
0.713
0.715
0.732
0.736
0.821
0.730
0.750
0.665
0.731
0.708
0.729
0.701
0.741
0.683
0.712
0.755
0.781
0.840
0.754
0.795
0.829
0.826
0.786
0.883
0.856
0.765
0.854
0.768
0.794
0.733
0.776
0.830
0.789
0.883
0.907
0.808
0.914
0.905
0.838
0.913
0.854
0.880
0.936
0.923
0.911
0.872
0.956
0.853
0.936
0.901
0.906
0.884
0.908
0.862
0.842
0.816
0.828
0.826
0.837
0.905
0.847
0.911
0.786
0.910
0.881
0.879
0.861
0.893
0.855
0.849
0.868
0.898
0.807
0.890
0.868
0.981
0.901
0.930
0.892
0.888
0.861
0.878
0.948
0.867
0.924
0.869
0.882
0.920
0.939
0.902
0.921
0.954
0.887
0.808
0.795
0.836
0.824
0.809
0.865
0.785
0.783
0.855
0.940
0.896
0.942
0.935
0.886
0.826
0.922
0.873
0.897
0.928
0.899
0.878
0.824
0.823
0.859
0.837
0.786
0.794
0.794
0.708
0.787
0.765
0.770
0.786
0.793
0.761
0.733
0.660
0.626
0.720
0.690
0.780
0.802
0.858
0.848
0.842
0.881
0.929
0.809
0.782
0.796
0.879
0.945
0.932
0.911
0.813
0.863
0.813
0.824
0.814
0.888
0.952
0.865
0.909
0.912
0.952
0.948
0.907
0.961
0.900
0.966
0.916
0.830
0.887
0.833
0.864
0.880
0.940
0.867
0.813
0.816
0.799
0.801
0.836
0.832
0.833
0.820
0.871
0.846
0.873
0.837
0.915
0.818
0.882
0.902
0.865
0.867
0.843
0.900
0.848
0.972
0.938
0.934
0.961
0.858
0.916
0.936
0.967
0.968
0.944
0.935
0.914
0.868
0.909
0.911
0.830
0.887
0.932
0.805
0.825
0.808
0.807
0.910
0.839
0.905
0.907
0.865
0.896
0.827
0.933
0.858
0.922
0.843
0.887
0.865
0.890
0.881
0.920
0.925
0.851
0.842
0.967
0.925
0.853
0.879
0.920
0.925
0.944
0.900
0.843
0.942
0.927
0.901
0.868
0.961
0.880
0.884
0.798
0.870
0.869
0.820
0.846
0.820
0.833
0.848
0.826
0.871
0.753
0.813
0.821
0.832
0.912
0.904
0.903
0.783
0.805
0.834
0.831
0.959
0.793
0.904
0.889
0.856
0.765
0.762
0.726
0.824
0.729
0.643
0.633
0.661
0.773
0.789
0.759
0.730
0.779
0.740
0.763
0.718
0.744
0.694
0.723
0.758
0.723
0.771
0.757
0.740
0.775
0.837
0.902
0.823
0.898
0.737
0.792
0.802
0.791
0.743
0.661
0.767
0.714
0.712
0.760
0.733
0.746
0.730
0.702
0.642
0.591
0.690
0.777
0.790
0.716
0.749
0.725
0.685
0.549
0.620
0.710
0.570
0.628
0.585
0.768
0.734
0.831
0.636
0.720
0.700
0.687
0.778
0.793
0.885
0.822
0.848
0.845
0.851
0.787
0.799
0.727
0.766
0.788
0.804
0.754
0.760
0.783
0.752
0.858
0.837
0.778
0.766
0.741
0.763
0.738
0.725
0.760
0.839
0.860
0.860
0.742
0.878
0.862
0.822
0.846
0.775
0.848
0.803
0.900
0.848
0.773
0.771
0.794
0.806
0.851
0.757
0.747
0.749
0.763
0.815
0.639
0.781
0.805
0.903
0.853
0.814
0.945
0.820
0.774
0.919
0.706
0.719
0.769
0.773
0.730
0.809
0.887
0.847
0.913
0.882
0.830
0.964
0.915
0.834
0.875
0.804
0.888
0.939
0.844
0.916
0.759
0.864
0.849
0.814
0.912
0.964
0.945
0.940
0.861
0.902
0.918
0.909
0.972
0.958
0.916
0.922
0.942
0.916
0.803
0.839
0.818
0.837
0.858
0.869
0.952
0.877
0.872
0.882
0.877
0.935
0.931
0.882
0.922
0.917
0.948
0.939
0.853
0.868
0.879
0.947
0.902
0.864
0.814
0.893
0.884
0.866
0.900
0.820
0.806
0.870
0.794
0.837
0.856
0.902
0.978
0.932
0.818
0.831
0.834
0.869
0.914
0.822
0.872
0.840
0.781
0.732
0.750
0.766
0.815
0.810
0.815
0.817
0.794
0.869
0.945
0.911
0.885
0.851
0.810
0.824
0.798
0.785
0.780
0.834
0.814
0.828
0.847
0.844
0.856
0.981
0.909
0.865
0.886
0.863
0.887
0.918
0.829
0.855
0.840
0.831
0.803
0.889
0.840
0.925
0.833
0.863
0.844
0.829
0.783
0.795
0.788
0.833
0.855
0.915
0.801
0.848
0.826
0.857
0.858
0.826
0.848
0.887
0.854
0.856
0.886
0.961
0.952
0.915
0.927
0.875
0.828
0.851
0.912
0.925
0.956
0.972
0.927
0.861
0.891
0.904
0.923
0.910
0.914
0.858
0.896
0.851
0.807
0.819
0.883
0.818
0.909
0.945
0.890
0.819
0.824
0.778
0.825
0.908
0.819
0.767
0.800
0.833
0.828
0.782
0.837
0.779
0.871
0.807
0.858
0.777
0.851
0.831
0.869
0.883
0.865
0.855
0.843
0.940
0.822
0.916
0.900
0.940
0.859
0.897
0.831
0.839
0.909
0.962
0.833
0.961
0.807
0.925
0.807
0.912
0.959
0.905
0.944
0.875
0.849
0.888
0.778
0.798
0.893
0.821
0.928
0.872
0.818
0.742
0.862
0.818
0.796
0.699
0.677
0.808
0.798
0.759
0.802
0.864
0.778
0.801
0.767
0.825
0.813
0.774
0.764
0.777
0.758
0.833
0.755
0.692
0.641
0.745
0.751
0.710
0.604
0.626
0.669
0.568
0.605
0.569
0.566
0.586
0.716
0.838
0.725
0.735
0.735
0.597
0.651
0.600
0.768
0.727
0.737
0.739
0.724
0.793
0.617
0.560
0.599
0.617
0.703
0.680
0.568
0.543
0.673
0.539
0.545
0.534
0.603
0.574
0.569
0.580
0.589
0.643
0.720
0.719
0.696
0.669
0.658
0.675
