19790101
0.673
0.692
0.629
0.693
0.678
0.663
0.676
0.652
0.569
0.627
0.677
0.722
0.671
0.638
0.579
0.551
0.622
0.585
0.638
0.576
0.602
0.593
0.567
0.634
0.653
0.651
0.693
0.678
0.749
0.675
0.657
0.645
0.582
0.632
0.700
0.550
0.548
0.584
0.566
0.583
0.661
0.690
0.576
0.618
0.601
0.633
0.653
0.608
0.580
0.604
0.589
0.556
0.586
0.722
0.662
0.703
0.674
0.675
0.701
0.692
0.672
0.651
0.657
0.734
0.709
0.805
0.806
0.709
0.718
0.700
0.663
0.653
0.651
0.630
0.599
0.596
0.560
0.609
0.555
0.619
0.664
0.589
0.614
0.579
0.718
0.613
0.706
0.676
0.627
0.609
0.623
0.704
0.699
0.699
0.723
0.732
0.822
0.784
0.697
0.744
0.605
0.629
0.667
0.872
0.769
0.759
0.782
0.706
0.809
0.800
0.818
0.854
0.866
0.844
0.831
0.854
0.759
0.823
0.925
0.832
0.822
0.949
0.800
0.782
0.791
0.706
0.696
0.669
0.728
0.689
0.797
0.780
0.928
0.735
0.836
0.814
0.799
0.815
0.844
0.844
0.839
0.702
0.871
0.762
0.756
0.784
0.757
0.823
0.808
0.757
0.838
0.802
0.861
0.818
0.779
0.831
0.737
0.765
0.796
0.682
0.803
0.701
0.778
0.706
0.874
0.632
0.751
0.798
0.650
0.706
0.672
0.666
0.708
0.666
0.676
0.659
0.663
0.592
0.584
0.633
0.688
0.717
0.846
0.638
0.651
0.707
0.546
0.527
0.476
0.602
0.573
0.613
0.639
0.703
0.755
0.758
0.778
0.766
0.845
0.695
0.646
0.646
0.701
0.708
0.694
0.700
0.634
0.582
0.562
0.526
0.683
0.887
0.718
0.715
0.710
0.627
0.581
0.564
0.576
0.521
0.511
0.474
0.535
0.609
0.600
0.691
0.738
0.801
0.657
0.766
0.729
0.652
0.777
0.702
0.760
0.874
0.695
0.791
0.664
0.782
0.745
0.893
0.826
0.794
0.790
0.725
0.760
0.910
0.724
0.784
0.882
0.663
0.800
0.850
0.763
0.880
0.840
0.707
0.825
0.718
0.895
0.757
0.777
0.793
0.797
0.720
0.760
0.704
0.774
0.771
0.781
0.880
0.619
0.820
0.663
0.672
0.630
0.742
0.684
0.709
0.892
0.835
0.637
0.834
0.718
0.664
0.868
0.699
0.759
0.836
0.869
0.708
0.862
0.888
0.931
0.722
0.722
0.781
0.765
0.772
0.780
0.826
0.761
0.737
0.794
0.787
0.743
0.837
0.868
0.744
0.812
0.791
0.824
0.785
0.867
0.944
0.775
0.814
0.796
0.809
0.811
0.807
0.797
0.796
0.801
0.768
0.806
0.834
0.855
0.790
0.822
0.780
0.793
0.800
0.813
0.812
0.700
0.728
0.708
0.690
0.711
0.661
0.692
0.726
0.699
0.649
0.626
0.644
0.731
0.776
0.767
0.792
0.773
0.821
0.749
0.772
0.740
0.675
0.610
0.646
0.683
0.644
0.726
0.749
0.738
0.766
0.750
0.763
0.729
0.703
0.701
0.624
0.586
0.627
0.542
0.580
0.538
0.529
0.576
0.596
0.594
0.628
0.703
0.719
0.700
0.643
0.642
0.635
0.691
0.593
0.581
0.622
0.658
0.678
0.677
0.613
0.802
0.706
0.675
0.714
0.754
0.754
0.610
0.548
0.618
0.585
0.629
0.547
0.531
0.497
0.533
0.658
0.720
0.573
0.644
0.637
0.653
0.578
0.604
0.554
0.480
0.536
0.567
0.565
0.556
0.531
0.577
0.570
0.506
0.519
0.510
0.422
0.461
0.506
0.514
0.535
0.563
0.587
0.583
0.553
0.552
0.498
0.550
0.524
0.581
0.521
0.491
0.572
0.514
0.514
0.543
0.540
0.491
0.545
0.551
0.622
0.522
0.601
0.602
0.556
0.518
0.612
0.587
0.560
0.574
0.608
0.586
0.588
0.518
0.590
0.624
0.644
0.600
0.522
0.487
0.495
0.587
0.797
0.740
0.728
0.842
0.776
0.714
0.798
0.784
0.802
0.770
0.879
0.761
0.716
0.727
0.863
0.692
0.859
0.895
0.735
0.613
0.626
0.722
0.896
0.721
0.616
0.663
0.840
0.567
0.677
0.845
0.754
0.703
0.859
0.657
0.758
0.719
0.690
0.736
0.752
0.790
0.801
0.777
0.723
0.753
0.922
0.671
0.619
0.648
0.660
0.708
0.741
0.762
0.827
0.703
0.524
0.490
0.551
0.596
0.715
0.805
0.657
0.554
0.697
0.636
0.681
0.651
0.585
0.585
0.465
0.460
0.456
0.467
0.416
0.496
0.453
0.426
0.450
0.454
0.436
0.595
0.652
0.597
0.612
0.609
0.516
0.482
0.495
0.498
0.566
0.544
0.544
0.679
0.620
0.711
0.643
0.595
0.647
0.712
0.761
0.624
0.566
0.612
0.691
0.631
0.683
0.686
0.714
0.722
0.727
0.696
0.721
0.676
0.678
0.617
0.600
0.600
0.672
0.626
0.712
0.800
0.709
0.682
0.697
0.625
0.519
0.539
0.586
0.520
0.561
0.576
0.556
0.550
0.657
0.890
0.688
0.830
0.740
0.549
0.597
0.670
0.589
0.528
0.474
0.542
0.640
0.739
0.893
0.845
0.652
0.670
0.810
0.865
0.748
0.933
0.787
0.643
0.725
0.840
0.772
0.832
0.914
0.814
0.862
0.826
0.844
0.785
0.929
0.727
0.947
0.681
0.786
0.771
0.887
0.724
0.849
0.689
0.844
0.841
0.865
0.825
0.784
0.741
0.821
0.686
0.700
0.684
0.723
0.722
0.715
0.754
0.916
0.700
0.792
0.757
0.932
0.738
0.953
0.763
0.854
0.757
0.787
0.713
0.756
0.774
0.792
0.784
0.897
0.793
0.785
0.734
0.678
0.678
0.708
0.745
0.728
0.771
0.819
0.884
0.697
0.740
0.764
0.774
0.743
0.756
0.692
0.669
0.716
0.825
0.739
0.731
0.771
0.842
0.706
0.771
0.777
0.813
0.805
0.767
0.781
0.739
0.724
0.645
0.679
0.705
0.686
0.689
0.700
0.719
0.667
0.714
0.724
0.764
0.745
0.737
0.691
0.654
0.605
0.581
0.644
0.657
0.611
0.635
0.673
0.672
0.614
0.600
0.702
0.639
0.622
0.570
0.639
0.651
0.629
0.587
0.527
0.562
0.573
0.674
0.712
0.675
0.609
0.609
0.566
0.615
0.602
0.612
0.623
0.653
0.698
0.691
0.618
0.572
0.614
0.634
0.613
0.624
0.617
0.564
0.715
0.707
0.673
0.677
0.655
0.684
0.693
0.843
0.780
0.874
0.724
0.724
0.673
0.681
0.636
0.614
0.760
0.691
0.671
0.742
0.689
0.720
0.650
0.672
0.724
0.671
0.673
0.676
0.686
0.631
0.606
0.674
0.626
0.620
0.546
0.531
0.521
0.597
0.553
0.592
0.543
0.512
0.553
0.572
0.512
0.506
0.504
0.517
0.602
0.822
0.569
0.618
0.700
0.671
0.572
0.561
0.626
0.728
0.634
0.928
0.727
0.865
0.691
0.835
0.851
0.847
0.782
0.835
0.826
0.743
0.775
0.838
0.733
0.799
0.862
0.867
0.942
0.829
0.810
0.809
0.810
0.900
0.738
0.752
0.829
0.920
0.780
0.901
0.799
0.932
0.766
0.816
0.834
0.806
0.735
0.734
0.719
0.766
0.742
0.828
0.703
0.906
0.717
0.912
0.764
0.828
0.690
0.804
0.799
0.835
0.795
0.777
0.832
0.790
0.945
0.730
0.896
0.852
0.747
0.772
0.774
0.788
0.826
0.762
0.925
0.719
0.639
0.700
0.829
0.645
0.695
0.814
0.629
0.714
0.749
0.783
0.778
0.727
0.703
0.735
0.803
0.841
0.832
0.626
0.676
0.654
0.662
0.635
0.694
0.667
0.591
0.662
0.689
0.771
0.620
0.666
0.655
0.558
0.681
0.603
0.594
0.486
0.494
0.481
0.527
0.588
0.541
0.501
0.467
0.521
0.588
0.610
0.551
0.631
0.732
0.774
0.666
0.568
0.577
0.615
0.718
0.816
0.641
0.639
0.691
0.780
0.590
0.607
0.657
0.727
0.900
0.716
0.787
0.627
0.735
0.623
0.639
0.816
0.784
0.915
0.707
0.754
0.730
0.720
0.745
0.745
0.784
0.724
0.879
0.837
0.789
0.880
0.899
0.681
0.682
0.696
0.687
0.762
0.746
0.552
0.613
0.645
0.622
0.685
0.702
0.709
0.826
0.725
0.729
0.682
0.746
0.712
0.758
0.789
0.750
0.724
0.903
0.770
0.784
0.749
0.702
0.796
0.880
0.852
0.850
0.943
0.800
0.767
0.781
0.821
0.785
0.813
0.897
0.766
0.657
0.686
0.958
0.820
0.972
0.803
0.872
0.905
0.855
0.801
0.806
0.800
0.813
0.861
0.761
0.751
0.895
0.910
0.804
0.841
0.858
0.772
0.756
0.761
0.883
0.791
0.833
0.868
0.778
0.792
0.763
0.768
0.696
0.706
0.780
0.885
0.788
0.775
0.792
0.824
0.926
0.806
0.830
0.734
0.799
0.866
0.844
0.783
0.743
0.758
0.918
0.691
0.733
0.767
0.776
0.787
0.776
0.774
0.671
0.630
0.638
0.694
0.705
0.681
0.673
0.725
0.870
0.761
0.731
0.748
0.849
0.769
0.830
0.708
0.674
0.699
0.627
0.677
0.648
0.635
0.676
0.675
0.614
0.727
0.570
0.559
0.569
0.540
0.497
0.481
0.555
0.613
0.714
0.642
0.597
0.642
0.597
0.627
0.644
0.581
0.632
0.663
0.649
0.665
0.700
0.652
0.685
0.677
0.705
0.675
0.667
0.695
0.699
0.742
0.783
0.825
0.743
0.741
0.738
0.681
0.776
0.745
0.741
0.682
0.598
0.578
0.623
0.724
0.623
0.572
0.625
0.675
0.606
0.588
0.503
0.603
0.652
0.596
0.602
0.632
0.613
0.567
0.597
0.599
0.563
0.542
0.514
0.527
0.597
0.665
0.675
0.716
0.691
0.637
0.675
0.658
0.692
0.744
0.732
0.728
0.688
0.815
0.832
0.757
0.671
0.802
0.760
0.732
0.793
0.771
0.720
0.647
0.642
0.651
0.675
0.761
0.739
0.685
0.744
0.676
0.665
0.665
0.634
0.651
0.660
0.812
0.744
0.817
0.657
0.701
0.808
0.780
0.784
0.713
0.891
0.853
0.763
0.773
0.703
0.791
0.734
0.806
0.723
0.938
0.698
0.863
0.692
0.783
0.768
0.782
0.736
0.845
0.914
0.777
0.804
0.803
0.716
0.676
0.595
0.566
0.645
0.788
0.681
0.686
0.738
0.716
0.641
0.722
0.752
0.722
0.699
0.516
0.630
0.632
0.633
0.688
0.785
0.614
0.781
0.607
0.619
0.589
0.560
0.582
0.589
0.566
0.531
0.493
0.467
0.460
0.475
0.540
0.512
0.606
0.600
0.577
0.558
0.562
0.650
0.645
0.721
0.479
0.459
0.530
0.539
0.522
0.541
0.532
0.581
0.507
0.501
0.500
0.477
0.513
0.626
0.687
0.592
0.610
0.488
0.442
0.537
0.604
0.477
0.420
0.573
0.695
0.664
0.588
0.482
0.465
0.476
0.464
0.487
0.523
0.484
0.493
0.507
0.455
0.421
0.514
0.488
0.468
0.479
0.504
0.523
0.546
0.485
0.517
0.566
0.660
0.643
0.522
0.614
0.532
0.557
0.539
0.540
0.583
0.618
0.708
0.704
0.707
0.708
0.681
0.715
0.805
0.845
0.651
0.675
0.633
0.654
0.619
0.612
0.730
0.769
0.901
0.639
0.905
0.783
0.760
0.971
0.728
0.804
0.794
0.683
0.679
0.871
0.814
0.762
0.689
0.675
0.769
0.932
0.934
0.623
0.764
0.811
0.761
0.839
0.882
0.777
0.964
0.720
0.825
0.615
0.680
0.749
0.593
0.662
0.696
0.695
0.825
0.839
0.807
0.795
0.961
0.730
0.774
0.730
0.732
0.734
0.855
0.799
0.732
0.668
0.658
0.681
0.723
0.779
0.627
0.708
0.752
0.778
0.725
0.700
0.665
0.743
0.862
0.763
0.752
0.648
0.627
0.619
0.703
0.763
0.632
0.657
0.756
0.704
0.712
0.737
0.740
0.670
0.745
0.668
0.594
0.544
0.694
0.782
0.631
0.797
0.718
0.754
0.667
0.639
0.616
0.647
0.685
0.703
0.720
0.739
0.659
0.611
0.573
0.642
0.616
0.577
0.599
0.569
0.476
0.519
0.491
0.510
0.617
0.557
0.593
0.566
0.652
0.553
0.464
0.492
0.541
0.521
0.554
0.546
0.562
0.560
0.551
0.588
0.694
0.588
0.568
0.608
0.510
0.522
0.530
0.570
0.590
0.555
0.605
0.611
0.631
0.644
0.591
0.572
0.569
0.542
0.519
0.527
0.563
0.581
0.627
0.540
0.556
0.570
0.541
0.565
0.558
0.522
0.837
0.582
0.524
0.577
0.629
0.585
0.606
0.614
0.606
0.718
0.598
0.583
0.640
0.675
0.616
0.600
0.562
0.605
0.695
0.674
0.616
0.483
0.514
0.561
0.501
0.520
0.737
0.578
0.634
0.646
0.525
0.542
0.574
0.557
0.638
0.604
0.592
0.651
0.594
0.822
0.671
0.785
0.645
0.635
0.651
0.673
0.645
0.659
0.732
0.701
0.756
0.811
0.688
0.827
0.613
0.646
0.742
0.670
0.745
0.859
0.722
0.933
0.763
0.936
0.803
0.784
0.809
0.726
0.806
0.802
0.861
0.698
0.791
0.747
0.867
0.761
0.775
0.796
0.735
0.868
0.882
0.719
0.809
0.776
0.895
0.879
0.681
0.680
0.792
0.636
0.927
0.857
0.733
0.774
0.788
0.718
0.840
0.756
0.802
0.624
0.809
0.818
0.873
0.701
0.697
0.715
0.801
0.882
0.630
0.611
0.690
0.559
0.575
0.547
0.570
0.688
0.662
0.509
0.712
0.635
0.712
0.714
0.754
0.709
0.598
0.643
0.668
0.581
0.771
0.707
0.665
0.783
0.693
0.767
0.556
0.565
0.504
0.597
0.708
0.643
0.634
0.559
0.442
0.504
0.482
0.566
0.572
0.508
0.363
0.329
0.476
0.545
0.611
0.575
0.632
0.535
0.630
0.642
0.626
0.613
0.702
0.552
0.596
0.499
0.551
0.603
0.621
0.595
0.513
0.530
0.503
0.402
0.475
0.602
0.543
0.613
0.655
0.573
0.656
0.624
0.530
0.743
0.638
0.667
0.715
0.613
0.578
0.718
0.576
0.697
0.677
0.726
0.664
0.808
0.769
0.706
0.695
0.627
0.642
0.725
0.740
0.737
0.716
0.661
0.725
0.686
0.710
0.679
0.687
0.645
0.645
0.641
0.643
0.677
0.574
0.602
0.550
0.545
0.620
0.736
0.680
0.598
0.629
0.723
0.703
0.743
0.684
0.894
0.679
0.883
0.793
0.877
0.734
0.810
0.764
0.790
0.862
0.773
0.683
0.735
0.892
0.712
0.755
0.839
0.685
0.881
0.834
0.754
0.779
0.803
0.870
0.746
0.786
0.722
0.703
0.727
0.794
0.886
0.752
0.760
0.784
0.737
0.791
0.794
0.595
0.682
0.738
0.648
0.727
0.730
0.702
0.731
0.745
0.744
0.960
0.799
0.770
0.717
0.680
0.702
0.854
0.720
0.716
0.700
0.676
0.853
0.638
0.772
0.794
0.697
0.673
0.738
0.738
0.764
0.749
0.782
0.702
0.638
0.647
0.642
0.622
0.624
0.681
0.630
0.654
0.659
0.784
0.705
0.666
0.694
0.645
0.699
0.680
0.614
0.662
0.687
0.668
0.608
0.641
0.593
0.635
0.553
0.610
0.704
0.648
0.640
0.630
0.701
0.651
0.610
0.616
0.624
0.592
0.553
0.552
0.604
0.688
0.619
0.562
0.621
0.661
0.698
0.782
0.730
0.808
0.734
0.679
0.680
0.631
0.716
0.661
0.674
0.654
0.648
0.691
0.668
0.645
0.653
0.622
0.670
0.711
0.664
0.711
0.712
0.665
0.690
0.748
0.685
0.697
0.674
0.662
0.631
0.660
0.733
0.643
0.679
0.642
0.663
0.618
0.552
0.601
0.603
0.566
0.614
0.620
0.658
0.588
0.567
0.508
0.575
0.587
0.704
0.556
0.543
0.585
0.585
0.638
0.606
0.683
0.626
0.635
0.564
0.544
0.629
0.581
0.569
0.721
0.591
0.796
0.635
0.609
0.528
0.680
0.911
0.678
0.648
0.622
0.567
0.625
0.606
0.825
0.784
0.605
0.820
0.737
0.810
0.872
0.792
0.894
0.718
0.801
0.724
0.662
0.682
0.680
0.663
0.675
0.731
0.871
0.663
0.821
0.718
0.874
0.761
0.763
0.727
0.727
0.677
0.648
0.685
0.650
0.727
0.835
0.688
0.795
0.754
0.791
0.718
0.726
0.743
0.796
0.680
0.786
0.600
0.710
0.705
0.781
0.750
0.722
0.718
0.889
0.700
0.681
0.580
0.694
0.555
0.524
0.615
0.728
0.567
0.607
0.645
0.706
0.750
0.829
0.760
0.834
0.718
0.765
0.810
0.880
0.727
0.833
0.756
0.883
0.681
0.804
0.758
0.858
0.761
0.723
0.667
0.700
0.725
0.696
0.675
0.599
0.583
0.650
0.662
0.638
0.747
0.590
0.578
0.661
0.551
0.546
0.565
0.574
0.547
0.646
0.728
0.715
0.680
0.771
0.679
0.635
0.715
0.705
0.706
0.665
0.737
0.751
0.696
0.694
0.656
0.696
0.743
0.761
0.699
0.727
0.833
0.835
0.726
0.735
0.724
0.707
0.691
0.704
0.706
0.611
0.715
0.667
0.611
0.639
0.576
0.566
0.664
0.797
0.708
0.818
0.877
0.715
0.738
0.788
0.762
0.727
0.788
0.735
0.896
0.725
0.890
0.726
0.799
0.888
0.652
0.746
0.742
0.713
0.713
0.747
0.772
0.925
0.668
0.701
0.843
0.759
0.857
0.653
0.932
0.777
0.704
0.736
0.765
0.643
0.830
0.780
0.819
0.853
0.744
0.787
0.814
0.768
0.814
0.754
0.839
0.817
0.850
0.931
0.850
0.948
0.837
0.852
0.843
0.805
0.820
0.808
0.892
0.822
0.816
0.822
0.751
0.818
0.850
0.776
0.732
0.755
0.856
0.755
0.819
0.778
0.792
0.866
0.652
0.763
0.793
0.783
0.828
0.843
0.830
0.785
0.912
0.786
0.741
0.651
0.644
0.712
0.689
0.647
0.623
0.571
0.635
0.647
0.650
0.679
0.648
0.614
0.681
0.745
0.767
0.747
0.635
0.659
0.682
0.724
0.743
0.662
0.608
0.576
0.549
0.577
0.595
0.581
0.538
0.561
0.570
0.644
0.606
0.675
0.573
0.655
0.597
0.583
0.598
0.639
0.600
0.510
0.509
0.503
0.515
0.547
0.569
0.597
0.622
0.586
0.693
0.601
0.473
0.512
0.565
0.572
0.624
0.612
0.623
0.550
0.469
0.538
0.522
0.512
0.472
0.398
0.471
0.567
0.630
0.604
0.578
0.594
0.536
0.599
0.603
0.520
0.494
0.438
0.463
0.472
0.480
0.481
0.528
0.567
0.506
0.443
0.446
0.527
0.514
0.571
0.648
0.733
0.708
0.635
0.551
0.496
0.470
0.579
0.703
0.788
0.706
0.636
0.570
0.626
0.615
0.708
0.626
0.582
0.531
0.619
0.547
0.598
0.599
0.629
0.629
0.640
0.741
0.841
0.751
0.798
0.799
0.679
0.683
0.634
0.633
0.772
0.704
0.872
0.668
0.656
0.587
0.609
0.620
0.610
0.613
0.587
0.607
0.663
0.677
0.733
0.625
0.632
0.695
0.756
0.699
0.640
0.732
0.665
0.633
0.618
0.583
0.672
0.681
0.743
0.631
0.639
0.825
0.672
0.947
0.790
0.800
0.795
0.667
0.733
0.786
0.903
0.821
0.726
0.614
0.736
0.645
0.708
0.758
0.734
0.733
0.663
0.626
0.643
0.655
0.629
0.774
0.941
0.729
0.889
0.819
0.663
0.728
0.658
0.629
0.501
0.500
0.450
0.495
0.543
0.519
0.466
0.448
0.473
0.424
0.443
0.389
0.497
0.449
0.456
0.492
0.534
0.518
0.455
0.418
0.574
0.515
0.521
0.486
0.442
0.567
0.484
0.546
0.665
0.711
0.690
0.628
0.436
0.464
0.479
0.495
0.496
0.509
0.546
0.514
0.569
0.579
0.622
0.811
0.716
0.660
0.734
0.833
0.611
0.676
0.613
0.636
0.749
0.660
0.546
0.634
0.618
0.695
0.756
0.672
0.744
0.690
0.685
0.639
0.679
0.707
0.676
0.697
0.800
0.621
0.723
0.692
0.695
0.651
0.689
0.691
0.752
0.712
0.751
0.645
0.713
0.741
0.697
0.607
0.536
0.513
0.643
0.717
0.749
0.834
0.698
0.941
0.675
0.867
0.759
0.758
0.662
0.723
0.844
0.613
0.599
0.553
0.582
0.767
0.646
0.701
0.670
0.874
0.791
0.638
0.700
0.690
0.710
0.742
0.776
0.754
0.688
0.735
0.759
0.771
0.803
0.809
0.692
0.700
0.623
0.594
0.645
0.821
0.740
0.818
0.690
0.966
0.790
0.815
0.720
0.780
0.911
0.834
0.848
0.886
0.772
0.741
0.939
0.781
0.666
0.640
0.622
0.740
0.735
0.739
0.780
0.742
0.752
0.747
0.691
0.766
0.780
0.774
0.795
0.790
0.741
0.685
0.721
0.752
0.764
0.760
0.744
0.710
0.684
0.703
0.759
0.793
0.766
0.835
0.784
0.755
0.776
0.813
0.900
0.769
0.748
0.769
0.778
0.714
0.697
0.662
0.690
0.648
0.541
0.534
0.538
0.520
0.508
0.577
0.623
0.618
0.538
0.635
0.523
0.529
0.534
0.678
0.637
0.538
0.467
0.572
0.590
0.575
0.661
0.718
0.683
0.651
0.642
0.629
0.586
0.582
0.547
0.575
0.614
0.606
0.563
0.542
0.522
0.543
0.534
0.564
0.568
0.590
0.680
0.636
0.695
0.655
0.693
0.616
0.611
0.633
0.552
0.544
0.626
0.688
0.755
0.650
0.577
0.532
0.591
0.603
0.554
0.579
0.656
0.624
0.606
0.593
0.628
0.700
0.693
0.689
0.674
0.659
0.699
0.750
0.809
0.692
0.630
0.595
0.628
0.747
0.724
0.638
0.659
0.553
0.604
0.552
0.496
0.532
0.592
0.592
0.638
0.640
0.557
0.530
0.565
0.559
0.524
0.551
0.601
0.681
0.594
0.532
0.509
0.495
0.533
0.587
0.597
0.613
0.721
0.783
0.708
0.630
0.678
0.780
0.626
0.686
0.682
0.689
0.799
0.646
0.700
0.727
0.730
0.723
0.632
0.528
0.707
0.943
0.728
0.741
0.788
0.781
0.590
0.666
0.724
0.775
0.782
0.761
0.794
0.660
0.691
0.735
0.720
0.734
0.783
0.685
0.724
0.740
0.730
0.730
0.765
0.612
0.665
0.599
0.765
0.632
0.664
0.707
0.673
0.618
0.726
0.847
0.721
0.687
0.779
0.754
0.925
0.801
-99.000
0.793
0.809
0.836
0.742
0.812
0.798
0.679
0.662
0.773
0.715
0.524
0.591
0.504
0.585
0.638
0.665
0.529
0.587
0.637
0.518
0.519
0.515
0.570
0.652
0.590
0.534
0.504
0.552
0.551
0.595
0.706
0.540
0.498
0.526
0.602
0.662
0.598
0.524
0.460
0.494
0.525
0.458
0.550
0.451
0.533
0.510
0.551
0.564
0.523
0.523
0.583
0.575
0.564
0.461
0.471
0.372
0.352
0.373
0.431
0.473
0.488
0.485
0.495
0.493
0.540
0.622
0.583
0.523
0.407
0.489
0.409
0.475
0.541
0.599
0.622
0.754
0.589
0.658
0.599
0.688
0.633
0.663
0.697
0.614
0.624
0.681
0.671
0.619
0.539
0.572
0.644
0.679
0.690
0.720
0.818
0.621
0.634
0.507
0.489
0.554
0.517
0.482
0.543
0.504
0.538
0.745
0.601
0.628
0.600
0.662
0.677
0.639
0.678
0.642
0.648
0.851
0.721
0.741
0.926
0.645
0.868
0.741
0.741
0.856
0.745
0.827
0.775
0.694
0.623
0.878
0.698
0.913
0.846
0.783
0.882
0.775
0.857
0.773
0.857
0.748
0.895
0.756
0.883
0.750
0.763
0.859
0.772
0.830
0.671
0.791
0.786
0.795
0.716
0.866
0.673
0.759
0.745
0.770
0.678
0.676
0.663
0.804
0.866
0.738
0.780
0.775
0.777
0.852
0.843
0.726
0.747
0.791
0.765
0.775
0.885
0.825
0.793
0.730
0.804
0.812
0.756
0.785
0.734
0.750
0.758
0.679
0.638
0.685
0.719
0.780
0.842
0.793
0.681
0.651
0.650
0.582
0.599
0.831
0.606
0.586
0.624
0.611
0.576
0.574
0.542
0.626
0.675
-99.000
-99.000
-99.000
-99.000
-99.000
-99.000
-99.000
-99.000
0.632
0.609
0.648
0.630
0.709
0.812
0.827
0.693
0.569
0.544
0.540
0.565
0.570
0.585
0.548
0.550
0.506
0.528
0.613
0.681
0.706
0.766
0.684
0.648
0.558
0.612
0.608
0.577
0.545
0.583
0.593
0.542
0.527
0.487
0.503
0.485
0.595
0.617
0.788
0.703
0.720
0.656
0.640
0.837
0.605
0.671
0.682
0.624
0.576
0.541
0.547
0.561
0.547
0.495
0.516
0.511
0.507
0.475
0.513
0.508
0.501
0.595
0.711
0.647
0.664
0.609
0.616
0.633
0.640
0.624
0.577
0.582
0.661
0.647
0.556
0.573
0.578
0.607
0.618
0.762
0.615
0.697
0.754
0.646
0.603
0.733
0.687
0.616
0.633
0.753
0.723
0.692
0.719
0.691
0.719
0.621
0.714
0.623
0.725
0.681
0.652
0.525
0.546
0.612
0.593
0.656
0.623
0.619
0.617
0.753
0.694
0.674
0.639
0.791
0.754
0.800
0.716
0.745
0.679
0.689
0.799
0.762
0.752
0.818
0.726
0.765
0.783
0.733
0.698
0.730
0.654
0.747
0.604
0.761
0.706
0.798
0.748
0.743
0.734
0.773
0.841
0.704
0.792
0.866
0.874
0.775
0.715
0.633
0.592
0.606
0.609
0.612
0.677
0.631
0.808
0.843
0.964
0.711
0.597
0.517
0.581
0.573
0.664
0.712
0.711
0.707
0.666
0.607
0.661
0.634
0.752
0.617
0.637
0.693
0.633
0.684
0.570
0.522
0.537
0.590
0.671
0.728
0.622
0.639
0.807
0.615
0.534
0.621
0.631
0.663
0.671
0.680
0.708
0.746
0.635
0.755
0.697
0.922
0.762
0.665
0.629
0.555
0.590
0.651
0.620
0.751
0.666
0.825
0.820
0.707
0.858
0.657
0.780
0.775
0.828
0.908
0.648
0.698
0.744
0.702
0.777
0.658
0.668
0.713
0.814
0.594
0.589
0.586
0.700
0.753
0.605
0.544
0.555
0.570
0.615
0.570
0.600
0.587
0.598
0.738
0.744
0.741
0.719
0.744
0.730
0.834
0.761
0.782
0.766
0.648
0.770
0.663
0.760
0.645
0.573
0.636
0.770
0.767
0.793
0.583
0.600
0.648
0.690
0.850
0.785
0.809
0.701
0.762
0.705
0.752
0.693
0.753
0.736
0.777
0.860
0.748
0.814
0.967
0.770
0.892
0.869
0.805
0.856
0.763
0.798
0.824
0.835
0.772
0.819
0.830
0.775
0.932
0.764
0.868
0.806
0.786
0.828
0.929
0.756
0.935
0.868
0.965
0.823
0.823
0.820
0.804
0.789
0.774
0.849
0.857
0.776
0.780
0.737
0.771
0.653
0.724
0.775
0.808
0.762
0.745
0.773
0.755
0.830
0.836
0.796
0.773
0.768
0.791
0.876
0.794
0.834
0.934
0.815
0.888
0.814
0.736
0.865
0.808
0.820
0.814
0.877
0.796
0.818
0.802
0.784
0.777
0.773
0.706
0.728
0.726
0.667
0.597
0.557
0.596
0.638
0.570
0.634
0.569
0.592
0.672
0.599
0.631
0.696
0.665
0.598
0.568
0.560
0.558
0.576
0.588
0.653
0.642
0.625
0.608
0.584
0.591
0.508
0.546
0.613
0.622
0.602
0.620
0.639
0.660
0.551
0.619
0.582
0.522
0.628
0.539
0.514
0.547
0.500
0.544
0.571
0.527
0.522
0.532
0.599
0.736
0.660
0.576
0.602
0.582
0.590
0.724
0.687
0.705
0.702
0.608
0.596
0.626
0.637
0.612
0.584
0.592
0.698
0.572
0.551
0.571
0.596
0.631
0.718
0.634
0.565
0.621
0.609
0.503
0.477
0.554
0.510
0.502
0.496
0.578
0.643
0.670
0.564
0.575
0.645
0.627
0.558
0.525
0.479
0.444
0.516
0.453
0.465
0.481
0.495
0.464
0.429
0.426
0.457
0.503
0.561
0.582
0.551
0.543
0.677
0.672
0.722
0.736
0.832
0.847
0.716
0.847
0.835
0.792
0.908
0.766
0.757
0.685
0.666
0.744
0.776
0.753
0.774
0.752
0.671
0.657
0.623
0.685
0.720
0.816
0.737
0.889
0.654
0.814
0.903
0.755
0.771
0.723
0.703
0.774
0.692
0.774
0.763
0.690
0.890
0.694
0.794
0.782
0.767
0.793
0.696
0.788
0.856
0.682
0.706
0.630
0.633
0.740
0.829
0.754
0.750
0.798
0.733
0.753
0.828
0.849
0.738
0.594
0.612
0.636
0.658
0.680
0.627
0.715
0.809
0.686
0.777
0.646
0.802
0.861
0.858
0.746
0.944
0.898
0.722
0.832
0.866
0.798
0.812
0.852
0.741
0.828
0.790
0.663
0.905
0.799
0.797
0.797
0.793
0.743
0.682
0.674
0.621
0.720
0.666
0.559
0.506
0.570
0.561
0.576
0.562
0.532
0.558
0.519
0.662
0.625
0.624
0.686
0.546
0.649
0.614
0.659
0.773
0.721
0.696
0.818
0.711
0.693
0.844
0.710
0.758
0.870
0.781
0.779
0.830
0.633
0.694
0.708
0.734
0.953
0.688
0.844
0.669
0.805
0.868
0.848
0.775
0.851
0.726
0.753
0.880
0.697
0.863
0.817
0.944
0.821
0.750
0.860
0.838
0.724
0.855
0.782
0.766
0.926
0.763
0.748
0.774
0.741
0.890
0.735
0.736
0.939
0.792
0.870
0.815
0.829
0.799
0.809
0.770
0.749
0.766
0.771
0.727
0.758
0.791
0.904
0.713
0.760
0.816
0.940
0.676
0.827
0.741
0.771
0.723
0.745
0.864
0.813
0.850
0.881
0.876
0.842
0.820
0.786
0.843
0.817
0.884
0.841
0.742
0.806
0.803
0.795
0.799
0.767
0.845
0.942
0.827
0.872
0.783
0.839
0.857
0.803
0.803
0.833
0.811
0.744
0.779
0.772
0.797
0.831
0.945
0.946
0.875
0.844
0.807
0.872
0.879
0.733
0.808
0.836
0.801
0.782
0.845
0.804
0.778
0.735
0.763
0.776
0.771
0.774
0.716
0.751
0.723
0.743
0.683
0.755
0.783
0.663
0.724
0.674
0.654
0.664
0.714
0.651
0.635
0.641
0.647
0.711
0.660
0.693
0.717
0.695
0.736
0.774
0.788
0.821
0.935
0.759
0.802
0.755
0.749
0.755
0.724
0.701
0.673
0.605
0.662
0.670
0.778
0.757
0.759
0.766
0.728
0.669
0.630
0.712
0.693
0.679
0.659
0.608
0.669
0.643
0.627
0.627
0.663
0.572
0.577
0.553
0.549
0.583
0.615
0.595
0.539
0.543
0.574
0.607
0.596
0.590
0.597
0.561
0.567
0.589
0.556
0.488
0.543
0.557
0.574
0.532
0.602
0.756
0.685
0.728
0.661
0.733
0.733
0.659
0.616
0.597
0.609
0.649
0.680
0.674
0.663
0.648
0.637
0.785
0.791
0.673
0.691
0.640
0.607
0.648
0.641
0.648
0.740
0.664
0.698
0.711
0.606
0.590
0.578
0.631
0.680
0.665
0.710
0.645
0.666
0.607
0.628
0.584
0.588
0.661
0.582
0.619
0.732
0.628
0.659
0.636
0.585
0.508
0.565
0.550
0.555
0.581
0.581
0.566
0.591
0.729
0.712
0.635
0.586
0.621
0.681
0.693
0.816
0.683
0.700
0.727
0.780
0.740
0.758
0.755
0.725
0.703
0.906
0.655
0.739
0.875
0.718
0.666
0.798
0.771
0.630
0.642
0.591
0.546
0.566
0.496
0.491
0.637
0.642
0.680
0.771
0.740
0.730
0.738
0.675
0.676
0.628
0.726
0.899
0.721
0.758
0.795
0.667
0.756
0.784
0.721
0.723
0.884
0.655
0.657
0.608
0.565
0.565
0.548
0.592
0.648
0.764
0.712
0.793
0.689
0.796
0.801
0.715
0.682
0.674
0.700
0.644
0.644
0.654
0.667
0.704
0.624
0.523
0.560
0.641
0.698
0.540
0.564
0.535
0.461
0.529
0.479
0.446
0.495
0.584
0.657
0.708
0.699
0.737
0.838
0.850
0.762
0.758
0.677
0.661
0.715
0.734
0.693
0.745
0.668
0.664
0.664
0.775
0.632
0.619
0.650
0.502
0.615
0.771
0.642
0.617
0.713
0.810
0.615
0.634
0.696
0.737
0.702
0.719
0.691
0.814
0.674
0.708
0.685
0.767
0.753
0.805
0.812
0.713
0.670
0.801
0.748
0.768
0.955
0.789
0.817
0.777
0.741
0.885
0.788
0.676
0.811
0.662
0.720
0.699
0.752
0.655
0.794
0.794
0.874
0.748
0.740
0.747
0.831
0.738
0.941
0.748
0.657
0.652
0.705
0.727
0.956
0.771
0.713
0.560
0.685
0.860
0.740
0.715
0.798
0.899
0.664
0.740
0.745
0.941
0.689
0.732
0.709
0.816
0.838
0.722
0.839
0.780
0.736
0.775
0.797
0.777
0.881
0.777
0.754
0.926
0.840
0.805
0.898
0.851
0.810
0.792
0.843
0.819
0.747
0.758
0.778
0.744
0.771
0.789
0.785
0.807
0.768
0.770
0.843
0.772
0.760
0.806
0.886
0.803
0.784
0.769
0.721
0.816
0.792
0.827
0.759
0.795
0.801
0.738
0.658
0.740
0.772
0.684
0.705
0.683
0.642
0.607
0.584
0.622
0.594
0.611
0.580
0.576
0.619
0.628
0.649
0.707
0.692
0.749
0.689
0.632
0.587
0.563
0.592
0.665
0.734
0.682
0.700
0.782
0.775
0.758
0.782
0.728
0.707
0.672
0.639
0.752
0.643
0.633
0.614
0.593
0.583
0.572
0.636
0.617
0.699
0.636
0.581
0.543
0.664
0.638
0.602
0.676
0.647
0.579
0.548
0.632
0.659
0.757
0.861
0.735
0.676
0.647
0.617
0.586
0.589
0.756
0.608
0.619
0.553
0.543
0.513
0.550
0.723
0.652
0.580
0.664
0.653
0.725
0.579
0.535
0.511
0.526
0.637
0.593
0.559
0.654
0.545
0.512
0.509
0.522
0.540
0.548
0.567
0.538
0.556
0.586
0.618
0.592
0.651
0.722
0.649
0.649
0.622
0.657
0.655
0.641
0.663
0.699
0.716
0.628
0.635
0.655
0.658
0.764
0.660
0.654
0.697
0.660
0.634
0.724
0.609
0.505
0.596
0.599
0.615
0.608
0.665
0.671
0.861
0.698
0.645
0.672
0.753
0.754
0.795
0.679
0.705
0.775
0.760
0.799
0.747
0.689
0.882
0.804
0.881
0.754
0.708
0.757
0.894
0.758
0.828
0.693
0.643
0.746
0.839
0.785
0.791
0.817
0.687
0.704
0.669
0.591
0.596
0.636
0.762
0.633
0.778
0.673
0.821
0.693
0.780
0.879
0.697
0.661
0.773
0.675
0.666
0.739
0.734
0.753
0.572
0.630
0.576
0.751
0.740
0.892
0.731
0.765
0.838
0.739
0.668
0.611
0.592
0.610
0.517
0.507
0.627
0.664
0.640
0.632
0.635
0.595
0.549
0.598
0.544
0.627
0.619
0.653
0.675
0.700
0.740
0.727
0.721
0.731
0.708
0.700
0.690
0.695
0.794
0.704
0.784
0.808
0.756
0.639
0.603
0.627
0.586
0.653
0.624
0.604
0.718
0.539
0.532
0.646
0.490
0.476
0.499
0.594
0.595
0.608
0.540
0.613
0.635
0.615
0.587
0.557
0.521
0.639
0.676
0.812
0.652
0.619
0.598
0.597
0.595
0.549
0.458
0.527
0.466
0.499
0.636
0.823
0.723
0.794
0.719
0.669
0.659
0.630
0.796
0.607
0.552
0.625
0.678
0.768
0.795
0.647
0.672
0.710
0.765
0.801
0.626
0.602
0.539
0.556
0.621
0.740
0.738
0.692
0.850
0.814
0.726
0.719
0.724
0.807
0.686
0.701
0.672
0.829
0.940
0.713
0.860
0.689
0.912
0.698
0.848
0.945
0.764
0.852
0.783
0.762
0.822
0.830
0.869
0.743
0.881
0.777
0.732
0.825
0.808
0.768
0.838
0.778
0.829
0.819
0.804
0.845
0.804
0.748
0.800
0.888
0.823
0.806
0.754
0.796
0.790
0.827
0.706
0.722
0.791
0.741
0.726
0.708
0.671
0.691
0.710
0.748
0.736
0.770
0.752
0.825
0.711
0.782
0.737
0.812
0.779
0.766
0.744
0.728
0.740
0.777
0.821
0.863
0.791
0.775
0.788
0.774
0.742
0.754
0.685
0.605
0.619
0.580
0.547
0.575
0.591
0.679
0.671
0.620
0.668
0.647
0.610
0.551
0.602
0.645
0.585
0.581
0.597
0.589
0.772
0.711
0.662
0.656
0.660
0.737
0.716
0.830
0.579
0.664
0.644
0.635
0.597
0.520
0.557
0.622
0.556
0.565
0.576
0.615
0.665
0.620
0.515
0.473
0.546
0.495
0.487
0.511
0.548
0.468
0.538
0.517
0.542
0.540
0.590
0.561
0.580
0.624
0.690
0.640
0.682
0.699
0.671
0.663
0.637
0.659
0.703
0.614
0.583
0.572
0.565
0.593
0.488
0.475
0.454
0.444
0.494
0.584
0.561
0.613
0.621
0.732
0.758
0.600
0.654
0.692
0.575
0.574
0.814
0.646
0.750
0.638
0.656
0.557
0.621
0.621
0.538
0.493
0.475
0.457
0.466
0.507
0.498
0.477
0.575
0.727
0.636
0.584
0.580
0.573
0.549
0.570
0.601
0.573
0.554
0.581
0.619
0.633
0.622
0.699
0.730
0.669
0.738
0.912
0.709
0.700
0.740
0.738
0.761
0.712
0.864
0.753
0.658
0.580
0.580
0.678
0.664
0.722
0.733
0.768
0.941
0.933
0.751
0.843
0.792
0.736
0.885
0.698
0.699
0.850
0.816
0.692
0.752
0.607
0.751
0.816
0.819
0.915
0.780
0.775
0.953
0.792
0.766
0.760
0.730
0.702
0.699
0.704
0.710
0.816
0.724
0.758
0.746
0.714
0.685
0.694
0.775
0.699
0.621
0.638
0.586
0.513
0.550
0.568
0.803
0.643
0.752
0.737
0.786
0.768
0.731
0.728
0.745
0.706
0.741
0.837
0.739
0.714
0.760
0.742
0.648
0.721
0.693
0.658
0.649
0.733
0.747
0.704
0.761
0.775
0.640
0.604
0.644
0.608
0.601
0.564
0.510
0.510
0.640
0.537
0.510
0.543
0.549
0.540
0.513
0.522
0.560
0.550
0.557
0.735
0.664
0.745
0.826
0.748
0.601
0.494
0.527
0.659
0.702
0.740
0.743
0.678
0.681
0.571
0.605
0.538
0.398
0.432
0.559
0.645
0.581
0.616
0.625
0.552
0.506
0.526
0.523
0.511
0.562
0.529
0.487
0.512
0.554
0.559
0.482
0.543
0.598
0.630
0.600
0.679
0.560
0.557
0.483
0.455
0.427
0.502
0.550
0.691
0.797
0.676
0.760
0.717
0.749
0.790
0.886
0.753
0.818
0.712
0.916
0.796
0.700
0.721
0.881
0.751
0.790
0.753
0.682
0.676
0.803
0.887
0.677
0.722
0.750
0.803
0.736
0.700
0.747
0.763
0.784
0.739
0.695
0.708
0.573
0.500
0.587
0.621
0.622
0.661
0.844
0.766
0.670
0.707
0.881
0.725
0.732
0.721
0.713
0.828
0.724
0.731
0.750
0.801
0.759
0.934
0.872
0.682
0.763
0.834
0.735
0.708
0.699
0.724
0.694
0.703
0.748
0.886
0.705
0.823
0.747
0.810
0.669
0.697
0.681
0.691
0.689
0.755
0.843
0.883
0.754
0.709
0.614
0.597
0.616
0.663
0.647
0.609
0.615
0.618
0.620
0.710
0.681
0.692
0.658
0.683
0.603
0.568
0.598
0.628
0.663
0.654
0.637
0.650
0.707
0.649
0.551
0.610
0.590
0.648
0.625
0.635
0.648
0.702
0.642
0.537
0.523
0.535
0.572
0.610
0.652
0.607
0.617
0.525
0.500
0.486
0.542
0.549
0.556
0.550
0.600
0.598
0.584
0.515
0.475
0.590
0.603
0.579
0.665
0.682
0.598
0.578
0.585
0.639
0.597
0.567
0.602
0.682
0.658
0.631
0.660
0.556
0.523
0.521
0.488
0.477
0.472
0.558
0.533
0.516
0.516
0.499
0.523
0.490
0.520
0.524
0.552
0.526
0.506
0.503
0.510
0.494
0.518
0.519
0.506
0.514
0.487
0.496
0.506
0.547
0.604
0.582
0.578
0.530
0.469
0.460
0.522
0.605
0.593
0.472
0.476
0.507
0.512
0.530
0.522
0.503
0.515
0.602
0.630
0.579
0.506
0.563
0.457
0.494
0.498
0.482
0.537
0.546
0.653
0.633
0.608
0.657
0.633
0.692
0.802
0.611
0.869
0.682
0.623
0.633
0.656
0.726
0.764
0.863
0.646
0.612
0.923
0.714
0.899
0.655
0.637
0.829
0.751
0.669
0.915
0.640
0.606
0.517
0.535
0.695
0.793
0.689
0.808
0.738
0.850
0.720
0.846
0.690
0.720
0.752
0.692
0.926
0.653
0.819
0.763
0.936
0.886
0.732
0.639
0.664
0.701
0.757
0.702
0.657
0.642
0.621
0.829
0.688
0.712
0.600
0.585
0.548
0.534
0.493
0.528
0.510
0.564
0.691
0.636
0.565
0.456
0.480
0.471
0.546
0.562
0.705
0.720
0.701
0.550
0.565
0.514
0.492
0.466
0.475
0.526
0.589
0.579
0.522
0.520
0.616
0.708
0.755
0.893
0.658
0.680
0.685
0.574
0.428
0.468
0.526
0.576
0.510
0.398
0.494
0.517
0.597
0.706
0.632
0.614
0.691
0.821
0.536
0.495
0.508
0.494
0.487
0.548
0.618
0.720
0.686
0.714
0.586
0.555
0.675
0.791
0.701
0.832
0.630
0.654
0.636
0.606
0.564
0.531
0.497
0.446
0.491
0.516
0.623
0.718
0.667
0.756
0.675
0.644
0.623
0.632
0.701
0.646
0.618
0.590
0.643
0.541
0.579
0.616
0.631
0.875
0.794
0.763
0.728
0.741
0.733
0.696
0.726
0.900
0.778
0.840
0.640
0.666
0.643
0.750
0.662
0.631
0.720
0.661
0.792
0.654
0.726
0.928
0.789
0.734
0.876
0.723
0.688
0.717
0.611
0.504
0.509
0.550
0.694
0.724
0.721
0.697
0.633
0.713
0.951
0.734
0.733
0.752
0.732
0.754
0.737
0.685
0.726
0.727
0.660
0.726
0.708
0.757
0.946
0.870
0.747
0.750
0.734
0.745
0.811
0.759
0.835
0.870
0.908
0.799
0.797
0.806
0.772
0.773
0.824
0.761
0.914
0.793
0.780
0.843
0.883
0.816
0.741
0.806
0.817
0.841
0.779
0.785
0.747
0.724
0.722
0.757
0.768
0.747
0.724
0.719
0.666
0.743
0.747
0.724
0.681
0.568
0.537
0.634
0.549
0.608
0.608
0.590
0.596
0.617
0.614
0.618
0.657
0.603
0.597
0.594
0.591
0.614
0.667
0.680
0.714
0.773
0.703
0.688
0.656
0.583
0.538
0.695
0.762
0.733
0.758
0.710
0.589
0.596
0.623
0.636
0.537
0.538
0.604
0.628
0.688
0.749
0.644
0.607
0.595
0.605
0.562
0.629
0.640
0.545
0.591
0.584
0.625
0.624
0.558
0.604
0.592
0.626
0.598
0.515
0.493
0.494
0.549
0.586
0.527
0.527
0.478
0.494
0.597
0.602
0.556
0.550
0.528
0.556
0.565
0.589
0.557
0.512
0.566
0.554
0.477
0.476
0.482
0.569
0.586
0.427
0.629
0.546
0.534
0.690
0.742
0.697
0.670
0.692
0.713
0.750
0.793
0.762
0.878
0.737
0.842
0.808
0.685
0.665
0.632
0.642
0.604
0.625
0.676
0.704
0.730
0.723
0.827
0.698
0.762
0.819
0.727
0.809
0.700
0.717
0.673
0.727
0.687
0.723
0.574
0.751
0.648
0.653
0.652
0.653
0.790
0.762
0.743
0.654
0.759
0.669
0.911
0.669
0.717
0.803
0.761
0.658
0.835
0.729
0.873
0.745
0.825
0.752
0.777
0.731
0.677
0.742
0.792
0.841
0.712
0.851
0.721
0.689
0.786
0.955
0.777
0.748
0.895
0.787
0.706
0.768
0.594
0.592
0.560
0.510
0.552
0.551
0.554
0.587
0.636
0.589
0.564
0.579
0.778
0.573
0.813
0.565
0.610
0.599
0.561
0.635
0.720
0.738
0.668
0.637
0.718
0.682
0.732
0.671
0.646
0.818
0.905
0.766
0.618
0.765
0.657
0.666
0.588
0.653
0.662
0.716
0.635
0.587
0.563
0.632
0.605
0.580
0.519
0.492
0.568
0.579
0.601
0.627
0.652
0.581
0.579
0.626
0.607
0.630
0.607
0.536
0.534
0.493
0.479
0.442
0.448
0.435
0.542
0.705
0.642
0.745
0.791
0.620
0.581
0.640
0.660
0.695
0.702
0.693
0.645
0.513
0.501
0.530
0.542
0.575
0.665
0.583
0.769
0.758
0.648
0.597
0.745
0.742
0.667
0.710
0.632
0.702
0.721
0.675
0.723
0.666
0.647
0.688
0.807
0.883
0.681
0.855
0.705
0.915
0.767
0.789
0.671
0.708
0.729
0.788
0.932
0.658
0.654
0.647
0.745
0.845
0.733
0.782
0.706
0.816
0.629
0.668
0.685
0.668
0.663
0.726
0.683
0.761
0.627
0.656
0.752
0.735
0.824
0.722
0.753
0.685
0.696
0.749
0.750
0.789
0.744
0.816
0.747
0.721
0.753
0.759
0.742
0.825
0.733
0.841
0.770
0.796
0.777
0.807
0.749
0.796
0.730
0.836
0.803
0.928
0.795
0.785
0.961
0.777
0.777
0.801
0.796
0.794
0.753
0.778
0.804
0.757
0.824
0.828
0.864
0.883
0.856
0.840
0.781
0.817
0.802
0.788
0.758
0.737
0.709
0.667
0.700
0.738
0.913
0.906
0.789
0.805
0.811
0.788
0.719
0.729
0.716
0.665
0.661
0.628
0.636
0.619
0.692
0.540
0.517
0.545
0.637
0.667
0.550
0.602
0.575
0.686
0.733
0.638
0.592
0.700
0.636
0.711
0.660
0.600
0.629
0.636
0.667
0.616
0.638
0.609
0.614
0.662
0.598
0.570
0.637
0.599
0.526
0.577
0.537
0.567
0.621
0.593
0.568
0.554
0.593
0.640
0.574
0.501
0.580
0.720
0.623
0.541
0.511
0.572
0.566
0.593
0.581
0.726
0.660
0.628
0.633
0.679
0.566
0.606
0.629
0.561
0.597
0.646
0.644
0.706
0.704
0.698
0.656
0.589
0.647
0.673
0.770
0.637
0.554
0.512
0.559
0.576
0.578
0.628
0.569
0.608
0.631
0.626
0.633
0.636
0.689
0.720
0.723
0.703
0.745
0.628
0.620
0.597
0.697
0.757
0.767
0.886
0.765
0.853
0.726
0.782
0.740
0.698
0.684
0.702
0.703
0.723
0.617
0.603
0.704
0.805
0.813
0.708
0.738
0.740
0.708
0.780
0.701
0.857
0.617
0.689
0.770
0.746
0.679
0.825
0.786
0.942
0.794
0.892
0.881
0.706
0.646
0.672
0.718
0.746
0.779
0.729
0.924
0.701
0.905
0.650
0.690
0.704
0.604
0.659
0.683
0.787
0.753
0.793
0.844
0.765
0.835
0.820
0.785
0.855
0.782
0.895
0.751
0.854
0.776
0.734
0.713
0.776
0.694
0.888
0.651
0.696
0.567
0.582
0.622
0.751
0.655
0.635
0.646
0.663
0.639
0.660
0.641
0.696
0.921
0.670
0.625
0.626
0.681
0.687
0.667
0.629
0.623
0.729
0.625
0.632
0.615
0.738
0.686
0.750
0.858
0.680
0.635
0.632
0.455
0.480
0.483
0.479
0.455
0.471
0.517
0.513
0.568
0.654
0.676
0.683
0.761
0.609
0.665
0.659
0.644
0.771
0.575
0.642
0.678
0.646
0.621
0.575
0.551
0.544
0.654
0.729
0.749
0.702
0.623
0.881
0.592
0.595
0.653
0.652
0.714
0.582
0.590
0.713
0.810
0.639
0.493
0.661
0.788
0.577
0.675
0.508
0.513
0.599
0.614
0.757
0.796
0.700
0.781
0.670
0.630
0.579
0.625
0.771
0.589
0.549
0.592
0.660
0.629
0.647
0.665
0.632
0.708
0.601
0.586
0.736
0.698
0.942
0.658
0.786
0.791
0.819
0.843
0.745
0.915
0.730
0.669
0.769
0.744
0.836
0.632
0.783
0.833
0.816
0.850
0.732
0.791
0.811
0.754
0.759
0.789
0.689
0.787
0.852
0.832
0.800
0.828
0.835
0.781
0.867
0.794
0.776
0.768
0.688
0.749
0.702
0.759
0.735
0.725
0.796
0.863
0.950
0.832
0.745
0.831
0.791
0.801
0.801
0.822
0.871
0.790
0.794
0.747
0.767
0.773
0.866
0.757
0.795
0.942
0.805
0.864
0.861
0.853
0.771
0.869
0.729
0.729
0.737
0.746
0.732
0.723
0.706
0.710
0.730
0.720
0.739
0.685
0.690
0.654
0.649
0.676
0.678
0.613
0.659
0.630
0.620
0.666
0.693
0.685
0.685
0.744
0.741
0.674
0.754
0.689
0.677
0.625
0.572
0.622
0.619
0.570
0.572
0.599
0.568
0.606
0.499
0.518
0.597
0.508
0.478
0.562
0.518
0.553
0.549
0.534
0.560
0.584
0.606
0.613
0.680
0.591
0.628
0.544
0.567
0.533
0.526
0.578
0.550
0.650
0.572
0.609
0.579
0.625
0.606
0.584
0.569
0.502
0.594
0.444
0.497
0.476
0.460
0.484
0.445
0.459
0.474
0.460
0.455
0.602
0.626
0.637
0.637
0.641
0.666
0.644
0.581
0.580
0.642
0.553
0.540
0.534
0.512
0.558
0.650
0.613
0.649
0.689
0.634
0.667
0.660
0.609
0.595
0.655
0.616
0.544
0.696
0.689
0.722
0.593
0.571
0.536
0.519
0.545
0.659
0.715
0.644
0.643
0.611
0.687
0.674
0.642
0.626
0.733
0.653
0.737
0.779
0.846
0.757
0.699
0.669
0.657
0.670
0.681
0.620
0.818
0.782
0.783
0.766
0.752
0.859
0.714
0.805
0.593
0.655
0.714
0.903
0.792
0.757
0.875
0.949
0.707
0.756
0.721
0.756
0.729
0.715
0.718
0.633
0.682
0.690
0.712
0.852
0.761
0.905
0.746
0.787
0.876
0.779
0.690
0.738
0.697
0.803
0.949
0.816
0.710
0.760
0.837
0.600
0.687
0.619
0.870
0.737
0.763
0.852
0.809
0.739
0.735
0.662
0.628
0.596
0.683
0.790
0.748
0.743
0.722
0.765
0.775
0.772
0.706
0.757
0.728
0.721
0.653
0.794
0.673
0.609
0.683
0.697
0.682
0.718
0.752
0.685
0.645
0.730
0.823
0.729
0.614
0.602
0.610
0.590
0.614
0.644
0.667
0.756
0.837
0.692
0.814
0.830
0.612
0.726
0.764
0.805
0.708
0.799
0.771
0.888
0.794
0.698
0.618
0.898
0.827
0.728
0.690
0.756
0.838
0.723
0.581
0.574
0.643
0.791
0.871
0.728
0.839
0.746
0.830
0.798
0.841
0.736
0.691
0.786
0.714
0.715
0.926
0.741
0.849
0.769
0.723
0.856
0.720
0.654
0.647
0.584
0.633
0.548
0.488
0.512
0.693
0.735
0.764
0.794
0.627
0.811
0.820
0.698
0.912
0.761
0.889
0.728
0.690
0.780
0.753
0.669
0.691
0.807
0.724
0.797
0.767
0.723
0.741
0.920
0.729
0.801
0.694
0.756
0.753
0.824
0.727
0.751
0.629
0.934
0.820
0.798
0.739
0.750
0.725
0.781
0.798
0.871
0.770
0.774
0.801
0.848
0.752
0.835
0.795
0.747
0.791
0.775
0.784
0.687
0.718
0.729
0.758
0.761
0.891
0.804
0.683
0.744
0.742
0.822
0.903
0.762
0.743
0.741
0.792
0.748
0.822
0.694
0.828
0.919
0.729
0.756
0.833
0.802
0.783
0.766
0.708
0.728
0.730
0.718
0.699
0.698
0.691
0.736
0.711
0.831
0.778
0.769
0.673
0.694
0.618
0.712
0.779
0.791
0.734
0.760
0.780
0.787
0.738
0.694
0.791
0.698
0.734
0.771
0.679
0.868
0.727
0.752
0.776
0.714
0.706
0.706
0.688
0.710
0.672
0.642
0.757
0.666
0.646
0.649
0.715
0.709
0.649
0.667
0.694
0.745
0.745
0.633
0.673
0.747
0.732
0.764
0.758
0.748
0.775
0.712
0.676
0.660
0.623
0.618
0.564
0.582
0.601
0.650
0.673
0.626
0.644
0.699
0.666
0.724
0.810
0.741
0.740
0.745
0.688
0.644
0.665
0.618
0.682
0.748
0.726
0.705
0.692
0.651
0.640
0.669
0.701
0.612
0.589
0.563
0.684
0.714
0.759
0.708
0.880
0.639
0.763
0.640
0.819
0.620
0.715
0.687
0.696
0.684
0.830
0.760
0.761
0.761
0.720
0.679
0.603
0.545
0.604
0.664
0.648
0.662
0.608
0.661
0.662
0.680
0.716
0.654
0.670
0.665
0.692
0.696
0.868
0.665
0.652
0.818
0.723
0.590
0.903
0.712
0.844
0.758
0.706
0.704
0.637
0.648
0.682
0.745
0.738
0.674
0.694
0.673
0.731
0.752
0.848
0.706
0.631
0.680
0.781
0.722
0.734
0.846
0.671
0.766
0.686
0.740
0.703
0.948
0.746
0.622
0.630
0.882
0.725
0.798
0.688
0.803
0.908
0.711
0.867
0.710
0.733
0.769
0.785
0.724
0.701
0.645
0.785
0.739
0.845
0.775
0.742
0.791
0.707
0.715
0.664
0.762
0.642
0.579
0.592
0.569
0.532
0.635
0.672
0.772
0.708
0.784
0.750
0.769
0.893
0.860
0.679
0.664
0.706
0.613
0.671
0.801
0.689
0.707
0.798
0.894
0.748
0.769
0.789
0.724
0.756
0.718
0.708
0.806
0.867
0.745
0.743
0.713
0.594
0.683
0.704
0.557
0.681
0.571
0.546
0.507
0.612
0.605
0.501
0.588
0.726
0.703
0.790
0.694
0.833
0.710
0.688
0.600
0.667
0.624
0.662
0.746
0.638
0.724
0.737
0.761
0.770
0.727
0.703
0.722
0.626
0.624
0.672
0.556
0.707
0.735
0.592
0.694
0.846
0.743
0.748
0.729
0.849
0.874
0.755
0.743
0.740
0.924
0.738
0.862
0.796
0.835
0.785
0.732
0.781
0.896
0.743
0.733
0.739
0.734
0.654
0.637
0.653
0.744
0.768
0.651
0.689
0.704
0.773
0.683
0.687
0.637
0.855
0.695
0.783
0.781
0.738
0.688
0.710
0.671
0.725
0.836
0.729
0.782
0.874
0.757
0.854
0.806
0.787
0.789
0.892
0.822
0.837
0.866
0.734
0.886
0.778
0.840
0.778
0.688
0.717
0.716
0.759
0.708
0.760
0.717
0.905
0.773
0.789
0.860
0.779
0.809
0.726
0.759
0.664
0.672
0.737
0.813
0.800
0.785
0.670
0.703
0.780
0.799
0.879
0.869
0.827
0.767
0.754
0.713
0.742
0.696
0.687
0.676
0.712
0.645
0.751
0.803
0.751
0.748
0.746
0.774
0.740
0.683
0.681
0.625
0.610
0.687
0.740
0.760
0.750
0.756
0.753
0.768
0.771
0.715
0.663
0.646
0.640
0.614
0.636
0.639
0.663
0.625
0.603
0.598
0.615
0.576
0.560
0.587
0.562
0.620
0.740
0.689
0.628
0.584
0.595
0.623
0.641
0.675
0.706
0.698
0.732
0.511
0.528
0.673
0.675
0.660
0.635
0.635
0.551
0.662
0.591
0.673
0.720
0.625
0.723
0.687
0.667
0.657
0.613
0.614
0.639
0.669
0.699
0.769
0.703
0.755
0.709
0.693
0.658
0.845
0.873
0.751
0.684
0.619
0.635
0.702
0.938
0.701
0.617
0.638
0.638
0.593
0.595
0.579
0.584
0.594
0.560
0.557
0.644
0.638
0.525
0.417
0.440
0.435
0.497
0.483
0.481
0.488
0.498
0.524
0.541
0.541
0.521
0.566
0.602
0.534
0.623
0.592
0.593
0.529
0.589
0.571
0.521
0.605
0.582
0.604
0.604
0.575
0.524
0.573
0.525
0.516
0.512
0.495
0.607
0.632
0.712
0.737
0.635
0.614
0.577
0.564
0.602
0.612
0.602
0.704
0.803
0.777
0.721
0.811
0.814
0.805
0.860
0.863
0.783
0.735
0.698
0.590
0.641
0.632
0.581
0.605
0.716
0.692
0.723
0.640
0.512
0.595
0.757
0.657
0.660
0.688
0.813
0.690
0.670
0.651
0.629
0.569
0.546
0.644
0.730
0.696
0.689
0.774
0.759
0.776
0.609
0.678
0.682
0.689
0.794
0.744
0.591
0.802
0.707
0.828
0.732
0.716
0.766
0.733
0.720
0.836
0.793
0.658
0.704
0.676
0.649
0.666
0.675
0.668
0.733
0.697
0.745
0.710
0.774
0.876
0.891
0.668
0.802
0.654
0.554
0.516
0.477
0.396
0.422
0.493
0.504
0.554
0.570
0.615
0.548
0.509
0.495
0.547
0.497
0.537
0.650
0.612
0.531
0.455
0.452
0.492
0.402
0.361
0.426
0.487
0.494
0.648
0.674
0.659
0.648
0.614
0.576
0.672
0.499
0.511
0.524
0.459
0.454
0.434
0.394
0.479
0.555
0.553
0.567
0.508
0.409
0.480
0.604
0.628
0.707
0.537
0.549
0.581
0.623
0.627
0.682
0.669
0.508
0.519
0.584
0.593
0.574
0.724
0.673
0.619
0.710
0.816
0.867
0.861
0.794
0.663
0.709
0.537
0.645
0.586
0.564
0.560
0.514
0.555
0.697
0.864
0.681
0.826
0.802
0.880
0.779
0.834
0.567
0.624
0.806
0.664
0.679
0.749
0.811
0.670
0.837
0.701
0.616
0.628
0.786
0.822
0.736
0.823
0.836
0.804
0.735
0.764
0.893
0.714
0.676
0.658
0.686
0.727
0.736
0.705
0.650
0.683
0.679
0.738
0.861
0.753
0.720
0.663
0.627
0.645
0.696
0.702
0.777
0.750
0.816
0.856
0.806
0.704
0.753
0.826
0.764
0.786
0.756
0.732
0.798
0.806
0.726
0.724
0.644
0.723
0.671
0.791
0.947
0.780
0.674
0.748
0.806
0.875
0.742
0.637
0.641
0.628
0.649
0.633
0.577
0.582
0.629
0.643
0.622
0.568
0.694
0.682
0.683
0.599
0.613
0.607
0.622
0.614
0.557
0.523
0.498
0.502
0.474
0.509
0.619
0.598
0.594
0.542
0.546
0.518
0.461
0.474
0.501
0.580
0.638
0.660
0.604
0.582
0.577
0.556
0.537
0.574
0.576
0.653
0.598
0.614
0.602
0.573
0.583
0.558
0.555
0.585
0.582
0.529
0.505
0.582
0.543
0.568
0.526
0.543
0.433
0.640
0.734
0.769
0.548
0.663
0.655
0.653
0.611
0.672
0.686
0.679
0.691
0.627
0.523
0.535
0.621
0.568
0.557
0.593
0.605
0.572
0.553
0.532
0.523
0.587
0.586
0.547
0.548
0.526
0.461
0.517
0.561
0.547
0.674
0.731
0.803
0.570
0.553
0.529
0.475
0.508
0.618
0.612
0.544
0.459
0.578
0.669
0.609
0.743
0.734
0.734
0.582
0.827
0.639
0.829
0.734
0.577
0.497
0.493
0.568
0.614
0.756
0.551
0.612
0.690
0.613
0.667
0.841
0.737
0.821
0.716
0.702
0.749
0.669
0.789
0.695
0.763
0.786
0.718
0.721
0.710
0.858
0.908
0.708
0.755
0.676
0.732
0.866
0.725
0.788
0.792
0.918
0.736
0.934
0.773
0.799
0.608
0.707
0.781
0.651
0.632
0.655
0.692
0.694
0.615
0.600
0.636
0.766
0.607
0.723
0.595
0.799
0.790
0.895
0.792
0.778
0.925
0.882
0.708
0.686
0.808
0.819
0.572
0.739
0.689
0.680
0.762
0.658
0.634
0.580
0.560
0.710
0.658
0.749
0.659
0.627
0.738
0.638
0.660
0.751
0.685
0.679
0.662
0.649
0.627
0.666
0.629
0.496
0.499
0.565
0.586
0.795
0.664
0.786
0.721
0.797
0.803
0.801
0.700
0.702
0.578
0.568
0.605
0.667
0.690
0.854
0.780
0.656
0.660
0.659
0.776
0.775
0.849
0.750
0.848
0.630
0.701
0.657
0.693
0.681
0.663
0.565
0.651
0.655
0.755
0.669
0.655
0.698
0.860
0.829
0.679
0.645
0.684
0.784
0.733
0.671
0.710
0.807
0.892
0.786
0.651
0.701
0.703
0.821
0.858
0.773
0.634
0.626
0.757
0.623
0.742
0.788
0.820
0.804
0.705
0.733
0.749
0.759
0.723
0.749
0.756
0.949
0.764
0.730
0.778
0.581
0.669
0.745
0.722
0.712
0.777
0.715
0.800
0.870
0.833
0.897
0.799
0.761
0.817
0.651
0.697
0.795
0.806
0.801
0.830
0.929
0.717
0.750
0.722
0.706
0.679
0.682
0.782
0.935
0.717
0.787
0.776
0.857
0.791
0.839
0.768
0.842
0.758
0.908
0.786
0.726
0.765
0.769
0.811
0.679
0.902
0.803
0.829
0.791
0.778
0.793
0.814
0.900
0.764
0.803
0.624
0.686
0.708
0.750
0.765
0.835
0.740
0.779
0.819
0.763
0.942
0.768
0.747
0.811
0.767
0.716
0.765
0.741
0.763
0.738
0.783
0.793
0.755
0.720
0.797
0.775
0.799
0.816
0.792
0.841
0.777
0.820
0.773
0.734
0.771
0.786
0.772
0.731
0.725
0.708
0.703
0.738
0.713
0.640
0.644
0.670
0.696
0.850
0.854
0.781
0.762
0.653
0.700
0.718
0.796
0.706
0.734
0.678
0.609
0.569
0.602
0.696
0.684
0.690
0.701
0.649
0.690
0.671
0.584
0.607
0.649
0.599
0.577
0.649
0.759
0.753
0.668
0.672
0.612
0.615
0.592
0.562
0.576
0.630
0.617
0.630
0.666
0.668
0.665
0.636
0.653
0.643
0.711
0.671
0.702
0.685
0.802
0.817
0.736
0.760
0.802
0.766
0.775
0.778
0.750
0.828
0.735
0.674
0.681
0.722
0.699
0.706
0.679
0.649
0.632
0.639
0.618
0.584
0.619
0.646
0.616
0.563
0.577
0.586
0.660
0.706
0.754
0.698
0.702
0.718
0.694
0.671
0.675
0.662
0.794
0.623
0.646
0.849
0.722
0.692
0.701
0.694
0.697
0.776
0.710
0.957
0.784
0.759
0.758
0.936
0.755
0.782
0.754
0.745
0.793
0.900
0.734
0.700
0.603
0.590
0.598
0.629
0.644
0.766
0.622
0.771
0.917
0.919
0.796
0.900
0.737
0.876
0.725
0.893
0.721
0.759
0.728
0.887
0.705
0.888
0.784
0.814
0.817
0.937
0.758
0.887
0.737
0.789
0.763
0.710
0.721
0.696
0.738
0.695
0.688
0.685
0.651
0.703
0.583
0.662
0.733
0.794
0.778
0.795
0.632
0.642
0.742
0.716
0.832
0.647
0.794
0.891
0.742
0.852
0.775
0.712
0.660
0.910
0.815
0.851
0.735
0.939
0.631
0.797
0.757
0.757
0.820
0.776
0.745
0.869
0.834
0.756
0.673
0.750
0.695
0.789
0.823
0.702
0.601
0.742
0.621
0.634
0.621
0.651
0.635
0.603
0.514
0.538
0.557
0.664
0.612
0.603
0.632
0.611
0.580
0.705
0.675
0.604
0.539
0.569
0.676
0.657
0.595
0.557
0.564
0.634
0.701
0.672
0.691
0.683
0.674
0.720
0.704
0.570
0.490
0.682
0.717
0.798
0.619
0.553
0.560
0.577
0.578
0.842
0.890
0.817
0.785
0.926
0.616
0.749
0.764
0.706
0.665
0.687
0.647
0.733
0.750
0.663
0.798
0.674
0.646
0.743
0.845
0.783
0.787
0.800
0.875
0.794
0.796
0.935
0.747
0.756
0.711
0.719
0.651
0.715
0.718
0.836
0.753
0.794
0.905
0.702
0.932
0.807
0.788
0.656
0.667
0.789
0.895
0.704
0.879
0.698
0.746
0.688
0.929
0.741
0.753
0.765
0.687
0.728
0.882
0.757
0.707
0.726
0.861
0.735
0.832
0.825
0.862
0.786
0.796
0.774
0.810
0.819
0.863
0.752
0.767
0.707
0.790
0.860
0.717
0.779
0.796
0.774
0.801
0.819
0.816
0.811
0.790
0.823
0.777
0.875
0.848
0.793
0.822
0.749
0.784
0.752
0.782
0.778
0.791
0.777
0.697
0.704
0.727
0.727
0.721
0.730
0.763
0.787
0.818
0.795
0.776
0.720
0.718
0.782
0.764
0.799
0.825
0.826
0.811
0.818
0.802
0.823
0.761
0.788
0.783
0.690
0.648
0.628
0.732
0.771
0.726
0.662
0.752
0.691
0.645
0.667
0.664
0.700
0.680
0.702
0.693
0.728
0.728
0.717
0.693
0.661
0.611
0.649
0.549
0.577
0.645
0.599
0.682
0.672
0.634
0.629
0.601
0.575
0.598
0.734
0.692
0.619
0.590
0.565
0.587
0.588
0.728
0.762
0.665
0.654
0.760
0.651
0.567
0.624
0.610
0.658
0.608
0.524
0.502
0.525
0.489
0.502
0.522
0.539
0.534
0.557
0.600
0.666
0.702
0.749
0.814
0.728
0.782
0.847
0.715
0.692
0.669
0.634
0.748
0.638
0.669
0.771
0.675
0.603
0.577
0.586
0.567
0.609
0.565
0.542
0.620
0.643
0.596
0.559
0.513
0.554
0.564
0.536
0.612
0.563
0.602
0.728
0.571
0.545
0.580
0.730
0.590
0.532
0.582
0.739
0.663
0.684
0.709
0.554
0.544
0.488
0.578
0.724
0.689
0.809
0.689
0.619
0.790
0.668
0.711
0.665
0.692
0.835
0.737
0.837
0.644
0.725
0.639
0.602
0.626
0.747
0.766
0.677
0.677
0.697
0.787
0.834
0.743
0.712
0.754
0.704
0.794
0.637
0.657
0.802
0.851
0.663
0.710
0.746
0.719
0.909
0.690
0.728
0.764
0.677
0.741
0.630
0.746
0.721
0.697
0.856
0.916
0.875
0.751
0.609
0.703
0.711
0.754
0.679
0.665
0.745
0.612
0.626
0.638
0.685
0.806
0.744
0.718
0.812
0.808
0.700
0.668
0.636
0.713
0.723
0.816
0.661
0.613
0.588
0.599
0.616
0.566
0.550
0.650
0.627
0.637
0.678
0.625
0.630
0.612
0.563
0.526
0.559
0.538
0.516
0.505
0.528
0.652
0.646
0.687
0.656
0.691
0.707
0.720
0.683
0.562
0.583
0.545
0.560
0.695
0.629
0.762
0.612
0.605
0.704
0.756
0.695
0.720
0.826
0.617
0.718
0.602
0.702
0.499
0.455
0.448
0.447
0.545
0.517
0.565
0.482
0.483
0.512
0.514
0.507
0.523
0.669
0.631
0.667
0.610
0.658
0.798
0.655
0.665
0.757
0.811
0.689
0.894
0.711
0.766
0.723
0.748
0.702
0.739
0.773
0.712
0.654
0.785
0.699
0.665
0.629
0.632
0.632
0.723
0.833
0.682
0.699
0.948
0.692
0.704
0.805
0.688
0.837
0.831
0.639
0.651
0.776
0.713
0.644
0.602
0.625
0.767
0.617
0.629
0.625
0.605
0.781
0.683
0.666
0.723
0.696
0.680
0.620
0.693
0.734
0.691
0.790
0.906
0.768
0.767
0.772
0.725
0.805
0.733
0.929
0.839
0.860
0.727
0.837
0.772
0.739
0.696
0.737
0.763
0.751
0.891
0.783
0.739
0.714
0.714
0.684
0.748
0.769
0.747
0.707
0.642
0.507
0.551
0.602
0.615
0.609
0.681
0.661
0.703
0.702
0.684
0.751
0.763
0.750
0.737
0.731
0.717
0.722
0.650
0.670
0.627
0.601
0.644
0.525
0.548
0.480
0.549
0.611
0.651
0.764
0.610
0.621
0.621
0.571
0.619
0.566
0.719
0.711
0.693
0.682
0.563
0.584
0.568
0.637
0.621
0.602
0.601
0.551
0.551
0.552
0.600
0.549
0.566
0.555
0.575
0.574
0.602
0.585
0.652
0.604
0.718
0.571
0.680
0.694
0.612
0.574
0.535
0.501
0.511
0.470
0.446
0.503
0.439
0.447
0.503
0.483
0.500
0.446
0.438
0.456
0.443
0.432
0.452
0.402
0.455
0.490
0.524
0.494
0.513
0.509
0.540
0.493
0.549
0.531
0.537
0.518
0.552
0.607
0.731
0.651
0.654
0.616
0.591
0.729
0.632
0.756
0.763
0.650
0.688
0.662
0.705
0.577
0.614
0.571
0.577
0.581
0.632
0.585
0.569
0.603
0.784
0.842
0.724
0.799
0.686
0.699
0.652
0.557
0.626
0.661
0.621
0.622
0.561
0.528
0.572
0.601
0.651
0.654
0.679
0.775
0.602
0.679
0.665
0.807
0.753
0.845
0.712
0.711
0.570
0.723
0.852
0.616
0.604
0.613
0.611
0.634
0.670
0.659
0.658
0.667
0.814
0.691
0.601
0.782
0.735
0.894
0.732
0.832
0.821
0.793
0.679
0.671
0.682
0.740
0.841
0.738
0.856
0.748
0.694
0.777
0.717
0.837
0.856
0.634
0.740
0.762
0.721
0.898
0.781
0.685
0.659
0.795
0.809
0.894
0.620
0.746
0.727
0.702
0.701
0.559
0.633
0.573
0.599
0.746
0.701
0.670
0.653
0.596
0.676
0.622
0.661
0.686
0.683
0.571
0.529
0.577
0.621
0.415
0.401
0.465
0.518
0.611
0.629
0.590
0.519
0.471
0.520
0.571
0.638
0.756
0.762
0.770
0.827
0.677
0.666
0.663
0.729
0.727
0.607
0.608
0.707
0.749
0.678
0.707
0.667
0.553
0.569
0.748
0.587
0.800
0.545
0.681
0.679
0.591
0.527
0.643
0.594
0.719
0.670
0.642
0.629
0.555
0.498
0.466
0.460
0.548
0.607
0.633
0.665
0.542
0.589
0.558
0.550
0.456
0.638
0.549
0.580
0.722
0.719
0.666
0.593
0.541
0.618
0.561
0.570
0.722
0.687
0.737
0.714
0.593
0.620
0.628
0.679
0.675
0.655
0.847
0.674
0.946
0.771
0.655
0.591
0.622
0.760
0.721
0.683
0.791
0.725
0.845
0.614
0.699
0.850
0.721
0.757
0.900
0.662
0.700
0.643
0.578
0.751
0.685
0.747
0.660
0.690
0.766
0.622
0.691
0.654
0.795
0.798
0.920
0.880
0.760
0.794
0.791
0.806
0.910
0.767
0.732
0.683
0.699
0.704
0.732
0.752
0.783
0.965
0.842
0.821
0.680
0.716
0.753
0.784
0.716
0.704
0.816
0.794
0.792
0.777
0.869
0.775
0.804
0.774
0.769
0.841
0.847
0.790
0.841
0.718
0.702
0.753
0.784
0.810
0.775
0.684
0.685
0.631
0.680
0.665
0.659
0.658
0.671
0.710
0.736
0.785
0.804
0.769
0.719
0.713
0.726
0.736
0.743
0.773
0.724
0.862
0.774
0.776
0.797
0.810
0.757
0.744
0.845
0.795
0.917
0.748
0.716
0.767
0.734
0.650
0.559
0.685
0.674
0.594
0.638
0.677
0.720
0.666
0.633
0.588
0.609
0.645
0.641
0.656
0.659
0.603
0.557
0.514
0.543
0.575
0.541
0.543
0.557
0.607
0.597
0.485
0.434
0.498
0.500
0.600
0.577
0.595
0.716
0.726
0.661
0.586
0.745
0.644
0.712
0.625
0.617
0.598
0.534
0.540
0.515
0.502
0.561
0.570
0.633
0.537
0.528
0.546
0.583
0.535
0.557
0.587
0.617
0.601
0.523
0.469
0.485
0.536
0.584
0.587
0.544
0.468
0.469
0.494
0.530
0.629
0.639
0.663
0.653
0.631
0.641
0.630
0.811
0.729
0.760
0.937
0.756
0.662
0.611
0.741
0.656
0.705
0.736
0.794
0.623
0.688
0.629
0.780
0.614
0.713
0.773
0.763
0.721
0.672
0.731
0.792
0.656
0.689
0.656
0.620
0.611
0.617
0.892
0.810
0.843
0.707
0.829
0.681
0.839
0.823
0.887
0.789
0.690
0.655
0.702
0.684
0.656
0.627
0.724
0.560
0.547
0.603
0.766
0.627
0.572
0.658
0.549
0.555
0.554
0.673
0.669
0.649
0.870
0.737
0.906
0.717
0.921
0.751
0.773
0.849
0.937
0.727
0.620
0.599
0.775
0.840
0.792
0.724
0.861
0.886
0.902
0.770
0.772
0.773
0.735
0.819
0.689
0.745
0.644
0.768
0.783
0.571
0.567
0.532
0.556
0.519
0.509
0.450
0.487
0.492
0.445
0.443
0.496
0.590
0.602
0.524
0.500
0.463
0.579
0.607
0.725
0.744
0.746
0.617
0.597
0.626
0.637
0.691
0.497
0.520
0.455
0.561
0.590
0.748
0.648
0.755
0.812
0.603
0.650
0.635
0.635
0.536
0.553
0.526
0.491
0.508
0.542
0.565
0.548
0.513
0.498
0.568
0.508
0.541
0.643
0.516
0.523
0.464
0.508
0.505
0.510
0.490
0.486
0.424
0.487
0.603
0.642
0.562
0.551
0.584
0.619
0.675
0.826
0.843
0.883
0.709
0.793
0.705
0.677
0.719
0.834
0.670
0.613
0.643
0.551
0.527
0.587
0.602
0.724
0.654
0.608
0.688
0.701
0.717
0.769
0.914
0.698
0.751
0.555
0.597
0.657
0.712
0.745
0.772
0.753
0.886
0.702
0.809
0.735
0.624
0.633
0.626
0.586
0.632
0.786
0.735
0.684
0.625
0.881
0.651
0.721
0.604
0.769
0.810
0.727
0.729
0.742
0.688
0.905
0.800
0.746
0.804
0.764
0.771
0.783
0.774
0.795
0.818
0.816
0.701
0.782
0.740
0.756
0.806
0.840
0.730
0.930
0.734
0.606
0.651
0.699
0.750
0.826
0.675
0.604
0.642
0.792
0.681
0.723
0.734
0.668
0.755
0.646
0.614
0.625
0.635
0.631
0.669
0.681
0.737
0.622
0.575
0.536
0.632
0.660
0.639
0.639
0.654
0.737
0.653
0.619
0.654
0.816
0.836
0.779
0.924
0.686
0.705
0.749
0.690
0.681
0.654
0.572
0.655
0.607
0.603
0.581
0.625
0.604
0.557
0.575
0.544
0.577
0.595
0.625
0.566
0.526
0.630
0.632
0.506
0.559
0.514
0.605
0.615
0.578
0.573
0.575
0.606
0.576
0.577
0.518
0.524
0.606
0.618
0.590
0.532
0.584
0.553
0.505
0.518
0.586
0.616
0.627
0.537
0.488
0.536
0.523
0.527
0.560
0.565
0.568
0.664
0.650
0.627
0.585
0.571
0.631
0.597
0.577
0.643
0.646
0.641
0.642
0.626
0.619
0.599
0.669
0.640
0.551
0.570
0.587
0.617
0.529
0.467
0.505
0.512
0.534
0.550
0.552
0.541
0.589
0.606
0.618
0.882
0.786
0.688
0.700
0.774
0.714
0.725
0.748
0.631
0.623
0.665
0.700
0.621
0.583
0.594
0.733
0.720
0.663
0.520
0.511
0.539
0.624
0.612
0.608
0.675
0.793
0.696
0.623
0.703
0.828
0.723
0.797
0.780
0.749
0.760
0.679
0.683
0.830
0.729
0.767
0.835
0.721
0.761
0.649
0.625
0.763
0.711
0.626
0.649
0.662
0.867
0.805
0.627
0.754
0.593
0.849
0.727
0.674
0.781
0.743
0.681
0.652
0.634
0.720
0.762
0.820
0.761
0.742
0.746
0.725
0.708
0.830
0.884
0.633
0.697
0.707
0.711
0.806
0.758
0.662
0.951
0.724
0.840
0.739
0.721
0.559
0.541
0.583
0.778
0.767
0.746
0.733
0.888
0.690
0.892
0.784
0.891
0.697
0.668
0.705
0.700
0.723
0.625
0.582
0.605
0.611
0.701
0.750
0.823
0.661
0.593
0.625
0.750
0.671
0.699
0.754
0.913
0.650
0.649
0.711
0.703
0.520
0.530
0.606
0.610
0.476
0.477
0.524
0.503
0.510
0.512
0.586
0.606
0.741
0.601
0.554
0.603
0.696
0.670
0.705
0.770
0.696
0.674
0.637
0.634
0.628
0.674
0.705
0.612
0.564
0.566
0.577
0.616
0.543
0.740
0.549
0.537
0.597
0.653
0.867
0.702
0.730
0.669
0.665
0.653
0.624
0.571
0.690
0.703
0.555
0.570
0.610
0.658
0.540
0.694
0.773
0.788
0.690
0.865
0.682
0.747
0.730
0.674
0.637
0.708
0.692
0.740
0.819
0.651
0.695
0.695
0.686
0.821
0.779
0.849
0.729
0.780
0.739
0.775
0.949
0.838
0.845
0.818
0.740
0.775
0.920
0.691
0.824
0.792
0.747
0.766
0.797
0.777
0.688
0.782
0.786
0.645
0.757
0.898
0.720
0.896
0.813
0.752
0.741
0.742
0.743
0.926
0.817
0.815
0.842
0.855
0.847
0.824
0.787
0.778
0.750
0.749
0.842
0.737
0.842
0.763
0.799
0.794
0.796
0.762
0.742
0.744
0.756
0.787
0.707
0.792
0.766
0.829
0.819
0.805
0.816
0.726
0.664
0.751
0.770
0.807
0.838
0.658
0.882
0.753
0.821
0.807
0.802
0.781
0.717
0.747
0.748
0.750
0.725
0.738
0.665
0.627
0.627
0.629
0.659
0.673
0.730
0.690
0.721
0.645
0.672
0.717
0.731
0.765
0.708
0.685
0.686
0.577
0.575
0.619
0.613
0.600
0.668
0.649
0.662
0.728
0.724
0.795
0.688
0.684
0.666
0.686
0.681
0.694
0.658
0.622
0.656
0.639
0.624
0.662
0.578
0.538
0.531
0.567
0.599
0.560
0.515
0.588
0.542
0.488
0.551
0.540
0.522
0.408
0.494
0.490
0.444
0.420
0.468
0.558
0.542
0.602
0.615
0.543
0.518
0.568
0.617
0.588
0.657
0.617
0.657
0.638
0.567
0.638
0.586
0.658
0.675
0.621
0.590
0.502
0.511
0.523
0.599
0.704
0.622
0.565
0.650
0.676
0.591
0.508
0.514
0.563
0.530
0.538
0.533
0.600
0.562
0.538
0.579
0.586
0.568
0.679
0.725
0.736
0.634
0.615
0.574
0.575
0.646
0.751
0.787
0.841
0.637
0.693
0.613
0.607
0.670
0.775
0.675
0.662
0.665
0.771
0.908
0.763
0.721
0.653
0.650
0.933
0.775
0.926
0.849
0.819
0.904
0.767
0.789
0.761
0.692
0.795
0.808
0.916
0.758
0.865
0.734
0.877
0.607
0.641
0.669
0.709
0.693
0.730
0.764
0.725
0.909
0.758
0.778
0.784
0.832
0.834
0.769
0.768
0.749
0.724
0.747
0.790
0.747
0.798
0.855
0.802
0.673
0.634
0.721
0.615
0.719
0.745
0.878
0.634
0.639
0.736
0.657
0.642
0.612
0.576
0.679
0.588
0.588
0.544
0.593
0.613
0.701
0.592
0.529
0.485
0.511
0.551
0.558
0.672
0.562
0.484
0.700
0.679
0.609
0.646
0.692
0.780
0.698
0.714
0.793
0.764
0.731
0.677
0.581
0.681
0.680
0.735
0.724
0.628
0.756
0.616
0.685
0.725
0.668
0.651
0.636
0.625
0.639
0.726
0.797
0.707
0.714
0.525
0.491
0.519
0.665
0.604
0.665
0.801
0.546
0.469
0.426
0.505
0.504
0.569
0.502
0.519
0.570
0.633
0.682
0.635
0.685
0.710
0.629
0.596
0.585
0.676
0.791
0.661
0.741
0.679
0.711
0.763
0.654
0.691
0.589
0.614
0.793
0.916
0.751
0.807
0.788
0.935
0.784
0.892
0.652
0.723
0.723
0.773
0.670
0.815
0.656
0.847
0.751
0.665
0.676
0.657
0.707
0.808
0.663
0.783
0.925
0.759
0.693
0.756
0.632
0.645
0.892
0.730
0.830
0.738
0.818
0.747
0.796
0.746
0.859
0.689
0.690
0.689
0.717
0.797
0.768
0.755
0.761
0.907
0.883
0.771
0.814
0.748
0.780
0.805
0.791
0.755
0.785
0.772
0.747
0.721
0.841
0.813
0.779
0.761
0.846
0.782
0.801
0.837
0.758
0.732
0.724
0.745
0.730
0.870
0.804
0.793
0.795
0.777
0.710
0.690
0.757
0.760
0.781
0.712
0.788
0.699
0.679
0.675
0.695
0.698
0.751
0.739
0.716
0.734
0.755
0.763
0.891
0.694
0.758
0.775
0.738
0.728
0.692
0.670
0.721
0.738
0.692
0.719
0.626
0.623
0.618
0.568
0.657
0.664
0.623
0.692
0.616
0.591
0.557
0.655
0.583
0.597
0.655
0.672
0.663
0.571
0.603
0.804
0.753
0.745
0.758
0.700
0.744
0.741
0.724
0.776
0.746
0.682
0.707
0.706
0.680
0.665
0.764
0.728
0.714
0.652
0.674
0.653
0.637
0.634
0.614
0.611
0.646
0.695
0.767
0.714
0.689
0.735
0.795
0.671
0.714
0.822
0.729
0.662
0.593
0.714
0.671
0.603
0.604
0.611
0.584
0.534
0.565
0.611
0.571
0.530
0.570
0.590
0.572
0.647
0.651
0.653
0.739
0.737
0.633
0.666
0.691
0.627
0.549
0.598
0.519
0.539
0.517
0.509
0.600
0.575
0.589
0.717
0.677
0.510
0.593
0.644
0.661
0.664
0.654
0.721
0.695
0.643
0.622
0.661
0.684
0.878
0.700
0.706
0.716
0.790
0.767
0.803
0.855
0.681
0.790
0.625
0.614
0.581
0.661
0.688
0.697
0.710
0.780
0.844
0.816
0.681
0.609
0.721
0.738
0.707
0.695
0.822
0.728
0.693
0.752
0.830
0.702
0.845
0.692
0.749
0.710
0.934
0.677
0.667
0.732
0.686
0.729
0.826
0.806
0.859
0.768
0.855
0.792
0.807
0.792
0.884
0.711
0.761
0.761
0.718
0.607
0.598
0.646
0.760
0.775
0.847
0.943
0.673
0.763
0.850
0.761
0.756
0.729
0.722
0.900
0.738
0.745
0.752
0.734
0.617
0.654
0.652
0.690
0.712
0.771
0.732
0.702
0.632
0.584
0.692
0.671
0.757
0.766
0.801
0.695
0.649
0.684
0.641
0.697
0.638
0.625
0.668
0.595
0.570
0.594
0.715
0.819
0.747
0.806
0.767
0.759
0.704
0.738
0.706
0.762
0.572
0.607
0.596
0.649
0.568
0.504
0.575
0.522
0.524
0.563
0.655
0.653
0.562
0.628
0.635
0.759
0.622
0.644
0.683
0.582
0.566
0.633
0.715
0.718
0.816
0.809
0.751
0.755
0.622
0.545
0.611
0.915
0.725
0.731
0.763
0.792
0.751
0.773
0.706
0.696
0.681
0.623
0.651
0.610
0.625
0.693
0.703
0.591
0.547
0.548
0.564
0.648
0.737
0.633
0.721
0.634
0.642
0.623
0.630
0.703
0.718
0.879
0.772
0.953
0.764
0.756
0.734
0.869
0.672
0.832
0.679
0.663
0.764
0.830
0.668
0.871
0.683
0.830
0.643
0.886
0.765
0.788
0.935
0.804
0.770
0.956
0.784
0.657
0.711
0.807
0.908
0.713
0.836
0.913
0.857
0.820
0.780
0.812
0.784
0.842
0.833
0.772
0.944
0.802
0.922
0.783
0.767
0.714
0.774
0.826
0.743
0.817
0.870
0.870
0.776
0.806
0.806
0.860
0.821
0.796
0.804
0.772
0.814
0.895
0.815
0.776
0.805
0.763
0.731
0.666
0.674
0.672
0.682
0.658
0.640
0.688
0.703
0.904
0.663
0.664
0.693
0.703
0.760
0.774
0.799
0.761
0.731
0.704
0.630
0.627
0.746
0.702
0.782
0.741
0.710
0.733
0.758
0.853
0.655
0.644
0.730
0.641
0.562
0.593
0.623
0.694
0.793
0.822
0.782
0.755
0.724
0.664
0.668
0.667
0.627
0.650
0.684
0.790
0.676
0.729
0.696
0.600
0.525
0.526
0.551
0.608
0.627
0.653
0.659
0.822
0.638
0.719
0.707
0.702
0.686
0.755
0.721
0.819
0.700
0.644
0.669
0.679
0.618
0.614
0.613
0.625
0.642
0.597
0.510
0.529
0.548
0.632
0.554
0.501
0.455
0.470
0.493
0.565
0.544
0.555
0.895
0.589
0.622
0.616
0.703
0.663
0.656
0.641
0.686
0.750
0.710
0.700
0.686
0.648
0.591
0.604
0.560
0.576
0.704
0.788
0.652
0.677
0.651
0.739
0.858
0.647
0.727
0.729
0.766
0.666
0.630
0.770
0.647
0.631
0.858
0.705
0.910
0.816
0.757
0.779
0.768
0.917
0.719
0.733
0.903
0.802
0.808
0.652
0.633
0.663
0.834
0.729
0.687
0.722
0.628
0.674
0.569
0.784
0.728
0.824
0.806
0.789
0.814
0.752
0.612
0.688
0.878
0.856
0.831
0.765
0.840
0.870
0.785
0.815
0.829
0.698
0.724
0.637
0.718
0.835
0.702
0.841
0.823
0.674
0.731
0.645
0.659
0.621
0.613
0.749
0.721
0.839
0.651
0.683
0.785
0.789
0.895
0.740
0.806
0.842
0.886
0.744
0.721
0.915
0.767
0.634
0.654
0.641
0.754
0.688
0.630
0.674
0.538
0.531
0.618
0.654
0.633
0.713
0.590
0.625
0.584
0.626
0.490
0.455
0.463
0.460
0.469
0.505
0.548
0.567
0.556
0.604
0.632
0.584
0.543
0.559
0.559
0.670
0.567
0.681
0.637
0.755
0.543
0.598
0.637
0.726
0.640
0.581
0.621
0.689
0.934
0.753
0.764
0.789
0.770
0.528
0.659
0.572
0.569
0.563
0.550
0.691
0.690
0.664
0.687
0.741
0.647
0.549
0.616
0.696
0.768
0.665
0.814
0.662
0.692
0.683
0.626
0.622
0.659
0.786
0.837
0.813
0.615
0.619
0.673
0.873
0.635
0.703
0.748
0.678
0.629
0.592
0.756
0.849
0.704
0.679
0.665
0.685
0.667
0.788
0.771
0.694
0.752
0.861
0.776
0.688
0.698
0.655
0.671
0.727
0.624
0.607
0.573
0.577
0.583
0.753
0.617
0.752
0.777
0.785
0.890
0.650
0.720
0.690
0.701
0.725
0.748
0.927
0.876
0.793
0.800
0.810
0.778
0.771
0.798
0.798
0.776
0.736
0.732
0.760
0.735
0.859
0.689
0.758
0.901
0.729
0.968
0.738
0.697
0.671
0.648
0.706
0.774
0.788
0.923
0.771
0.714
0.737
0.875
0.686
0.801
0.821
0.775
0.688
0.778
0.845
0.726
0.835
0.730
0.738
0.745
0.817
0.771
0.821
0.784
0.795
0.770
0.751
0.768
0.769
0.739
0.722
0.642
0.703
0.746
0.683
0.764
0.753
0.738
0.908
0.736
0.695
0.696
0.578
0.607
0.643
0.862
0.675
0.682
0.712
0.733
0.725
0.722
0.723
0.669
0.598
0.619
0.652
0.596
0.559
0.527
0.603
0.601
0.656
0.606
0.568
0.622
0.633
0.621
0.577
0.556
0.619
0.632
0.533
0.570
0.658
0.666
0.590
0.589
0.558
0.633
0.594
0.529
0.776
0.717
0.644
0.626
0.716
0.660
0.669
0.612
0.626
0.582
0.585
0.566
0.581
0.583
0.575
0.594
0.560
0.564
0.629
0.579
0.581
0.619
0.598
0.635
0.666
0.544
0.528
0.513
0.477
0.505
0.542
0.487
0.517
0.560
0.578
0.633
0.559
0.652
0.683
0.652
0.657
0.715
0.648
0.634
0.633
0.584
0.608
0.560
0.609
0.645
0.692
0.681
0.755
0.621
0.673
0.706
0.739
0.764
0.674
0.704
0.700
0.692
0.692
0.725
0.695
0.689
0.685
0.889
0.889
0.898
0.703
0.685
0.754
0.729
0.726
0.658
0.696
0.619
0.685
0.615
0.669
0.753
0.816
0.867
0.836
0.765
0.705
0.710
0.911
0.711
0.946
0.779
0.663
0.739
0.762
0.760
0.847
0.819
0.868
0.670
0.734
0.922
0.792
0.854
0.832
0.709
0.698
0.809
0.709
0.850
0.626
0.879
0.722
0.698
0.707
0.810
0.934
0.723
0.861
0.778
0.919
0.815
0.776
0.920
0.802
0.804
0.772
0.920
0.759
0.789
0.773
0.726
0.710
0.756
0.803
0.744
0.666
0.667
0.632
0.710
0.695
0.754
0.678
0.662
0.634
0.597
0.671
0.730
0.674
0.716
0.701
0.710
0.709
0.546
0.571
0.670
0.580
0.553
0.479
0.499
0.613
0.654
0.663
0.796
0.759
0.667
0.653
0.672
0.750
0.703
0.800
0.787
0.719
0.738
0.684
0.851
0.726
0.822
0.762
0.628
0.696
0.654
0.627
0.604
0.543
0.520
0.570
0.583
0.628
0.713
0.740
0.846
0.753
0.717
0.683
0.835
0.767
0.700
0.750
0.819
0.717
0.774
0.707
0.794
0.857
0.806
0.836
0.721
0.741
0.671
0.737
0.916
0.901
0.715
0.648
0.742
0.915
0.750
0.805
0.698
0.651
0.899
0.871
0.695
0.646
0.805
0.773
0.708
0.617
0.700
0.745
0.754
0.945
0.824
0.741
0.667
0.758
0.855
0.679
0.704
0.755
0.825
0.753
0.727
0.785
0.605
0.653
0.716
0.664
0.786
0.757
0.822
0.808
0.773
0.794
0.752
0.918
0.783
0.685
0.803
0.792
0.723
0.944
0.644
0.820
0.906
0.812
0.947
0.779
0.757
0.800
0.882
0.781
0.711
0.858
0.912
0.781
0.851
0.815
0.883
0.765
0.775
0.801
0.763
0.867
0.768
0.927
0.905
0.756
0.781
0.800
0.738
0.822
0.726
0.682
0.730
0.715
0.655
0.671
0.736
0.809
0.854
0.740
0.735
0.668
0.707
0.759
0.706
0.650
0.615
0.624
0.622
0.809
0.759
0.675
0.655
0.743
0.671
0.675
0.867
0.737
0.758
0.763
0.780
0.925
0.733
0.749
0.713
0.683
0.774
0.722
0.729
0.724
0.774
0.739
0.728
0.707
0.680
0.692
0.646
0.523
0.498
0.595
0.581
0.577
0.630
0.589
0.667
0.691
0.667
0.654
0.677
0.575
0.648
0.668
0.702
0.712
0.644
0.607
0.673
0.609
0.602
0.605
0.604
0.661
0.598
0.551
0.519
0.513
0.530
0.487
0.610
0.582
0.587
0.598
0.523
0.645
0.720
0.734
0.808
0.656
0.616
0.590
0.609
0.632
0.703
0.716
0.741
0.883
0.761
0.740
0.729
0.672
0.631
0.629
0.627
0.571
0.605
0.632
0.569
0.577
0.566
0.574
0.635
0.823
0.753
0.629
0.552
0.539
0.588
0.614
0.605
0.660
0.879
0.603
0.614
0.552
0.634
0.625
0.610
0.581
0.607
0.683
0.619
0.667
0.591
0.562
0.584
0.761
0.847
0.734
0.841
0.709
0.708
0.638
0.761
0.625
0.666
0.653
0.633
0.787
0.747
0.705
0.826
0.698
0.652
0.653
0.579
0.583
0.649
0.774
0.652
0.642
0.909
0.801
0.811
0.790
0.831
0.773
0.816
0.751
0.839
0.781
0.883
0.809
0.711
0.691
0.678
0.829
0.840
0.750
0.769
0.652
0.661
0.602
0.691
0.758
0.704
0.797
0.903
0.824
0.920
0.789
0.786
0.925
0.825
0.823
0.793
0.908
0.795
0.711
0.663
0.753
0.839
0.626
0.687
0.682
0.763
0.714
0.710
0.764
0.740
0.688
0.720
0.685
0.665
0.767
0.713
0.721
0.693
0.745
0.672
0.649
0.924
0.843
0.771
0.868
0.700
0.612
0.643
0.623
0.726
0.634
0.807
0.749
0.752
0.757
0.840
0.724
0.749
0.800
0.746
0.686
0.732
0.884
0.691
0.741
0.750
0.760
0.705
0.665
0.644
0.682
0.673
0.679
0.638
0.536
0.650
0.819
0.691
0.681
0.752
0.738
0.783
0.760
0.602
0.655
0.788
0.639
0.600
0.638
0.736
0.814
0.904
0.704
0.615
0.763
0.855
0.817
0.832
0.705
0.752
0.736
0.781
0.809
0.797
0.826
0.813
0.686
0.817
0.872
0.654
0.898
0.729
0.833
0.842
0.812
0.723
0.695
0.710
0.703
0.799
0.775
0.676
0.668
0.672
0.660
0.702
0.818
0.867
0.845
0.827
0.702
0.757
0.820
0.789
0.942
0.746
0.677
0.926
0.598
0.769
0.703
0.849
0.852
0.842
0.677
0.767
0.789
0.785
0.877
0.757
0.798
0.960
0.783
0.882
0.926
0.785
0.796
0.886
0.724
0.777
0.775
0.725
0.728
0.758
0.770
0.735
0.829
0.718
0.752
0.820
0.759
0.729
0.727
0.793
0.828
0.805
0.940
0.811
0.803
0.767
0.893
0.736
0.727
0.746
0.731
0.737
0.824
0.797
0.805
0.738
0.893
0.803
0.838
0.807
0.822
0.806
0.838
0.914
0.962
0.857
0.906
0.867
0.853
0.792
0.921
0.746
0.798
0.748
0.761
0.766
0.738
0.744
0.702
0.764
0.772
0.729
0.631
0.627
0.632
0.617
0.604
0.727
0.772
0.766
0.842
0.748
0.680
0.599
0.660
0.673
0.637
0.634
0.745
0.742
0.742
0.764
0.639
0.669
0.671
0.722
0.741
0.748
0.880
0.700
0.725
0.692
0.706
0.749
0.758
0.760
0.948
0.780
0.776
0.777
0.808
0.873
0.782
0.730
0.721
0.696
0.603
0.631
0.650
0.720
0.853
0.708
0.786
0.707
0.673
0.724
0.646
0.649
0.591
0.845
0.693
0.640
0.688
0.683
0.719
0.662
0.673
0.688
0.604
0.630
0.716
0.676
0.742
0.723
0.800
0.741
0.734
0.700
0.671
0.712
0.926
0.772
0.688
0.671
0.614
0.629
0.622
0.617
0.620
0.601
0.725
0.662
0.599
0.571
0.614
0.716
0.901
0.686
0.735
0.801
0.756
0.901
0.782
0.675
0.706
0.650
0.710
0.762
0.624
0.703
0.769
0.705
0.638
0.598
0.572
0.599
0.609
0.655
0.725
0.677
0.814
0.709
0.646
0.720
0.657
0.628
0.689
0.730
0.692
0.749
0.868
0.707
0.818
0.717
0.728
0.714
0.649
0.705
0.817
0.840
0.740
0.797
0.796
0.804
0.790
0.910
0.713
0.805
0.561
0.556
0.575
0.653
0.821
0.783
0.728
0.942
0.671
0.781
0.731
0.904
0.715
0.800
0.717
0.856
0.698
0.750
0.697
0.871
0.743
0.935
0.806
0.709
0.618
0.722
0.727
0.871
0.815
0.865
0.740
0.687
0.819
0.764
0.632
0.866
0.882
0.675
0.724
0.718
0.748
0.808
0.730
0.747
0.929
0.755
0.731
0.865
0.668
0.646
0.813
0.786
0.766
0.699
0.751
0.786
0.802
0.907
0.736
0.625
0.776
0.798
0.677
0.682
0.629
0.649
0.571
0.548
0.676
0.667
0.594
0.553
0.764
0.712
0.871
0.743
0.702
0.696
0.656
0.649
0.685
0.616
0.733
0.716
0.644
0.681
0.593
0.678
0.657
0.851
0.839
0.651
0.571
0.692
0.677
0.749
0.679
0.774
0.838
0.676
0.758
0.721
0.844
0.758
0.892
0.715
0.806
0.880
0.737
0.761
0.679
0.717
0.784
0.857
0.804
0.728
0.689
0.789
0.786
0.704
0.634
0.662
0.645
0.780
0.778
0.653
0.796
0.889
0.719
0.797
0.867
0.798
0.709
0.706
0.731
0.731
0.832
0.782
0.704
0.670
0.667
0.685
0.830
0.812
0.654
0.639
0.785
0.832
0.814
0.761
0.717
0.693
0.827
0.627
0.757
0.780
0.660
0.790
0.775
0.944
0.810
0.799
0.790
0.850
0.791
0.860
0.769
0.824
0.817
0.829
0.727
0.770
0.869
0.790
0.907
0.853
0.860
0.879
0.824
0.696
0.830
0.963
0.836
0.799
0.787
0.798
0.781
0.902
0.792
0.803
0.791
0.772
0.879
0.826
0.725
0.749
0.737
0.749
0.768
0.736
0.828
0.786
0.726
0.732
0.787
0.715
0.700
0.695
0.707
0.662
0.690
0.657
0.662
0.718
0.726
0.751
0.724
0.617
0.633
0.630
0.664
0.733
0.709
0.827
0.889
0.795
0.825
0.782
0.857
0.769
0.728
0.804
0.726
0.706
0.685
0.652
0.605
0.582
0.594
0.605
0.650
0.647
0.660
0.605
0.580
0.580
0.656
0.657
0.609
0.560
0.525
0.568
0.550
0.583
0.622
0.606
0.526
0.556
0.641
0.667
0.668
0.669
0.724
0.723
0.619
0.623
0.573
0.590
0.600
0.579
0.598
0.608
0.607
0.731
0.676
0.693
0.562
0.620
0.654
0.659
0.671
0.755
0.650
0.640
0.691
0.645
0.615
0.574
0.611
0.726
0.661
0.746
0.746
0.638
0.729
0.783
0.568
0.623
0.931
0.714
0.732
0.786
0.813
0.825
0.754
0.695
0.720
0.734
0.705
0.812
0.667
0.679
0.699
0.912
0.758
0.705
0.653
0.772
0.635
0.605
0.602
0.525
0.574
0.598
0.670
0.911
0.751
0.874
0.681
0.760
0.690
0.771
0.864
0.755
0.726
0.738
0.914
0.668
0.870
0.690
0.783
0.794
0.707
0.723
0.691
0.734
0.741
0.703
0.625
0.605
0.636
0.720
0.885
0.831
0.728
0.807
0.763
0.758
0.928
0.832
0.902
0.763
0.701
0.814
0.709
0.816
0.709
0.664
0.736
0.679
0.701
0.765
0.729
0.720
0.714
0.821
0.867
0.879
0.787
0.876
0.801
0.940
0.884
0.795
0.753
0.752
0.705
0.726
0.827
0.851
0.724
0.735
0.600
0.589
0.817
0.792
0.926
0.744
0.757
0.653
0.865
0.722
0.712
0.929
0.790
0.755
0.828
0.921
0.821
0.687
0.713
0.790
0.906
0.816
0.802
0.789
0.715
0.660
0.750
0.907
0.715
0.738
0.893
0.829
0.868
0.931
0.701
0.721
0.874
0.722
0.803
0.797
0.916
0.892
0.827
0.760
0.695
0.760
0.863
0.743
0.821
0.704
0.761
0.894
0.814
0.895
0.757
0.805
0.949
0.832
0.797
0.779
0.817
0.680
0.761
0.812
0.793
0.784
0.805
0.706
0.859
0.803
0.922
0.694
0.823
0.755
0.884
0.864
0.965
0.771
0.844
0.783
0.923
0.762
0.951
0.820
0.766
0.770
0.740
0.828
0.868
0.951
0.771
0.814
0.917
0.788
0.835
0.831
0.801
0.795
0.882
0.845
0.847
0.795
0.800
0.852
0.881
0.810
0.961
0.824
0.747
0.874
0.856
0.900
0.870
0.802
0.871
0.860
0.733
0.877
0.787
0.827
0.849
0.914
0.833
0.921
0.908
0.787
0.828
0.774
0.811
0.762
0.781
0.886
0.806
0.929
0.812
0.877
0.814
0.851
0.758
0.805
0.858
0.873
0.803
0.801
0.822
0.797
0.839
0.834
0.811
0.820
0.806
0.919
0.919
0.860
0.814
0.813
0.866
0.819
0.755
0.702
0.827
0.824
0.871
0.882
0.842
0.909
0.777
0.820
0.817
0.758
0.813
0.819
0.839
0.869
0.848
0.835
0.836
0.893
0.847
0.867
0.865
0.903
0.945
0.820
0.820
0.859
0.881
0.845
0.908
0.823
0.851
0.914
0.841
0.871
0.840
0.814
0.748
0.886
0.798
0.747
0.834
0.788
0.801
0.808
0.798
0.815
0.783
0.784
0.757
0.704
0.854
0.881
0.892
0.928
0.892
0.938
0.963
0.918
0.913
0.914
0.906
0.943
0.891
0.906
0.935
0.930
0.921
0.876
0.919
0.889
0.888
0.802
0.834
0.939
0.851
0.929
0.941
0.897
0.869
0.893
0.888
0.860
0.857
0.853
0.821
0.838
0.890
0.966
0.948
0.906
0.911
0.931
0.934
0.949
0.934
0.948
0.939
0.927
0.947
0.902
0.879
0.877
0.887
0.897
0.919
0.830
0.932
0.928
0.928
0.976
0.962
0.929
0.943
0.922
0.929
0.911
0.936
0.932
0.907
0.904
0.867
0.848
0.850
0.929
0.889
0.902
0.937
0.932
0.954
0.961
0.908
0.923
0.953
0.940
0.923
0.945
0.906
0.944
0.918
0.933
0.932
0.909
0.927
0.915
0.908
0.955
0.922
0.929
0.931
0.944
0.969
0.974
0.959
0.948
0.955
0.973
0.940
0.950
0.906
0.938
0.926
0.844
0.962
0.949
0.960
0.904
0.908
0.943
0.922
0.953
0.961
0.926
0.908
0.917
0.916
0.913
0.880
0.900
0.954
0.896
0.932
0.968
0.908
0.972
0.910
0.926
0.933
0.922
0.866
0.854
0.869
0.912
0.835
0.936
0.928
0.938
0.856
0.914
0.955
0.868
0.930
0.921
0.928
0.903
0.939
0.930
0.925
0.898
0.939
0.842
0.872
0.836
0.845
0.873
0.844
0.932
0.900
0.943
0.917
0.958
0.878
0.873
0.958
0.895
0.937
0.936
0.925
0.831
0.806
0.917
0.913
0.934
0.941
0.898
0.925
0.876
0.875
0.927
0.857
0.791
0.877
0.920
0.934
0.912
0.927
0.909
0.872
0.917
0.953
0.960
0.796
0.867
0.838
0.896
0.854
0.827
0.889
0.937
0.903
0.882
0.897
0.906
0.889
0.952
0.944
0.910
0.909
0.864
0.857
0.776
0.838
0.904
0.909
0.937
0.916
0.925
0.900
0.943
0.894
0.916
0.975
0.892
0.936
0.924
0.920
0.940
0.916
0.849
0.913
0.876
0.955
0.859
0.825
0.849
0.876
0.957
0.901
0.882
0.868
0.893
0.937
0.863
0.955
0.960
0.966
0.860
0.783
0.900
0.938
0.953
0.940
0.939
0.915
0.873
0.917
0.848
0.852
0.919
0.942
0.865
0.912
0.949
0.868
0.913
0.933
0.907
0.863
0.853
0.955
0.962
0.943
0.933
0.928
0.904
0.943
0.927
0.941
0.924
0.857
0.920
0.849
0.865
0.769
0.704
0.721
0.796
0.884
0.898
0.924
0.962
0.937
0.924
0.966
0.924
0.927
0.960
0.896
0.894
0.886
0.926
0.925
0.974
0.922
0.914
0.967
0.941
0.949
0.912
0.926
0.957
0.947
0.973
0.965
0.864
0.941
0.910
0.917
0.913
0.927
0.950
0.939
0.940
0.944
0.958
0.962
0.950
0.888
0.916
0.935
0.925
0.982
0.942
0.950
0.956
0.976
0.911
0.972
0.977
0.934
0.948
0.919
0.947
0.959
0.950
0.900
0.884
0.925
0.913
0.937
0.932
0.911
0.905
0.911
0.878
0.860
0.874
0.947
0.959
0.958
0.922
0.882
0.924
0.840
0.836
0.911
0.864
0.861
0.910
0.928
0.877
0.917
0.933
0.902
0.907
0.839
0.875
0.875
0.831
0.897
0.894
0.897
0.881
0.862
0.931
0.898
0.896
0.856
0.887
0.902
0.902
0.918
0.954
0.847
0.927
0.935
0.916
0.899
0.922
0.901
0.828
0.822
0.834
0.859
0.872
0.807
0.841
0.807
0.786
0.822
0.821
0.868
0.884
0.838
0.881
0.902
0.887
0.871
0.866
0.892
0.853
0.929
0.923
0.921
0.892
0.827
0.828
0.872
0.903
0.860
0.930
0.928
0.956
0.938
0.946
0.945
0.967
0.910
0.922
0.908
0.922
0.913
0.878
0.925
0.930
0.911
0.893
0.957
0.886
0.967
0.922
0.946
0.938
0.943
0.938
0.908
0.943
0.955
0.900
0.944
0.903
0.885
0.941
0.902
0.876
0.945
0.923
0.939
0.928
0.939
0.965
0.914
0.937
0.937
0.967
0.911
0.930
0.974
0.924
0.950
0.915
0.971
0.911
0.972
0.896
0.977
0.955
0.950
0.915
0.939
0.958
0.927
0.914
0.933
0.900
0.875
0.930
0.872
0.907
0.922
0.934
0.974
0.898
0.833
0.875
0.844
0.918
0.834
0.903
0.968
0.914
0.884
0.909
0.939
0.856
0.878
0.767
0.799
0.860
0.921
0.929
0.937
0.956
0.938
0.956
0.905
0.866
0.875
0.901
0.813
0.859
0.869
0.876
0.944
0.820
0.860
0.914
0.941
0.901
0.757
0.878
0.921
0.950
0.921
0.916
0.837
0.856
0.852
0.894
0.877
0.904
0.890
0.817
0.798
0.825
0.907
0.833
0.854
0.910
0.857
0.807
0.923
0.843
0.796
0.801
0.882
0.911
0.922
0.857
0.802
0.917
0.917
0.875
0.892
0.967
0.932
0.955
0.950
0.858
0.876
0.927
0.900
0.891
0.902
0.890
0.891
0.906
0.948
0.832
0.887
0.917
0.931
0.939
0.938
0.863
0.886
0.817
0.862
0.896
0.882
0.849
0.840
0.875
0.918
0.978
0.874
0.815
0.840
0.879
0.836
0.889
0.898
0.934
0.829
0.888
0.942
0.858
0.933
0.858
0.917
0.911
0.945
0.879
0.938
0.929
0.953
0.873
0.900
0.961
0.925
0.894
0.911
0.892
0.887
0.899
0.901
0.925
0.975
0.965
0.937
0.873
0.912
0.929
0.951
0.895
0.931
0.970
0.931
0.908
0.976
0.970
0.938
0.916
0.916
0.911
0.952
0.941
0.959
0.927
0.977
0.950
0.911
0.932
0.939
0.890
0.928
0.904
0.948
0.876
0.902
0.921
0.932
0.880
0.900
0.922
0.948
0.941
0.906
0.920
0.938
0.938
0.977
0.964
0.935
0.948
0.944
0.921
0.956
0.910
0.910
0.916
0.922
0.921
0.861
0.855
0.937
0.892
0.865
0.926
0.888
0.866
0.892
0.907
0.897
0.898
0.935
0.896
0.849
0.909
0.946
0.955
0.956
0.951
0.884
0.921
0.957
0.873
0.939
0.874
0.903
0.864
0.828
0.887
0.866
0.856
0.857
0.882
0.860
0.847
0.806
0.801
0.827
0.792
0.816
0.882
0.835
0.866
0.865
0.866
0.850
0.817
0.857
0.875
0.854
0.957
0.938
0.967
0.857
0.917
0.864
0.846
0.866
0.834
0.926
0.890
0.980
0.933
0.949
0.949
0.918
0.957
0.924
0.941
0.892
0.875
0.877
0.907
0.896
0.893
0.951
0.903
0.898
0.861
0.920
0.871
0.907
0.904
0.871
0.900
0.921
0.940
0.958
0.943
0.970
0.873
0.925
0.929
0.886
0.930
0.942
0.926
0.916
0.957
0.952
0.972
0.956
0.929
0.944
0.939
0.881
0.939
0.932
0.863
0.910
0.923
0.893
0.917
0.932
0.941
0.905
0.910
0.940
0.898
0.908
0.901
0.914
0.935
0.939
0.942
0.970
0.924
0.961
0.942
0.952
0.952
0.933
0.927
0.944
0.932
0.917
0.928
0.920
0.898
0.895
0.946
0.936
0.918
0.939
0.916
0.953
0.935
0.956
0.892
0.906
0.916
0.961
0.950
0.910
0.850
0.929
0.947
0.955
0.911
0.889
0.932
0.895
0.924
0.891
0.964
0.894
0.958
0.935
0.950
0.945
0.934
0.977
0.908
0.913
0.928
0.886
0.948
0.852
0.960
0.904
0.894
0.843
0.855
0.853
0.882
0.887
0.856
0.820
0.858
0.925
0.928
0.888
0.893
0.911
0.873
0.918
0.868
0.890
0.946
0.887
0.912
0.897
0.918
0.929
0.872
0.893
0.941
0.965
0.931
0.963
0.847
0.899
0.911
0.920
0.903
0.866
0.920
0.845
0.900
0.918
0.922
0.915
0.871
0.879
0.849
0.829
0.895
0.910
0.894
0.890
0.907
0.884
0.820
0.802
0.884
0.836
0.861
0.848
0.862
0.920
0.851
0.911
0.860
0.856
0.876
0.870
0.921
0.940
0.935
0.919
0.952
0.882
0.932
0.897
0.938
0.909
0.935
0.932
0.951
0.935
0.910
0.951
0.917
0.950
0.859
0.943
0.935
0.917
0.903
0.939
0.901
0.910
0.934
0.888
0.880
0.913
0.959
0.944
0.906
0.934
0.956
0.953
0.878
0.918
0.952
0.943
0.930
0.910
0.951
0.922
0.827
0.822
0.924
0.915
0.938
0.833
0.952
0.951
0.938
0.974
0.937
0.944
0.890
0.941
0.961
0.833
0.896
0.893
0.912
0.888
0.918
0.940
0.907
0.930
0.850
0.850
0.967
0.959
0.918
0.909
0.921
0.939
0.952
0.894
0.963
0.887
0.963
0.954
0.873
0.943
0.891
0.885
0.883
0.837
0.907
0.891
0.924
0.980
0.943
0.948
0.949
0.958
0.919
0.925
0.963
0.914
0.928
0.942
0.883
0.968
0.915
0.927
0.924
0.915
0.921
0.911
0.917
0.876
0.923
0.920
0.897
0.882
0.923
0.909
0.973
0.891
0.859
0.874
0.890
0.961
0.946
0.980
0.852
0.915
0.948
0.941
0.954
0.936
0.941
0.938
0.924
0.854
0.847
0.875
0.865
0.959
0.896
0.949
0.860
0.837
0.802
0.842
0.907
0.927
0.930
0.931
0.881
0.926
0.916
0.932
0.912
0.882
0.935
0.825
0.887
0.869
0.937
0.878
0.848
0.856
0.886
0.912
0.911
0.922
0.977
0.936
0.936
0.908
0.878
0.874
0.914
0.865
0.867
0.905
0.951
0.902
0.889
0.858
0.955
0.892
0.925
0.906
0.951
0.880
0.893
0.878
0.901
0.895
0.892
0.808
0.876
0.868
0.876
0.905
0.884
0.864
0.907
0.881
0.898
0.895
0.941
0.927
0.878
0.879
0.895
0.874
0.891
0.886
0.932
0.949
0.937
0.858
0.857
0.911
0.902
0.920
0.923
0.932
0.933
0.941
0.925
0.919
0.895
0.905
0.900
0.894
0.949
0.923
0.873
0.880
0.838
0.856
0.828
0.831
0.881
0.901
0.906
0.899
0.893
0.915
0.892
0.918
0.904
0.875
0.928
0.970
0.932
0.953
0.966
0.899
0.938
0.927
0.905
0.919
0.926
0.945
0.898
0.911
0.908
0.927
0.890
0.979
0.965
0.928
0.967
0.921
0.973
0.912
0.911
0.948
0.868
0.902
0.930
0.954
0.938
0.909
0.934
0.937
0.925
0.918
0.971
0.871
0.838
0.907
0.875
0.936
0.844
0.828
0.906
0.887
0.919
0.958
0.892
0.892
0.913
0.918
0.906
0.937
0.893
0.860
0.906
0.884
0.933
0.888
0.840
0.799
0.918
0.897
0.891
0.821
0.858
0.848
0.812
0.760
0.753
0.805
0.797
0.868
0.928
0.910
0.906
0.842
0.766
0.884
0.875
0.921
0.888
0.881
0.902
0.876
0.900
0.767
0.786
0.750
0.811
0.834
0.864
0.766
0.809
0.851
0.778
0.726
0.728
0.803
0.829
0.803
0.818
0.826
0.787
0.858
0.915
0.829
0.842
0.796
0.778
