19790101
0.906
0.915
0.828
0.834
0.839
0.801
0.792
0.777
0.723
0.753
0.783
0.855
0.810
0.909
0.842
0.795
0.785
0.743
0.745
0.690
0.716
0.843
0.890
0.880
0.890
0.932
0.962
0.944
0.962
0.898
0.903
0.925
0.909
0.838
0.839
0.818
0.843
0.864
0.864
0.896
0.945
0.914
0.874
0.935
0.915
0.921
0.922
0.900
0.887
0.901
0.863
0.868
0.890
0.943
0.960
0.963
0.956
0.940
0.928
0.925
0.949
0.909
0.923
0.953
0.937
0.962
0.979
0.943
0.949
0.940
0.912
0.866
0.902
0.894
0.916
0.908
0.900
0.958
0.926
0.909
0.944
0.891
0.935
0.850
0.960
0.873
0.958
0.951
0.915
0.932
0.909
0.943
0.951
0.944
0.964
0.968
0.975
0.966
0.920
0.927
0.873
0.899
0.939
0.966
0.963
0.968
0.940
0.925
0.972
0.945
0.969
0.980
0.951
0.921
0.963
0.968
0.943
0.941
0.956
0.973
0.921
0.977
0.961
0.979
0.975
0.955
0.960
0.920
0.936
0.912
0.964
0.969
0.972
0.940
0.968
0.949
0.977
0.959
0.949
0.926
0.976
0.911
0.972
0.941
0.923
0.949
0.959
0.965
0.938
0.896
0.970
0.965
0.979
0.898
0.911
0.831
0.810
0.893
0.937
0.909
0.971
0.951
0.956
0.944
0.961
0.816
0.936
0.926
0.897
0.923
0.914
0.914
0.922
0.921
0.917
0.893
0.887
0.826
0.850
0.911
0.920
0.940
0.959
0.868
0.879
0.925
0.755
0.717
0.808
0.856
0.821
0.834
0.878
0.942
0.942
0.959
0.960
0.939
0.904
0.818
0.904
0.878
0.937
0.934
0.923
0.951
0.863
0.803
0.784
0.793
0.887
0.940
0.939
0.911
0.930
0.853
0.844
0.858
0.781
0.739
0.728
0.709
0.769
0.859
0.851
0.937
0.929
0.958
0.917
0.932
0.918
0.901
0.936
0.940
0.970
0.868
0.847
0.958
0.907
0.918
0.921
0.960
0.925
0.803
0.868
0.923
0.951
0.955
0.912
0.833
0.960
0.879
0.940
0.923
0.930
0.976
0.971
0.895
0.957
0.909
0.946
0.937
0.972
0.957
0.963
0.926
0.909
0.923
0.949
0.889
0.921
0.948
0.868
0.930
0.903
0.917
0.910
0.953
0.875
0.944
0.978
0.955
0.848
0.946
0.889
0.871
0.865
0.872
0.935
0.936
0.970
0.877
0.943
0.882
0.881
0.781
0.778
0.849
0.904
0.871
0.949
0.862
0.850
0.854
0.916
0.934
0.874
0.968
0.977
0.892
0.840
0.860
0.910
0.927
0.939
0.977
0.920
0.902
0.958
0.944
0.942
0.899
0.936
0.927
0.949
0.859
0.841
0.941
0.947
0.942
0.955
0.947
0.941
0.964
0.965
0.949
0.926
0.946
0.937
0.932
0.944
0.895
0.898
0.926
0.853
0.779
0.860
0.881
0.937
0.944
0.950
0.953
0.944
0.971
0.881
0.911
0.906
0.844
0.828
0.832
0.863
0.897
0.937
0.929
0.888
0.971
0.934
0.949
0.946
0.912
0.827
0.860
0.863
0.855
0.752
0.762
0.696
0.733
0.885
0.867
0.830
0.860
0.926
0.946
0.921
0.909
0.900
0.898
0.935
0.897
0.888
0.834
0.957
0.912
0.889
0.886
0.937
0.962
0.978
0.968
0.977
0.871
0.769
0.708
0.718
0.819
0.793
0.797
0.719
0.683
0.661
0.861
0.952
0.836
0.919
0.925
0.943
0.783
0.783
0.777
0.709
0.809
0.726
0.794
0.808
0.747
0.837
0.810
0.724
0.645
0.665
0.640
0.651
0.792
0.775
0.881
0.881
0.890
0.869
0.858
0.847
0.807
0.857
0.841
0.815
0.734
0.698
0.772
0.803
0.790
0.805
0.760
0.764
0.813
0.849
0.908
0.820
0.878
0.903
0.816
0.850
0.869
0.894
0.842
0.830
0.841
0.798
0.748
0.772
0.763
0.762
0.865
0.899
0.784
0.764
0.782
0.856
0.964
0.943
0.955
0.955
0.948
0.897
0.921
0.929
0.920
0.934
0.960
0.933
0.940
0.939
0.959
0.927
0.953
0.966
0.884
0.894
0.906
0.885
0.976
0.942
0.863
0.915
0.957
0.821
0.900
0.970
0.960
0.913
0.960
0.889
0.960
0.933
0.930
0.960
0.959
0.947
0.940
0.967
0.957
0.955
0.982
0.924
0.880
0.886
0.899
0.928
0.934
0.931
0.943
0.884
0.725
0.777
0.800
0.869
0.898
0.943
0.822
0.854
0.883
0.872
0.935
0.904
0.797
0.773
0.746
0.754
0.678
0.722
0.693
0.753
0.710
0.655
0.688
0.715
0.683
0.790
0.844
0.853
0.859
0.799
0.758
0.759
0.774
0.786
0.814
0.771
0.791
0.863
0.862
0.878
0.870
0.854
0.885
0.888
0.937
0.896
0.824
0.872
0.862
0.845
0.892
0.931
0.958
0.946
0.952
0.938
0.944
0.904
0.865
0.811
0.822
0.866
0.865
0.860
0.937
0.946
0.956
0.907
0.917
0.846
0.788
0.820
0.855
0.788
0.841
0.824
0.742
0.845
0.880
0.930
0.932
0.967
0.878
0.815
0.854
0.864
0.852
0.803
0.729
0.827
0.849
0.910
0.957
0.976
0.888
0.897
0.914
0.910
0.934
0.979
0.960
0.913
0.939
0.933
0.920
0.957
0.976
0.942
0.926
0.940
0.940
0.934
0.971
0.909
0.979
0.902
0.966
0.964
0.965
0.912
0.946
0.910
0.976
0.975
0.957
0.963
0.936
0.958
0.955
0.889
0.924
0.917
0.921
0.917
0.942
0.941
0.960
0.939
0.972
0.954
0.968
0.950
0.979
0.939
0.964
0.933
0.934
0.931
0.936
0.946
0.916
0.941
0.977
0.917
0.926
0.905
0.894
0.866
0.889
0.932
0.943
0.948
0.967
0.956
0.905
0.935
0.940
0.942
0.938
0.957
0.891
0.889
0.922
0.965
0.929
0.916
0.951
0.972
0.937
0.953
0.965
0.963
0.975
0.965
0.978
0.974
0.960
0.888
0.867
0.902
0.917
0.927
0.919
0.924
0.926
0.950
0.952
0.969
0.949
0.974
0.886
0.871
0.813
0.815
0.908
0.898
0.883
0.907
0.916
0.910
0.862
0.875
0.925
0.839
0.891
0.833
0.842
0.891
0.810
0.794
0.778
0.847
0.849
0.887
0.960
0.848
0.865
0.906
0.809
0.888
0.913
0.875
0.861
0.917
0.901
0.917
0.906
0.887
0.906
0.900
0.872
0.885
0.894
0.889
0.964
0.973
0.963
0.908
0.928
0.944
0.936
0.970
0.967
0.984
0.960
0.939
0.923
0.938
0.911
0.909
0.926
0.910
0.896
0.961
0.962
0.935
0.950
0.952
0.942
0.930
0.930
0.945
0.955
0.900
0.875
0.935
0.888
0.922
0.849
0.796
0.828
0.918
0.846
0.881
0.841
0.835
0.858
0.860
0.852
0.814
0.817
0.836
0.910
0.959
0.849
0.895
0.907
0.874
0.871
0.839
0.878
0.955
0.916
0.977
0.896
0.954
0.938
0.968
0.922
0.934
0.890
0.896
0.966
0.959
0.960
0.979
0.959
0.937
0.944
0.949
0.972
0.933
0.889
0.927
0.956
0.980
0.887
0.791
0.943
0.939
0.948
0.975
0.925
0.948
0.940
0.978
0.977
0.969
0.946
0.934
0.933
0.928
0.863
0.962
0.908
0.970
0.866
0.971
0.911
0.978
0.932
0.978
0.950
0.963
0.953
0.975
0.977
0.960
0.982
0.948
0.966
0.963
0.947
0.957
0.964
0.958
0.953
0.962
0.980
0.892
0.892
0.919
0.961
0.904
0.928
0.927
0.863
0.922
0.953
0.926
0.930
0.938
0.927
0.928
0.924
0.969
0.944
0.870
0.893
0.880
0.887
0.881
0.906
0.889
0.839
0.884
0.902
0.944
0.857
0.904
0.882
0.875
0.903
0.864
0.880
0.742
0.760
0.759
0.804
0.814
0.766
0.712
0.764
0.853
0.842
0.862
0.808
0.868
0.932
0.927
0.829
0.754
0.846
0.847
0.906
0.969
0.895
0.907
0.934
0.921
0.817
0.853
0.916
0.940
0.976
0.928
0.942
0.851
0.947
0.876
0.888
0.926
0.969
0.976
0.893
0.921
0.909
0.946
0.953
0.933
0.903
0.909
0.962
0.948
0.965
0.972
0.977
0.883
0.908
0.897
0.910
0.955
0.918
0.737
0.858
0.875
0.841
0.931
0.955
0.932
0.941
0.962
0.953
0.911
0.910
0.934
0.960
0.950
0.952
0.953
0.975
0.888
0.939
0.942
0.942
0.942
0.966
0.921
0.961
0.949
0.949
0.947
0.966
0.972
0.954
0.974
0.971
0.873
0.908
0.932
0.962
0.930
0.975
0.935
0.934
0.953
0.937
0.947
0.969
0.969
0.977
0.970
0.924
0.944
0.980
0.962
0.947
0.975
0.944
0.951
0.924
0.928
0.972
0.954
0.973
0.969
0.891
0.947
0.935
0.916
0.901
0.928
0.925
0.960
0.907
0.958
0.959
0.968
0.983
0.954
0.921
0.927
0.981
0.975
0.978
0.931
0.935
0.961
0.966
0.882
0.933
0.920
0.950
0.956
0.970
0.934
0.856
0.861
0.890
0.897
0.921
0.941
0.909
0.924
0.974
0.966
0.946
0.964
0.971
0.878
0.852
0.843
0.832
0.920
0.899
0.912
0.902
0.903
0.875
0.842
0.867
0.948
0.804
0.787
0.750
0.735
0.709
0.657
0.790
0.867
0.965
0.911
0.869
0.876
0.876
0.915
0.900
0.881
0.959
0.931
0.929
0.916
0.955
0.912
0.950
0.958
0.952
0.901
0.931
0.950
0.956
0.956
0.901
0.905
0.932
0.967
0.967
0.935
0.971
0.837
0.854
0.885
0.863
0.882
0.907
0.960
0.801
0.859
0.875
0.925
0.843
0.825
0.723
0.915
0.944
0.886
0.875
0.899
0.902
0.849
0.879
0.855
0.781
0.739
0.802
0.811
0.869
0.949
0.919
0.872
0.818
0.915
0.895
0.933
0.950
0.958
0.953
0.942
0.943
0.964
0.972
0.958
0.916
0.930
0.889
0.862
0.867
0.742
0.704
0.672
0.835
0.930
0.944
0.952
0.955
0.906
0.894
0.939
0.919
0.883
0.876
0.904
0.896
0.919
0.949
0.972
0.891
0.932
0.975
0.974
0.964
0.904
0.977
0.947
0.943
0.973
0.948
0.974
0.936
0.971
0.941
0.981
0.929
0.968
0.905
0.977
0.929
0.936
0.909
0.949
0.947
0.949
0.963
0.929
0.947
0.932
0.842
0.850
0.882
0.913
0.865
0.931
0.925
0.938
0.882
0.908
0.964
0.956
0.953
0.798
0.873
0.847
0.869
0.896
0.951
0.837
0.929
0.848
0.873
0.824
0.814
0.833
0.798
0.838
0.777
0.686
0.687
0.686
0.756
0.767
0.745
0.857
0.886
0.797
0.788
0.791
0.864
0.828
0.884
0.682
0.699
0.767
0.752
0.721
0.765
0.762
0.771
0.767
0.772
0.682
0.721
0.816
0.866
0.896
0.844
0.745
0.673
0.721
0.795
0.848
0.675
0.658
0.828
0.925
0.904
0.848
0.718
0.687
0.710
0.713
0.729
0.772
0.705
0.710
0.742
0.637
0.597
0.748
0.725
0.711
0.685
0.783
0.822
0.750
0.713
0.741
0.842
0.848
0.806
0.735
0.832
0.761
0.822
0.757
0.800
0.867
0.869
0.928
0.951
0.894
0.898
0.900
0.910
0.936
0.972
0.850
0.898
0.892
0.914
0.878
0.877
0.882
0.914
0.914
0.829
0.979
0.971
0.917
0.981
0.901
0.970
0.960
0.885
0.926
0.950
0.901
0.900
0.898
0.874
0.959
0.981
0.968
0.874
0.890
0.928
0.938
0.974
0.982
0.922
0.982
0.849
0.973
0.871
0.909
0.879
0.840
0.895
0.936
0.947
0.970
0.976
0.953
0.949
0.973
0.886
0.938
0.947
0.960
0.957
0.976
0.920
0.901
0.842
0.870
0.906
0.937
0.844
0.870
0.934
0.970
0.971
0.945
0.898
0.897
0.951
0.963
0.954
0.941
0.867
0.818
0.865
0.892
0.964
0.900
0.934
0.937
0.926
0.910
0.868
0.956
0.932
0.911
0.934
0.863
0.886
0.971
0.979
0.939
0.979
0.934
0.958
0.906
0.930
0.926
0.941
0.936
0.956
0.908
0.916
0.839
0.930
0.774
0.861
0.894
0.875
0.865
0.800
0.741
0.761
0.749
0.764
0.856
0.775
0.799
0.762
0.874
0.749
0.666
0.697
0.760
0.726
0.719
0.803
0.737
0.756
0.756
0.833
0.946
0.707
0.899
0.791
0.742
0.735
0.697
0.816
0.724
0.818
0.859
0.857
0.779
0.771
0.745
0.731
0.813
0.661
0.693
0.677
0.902
0.788
0.825
0.798
0.837
0.762
0.803
0.896
0.865
0.761
0.954
0.679
0.800
0.928
0.913
0.813
0.874
0.895
0.944
0.963
0.898
0.880
0.937
0.944
0.873
0.785
0.866
0.899
0.903
0.936
0.824
0.707
0.751
0.817
0.765
0.837
0.961
0.813
0.911
0.933
0.778
0.795
0.841
0.853
0.924
0.888
0.908
0.915
0.896
0.938
0.925
0.955
0.882
0.881
0.921
0.920
0.896
0.932
0.867
0.927
0.962
0.957
0.914
0.961
0.873
0.882
0.767
0.855
0.935
0.949
0.907
0.969
0.933
0.975
0.944
0.936
0.954
0.910
0.970
0.911
0.929
0.888
0.932
0.884
0.954
0.961
0.958
0.950
0.957
0.972
0.967
0.888
0.954
0.877
0.962
0.962
0.887
0.885
0.938
0.910
0.975
0.980
0.970
0.956
0.944
0.957
0.905
0.957
0.974
0.873
0.967
0.972
0.974
0.914
0.939
0.939
0.952
0.975
0.908
0.894
0.941
0.849
0.847
0.800
0.861
0.934
0.892
0.783
0.898
0.905
0.874
0.868
0.917
0.913
0.864
0.871
0.896
0.853
0.942
0.902
0.872
0.926
0.947
0.905
0.843
0.845
0.765
0.856
0.904
0.871
0.877
0.740
0.698
0.704
0.703
0.777
0.869
0.692
0.583
0.618
0.723
0.781
0.810
0.790
0.858
0.839
0.879
0.827
0.835
0.815
0.885
0.805
0.802
0.750
0.832
0.880
0.893
0.812
0.736
0.785
0.727
0.679
0.697
0.875
0.779
0.815
0.856
0.814
0.840
0.824
0.794
0.898
0.820
0.878
0.894
0.832
0.861
0.885
0.808
0.925
0.869
0.928
0.890
0.925
0.963
0.902
0.925
0.864
0.895
0.934
0.931
0.861
0.924
0.915
0.889
0.904
0.922
0.920
0.898
0.896
0.880
0.866
0.878
0.884
0.774
0.839
0.821
0.850
0.873
0.925
0.838
0.855
0.879
0.939
0.941
0.961
0.910
0.979
0.890
0.944
0.964
0.952
0.956
0.970
0.954
0.965
0.977
0.952
0.945
0.952
0.975
0.926
0.962
0.960
0.883
0.962
0.963
0.951
0.944
0.964
0.977
0.972
0.968
0.944
0.941
0.897
0.969
0.946
0.939
0.967
0.942
0.936
0.942
0.922
0.860
0.897
0.934
0.896
0.894
0.941
0.922
0.949
0.942
0.935
0.981
0.933
0.928
0.911
0.924
0.913
0.981
0.955
0.945
0.933
0.944
0.937
0.929
0.969
0.960
0.955
0.934
0.959
0.924
0.984
0.966
0.944
0.940
0.943
0.934
0.928
0.934
0.903
0.940
0.919
0.925
0.914
0.962
0.977
0.937
0.963
0.943
0.939
0.965
0.877
0.933
0.948
0.971
0.885
0.901
0.880
0.915
0.841
0.881
0.888
0.908
0.891
0.894
0.918
0.923
0.912
0.858
0.898
0.860
0.786
0.803
0.896
0.912
0.861
0.801
0.896
0.925
0.918
0.960
0.921
0.911
0.916
0.881
0.903
0.921
0.924
0.924
0.925
0.879
0.937
0.940
0.925
0.899
0.904
0.882
0.909
0.930
0.912
0.927
0.953
0.920
0.883
0.973
0.865
0.914
0.942
0.941
0.889
0.912
0.938
0.898
0.933
0.894
0.916
0.819
0.745
0.801
0.864
0.809
0.853
0.863
0.916
0.850
0.795
0.744
0.850
0.880
0.834
0.777
0.777
0.872
0.872
0.931
0.905
0.914
0.851
0.851
0.802
0.826
0.913
0.882
0.897
0.962
0.883
0.940
0.771
0.790
0.824
0.909
0.964
0.880
0.888
0.890
0.876
0.923
0.852
0.938
0.950
0.904
0.977
0.933
0.893
0.944
0.900
0.973
0.890
0.960
0.937
0.908
0.921
0.918
0.917
0.934
0.938
0.945
0.894
0.936
0.903
0.933
0.937
0.969
0.945
0.946
0.903
0.920
0.866
0.925
0.956
0.968
0.924
0.981
0.975
0.969
0.942
0.953
0.957
0.959
0.919
0.957
0.864
0.956
0.936
0.959
0.937
0.948
0.939
0.956
0.905
0.935
0.843
0.914
0.862
0.824
0.883
0.884
0.825
0.856
0.902
0.908
0.961
0.922
0.884
0.957
0.922
0.961
0.946
0.955
0.909
0.946
0.957
0.976
0.921
0.966
0.956
0.976
0.925
0.939
0.913
0.922
0.930
0.899
0.896
0.869
0.854
0.854
0.891
0.884
0.932
0.839
0.862
0.883
0.833
0.804
0.851
0.841
0.822
0.874
0.926
0.929
0.921
0.929
0.921
0.861
0.905
0.932
0.906
0.863
0.916
0.965
0.937
0.883
0.901
0.920
0.934
0.943
0.929
0.950
0.922
0.917
0.951
0.961
0.938
0.954
0.905
0.899
0.896
0.856
0.927
0.853
0.870
0.873
0.820
0.841
0.874
0.929
0.946
0.970
0.977
0.895
0.915
0.934
0.932
0.945
0.919
0.936
0.961
0.836
0.958
0.928
0.938
0.965
0.825
0.940
0.937
0.951
0.941
0.945
0.946
0.980
0.876
0.925
0.971
0.916
0.979
0.933
0.982
0.913
0.933
0.951
0.915
0.871
0.948
0.950
0.957
0.925
0.970
0.928
0.962
0.954
0.942
0.925
0.971
0.943
0.934
0.954
0.954
0.978
0.953
0.965
0.957
0.862
0.893
0.905
0.950
0.971
0.962
0.913
0.822
0.883
0.949
0.932
0.938
0.898
0.920
0.933
0.952
0.951
0.966
0.961
0.894
0.969
0.929
0.941
0.970
0.947
0.976
0.977
0.979
0.952
0.921
0.935
0.936
0.940
0.916
0.882
0.925
0.844
0.947
0.936
0.930
0.956
0.946
0.897
0.956
0.976
0.979
0.951
0.948
0.963
0.966
0.949
0.964
0.946
0.958
0.904
0.912
0.881
0.868
0.834
0.762
0.874
0.783
0.843
0.932
0.979
0.914
0.921
0.894
0.867
0.823
0.850
0.809
0.748
0.719
0.744
0.728
0.736
0.761
0.842
0.799
0.873
0.941
0.814
0.708
0.722
0.862
0.774
0.865
0.759
0.796
0.810
0.726
0.761
0.755
0.722
0.725
0.615
0.665
0.895
0.898
0.886
0.907
0.896
0.858
0.912
0.883
0.761
0.728
0.657
0.693
0.651
0.663
0.761
0.820
0.846
0.705
0.701
0.703
0.772
0.834
0.885
0.919
0.935
0.935
0.913
0.845
0.721
0.734
0.913
0.944
0.838
0.894
0.819
0.843
0.849
0.837
0.919
0.882
0.692
0.728
0.796
0.663
0.695
0.831
0.910
0.918
0.900
0.827
0.926
0.895
0.957
0.897
0.808
0.895
0.932
0.887
0.931
0.942
0.938
0.930
0.932
0.876
0.890
0.911
0.910
0.894
0.886
0.908
0.952
0.936
0.913
0.898
0.886
0.910
0.927
0.923
0.933
0.878
0.799
0.797
0.839
0.893
0.899
0.924
0.939
0.902
0.870
0.958
0.894
0.977
0.965
0.978
0.958
0.864
0.936
0.881
0.983
0.965
0.898
0.866
0.870
0.879
0.958
0.915
0.917
0.938
0.932
0.878
0.899
0.920
0.892
0.952
0.981
0.909
0.976
0.973
0.884
0.909
0.862
0.871
0.766
0.771
0.729
0.729
0.768
0.756
0.712
0.683
0.694
0.690
0.664
0.660
0.697
0.616
0.690
0.741
0.847
0.707
0.743
0.690
0.840
0.726
0.708
0.687
0.672
0.695
0.696
0.785
0.863
0.920
0.942
0.826
0.703
0.747
0.733
0.779
0.767
0.823
0.856
0.785
0.832
0.812
0.845
0.939
0.920
0.927
0.936
0.944
0.855
0.926
0.870
0.874
0.958
0.898
0.785
0.859
0.880
0.890
0.895
0.895
0.920
0.915
0.888
0.880
0.945
0.914
0.947
0.939
0.954
0.899
0.935
0.930
0.950
0.911
0.906
0.896
0.915
0.935
0.942
0.905
0.926
0.900
0.907
0.896
0.793
0.804
0.897
0.927
0.932
0.897
0.949
0.978
0.875
0.971
0.900
0.956
0.918
0.939
0.962
0.868
0.865
0.862
0.866
0.892
0.903
0.955
0.915
0.973
0.912
0.867
0.933
0.944
0.954
0.957
0.950
0.874
0.908
0.959
0.946
0.969
0.965
0.958
0.929
0.925
0.887
0.829
0.903
0.925
0.934
0.955
0.893
0.979
0.907
0.877
0.889
0.963
0.975
0.960
0.942
0.966
0.968
0.900
0.973
0.852
0.778
0.745
0.836
0.878
0.922
0.918
0.975
0.943
0.946
0.948
0.894
0.955
0.909
0.936
0.933
0.972
0.957
0.923
0.937
0.931
0.940
0.954
0.929
0.926
0.918
0.904
0.944
0.956
0.965
0.960
0.974
0.907
0.906
0.920
0.935
0.911
0.890
0.896
0.965
0.906
0.925
0.883
0.895
0.804
0.749
0.747
0.738
0.711
0.690
0.705
0.744
0.739
0.738
0.792
0.766
0.677
0.805
0.929
0.786
0.754
0.653
0.824
0.855
0.883
0.901
0.925
0.895
0.898
0.898
0.837
0.846
0.870
0.787
0.871
0.877
0.921
0.780
0.889
0.869
0.834
0.715
0.808
0.820
0.898
0.888
0.853
0.912
0.939
0.932
0.840
0.889
0.915
0.787
0.784
0.921
0.966
0.950
0.892
0.816
0.805
0.914
0.909
0.880
0.884
0.923
0.883
0.910
0.862
0.930
0.960
0.919
0.905
0.904
0.927
0.931
0.965
0.921
0.819
0.807
0.808
0.919
0.970
0.960
0.903
0.928
0.834
0.890
0.877
0.728
0.803
0.925
0.873
0.896
0.881
0.862
0.700
0.745
0.805
0.819
0.870
0.889
0.937
0.881
0.778
0.732
0.737
0.807
0.891
0.919
0.894
0.932
0.918
0.940
0.888
0.920
0.927
0.938
0.927
0.922
0.930
0.963
0.855
0.949
0.950
0.947
0.938
0.922
0.823
0.947
0.960
0.883
0.939
0.951
0.928
0.888
0.941
0.961
0.961
0.957
0.972
0.974
0.917
0.909
0.911
0.954
0.964
0.972
0.930
0.949
0.938
0.949
0.966
0.895
0.846
0.864
0.855
0.939
0.900
0.897
0.963
0.920
0.896
0.955
0.959
0.931
0.952
0.956
0.899
0.967
0.941
-99.000
0.977
0.949
0.975
0.954
0.972
0.910
0.861
0.904
0.910
0.889
0.804
0.842
0.802
0.850
0.903
0.874
0.823
0.848
0.831
0.742
0.731
0.809
0.825
0.891
0.784
0.781
0.776
0.780
0.855
0.873
0.880
0.802
0.710
0.815
0.840
0.831
0.798
0.737
0.724
0.638
0.701
0.719
0.708
0.659
0.755
0.820
0.831
0.865
0.749
0.774
0.804
0.843
0.693
0.699
0.645
0.616
0.663
0.627
0.707
0.718
0.728
0.686
0.722
0.738
0.696
0.859
0.746
0.704
0.636
0.695
0.666
0.732
0.765
0.865
0.885
0.916
0.883
0.896
0.864
0.919
0.891
0.924
0.911
0.848
0.890
0.920
0.922
0.869
0.852
0.827
0.880
0.888
0.907
0.948
0.955
0.794
0.887
0.777
0.752
0.828
0.765
0.718
0.777
0.722
0.846
0.921
0.881
0.846
0.819
0.934
0.872
0.878
0.909
0.854
0.860
0.939
0.874
0.917
0.977
0.908
0.980
0.934
0.937
0.968
0.955
0.944
0.893
0.896
0.889
0.950
0.912
0.967
0.962
0.936
0.969
0.940
0.968
0.976
0.935
0.887
0.971
0.942
0.981
0.960
0.964
0.958
0.959
0.954
0.958
0.967
0.956
0.977
0.924
0.958
0.900
0.948
0.937
0.969
0.892
0.908
0.908
0.970
0.982
0.921
0.953
0.949
0.958
0.974
0.951
0.933
0.955
0.949
0.959
0.936
0.969
0.943
0.960
0.900
0.913
0.954
0.823
0.865
0.853
0.935
0.921
0.893
0.870
0.901
0.926
0.962
0.961
0.963
0.935
0.871
0.861
0.856
0.871
0.977
0.884
0.796
0.762
0.741
0.837
0.815
0.810
0.882
0.873
-99.000
-99.000
-99.000
-99.000
-99.000
-99.000
-99.000
-99.000
0.909
0.835
0.792
0.836
0.953
0.970
0.967
0.765
0.755
0.748
0.863
0.845
0.869
0.755
0.804
0.779
0.780
0.858
0.871
0.895
0.945
0.975
0.951
0.923
0.849
0.889
0.885
0.782
0.725
0.841
0.854
0.774
0.835
0.739
0.724
0.735
0.881
0.915
0.982
0.892
0.950
0.885
0.880
0.976
0.886
0.912
0.947
0.915
0.856
0.832
0.832
0.846
0.764
0.701
0.808
0.779
0.789
0.814
0.817
0.761
0.820
0.889
0.939
0.890
0.884
0.877
0.906
0.879
0.837
0.911
0.789
0.906
0.952
0.929
0.842
0.765
0.834
0.876
0.887
0.962
0.871
0.892
0.853
0.888
0.843
0.934
0.827
0.865
0.927
0.926
0.941
0.951
0.959
0.957
0.910
0.887
0.935
0.909
0.950
0.914
0.929
0.790
0.875
0.904
0.907
0.900
0.879
0.902
0.892
0.927
0.902
0.977
0.932
0.951
0.956
0.937
0.962
0.906
0.840
0.917
0.955
0.937
0.912
0.891
0.899
0.884
0.834
0.906
0.937
0.954
0.863
0.902
0.877
0.934
0.945
0.960
0.946
0.968
0.954
0.976
0.975
0.892
0.929
0.948
0.948
0.932
0.916
0.899
0.858
0.858
0.888
0.887
0.894
0.900
0.929
0.942
0.983
0.877
0.819
0.796
0.839
0.868
0.899
0.956
0.923
0.964
0.886
0.879
0.922
0.871
0.949
0.862
0.909
0.950
0.886
0.889
0.824
0.856
0.795
0.863
0.902
0.945
0.902
0.882
0.945
0.824
0.786
0.811
0.894
0.900
0.883
0.884
0.938
0.932
0.919
0.917
0.922
0.965
0.910
0.879
0.851
0.812
0.845
0.883
0.907
0.919
0.919
0.941
0.899
0.857
0.977
0.892
0.948
0.954
0.973
0.977
0.913
0.957
0.956
0.890
0.909
0.937
0.937
0.915
0.944
0.853
0.875
0.840
0.922
0.892
0.836
0.828
0.877
0.847
0.855
0.843
0.877
0.841
0.877
0.904
0.961
0.955
0.934
0.953
0.943
0.960
0.947
0.975
0.963
0.932
0.952
0.936
0.929
0.905
0.860
0.896
0.951
0.927
0.973
0.828
0.850
0.929
0.916
0.962
0.965
0.951
0.943
0.926
0.898
0.949
0.917
0.933
0.926
0.952
0.969
0.972
0.971
0.983
0.933
0.979
0.957
0.977
0.950
0.931
0.928
0.926
0.944
0.959
0.971
0.918
0.922
0.957
0.933
0.962
0.975
0.955
0.959
0.981
0.930
0.980
0.976
0.976
0.930
0.865
0.965
0.907
0.918
0.903
0.936
0.971
0.948
0.953
0.906
0.960
0.919
0.912
0.956
0.972
0.960
0.942
0.961
0.945
0.939
0.910
0.947
0.936
0.943
0.948
0.954
0.923
0.918
0.972
0.941
0.946
0.947
0.924
0.966
0.948
0.934
0.891
0.918
0.921
0.946
0.972
0.969
0.955
0.948
0.906
0.936
0.861
0.802
0.796
0.802
0.871
0.850
0.822
0.798
0.718
0.781
0.793
0.814
0.843
0.927
0.878
0.834
0.853
0.809
0.778
0.757
0.865
0.914
0.864
0.878
0.864
0.841
0.873
0.732
0.673
0.772
0.822
0.852
0.800
0.891
0.877
0.757
0.710
0.708
0.703
0.762
0.696
0.712
0.648
0.689
0.844
0.888
0.742
0.723
0.830
0.880
0.892
0.838
0.856
0.865
0.889
0.887
0.951
0.898
0.930
0.928
0.868
0.879
0.910
0.886
0.822
0.794
0.763
0.910
0.822
0.794
0.849
0.867
0.873
0.967
0.850
0.745
0.822
0.747
0.716
0.712
0.739
0.739
0.685
0.735
0.824
0.922
0.909
0.740
0.776
0.901
0.866
0.850
0.796
0.712
0.682
0.673
0.650
0.712
0.710
0.669
0.625
0.608
0.660
0.681
0.815
0.881
0.869
0.829
0.842
0.934
0.920
0.951
0.953
0.981
0.977
0.947
0.975
0.958
0.967
0.982
0.964
0.964
0.923
0.931
0.931
0.944
0.944
0.955
0.920
0.907
0.936
0.927
0.950
0.948
0.959
0.939
0.979
0.900
0.972
0.972
0.926
0.942
0.965
0.947
0.940
0.944
0.930
0.901
0.912
0.965
0.871
0.969
0.963
0.967
0.972
0.936
0.924
0.933
0.860
0.938
0.905
0.884
0.929
0.938
0.923
0.930
0.902
0.953
0.969
0.981
0.956
0.946
0.870
0.901
0.900
0.940
0.923
0.872
0.880
0.938
0.893
0.945
0.889
0.951
0.969
0.941
0.885
0.939
0.983
0.903
0.945
0.958
0.952
0.954
0.927
0.926
0.925
0.907
0.922
0.951
0.933
0.943
0.953
0.968
0.965
0.935
0.932
0.910
0.935
0.874
0.831
0.835
0.836
0.847
0.866
0.854
0.789
0.812
0.800
0.904
0.896
0.861
0.885
0.834
0.889
0.879
0.896
0.961
0.927
0.923
0.966
0.957
0.876
0.938
0.927
0.955
0.973
0.957
0.957
0.950
0.907
0.948
0.948
0.952
0.971
0.883
0.958
0.905
0.964
0.975
0.964
0.930
0.926
0.922
0.943
0.971
0.932
0.956
0.970
0.978
0.959
0.865
0.959
0.939
0.957
0.957
0.978
0.966
0.973
0.972
0.934
0.907
0.891
0.974
0.920
0.938
0.964
0.940
0.974
0.917
0.954
0.969
0.965
0.970
0.945
0.952
0.950
0.945
0.961
0.961
0.972
0.883
0.971
0.951
0.978
0.885
0.980
0.955
0.977
0.947
0.960
0.944
0.958
0.890
0.951
0.891
0.885
0.829
0.806
0.856
0.932
0.976
0.947
0.949
0.953
0.945
0.919
0.949
0.968
0.947
0.956
0.979
0.975
0.883
0.961
0.954
0.976
0.966
0.963
0.973
0.936
0.969
0.943
0.971
0.958
0.983
0.982
0.978
0.956
0.920
0.939
0.971
0.908
0.959
0.976
0.968
0.966
0.975
0.966
0.956
0.903
0.958
0.949
0.963
0.949
0.921
0.935
0.909
0.926
0.928
0.848
0.865
0.903
0.937
0.905
0.882
0.864
0.885
0.875
0.815
0.828
0.849
0.873
0.881
0.934
0.929
0.896
0.961
0.964
0.972
0.967
0.982
0.891
0.967
0.914
0.945
0.943
0.928
0.937
0.907
0.856
0.845
0.889
0.947
0.961
0.941
0.968
0.950
0.945
0.942
0.951
0.903
0.926
0.881
0.877
0.899
0.926
0.885
0.853
0.933
0.812
0.788
0.743
0.744
0.806
0.824
0.852
0.751
0.826
0.894
0.915
0.768
0.702
0.722
0.738
0.749
0.818
0.733
0.684
0.699
0.688
0.835
0.854
0.896
0.965
0.954
0.960
0.939
0.947
0.969
0.921
0.879
0.904
0.907
0.898
0.946
0.934
0.927
0.919
0.917
0.980
0.955
0.853
0.832
0.825
0.866
0.895
0.939
0.927
0.972
0.926
0.928
0.949
0.895
0.875
0.862
0.923
0.890
0.907
0.895
0.876
0.874
0.859
0.842
0.895
0.883
0.881
0.892
0.921
0.929
0.889
0.927
0.937
0.846
0.859
0.913
0.878
0.904
0.892
0.869
0.894
0.916
0.938
0.960
0.898
0.889
0.931
0.944
0.942
0.969
0.941
0.960
0.960
0.919
0.959
0.970
0.958
0.951
0.957
0.968
0.885
0.972
0.973
0.922
0.938
0.964
0.947
0.903
0.868
0.827
0.805
0.805
0.751
0.823
0.915
0.921
0.932
0.953
0.902
0.961
0.962
0.882
0.926
0.905
0.912
0.973
0.903
0.892
0.968
0.888
0.928
0.970
0.958
0.951
0.968
0.883
0.808
0.890
0.859
0.845
0.853
0.866
0.887
0.944
0.925
0.930
0.918
0.972
0.954
0.926
0.908
0.905
0.950
0.918
0.875
0.888
0.903
0.948
0.841
0.838
0.869
0.882
0.879
0.768
0.813
0.773
0.732
0.744
0.772
0.716
0.795
0.874
0.926
0.912
0.909
0.920
0.923
0.890
0.937
0.957
0.920
0.906
0.936
0.947
0.943
0.928
0.906
0.914
0.932
0.921
0.800
0.894
0.925
0.781
0.888
0.923
0.846
0.887
0.903
0.936
0.862
0.899
0.950
0.957
0.908
0.946
0.906
0.952
0.898
0.911
0.872
0.927
0.972
0.957
0.960
0.948
0.942
0.978
0.918
0.959
0.972
0.922
0.971
0.960
0.949
0.950
0.941
0.930
0.946
0.940
0.956
0.936
0.938
0.903
0.973
0.966
0.950
0.929
0.969
0.964
0.977
0.921
0.967
0.837
0.832
0.915
0.914
0.918
0.965
0.962
0.826
0.820
0.920
0.949
0.908
0.940
0.955
0.967
0.884
0.966
0.950
0.982
0.880
0.931
0.906
0.933
0.977
0.917
0.931
0.962
0.957
0.967
0.979
0.971
0.964
0.945
0.949
0.981
0.958
0.965
0.959
0.903
0.957
0.961
0.924
0.897
0.738
0.818
0.949
0.907
0.945
0.964
0.955
0.965
0.964
0.967
0.965
0.929
0.954
0.947
0.975
0.964
0.970
0.967
0.954
0.954
0.927
0.969
0.953
0.939
0.911
0.906
0.920
0.946
0.957
0.902
0.873
0.872
0.856
0.828
0.798
0.816
0.791
0.832
0.780
0.773
0.806
0.776
0.890
0.929
0.914
0.937
0.885
0.878
0.843
0.809
0.791
0.868
0.897
0.925
0.949
0.952
0.938
0.971
0.971
0.954
0.919
0.837
0.955
0.946
0.906
0.906
0.915
0.889
0.896
0.866
0.890
0.864
0.924
0.888
0.896
0.881
0.934
0.888
0.900
0.942
0.910
0.905
0.829
0.902
0.928
0.963
0.963
0.910
0.901
0.886
0.883
0.839
0.882
0.931
0.803
0.842
0.768
0.749
0.743
0.864
0.845
0.818
0.827
0.907
0.913
0.957
0.831
0.828
0.746
0.831
0.871
0.832
0.844
0.887
0.808
0.815
0.825
0.834
0.841
0.825
0.838
0.833
0.873
0.893
0.883
0.898
0.918
0.927
0.927
0.939
0.933
0.912
0.964
0.948
0.925
0.926
0.956
0.896
0.837
0.905
0.865
0.933
0.904
0.952
0.905
0.938
0.900
0.964
0.836
0.843
0.919
0.894
0.922
0.899
0.956
0.951
0.979
0.924
0.939
0.970
0.980
0.973
0.967
0.951
0.950
0.948
0.971
0.931
0.897
0.932
0.945
0.942
0.939
0.925
0.902
0.963
0.977
0.936
0.978
0.928
0.906
0.868
0.931
0.965
0.964
0.967
0.900
0.954
0.921
0.835
0.865
0.898
0.949
0.894
0.934
0.899
0.940
0.915
0.972
0.969
0.894
0.931
0.940
0.877
0.943
0.941
0.958
0.927
0.856
0.880
0.849
0.907
0.923
0.965
0.899
0.972
0.969
0.967
0.928
0.851
0.874
0.868
0.745
0.813
0.837
0.907
0.865
0.923
0.905
0.854
0.823
0.882
0.837
0.873
0.912
0.826
0.888
0.900
0.907
0.906
0.925
0.918
0.893
0.868
0.941
0.941
0.969
0.909
0.910
0.964
0.940
0.887
0.857
0.902
0.887
0.887
0.866
0.837
0.918
0.824
0.759
0.874
0.717
0.728
0.795
0.868
0.828
0.843
0.823
0.845
0.850
0.847
0.861
0.848
0.791
0.871
0.903
0.927
0.888
0.884
0.869
0.884
0.853
0.786
0.758
0.743
0.714
0.814
0.882
0.938
0.923
0.956
0.945
0.918
0.889
0.888
0.907
0.851
0.825
0.857
0.887
0.901
0.955
0.867
0.940
0.938
0.953
0.945
0.882
0.884
0.820
0.850
0.920
0.923
0.846
0.926
0.962
0.963
0.952
0.939
0.945
0.966
0.936
0.934
0.920
0.943
0.978
0.878
0.940
0.892
0.979
0.935
0.958
0.981
0.856
0.954
0.972
0.917
0.951
0.968
0.926
0.968
0.974
0.921
0.940
0.903
0.919
0.937
0.969
0.964
0.951
0.946
0.894
0.942
0.865
0.861
0.925
0.933
0.933
0.927
0.900
0.974
0.963
0.977
0.932
0.935
0.935
0.954
0.934
0.910
0.900
0.921
0.911
0.935
0.909
0.947
0.941
0.968
0.922
0.941
0.928
0.936
0.952
0.960
0.943
0.922
0.950
0.956
0.959
0.964
0.939
0.878
0.937
0.939
0.957
0.951
0.882
0.838
0.885
0.822
0.785
0.862
0.900
0.886
0.923
0.829
0.806
0.757
0.689
0.739
0.815
0.847
0.858
0.875
0.867
0.887
0.964
0.890
0.904
0.909
0.927
0.941
0.941
0.977
0.896
0.889
0.933
0.873
0.817
0.765
0.871
0.883
0.835
0.837
0.839
0.827
0.845
0.785
0.730
0.702
0.718
0.679
0.677
0.727
0.769
0.798
0.781
0.700
0.686
0.673
0.747
0.737
0.737
0.732
0.746
0.815
0.910
0.929
0.919
0.908
0.914
0.947
0.941
0.920
0.790
0.799
0.821
0.794
0.666
0.676
0.682
0.695
0.792
0.889
0.885
0.896
0.907
0.927
0.940
0.877
0.917
0.974
0.888
0.865
0.979
0.932
0.967
0.877
0.936
0.828
0.898
0.789
0.733
0.694
0.700
0.694
0.675
0.792
0.719
0.688
0.847
0.920
0.880
0.875
0.817
0.874
0.853
0.836
0.833
0.844
0.853
0.899
0.903
0.929
0.888
0.922
0.921
0.919
0.949
0.972
0.924
0.939
0.948
0.914
0.941
0.945
0.979
0.951
0.907
0.840
0.865
0.904
0.946
0.972
0.960
0.956
0.980
0.980
0.936
0.939
0.935
0.953
0.964
0.925
0.951
0.938
0.941
0.894
0.960
0.867
0.959
0.960
0.966
0.980
0.972
0.932
0.980
0.947
0.918
0.953
0.929
0.963
0.952
0.938
0.926
0.939
0.942
0.931
0.966
0.953
0.958
0.949
0.938
0.943
0.866
0.901
0.835
0.787
0.839
0.884
0.942
0.873
0.956
0.929
0.976
0.953
0.941
0.944
0.951
0.950
0.934
0.978
0.933
0.946
0.942
0.934
0.893
0.913
0.899
0.861
0.930
0.928
0.937
0.923
0.937
0.916
0.877
0.835
0.915
0.878
0.883
0.804
0.796
0.799
0.863
0.785
0.773
0.826
0.857
0.819
0.793
0.823
0.839
0.816
0.852
0.952
0.922
0.963
0.962
0.951
0.845
0.758
0.791
0.892
0.895
0.946
0.956
0.936
0.895
0.841
0.867
0.763
0.664
0.715
0.806
0.882
0.846
0.857
0.815
0.821
0.731
0.764
0.761
0.738
0.799
0.798
0.750
0.773
0.775
0.741
0.769
0.792
0.830
0.836
0.854
0.856
0.867
0.828
0.742
0.726
0.673
0.700
0.852
0.924
0.900
0.913
0.937
0.957
0.956
0.914
0.943
0.961
0.908
0.927
0.978
0.966
0.922
0.940
0.953
0.956
0.874
0.957
0.926
0.899
0.901
0.966
0.918
0.952
0.946
0.908
0.899
0.920
0.894
0.852
0.953
0.975
0.908
0.904
0.817
0.755
0.833
0.860
0.879
0.905
0.971
0.943
0.882
0.924
0.979
0.890
0.921
0.940
0.936
0.934
0.918
0.945
0.960
0.981
0.951
0.983
0.983
0.892
0.921
0.895
0.924
0.923
0.919
0.902
0.920
0.926
0.930
0.975
0.911
0.977
0.942
0.956
0.903
0.929
0.933
0.902
0.897
0.945
0.977
0.982
0.949
0.915
0.907
0.886
0.906
0.928
0.905
0.923
0.904
0.904
0.924
0.960
0.942
0.915
0.907
0.931
0.858
0.814
0.830
0.828
0.835
0.851
0.894
0.899
0.941
0.896
0.830
0.827
0.883
0.913
0.918
0.920
0.918
0.923
0.861
0.856
0.764
0.833
0.842
0.878
0.935
0.863
0.766
0.742
0.771
0.704
0.775
0.755
0.808
0.837
0.834
0.818
0.817
0.658
0.697
0.836
0.845
0.884
0.942
0.892
0.765
0.754
0.758
0.811
0.761
0.894
0.897
0.919
0.941
0.778
0.918
0.697
0.803
0.798
0.745
0.683
0.688
0.820
0.855
0.714
0.689
0.777
0.722
0.748
0.831
0.813
0.777
0.703
0.689
0.733
0.709
0.742
0.855
0.731
0.829
0.789
0.710
0.702
0.742
0.893
0.907
0.833
0.839
0.733
0.653
0.655
0.824
0.859
0.738
0.639
0.674
0.669
0.688
0.713
0.762
0.786
0.850
0.919
0.884
0.875
0.732
0.787
0.664
0.761
0.744
0.719
0.760
0.870
0.904
0.883
0.884
0.801
0.855
0.933
0.967
0.909
0.973
0.852
0.881
0.901
0.923
0.946
0.959
0.951
0.891
0.871
0.948
0.950
0.978
0.909
0.910
0.921
0.961
0.918
0.955
0.914
0.798
0.793
0.841
0.902
0.947
0.882
0.979
0.933
0.977
0.929
0.973
0.885
0.934
0.925
0.874
0.960
0.886
0.977
0.882
0.971
0.942
0.873
0.919
0.924
0.943
0.932
0.936
0.922
0.908
0.878
0.939
0.951
0.932
0.918
0.825
0.829
0.774
0.734
0.783
0.788
0.853
0.927
0.862
0.802
0.696
0.681
0.763
0.788
0.814
0.928
0.963
0.894
0.784
0.833
0.755
0.710
0.671
0.696
0.737
0.814
0.770
0.722
0.754
0.820
0.905
0.895
0.946
0.889
0.895
0.934
0.793
0.716
0.740
0.814
0.830
0.729
0.693
0.709
0.791
0.881
0.872
0.903
0.895
0.889
0.942
0.822
0.790
0.782
0.737
0.728
0.847
0.870
0.880
0.886
0.949
0.845
0.789
0.857
0.919
0.913
0.950
0.868
0.904
0.894
0.857
0.763
0.821
0.689
0.663
0.764
0.781
0.862
0.913
0.906
0.863
0.888
0.912
0.900
0.877
0.934
0.924
0.882
0.850
0.849
0.837
0.874
0.880
0.903
0.964
0.953
0.962
0.920
0.962
0.946
0.936
0.928
0.976
0.915
0.948
0.846
0.868
0.895
0.945
0.875
0.922
0.958
0.946
0.956
0.929
0.949
0.970
0.950
0.922
0.954
0.886
0.917
0.839
0.795
0.771
0.806
0.849
0.921
0.924
0.939
0.915
0.907
0.921
0.968
0.907
0.968
0.933
0.932
0.944
0.938
0.909
0.937
0.929
0.925
0.948
0.939
0.938
0.962
0.959
0.887
0.962
0.942
0.935
0.924
0.952
0.969
0.961
0.978
0.971
0.951
0.958
0.953
0.956
0.934
0.934
0.976
0.935
0.960
0.949
0.962
0.944
0.930
0.973
0.955
0.934
0.959
0.889
0.895
0.955
0.926
0.933
0.963
0.975
0.926
0.968
0.893
0.930
0.952
0.959
0.875
0.792
0.772
0.797
0.778
0.790
0.848
0.866
0.891
0.907
0.881
0.815
0.916
0.873
0.916
0.829
0.880
0.907
0.938
0.905
0.962
0.937
0.874
0.920
0.866
0.815
0.851
0.927
0.943
0.917
0.959
0.895
0.888
0.874
0.868
0.850
0.831
0.871
0.877
0.907
0.963
0.959
0.889
0.863
0.920
0.872
0.867
0.875
0.876
0.847
0.891
0.889
0.936
0.889
0.884
0.876
0.907
0.863
0.829
0.757
0.688
0.672
0.757
0.756
0.735
0.679
0.689
0.739
0.828
0.905
0.850
0.753
0.843
0.862
0.804
0.871
0.823
0.859
0.872
0.839
0.779
0.853
0.781
0.888
0.794
0.727
0.916
0.850
0.828
0.941
0.962
0.924
0.907
0.927
0.936
0.953
0.955
0.949
0.947
0.925
0.922
0.960
0.938
0.923
0.912
0.929
0.891
0.936
0.956
0.931
0.968
0.968
0.949
0.942
0.953
0.964
0.943
0.953
0.943
0.963
0.947
0.911
0.892
0.908
0.799
0.947
0.925
0.910
0.893
0.927
0.971
0.966
0.870
0.871
0.974
0.919
0.979
0.880
0.948
0.944
0.945
0.893
0.963
0.935
0.937
0.917
0.974
0.975
0.958
0.890
0.862
0.951
0.954
0.971
0.908
0.895
0.946
0.919
0.950
0.979
0.928
0.934
0.957
0.827
0.901
0.913
0.828
0.829
0.879
0.814
0.832
0.827
0.852
0.880
0.881
0.847
0.842
0.845
0.928
0.865
0.939
0.782
0.893
0.875
0.894
0.896
0.919
0.954
0.903
0.907
0.944
0.894
0.937
0.906
0.890
0.940
0.977
0.890
0.896
0.921
0.892
0.873
0.835
0.866
0.913
0.917
0.863
0.876
0.836
0.867
0.846
0.835
0.757
0.802
0.852
0.834
0.850
0.873
0.872
0.798
0.858
0.855
0.858
0.868
0.796
0.788
0.701
0.693
0.677
0.626
0.701
0.711
0.723
0.861
0.896
0.913
0.939
0.879
0.839
0.913
0.922
0.936
0.945
0.926
0.826
0.822
0.799
0.806
0.828
0.859
0.830
0.855
0.915
0.956
0.891
0.871
0.908
0.916
0.876
0.875
0.878
0.904
0.940
0.917
0.960
0.926
0.877
0.935
0.909
0.917
0.889
0.975
0.942
0.963
0.926
0.968
0.914
0.917
0.932
0.950
0.981
0.850
0.886
0.906
0.948
0.976
0.913
0.965
0.948
0.972
0.888
0.905
0.893
0.899
0.892
0.922
0.913
0.913
0.896
0.874
0.957
0.948
0.929
0.850
0.958
0.935
0.937
0.909
0.958
0.952
0.961
0.967
0.939
0.956
0.959
0.953
0.957
0.909
0.965
0.965
0.951
0.888
0.918
0.883
0.941
0.958
0.930
0.967
0.878
0.908
0.962
0.966
0.982
0.915
0.909
0.923
0.941
0.945
0.898
0.944
0.968
0.876
0.927
0.977
0.969
0.979
0.970
0.955
0.958
0.967
0.967
0.951
0.932
0.937
0.880
0.865
0.896
0.942
0.983
0.975
0.956
0.972
0.977
0.942
0.962
0.949
0.937
0.868
0.881
0.852
0.856
0.841
0.921
0.785
0.752
0.767
0.804
0.846
0.714
0.732
0.745
0.913
0.969
0.948
0.824
0.917
0.884
0.915
0.862
0.854
0.778
0.791
0.960
0.865
0.902
0.897
0.903
0.883
0.807
0.768
0.789
0.762
0.734
0.740
0.782
0.851
0.859
0.857
0.744
0.849
0.874
0.919
0.868
0.724
0.901
0.920
0.840
0.749
0.767
0.862
0.785
0.898
0.847
0.930
0.943
0.908
0.929
0.972
0.889
0.899
0.888
0.883
0.887
0.873
0.877
0.929
0.894
0.934
0.934
0.872
0.919
0.935
0.962
0.882
0.829
0.789
0.850
0.904
0.905
0.942
0.839
0.890
0.893
0.906
0.902
0.908
0.953
0.953
0.935
0.963
0.971
0.894
0.880
0.932
0.963
0.944
0.934
0.960
0.920
0.978
0.972
0.964
0.958
0.960
0.939
0.959
0.953
0.935
0.908
0.890
0.936
0.964
0.981
0.940
0.965
0.966
0.966
0.953
0.916
0.964
0.890
0.960
0.957
0.947
0.920
0.954
0.952
0.978
0.957
0.936
0.938
0.903
0.858
0.934
0.929
0.930
0.967
0.941
0.979
0.915
0.974
0.869
0.908
0.938
0.878
0.924
0.936
0.935
0.966
0.942
0.968
0.935
0.932
0.974
0.929
0.944
0.926
0.963
0.929
0.977
0.966
0.935
0.941
0.952
0.895
0.971
0.910
0.944
0.835
0.823
0.861
0.891
0.896
0.887
0.868
0.878
0.886
0.929
0.880
0.874
0.982
0.881
0.925
0.901
0.881
0.928
0.883
0.853
0.878
0.932
0.867
0.882
0.870
0.904
0.868
0.922
0.970
0.875
0.892
0.823
0.735
0.725
0.715
0.736
0.742
0.715
0.814
0.775
0.799
0.875
0.938
0.918
0.946
0.859
0.886
0.895
0.877
0.929
0.850
0.862
0.884
0.880
0.874
0.835
0.819
0.792
0.876
0.936
0.922
0.890
0.916
0.954
0.792
0.852
0.878
0.887
0.918
0.837
0.858
0.893
0.968
0.861
0.822
0.909
0.910
0.826
0.862
0.759
0.794
0.877
0.888
0.907
0.931
0.899
0.923
0.875
0.840
0.846
0.870
0.857
0.821
0.847
0.836
0.909
0.879
0.899
0.922
0.900
0.909
0.868
0.854
0.890
0.936
0.975
0.884
0.973
0.960
0.975
0.981
0.923
0.979
0.902
0.910
0.967
0.959
0.963
0.885
0.971
0.959
0.975
0.976
0.917
0.949
0.974
0.970
0.960
0.963
0.896
0.972
0.966
0.944
0.925
0.922
0.897
0.890
0.916
0.890
0.941
0.962
0.901
0.943
0.944
0.945
0.953
0.924
0.948
0.940
0.979
0.979
0.930
0.952
0.936
0.934
0.956
0.971
0.977
0.960
0.964
0.953
0.931
0.951
0.953
0.943
0.969
0.984
0.960
0.973
0.939
0.963
0.927
0.967
0.904
0.917
0.923
0.921
0.961
0.928
0.923
0.936
0.927
0.913
0.919
0.908
0.901
0.901
0.883
0.890
0.887
0.806
0.868
0.846
0.889
0.897
0.935
0.935
0.920
0.941
0.927
0.882
0.973
0.807
0.769
0.732
0.690
0.764
0.797
0.782
0.777
0.761
0.718
0.712
0.689
0.711
0.818
0.689
0.663
0.687
0.801
0.826
0.808
0.756
0.870
0.894
0.858
0.865
0.893
0.862
0.875
0.748
0.737
0.751
0.707
0.707
0.799
0.940
0.775
0.838
0.815
0.921
0.785
0.791
0.753
0.742
0.818
0.672
0.651
0.605
0.641
0.617
0.610
0.653
0.630
0.647
0.642
0.825
0.867
0.786
0.791
0.908
0.943
0.864
0.863
0.840
0.892
0.858
0.740
0.823
0.810
0.866
0.920
0.939
0.928
0.954
0.874
0.892
0.808
0.776
0.758
0.902
0.887
0.795
0.962
0.943
0.942
0.804
0.820
0.719
0.666
0.800
0.875
0.931
0.877
0.903
0.804
0.942
0.870
0.931
0.883
0.950
0.879
0.928
0.943
0.964
0.932
0.945
0.883
0.941
0.889
0.918
0.928
0.953
0.889
0.897
0.933
0.931
0.975
0.931
0.971
0.865
0.914
0.954
0.973
0.969
0.957
0.975
0.981
0.908
0.936
0.908
0.973
0.946
0.934
0.927
0.907
0.945
0.937
0.916
0.946
0.970
0.977
0.932
0.971
0.941
0.876
0.944
0.949
0.929
0.942
0.974
0.934
0.935
0.952
0.950
0.880
0.952
0.886
0.949
0.930
0.961
0.972
0.962
0.933
0.949
0.847
0.854
0.890
0.931
0.950
0.927
0.956
0.929
0.925
0.974
0.976
0.924
0.965
0.945
0.950
0.927
0.929
0.921
0.914
0.934
0.907
0.932
0.937
0.955
0.910
0.891
0.931
0.958
0.956
0.894
0.858
0.873
0.866
0.880
0.925
0.932
0.969
0.937
0.898
0.930
0.948
0.866
0.922
0.952
0.929
0.867
0.945
0.965
0.959
0.935
0.840
0.870
0.980
0.949
0.952
0.941
0.971
0.974
0.853
0.813
0.838
0.905
0.947
0.951
0.873
0.938
0.963
0.969
0.966
0.977
0.958
0.935
0.960
0.882
0.945
0.979
0.947
0.937
0.932
0.970
0.964
0.938
0.901
0.917
0.827
0.880
0.762
0.777
0.784
0.905
0.938
0.972
0.947
0.861
0.976
0.926
0.907
0.961
0.929
0.960
0.925
0.936
0.967
0.944
0.927
0.911
0.980
0.939
0.917
0.944
0.924
0.960
0.978
0.928
0.934
0.913
0.962
0.969
0.980
0.966
0.933
0.914
0.925
0.967
0.970
0.854
0.843
0.872
0.954
0.961
0.981
0.937
0.961
0.973
0.957
0.952
0.980
0.971
0.937
0.958
0.973
0.962
0.893
0.919
0.944
0.933
0.951
0.978
0.935
0.916
0.927
0.927
0.944
0.960
0.951
0.947
0.917
0.967
0.901
0.978
0.936
0.962
0.978
0.926
0.943
0.957
0.937
0.958
0.940
0.869
0.913
0.918
0.882
0.891
0.884
0.941
0.976
0.957
0.977
0.953
0.964
0.948
0.928
0.877
0.970
0.939
0.901
0.915
0.941
0.973
0.972
0.961
0.907
0.958
0.953
0.931
0.926
0.906
0.968
0.916
0.927
0.944
0.931
0.925
0.917
0.903
0.926
0.887
0.855
0.894
0.899
0.886
0.908
0.951
0.940
0.899
0.890
0.953
0.970
0.968
0.909
0.918
0.954
0.942
0.918
0.948
0.934
0.950
0.939
0.936
0.873
0.821
0.790
0.760
0.874
0.864
0.883
0.922
0.833
0.905
0.946
0.896
0.940
0.911
0.922
0.969
0.935
0.914
0.924
0.913
0.900
0.915
0.954
0.909
0.935
0.939
0.884
0.948
0.943
0.938
0.923
0.917
0.886
0.962
0.963
0.953
0.964
0.980
0.919
0.977
0.947
0.949
0.877
0.956
0.953
0.945
0.937
0.984
0.974
0.974
0.967
0.958
0.958
0.899
0.847
0.917
0.940
0.947
0.939
0.898
0.944
0.899
0.938
0.936
0.932
0.934
0.945
0.947
0.961
0.975
0.913
0.951
0.968
0.910
0.877
0.970
0.902
0.969
0.977
0.948
0.930
0.898
0.917
0.922
0.940
0.956
0.951
0.936
0.935
0.955
0.925
0.947
0.911
0.903
0.917
0.945
0.914
0.949
0.972
0.899
0.977
0.857
0.971
0.925
0.976
0.928
0.892
0.890
0.982
0.971
0.957
0.874
0.904
0.914
0.902
0.969
0.919
0.903
0.949
0.919
0.950
0.935
0.908
0.945
0.957
0.950
0.961
0.929
0.979
0.953
0.959
0.932
0.912
0.824
0.851
0.835
0.819
0.839
0.876
0.902
0.935
0.935
0.966
0.932
0.973
0.966
0.956
0.863
0.886
0.873
0.849
0.912
0.912
0.925
0.903
0.945
0.940
0.957
0.941
0.963
0.921
0.967
0.942
0.948
0.961
0.965
0.915
0.952
0.867
0.848
0.881
0.913
0.826
0.885
0.818
0.796
0.798
0.871
0.822
0.800
0.841
0.904
0.920
0.945
0.926
0.937
0.905
0.898
0.865
0.876
0.885
0.897
0.903
0.882
0.912
0.924
0.948
0.949
0.904
0.925
0.935
0.872
0.882
0.838
0.839
0.909
0.915
0.822
0.940
0.950
0.874
0.923
0.934
0.966
0.920
0.944
0.957
0.965
0.979
0.937
0.945
0.938
0.965
0.953
0.936
0.964
0.977
0.950
0.946
0.953
0.952
0.932
0.889
0.887
0.922
0.912
0.882
0.922
0.931
0.969
0.893
0.903
0.861
0.956
0.907
0.952
0.931
0.929
0.874
0.934
0.915
0.922
0.925
0.901
0.924
0.977
0.958
0.927
0.962
0.959
0.959
0.954
0.899
0.880
0.938
0.927
0.946
0.880
0.966
0.953
0.921
0.938
0.916
0.933
0.902
0.931
0.914
0.901
0.919
0.962
0.975
0.932
0.975
0.926
0.925
0.896
0.899
0.948
0.944
0.907
0.919
0.926
0.920
0.945
0.963
0.968
0.950
0.915
0.817
0.795
0.760
0.740
0.705
0.727
0.749
0.836
0.900
0.932
0.929
0.942
0.947
0.930
0.940
0.925
0.889
0.911
0.851
0.846
0.905
0.919
0.936
0.922
0.941
0.952
0.949
0.941
0.932
0.893
0.885
0.844
0.879
0.925
0.918
0.907
0.835
0.760
0.812
0.860
0.848
0.844
0.885
0.760
0.895
0.907
0.930
0.858
0.880
0.866
0.887
0.858
0.945
0.895
0.862
0.955
0.772
0.801
0.902
0.901
0.929
0.943
0.862
0.828
0.859
0.903
0.932
0.880
0.892
0.942
0.894
0.856
0.875
0.820
0.877
0.947
0.924
0.937
0.981
0.923
0.932
0.905
0.896
0.912
0.929
0.974
0.934
0.937
0.909
0.947
0.953
0.983
0.845
0.861
0.934
0.898
0.872
0.911
0.890
0.900
0.890
0.888
0.873
0.921
0.892
0.767
0.655
0.654
0.636
0.679
0.705
0.725
0.693
0.812
0.812
0.807
0.744
0.785
0.877
0.912
0.850
0.901
0.890
0.818
0.793
0.878
0.747
0.799
0.875
0.886
0.850
0.882
0.771
0.807
0.854
0.696
0.765
0.762
0.822
0.923
0.935
0.958
0.937
0.924
0.871
0.852
0.880
0.885
0.918
0.900
0.952
0.960
0.953
0.956
0.969
0.982
0.978
0.971
0.967
0.954
0.946
0.907
0.877
0.904
0.934
0.902
0.903
0.909
0.866
0.886
0.899
0.710
0.849
0.955
0.913
0.916
0.919
0.933
0.899
0.941
0.909
0.892
0.808
0.837
0.882
0.882
0.895
0.911
0.966
0.938
0.953
0.854
0.902
0.928
0.941
0.970
0.904
0.851
0.943
0.917
0.914
0.953
0.934
0.920
0.916
0.933
0.936
0.951
0.918
0.956
0.922
0.920
0.888
0.895
0.871
0.939
0.906
0.958
0.946
0.947
0.963
0.969
0.888
0.942
0.866
0.792
0.793
0.760
0.696
0.692
0.739
0.724
0.815
0.880
0.841
0.807
0.840
0.791
0.837
0.726
0.852
0.885
0.831
0.803
0.712
0.698
0.692
0.644
0.626
0.684
0.744
0.778
0.933
0.884
0.899
0.872
0.839
0.854
0.832
0.762
0.754
0.728
0.686
0.696
0.691
0.635
0.704
0.804
0.813
0.808
0.706
0.653
0.765
0.859
0.889
0.874
0.790
0.833
0.840
0.851
0.869
0.900
0.885
0.736
0.776
0.852
0.893
0.899
0.875
0.929
0.853
0.930
0.962
0.961
0.926
0.972
0.907
0.879
0.810
0.865
0.853
0.853
0.768
0.771
0.840
0.928
0.934
0.863
0.941
0.966
0.945
0.931
0.946
0.763
0.901
0.969
0.886
0.930
0.953
0.974
0.887
0.945
0.926
0.929
0.905
0.956
0.976
0.905
0.942
0.910
0.896
0.793
0.853
0.968
0.871
0.877
0.919
0.953
0.947
0.933
0.948
0.917
0.903
0.920
0.940
0.941
0.942
0.888
0.887
0.883
0.908
0.908
0.916
0.970
0.968
0.967
0.970
0.965
0.898
0.901
0.884
0.952
0.947
0.924
0.896
0.958
0.956
0.853
0.849
0.871
0.938
0.902
0.905
0.955
0.925
0.826
0.891
0.934
0.947
0.947
0.873
0.901
0.932
0.916
0.902
0.859
0.831
0.872
0.838
0.836
0.872
0.936
0.891
0.796
0.771
0.839
0.792
0.845
0.900
0.731
0.724
0.708
0.710
0.735
0.703
0.788
0.865
0.880
0.704
0.729
0.690
0.639
0.619
0.653
0.898
0.909
0.931
0.876
0.767
0.722
0.849
0.807
0.885
0.843
0.926
0.810
0.820
0.740
0.697
0.722
0.745
0.750
0.796
0.798
0.700
0.763
0.894
0.835
0.820
0.818
0.696
0.622
0.833
0.953
0.953
0.763
0.901
0.930
0.798
0.727
0.786
0.904
0.947
0.930
0.787
0.722
0.741
0.791
0.738
0.799
0.890
0.902
0.838
0.813
0.833
0.788
0.913
0.882
0.846
0.868
0.727
0.667
0.848
0.817
0.814
0.903
0.924
0.940
0.740
0.738
0.732
0.620
0.732
0.930
0.836
0.729
0.635
0.875
0.943
0.796
0.944
0.956
0.923
0.873
0.964
0.895
0.932
0.941
0.748
0.599
0.809
0.676
0.851
0.871
0.785
0.831
0.866
0.894
0.915
0.931
0.949
0.977
0.951
0.914
0.948
0.913
0.950
0.925
0.937
0.939
0.939
0.938
0.952
0.980
0.979
0.952
0.958
0.916
0.957
0.940
0.932
0.968
0.954
0.955
0.860
0.978
0.901
0.871
0.821
0.930
0.930
0.896
0.911
0.897
0.919
0.938
0.848
0.807
0.886
0.956
0.876
0.971
0.889
0.929
0.954
0.968
0.975
0.946
0.946
0.910
0.942
0.919
0.973
0.972
0.828
0.928
0.908
0.911
0.911
0.927
0.902
0.856
0.851
0.917
0.883
0.920
0.913
0.891
0.903
0.918
0.905
0.943
0.895
0.849
0.911
0.870
0.839
0.893
0.859
0.757
0.773
0.821
0.864
0.940
0.866
0.915
0.932
0.963
0.946
0.958
0.927
0.925
0.855
0.828
0.885
0.945
0.917
0.964
0.927
0.906
0.881
0.913
0.935
0.896
0.976
0.952
0.961
0.893
0.942
0.878
0.902
0.907
0.867
0.857
0.811
0.874
0.920
0.891
0.918
0.899
0.926
0.876
0.882
0.851
0.934
0.962
0.961
0.883
0.919
0.902
0.945
0.948
0.847
0.898
0.916
0.945
0.954
0.954
0.888
0.887
0.924
0.865
0.936
0.969
0.971
0.951
0.935
0.945
0.944
0.921
0.894
0.959
0.960
0.980
0.916
0.946
0.918
0.835
0.923
0.947
0.965
0.938
0.938
0.941
0.963
0.960
0.961
0.980
0.943
0.928
0.940
0.919
0.934
0.950
0.951
0.949
0.956
0.963
0.966
0.956
0.888
0.912
0.872
0.908
0.955
0.970
0.915
0.898
0.953
0.966
0.924
0.956
0.916
0.899
0.821
0.936
0.891
0.841
0.878
0.888
0.937
0.878
0.975
0.932
0.935
0.916
0.940
0.926
0.968
0.948
0.878
0.936
0.856
0.934
0.936
0.965
0.912
0.972
0.908
0.939
0.962
0.944
0.978
0.874
0.913
0.957
0.938
0.899
0.928
0.922
0.941
0.940
0.939
0.915
0.959
0.841
0.890
0.909
0.949
0.948
0.902
0.856
0.850
0.970
0.962
0.952
0.943
0.944
0.949
0.913
0.893
0.915
0.934
0.958
0.904
0.831
0.883
0.936
0.951
0.928
0.956
0.947
0.971
0.914
0.942
0.928
0.949
0.934
0.916
0.853
0.848
0.851
0.841
0.914
0.930
0.938
0.829
0.805
0.881
0.892
0.851
0.894
0.895
0.853
0.867
0.908
0.960
0.966
0.907
0.912
0.906
0.903
0.822
0.836
0.900
0.943
0.922
0.932
0.927
0.933
0.939
0.936
0.932
0.919
0.928
0.905
0.916
0.932
0.970
0.980
0.939
0.974
0.919
0.929
0.881
0.984
0.957
0.975
0.961
0.922
0.909
0.957
0.934
0.932
0.910
0.894
0.902
0.907
0.910
0.891
0.884
0.937
0.907
0.880
0.907
0.878
0.944
0.941
0.939
0.937
0.945
0.900
0.957
0.959
0.930
0.949
0.947
0.910
0.924
0.963
0.968
0.932
0.936
0.953
0.941
0.973
0.974
0.980
0.955
0.960
0.954
0.984
0.921
0.942
0.931
0.937
0.971
0.983
0.923
0.953
0.891
0.861
0.906
0.917
0.887
0.915
0.873
0.945
0.980
0.966
0.975
0.979
0.923
0.958
0.968
0.973
0.923
0.939
0.939
0.980
0.918
0.975
0.923
0.912
0.921
0.974
0.891
0.983
0.917
0.953
0.962
0.961
0.959
0.918
0.936
0.887
0.913
0.909
0.866
0.856
0.849
0.877
0.879
0.954
0.945
0.952
0.896
0.891
0.936
0.922
0.945
0.866
0.966
0.952
0.893
0.967
0.948
0.947
0.900
0.981
0.935
0.946
0.919
0.980
0.882
0.940
0.954
0.960
0.929
0.961
0.942
0.948
0.981
0.942
0.881
0.956
0.912
0.944
0.947
0.938
0.867
0.899
0.884
0.836
0.883
0.887
0.868
0.839
0.779
0.801
0.820
0.826
0.838
0.853
0.849
0.823
0.831
0.904
0.866
0.844
0.814
0.829
0.894
0.833
0.815
0.795
0.858
0.905
0.895
0.890
0.916
0.931
0.940
0.922
0.884
0.869
0.805
0.897
0.935
0.921
0.836
0.784
0.863
0.853
0.840
0.913
0.981
0.964
0.953
0.965
0.844
0.930
0.902
0.906
0.904
0.862
0.867
0.878
0.870
0.896
0.913
0.844
0.891
0.949
0.912
0.937
0.950
0.977
0.967
0.941
0.922
0.980
0.907
0.940
0.919
0.963
0.931
0.946
0.919
0.950
0.891
0.958
0.948
0.895
0.978
0.929
0.945
0.891
0.875
0.953
0.968
0.881
0.980
0.898
0.956
0.904
0.978
0.962
0.962
0.950
0.877
0.946
0.974
0.925
0.900
0.922
0.967
0.927
0.962
0.950
0.957
0.948
0.939
0.926
0.937
0.924
0.941
0.863
0.950
0.908
0.945
0.946
0.944
0.948
0.918
0.857
0.950
0.967
0.967
0.969
0.947
0.923
0.830
0.920
0.941
0.954
0.911
0.874
0.937
0.948
0.916
0.966
0.975
0.945
0.860
0.906
0.920
0.941
0.926
0.849
0.901
0.943
0.952
0.948
0.943
0.905
0.918
0.957
0.929
0.963
0.940
0.955
0.948
0.964
0.958
0.958
0.896
0.965
0.949
0.860
0.895
0.837
0.972
0.974
0.916
0.890
0.937
0.863
0.907
0.916
0.886
0.843
0.909
0.944
0.934
0.923
0.920
0.915
0.918
0.878
0.850
0.845
0.784
0.775
0.798
0.767
0.771
0.804
0.786
0.834
0.824
0.804
0.886
0.956
0.916
0.819
0.868
0.777
0.870
0.897
0.977
0.939
0.887
0.913
0.944
0.849
0.854
0.883
0.844
0.873
0.912
0.749
0.716
0.734
0.750
0.755
0.764
0.797
0.829
0.863
0.896
0.933
0.955
0.968
0.949
0.943
0.976
0.985
0.917
0.909
0.954
0.893
0.948
0.906
0.907
0.958
0.947
0.869
0.809
0.839
0.890
0.869
0.877
0.858
0.924
0.925
0.854
0.819
0.779
0.854
0.798
0.807
0.869
0.827
0.890
0.888
0.793
0.844
0.880
0.935
0.865
0.852
0.905
0.974
0.912
0.909
0.943
0.836
0.844
0.757
0.890
0.943
0.931
0.906
0.897
0.890
0.944
0.926
0.945
0.907
0.907
0.965
0.938
0.960
0.918
0.944
0.924
0.907
0.895
0.920
0.952
0.912
0.947
0.940
0.924
0.945
0.901
0.923
0.912
0.949
0.967
0.827
0.941
0.962
0.901
0.870
0.922
0.937
0.913
0.973
0.963
0.931
0.924
0.901
0.918
0.867
0.930
0.944
0.938
0.925
0.962
0.914
0.924
0.846
0.915
0.913
0.918
0.911
0.891
0.905
0.859
0.853
0.878
0.905
0.921
0.925
0.932
0.939
0.968
0.936
0.887
0.878
0.914
0.885
0.918
0.870
0.902
0.826
0.870
0.854
0.879
0.863
0.913
0.870
0.822
0.860
0.898
0.899
0.904
0.846
0.848
0.801
0.862
0.799
0.774
0.787
0.888
0.825
0.838
0.907
0.940
0.917
0.946
0.849
0.815
0.828
0.853
0.839
0.897
0.888
0.911
0.809
0.873
0.903
0.922
0.899
0.896
0.923
0.872
0.890
0.895
0.893
0.698
0.723
0.696
0.691
0.789
0.760
0.792
0.770
0.720
0.777
0.725
0.744
0.792
0.877
0.857
0.882
0.884
0.911
0.935
0.929
0.893
0.893
0.971
0.933
0.971
0.850
0.938
0.959
0.902
0.945
0.955
0.976
0.941
0.910
0.944
0.950
0.873
0.890
0.872
0.921
0.938
0.911
0.899
0.950
0.977
0.917
0.934
0.976
0.928
0.970
0.962
0.853
0.887
0.921
0.968
0.925
0.897
0.890
0.931
0.845
0.872
0.837
0.858
0.915
0.930
0.890
0.938
0.911
0.878
0.886
0.924
0.932
0.911
0.963
0.983
0.949
0.898
0.952
0.942
0.936
0.908
0.969
0.939
0.938
0.873
0.966
0.897
0.921
0.933
0.943
0.939
0.946
0.957
0.893
0.921
0.951
0.876
0.890
0.923
0.965
0.966
0.898
0.805
0.731
0.833
0.852
0.890
0.873
0.904
0.910
0.944
0.948
0.930
0.932
0.912
0.938
0.960
0.954
0.935
0.945
0.915
0.930
0.854
0.859
0.853
0.810
0.813
0.743
0.830
0.856
0.894
0.941
0.882
0.841
0.849
0.818
0.840
0.845
0.897
0.880
0.915
0.882
0.844
0.887
0.835
0.856
0.867
0.879
0.805
0.765
0.796
0.843
0.893
0.909
0.853
0.787
0.837
0.761
0.767
0.837
0.930
0.896
0.921
0.892
0.930
0.948
0.869
0.846
0.791
0.768
0.679
0.685
0.669
0.723
0.707
0.654
0.669
0.682
0.798
0.641
0.628
0.732
0.687
0.606
0.617
0.572
0.594
0.677
0.792
0.692
0.668
0.771
0.821
0.695
0.793
0.735
0.750
0.702
0.811
0.928
0.912
0.878
0.912
0.854
0.873
0.942
0.902
0.975
0.969
0.882
0.939
0.934
0.952
0.847
0.858
0.801
0.878
0.892
0.928
0.920
0.874
0.905
0.967
0.967
0.960
0.975
0.956
0.926
0.916
0.831
0.913
0.889
0.919
0.897
0.881
0.810
0.898
0.904
0.927
0.902
0.936
0.967
0.877
0.934
0.922
0.962
0.920
0.964
0.952
0.926
0.822
0.969
0.980
0.884
0.881
0.891
0.897
0.947
0.918
0.891
0.883
0.904
0.959
0.899
0.866
0.951
0.937
0.982
0.940
0.979
0.976
0.949
0.907
0.900
0.923
0.955
0.913
0.975
0.942
0.933
0.922
0.895
0.908
0.977
0.959
0.880
0.925
0.936
0.932
0.929
0.892
0.916
0.896
0.947
0.935
0.976
0.838
0.909
0.920
0.917
0.872
0.809
0.858
0.838
0.830
0.874
0.894
0.933
0.902
0.910
0.914
0.868
0.873
0.861
0.897
0.796
0.846
0.854
0.803
0.677
0.640
0.726
0.777
0.905
0.927
0.880
0.775
0.810
0.815
0.872
0.881
0.923
0.925
0.963
0.955
0.909
0.863
0.931
0.945
0.932
0.877
0.888
0.938
0.920
0.941
0.940
0.852
0.838
0.856
0.901
0.806
0.906
0.797
0.901
0.818
0.786
0.806
0.856
0.885
0.870
0.889
0.883
0.866
0.780
0.718
0.733
0.690
0.811
0.859
0.884
0.886
0.787
0.839
0.842
0.785
0.756
0.876
0.786
0.860
0.889
0.938
0.951
0.860
0.820
0.844
0.799
0.837
0.915
0.863
0.945
0.907
0.842
0.884
0.896
0.952
0.945
0.922
0.970
0.924
0.981
0.931
0.881
0.814
0.857
0.928
0.928
0.922
0.920
0.921
0.972
0.872
0.943
0.973
0.943
0.959
0.975
0.867
0.914
0.868
0.828
0.917
0.919
0.945
0.860
0.935
0.911
0.851
0.957
0.893
0.976
0.961
0.974
0.976
0.911
0.946
0.964
0.945
0.927
0.971
0.913
0.898
0.925
0.966
0.897
0.908
0.947
0.977
0.901
0.929
0.785
0.818
0.896
0.946
0.900
0.917
0.916
0.966
0.951
0.957
0.977
0.934
0.958
0.944
0.956
0.949
0.948
0.947
0.965
0.911
0.947
0.951
0.960
0.957
0.925
0.932
0.933
0.881
0.935
0.918
0.873
0.880
0.908
0.932
0.938
0.954
0.962
0.929
0.913
0.923
0.941
0.926
0.890
0.972
0.949
0.981
0.957
0.946
0.964
0.953
0.950
0.937
0.968
0.935
0.976
0.898
0.928
0.956
0.892
0.893
0.823
0.913
0.886
0.857
0.901
0.926
0.965
0.922
0.856
0.823
0.874
0.899
0.901
0.881
0.897
0.890
0.833
0.775
0.792
0.886
0.864
0.864
0.829
0.899
0.871
0.696
0.686
0.744
0.837
0.929
0.874
0.894
0.915
0.970
0.930
0.882
0.958
0.907
0.935
0.891
0.906
0.891
0.855
0.777
0.740
0.763
0.873
0.844
0.859
0.874
0.770
0.830
0.857
0.750
0.837
0.862
0.872
0.811
0.705
0.700
0.671
0.776
0.871
0.892
0.802
0.687
0.684
0.825
0.850
0.900
0.867
0.929
0.929
0.918
0.900
0.915
0.966
0.945
0.963
0.967
0.949
0.912
0.894
0.936
0.946
0.968
0.972
0.944
0.866
0.939
0.908
0.976
0.913
0.950
0.978
0.981
0.959
0.923
0.943
0.960
0.950
0.946
0.901
0.902
0.898
0.906
0.979
0.931
0.947
0.933
0.976
0.908
0.967
0.969
0.950
0.945
0.946
0.958
0.956
0.904
0.891
0.869
0.903
0.849
0.866
0.881
0.913
0.897
0.867
0.866
0.858
0.801
0.853
0.910
0.915
0.936
0.967
0.950
0.980
0.946
0.982
0.914
0.975
0.971
0.961
0.766
0.644
0.735
0.926
0.938
0.926
0.894
0.950
0.926
0.974
0.912
0.949
0.938
0.964
0.977
0.896
0.905
0.902
0.949
0.928
0.800
0.859
0.831
0.791
0.772
0.785
0.767
0.689
0.747
0.714
0.684
0.789
0.840
0.838
0.763
0.735
0.707
0.772
0.848
0.906
0.919
0.949
0.848
0.814
0.864
0.831
0.863
0.734
0.794
0.743
0.827
0.857
0.933
0.892
0.903
0.943
0.865
0.913
0.874
0.855
0.781
0.857
0.765
0.711
0.812
0.768
0.843
0.830
0.812
0.791
0.826
0.821
0.803
0.839
0.797
0.751
0.765
0.760
0.753
0.737
0.685
0.644
0.627
0.708
0.835
0.896
0.834
0.810
0.834
0.873
0.871
0.923
0.959
0.966
0.934
0.878
0.910
0.896
0.916
0.970
0.894
0.893
0.908
0.807
0.781
0.833
0.864
0.927
0.911
0.908
0.906
0.923
0.911
0.934
0.975
0.925
0.934
0.851
0.819
0.898
0.929
0.928
0.940
0.955
0.980
0.931
0.964
0.881
0.876
0.897
0.895
0.870
0.885
0.890
0.879
0.945
0.886
0.974
0.855
0.950
0.864
0.961
0.971
0.893
0.924
0.915
0.929
0.977
0.933
0.917
0.972
0.911
0.955
0.940
0.887
0.899
0.932
0.966
0.928
0.968
0.957
0.937
0.912
0.881
0.859
0.977
0.846
0.865
0.913
0.917
0.953
0.938
0.874
0.862
0.931
0.952
0.933
0.944
0.926
0.904
0.936
0.895
0.894
0.885
0.872
0.877
0.916
0.937
0.939
0.907
0.876
0.859
0.872
0.922
0.884
0.911
0.938
0.943
0.884
0.873
0.937
0.981
0.983
0.979
0.973
0.914
0.939
0.950
0.862
0.921
0.889
0.883
0.856
0.878
0.879
0.910
0.920
0.904
0.816
0.807
0.788
0.786
0.817
0.849
0.806
0.770
0.832
0.814
0.790
0.764
0.805
0.792
0.873
0.872
0.762
0.860
0.828
0.787
0.752
0.697
0.693
0.851
0.887
0.822
0.805
0.847
0.783
0.709
0.724
0.874
0.901
0.889
0.726
0.724
0.752
0.783
0.835
0.847
0.871
0.882
0.959
0.945
0.929
0.864
0.870
0.943
0.907
0.907
0.921
0.932
0.898
0.890
0.909
0.848
0.874
0.935
0.903
0.845
0.847
0.904
0.895
0.788
0.745
0.765
0.724
0.782
0.826
0.857
0.807
0.873
0.884
0.928
0.973
0.966
0.908
0.871
0.921
0.943
0.936
0.919
0.937
0.867
0.919
0.926
0.889
0.873
0.880
0.967
0.944
0.871
0.727
0.809
0.837
0.918
0.912
0.877
0.910
0.946
0.880
0.926
0.941
0.964
0.919
0.928
0.886
0.936
0.938
0.934
0.942
0.958
0.968
0.964
0.977
0.937
0.928
0.865
0.877
0.899
0.920
0.875
0.932
0.941
0.945
0.866
0.897
0.919
0.926
0.978
0.931
0.928
0.951
0.927
0.882
0.904
0.881
0.880
0.962
0.975
0.939
0.947
0.969
0.920
0.955
0.974
0.970
0.879
0.957
0.932
0.937
0.962
0.963
0.908
0.979
0.914
0.977
0.944
0.921
0.827
0.858
0.870
0.933
0.907
0.925
0.944
0.966
0.887
0.981
0.946
0.979
0.907
0.879
0.933
0.926
0.951
0.854
0.871
0.879
0.889
0.931
0.928
0.958
0.895
0.868
0.860
0.936
0.940
0.950
0.942
0.945
0.887
0.931
0.912
0.867
0.804
0.834
0.883
0.784
0.638
0.766
0.764
0.802
0.770
0.782
0.816
0.856
0.937
0.768
0.852
0.838
0.871
0.867
0.893
0.954
0.924
0.897
0.909
0.889
0.887
0.928
0.902
0.845
0.848
0.828
0.884
0.866
0.823
0.885
0.801
0.823
0.852
0.923
0.962
0.950
0.960
0.896
0.910
0.857
0.887
0.816
0.896
0.926
0.849
0.852
0.818
0.842
0.845
0.907
0.902
0.946
0.950
0.979
0.909
0.962
0.968
0.918
0.875
0.895
0.952
0.969
0.943
0.862
0.885
0.854
0.894
0.957
0.923
0.956
0.957
0.969
0.927
0.955
0.978
0.958
0.947
0.954
0.945
0.950
0.965
0.890
0.940
0.955
0.912
0.921
0.974
0.968
0.884
0.932
0.939
0.878
0.956
0.982
0.939
0.980
0.932
0.946
0.943
0.921
0.949
0.972
0.926
0.918
0.948
0.934
0.908
0.931
0.916
0.952
0.938
0.952
0.937
0.905
0.949
0.921
0.969
0.921
0.966
0.951
0.946
0.952
0.947
0.950
0.906
0.960
0.951
0.975
0.954
0.954
0.981
0.857
0.900
0.938
0.973
0.959
0.962
0.901
0.945
0.868
0.891
0.893
0.912
0.953
0.906
0.941
0.957
0.925
0.930
0.938
0.910
0.858
0.885
0.901
0.913
0.909
0.914
0.902
0.903
0.888
0.877
0.945
0.939
0.971
0.895
0.876
0.773
0.726
0.719
0.765
0.864
0.804
0.926
0.956
0.936
0.980
0.961
0.975
0.954
0.865
0.840
0.893
0.939
0.942
0.940
0.827
0.946
0.918
0.917
0.923
0.784
0.772
0.764
0.810
0.784
0.756
0.716
0.778
0.738
0.741
0.858
0.791
0.727
0.658
0.726
0.717
0.636
0.623
0.784
0.812
0.815
0.894
0.893
0.862
0.823
0.853
0.958
0.881
0.950
0.870
0.944
0.919
0.853
0.883
0.919
0.939
0.895
0.904
0.889
0.821
0.836
0.828
0.910
0.966
0.887
0.887
0.942
0.891
0.824
0.745
0.800
0.860
0.860
0.845
0.852
0.930
0.838
0.844
0.910
0.878
0.872
0.933
0.959
0.948
0.879
0.856
0.757
0.842
0.927
0.947
0.975
0.974
0.883
0.922
0.885
0.897
0.942
0.949
0.897
0.851
0.946
0.975
0.976
0.967
0.934
0.894
0.929
0.984
0.921
0.973
0.961
0.925
0.970
0.916
0.960
0.942
0.919
0.941
0.956
0.938
0.945
0.968
0.921
0.954
0.840
0.895
0.904
0.937
0.935
0.953
0.978
0.927
0.981
0.943
0.966
0.955
0.972
0.949
0.941
0.942
0.970
0.908
0.942
0.925
0.950
0.945
0.935
0.951
0.887
0.861
0.938
0.865
0.899
0.903
0.947
0.835
0.884
0.907
0.903
0.877
0.847
0.804
0.942
0.814
0.815
0.814
0.840
0.832
0.913
0.817
0.759
0.753
0.826
0.847
0.827
0.877
0.888
0.773
0.899
0.948
0.875
0.928
0.902
0.935
0.906
0.902
0.940
0.966
0.920
0.909
0.865
0.929
0.916
0.942
0.879
0.869
0.883
0.893
0.906
0.929
0.895
0.846
0.886
0.906
0.918
0.911
0.920
0.854
0.867
0.783
0.751
0.803
0.898
0.875
0.877
0.963
0.756
0.668
0.670
0.812
0.765
0.831
0.782
0.777
0.848
0.880
0.905
0.896
0.904
0.872
0.908
0.853
0.837
0.932
0.927
0.920
0.938
0.897
0.934
0.964
0.900
0.848
0.850
0.858
0.947
0.958
0.899
0.965
0.962
0.976
0.926
0.969
0.805
0.899
0.941
0.952
0.872
0.956
0.915
0.968
0.934
0.883
0.922
0.921
0.940
0.920
0.888
0.953
0.969
0.957
0.916
0.952
0.870
0.888
0.957
0.942
0.972
0.943
0.946
0.945
0.965
0.953
0.967
0.905
0.936
0.936
0.942
0.915
0.959
0.882
0.976
0.975
0.972
0.918
0.894
0.901
0.955
0.961
0.947
0.903
0.959
0.938
0.924
0.929
0.918
0.960
0.956
0.950
0.976
0.932
0.943
0.902
0.878
0.895
0.912
0.934
0.914
0.974
0.973
0.956
0.974
0.952
0.912
0.920
0.968
0.960
0.947
0.939
0.969
0.848
0.878
0.923
0.953
0.923
0.922
0.951
0.908
0.931
0.956
0.945
0.978
0.892
0.974
0.981
0.909
0.958
0.924
0.899
0.932
0.944
0.912
0.938
0.843
0.898
0.819
0.779
0.914
0.885
0.846
0.942
0.888
0.898
0.891
0.897
0.869
0.895
0.936
0.929
0.941
0.902
0.904
0.940
0.953
0.947
0.941
0.918
0.961
0.958
0.964
0.980
0.933
0.854
0.938
0.906
0.875
0.881
0.975
0.959
0.896
0.909
0.910
0.915
0.921
0.917
0.929
0.912
0.869
0.896
0.920
0.880
0.910
0.970
0.970
0.903
0.964
0.978
0.929
0.935
0.847
0.965
0.886
0.875
0.886
0.826
0.836
0.822
0.899
0.809
0.770
0.815
0.887
0.914
0.879
0.935
0.955
0.944
0.947
0.957
0.871
0.878
0.888
0.913
0.803
0.913
0.776
0.844
0.853
0.775
0.914
0.820
0.864
0.940
0.912
0.788
0.869
0.937
0.888
0.900
0.907
0.946
0.918
0.897
0.912
0.931
0.941
0.965
0.869
0.929
0.920
0.968
0.936
0.958
0.942
0.889
0.919
0.875
0.866
0.888
0.909
0.899
0.923
0.949
0.944
0.974
0.930
0.896
0.849
0.938
0.937
0.923
0.939
0.954
0.903
0.941
0.966
0.899
0.920
0.958
0.884
0.956
0.944
0.981
0.896
0.911
0.939
0.941
0.932
0.947
0.959
0.982
0.933
0.969
0.907
0.959
0.972
0.965
0.861
0.908
0.963
0.934
0.853
0.866
0.915
0.919
0.954
0.936
0.931
0.856
0.936
0.963
0.908
0.932
0.961
0.933
0.976
0.943
0.965
0.960
0.946
0.869
0.887
0.894
0.920
0.924
0.961
0.933
0.870
0.880
0.843
0.930
0.907
0.927
0.956
0.960
0.944
0.874
0.937
0.884
0.915
0.928
0.869
0.864
0.853
0.856
0.880
0.879
0.901
0.950
0.959
0.959
0.959
0.948
0.905
0.923
0.905
0.849
0.818
0.831
0.823
0.754
0.796
0.756
0.783
0.786
0.837
0.907
0.871
0.814
0.832
0.879
0.952
0.867
0.855
0.893
0.790
0.855
0.863
0.874
0.945
0.965
0.976
0.969
0.959
0.863
0.842
0.851
0.929
0.918
0.940
0.939
0.920
0.960
0.966
0.940
0.933
0.915
0.887
0.885
0.858
0.863
0.909
0.905
0.896
0.813
0.838
0.814
0.843
0.906
0.860
0.896
0.873
0.839
0.850
0.878
0.884
0.894
0.979
0.963
0.975
0.935
0.948
0.959
0.960
0.918
0.906
0.912
0.936
0.945
0.961
0.876
0.972
0.890
0.946
0.909
0.961
0.914
0.941
0.941
0.922
0.875
0.924
0.928
0.914
0.916
0.958
0.965
0.850
0.949
0.971
0.927
0.976
0.917
0.914
0.875
0.904
0.938
0.963
0.977
0.943
0.967
0.926
0.944
0.914
0.944
0.938
0.917
0.967
0.969
0.976
0.938
0.928
0.859
0.891
0.931
0.919
0.970
0.951
0.970
0.969
0.975
0.938
0.939
0.967
0.887
0.822
0.874
0.869
0.900
0.878
0.875
0.904
0.943
0.974
0.898
0.903
0.933
0.890
0.951
0.966
0.962
0.948
0.932
0.892
0.881
0.930
0.957
0.903
0.969
0.951
0.943
0.967
0.951
0.972
0.868
0.875
0.934
0.837
0.783
0.883
0.888
0.913
0.910
0.965
0.888
0.913
0.926
0.893
0.916
0.910
0.885
0.856
0.947
0.955
0.879
0.935
0.927
0.814
0.762
0.763
0.830
0.874
0.874
0.923
0.931
0.962
0.886
0.945
0.929
0.969
0.946
0.974
0.967
0.965
0.898
0.878
0.944
0.938
0.909
0.878
0.901
0.911
0.951
0.825
0.742
0.725
0.833
0.889
0.801
0.707
0.709
0.679
0.729
0.897
0.852
0.836
0.951
0.811
0.907
0.928
0.957
0.929
0.933
0.913
0.953
0.971
0.948
0.952
0.942
0.920
0.820
0.881
0.893
0.896
0.948
0.941
0.920
0.926
0.911
0.968
0.968
0.859
0.954
0.932
0.952
0.884
0.889
0.937
0.924
0.915
0.979
0.965
0.983
0.966
0.972
0.958
0.951
0.976
0.914
0.959
0.980
0.972
0.953
0.821
0.845
0.932
0.930
0.936
0.882
0.946
0.906
0.935
0.858
0.956
0.896
0.958
0.962
0.965
0.981
0.966
0.846
0.912
0.982
0.976
0.980
0.927
0.975
0.970
0.963
0.972
0.972
0.906
0.898
0.875
0.932
0.932
0.885
0.921
0.916
0.957
0.947
0.859
0.936
0.906
0.880
0.912
0.953
0.975
0.882
0.913
0.916
0.934
0.976
0.892
0.925
0.948
0.980
0.884
0.944
0.978
0.937
0.898
0.904
0.899
0.929
0.897
0.884
0.890
0.852
0.852
0.863
0.867
0.887
0.933
0.841
0.897
0.802
0.823
0.694
0.716
0.700
0.705
0.729
0.763
0.845
0.842
0.822
0.878
0.910
0.827
0.851
0.839
0.774
0.885
0.834
0.837
0.873
0.925
0.815
0.828
0.861
0.874
0.877
0.868
0.913
0.908
0.980
0.927
0.950
0.931
0.926
0.803
0.848
0.800
0.841
0.815
0.848
0.888
0.854
0.927
0.912
0.934
0.889
0.827
0.876
0.857
0.928
0.922
0.916
0.889
0.953
0.896
0.881
0.897
0.904
0.969
0.965
0.922
0.880
0.888
0.899
0.934
0.873
0.890
0.902
0.933
0.910
0.845
0.927
0.976
0.941
0.953
0.921
0.935
0.921
0.903
0.946
0.937
0.912
0.964
0.934
0.940
0.945
0.902
0.920
0.911
0.881
0.837
0.845
0.853
0.868
0.893
0.841
0.928
0.942
0.971
0.979
0.875
0.948
0.908
0.876
0.954
0.928
0.938
0.976
0.936
0.946
0.948
0.912
0.846
0.871
0.882
0.878
0.892
0.942
0.945
0.943
0.942
0.861
0.959
0.960
0.902
0.972
0.909
0.943
0.881
0.893
0.931
0.959
0.959
0.970
0.901
0.898
0.946
0.972
0.891
0.968
0.970
0.908
0.902
0.961
0.970
0.943
0.967
0.936
0.955
0.911
0.973
0.949
0.976
0.948
0.972
0.936
0.927
0.948
0.967
0.936
0.922
0.895
0.933
0.964
0.927
0.938
0.939
0.929
0.972
0.945
0.917
0.908
0.820
0.892
0.896
0.932
0.905
0.915
0.935
0.953
0.955
0.974
0.964
0.889
0.877
0.903
0.897
0.903
0.866
0.841
0.902
0.883
0.898
0.875
0.846
0.905
0.891
0.924
0.883
0.856
0.914
0.883
0.824
0.923
0.950
0.889
0.844
0.871
0.832
0.892
0.899
0.830
0.962
0.909
0.888
0.805
0.958
0.832
0.850
0.824
0.808
0.822
0.801
0.832
0.843
0.870
0.911
0.852
0.828
0.788
0.851
0.874
0.888
0.906
0.897
0.946
0.942
0.785
0.746
0.712
0.716
0.744
0.832
0.822
0.790
0.825
0.843
0.874
0.853
0.942
0.935
0.953
0.928
0.930
0.909
0.879
0.906
0.859
0.898
0.881
0.913
0.950
0.973
0.952
0.963
0.946
0.945
0.960
0.962
0.966
0.935
0.957
0.933
0.955
0.911
0.962
0.938
0.932
0.950
0.954
0.965
0.965
0.927
0.934
0.949
0.933
0.918
0.898
0.925
0.882
0.951
0.902
0.936
0.934
0.973
0.964
0.968
0.964
0.877
0.953
0.978
0.882
0.976
0.944
0.915
0.952
0.937
0.967
0.943
0.947
0.973
0.891
0.964
0.976
0.950
0.983
0.954
0.931
0.924
0.930
0.931
0.921
0.868
0.961
0.958
0.882
0.934
0.978
0.982
0.862
0.968
0.940
0.980
0.955
0.933
0.980
0.922
0.961
0.944
0.980
0.927
0.916
0.924
0.956
0.949
0.965
0.928
0.922
0.914
0.933
0.859
0.876
0.918
0.967
0.917
0.933
0.891
0.841
0.871
0.924
0.867
0.885
0.875
0.899
0.890
0.775
0.843
0.850
0.795
0.803
0.772
0.748
0.849
0.837
0.905
0.941
0.938
0.891
0.920
0.894
0.948
0.941
0.945
0.953
0.947
0.932
0.899
0.919
0.878
0.918
0.897
0.881
0.937
0.925
0.859
0.847
0.832
0.777
0.831
0.799
0.868
0.906
0.927
0.972
0.859
0.866
0.926
0.936
0.918
0.897
0.896
0.950
0.938
0.958
0.912
0.961
0.924
0.960
0.979
0.922
0.951
0.886
0.849
0.953
0.966
0.925
0.888
0.945
0.972
0.937
0.933
0.909
0.903
0.979
0.978
0.888
0.866
0.953
0.958
0.923
0.875
0.919
0.914
0.941
0.980
0.933
0.911
0.885
0.965
0.957
0.880
0.948
0.939
0.965
0.952
0.908
0.935
0.853
0.891
0.903
0.913
0.947
0.969
0.945
0.941
0.934
0.934
0.951
0.977
0.917
0.897
0.963
0.912
0.889
0.977
0.882
0.981
0.979
0.944
0.950
0.924
0.961
0.933
0.953
0.934
0.886
0.874
0.943
0.876
0.905
0.895
0.933
0.898
0.951
0.967
0.945
0.965
0.917
0.975
0.979
0.871
0.928
0.953
0.936
0.949
0.913
0.937
0.940
0.942
0.888
0.913
0.968
0.970
0.979
0.931
0.949
0.932
0.954
0.959
0.936
0.897
0.897
0.832
0.906
0.923
0.860
0.862
0.895
0.923
0.853
0.915
0.940
0.911
0.972
0.961
0.948
0.980
0.926
0.961
0.957
0.900
0.949
0.922
0.946
0.949
0.955
0.937
0.943
0.949
0.904
0.931
0.845
0.793
0.771
0.836
0.818
0.867
0.884
0.859
0.950
0.939
0.943
0.914
0.904
0.872
0.895
0.909
0.925
0.942
0.836
0.882
0.921
0.879
0.911
0.864
0.915
0.955
0.905
0.793
0.738
0.732
0.717
0.674
0.832
0.759
0.826
0.817
0.824
0.899
0.915
0.945
0.946
0.918
0.867
0.889
0.881
0.886
0.953
0.930
0.910
0.962
0.954
0.948
0.912
0.893
0.898
0.866
0.929
0.839
0.896
0.914
0.781
0.835
0.873
0.886
0.919
0.965
0.927
0.818
0.787
0.808
0.918
0.870
0.916
0.924
0.972
0.784
0.863
0.869
0.925
0.888
0.881
0.876
0.954
0.957
0.921
0.938
0.885
0.835
0.907
0.971
0.977
0.943
0.954
0.924
0.925
0.909
0.932
0.933
0.930
0.906
0.915
0.870
0.898
0.903
0.953
0.917
0.898
0.917
0.855
0.848
0.880
0.928
0.897
0.917
0.981
0.977
0.977
0.974
0.961
0.980
0.966
0.927
0.960
0.915
0.933
0.959
0.920
0.895
0.916
0.964
0.973
0.953
0.951
0.874
0.928
0.863
0.887
0.924
0.932
0.934
0.972
0.970
0.981
0.933
0.962
0.980
0.981
0.949
0.938
0.981
0.942
0.893
0.914
0.970
0.948
0.828
0.891
0.928
0.967
0.932
0.939
0.956
0.943
0.913
0.946
0.891
0.925
0.937
0.898
0.893
0.917
0.962
0.923
0.920
0.982
0.968
0.941
0.981
0.889
0.888
0.887
0.874
0.897
0.850
0.940
0.913
0.932
0.954
0.949
0.958
0.934
0.953
0.942
0.906
0.918
0.965
0.888
0.928
0.922
0.893
0.924
0.913
0.869
0.879
0.913
0.936
0.888
0.847
0.850
0.948
0.877
0.925
0.926
0.944
0.955
0.948
0.853
0.900
0.929
0.874
0.876
0.891
0.928
0.913
0.968
0.873
0.846
0.956
0.976
0.938
0.968
0.929
0.917
0.894
0.935
0.929
0.975
0.955
0.954
0.925
0.972
0.971
0.886
0.979
0.913
0.965
0.979
0.969
0.906
0.920
0.942
0.941
0.869
0.947
0.868
0.880
0.920
0.905
0.934
0.962
0.981
0.979
0.957
0.918
0.971
0.930
0.967
0.977
0.935
0.893
0.980
0.854
0.925
0.824
0.979
0.950
0.975
0.917
0.928
0.948
0.947
0.969
0.938
0.972
0.982
0.928
0.943
0.952
0.880
0.909
0.950
0.929
0.951
0.951
0.847
0.948
0.935
0.955
0.951
0.936
0.934
0.955
0.919
0.913
0.924
0.950
0.939
0.935
0.936
0.979
0.962
0.930
0.954
0.971
0.921
0.935
0.946
0.942
0.961
0.961
0.949
0.967
0.920
0.966
0.958
0.976
0.963
0.968
0.960
0.960
0.979
0.985
0.954
0.975
0.980
0.949
0.961
0.980
0.954
0.958
0.865
0.944
0.948
0.932
0.918
0.920
0.944
0.973
0.944
0.868
0.870
0.845
0.820
0.783
0.916
0.957
0.947
0.944
0.941
0.950
0.885
0.927
0.914
0.833
0.878
0.971
0.974
0.946
0.975
0.871
0.909
0.926
0.941
0.929
0.953
0.972
0.930
0.962
0.896
0.924
0.942
0.956
0.961
0.981
0.917
0.972
0.951
0.976
0.970
0.964
0.915
0.928
0.916
0.887
0.909
0.928
0.968
0.973
0.950
0.966
0.949
0.935
0.934
0.920
0.885
0.886
0.976
0.966
0.897
0.969
0.961
0.938
0.914
0.913
0.925
0.897
0.926
0.947
0.955
0.953
0.945
0.953
0.962
0.972
0.930
0.916
0.947
0.982
0.971
0.930
0.944
0.936
0.929
0.953
0.931
0.902
0.877
0.951
0.900
0.913
0.911
0.911
0.976
0.983
0.923
0.964
0.980
0.978
0.981
0.980
0.962
0.975
0.924
0.959
0.947
0.899
0.965
0.950
0.830
0.897
0.897
0.855
0.908
0.920
0.943
0.946
0.963
0.952
0.872
0.913
0.892
0.900
0.903
0.930
0.959
0.954
0.960
0.976
0.948
0.977
0.922
0.951
0.980
0.936
0.939
0.950
0.965
0.963
0.966
0.928
0.937
0.941
0.975
0.916
0.946
0.824
0.850
0.871
0.909
0.974
0.946
0.945
0.982
0.921
0.973
0.968
0.974
0.873
0.979
0.953
0.976
0.917
0.937
0.943
0.982
0.941
0.969
0.940
0.865
0.841
0.951
0.942
0.975
0.951
0.981
0.950
0.951
0.968
0.952
0.897
0.977
0.969
0.903
0.955
0.961
0.962
0.934
0.964
0.968
0.981
0.921
0.937
0.926
0.870
0.881
0.968
0.929
0.950
0.886
0.934
0.967
0.950
0.977
0.933
0.896
0.913
0.948
0.925
0.906
0.876
0.910
0.857
0.786
0.846
0.879
0.834
0.846
0.923
0.833
0.974
0.900
0.924
0.878
0.893
0.868
0.837
0.829
0.922
0.873
0.858
0.912
0.849
0.867
0.861
0.974
0.960
0.904
0.862
0.910
0.896
0.906
0.920
0.938
0.928
0.879
0.965
0.932
0.974
0.967
0.969
0.924
0.968
0.972
0.944
0.933
0.923
0.911
0.932
0.949
0.959
0.935
0.922
0.953
0.925
0.920
0.882
0.858
0.915
0.942
0.942
0.866
0.937
0.931
0.897
0.960
0.982
0.966
0.909
0.909
0.947
0.944
0.977
0.947
0.929
0.881
0.914
0.927
0.975
0.961
0.827
0.894
0.959
0.977
0.976
0.930
0.950
0.938
0.958
0.875
0.959
0.946
0.928
0.971
0.968
0.973
0.952
0.942
0.960
0.965
0.929
0.959
0.963
0.976
0.943
0.970
0.943
0.957
0.972
0.942
0.960
0.971
0.948
0.949
0.963
0.870
0.960
0.982
0.968
0.925
0.938
0.972
0.971
0.982
0.948
0.973
0.955
0.938
0.979
0.963
0.908
0.951
0.956
0.936
0.975
0.962
0.945
0.964
0.934
0.946
0.968
0.901
0.916
0.932
0.900
0.877
0.900
0.919
0.904
0.946
0.940
0.955
0.926
0.895
0.882
0.926
0.912
0.967
0.904
0.958
0.980
0.968
0.978
0.962
0.975
0.922
0.936
0.976
0.960
0.941
0.900
0.922
0.826
0.816
0.773
0.870
0.878
0.864
0.869
0.792
0.842
0.871
0.895
0.810
0.817
0.743
0.812
0.799
0.741
0.854
0.861
0.861
0.718
0.825
0.885
0.911
0.907
0.926
0.922
0.936
0.870
0.887
0.856
0.884
0.771
0.756
0.732
0.844
0.921
0.957
0.904
0.933
0.839
0.920
0.907
0.923
0.922
0.952
0.906
0.918
0.947
0.899
0.870
0.863
0.877
0.948
0.862
0.931
0.911
0.890
0.921
0.943
0.901
0.901
0.980
0.931
0.947
0.978
0.981
0.981
0.961
0.932
0.952
0.936
0.926
0.969
0.931
0.914
0.970
0.981
0.927
0.933
0.931
0.955
0.874
0.857
0.912
0.828
0.870
0.894
0.956
0.967
0.949
0.977
0.953
0.970
0.961
0.974
0.949
0.930
0.960
0.964
0.981
0.881
0.947
0.875
0.954
0.969
0.939
0.927
0.885
0.940
0.945
0.909
0.878
0.872
0.889
0.946
0.973
0.940
0.895
0.938
0.900
0.941
0.976
0.965
0.966
0.932
0.925
0.974
0.917
0.904
0.877
0.896
0.884
0.907
0.919
0.939
0.919
0.897
0.941
0.947
0.955
0.981
0.917
0.930
0.963
0.976
0.978
0.963
0.863
0.929
0.906
0.908
0.923
0.937
0.913
0.959
0.824
0.857
0.938
0.973
0.979
0.920
0.975
0.890
0.977
0.914
0.909
0.980
0.932
0.960
0.903
0.940
0.917
0.858
0.919
0.971
0.971
0.936
0.914
0.968
0.910
0.896
0.954
0.972
0.916
0.950
0.957
0.906
0.938
0.983
0.917
0.914
0.950
0.888
0.966
0.953
0.974
0.914
0.969
0.916
0.873
0.936
0.950
0.919
0.929
0.918
0.906
0.962
0.940
0.972
0.930
0.967
0.976
0.933
0.963
0.963
0.969
0.877
0.926
0.948
0.906
0.968
0.972
0.903
0.939
0.929
0.972
0.865
0.951
0.926
0.958
0.975
0.981
0.903
0.933
0.956
0.975
0.946
0.980
0.928
0.954
0.968
0.950
0.965
0.962
0.973
0.962
0.974
0.957
0.962
0.965
0.970
0.971
0.963
0.965
0.975
0.937
0.954
0.947
0.959
0.981
0.968
0.983
0.977
0.918
0.979
0.944
0.950
0.920
0.933
0.978
0.952
0.874
0.945
0.954
0.964
0.946
0.976
0.925
0.967
0.956
0.953
0.967
0.964
0.917
0.924
0.956
0.965
0.954
0.970
0.981
0.970
0.974
0.980
0.949
0.935
0.979
0.980
0.940
0.930
0.970
0.945
0.972
0.962
0.970
0.960
0.950
0.936
0.858
0.883
0.950
0.954
0.971
0.946
0.937
0.901
0.979
0.957
0.966
0.942
0.909
0.978
0.947
0.955
0.947
0.958
0.946
0.955
0.943
0.953
0.976
0.951
0.978
0.957
0.963
0.975
0.981
0.948
0.985
0.921
0.947
0.978
0.968
0.976
0.979
0.970
0.963
0.984
0.948
0.982
0.978
0.969
0.922
0.976
0.907
0.878
0.960
0.944
0.933
0.962
0.971
0.966
0.908
0.966
0.949
0.886
0.891
0.940
0.944
0.962
0.937
0.954
0.922
0.957
0.940
0.960
0.958
0.920
0.947
0.928
0.958
0.942
0.907
0.910
0.934
0.918
0.921
0.868
0.853
0.955
0.913
0.960
0.939
0.928
0.934
0.915
0.930
0.910
0.914
0.924
0.841
0.907
0.912
0.951
0.940
0.955
0.908
0.950
0.927
0.960
0.944
0.974
0.972
0.972
0.965
0.927
0.902
0.863
0.880
0.884
0.949
0.916
0.949
0.941
0.951
0.974
0.902
0.929
0.950
0.939
0.938
0.923
0.959
0.961
0.909
0.926
0.841
0.812
0.801
0.907
0.870
0.937
0.960
0.960
0.969
0.977
0.920
0.920
0.945
0.951
0.861
0.949
0.963
0.929
0.969
0.945
0.918
0.947
0.861
0.863
0.888
0.953
0.930
0.910
0.906
0.934
0.979
0.966
0.931
0.952
0.955
0.978
0.897
0.948
0.870
0.897
0.858
0.790
0.886
0.928
0.975
0.879
0.870
0.864
0.909
0.954
0.948
0.937
0.920
0.951
0.938
0.946
0.944
0.959
0.954
0.948
0.930
0.954
0.864
0.975
0.855
0.821
0.847
0.798
0.771
0.846
0.866
0.894
0.694
0.792
0.923
0.857
0.885
0.959
0.927
0.933
0.940
0.890
0.858
0.864
0.871
0.825
0.913
0.873
0.885
0.898
0.882
0.929
0.940
0.913
0.927
0.952
0.942
0.898
0.907
0.972
0.878
0.930
0.961
0.938
0.950
0.957
0.973
0.853
0.890
0.922
0.951
0.775
0.860
0.908
0.943
0.874
0.947
0.878
0.886
0.914
0.900
0.947
0.952
0.928
0.901
0.860
0.891
0.959
0.948
0.956
0.852
0.922
0.964
0.923
0.931
0.956
0.944
0.974
0.967
0.900
0.865
0.886
0.862
0.951
0.921
0.902
0.937
0.907
0.956
0.899
0.937
0.945
0.958
0.948
0.929
0.973
0.915
0.964
0.955
0.941
0.953
0.891
0.945
0.902
0.909
0.873
0.840
0.876
0.933
0.920
0.951
0.927
0.923
0.874
0.934
0.924
0.945
0.959
0.942
0.951
0.936
0.838
0.900
0.919
0.940
0.870
0.879
0.957
0.878
0.876
0.927
0.899
0.859
0.900
0.945
0.945
0.874
0.945
0.943
0.903
0.944
0.955
0.919
0.906
0.931
0.938
0.921
0.841
0.937
0.945
0.922
0.922
0.930
0.912
0.939
0.905
0.888
0.980
0.884
0.978
0.858
0.819
0.761
0.735
0.769
0.798
0.858
0.891
0.884
0.936
0.917
0.857
0.953
0.944
0.894
0.958
0.969
0.858
0.949
0.949
0.959
0.979
0.898
0.835
0.942
0.860
0.846
0.850
0.874
0.949
0.869
0.930
0.934
0.841
0.922
0.896
0.869
0.843
0.904
0.927
0.937
0.943
0.881
0.962
0.933
0.972
0.939
0.961
0.922
0.973
0.981
0.914
0.970
0.956
0.973
0.907
0.897
0.919
0.865
0.884
0.893
0.947
0.945
0.911
0.955
0.927
0.960
0.943
0.953
0.915
0.962
0.939
0.938
0.916
0.918
0.910
0.958
0.970
0.971
0.945
0.932
0.882
0.903
0.907
0.934
0.871
0.906
0.941
0.958
0.942
0.948
0.922
0.940
0.957
0.863
0.857
0.869
0.850
0.908
0.845
0.918
0.952
0.925
0.933
0.933
0.924
0.886
0.916
0.890
0.915
0.963
0.932
0.870
0.955
0.980
0.925
0.947
0.962
0.897
0.898
0.869
0.874
0.881
0.932
0.841
0.890
0.845
0.821
0.894
0.865
0.907
0.933
0.894
0.924
0.899
0.894
0.919
0.936
0.960
0.927
0.940
0.958
0.910
0.869
0.853
0.865
0.944
0.925
0.889
0.906
0.925
0.962
0.972
0.954
0.953
0.963
0.944
0.956
0.940
0.899
0.928
0.918
0.940
0.939
0.942
0.937
0.953
0.915
0.970
0.928
0.919
0.881
0.915
0.928
0.883
0.921
0.939
0.845
0.859
0.936
0.925
0.922
0.831
0.786
0.840
0.881
0.840
0.841
0.961
0.938
0.906
0.966
0.938
0.961
0.912
0.933
0.958
0.959
0.941
0.960
0.974
0.898
0.979
0.869
0.965
0.909
0.973
0.887
0.974
0.978
0.916
0.949
0.963
0.944
0.904
0.925
0.921
0.956
0.927
0.957
0.977
0.921
0.923
0.957
0.942
0.923
0.895
0.963
0.945
0.942
0.924
0.946
0.929
0.942
0.937
0.837
0.897
0.927
0.890
0.908
0.930
0.916
0.950
0.868
0.940
0.923
0.940
0.897
0.820
0.948
0.958
0.889
0.968
0.895
0.939
0.950
0.927
0.911
0.850
0.929
0.928
0.969
0.900
0.942
0.901
0.954
0.943
0.941
0.855
0.911
0.912
0.926
0.911
0.945
0.912
0.931
0.957
0.898
0.874
0.884
0.961
0.896
0.882
0.916
0.938
0.940
0.944
0.839
0.903
0.960
0.967
0.857
0.907
0.943
0.891
0.965
0.968
0.944
0.942
0.935
0.938
0.909
0.900
0.957
0.910
0.920
0.936
0.889
0.885
0.961
0.904
0.929
0.927
0.957
0.937
0.898
0.938
0.926
0.897
0.949
0.943
0.952
0.885
0.951
0.938
0.944
0.923
0.933
0.922
0.945
0.893
0.889
0.865
0.953
0.941
0.920
0.909
0.884
0.907
0.892
0.945
0.913
0.927
0.925
0.962
0.952
0.961
0.966
0.946
0.906
0.945
0.899
0.915
0.900
0.879
0.849
0.964
0.951
0.969
0.892
0.886
0.906
0.933
0.922
0.894
0.943
0.891
0.852
0.879
0.961
0.862
0.899
0.901
0.840
0.865
0.961
0.958
0.912
0.980
0.889
0.944
0.958
0.952
0.956
0.900
0.910
0.930
0.920
0.932
0.910
0.936
0.864
0.877
0.952
0.968
0.873
0.837
0.888
0.907
0.929
0.972
0.937
0.898
0.968
0.951
0.898
0.954
0.952
0.914
0.900
0.956
0.907
0.831
0.869
0.906
0.882
0.866
0.937
0.952
0.946
0.967
0.908
0.934
0.878
0.962
0.914
0.885
0.939
0.950
0.954
0.961
0.948
0.909
0.957
0.948
0.925
0.960
0.915
0.957
0.919
0.895
0.923
0.899
0.939
0.922
0.921
0.877
0.829
0.802
0.842
0.871
0.810
0.841
0.818
0.834
0.884
0.887
0.860
0.841
0.825
0.813
0.792
0.826
0.966
0.968
0.950
0.839
0.890
0.854
0.862
0.874
0.833
0.947
0.954
0.965
0.965
0.966
0.955
0.900
0.949
0.915
0.929
0.885
0.913
0.871
0.943
0.880
0.886
0.964
0.895
0.935
0.916
0.925
0.924
0.940
0.943
0.887
0.933
0.953
0.957
0.967
0.917
0.978
0.935
0.947
0.952
0.946
0.951
0.957
0.938
0.949
0.971
0.977
0.974
0.969
0.965
0.968
0.975
0.947
0.923
0.937
0.831
0.928
0.930
0.952
0.951
0.953
0.959
0.958
0.959
0.958
0.957
0.926
0.887
0.931
0.947
0.947
0.961
0.977
0.924
0.977
0.954
0.941
0.947
0.953
0.948
0.944
0.977
0.901
0.905
0.934
0.866
0.845
0.892
0.915
0.934
0.968
0.939
0.946
0.941
0.953
0.937
0.941
0.868
0.958
0.919
0.852
0.845
0.910
0.976
0.898
0.948
0.934
0.943
0.962
0.965
0.903
0.966
0.907
0.979
0.981
0.923
0.891
0.940
0.966
0.906
0.948
0.951
0.901
0.903
0.898
0.975
0.870
0.912
0.954
0.944
0.922
0.892
0.957
0.964
0.959
0.944
0.975
0.926
0.943
0.920
0.935
0.962
0.964
0.943
0.939
0.948
0.951
0.956
0.928
0.952
0.956
0.872
0.938
0.954
0.905
0.943
0.927
0.942
0.925
0.941
0.869
0.966
0.958
0.963
0.939
0.901
0.901
0.926
0.943
0.951
0.950
0.955
0.898
0.939
0.942
0.934
0.941
0.913
0.946
0.910
0.921
0.916
0.895
0.923
0.928
0.966
0.936
0.923
0.929
0.934
0.932
0.909
0.927
0.939
0.953
0.885
0.889
0.948
0.865
0.913
0.930
0.961
0.944
0.931
0.955
0.964
0.939
0.909
0.959
0.908
0.975
0.873
0.918
0.939
0.964
0.956
0.919
0.970
0.965
0.940
0.942
0.840
0.934
0.937
0.889
0.920
0.937
0.935
0.915
0.917
0.852
0.954
0.967
0.952
0.950
0.915
0.913
0.827
0.873
0.959
0.955
0.972
0.878
0.975
0.963
0.895
0.915
0.933
0.884
0.898
0.965
0.974
0.808
0.942
0.946
0.927
0.959
0.936
0.852
0.959
0.962
0.912
0.828
0.921
0.925
0.915
0.973
0.921
0.931
0.932
0.880
0.956
0.904
0.938
0.944
0.874
0.964
0.871
0.882
0.814
0.834
0.864
0.835
0.879
0.903
0.847
0.875
0.889
0.952
0.938
0.946
0.957
0.934
0.911
0.947
0.948
0.981
0.901
0.884
0.940
0.927
0.836
0.891
0.864
0.832
0.915
0.904
0.922
0.937
0.947
0.949
0.974
0.890
0.897
0.923
0.940
0.898
0.889
0.975
0.880
0.952
0.963
0.924
0.960
0.964
0.915
0.949
0.882
0.891
0.862
0.902
0.923
0.929
0.860
0.859
0.854
0.797
0.859
0.902
0.954
0.939
0.931
0.945
0.938
0.951
0.928
0.949
0.909
0.941
0.928
0.848
0.893
0.867
0.942
0.921
0.840
0.860
0.918
0.949
0.978
0.948
0.968
0.951
0.953
0.944
0.917
0.909
0.929
0.891
0.925
0.911
0.941
0.945
0.917
0.947
0.932
0.901
0.957
0.925
0.953
0.936
0.940
0.941
0.947
0.953
0.887
0.890
0.930
0.919
0.898
0.917
0.896
0.879
0.908
0.883
0.922
0.917
0.945
0.973
0.919
0.850
0.861
0.893
0.927
0.880
0.929
0.942
0.920
0.825
0.767
0.889
0.912
0.881
0.914
0.921
0.938
0.957
0.924
0.934
0.948
0.929
0.935
0.951
0.959
0.968
0.921
0.908
0.873
0.929
0.913
0.884
0.918
0.945
0.941
0.928
0.948
0.919
0.947
0.953
0.953
0.928
0.967
0.933
0.949
0.965
0.956
0.967
0.961
0.910
0.958
0.961
0.906
0.948
0.892
0.960
0.909
0.892
0.922
0.976
0.960
0.888
0.962
0.896
0.967
0.898
0.912
0.968
0.949
0.906
0.874
0.903
0.872
0.898
0.952
0.943
0.897
0.938
0.948
0.945
0.880
0.878
0.889
0.947
0.879
0.947
0.925
0.952
0.948
0.907
0.918
0.947
0.958
0.950
0.960
0.955
0.939
0.931
0.951
0.867
0.949
0.889
0.957
0.950
0.941
0.940
0.942
0.887
0.958
0.954
0.931
0.853
0.873
0.942
0.953
0.947
0.931
0.953
0.955
0.862
0.884
0.907
0.899
0.956
0.936
0.957
0.922
0.956
0.917
0.872
0.939
0.867
0.919
0.940
0.956
0.898
0.897
0.910
0.937
0.880
0.895
0.958
0.934
0.953
0.908
0.906
0.884
0.935
0.922
0.887
0.942
0.936
0.901
