19790101
0.815
0.806
0.733
0.786
0.797
0.769
0.749
0.687
0.626
0.695
0.717
0.783
0.722
0.767
0.704
0.683
0.724
0.670
0.698
0.661
0.654
0.733
0.724
0.741
0.762
0.773
0.842
0.843
0.882
0.788
0.808
0.813
0.758
0.730
0.709
0.675
0.671
0.687
0.688
0.686
0.859
0.798
0.711
0.790
0.787
0.804
0.807
0.783
0.772
0.764
0.731
0.692
0.716
0.841
0.836
0.900
0.831
0.823
0.845
0.821
0.812
0.817
0.823
0.856
0.846
0.902
0.943
0.862
0.838
0.840
0.790
0.766
0.781
0.788
0.767
0.728
0.703
0.756
0.716
0.709
0.771
0.726
0.745
0.684
0.834
0.723
0.861
0.854
0.811
0.818
0.797
0.861
0.856
0.837
0.891
0.894
0.918
0.874
0.817
0.851
0.744
0.787
0.832
0.918
0.867
0.878
0.880
0.823
0.914
0.899
0.928
0.962
0.943
0.929
0.922
0.927
0.880
0.893
0.964
0.938
0.898
0.973
0.927
0.905
0.925
0.842
0.840
0.810
0.848
0.820
0.900
0.893
0.968
0.827
0.918
0.917
0.927
0.890
0.932
0.916
0.939
0.859
0.956
0.880
0.865
0.878
0.882
0.934
0.906
0.866
0.917
0.897
0.942
0.885
0.903
0.832
0.812
0.906
0.883
0.802
0.915
0.815
0.873
0.847
0.930
0.710
0.865
0.881
0.827
0.837
0.847
0.808
0.832
0.825
0.840
0.822
0.780
0.691
0.686
0.731
0.810
0.834
0.908
0.748
0.778
0.812
0.637
0.628
0.616
0.693
0.712
0.711
0.754
0.854
0.881
0.899
0.890
0.872
0.876
0.728
0.797
0.751
0.863
0.846
0.789
0.877
0.741
0.680
0.644
0.660
0.811
0.922
0.829
0.809
0.853
0.723
0.730
0.696
0.667
0.618
0.608
0.563
0.619
0.718
0.707
0.806
0.874
0.862
0.810
0.847
0.838
0.795
0.861
0.809
0.912
0.861
0.767
0.894
0.794
0.859
0.880
0.945
0.892
0.792
0.829
0.818
0.856
0.946
0.818
0.834
0.943
0.772
0.908
0.893
0.821
0.923
0.913
0.819
0.912
0.844
0.924
0.858
0.929
0.886
0.901
0.828
0.853
0.804
0.902
0.845
0.869
0.908
0.725
0.873
0.830
0.780
0.770
0.884
0.765
0.803
0.959
0.908
0.751
0.884
0.835
0.789
0.881
0.777
0.884
0.895
0.933
0.798
0.911
0.903
0.913
0.785
0.706
0.778
0.846
0.803
0.865
0.867
0.824
0.810
0.876
0.884
0.802
0.918
0.957
0.853
0.840
0.826
0.897
0.859
0.917
0.960
0.827
0.887
0.911
0.899
0.906
0.847
0.887
0.857
0.906
0.822
0.865
0.898
0.921
0.853
0.902
0.882
0.897
0.923
0.945
0.900
0.838
0.863
0.827
0.812
0.846
0.783
0.772
0.836
0.787
0.727
0.729
0.768
0.825
0.885
0.854
0.872
0.895
0.942
0.817
0.833
0.816
0.781
0.709
0.763
0.788
0.773
0.843
0.838
0.786
0.869
0.868
0.874
0.861
0.814
0.774
0.744
0.729
0.742
0.663
0.687
0.637
0.665
0.702
0.684
0.670
0.677
0.800
0.833
0.810
0.788
0.742
0.747
0.796
0.742
0.696
0.683
0.815
0.806
0.765
0.723
0.885
0.842
0.924
0.877
0.883
0.741
0.710
0.635
0.680
0.675
0.698
0.651
0.631
0.598
0.588
0.766
0.873
0.663
0.769
0.798
0.820
0.663
0.692
0.667
0.575
0.656
0.631
0.649
0.659
0.609
0.669
0.653
0.593
0.590
0.590
0.523
0.539
0.600
0.601
0.669
0.678
0.701
0.696
0.655
0.670
0.599
0.669
0.632
0.659
0.593
0.574
0.660
0.608
0.599
0.626
0.614
0.568
0.664
0.666
0.716
0.610
0.685
0.724
0.647
0.628
0.751
0.711
0.672
0.655
0.691
0.656
0.672
0.598
0.657
0.662
0.721
0.706
0.634
0.604
0.631
0.726
0.916
0.861
0.857
0.911
0.878
0.830
0.868
0.820
0.887
0.883
0.919
0.854
0.822
0.879
0.905
0.829
0.906
0.939
0.802
0.729
0.789
0.821
0.959
0.887
0.746
0.803
0.917
0.677
0.826
0.913
0.903
0.798
0.920
0.798
0.843
0.836
0.796
0.867
0.849
0.880
0.881
0.887
0.876
0.891
0.970
0.851
0.783
0.774
0.807
0.864
0.855
0.850
0.894
0.788
0.613
0.610
0.653
0.733
0.800
0.897
0.759
0.672
0.792
0.750
0.821
0.755
0.644
0.664
0.576
0.608
0.535
0.587
0.525
0.632
0.593
0.538
0.566
0.561
0.547
0.709
0.751
0.691
0.715
0.674
0.653
0.599
0.613
0.629
0.650
0.627
0.639
0.766
0.727
0.799
0.744
0.712
0.803
0.800
0.840
0.753
0.668
0.741
0.786
0.725
0.785
0.835
0.864
0.824
0.852
0.821
0.865
0.810
0.781
0.692
0.679
0.694
0.758
0.740
0.837
0.894
0.835
0.789
0.805
0.719
0.659
0.666
0.700
0.629
0.680
0.706
0.640
0.652
0.750
0.914
0.805
0.918
0.813
0.650
0.703
0.769
0.715
0.679
0.581
0.659
0.712
0.802
0.930
0.938
0.790
0.774
0.845
0.891
0.849
0.962
0.842
0.765
0.859
0.897
0.837
0.887
0.944
0.888
0.890
0.919
0.908
0.865
0.953
0.830
0.972
0.803
0.922
0.889
0.933
0.835
0.904
0.837
0.923
0.928
0.904
0.927
0.856
0.838
0.894
0.801
0.836
0.818
0.818
0.813
0.827
0.854
0.941
0.819
0.884
0.865
0.957
0.842
0.975
0.869
0.944
0.859
0.880
0.816
0.862
0.883
0.874
0.893
0.952
0.893
0.854
0.807
0.798
0.789
0.791
0.864
0.855
0.903
0.887
0.910
0.802
0.837
0.889
0.882
0.857
0.885
0.810
0.783
0.823
0.916
0.822
0.818
0.852
0.933
0.848
0.876
0.886
0.900
0.890
0.890
0.931
0.885
0.868
0.753
0.742
0.773
0.784
0.799
0.802
0.811
0.783
0.824
0.826
0.859
0.837
0.880
0.798
0.797
0.736
0.723
0.776
0.774
0.739
0.793
0.829
0.808
0.714
0.736
0.798
0.779
0.767
0.698
0.756
0.804
0.749
0.722
0.637
0.687
0.671
0.749
0.808
0.770
0.735
0.755
0.695
0.727
0.766
0.726
0.687
0.744
0.760
0.768
0.729
0.686
0.774
0.780
0.729
0.732
0.793
0.712
0.847
0.884
0.845
0.776
0.802
0.854
0.846
0.951
0.890
0.965
0.843
0.827
0.847
0.822
0.809
0.823
0.853
0.813
0.798
0.871
0.839
0.842
0.855
0.860
0.855
0.814
0.816
0.827
0.885
0.791
0.750
0.807
0.757
0.768
0.694
0.678
0.669
0.714
0.668
0.710
0.659
0.639
0.647
0.675
0.649
0.630
0.603
0.613
0.718
0.909
0.682
0.725
0.810
0.759
0.704
0.674
0.696
0.845
0.769
0.967
0.845
0.938
0.874
0.948
0.918
0.915
0.886
0.896
0.916
0.864
0.897
0.943
0.858
0.910
0.906
0.924
0.965
0.912
0.887
0.895
0.898
0.954
0.796
0.744
0.919
0.950
0.896
0.953
0.906
0.962
0.901
0.934
0.932
0.898
0.870
0.860
0.841
0.857
0.825
0.914
0.830
0.965
0.818
0.955
0.857
0.932
0.819
0.947
0.913
0.942
0.897
0.888
0.943
0.865
0.974
0.836
0.954
0.918
0.846
0.883
0.880
0.891
0.909
0.864
0.973
0.796
0.792
0.819
0.909
0.784
0.813
0.897
0.771
0.857
0.883
0.862
0.847
0.823
0.813
0.859
0.867
0.918
0.900
0.755
0.775
0.763
0.809
0.792
0.796
0.784
0.720
0.758
0.822
0.864
0.738
0.795
0.757
0.735
0.791
0.733
0.698
0.594
0.605
0.599
0.628
0.697
0.659
0.620
0.608
0.649
0.721
0.732
0.673
0.712
0.863
0.897
0.754
0.648
0.693
0.759
0.786
0.924
0.760
0.770
0.803
0.863
0.665
0.714
0.842
0.870
0.957
0.816
0.856
0.752
0.906
0.763
0.756
0.898
0.929
0.948
0.779
0.829
0.801
0.874
0.876
0.834
0.840
0.804
0.926
0.884
0.887
0.940
0.958
0.783
0.828
0.812
0.802
0.873
0.840
0.633
0.726
0.749
0.716
0.826
0.876
0.801
0.877
0.852
0.840
0.794
0.830
0.880
0.866
0.889
0.859
0.899
0.954
0.822
0.863
0.855
0.859
0.882
0.937
0.917
0.931
0.961
0.893
0.890
0.890
0.922
0.902
0.949
0.957
0.859
0.776
0.828
0.970
0.889
0.978
0.902
0.920
0.948
0.921
0.909
0.901
0.882
0.937
0.922
0.834
0.889
0.960
0.954
0.893
0.941
0.884
0.885
0.825
0.859
0.941
0.884
0.922
0.932
0.836
0.896
0.861
0.849
0.790
0.860
0.874
0.916
0.818
0.875
0.882
0.918
0.973
0.917
0.891
0.842
0.942
0.939
0.952
0.844
0.864
0.890
0.943
0.785
0.834
0.858
0.883
0.885
0.875
0.871
0.773
0.753
0.775
0.803
0.834
0.825
0.784
0.828
0.926
0.881
0.841
0.879
0.938
0.845
0.828
0.760
0.762
0.800
0.755
0.792
0.785
0.754
0.751
0.745
0.724
0.843
0.732
0.712
0.689
0.650
0.582
0.559
0.655
0.711
0.888
0.802
0.733
0.793
0.719
0.773
0.764
0.744
0.822
0.803
0.809
0.796
0.855
0.815
0.862
0.840
0.832
0.799
0.825
0.854
0.832
0.865
0.847
0.838
0.808
0.869
0.867
0.803
0.870
0.765
0.736
0.812
0.727
0.711
0.735
0.874
0.751
0.664
0.701
0.792
0.716
0.726
0.591
0.739
0.815
0.709
0.684
0.784
0.774
0.682
0.728
0.710
0.640
0.629
0.641
0.621
0.712
0.809
0.778
0.802
0.733
0.763
0.777
0.828
0.844
0.848
0.822
0.790
0.811
0.907
0.938
0.881
0.823
0.885
0.832
0.777
0.852
0.765
0.722
0.637
0.710
0.802
0.818
0.881
0.855
0.827
0.834
0.811
0.805
0.798
0.755
0.750
0.780
0.881
0.861
0.906
0.801
0.833
0.923
0.895
0.922
0.826
0.944
0.906
0.843
0.905
0.841
0.919
0.841
0.894
0.860
0.969
0.801
0.929
0.794
0.939
0.853
0.878
0.817
0.899
0.916
0.907
0.886
0.854
0.867
0.797
0.692
0.690
0.755
0.852
0.747
0.837
0.818
0.802
0.729
0.813
0.880
0.844
0.833
0.627
0.728
0.711
0.728
0.791
0.876
0.684
0.859
0.722
0.725
0.695
0.688
0.694
0.690
0.699
0.646
0.570
0.543
0.532
0.592
0.620
0.605
0.704
0.747
0.702
0.675
0.641
0.720
0.716
0.801
0.570
0.558
0.636
0.626
0.596
0.617
0.631
0.628
0.594
0.602
0.553
0.562
0.646
0.700
0.793
0.713
0.680
0.586
0.551
0.666
0.712
0.559
0.507
0.665
0.826
0.807
0.700
0.587
0.555
0.572
0.558
0.581
0.665
0.585
0.578
0.623
0.531
0.478
0.597
0.593
0.570
0.563
0.639
0.656
0.645
0.607
0.620
0.682
0.735
0.711
0.623
0.713
0.634
0.665
0.630
0.650
0.687
0.754
0.825
0.885
0.829
0.793
0.808
0.812
0.852
0.911
0.774
0.836
0.804
0.798
0.748
0.757
0.809
0.824
0.901
0.704
0.957
0.913
0.883
0.977
0.794
0.884
0.900
0.779
0.754
0.918
0.908
0.836
0.780
0.739
0.858
0.970
0.958
0.722
0.836
0.856
0.915
0.928
0.972
0.876
0.978
0.763
0.920
0.728
0.784
0.814
0.706
0.805
0.879
0.876
0.913
0.937
0.898
0.895
0.973
0.820
0.869
0.880
0.890
0.865
0.930
0.844
0.828
0.756
0.766
0.811
0.868
0.823
0.747
0.837
0.866
0.893
0.843
0.798
0.763
0.852
0.937
0.892
0.867
0.750
0.745
0.758
0.829
0.892
0.760
0.800
0.862
0.808
0.830
0.812
0.840
0.773
0.843
0.795
0.726
0.697
0.857
0.914
0.760
0.911
0.838
0.906
0.783
0.773
0.755
0.807
0.837
0.839
0.799
0.764
0.723
0.728
0.624
0.715
0.803
0.733
0.744
0.700
0.612
0.672
0.631
0.613
0.740
0.659
0.717
0.668
0.769
0.644
0.576
0.592
0.651
0.628
0.645
0.651
0.644
0.665
0.631
0.673
0.792
0.659
0.703
0.683
0.626
0.673
0.672
0.684
0.663
0.665
0.705
0.721
0.737
0.800
0.771
0.705
0.681
0.586
0.612
0.594
0.718
0.721
0.771
0.656
0.673
0.666
0.648
0.722
0.712
0.636
0.924
0.641
0.641
0.741
0.724
0.673
0.765
0.717
0.784
0.862
0.717
0.725
0.781
0.786
0.736
0.685
0.707
0.770
0.799
0.806
0.710
0.580
0.622
0.662
0.627
0.633
0.860
0.674
0.787
0.824
0.647
0.642
0.692
0.668
0.784
0.690
0.733
0.822
0.749
0.897
0.801
0.901
0.717
0.749
0.787
0.810
0.764
0.820
0.798
0.811
0.886
0.902
0.786
0.901
0.749
0.781
0.723
0.755
0.864
0.929
0.831
0.963
0.869
0.968
0.876
0.885
0.868
0.802
0.916
0.860
0.903
0.771
0.871
0.823
0.921
0.875
0.886
0.867
0.876
0.929
0.936
0.817
0.887
0.868
0.946
0.963
0.799
0.792
0.867
0.833
0.968
0.954
0.870
0.898
0.854
0.857
0.867
0.878
0.899
0.748
0.941
0.881
0.946
0.782
0.860
0.916
0.932
0.930
0.753
0.770
0.815
0.670
0.710
0.654
0.708
0.803
0.780
0.641
0.803
0.808
0.786
0.801
0.831
0.816
0.748
0.773
0.758
0.685
0.858
0.792
0.824
0.855
0.850
0.847
0.735
0.707
0.625
0.698
0.809
0.799
0.764
0.664
0.551
0.581
0.578
0.653
0.711
0.610
0.462
0.469
0.598
0.645
0.715
0.691
0.736
0.675
0.738
0.698
0.705
0.690
0.818
0.644
0.692
0.603
0.666
0.711
0.787
0.729
0.629
0.647
0.620
0.511
0.556
0.753
0.644
0.720
0.744
0.675
0.744
0.737
0.665
0.842
0.699
0.774
0.793
0.710
0.705
0.808
0.665
0.822
0.773
0.818
0.782
0.870
0.895
0.787
0.804
0.748
0.778
0.831
0.844
0.784
0.818
0.782
0.799
0.770
0.829
0.837
0.806
0.785
0.774
0.760
0.737
0.803
0.639
0.697
0.662
0.688
0.763
0.839
0.749
0.706
0.742
0.859
0.857
0.884
0.838
0.946
0.792
0.908
0.880
0.924
0.873
0.933
0.906
0.916
0.957
0.872
0.815
0.870
0.935
0.854
0.889
0.910
0.775
0.945
0.917
0.847
0.862
0.908
0.925
0.901
0.907
0.862
0.834
0.834
0.922
0.906
0.858
0.894
0.860
0.860
0.866
0.852
0.726
0.816
0.860
0.755
0.811
0.842
0.820
0.868
0.869
0.846
0.978
0.859
0.840
0.835
0.782
0.772
0.927
0.818
0.857
0.819
0.835
0.906
0.807
0.925
0.903
0.808
0.786
0.833
0.866
0.938
0.836
0.898
0.818
0.792
0.784
0.782
0.775
0.750
0.826
0.758
0.821
0.820
0.877
0.861
0.808
0.827
0.763
0.806
0.799
0.741
0.811
0.819
0.823
0.723
0.758
0.731
0.750
0.674
0.718
0.766
0.809
0.771
0.745
0.815
0.761
0.760
0.727
0.728
0.698
0.661
0.653
0.738
0.789
0.741
0.671
0.737
0.829
0.807
0.910
0.842
0.856
0.833
0.806
0.813
0.788
0.853
0.828
0.835
0.805
0.819
0.830
0.862
0.809
0.855
0.749
0.802
0.821
0.806
0.839
0.881
0.819
0.825
0.949
0.816
0.843
0.844
0.858
0.817
0.855
0.859
0.809
0.814
0.787
0.792
0.781
0.682
0.677
0.706
0.661
0.683
0.697
0.776
0.687
0.690
0.606
0.661
0.714
0.778
0.650
0.639
0.681
0.688
0.805
0.755
0.810
0.693
0.701
0.669
0.623
0.748
0.685
0.701
0.876
0.716
0.885
0.694
0.662
0.648
0.807
0.946
0.729
0.745
0.756
0.694
0.774
0.669
0.908
0.889
0.708
0.920
0.817
0.854
0.926
0.860
0.955
0.836
0.899
0.869
0.776
0.828
0.812
0.838
0.866
0.842
0.927
0.763
0.909
0.851
0.928
0.889
0.895
0.845
0.872
0.788
0.835
0.778
0.770
0.858
0.918
0.812
0.955
0.931
0.918
0.910
0.876
0.859
0.893
0.804
0.916
0.722
0.837
0.840
0.860
0.861
0.910
0.847
0.930
0.803
0.791
0.682
0.806
0.688
0.646
0.757
0.812
0.665
0.709
0.749
0.803
0.856
0.863
0.825
0.882
0.830
0.883
0.884
0.919
0.814
0.902
0.865
0.959
0.822
0.932
0.897
0.924
0.876
0.833
0.795
0.816
0.844
0.778
0.786
0.768
0.699
0.733
0.780
0.743
0.842
0.703
0.711
0.776
0.689
0.641
0.694
0.704
0.696
0.746
0.815
0.817
0.779
0.880
0.790
0.724
0.808
0.832
0.816
0.753
0.830
0.877
0.824
0.786
0.789
0.814
0.840
0.864
0.828
0.859
0.877
0.883
0.855
0.849
0.886
0.893
0.802
0.799
0.806
0.712
0.826
0.771
0.721
0.754
0.690
0.705
0.792
0.866
0.831
0.902
0.939
0.801
0.845
0.859
0.896
0.869
0.836
0.825
0.937
0.801
0.945
0.856
0.880
0.926
0.706
0.891
0.837
0.872
0.862
0.862
0.852
0.963
0.743
0.855
0.912
0.837
0.952
0.822
0.974
0.869
0.843
0.870
0.854
0.771
0.921
0.878
0.906
0.933
0.927
0.894
0.921
0.897
0.890
0.859
0.944
0.896
0.888
0.928
0.920
0.972
0.917
0.930
0.930
0.836
0.876
0.870
0.942
0.919
0.913
0.893
0.793
0.892
0.925
0.874
0.844
0.816
0.892
0.834
0.898
0.878
0.903
0.922
0.763
0.906
0.907
0.866
0.935
0.909
0.929
0.912
0.962
0.870
0.814
0.813
0.820
0.832
0.787
0.770
0.763
0.693
0.767
0.816
0.824
0.784
0.781
0.764
0.808
0.899
0.871
0.864
0.798
0.821
0.815
0.848
0.868
0.802
0.756
0.699
0.705
0.680
0.721
0.699
0.636
0.681
0.665
0.704
0.717
0.799
0.737
0.783
0.720
0.701
0.705
0.740
0.702
0.673
0.634
0.644
0.644
0.671
0.675
0.717
0.703
0.662
0.791
0.671
0.574
0.612
0.687
0.674
0.756
0.705
0.733
0.658
0.594
0.657
0.617
0.606
0.590
0.532
0.560
0.706
0.743
0.733
0.720
0.739
0.658
0.746
0.740
0.655
0.616
0.548
0.579
0.568
0.557
0.588
0.629
0.630
0.572
0.572
0.556
0.658
0.661
0.686
0.793
0.856
0.818
0.797
0.707
0.605
0.577
0.704
0.865
0.786
0.767
0.704
0.649
0.710
0.687
0.808
0.757
0.624
0.589
0.674
0.624
0.672
0.673
0.780
0.790
0.801
0.792
0.865
0.824
0.902
0.846
0.720
0.748
0.814
0.770
0.863
0.829
0.920
0.825
0.827
0.706
0.733
0.764
0.805
0.750
0.711
0.785
0.825
0.831
0.789
0.733
0.738
0.804
0.880
0.844
0.809
0.797
0.705
0.706
0.731
0.694
0.757
0.805
0.846
0.781
0.754
0.933
0.792
0.974
0.890
0.952
0.891
0.755
0.854
0.837
0.972
0.902
0.811
0.721
0.804
0.741
0.844
0.839
0.823
0.837
0.837
0.753
0.772
0.827
0.759
0.880
0.975
0.850
0.949
0.890
0.770
0.798
0.731
0.757
0.643
0.638
0.578
0.586
0.661
0.612
0.583
0.545
0.566
0.545
0.573
0.485
0.593
0.515
0.560
0.588
0.640
0.614
0.623
0.536
0.719
0.609
0.623
0.560
0.534
0.624
0.604
0.624
0.747
0.845
0.840
0.750
0.551
0.583
0.579
0.621
0.611
0.633
0.664
0.621
0.670
0.666
0.702
0.889
0.774
0.850
0.868
0.900
0.704
0.793
0.729
0.740
0.870
0.761
0.661
0.730
0.740
0.808
0.823
0.780
0.856
0.860
0.783
0.747
0.862
0.808
0.864
0.849
0.880
0.764
0.817
0.825
0.860
0.781
0.812
0.791
0.853
0.868
0.888
0.753
0.831
0.838
0.825
0.741
0.654
0.662
0.775
0.839
0.840
0.851
0.803
0.969
0.736
0.928
0.834
0.877
0.801
0.827
0.921
0.744
0.753
0.686
0.716
0.842
0.764
0.815
0.834
0.927
0.860
0.705
0.829
0.819
0.845
0.876
0.864
0.806
0.824
0.853
0.873
0.914
0.877
0.894
0.822
0.826
0.739
0.704
0.767
0.871
0.855
0.894
0.788
0.975
0.838
0.838
0.830
0.906
0.948
0.934
0.931
0.942
0.892
0.818
0.955
0.834
0.734
0.684
0.704
0.806
0.851
0.822
0.920
0.861
0.869
0.862
0.805
0.872
0.877
0.869
0.886
0.943
0.873
0.830
0.827
0.821
0.863
0.898
0.841
0.817
0.783
0.791
0.867
0.908
0.880
0.918
0.888
0.818
0.849
0.869
0.931
0.859
0.813
0.866
0.864
0.804
0.795
0.782
0.781
0.745
0.692
0.662
0.657
0.645
0.605
0.666
0.697
0.692
0.633
0.711
0.665
0.602
0.629
0.780
0.729
0.629
0.546
0.683
0.737
0.723
0.763
0.867
0.753
0.756
0.771
0.744
0.698
0.708
0.685
0.722
0.737
0.710
0.663
0.703
0.728
0.714
0.610
0.687
0.696
0.725
0.802
0.739
0.798
0.828
0.819
0.746
0.739
0.788
0.697
0.660
0.764
0.861
0.833
0.745
0.728
0.651
0.729
0.733
0.713
0.688
0.808
0.757
0.741
0.733
0.813
0.887
0.819
0.811
0.774
0.792
0.837
0.869
0.851
0.700
0.693
0.654
0.734
0.883
0.866
0.743
0.806
0.670
0.719
0.684
0.604
0.634
0.718
0.711
0.766
0.755
0.697
0.594
0.642
0.668
0.638
0.673
0.715
0.837
0.750
0.668
0.628
0.588
0.649
0.736
0.734
0.755
0.825
0.830
0.831
0.746
0.795
0.874
0.809
0.819
0.843
0.835
0.901
0.738
0.835
0.863
0.859
0.856
0.776
0.651
0.858
0.956
0.825
0.873
0.892
0.872
0.730
0.820
0.877
0.906
0.874
0.870
0.900
0.791
0.824
0.814
0.875
0.903
0.934
0.818
0.882
0.872
0.874
0.889
0.847
0.701
0.740
0.742
0.876
0.763
0.799
0.881
0.792
0.770
0.891
0.923
0.791
0.812
0.881
0.871
0.968
0.871
-99.000
0.960
0.904
0.917
0.874
0.929
0.851
0.776
0.780
0.832
0.782
0.643
0.744
0.612
0.697
0.752
0.776
0.658
0.675
0.722
0.636
0.616
0.630
0.679
0.761
0.683
0.695
0.613
0.649
0.679
0.746
0.798
0.700
0.576
0.650
0.715
0.750
0.685
0.616
0.616
0.545
0.630
0.557
0.585
0.534
0.598
0.615
0.656
0.719
0.627
0.655
0.690
0.681
0.634
0.564
0.515
0.489
0.496
0.476
0.538
0.573
0.604
0.583
0.622
0.592
0.613
0.739
0.660
0.593
0.492
0.584
0.545
0.585
0.616
0.737
0.765
0.829
0.701
0.771
0.716
0.827
0.747
0.811
0.792
0.705
0.708
0.793
0.797
0.724
0.684
0.688
0.755
0.780
0.811
0.858
0.902
0.713
0.757
0.618
0.633
0.677
0.616
0.572
0.637
0.617
0.683
0.844
0.713
0.710
0.678
0.826
0.789
0.776
0.788
0.742
0.725
0.886
0.802
0.823
0.961
0.739
0.956
0.866
0.852
0.941
0.841
0.917
0.843
0.786
0.751
0.924
0.843
0.952
0.931
0.886
0.935
0.828
0.930
0.926
0.916
0.824
0.960
0.862
0.955
0.853
0.857
0.910
0.877
0.889
0.794
0.883
0.847
0.941
0.845
0.925
0.817
0.865
0.874
0.909
0.808
0.822
0.811
0.887
0.966
0.854
0.915
0.912
0.911
0.936
0.909
0.845
0.846
0.889
0.908
0.903
0.955
0.880
0.896
0.845
0.898
0.934
0.811
0.851
0.778
0.814
0.857
0.801
0.752
0.781
0.846
0.908
0.890
0.900
0.837
0.746
0.752
0.720
0.715
0.927
0.759
0.719
0.698
0.715
0.726
0.728
0.688
0.729
0.761
-99.000
-99.000
-99.000
-99.000
-99.000
-99.000
-99.000
-99.000
0.787
0.747
0.746
0.722
0.814
0.869
0.931
0.741
0.692
0.687
0.665
0.675
0.702
0.680
0.686
0.670
0.636
0.652
0.722
0.784
0.875
0.929
0.853
0.802
0.705
0.721
0.749
0.696
0.656
0.671
0.694
0.666
0.680
0.609
0.599
0.581
0.715
0.744
0.919
0.784
0.829
0.781
0.731
0.948
0.766
0.795
0.837
0.771
0.695
0.650
0.663
0.676
0.660
0.601
0.631
0.624
0.616
0.595
0.642
0.616
0.608
0.682
0.833
0.726
0.735
0.694
0.749
0.710
0.674
0.746
0.686
0.740
0.815
0.796
0.691
0.652
0.674
0.756
0.773
0.893
0.720
0.771
0.766
0.773
0.701
0.814
0.717
0.717
0.791
0.839
0.845
0.839
0.876
0.867
0.810
0.731
0.856
0.756
0.860
0.790
0.820
0.646
0.679
0.775
0.751
0.766
0.753
0.765
0.754
0.846
0.811
0.913
0.824
0.894
0.841
0.866
0.872
0.867
0.762
0.806
0.902
0.859
0.854
0.855
0.832
0.823
0.792
0.810
0.842
0.858
0.741
0.838
0.740
0.846
0.845
0.933
0.892
0.887
0.867
0.916
0.950
0.805
0.874
0.929
0.946
0.875
0.867
0.816
0.750
0.745
0.758
0.751
0.774
0.801
0.875
0.911
0.982
0.819
0.739
0.660
0.690
0.697
0.822
0.882
0.856
0.873
0.769
0.759
0.808
0.736
0.834
0.728
0.773
0.853
0.785
0.783
0.692
0.658
0.641
0.688
0.786
0.864
0.771
0.743
0.866
0.710
0.640
0.704
0.750
0.758
0.777
0.779
0.839
0.835
0.805
0.833
0.795
0.939
0.821
0.800
0.733
0.695
0.720
0.793
0.753
0.830
0.803
0.896
0.882
0.770
0.914
0.797
0.878
0.898
0.929
0.959
0.782
0.859
0.897
0.791
0.855
0.780
0.859
0.822
0.902
0.741
0.727
0.699
0.832
0.830
0.713
0.681
0.698
0.699
0.707
0.672
0.725
0.701
0.712
0.826
0.879
0.878
0.828
0.874
0.827
0.909
0.829
0.916
0.852
0.819
0.866
0.841
0.846
0.818
0.715
0.767
0.858
0.870
0.926
0.715
0.722
0.802
0.823
0.934
0.910
0.911
0.852
0.842
0.800
0.862
0.842
0.852
0.864
0.933
0.926
0.915
0.949
0.979
0.839
0.944
0.935
0.928
0.891
0.863
0.892
0.887
0.910
0.911
0.930
0.893
0.865
0.960
0.868
0.928
0.921
0.876
0.913
0.971
0.859
0.974
0.962
0.972
0.918
0.852
0.910
0.844
0.858
0.855
0.900
0.946
0.864
0.876
0.830
0.879
0.800
0.807
0.913
0.916
0.867
0.879
0.920
0.848
0.889
0.864
0.898
0.855
0.846
0.905
0.936
0.859
0.890
0.959
0.902
0.942
0.901
0.824
0.944
0.905
0.910
0.898
0.902
0.863
0.882
0.906
0.902
0.871
0.866
0.817
0.827
0.810
0.759
0.724
0.701
0.750
0.761
0.718
0.741
0.677
0.735
0.770
0.744
0.745
0.803
0.767
0.693
0.715
0.696
0.680
0.690
0.686
0.795
0.742
0.782
0.718
0.680
0.722
0.629
0.631
0.700
0.678
0.722
0.701
0.739
0.792
0.699
0.702
0.698
0.633
0.751
0.624
0.665
0.626
0.577
0.693
0.673
0.649
0.614
0.641
0.697
0.811
0.737
0.685
0.738
0.747
0.763
0.820
0.794
0.800
0.783
0.755
0.727
0.763
0.753
0.703
0.714
0.666
0.741
0.684
0.628
0.649
0.742
0.754
0.842
0.763
0.697
0.746
0.701
0.652
0.615
0.642
0.618
0.598
0.585
0.662
0.732
0.765
0.668
0.637
0.770
0.746
0.710
0.644
0.581
0.560
0.581
0.545
0.566
0.581
0.574
0.539
0.505
0.532
0.551
0.620
0.704
0.708
0.633
0.652
0.804
0.815
0.857
0.857
0.940
0.925
0.820
0.922
0.916
0.891
0.967
0.876
0.912
0.828
0.806
0.838
0.847
0.865
0.881
0.863
0.826
0.833
0.816
0.865
0.857
0.864
0.854
0.957
0.797
0.954
0.955
0.847
0.880
0.873
0.853
0.884
0.829
0.874
0.845
0.853
0.929
0.814
0.918
0.920
0.887
0.914
0.813
0.873
0.887
0.770
0.822
0.777
0.739
0.847
0.897
0.832
0.843
0.862
0.876
0.917
0.958
0.924
0.860
0.759
0.772
0.765
0.850
0.804
0.766
0.803
0.897
0.781
0.863
0.757
0.920
0.930
0.889
0.826
0.936
0.968
0.825
0.896
0.939
0.902
0.924
0.898
0.814
0.877
0.837
0.818
0.928
0.856
0.904
0.905
0.890
0.861
0.890
0.839
0.770
0.821
0.743
0.717
0.660
0.698
0.693
0.733
0.711
0.678
0.660
0.632
0.760
0.744
0.713
0.799
0.690
0.788
0.741
0.802
0.887
0.865
0.823
0.899
0.833
0.781
0.894
0.825
0.875
0.930
0.861
0.870
0.919
0.785
0.824
0.846
0.853
0.969
0.789
0.902
0.799
0.889
0.929
0.934
0.877
0.889
0.828
0.893
0.944
0.827
0.914
0.919
0.972
0.888
0.789
0.927
0.908
0.862
0.914
0.935
0.908
0.957
0.913
0.872
0.870
0.856
0.941
0.843
0.865
0.967
0.887
0.949
0.888
0.886
0.908
0.920
0.895
0.889
0.850
0.853
0.860
0.866
0.912
0.959
0.811
0.928
0.925
0.968
0.778
0.941
0.899
0.892
0.869
0.870
0.923
0.927
0.890
0.926
0.922
0.878
0.823
0.806
0.858
0.894
0.942
0.905
0.835
0.892
0.897
0.901
0.882
0.883
0.927
0.954
0.922
0.936
0.835
0.884
0.918
0.954
0.914
0.904
0.963
0.867
0.907
0.879
0.911
0.902
0.980
0.979
0.957
0.912
0.887
0.923
0.947
0.847
0.909
0.943
0.901
0.878
0.946
0.905
0.861
0.817
0.876
0.861
0.898
0.868
0.834
0.860
0.827
0.856
0.797
0.802
0.856
0.789
0.853
0.817
0.783
0.787
0.780
0.773
0.729
0.745
0.758
0.785
0.761
0.871
0.838
0.802
0.810
0.907
0.924
0.908
0.973
0.830
0.903
0.841
0.864
0.858
0.831
0.837
0.818
0.763
0.760
0.793
0.907
0.887
0.855
0.883
0.861
0.848
0.807
0.848
0.799
0.799
0.785
0.769
0.790
0.780
0.769
0.735
0.805
0.733
0.723
0.653
0.636
0.681
0.681
0.668
0.646
0.676
0.692
0.760
0.693
0.658
0.681
0.688
0.729
0.719
0.670
0.581
0.625
0.643
0.735
0.684
0.727
0.903
0.848
0.845
0.825
0.842
0.889
0.794
0.729
0.720
0.739
0.750
0.847
0.822
0.804
0.809
0.790
0.911
0.875
0.762
0.741
0.759
0.753
0.748
0.822
0.799
0.897
0.818
0.838
0.845
0.770
0.731
0.716
0.783
0.770
0.776
0.807
0.756
0.775
0.680
0.708
0.724
0.746
0.775
0.692
0.778
0.865
0.742
0.801
0.786
0.698
0.628
0.735
0.677
0.701
0.727
0.651
0.698
0.754
0.835
0.865
0.799
0.768
0.806
0.842
0.837
0.927
0.823
0.875
0.867
0.821
0.849
0.916
0.902
0.887
0.830
0.948
0.846
0.905
0.943
0.824
0.818
0.912
0.828
0.755
0.752
0.685
0.671
0.702
0.609
0.643
0.796
0.794
0.847
0.869
0.814
0.875
0.866
0.769
0.852
0.812
0.823
0.941
0.841
0.866
0.902
0.771
0.880
0.930
0.907
0.860
0.949
0.779
0.741
0.734
0.710
0.680
0.705
0.691
0.735
0.887
0.799
0.860
0.803
0.923
0.897
0.807
0.785
0.779
0.876
0.803
0.784
0.775
0.814
0.868
0.746
0.700
0.731
0.741
0.793
0.640
0.665
0.669
0.569
0.621
0.600
0.574
0.624
0.729
0.860
0.787
0.789
0.871
0.875
0.865
0.905
0.873
0.804
0.775
0.850
0.852
0.848
0.842
0.789
0.785
0.826
0.843
0.696
0.735
0.829
0.631
0.764
0.856
0.733
0.719
0.797
0.885
0.731
0.781
0.855
0.875
0.782
0.856
0.795
0.888
0.779
0.805
0.805
0.875
0.893
0.895
0.916
0.849
0.842
0.934
0.822
0.870
0.969
0.883
0.892
0.906
0.867
0.928
0.878
0.833
0.892
0.823
0.841
0.830
0.871
0.796
0.883
0.898
0.927
0.870
0.843
0.862
0.933
0.875
0.965
0.793
0.745
0.794
0.810
0.837
0.965
0.898
0.748
0.676
0.813
0.907
0.845
0.843
0.906
0.951
0.809
0.886
0.878
0.972
0.774
0.814
0.812
0.888
0.935
0.807
0.906
0.864
0.845
0.866
0.950
0.890
0.940
0.845
0.867
0.969
0.897
0.899
0.935
0.874
0.898
0.915
0.918
0.866
0.719
0.775
0.862
0.826
0.845
0.923
0.895
0.920
0.891
0.874
0.926
0.835
0.867
0.877
0.936
0.868
0.891
0.912
0.873
0.915
0.900
0.918
0.899
0.920
0.880
0.836
0.809
0.845
0.870
0.806
0.811
0.803
0.776
0.706
0.711
0.741
0.672
0.756
0.704
0.699
0.730
0.701
0.741
0.807
0.807
0.845
0.798
0.762
0.697
0.678
0.689
0.772
0.829
0.789
0.862
0.874
0.862
0.911
0.925
0.879
0.821
0.757
0.828
0.903
0.790
0.790
0.792
0.764
0.763
0.704
0.815
0.762
0.851
0.791
0.737
0.704
0.840
0.748
0.780
0.818
0.792
0.759
0.658
0.738
0.799
0.885
0.916
0.816
0.783
0.765
0.731
0.671
0.686
0.844
0.704
0.717
0.646
0.662
0.609
0.683
0.802
0.745
0.692
0.763
0.806
0.882
0.716
0.657
0.615
0.639
0.765
0.651
0.664
0.754
0.654
0.641
0.612
0.677
0.644
0.639
0.678
0.634
0.656
0.770
0.775
0.752
0.774
0.863
0.805
0.846
0.816
0.797
0.878
0.857
0.855
0.818
0.851
0.750
0.720
0.793
0.748
0.873
0.755
0.820
0.823
0.812
0.779
0.882
0.719
0.640
0.768
0.738
0.802
0.747
0.831
0.856
0.930
0.814
0.802
0.871
0.924
0.917
0.923
0.848
0.851
0.877
0.903
0.855
0.844
0.841
0.945
0.885
0.933
0.855
0.830
0.893
0.954
0.862
0.946
0.823
0.796
0.812
0.900
0.906
0.891
0.911
0.814
0.849
0.806
0.723
0.745
0.752
0.839
0.777
0.878
0.801
0.898
0.781
0.904
0.921
0.777
0.787
0.881
0.765
0.838
0.857
0.901
0.870
0.720
0.772
0.718
0.837
0.840
0.935
0.811
0.900
0.935
0.916
0.792
0.720
0.742
0.715
0.637
0.637
0.721
0.782
0.757
0.810
0.830
0.731
0.671
0.736
0.687
0.734
0.749
0.720
0.755
0.791
0.836
0.803
0.808
0.839
0.759
0.775
0.825
0.836
0.907
0.825
0.874
0.910
0.869
0.767
0.713
0.758
0.738
0.803
0.727
0.693
0.827
0.685
0.600
0.763
0.594
0.615
0.628
0.701
0.698
0.705
0.649
0.719
0.717
0.710
0.722
0.696
0.627
0.724
0.817
0.878
0.783
0.763
0.754
0.763
0.707
0.644
0.616
0.649
0.580
0.624
0.737
0.889
0.805
0.925
0.835
0.793
0.792
0.765
0.853
0.728
0.656
0.767
0.773
0.843
0.907
0.785
0.849
0.826
0.883
0.867
0.773
0.736
0.686
0.679
0.765
0.830
0.772
0.822
0.944
0.892
0.858
0.857
0.859
0.926
0.813
0.873
0.773
0.902
0.967
0.788
0.908
0.827
0.960
0.806
0.906
0.975
0.807
0.895
0.914
0.832
0.932
0.897
0.886
0.869
0.941
0.838
0.845
0.868
0.871
0.854
0.916
0.890
0.896
0.891
0.849
0.926
0.821
0.800
0.883
0.920
0.907
0.868
0.814
0.888
0.914
0.925
0.838
0.836
0.870
0.860
0.832
0.838
0.788
0.801
0.818
0.836
0.828
0.857
0.840
0.921
0.816
0.895
0.843
0.904
0.879
0.860
0.835
0.814
0.884
0.890
0.934
0.918
0.875
0.809
0.868
0.877
0.870
0.834
0.807
0.745
0.758
0.700
0.672
0.714
0.753
0.801
0.818
0.748
0.765
0.734
0.681
0.649
0.730
0.743
0.746
0.682
0.695
0.726
0.890
0.806
0.775
0.772
0.804
0.839
0.823
0.949
0.753
0.766
0.782
0.751
0.691
0.646
0.685
0.725
0.742
0.699
0.684
0.700
0.766
0.736
0.605
0.571
0.629
0.594
0.590
0.615
0.653
0.598
0.625
0.599
0.622
0.608
0.692
0.651
0.681
0.666
0.748
0.746
0.778
0.787
0.792
0.794
0.827
0.829
0.842
0.809
0.719
0.680
0.687
0.715
0.564
0.589
0.557
0.562
0.607
0.719
0.683
0.752
0.750
0.866
0.868
0.737
0.797
0.924
0.775
0.723
0.947
0.801
0.888
0.753
0.809
0.674
0.745
0.718
0.651
0.583
0.585
0.581
0.574
0.627
0.594
0.569
0.706
0.878
0.751
0.750
0.700
0.689
0.674
0.674
0.696
0.686
0.663
0.706
0.773
0.820
0.751
0.837
0.814
0.759
0.852
0.958
0.839
0.838
0.875
0.840
0.885
0.854
0.935
0.840
0.784
0.725
0.732
0.799
0.835
0.887
0.877
0.893
0.969
0.971
0.859
0.924
0.896
0.849
0.938
0.842
0.860
0.907
0.871
0.815
0.868
0.758
0.890
0.899
0.912
0.959
0.887
0.900
0.974
0.870
0.854
0.876
0.837
0.847
0.881
0.849
0.821
0.885
0.861
0.851
0.908
0.857
0.861
0.851
0.869
0.813
0.737
0.791
0.734
0.633
0.680
0.719
0.883
0.774
0.857
0.829
0.899
0.852
0.882
0.854
0.872
0.858
0.836
0.935
0.826
0.821
0.869
0.859
0.763
0.823
0.794
0.776
0.844
0.893
0.829
0.839
0.864
0.853
0.776
0.724
0.786
0.757
0.733
0.669
0.643
0.631
0.749
0.640
0.653
0.657
0.677
0.668
0.626
0.626
0.650
0.667
0.697
0.844
0.811
0.895
0.889
0.836
0.718
0.600
0.639
0.749
0.788
0.888
0.878
0.848
0.792
0.694
0.736
0.656
0.517
0.565
0.659
0.748
0.714
0.747
0.711
0.695
0.609
0.626
0.617
0.605
0.646
0.667
0.597
0.632
0.695
0.657
0.580
0.631
0.676
0.720
0.717
0.766
0.708
0.691
0.613
0.593
0.541
0.598
0.678
0.838
0.840
0.789
0.885
0.838
0.907
0.863
0.923
0.873
0.880
0.823
0.950
0.906
0.815
0.858
0.914
0.892
0.830
0.882
0.803
0.794
0.854
0.964
0.851
0.880
0.832
0.861
0.825
0.801
0.824
0.790
0.906
0.882
0.781
0.807
0.728
0.612
0.713
0.721
0.736
0.788
0.924
0.877
0.773
0.813
0.947
0.817
0.825
0.852
0.826
0.884
0.806
0.826
0.875
0.962
0.848
0.970
0.967
0.779
0.873
0.867
0.843
0.822
0.834
0.812
0.803
0.824
0.861
0.962
0.819
0.925
0.879
0.911
0.817
0.865
0.845
0.806
0.802
0.877
0.929
0.970
0.858
0.827
0.785
0.796
0.778
0.802
0.797
0.764
0.731
0.712
0.750
0.838
0.800
0.811
0.774
0.822
0.739
0.710
0.716
0.744
0.768
0.771
0.759
0.796
0.838
0.770
0.658
0.682
0.713
0.795
0.796
0.797
0.792
0.808
0.763
0.695
0.637
0.686
0.738
0.729
0.760
0.739
0.712
0.661
0.636
0.608
0.644
0.667
0.693
0.676
0.684
0.709
0.716
0.610
0.575
0.701
0.668
0.685
0.780
0.793
0.692
0.669
0.667
0.733
0.709
0.717
0.746
0.820
0.800
0.667
0.760
0.629
0.664
0.648
0.605
0.575
0.579
0.644
0.699
0.622
0.589
0.611
0.627
0.596
0.687
0.639
0.656
0.631
0.622
0.613
0.594
0.575
0.625
0.616
0.639
0.633
0.586
0.587
0.590
0.688
0.759
0.700
0.674
0.631
0.567
0.537
0.633
0.723
0.681
0.554
0.555
0.577
0.583
0.631
0.626
0.589
0.620
0.720
0.753
0.703
0.588
0.683
0.540
0.619
0.592
0.569
0.603
0.657
0.807
0.731
0.693
0.734
0.710
0.770
0.896
0.762
0.935
0.762
0.728
0.759
0.830
0.843
0.886
0.914
0.776
0.768
0.946
0.840
0.947
0.772
0.765
0.883
0.880
0.837
0.947
0.752
0.694
0.637
0.666
0.815
0.883
0.808
0.931
0.829
0.948
0.864
0.934
0.790
0.841
0.857
0.797
0.963
0.760
0.926
0.790
0.960
0.917
0.798
0.756
0.848
0.868
0.853
0.864
0.798
0.766
0.749
0.916
0.871
0.849
0.773
0.719
0.677
0.639
0.598
0.634
0.618
0.674
0.803
0.768
0.708
0.589
0.575
0.594
0.644
0.663
0.814
0.885
0.800
0.646
0.675
0.620
0.540
0.546
0.548
0.617
0.690
0.675
0.602
0.611
0.686
0.809
0.810
0.904
0.771
0.807
0.807
0.723
0.549
0.585
0.681
0.689
0.607
0.524
0.577
0.606
0.714
0.780
0.788
0.761
0.774
0.898
0.636
0.604
0.650
0.617
0.581
0.628
0.728
0.789
0.764
0.836
0.714
0.656
0.753
0.855
0.800
0.896
0.738
0.746
0.771
0.705
0.653
0.668
0.575
0.541
0.590
0.616
0.728
0.804
0.773
0.807
0.785
0.824
0.740
0.720
0.845
0.778
0.761
0.717
0.748
0.662
0.709
0.738
0.780
0.914
0.876
0.882
0.842
0.892
0.865
0.775
0.819
0.944
0.860
0.917
0.781
0.774
0.791
0.841
0.757
0.757
0.836
0.808
0.861
0.774
0.877
0.953
0.869
0.824
0.926
0.803
0.826
0.786
0.711
0.618
0.619
0.663
0.783
0.819
0.841
0.792
0.764
0.835
0.963
0.830
0.881
0.855
0.861
0.854
0.881
0.816
0.826
0.842
0.772
0.839
0.858
0.873
0.955
0.923
0.822
0.869
0.837
0.860
0.866
0.853
0.914
0.940
0.965
0.914
0.905
0.890
0.856
0.855
0.889
0.838
0.954
0.850
0.889
0.906
0.951
0.903
0.825
0.914
0.904
0.877
0.899
0.848
0.805
0.841
0.831
0.856
0.880
0.913
0.832
0.865
0.804
0.826
0.851
0.850
0.794
0.681
0.696
0.710
0.664
0.722
0.740
0.730
0.727
0.813
0.782
0.723
0.789
0.784
0.768
0.731
0.743
0.774
0.839
0.808
0.857
0.881
0.802
0.802
0.755
0.721
0.682
0.775
0.855
0.802
0.912
0.805
0.712
0.707
0.716
0.759
0.684
0.696
0.706
0.740
0.831
0.833
0.797
0.751
0.762
0.689
0.696
0.781
0.762
0.672
0.740
0.744
0.795
0.765
0.680
0.721
0.756
0.726
0.740
0.654
0.604
0.580
0.657
0.673
0.605
0.619
0.602
0.594
0.705
0.743
0.683
0.627
0.640
0.677
0.676
0.724
0.707
0.657
0.704
0.697
0.616
0.585
0.586
0.701
0.690
0.546
0.799
0.689
0.667
0.857
0.889
0.818
0.804
0.829
0.828
0.864
0.904
0.870
0.927
0.851
0.890
0.890
0.812
0.836
0.805
0.820
0.777
0.821
0.833
0.850
0.905
0.906
0.914
0.840
0.869
0.913
0.853
0.913
0.839
0.872
0.813
0.846
0.820
0.865
0.693
0.851
0.823
0.819
0.775
0.845
0.907
0.891
0.811
0.781
0.907
0.781
0.964
0.759
0.863
0.891
0.869
0.794
0.920
0.866
0.915
0.844
0.929
0.843
0.868
0.808
0.780
0.860
0.874
0.924
0.816
0.875
0.826
0.836
0.911
0.975
0.863
0.852
0.923
0.815
0.797
0.855
0.716
0.704
0.730
0.642
0.707
0.666
0.681
0.737
0.768
0.703
0.706
0.698
0.861
0.689
0.881
0.655
0.751
0.729
0.703
0.759
0.846
0.845
0.804
0.800
0.876
0.783
0.818
0.796
0.806
0.883
0.966
0.834
0.753
0.836
0.783
0.766
0.711
0.743
0.786
0.851
0.744
0.732
0.654
0.745
0.696
0.676
0.625
0.625
0.663
0.668
0.717
0.724
0.729
0.661
0.689
0.723
0.747
0.726
0.706
0.685
0.658
0.586
0.557
0.518
0.539
0.536
0.603
0.768
0.784
0.849
0.870
0.740
0.711
0.801
0.803
0.831
0.834
0.832
0.737
0.632
0.629
0.679
0.672
0.695
0.757
0.691
0.845
0.869
0.745
0.696
0.813
0.821
0.765
0.796
0.755
0.807
0.823
0.797
0.873
0.790
0.748
0.829
0.848
0.889
0.803
0.936
0.818
0.940
0.844
0.871
0.799
0.833
0.839
0.891
0.968
0.744
0.773
0.803
0.878
0.919
0.837
0.891
0.861
0.916
0.746
0.765
0.778
0.803
0.798
0.823
0.796
0.846
0.776
0.758
0.853
0.829
0.869
0.796
0.845
0.834
0.816
0.851
0.879
0.885
0.887
0.892
0.845
0.849
0.850
0.864
0.848
0.855
0.834
0.918
0.840
0.842
0.889
0.852
0.850
0.908
0.859
0.933
0.860
0.921
0.888
0.903
0.977
0.829
0.850
0.877
0.888
0.875
0.831
0.874
0.911
0.837
0.892
0.932
0.931
0.946
0.932
0.947
0.871
0.927
0.914
0.872
0.841
0.846
0.823
0.772
0.795
0.875
0.974
0.949
0.886
0.910
0.936
0.865
0.850
0.838
0.833
0.794
0.793
0.761
0.749
0.734
0.783
0.648
0.640
0.682
0.743
0.774
0.651
0.688
0.666
0.762
0.879
0.773
0.685
0.798
0.764
0.813
0.775
0.709
0.734
0.737
0.813
0.751
0.778
0.757
0.769
0.792
0.732
0.699
0.732
0.679
0.615
0.706
0.679
0.713
0.752
0.701
0.642
0.668
0.715
0.796
0.729
0.621
0.703
0.835
0.723
0.656
0.630
0.687
0.669
0.737
0.687
0.817
0.771
0.741
0.775
0.861
0.717
0.744
0.786
0.727
0.728
0.738
0.719
0.823
0.800
0.823
0.811
0.708
0.772
0.789
0.893
0.771
0.692
0.630
0.684
0.745
0.729
0.792
0.673
0.700
0.721
0.712
0.735
0.793
0.862
0.825
0.846
0.879
0.914
0.785
0.763
0.819
0.877
0.884
0.891
0.938
0.858
0.943
0.891
0.912
0.881
0.881
0.837
0.881
0.844
0.825
0.803
0.750
0.852
0.909
0.943
0.842
0.869
0.889
0.897
0.887
0.826
0.932
0.765
0.859
0.857
0.841
0.807
0.908
0.924
0.970
0.909
0.923
0.929
0.788
0.764
0.805
0.833
0.862
0.899
0.854
0.965
0.819
0.961
0.785
0.803
0.816
0.750
0.834
0.827
0.909
0.898
0.903
0.933
0.885
0.875
0.934
0.887
0.915
0.881
0.948
0.859
0.924
0.870
0.834
0.835
0.861
0.808
0.961
0.817
0.803
0.688
0.695
0.737
0.813
0.804
0.793
0.759
0.752
0.766
0.813
0.765
0.811
0.967
0.830
0.801
0.779
0.789
0.829
0.776
0.742
0.759
0.863
0.790
0.786
0.759
0.837
0.774
0.820
0.925
0.771
0.743
0.718
0.570
0.604
0.594
0.608
0.605
0.572
0.651
0.622
0.684
0.751
0.794
0.833
0.867
0.742
0.772
0.805
0.743
0.859
0.679
0.735
0.771
0.741
0.759
0.690
0.667
0.675
0.746
0.845
0.823
0.784
0.724
0.906
0.678
0.711
0.747
0.739
0.826
0.694
0.717
0.824
0.886
0.767
0.632
0.811
0.852
0.693
0.787
0.619
0.650
0.739
0.769
0.826
0.867
0.824
0.866
0.745
0.702
0.691
0.752
0.815
0.669
0.697
0.701
0.784
0.747
0.789
0.788
0.777
0.819
0.736
0.716
0.816
0.840
0.971
0.765
0.898
0.914
0.923
0.949
0.849
0.959
0.822
0.769
0.895
0.885
0.917
0.739
0.906
0.914
0.932
0.954
0.833
0.880
0.932
0.877
0.864
0.878
0.757
0.909
0.926
0.896
0.900
0.880
0.871
0.824
0.865
0.822
0.853
0.882
0.814
0.836
0.828
0.842
0.885
0.827
0.861
0.921
0.976
0.951
0.865
0.924
0.881
0.888
0.909
0.932
0.947
0.899
0.869
0.840
0.847
0.876
0.899
0.863
0.926
0.977
0.887
0.935
0.916
0.939
0.850
0.915
0.828
0.829
0.830
0.858
0.876
0.831
0.816
0.833
0.835
0.827
0.829
0.810
0.818
0.791
0.788
0.799
0.801
0.731
0.785
0.763
0.764
0.809
0.815
0.823
0.805
0.823
0.823
0.793
0.855
0.742
0.727
0.712
0.643
0.716
0.751
0.711
0.706
0.721
0.658
0.661
0.610
0.612
0.720
0.609
0.584
0.611
0.632
0.685
0.706
0.650
0.690
0.725
0.692
0.714
0.781
0.711
0.745
0.643
0.703
0.690
0.634
0.654
0.654
0.763
0.670
0.702
0.692
0.731
0.721
0.723
0.696
0.594
0.704
0.553
0.588
0.545
0.552
0.546
0.520
0.550
0.556
0.556
0.539
0.705
0.743
0.680
0.702
0.783
0.815
0.751
0.684
0.662
0.749
0.674
0.618
0.645
0.626
0.660
0.769
0.804
0.798
0.852
0.736
0.784
0.731
0.680
0.649
0.785
0.754
0.641
0.830
0.844
0.861
0.706
0.670
0.624
0.586
0.643
0.728
0.834
0.729
0.747
0.703
0.833
0.731
0.805
0.771
0.859
0.739
0.836
0.881
0.931
0.855
0.843
0.758
0.823
0.777
0.802
0.838
0.896
0.850
0.855
0.864
0.865
0.940
0.839
0.921
0.706
0.798
0.860
0.953
0.944
0.880
0.947
0.974
0.802
0.868
0.817
0.934
0.820
0.867
0.820
0.765
0.856
0.853
0.896
0.918
0.907
0.967
0.875
0.904
0.922
0.844
0.847
0.882
0.836
0.914
0.972
0.889
0.833
0.882
0.899
0.756
0.827
0.787
0.922
0.815
0.861
0.929
0.920
0.857
0.854
0.784
0.760
0.780
0.836
0.871
0.828
0.869
0.841
0.839
0.912
0.919
0.835
0.861
0.845
0.854
0.827
0.879
0.779
0.771
0.827
0.821
0.835
0.828
0.872
0.798
0.785
0.823
0.922
0.857
0.763
0.709
0.732
0.762
0.785
0.815
0.823
0.903
0.899
0.784
0.891
0.906
0.756
0.860
0.874
0.871
0.774
0.926
0.901
0.934
0.870
0.777
0.747
0.960
0.891
0.828
0.822
0.924
0.941
0.803
0.702
0.702
0.791
0.900
0.920
0.790
0.896
0.844
0.900
0.887
0.934
0.888
0.818
0.866
0.793
0.857
0.961
0.824
0.903
0.884
0.904
0.920
0.819
0.782
0.815
0.731
0.751
0.654
0.626
0.619
0.800
0.804
0.906
0.899
0.751
0.911
0.852
0.821
0.960
0.838
0.940
0.843
0.801
0.924
0.888
0.779
0.783
0.925
0.848
0.850
0.838
0.823
0.880
0.966
0.842
0.855
0.828
0.865
0.889
0.959
0.871
0.850
0.739
0.914
0.938
0.933
0.800
0.776
0.789
0.868
0.893
0.960
0.866
0.883
0.937
0.931
0.866
0.951
0.897
0.855
0.922
0.903
0.859
0.793
0.850
0.864
0.877
0.863
0.949
0.879
0.814
0.867
0.865
0.900
0.941
0.843
0.876
0.848
0.916
0.820
0.920
0.842
0.917
0.973
0.844
0.851
0.902
0.896
0.871
0.876
0.781
0.798
0.815
0.801
0.793
0.782
0.846
0.909
0.848
0.915
0.876
0.903
0.801
0.819
0.755
0.840
0.881
0.863
0.822
0.839
0.905
0.920
0.880
0.804
0.868
0.823
0.832
0.851
0.815
0.936
0.814
0.830
0.843
0.799
0.788
0.805
0.775
0.796
0.783
0.732
0.824
0.809
0.762
0.746
0.833
0.843
0.790
0.791
0.836
0.898
0.861
0.783
0.797
0.865
0.815
0.799
0.844
0.864
0.860
0.821
0.833
0.778
0.734
0.719
0.664
0.704
0.688
0.728
0.819
0.716
0.763
0.839
0.773
0.833
0.885
0.840
0.892
0.827
0.827
0.845
0.818
0.778
0.798
0.862
0.814
0.817
0.848
0.754
0.776
0.821
0.838
0.793
0.755
0.700
0.831
0.869
0.900
0.885
0.959
0.795
0.895
0.819
0.894
0.744
0.838
0.818
0.797
0.807
0.951
0.886
0.881
0.873
0.855
0.838
0.764
0.695
0.727
0.803
0.823
0.840
0.787
0.827
0.779
0.820
0.840
0.783
0.801
0.852
0.863
0.861
0.943
0.799
0.844
0.917
0.803
0.722
0.938
0.807
0.927
0.897
0.853
0.844
0.773
0.809
0.818
0.845
0.869
0.804
0.842
0.858
0.906
0.852
0.924
0.869
0.804
0.798
0.894
0.826
0.876
0.935
0.801
0.955
0.772
0.886
0.845
0.976
0.881
0.774
0.797
0.970
0.871
0.894
0.780
0.863
0.911
0.820
0.938
0.832
0.801
0.865
0.841
0.879
0.819
0.782
0.864
0.835
0.891
0.892
0.857
0.908
0.839
0.891
0.835
0.848
0.738
0.683
0.737
0.709
0.645
0.733
0.807
0.852
0.825
0.924
0.860
0.925
0.942
0.911
0.762
0.780
0.798
0.727
0.791
0.859
0.826
0.832
0.930
0.936
0.888
0.849
0.858
0.843
0.891
0.858
0.829
0.882
0.933
0.832
0.865
0.803
0.699
0.782
0.788
0.676
0.765
0.693
0.689
0.656
0.743
0.706
0.606
0.706
0.816
0.854
0.925
0.805
0.891
0.806
0.799
0.748
0.760
0.775
0.772
0.829
0.764
0.828
0.817
0.860
0.896
0.833
0.830
0.828
0.741
0.766
0.745
0.679
0.789
0.803
0.702
0.819
0.901
0.807
0.828
0.825
0.915
0.904
0.865
0.856
0.861
0.966
0.855
0.910
0.851
0.877
0.888
0.841
0.909
0.957
0.888
0.869
0.866
0.852
0.810
0.793
0.806
0.831
0.860
0.778
0.825
0.820
0.870
0.785
0.802
0.728
0.893
0.830
0.860
0.875
0.832
0.801
0.819
0.795
0.836
0.884
0.784
0.857
0.946
0.869
0.884
0.922
0.915
0.915
0.940
0.907
0.885
0.905
0.839
0.903
0.779
0.943
0.904
0.794
0.853
0.818
0.832
0.801
0.853
0.837
0.914
0.873
0.894
0.926
0.862
0.952
0.854
0.839
0.774
0.816
0.883
0.902
0.839
0.882
0.815
0.823
0.878
0.931
0.940
0.937
0.899
0.803
0.802
0.707
0.717
0.669
0.681
0.709
0.794
0.782
0.845
0.867
0.854
0.840
0.826
0.850
0.820
0.801
0.800
0.754
0.745
0.805
0.832
0.871
0.862
0.875
0.847
0.887
0.856
0.833
0.783
0.769
0.778
0.750
0.784
0.780
0.818
0.746
0.681
0.703
0.714
0.703
0.666
0.676
0.666
0.730
0.859
0.814
0.762
0.682
0.712
0.712
0.728
0.825
0.774
0.769
0.882
0.660
0.674
0.776
0.804
0.781
0.794
0.770
0.685
0.733
0.699
0.794
0.792
0.752
0.837
0.771
0.757
0.726
0.719
0.768
0.811
0.798
0.837
0.952
0.831
0.851
0.783
0.772
0.788
0.892
0.950
0.860
0.830
0.806
0.832
0.880
0.975
0.796
0.741
0.766
0.760
0.732
0.759
0.733
0.790
0.744
0.709
0.696
0.798
0.747
0.648
0.522
0.529
0.525
0.573
0.584
0.592
0.576
0.610
0.612
0.640
0.629
0.610
0.681
0.719
0.631
0.755
0.710
0.662
0.615
0.733
0.670
0.626
0.689
0.681
0.688
0.665
0.627
0.618
0.688
0.582
0.588
0.611
0.626
0.798
0.796
0.845
0.831
0.780
0.719
0.713
0.687
0.730
0.746
0.764
0.847
0.898
0.865
0.857
0.918
0.945
0.950
0.936
0.914
0.842
0.844
0.790
0.717
0.755
0.836
0.758
0.758
0.821
0.797
0.813
0.796
0.610
0.724
0.857
0.783
0.819
0.847
0.877
0.770
0.824
0.780
0.781
0.683
0.667
0.788
0.812
0.786
0.801
0.895
0.897
0.889
0.711
0.786
0.793
0.792
0.890
0.793
0.680
0.880
0.835
0.884
0.815
0.828
0.883
0.888
0.872
0.913
0.920
0.831
0.862
0.797
0.750
0.784
0.777
0.763
0.853
0.791
0.884
0.890
0.894
0.933
0.936
0.790
0.866
0.754
0.667
0.658
0.599
0.571
0.554
0.612
0.606
0.670
0.734
0.755
0.720
0.657
0.625
0.650
0.580
0.658
0.750
0.699
0.631
0.568
0.571
0.607
0.524
0.483
0.524
0.596
0.603
0.762
0.783
0.780
0.771
0.706
0.688
0.755
0.611
0.610
0.649
0.545
0.554
0.568
0.490
0.593
0.678
0.687
0.675
0.581
0.503
0.577
0.747
0.747
0.795
0.637
0.700
0.687
0.731
0.751
0.817
0.762
0.601
0.643
0.678
0.729
0.723
0.798
0.778
0.712
0.849
0.920
0.948
0.907
0.908
0.820
0.794
0.649
0.738
0.696
0.683
0.659
0.620
0.680
0.833
0.894
0.762
0.880
0.926
0.905
0.843
0.878
0.659
0.792
0.911
0.775
0.801
0.860
0.920
0.779
0.904
0.817
0.772
0.758
0.875
0.933
0.861
0.919
0.910
0.858
0.738
0.810
0.933
0.794
0.770
0.812
0.862
0.880
0.841
0.846
0.766
0.833
0.850
0.862
0.919
0.879
0.788
0.783
0.752
0.781
0.804
0.812
0.912
0.878
0.891
0.921
0.902
0.805
0.896
0.889
0.880
0.879
0.855
0.792
0.869
0.841
0.836
0.782
0.755
0.847
0.818
0.900
0.967
0.875
0.747
0.834
0.884
0.902
0.853
0.757
0.791
0.754
0.815
0.793
0.710
0.697
0.753
0.744
0.715
0.674
0.801
0.775
0.763
0.719
0.732
0.721
0.725
0.798
0.650
0.637
0.615
0.593
0.591
0.591
0.708
0.714
0.753
0.619
0.655
0.623
0.555
0.582
0.580
0.722
0.774
0.821
0.733
0.693
0.684
0.703
0.633
0.694
0.665
0.817
0.718
0.726
0.679
0.658
0.662
0.656
0.632
0.688
0.672
0.607
0.588
0.723
0.708
0.689
0.667
0.630
0.528
0.697
0.892
0.874
0.623
0.800
0.810
0.729
0.707
0.767
0.767
0.753
0.816
0.721
0.620
0.633
0.711
0.647
0.635
0.721
0.721
0.650
0.666
0.658
0.620
0.759
0.705
0.632
0.681
0.615
0.557
0.650
0.646
0.630
0.798
0.851
0.884
0.653
0.641
0.625
0.534
0.582
0.793
0.724
0.615
0.516
0.691
0.794
0.686
0.875
0.866
0.860
0.742
0.932
0.791
0.896
0.856
0.687
0.546
0.647
0.625
0.756
0.822
0.662
0.739
0.774
0.748
0.833
0.878
0.877
0.929
0.833
0.806
0.879
0.836
0.861
0.844
0.873
0.876
0.847
0.862
0.875
0.950
0.964
0.839
0.886
0.788
0.905
0.902
0.841
0.918
0.880
0.953
0.815
0.977
0.881
0.861
0.714
0.809
0.869
0.784
0.801
0.783
0.845
0.840
0.749
0.706
0.745
0.887
0.737
0.852
0.687
0.872
0.885
0.967
0.919
0.902
0.942
0.888
0.821
0.827
0.887
0.919
0.687
0.834
0.805
0.814
0.850
0.810
0.755
0.717
0.701
0.824
0.779
0.841
0.775
0.747
0.822
0.806
0.779
0.829
0.779
0.763
0.786
0.766
0.715
0.779
0.769
0.612
0.612
0.669
0.728
0.871
0.729
0.850
0.857
0.920
0.882
0.877
0.838
0.805
0.706
0.698
0.731
0.811
0.801
0.905
0.860
0.797
0.760
0.801
0.884
0.844
0.946
0.891
0.922
0.769
0.842
0.750
0.803
0.794
0.764
0.701
0.721
0.760
0.853
0.776
0.783
0.829
0.891
0.854
0.760
0.741
0.835
0.915
0.894
0.766
0.845
0.851
0.912
0.897
0.746
0.826
0.826
0.875
0.937
0.863
0.758
0.754
0.844
0.714
0.856
0.895
0.920
0.899
0.841
0.874
0.854
0.869
0.818
0.854
0.893
0.974
0.865
0.869
0.849
0.693
0.814
0.887
0.908
0.847
0.866
0.816
0.892
0.941
0.897
0.936
0.863
0.872
0.901
0.794
0.862
0.884
0.879
0.869
0.923
0.954
0.859
0.875
0.807
0.811
0.773
0.806
0.903
0.967
0.820
0.820
0.903
0.904
0.813
0.917
0.859
0.888
0.781
0.914
0.814
0.770
0.832
0.848
0.875
0.766
0.943
0.866
0.886
0.833
0.864
0.873
0.915
0.920
0.794
0.894
0.764
0.825
0.845
0.928
0.868
0.933
0.833
0.902
0.918
0.864
0.973
0.805
0.839
0.893
0.869
0.800
0.874
0.806
0.863
0.840
0.872
0.880
0.877
0.770
0.870
0.857
0.884
0.899
0.874
0.854
0.809
0.926
0.869
0.853
0.858
0.896
0.891
0.823
0.818
0.811
0.813
0.852
0.792
0.770
0.791
0.829
0.871
0.894
0.930
0.889
0.863
0.775
0.821
0.841
0.877
0.791
0.809
0.784
0.742
0.701
0.714
0.803
0.823
0.798
0.746
0.689
0.748
0.768
0.744
0.751
0.781
0.739
0.716
0.765
0.886
0.875
0.800
0.785
0.761
0.740
0.693
0.668
0.698
0.794
0.765
0.774
0.757
0.812
0.814
0.827
0.837
0.826
0.835
0.824
0.801
0.807
0.891
0.927
0.848
0.933
0.863
0.841
0.809
0.938
0.879
0.910
0.847
0.821
0.829
0.859
0.847
0.845
0.797
0.789
0.781
0.782
0.777
0.733
0.751
0.799
0.738
0.692
0.710
0.713
0.783
0.847
0.851
0.831
0.851
0.799
0.843
0.830
0.804
0.836
0.896
0.795
0.824
0.920
0.850
0.826
0.842
0.850
0.857
0.925
0.936
0.977
0.901
0.894
0.882
0.976
0.862
0.868
0.865
0.858
0.927
0.972
0.869
0.844
0.767
0.751
0.784
0.810
0.792
0.863
0.772
0.868
0.972
0.967
0.941
0.969
0.853
0.937
0.909
0.966
0.836
0.883
0.863
0.968
0.839
0.947
0.870
0.883
0.910
0.972
0.830
0.974
0.840
0.887
0.890
0.850
0.881
0.854
0.847
0.804
0.801
0.799
0.769
0.803
0.749
0.768
0.823
0.887
0.886
0.869
0.776
0.802
0.885
0.856
0.910
0.756
0.927
0.934
0.809
0.933
0.857
0.847
0.778
0.967
0.850
0.915
0.828
0.976
0.812
0.895
0.888
0.905
0.882
0.890
0.867
0.918
0.947
0.843
0.791
0.848
0.820
0.933
0.896
0.809
0.752
0.846
0.772
0.725
0.756
0.796
0.739
0.729
0.642
0.674
0.699
0.747
0.710
0.718
0.715
0.713
0.695
0.835
0.783
0.746
0.689
0.671
0.770
0.758
0.699
0.692
0.692
0.768
0.783
0.775
0.838
0.809
0.834
0.833
0.790
0.749
0.634
0.797
0.832
0.838
0.720
0.664
0.693
0.686
0.678
0.888
0.962
0.933
0.891
0.960
0.736
0.841
0.847
0.791
0.799
0.770
0.758
0.779
0.825
0.793
0.876
0.747
0.753
0.842
0.857
0.905
0.868
0.916
0.914
0.867
0.883
0.974
0.841
0.866
0.814
0.835
0.827
0.836
0.828
0.913
0.836
0.907
0.949
0.811
0.964
0.893
0.896
0.759
0.772
0.878
0.944
0.781
0.961
0.805
0.846
0.823
0.964
0.871
0.878
0.848
0.775
0.829
0.943
0.845
0.810
0.852
0.905
0.873
0.942
0.924
0.936
0.867
0.886
0.871
0.893
0.881
0.898
0.800
0.836
0.798
0.864
0.914
0.841
0.879
0.879
0.850
0.904
0.897
0.883
0.914
0.924
0.886
0.810
0.913
0.911
0.886
0.873
0.794
0.846
0.851
0.849
0.889
0.913
0.859
0.806
0.806
0.821
0.855
0.819
0.792
0.832
0.891
0.901
0.903
0.856
0.821
0.840
0.877
0.841
0.909
0.912
0.922
0.920
0.909
0.905
0.916
0.829
0.895
0.862
0.791
0.778
0.733
0.888
0.900
0.831
0.775
0.864
0.790
0.770
0.815
0.755
0.763
0.793
0.804
0.815
0.834
0.827
0.802
0.820
0.787
0.752
0.772
0.737
0.733
0.749
0.703
0.755
0.776
0.741
0.729
0.702
0.705
0.723
0.862
0.810
0.746
0.715
0.647
0.693
0.721
0.896
0.851
0.791
0.781
0.863
0.788
0.714
0.749
0.729
0.759
0.723
0.643
0.642
0.654
0.601
0.591
0.603
0.659
0.653
0.673
0.723
0.820
0.843
0.878
0.883
0.849
0.917
0.955
0.851
0.844
0.867
0.805
0.866
0.788
0.811
0.886
0.835
0.748
0.714
0.695
0.710
0.741
0.693
0.648
0.736
0.792
0.710
0.690
0.616
0.676
0.650
0.653
0.732
0.724
0.755
0.823
0.665
0.665
0.720
0.853
0.714
0.669
0.737
0.917
0.784
0.822
0.850
0.684
0.680
0.600
0.698
0.875
0.818
0.870
0.805
0.744
0.875
0.824
0.823
0.795
0.801
0.917
0.860
0.911
0.806
0.846
0.785
0.758
0.766
0.851
0.874
0.816
0.818
0.849
0.877
0.891
0.804
0.815
0.837
0.841
0.887
0.725
0.796
0.928
0.888
0.765
0.857
0.851
0.856
0.969
0.855
0.849
0.841
0.795
0.839
0.748
0.837
0.806
0.822
0.894
0.950
0.894
0.825
0.724
0.813
0.846
0.863
0.786
0.774
0.841
0.728
0.725
0.759
0.801
0.872
0.843
0.820
0.874
0.916
0.854
0.747
0.765
0.799
0.787
0.871
0.763
0.743
0.731
0.739
0.732
0.730
0.703
0.756
0.751
0.704
0.763
0.739
0.760
0.751
0.704
0.658
0.677
0.685
0.697
0.621
0.649
0.747
0.707
0.759
0.760
0.836
0.826
0.860
0.781
0.661
0.720
0.689
0.671
0.804
0.741
0.857
0.718
0.729
0.802
0.834
0.809
0.805
0.885
0.736
0.809
0.744
0.817
0.604
0.567
0.551
0.551
0.652
0.629
0.666
0.602
0.573
0.608
0.607
0.619
0.632
0.755
0.715
0.767
0.725
0.784
0.858
0.797
0.805
0.845
0.914
0.792
0.936
0.776
0.849
0.860
0.835
0.854
0.854
0.937
0.852
0.785
0.882
0.838
0.749
0.755
0.739
0.802
0.850
0.888
0.815
0.878
0.975
0.815
0.847
0.931
0.811
0.914
0.912
0.722
0.752
0.863
0.893
0.801
0.752
0.770
0.856
0.748
0.736
0.717
0.720
0.835
0.778
0.772
0.810
0.802
0.763
0.738
0.840
0.809
0.788
0.909
0.970
0.891
0.846
0.841
0.851
0.865
0.847
0.966
0.895
0.914
0.795
0.918
0.841
0.818
0.802
0.835
0.849
0.867
0.921
0.839
0.846
0.832
0.799
0.788
0.839
0.906
0.869
0.822
0.735
0.621
0.678
0.716
0.739
0.752
0.786
0.805
0.826
0.858
0.799
0.839
0.827
0.822
0.880
0.851
0.812
0.838
0.811
0.797
0.745
0.728
0.780
0.715
0.747
0.625
0.673
0.745
0.751
0.877
0.706
0.757
0.741
0.706
0.750
0.685
0.802
0.789
0.818
0.784
0.695
0.729
0.690
0.768
0.722
0.738
0.732
0.699
0.666
0.657
0.765
0.687
0.697
0.684
0.716
0.706
0.706
0.692
0.763
0.694
0.797
0.698
0.795
0.809
0.761
0.718
0.665
0.647
0.593
0.561
0.536
0.634
0.568
0.545
0.588
0.602
0.621
0.530
0.548
0.613
0.562
0.501
0.542
0.477
0.530
0.581
0.640
0.585
0.589
0.596
0.657
0.587
0.625
0.609
0.619
0.577
0.641
0.735
0.801
0.732
0.778
0.712
0.695
0.836
0.765
0.900
0.872
0.785
0.830
0.815
0.850
0.716
0.723
0.661
0.694
0.728
0.773
0.761
0.670
0.756
0.901
0.913
0.845
0.918
0.878
0.839
0.815
0.698
0.761
0.791
0.761
0.745
0.715
0.633
0.703
0.746
0.824
0.778
0.830
0.901
0.749
0.823
0.789
0.908
0.874
0.916
0.824
0.841
0.704
0.879
0.959
0.758
0.715
0.747
0.728
0.812
0.808
0.805
0.753
0.778
0.912
0.800
0.739
0.888
0.847
0.956
0.839
0.922
0.931
0.900
0.806
0.819
0.838
0.886
0.890
0.900
0.918
0.892
0.844
0.839
0.786
0.956
0.897
0.766
0.848
0.847
0.833
0.933
0.844
0.796
0.806
0.867
0.882
0.954
0.725
0.833
0.842
0.832
0.789
0.641
0.726
0.701
0.707
0.812
0.786
0.829
0.801
0.733
0.797
0.717
0.735
0.753
0.797
0.694
0.662
0.680
0.712
0.511
0.476
0.573
0.615
0.762
0.763
0.753
0.672
0.592
0.628
0.682
0.756
0.825
0.840
0.896
0.901
0.854
0.745
0.794
0.888
0.864
0.755
0.778
0.838
0.835
0.855
0.821
0.767
0.679
0.691
0.831
0.671
0.850
0.645
0.764
0.757
0.678
0.622
0.746
0.724
0.805
0.790
0.761
0.732
0.671
0.592
0.578
0.554
0.664
0.734
0.744
0.757
0.670
0.689
0.689
0.674
0.580
0.773
0.639
0.713
0.810
0.825
0.840
0.734
0.662
0.716
0.668
0.680
0.824
0.729
0.850
0.808
0.703
0.754
0.783
0.856
0.800
0.821
0.920
0.823
0.974
0.840
0.773
0.700
0.740
0.859
0.810
0.829
0.857
0.825
0.938
0.747
0.841
0.943
0.862
0.877
0.943
0.752
0.806
0.760
0.673
0.855
0.804
0.882
0.752
0.845
0.838
0.717
0.819
0.795
0.888
0.879
0.964
0.953
0.815
0.883
0.905
0.865
0.910
0.868
0.820
0.796
0.829
0.879
0.843
0.844
0.901
0.973
0.878
0.885
0.737
0.777
0.802
0.862
0.813
0.838
0.859
0.921
0.890
0.913
0.952
0.848
0.900
0.871
0.867
0.892
0.913
0.903
0.943
0.832
0.844
0.870
0.907
0.892
0.866
0.829
0.831
0.754
0.797
0.805
0.780
0.783
0.781
0.830
0.835
0.912
0.909
0.853
0.842
0.849
0.855
0.836
0.822
0.868
0.849
0.951
0.870
0.855
0.872
0.912
0.874
0.839
0.933
0.874
0.960
0.833
0.841
0.873
0.764
0.779
0.671
0.777
0.797
0.741
0.759
0.800
0.847
0.806
0.766
0.733
0.750
0.789
0.772
0.774
0.783
0.768
0.726
0.649
0.661
0.742
0.718
0.716
0.714
0.801
0.724
0.593
0.546
0.615
0.626
0.763
0.732
0.752
0.830
0.862
0.782
0.685
0.862
0.720
0.797
0.753
0.781
0.766
0.678
0.650
0.612
0.618
0.702
0.720
0.768
0.685
0.647
0.630
0.697
0.642
0.674
0.681
0.743
0.705
0.610
0.566
0.573
0.645
0.725
0.757
0.669
0.561
0.555
0.620
0.664
0.732
0.719
0.790
0.819
0.832
0.815
0.801
0.904
0.858
0.894
0.960
0.854
0.802
0.766
0.867
0.842
0.893
0.883
0.886
0.768
0.843
0.804
0.924
0.787
0.860
0.919
0.934
0.858
0.825
0.861
0.908
0.819
0.824
0.811
0.795
0.805
0.799
0.956
0.898
0.881
0.844
0.933
0.783
0.942
0.922
0.926
0.899
0.862
0.849
0.866
0.809
0.803
0.737
0.833
0.718
0.693
0.749
0.867
0.747
0.691
0.772
0.703
0.659
0.710
0.812
0.783
0.826
0.953
0.857
0.964
0.820
0.976
0.877
0.904
0.905
0.955
0.758
0.603
0.636
0.860
0.897
0.846
0.822
0.917
0.892
0.958
0.848
0.859
0.858
0.872
0.892
0.809
0.834
0.796
0.871
0.872
0.656
0.697
0.678
0.686
0.612
0.628
0.609
0.581
0.590
0.555
0.549
0.624
0.700
0.698
0.668
0.603
0.559
0.650
0.697
0.827
0.829
0.873
0.739
0.707
0.749
0.690
0.785
0.611
0.646
0.574
0.692
0.702
0.836
0.772
0.834
0.907
0.736
0.780
0.736
0.725
0.660
0.703
0.616
0.565
0.620
0.658
0.669
0.660
0.646
0.615
0.674
0.623
0.657
0.728
0.646
0.628
0.590
0.599
0.592
0.599
0.556
0.526
0.489
0.567
0.717
0.757
0.690
0.676
0.684
0.751
0.781
0.867
0.915
0.945
0.840
0.836
0.809
0.810
0.846
0.900
0.780
0.767
0.822
0.699
0.659
0.705
0.719
0.823
0.773
0.747
0.814
0.831
0.838
0.857
0.951
0.808
0.818
0.667
0.699
0.792
0.847
0.840
0.864
0.894
0.951
0.805
0.887
0.818
0.722
0.794
0.733
0.725
0.778
0.831
0.804
0.848
0.823
0.961
0.768
0.828
0.732
0.897
0.923
0.808
0.827
0.846
0.857
0.954
0.859
0.839
0.914
0.841
0.868
0.865
0.821
0.861
0.909
0.919
0.821
0.929
0.844
0.879
0.866
0.841
0.780
0.964
0.803
0.753
0.792
0.824
0.884
0.896
0.776
0.770
0.771
0.899
0.844
0.853
0.858
0.795
0.866
0.775
0.768
0.770
0.777
0.761
0.826
0.850
0.858
0.796
0.718
0.677
0.735
0.810
0.764
0.780
0.807
0.854
0.793
0.734
0.810
0.945
0.964
0.911
0.974
0.830
0.820
0.848
0.802
0.822
0.788
0.708
0.772
0.757
0.754
0.723
0.789
0.756
0.672
0.697
0.670
0.694
0.714
0.766
0.714
0.650
0.763
0.729
0.638
0.660
0.639
0.703
0.709
0.735
0.669
0.682
0.701
0.690
0.718
0.646
0.620
0.695
0.769
0.679
0.659
0.746
0.705
0.623
0.628
0.717
0.724
0.775
0.641
0.627
0.674
0.652
0.666
0.670
0.693
0.732
0.852
0.831
0.775
0.690
0.676
0.779
0.722
0.744
0.782
0.788
0.750
0.763
0.751
0.709
0.740
0.822
0.752
0.686
0.669
0.740
0.748
0.668
0.583
0.623
0.600
0.625
0.643
0.662
0.645
0.732
0.738
0.826
0.950
0.916
0.835
0.823
0.869
0.854
0.858
0.857
0.761
0.742
0.798
0.847
0.782
0.741
0.709
0.847
0.859
0.774
0.619
0.645
0.634
0.810
0.795
0.736
0.818
0.903
0.781
0.801
0.833
0.904
0.854
0.872
0.872
0.869
0.869
0.841
0.839
0.912
0.897
0.898
0.929
0.857
0.882
0.791
0.779
0.846
0.840
0.745
0.820
0.835
0.918
0.836
0.792
0.869
0.768
0.935
0.865
0.786
0.867
0.840
0.775
0.785
0.767
0.807
0.890
0.935
0.872
0.882
0.888
0.858
0.855
0.912
0.945
0.781
0.865
0.864
0.847
0.906
0.836
0.762
0.976
0.876
0.941
0.818
0.816
0.713
0.692
0.721
0.849
0.841
0.856
0.873
0.931
0.771
0.944
0.889
0.969
0.837
0.773
0.847
0.831
0.842
0.728
0.699
0.776
0.746
0.814
0.832
0.910
0.775
0.709
0.730
0.829
0.864
0.886
0.870
0.942
0.769
0.786
0.820
0.789
0.645
0.663
0.741
0.695
0.541
0.604
0.656
0.640
0.629
0.633
0.666
0.718
0.839
0.689
0.672
0.714
0.773
0.762
0.787
0.866
0.846
0.781
0.801
0.752
0.763
0.839
0.783
0.729
0.722
0.684
0.730
0.755
0.645
0.807
0.672
0.659
0.711
0.822
0.932
0.857
0.899
0.802
0.805
0.758
0.759
0.666
0.773
0.813
0.664
0.701
0.687
0.744
0.679
0.782
0.838
0.869
0.822
0.949
0.846
0.841
0.903
0.811
0.743
0.795
0.835
0.874
0.890
0.775
0.804
0.755
0.786
0.887
0.867
0.900
0.855
0.915
0.853
0.931
0.973
0.938
0.902
0.919
0.823
0.863
0.931
0.788
0.908
0.892
0.835
0.853
0.930
0.912
0.775
0.884
0.872
0.765
0.912
0.969
0.851
0.966
0.860
0.842
0.836
0.864
0.874
0.963
0.882
0.850
0.914
0.925
0.908
0.890
0.848
0.865
0.860
0.884
0.893
0.839
0.917
0.844
0.923
0.889
0.923
0.843
0.860
0.858
0.866
0.894
0.809
0.875
0.850
0.907
0.910
0.895
0.954
0.794
0.789
0.855
0.903
0.924
0.926
0.791
0.926
0.813
0.852
0.875
0.874
0.860
0.814
0.853
0.882
0.858
0.826
0.862
0.805
0.765
0.782
0.811
0.847
0.837
0.827
0.833
0.822
0.782
0.784
0.816
0.828
0.881
0.822
0.794
0.761
0.660
0.658
0.720
0.755
0.723
0.814
0.873
0.822
0.936
0.884
0.908
0.849
0.808
0.775
0.800
0.817
0.812
0.795
0.738
0.792
0.783
0.757
0.787
0.683
0.657
0.658
0.703
0.713
0.661
0.622
0.686
0.664
0.611
0.710
0.656
0.628
0.532
0.606
0.603
0.518
0.501
0.586
0.658
0.650
0.747
0.756
0.705
0.647
0.678
0.816
0.724
0.776
0.712
0.835
0.758
0.656
0.753
0.756
0.816
0.826
0.787
0.741
0.657
0.651
0.659
0.765
0.891
0.766
0.726
0.816
0.774
0.661
0.620
0.628
0.645
0.667
0.634
0.676
0.814
0.692
0.656
0.731
0.739
0.680
0.789
0.863
0.861
0.776
0.749
0.683
0.699
0.798
0.862
0.911
0.925
0.767
0.823
0.753
0.764
0.835
0.869
0.794
0.765
0.849
0.924
0.952
0.894
0.851
0.805
0.836
0.978
0.850
0.941
0.913
0.884
0.959
0.853
0.889
0.840
0.846
0.897
0.910
0.946
0.870
0.930
0.843
0.930
0.717
0.789
0.791
0.856
0.842
0.842
0.943
0.862
0.971
0.850
0.915
0.895
0.943
0.901
0.873
0.898
0.926
0.815
0.862
0.867
0.886
0.898
0.905
0.877
0.801
0.771
0.833
0.761
0.805
0.856
0.930
0.759
0.781
0.827
0.792
0.764
0.719
0.672
0.823
0.672
0.690
0.647
0.686
0.708
0.813
0.733
0.650
0.619
0.648
0.671
0.673
0.774
0.692
0.575
0.792
0.819
0.716
0.793
0.792
0.871
0.823
0.821
0.912
0.889
0.864
0.810
0.734
0.844
0.826
0.863
0.817
0.764
0.831
0.785
0.808
0.861
0.805
0.753
0.749
0.791
0.795
0.823
0.869
0.790
0.807
0.664
0.606
0.627
0.757
0.776
0.748
0.891
0.642
0.558
0.520
0.643
0.628
0.686
0.645
0.645
0.722
0.783
0.789
0.759
0.787
0.805
0.815
0.732
0.686
0.817
0.865
0.808
0.851
0.817
0.805
0.912
0.809
0.782
0.701
0.716
0.869
0.952
0.828
0.899
0.915
0.966
0.894
0.936
0.740
0.806
0.817
0.864
0.736
0.871
0.780
0.916
0.817
0.778
0.801
0.785
0.811
0.855
0.782
0.880
0.958
0.868
0.827
0.879
0.774
0.756
0.934
0.835
0.894
0.856
0.919
0.868
0.909
0.841
0.935
0.791
0.859
0.845
0.823
0.866
0.885
0.847
0.918
0.953
0.957
0.889
0.859
0.823
0.867
0.888
0.873
0.814
0.906
0.890
0.830
0.836
0.888
0.929
0.883
0.865
0.954
0.888
0.896
0.888
0.828
0.805
0.800
0.826
0.826
0.932
0.919
0.906
0.911
0.889
0.828
0.822
0.871
0.891
0.878
0.824
0.925
0.791
0.796
0.779
0.851
0.834
0.857
0.871
0.826
0.863
0.854
0.866
0.958
0.793
0.919
0.948
0.846
0.874
0.848
0.780
0.822
0.840
0.814
0.855
0.775
0.775
0.752
0.687
0.756
0.772
0.761
0.829
0.757
0.735
0.728
0.786
0.746
0.763
0.795
0.818
0.836
0.765
0.756
0.877
0.863
0.896
0.854
0.787
0.851
0.876
0.863
0.931
0.871
0.797
0.808
0.791
0.791
0.786
0.894
0.871
0.822
0.800
0.813
0.820
0.836
0.796
0.788
0.808
0.771
0.811
0.869
0.783
0.776
0.880
0.892
0.794
0.869
0.912
0.839
0.833
0.737
0.834
0.771
0.746
0.758
0.730
0.714
0.687
0.726
0.706
0.635
0.619
0.708
0.752
0.715
0.744
0.801
0.809
0.851
0.817
0.735
0.765
0.783
0.764
0.687
0.762
0.641
0.666
0.646
0.595
0.726
0.659
0.705
0.846
0.817
0.615
0.720
0.807
0.773
0.789
0.780
0.844
0.783
0.748
0.770
0.806
0.834
0.939
0.800
0.831
0.807
0.909
0.879
0.920
0.899
0.793
0.859
0.767
0.751
0.761
0.816
0.806
0.849
0.843
0.885
0.916
0.892
0.812
0.731
0.836
0.849
0.839
0.848
0.913
0.827
0.832
0.871
0.848
0.830
0.913
0.779
0.883
0.868
0.972
0.794
0.833
0.841
0.814
0.845
0.887
0.906
0.972
0.871
0.930
0.868
0.897
0.912
0.936
0.788
0.827
0.878
0.860
0.746
0.770
0.834
0.850
0.887
0.903
0.947
0.743
0.882
0.913
0.824
0.853
0.835
0.821
0.941
0.844
0.870
0.865
0.861
0.739
0.763
0.772
0.845
0.837
0.883
0.852
0.791
0.768
0.704
0.806
0.803
0.839
0.931
0.913
0.826
0.758
0.831
0.821
0.818
0.781
0.759
0.770
0.711
0.707
0.724
0.813
0.866
0.822
0.928
0.861
0.887
0.849
0.817
0.831
0.844
0.679
0.708
0.710
0.734
0.688
0.649
0.639
0.649
0.646
0.686
0.791
0.785
0.691
0.712
0.766
0.879
0.745
0.744
0.790
0.688
0.698
0.731
0.783
0.862
0.934
0.930
0.910
0.873
0.751
0.675
0.719
0.930
0.819
0.853
0.855
0.857
0.834
0.879
0.797
0.841
0.829
0.798
0.750
0.754
0.751
0.814
0.793
0.770
0.683
0.678
0.681
0.740
0.825
0.729
0.795
0.743
0.713
0.754
0.740
0.776
0.807
0.951
0.877
0.961
0.860
0.858
0.878
0.924
0.807
0.866
0.780
0.839
0.869
0.907
0.771
0.939
0.787
0.884
0.795
0.918
0.858
0.896
0.936
0.879
0.831
0.945
0.901
0.820
0.839
0.905
0.944
0.785
0.920
0.966
0.893
0.942
0.884
0.866
0.837
0.877
0.914
0.868
0.971
0.896
0.946
0.870
0.857
0.827
0.855
0.896
0.814
0.931
0.946
0.936
0.890
0.908
0.853
0.870
0.905
0.857
0.932
0.858
0.927
0.945
0.909
0.869
0.887
0.874
0.806
0.765
0.779
0.770
0.776
0.783
0.779
0.803
0.836
0.962
0.779
0.804
0.842
0.809
0.856
0.900
0.891
0.851
0.853
0.813
0.771
0.788
0.864
0.824
0.874
0.866
0.841
0.863
0.864
0.932
0.762
0.768
0.824
0.771
0.699
0.719
0.738
0.808
0.844
0.904
0.826
0.837
0.808
0.791
0.798
0.827
0.769
0.752
0.818
0.884
0.787
0.821
0.827
0.705
0.641
0.635
0.665
0.734
0.752
0.793
0.817
0.934
0.791
0.845
0.827
0.838
0.849
0.907
0.861
0.894
0.834
0.769
0.811
0.842
0.757
0.763
0.747
0.755
0.814
0.763
0.635
0.651
0.627
0.741
0.693
0.606
0.564
0.565
0.595
0.697
0.693
0.672
0.955
0.691
0.781
0.787
0.845
0.814
0.819
0.803
0.849
0.909
0.880
0.829
0.859
0.771
0.710
0.738
0.708
0.711
0.861
0.881
0.799
0.836
0.808
0.874
0.919
0.711
0.847
0.828
0.861
0.789
0.809
0.863
0.776
0.774
0.932
0.849
0.967
0.878
0.919
0.894
0.871
0.951
0.813
0.896
0.966
0.916
0.901
0.761
0.763
0.810
0.899
0.859
0.823
0.857
0.798
0.827
0.702
0.884
0.824
0.919
0.898
0.912
0.951
0.857
0.722
0.797
0.956
0.932
0.956
0.881
0.943
0.929
0.920
0.904
0.908
0.809
0.807
0.741
0.851
0.894
0.780
0.873
0.886
0.832
0.844
0.737
0.782
0.789
0.752
0.839
0.870
0.907
0.773
0.841
0.863
0.879
0.950
0.843
0.882
0.886
0.964
0.831
0.843
0.958
0.820
0.776
0.755
0.791
0.848
0.779
0.787
0.784
0.698
0.663
0.711
0.762
0.728
0.822
0.708
0.816
0.699
0.728
0.590
0.573
0.580
0.587
0.590
0.613
0.682
0.693
0.692
0.756
0.783
0.715
0.689
0.685
0.664
0.781
0.693
0.753
0.727
0.856
0.653
0.697
0.710
0.804
0.771
0.733
0.763
0.817
0.968
0.847
0.886
0.854
0.862
0.633
0.759
0.686
0.690
0.681
0.663
0.775
0.762
0.786
0.827
0.835
0.767
0.690
0.769
0.795
0.863
0.809
0.882
0.790
0.835
0.788
0.756
0.776
0.817
0.922
0.937
0.882
0.750
0.770
0.776
0.914
0.779
0.795
0.827
0.801
0.791
0.690
0.829
0.911
0.831
0.820
0.773
0.824
0.789
0.862
0.832
0.823
0.847
0.924
0.855
0.816
0.842
0.801
0.831
0.860
0.781
0.753
0.687
0.716
0.725
0.817
0.747
0.836
0.866
0.924
0.955
0.720
0.843
0.778
0.764
0.817
0.796
0.929
0.945
0.868
0.882
0.870
0.847
0.856
0.860
0.861
0.859
0.808
0.849
0.836
0.859
0.909
0.783
0.882
0.940
0.816
0.967
0.820
0.817
0.746
0.768
0.849
0.911
0.895
0.944
0.833
0.815
0.879
0.951
0.768
0.919
0.941
0.842
0.795
0.890
0.937
0.851
0.935
0.835
0.888
0.838
0.947
0.896
0.917
0.884
0.923
0.874
0.867
0.894
0.907
0.855
0.830
0.790
0.823
0.878
0.770
0.849
0.827
0.831
0.952
0.838
0.785
0.788
0.718
0.758
0.825
0.912
0.763
0.849
0.825
0.876
0.868
0.894
0.848
0.798
0.753
0.812
0.787
0.763
0.678
0.678
0.741
0.696
0.778
0.740
0.708
0.809
0.765
0.804
0.755
0.676
0.773
0.750
0.643
0.748
0.818
0.780
0.707
0.729
0.665
0.788
0.750
0.643
0.891
0.822
0.780
0.725
0.857
0.771
0.783
0.713
0.737
0.708
0.704
0.719
0.708
0.691
0.731
0.712
0.688
0.672
0.722
0.704
0.736
0.750
0.741
0.803
0.831
0.702
0.654
0.645
0.612
0.616
0.670
0.617
0.643
0.670
0.650
0.740
0.657
0.799
0.831
0.785
0.831
0.843
0.767
0.760
0.778
0.694
0.760
0.721
0.779
0.844
0.881
0.826
0.884
0.790
0.836
0.867
0.866
0.869
0.834
0.895
0.848
0.859
0.828
0.880
0.843
0.821
0.852
0.946
0.946
0.945
0.855
0.825
0.873
0.885
0.832
0.774
0.790
0.721
0.794
0.767
0.828
0.806
0.883
0.913
0.922
0.890
0.783
0.842
0.966
0.806
0.969
0.874
0.841
0.892
0.868
0.914
0.903
0.874
0.909
0.790
0.892
0.965
0.894
0.971
0.900
0.840
0.859
0.886
0.830
0.891
0.748
0.916
0.857
0.754
0.815
0.945
0.975
0.803
0.939
0.862
0.971
0.897
0.866
0.970
0.848
0.908
0.859
0.959
0.847
0.872
0.879
0.859
0.853
0.883
0.879
0.846
0.799
0.847
0.750
0.798
0.831
0.902
0.829
0.819
0.812
0.725
0.783
0.866
0.797
0.804
0.788
0.796
0.795
0.659
0.694
0.773
0.682
0.706
0.627
0.610
0.703
0.701
0.760
0.900
0.863
0.819
0.821
0.789
0.886
0.840
0.888
0.858
0.848
0.880
0.822
0.889
0.805
0.871
0.845
0.777
0.856
0.794
0.715
0.731
0.663
0.638
0.703
0.672
0.740
0.823
0.838
0.919
0.802
0.802
0.834
0.896
0.852
0.800
0.810
0.886
0.826
0.862
0.829
0.900
0.908
0.918
0.947
0.832
0.842
0.753
0.805
0.942
0.946
0.812
0.766
0.880
0.958
0.838
0.878
0.823
0.818
0.952
0.937
0.788
0.757
0.895
0.885
0.810
0.757
0.828
0.837
0.873
0.957
0.880
0.838
0.769
0.879
0.919
0.826
0.857
0.857
0.911
0.876
0.832
0.856
0.749
0.767
0.806
0.797
0.898
0.899
0.906
0.901
0.870
0.900
0.886
0.963
0.845
0.791
0.921
0.868
0.821
0.968
0.766
0.958
0.946
0.901
0.958
0.825
0.881
0.880
0.931
0.879
0.832
0.886
0.942
0.843
0.879
0.871
0.896
0.814
0.872
0.906
0.865
0.927
0.848
0.952
0.960
0.801
0.867
0.894
0.850
0.921
0.814
0.822
0.871
0.845
0.763
0.804
0.916
0.927
0.946
0.833
0.847
0.842
0.841
0.888
0.812
0.778
0.745
0.721
0.764
0.887
0.815
0.770
0.781
0.833
0.773
0.792
0.926
0.808
0.848
0.863
0.886
0.965
0.810
0.861
0.809
0.779
0.854
0.803
0.875
0.868
0.868
0.832
0.850
0.838
0.798
0.821
0.753
0.679
0.660
0.762
0.733
0.701
0.737
0.704
0.822
0.818
0.805
0.784
0.827
0.734
0.786
0.810
0.817
0.818
0.742
0.724
0.826
0.751
0.777
0.703
0.757
0.847
0.746
0.692
0.630
0.626
0.625
0.594
0.716
0.665
0.700
0.697
0.645
0.751
0.844
0.840
0.888
0.805
0.742
0.695
0.776
0.748
0.822
0.808
0.863
0.942
0.874
0.852
0.817
0.770
0.750
0.723
0.764
0.682
0.707
0.799
0.695
0.671
0.665
0.722
0.792
0.904
0.858
0.701
0.640
0.634
0.721
0.745
0.749
0.797
0.943
0.698
0.735
0.693
0.763
0.728
0.734
0.737
0.837
0.829
0.800
0.827
0.725
0.689
0.720
0.909
0.943
0.843
0.909
0.817
0.844
0.752
0.885
0.778
0.815
0.764
0.756
0.808
0.792
0.813
0.918
0.832
0.793
0.821
0.710
0.711
0.756
0.847
0.796
0.827
0.965
0.922
0.941
0.919
0.929
0.951
0.919
0.830
0.911
0.855
0.925
0.905
0.807
0.816
0.839
0.902
0.915
0.885
0.882
0.796
0.808
0.729
0.804
0.848
0.859
0.908
0.955
0.910
0.969
0.855
0.909
0.968
0.945
0.906
0.887
0.976
0.901
0.816
0.819
0.886
0.923
0.736
0.805
0.839
0.887
0.860
0.861
0.899
0.860
0.866
0.858
0.804
0.846
0.876
0.822
0.826
0.845
0.868
0.822
0.849
0.976
0.920
0.862
0.963
0.793
0.749
0.789
0.764
0.827
0.742
0.869
0.829
0.877
0.869
0.910
0.870
0.855
0.875
0.878
0.799
0.823
0.921
0.805
0.852
0.838
0.821
0.833
0.810
0.761
0.780
0.809
0.843
0.762
0.678
0.773
0.909
0.782
0.846
0.851
0.897
0.879
0.878
0.758
0.800
0.878
0.784
0.732
0.804
0.840
0.880
0.945
0.785
0.736
0.897
0.930
0.886
0.911
0.826
0.842
0.814
0.891
0.870
0.932
0.931
0.903
0.801
0.893
0.936
0.751
0.954
0.821
0.920
0.940
0.935
0.858
0.833
0.844
0.824
0.849
0.872
0.786
0.787
0.811
0.818
0.867
0.914
0.953
0.939
0.895
0.815
0.853
0.869
0.881
0.951
0.869
0.801
0.973
0.712
0.872
0.755
0.939
0.907
0.912
0.820
0.895
0.873
0.904
0.947
0.884
0.902
0.977
0.881
0.931
0.962
0.842
0.880
0.930
0.831
0.877
0.892
0.800
0.878
0.861
0.887
0.849
0.895
0.840
0.894
0.900
0.870
0.852
0.889
0.902
0.917
0.887
0.971
0.903
0.860
0.852
0.947
0.831
0.827
0.838
0.870
0.886
0.908
0.911
0.900
0.841
0.947
0.916
0.951
0.927
0.895
0.901
0.941
0.970
0.982
0.921
0.959
0.943
0.908
0.887
0.963
0.865
0.908
0.816
0.851
0.856
0.828
0.835
0.816
0.870
0.889
0.850
0.795
0.784
0.780
0.743
0.698
0.794
0.854
0.866
0.919
0.843
0.837
0.777
0.826
0.824
0.767
0.766
0.875
0.899
0.863
0.906
0.769
0.805
0.817
0.852
0.829
0.876
0.942
0.818
0.853
0.799
0.825
0.839
0.831
0.886
0.971
0.845
0.885
0.872
0.889
0.941
0.903
0.829
0.829
0.809
0.751
0.794
0.841
0.878
0.938
0.841
0.907
0.817
0.819
0.850
0.797
0.772
0.718
0.945
0.845
0.776
0.856
0.875
0.867
0.786
0.777
0.834
0.792
0.811
0.851
0.864
0.862
0.855
0.918
0.856
0.894
0.826
0.820
0.883
0.967
0.904
0.823
0.844
0.841
0.823
0.806
0.746
0.797
0.756
0.858
0.799
0.736
0.734
0.761
0.894
0.966
0.822
0.908
0.890
0.896
0.966
0.941
0.869
0.895
0.773
0.846
0.879
0.754
0.900
0.887
0.793
0.812
0.788
0.738
0.748
0.785
0.811
0.848
0.821
0.907
0.773
0.763
0.794
0.748
0.764
0.829
0.879
0.842
0.876
0.929
0.856
0.937
0.868
0.854
0.918
0.854
0.864
0.891
0.916
0.902
0.917
0.885
0.902
0.904
0.963
0.815
0.898
0.700
0.708
0.728
0.796
0.921
0.880
0.844
0.975
0.844
0.913
0.890
0.947
0.811
0.945
0.832
0.935
0.820
0.855
0.817
0.970
0.852
0.962
0.865
0.802
0.746
0.866
0.827
0.953
0.918
0.957
0.883
0.834
0.932
0.858
0.788
0.947
0.941
0.831
0.893
0.894
0.874
0.859
0.900
0.873
0.975
0.853
0.894
0.917
0.811
0.807
0.905
0.841
0.882
0.801
0.885
0.918
0.894
0.953
0.813
0.774
0.861
0.863
0.839
0.803
0.751
0.791
0.702
0.641
0.745
0.764
0.698
0.672
0.865
0.781
0.935
0.840
0.825
0.778
0.780
0.702
0.750
0.711
0.829
0.785
0.742
0.793
0.720
0.765
0.738
0.947
0.910
0.788
0.727
0.795
0.825
0.836
0.816
0.864
0.896
0.780
0.886
0.845
0.946
0.904
0.963
0.836
0.902
0.939
0.871
0.875
0.811
0.834
0.886
0.922
0.904
0.834
0.820
0.894
0.860
0.825
0.787
0.789
0.795
0.883
0.873
0.768
0.883
0.918
0.850
0.877
0.969
0.903
0.821
0.847
0.878
0.839
0.946
0.873
0.836
0.803
0.817
0.815
0.932
0.924
0.744
0.774
0.864
0.930
0.929
0.898
0.847
0.858
0.907
0.753
0.872
0.889
0.816
0.892
0.914
0.971
0.893
0.869
0.912
0.950
0.867
0.947
0.867
0.930
0.910
0.914
0.862
0.874
0.951
0.898
0.945
0.942
0.924
0.942
0.916
0.778
0.918
0.981
0.932
0.862
0.866
0.918
0.903
0.975
0.862
0.918
0.884
0.854
0.964
0.884
0.832
0.894
0.875
0.875
0.923
0.884
0.927
0.877
0.842
0.864
0.902
0.834
0.857
0.843
0.819
0.793
0.795
0.796
0.836
0.877
0.863
0.854
0.833
0.777
0.748
0.805
0.818
0.875
0.798
0.904
0.964
0.919
0.924
0.914
0.945
0.846
0.833
0.900
0.876
0.832
0.810
0.794
0.713
0.710
0.694
0.740
0.795
0.762
0.781
0.705
0.719
0.748
0.773
0.748
0.740
0.638
0.623
0.670
0.656
0.728
0.763
0.757
0.613
0.671
0.728
0.814
0.777
0.829
0.814
0.844
0.760
0.747
0.689
0.725
0.701
0.671
0.690
0.716
0.742
0.859
0.769
0.791
0.694
0.781
0.786
0.803
0.787
0.852
0.795
0.791
0.801
0.759
0.739
0.657
0.730
0.838
0.747
0.872
0.824
0.728
0.837
0.858
0.709
0.772
0.969
0.844
0.888
0.928
0.930
0.953
0.886
0.841
0.871
0.844
0.829
0.903
0.797
0.802
0.875
0.967
0.837
0.835
0.804
0.884
0.751
0.712
0.785
0.663
0.716
0.778
0.861
0.949
0.865
0.960
0.848
0.922
0.863
0.913
0.937
0.875
0.852
0.891
0.969
0.793
0.936
0.787
0.900
0.891
0.830
0.841
0.790
0.851
0.849
0.813
0.743
0.727
0.749
0.868
0.938
0.907
0.805
0.901
0.841
0.879
0.959
0.924
0.952
0.891
0.849
0.929
0.842
0.869
0.785
0.814
0.829
0.791
0.841
0.902
0.842
0.813
0.830
0.907
0.928
0.965
0.886
0.929
0.926
0.966
0.969
0.902
0.814
0.888
0.822
0.818
0.892
0.914
0.831
0.868
0.718
0.719
0.891
0.872
0.962
0.831
0.879
0.787
0.922
0.816
0.826
0.963
0.864
0.910
0.880
0.920
0.882
0.799
0.822
0.903
0.948
0.883
0.855
0.876
0.812
0.801
0.857
0.948
0.802
0.832
0.939
0.840
0.931
0.978
0.841
0.845
0.918
0.810
0.871
0.910
0.962
0.919
0.955
0.831
0.781
0.868
0.914
0.819
0.873
0.833
0.848
0.933
0.882
0.932
0.849
0.933
0.973
0.907
0.868
0.876
0.927
0.791
0.841
0.885
0.824
0.896
0.882
0.801
0.894
0.878
0.953
0.788
0.893
0.857
0.939
0.946
0.980
0.842
0.889
0.870
0.963
0.866
0.977
0.891
0.854
0.903
0.864
0.916
0.934
0.972
0.919
0.934
0.956
0.868
0.906
0.898
0.920
0.881
0.957
0.960
0.886
0.865
0.902
0.898
0.964
0.931
0.980
0.914
0.847
0.953
0.912
0.929
0.898
0.874
0.938
0.908
0.800
0.916
0.863
0.923
0.913
0.969
0.914
0.967
0.965
0.879
0.915
0.863
0.862
0.838
0.896
0.914
0.879
0.960
0.928
0.936
0.915
0.953
0.847
0.895
0.945
0.962
0.852
0.870
0.919
0.885
0.948
0.898
0.895
0.903
0.889
0.937
0.883
0.869
0.878
0.916
0.925
0.886
0.848
0.774
0.953
0.901
0.921
0.920
0.910
0.948
0.873
0.892
0.907
0.888
0.903
0.901
0.907
0.909
0.929
0.888
0.930
0.915
0.936
0.953
0.973
0.943
0.982
0.870
0.911
0.947
0.927
0.929
0.947
0.886
0.924
0.975
0.905
0.930
0.902
0.899
0.841
0.950
0.861
0.818
0.882
0.859
0.868
0.897
0.908
0.889
0.844
0.894
0.841
0.789
0.877
0.911
0.921
0.953
0.930
0.960
0.953
0.949
0.933
0.943
0.928
0.943
0.945
0.944
0.963
0.954
0.926
0.913
0.936
0.920
0.912
0.835
0.852
0.956
0.916
0.941
0.955
0.931
0.910
0.906
0.920
0.882
0.887
0.898
0.853
0.899
0.915
0.960
0.955
0.944
0.921
0.960
0.954
0.964
0.957
0.977
0.972
0.969
0.964
0.934
0.912
0.891
0.905
0.893
0.945
0.877
0.952
0.946
0.952
0.976
0.934
0.941
0.957
0.932
0.952
0.952
0.955
0.958
0.902
0.919
0.877
0.837
0.835
0.941
0.897
0.929
0.956
0.954
0.966
0.972
0.928
0.929
0.955
0.947
0.874
0.944
0.952
0.942
0.958
0.940
0.923
0.926
0.929
0.917
0.902
0.968
0.945
0.907
0.928
0.952
0.973
0.968
0.961
0.951
0.962
0.978
0.922
0.963
0.897
0.930
0.907
0.840
0.948
0.954
0.974
0.892
0.904
0.910
0.921
0.955
0.961
0.932
0.935
0.946
0.939
0.942
0.923
0.940
0.953
0.940
0.945
0.960
0.873
0.971
0.863
0.865
0.841
0.856
0.819
0.860
0.897
0.911
0.749
0.872
0.931
0.914
0.886
0.950
0.937
0.915
0.943
0.921
0.890
0.877
0.895
0.858
0.911
0.877
0.918
0.880
0.884
0.882
0.917
0.927
0.914
0.944
0.938
0.920
0.922
0.964
0.882
0.909
0.957
0.929
0.939
0.946
0.953
0.831
0.839
0.891
0.925
0.849
0.906
0.918
0.924
0.885
0.905
0.908
0.878
0.869
0.925
0.950
0.946
0.935
0.918
0.880
0.898
0.934
0.956
0.966
0.837
0.919
0.911
0.933
0.901
0.904
0.938
0.963
0.945
0.871
0.876
0.911
0.882
0.953
0.938
0.908
0.951
0.911
0.923
0.833
0.896
0.923
0.949
0.951
0.937
0.974
0.926
0.968
0.927
0.945
0.970
0.899
0.962
0.920
0.898
0.902
0.901
0.844
0.942
0.942
0.957
0.905
0.898
0.866
0.930
0.932
0.945
0.947
0.905
0.937
0.944
0.839
0.934
0.936
0.960
0.855
0.826
0.935
0.934
0.927
0.932
0.912
0.899
0.894
0.944
0.905
0.865
0.938
0.947
0.901
0.944
0.953
0.876
0.906
0.942
0.930
0.866
0.838
0.953
0.952
0.943
0.901
0.935
0.903
0.940
0.926
0.919
0.965
0.839
0.955
0.837
0.814
0.737
0.695
0.737
0.795
0.889
0.907
0.910
0.946
0.926
0.888
0.951
0.937
0.922
0.962
0.933
0.829
0.926
0.939
0.952
0.973
0.899
0.871
0.958
0.930
0.901
0.874
0.909
0.968
0.956
0.963
0.958
0.848
0.936
0.914
0.896
0.885
0.915
0.925
0.925
0.928
0.924
0.953
0.961
0.972
0.904
0.951
0.941
0.952
0.981
0.952
0.974
0.954
0.977
0.906
0.936
0.972
0.889
0.926
0.914
0.942
0.967
0.940
0.939
0.916
0.945
0.933
0.947
0.927
0.938
0.933
0.941
0.903
0.889
0.902
0.938
0.965
0.969
0.947
0.916
0.902
0.868
0.875
0.936
0.862
0.874
0.948
0.957
0.907
0.946
0.928
0.927
0.940
0.863
0.872
0.898
0.867
0.915
0.899
0.913
0.936
0.900
0.936
0.936
0.920
0.875
0.922
0.920
0.915
0.941
0.954
0.858
0.936
0.962
0.927
0.933
0.963
0.944
0.877
0.860
0.877
0.900
0.925
0.855
0.901
0.844
0.828
0.875
0.861
0.925
0.926
0.879
0.920
0.919
0.907
0.928
0.907
0.952
0.909
0.940
0.940
0.932
0.910
0.857
0.861
0.914
0.935
0.903
0.936
0.935
0.958
0.956
0.951
0.958
0.965
0.944
0.950
0.935
0.917
0.915
0.909
0.936
0.931
0.916
0.925
0.943
0.900
0.975
0.937
0.939
0.901
0.933
0.938
0.906
0.954
0.959
0.901
0.935
0.931
0.916
0.937
0.874
0.819
0.895
0.906
0.887
0.871
0.953
0.941
0.917
0.957
0.932
0.969
0.917
0.938
0.971
0.964
0.933
0.951
0.972
0.905
0.972
0.881
0.976
0.953
0.965
0.913
0.957
0.969
0.915
0.948
0.956
0.947
0.895
0.943
0.920
0.956
0.928
0.958
0.976
0.889
0.897
0.946
0.895
0.924
0.875
0.939
0.963
0.936
0.916
0.941
0.941
0.898
0.919
0.795
0.869
0.895
0.907
0.926
0.946
0.943
0.946
0.915
0.946
0.884
0.915
0.897
0.820
0.939
0.925
0.894
0.967
0.878
0.909
0.949
0.944
0.914
0.791
0.904
0.931
0.963
0.931
0.950
0.875
0.922
0.911
0.934
0.861
0.913
0.904
0.879
0.853
0.884
0.932
0.910
0.947
0.921
0.879
0.858
0.964
0.895
0.834
0.861
0.930
0.947
0.931
0.849
0.865
0.958
0.950
0.867
0.911
0.951
0.925
0.966
0.969
0.901
0.925
0.935
0.927
0.924
0.913
0.943
0.897
0.913
0.939
0.857
0.868
0.944
0.926
0.949
0.926
0.942
0.922
0.866
0.900
0.927
0.911
0.921
0.895
0.924
0.904
0.962
0.920
0.879
0.910
0.918
0.891
0.912
0.901
0.939
0.853
0.941
0.952
0.871
0.918
0.860
0.923
0.910
0.943
0.903
0.947
0.948
0.960
0.928
0.924
0.966
0.940
0.908
0.925
0.908
0.914
0.902
0.905
0.879
0.969
0.962
0.960
0.888
0.903
0.906
0.950
0.877
0.898
0.955
0.908
0.875
0.947
0.960
0.880
0.891
0.882
0.849
0.942
0.956
0.959
0.937
0.979
0.919
0.948
0.951
0.949
0.932
0.928
0.917
0.936
0.903
0.920
0.926
0.944
0.872
0.900
0.957
0.969
0.912
0.864
0.922
0.929
0.934
0.976
0.963
0.927
0.965
0.959
0.918
0.950
0.936
0.947
0.914
0.949
0.939
0.870
0.876
0.935
0.891
0.881
0.940
0.935
0.901
0.942
0.907
0.916
0.895
0.966
0.931
0.883
0.943
0.957
0.950
0.960
0.953
0.899
0.948
0.963
0.921
0.959
0.909
0.933
0.908
0.881
0.918
0.912
0.898
0.883
0.922
0.873
0.850
0.803
0.822
0.868
0.812
0.854
0.872
0.876
0.901
0.892
0.904
0.899
0.861
0.867
0.863
0.879
0.976
0.968
0.974
0.880
0.942
0.902
0.874
0.913
0.877
0.959
0.940
0.976
0.948
0.976
0.960
0.939
0.971
0.940
0.955
0.934
0.909
0.887
0.940
0.918
0.915
0.969
0.909
0.928
0.897
0.938
0.908
0.934
0.934
0.895
0.928
0.953
0.955
0.968
0.937
0.972
0.890
0.948
0.939
0.935
0.941
0.958
0.952
0.936
0.969
0.972
0.976
0.968
0.948
0.965
0.954
0.921
0.929
0.926
0.860
0.930
0.933
0.933
0.934
0.943
0.952
0.933
0.952
0.956
0.939
0.927
0.897
0.923
0.943
0.951
0.959
0.975
0.921
0.972
0.952
0.945
0.951
0.941
0.936
0.944
0.951
0.905
0.919
0.947
0.897
0.870
0.939
0.946
0.931
0.953
0.947
0.961
0.936
0.960
0.925
0.913
0.893
0.963
0.951
0.898
0.868
0.924
0.968
0.921
0.941
0.931
0.941
0.950
0.945
0.926
0.972
0.914
0.977
0.975
0.947
0.910
0.947
0.977
0.921
0.952
0.944
0.905
0.942
0.897
0.962
0.887
0.916
0.924
0.908
0.901
0.904
0.926
0.929
0.916
0.915
0.967
0.938
0.930
0.919
0.933
0.923
0.950
0.937
0.934
0.966
0.931
0.920
0.928
0.941
0.960
0.881
0.922
0.944
0.937
0.936
0.950
0.913
0.930
0.936
0.909
0.939
0.943
0.961
0.894
0.923
0.921
0.945
0.937
0.920
0.929
0.894
0.891
0.940
0.933
0.924
0.930
0.898
0.920
0.870
0.904
0.923
0.872
0.884
0.910
0.926
0.942
0.897
0.936
0.901
0.919
0.899
0.915
0.949
0.954
0.906
0.919
0.949
0.868
0.915
0.925
0.965
0.928
0.922
0.945
0.965
0.945
0.929
0.960
0.926
0.972
0.873
0.930
0.938
0.967
0.941
0.943
0.954
0.951
0.932
0.934
0.861
0.943
0.953
0.918
0.950
0.935
0.950
0.943
0.931
0.892
0.946
0.963
0.955
0.934
0.920
0.902
0.795
0.855
0.953
0.953
0.970
0.870
0.952
0.948
0.906
0.975
0.940
0.939
0.900
0.945
0.968
0.823
0.950
0.938
0.937
0.932
0.927
0.887
0.947
0.938
0.892
0.833
0.958
0.953
0.934
0.944
0.937
0.942
0.955
0.902
0.969
0.935
0.955
0.960
0.894
0.952
0.900
0.894
0.815
0.815
0.871
0.842
0.911
0.969
0.920
0.919
0.926
0.955
0.937
0.949
0.963
0.931
0.925
0.949
0.913
0.979
0.937
0.936
0.945
0.930
0.912
0.896
0.895
0.839
0.920
0.932
0.915
0.918
0.935
0.932
0.974
0.899
0.882
0.931
0.931
0.954
0.924
0.979
0.865
0.943
0.959
0.946
0.958
0.946
0.921
0.939
0.907
0.884
0.857
0.892
0.888
0.941
0.887
0.924
0.852
0.820
0.827
0.883
0.939
0.940
0.935
0.953
0.926
0.935
0.923
0.947
0.931
0.921
0.938
0.850
0.910
0.870
0.957
0.932
0.850
0.859
0.915
0.940
0.969
0.947
0.978
0.946
0.948
0.924
0.927
0.923
0.942
0.890
0.904
0.937
0.960
0.938
0.937
0.925
0.951
0.917
0.963
0.924
0.958
0.912
0.938
0.930
0.950
0.934
0.912
0.857
0.927
0.916
0.919
0.939
0.911
0.899
0.914
0.932
0.943
0.940
0.960
0.967
0.926
0.886
0.926
0.904
0.921
0.908
0.936
0.967
0.945
0.855
0.811
0.914
0.924
0.936
0.938
0.945
0.942
0.956
0.933
0.936
0.937
0.914
0.938
0.933
0.963
0.956
0.922
0.915
0.874
0.927
0.893
0.896
0.918
0.945
0.942
0.934
0.946
0.924
0.937
0.932
0.935
0.926
0.953
0.957
0.942
0.965
0.962
0.952
0.961
0.937
0.929
0.944
0.921
0.949
0.895
0.927
0.905
0.918
0.916
0.976
0.965
0.917
0.969
0.908
0.975
0.933
0.926
0.951
0.932
0.924
0.893
0.925
0.905
0.913
0.950
0.939
0.920
0.950
0.966
0.922
0.859
0.882
0.885
0.941
0.875
0.909
0.911
0.938
0.941
0.961
0.928
0.938
0.938
0.947
0.956
0.951
0.930
0.910
0.930
0.863
0.942
0.890
0.915
0.868
0.939
0.934
0.947
0.835
0.907
0.881
0.853
0.785
0.810
0.876
0.877
0.912
0.933
0.953
0.948
0.884
0.835
0.924
0.926
0.944
0.924
0.940
0.917
0.921
0.912
0.819
0.876
0.827
0.892
0.911
0.901
0.848
0.896
0.884
0.864
0.822
0.831
0.897
0.895
0.887
0.887
0.872
0.856
0.901
0.911
0.860
0.927
0.880
0.849
