19790101
0.689
0.657
0.647
0.644
0.629
0.628
0.611
0.598
0.579
0.577
0.633
0.713
0.668
0.762
0.714
0.586
0.575
0.597
0.583
0.591
0.631
0.682
0.740
0.697
0.653
0.678
0.750
0.804
0.853
0.756
0.674
0.678
0.662
0.555
0.491
0.536
0.515
0.530
0.496
0.599
0.718
0.712
0.629
0.654
0.615
0.619
0.609
0.588
0.552
0.486
0.513
0.517
0.565
0.685
0.650
0.815
0.818
0.860
0.956
0.858
0.859
0.769
0.812
0.906
0.869
0.886
0.963
0.928
0.827
0.814
0.780
0.759
0.734
0.714
0.710
0.654
0.652
0.748
0.748
0.797
0.944
0.900
0.890
0.969
0.955
0.863
0.778
0.751
0.727
0.652
0.698
0.726
0.714
0.775
0.762
0.773
0.838
0.815
0.729
0.785
0.693
0.669
0.695
0.881
0.885
0.819
0.892
0.796
0.866
0.894
0.952
0.963
0.879
0.909
0.840
0.970
0.845
0.910
0.979
0.848
0.848
0.918
0.876
0.883
0.858
0.825
0.802
0.776
0.790
0.750
0.836
0.849
0.886
0.860
0.839
0.976
0.821
0.856
0.965
0.921
0.935
0.805
0.964
0.852
0.860
0.879
0.823
0.838
0.913
0.791
0.846
0.850
0.856
0.818
0.806
0.889
0.874
0.805
0.843
0.705
0.804
0.768
0.789
0.751
0.846
0.726
0.732
0.749
0.699
0.717
0.723
0.626
0.657
0.691
0.632
0.611
0.664
0.650
0.665
0.623
0.632
0.717
0.736
0.652
0.667
0.634
0.540
0.499
0.488
0.482
0.506
0.543
0.682
0.689
0.699
0.680
0.680
0.724
0.784
0.838
0.710
0.634
0.682
0.614
0.645
0.625
0.547
0.558
0.553
0.573
0.673
0.796
0.755
0.693
0.706
0.669
0.608
0.529
0.543
0.555
0.530
0.475
0.565
0.615
0.612
0.588
0.651
0.741
0.711
0.680
0.586
0.719
0.715
0.649
0.746
0.771
0.808
0.814
0.765
0.784
0.867
0.940
0.861
0.874
0.804
0.787
0.803
0.872
0.659
0.782
0.907
0.792
0.839
0.875
0.800
0.764
0.798
0.750
0.874
0.740
0.842
0.739
0.727
0.756
0.714
0.776
0.837
0.711
0.754
0.736
0.761
0.780
0.737
0.743
0.670
0.632
0.584
0.635
0.627
0.684
0.768
0.814
0.750
0.851
0.899
0.769
0.859
0.651
0.833
0.941
0.926
0.804
0.894
0.933
0.984
0.903
0.830
0.782
0.836
0.910
0.809
0.935
0.796
0.746
0.864
0.885
0.867
0.952
0.919
0.880
0.828
0.772
0.813
0.870
0.964
0.974
0.966
0.875
0.951
0.901
0.839
0.847
0.861
0.896
0.909
0.918
0.907
0.874
0.844
0.845
0.862
0.826
0.837
0.883
0.813
0.822
0.740
0.720
0.759
0.744
0.699
0.692
0.705
0.761
0.662
0.606
0.601
0.692
0.840
0.852
0.903
0.939
0.971
0.897
0.958
0.784
0.771
0.741
0.867
0.700
0.639
0.758
0.850
0.862
0.822
0.844
0.829
0.790
0.727
0.661
0.614
0.552
0.491
0.526
0.489
0.564
0.611
0.540
0.643
0.653
0.815
0.840
0.787
0.728
0.681
0.630
0.602
0.623
0.680
0.627
0.603
0.522
0.608
0.680
0.638
0.697
0.798
0.678
0.710
0.882
0.864
0.714
0.583
0.597
0.535
0.604
0.579
0.488
0.437
0.412
0.449
0.498
0.614
0.694
0.855
0.830
0.700
0.613
0.602
0.558
0.465
0.479
0.575
0.539
0.604
0.601
0.587
0.775
0.688
0.497
0.604
0.409
0.444
0.477
0.514
0.567
0.566
0.602
0.606
0.515
0.459
0.479
0.623
0.589
0.572
0.464
0.532
0.612
0.532
0.581
0.605
0.550
0.513
0.522
0.603
0.675
0.545
0.542
0.580
0.602
0.482
0.535
0.594
0.619
0.699
0.785
0.882
0.653
0.638
0.741
0.750
0.667
0.615
0.606
0.680
0.604
0.619
0.741
0.776
0.746
0.792
0.789
0.797
0.832
0.787
0.859
0.885
0.866
0.834
0.671
0.742
0.848
0.776
0.760
0.890
0.741
0.732
0.723
0.736
0.765
0.802
0.741
0.690
0.903
0.708
0.667
0.728
0.874
0.746
0.773
0.714
0.731
0.770
0.749
0.748
0.752
0.898
0.918
0.915
0.759
0.744
0.813
0.767
0.663
0.637
0.663
0.708
0.689
0.718
0.755
0.697
0.557
0.511
0.551
0.584
0.725
0.774
0.724
0.682
0.703
0.609
0.620
0.609
0.571
0.580
0.524
0.564
0.586
0.468
0.483
0.533
0.533
0.502
0.488
0.558
0.640
0.671
0.647
0.577
0.603
0.665
0.786
0.687
0.702
0.516
0.592
0.626
0.641
0.808
0.673
0.801
0.794
0.704
0.675
0.684
0.717
0.656
0.665
0.776
0.649
0.670
0.660
0.681
0.687
0.701
0.678
0.688
0.704
0.674
0.679
0.597
0.603
0.621
0.646
0.619
0.661
0.801
0.613
0.646
0.665
0.615
0.503
0.470
0.576
0.628
0.621
0.565
0.490
0.572
0.667
0.812
0.653
0.713
0.735
0.615
0.624
0.627
0.581
0.495
0.465
0.499
0.669
0.734
0.828
0.798
0.617
0.564
0.668
0.750
0.769
0.858
0.728
0.665
0.667
0.732
0.775
0.751
0.867
0.917
0.776
0.815
0.804
0.833
0.930
0.749
0.973
0.876
0.756
0.751
0.758
0.726
0.735
0.727
0.769
0.819
0.974
0.741
0.703
0.852
0.786
0.681
0.620
0.646
0.760
0.751
0.717
0.645
0.875
0.767
0.783
0.838
0.872
0.803
0.956
0.732
0.975
0.824
0.875
0.879
0.863
0.882
0.866
0.896
0.869
0.781
0.808
0.853
0.723
0.609
0.624
0.634
0.655
0.676
0.766
0.774
0.697
0.640
0.660
0.732
0.694
0.626
0.644
0.671
0.691
0.768
0.730
0.693
0.675
0.722
0.658
0.675
0.814
0.763
0.821
0.813
0.828
0.848
0.852
0.686
0.738
0.661
0.763
0.696
0.686
0.727
0.841
0.854
0.881
0.865
0.874
0.810
0.738
0.657
0.581
0.531
0.638
0.587
0.596
0.628
0.587
0.556
0.573
0.689
0.759
0.607
0.587
0.599
0.695
0.668
0.615
0.630
0.615
0.590
0.618
0.672
0.850
0.732
0.590
0.611
0.627
0.575
0.562
0.532
0.529
0.532
0.615
0.628
0.529
0.520
0.563
0.610
0.528
0.539
0.658
0.565
0.632
0.710
0.748
0.741
0.624
0.631
0.703
0.761
0.834
0.943
0.818
0.777
0.710
0.756
0.645
0.634
0.767
0.721
0.699
0.760
0.829
0.752
0.696
0.692
0.642
0.601
0.504
0.589
0.723
0.782
0.678
0.759
0.676
0.772
0.757
0.649
0.665
0.756
0.787
0.651
0.622
0.645
0.581
0.556
0.511
0.492
0.463
0.533
0.609
0.692
0.663
0.634
0.697
0.748
0.626
0.618
0.643
0.720
0.663
0.877
0.842
0.862
0.813
0.851
0.941
0.882
0.794
0.787
0.940
0.766
0.805
0.847
0.822
0.785
0.964
0.897
0.904
0.959
0.899
0.954
0.932
0.938
0.782
0.898
0.939
0.970
0.885
0.932
0.823
0.897
0.812
0.816
0.873
0.831
0.747
0.686
0.729
0.736
0.791
0.876
0.807
0.882
0.751
0.824
0.902
0.965
0.764
0.963
0.856
0.918
0.828
0.784
0.882
0.818
0.927
0.752
0.862
0.894
0.767
0.747
0.744
0.693
0.766
0.820
0.836
0.800
0.726
0.705
0.747
0.741
0.743
0.754
0.674
0.715
0.692
0.650
0.809
0.777
0.692
0.671
0.768
0.812
0.780
0.716
0.791
0.706
0.701
0.695
0.688
0.784
0.791
0.803
0.799
0.752
0.773
0.800
0.776
0.753
0.833
0.821
0.771
0.752
0.801
0.810
0.791
0.771
0.756
0.733
0.587
0.776
0.650
0.631
0.665
0.626
0.687
0.728
0.668
0.732
0.636
0.678
0.695
0.758
0.694
0.700
0.683
0.661
0.549
0.593
0.670
0.673
0.735
0.825
0.784
0.646
0.604
0.596
0.613
0.730
0.723
0.834
0.716
0.758
0.753
0.631
0.657
0.673
0.686
0.724
0.786
0.865
0.731
0.714
0.956
0.724
0.671
0.699
0.675
0.687
0.654
0.600
0.593
0.649
0.588
0.671
0.725
0.642
0.870
0.739
0.648
0.625
0.694
0.713
0.706
0.752
0.692
0.752
0.875
0.895
0.790
0.824
0.897
0.962
0.849
0.846
0.838
0.893
0.863
0.807
0.777
0.809
0.896
0.788
0.897
0.848
0.821
0.802
0.975
0.815
0.975
0.864
0.880
0.828
0.842
0.849
0.817
0.798
0.920
0.849
0.811
0.763
0.872
0.941
0.829
0.931
0.846
0.823
0.862
0.845
0.897
0.856
0.922
0.901
0.812
0.789
0.768
0.730
0.682
0.729
0.918
0.843
0.839
0.746
0.741
0.802
0.958
0.823
0.802
0.724
0.839
0.916
0.949
0.793
0.741
0.775
0.808
0.694
0.689
0.754
0.808
0.845
0.755
0.698
0.645
0.618
0.640
0.744
0.829
0.756
0.778
0.855
0.941
0.870
0.850
0.776
0.876
0.954
0.933
0.795
0.783
0.690
0.688
0.748
0.740
0.604
0.660
0.779
0.716
0.661
0.585
0.469
0.500
0.518
0.566
0.545
0.636
0.583
0.823
0.629
0.617
0.628
0.604
0.615
0.572
0.584
0.742
0.867
0.818
0.712
0.719
0.690
0.756
0.747
0.706
0.644
0.687
0.827
0.713
0.683
0.897
0.869
0.861
0.860
0.804
0.767
0.898
0.697
0.654
0.608
0.605
0.603
0.587
0.731
0.627
0.618
0.705
0.678
0.643
0.679
0.574
0.554
0.558
0.582
0.609
0.810
0.742
0.665
0.700
0.675
0.593
0.658
0.571
0.583
0.615
0.840
0.753
0.908
0.919
0.669
0.704
0.706
0.687
0.710
0.840
0.811
0.842
0.843
0.900
0.904
0.863
0.751
0.702
0.754
0.938
0.936
0.839
0.859
0.803
0.782
0.882
0.939
0.906
0.725
0.752
0.870
0.784
0.723
0.657
0.598
0.919
0.932
0.773
0.800
0.681
0.715
0.772
0.747
0.876
0.726
0.773
0.819
0.739
0.822
0.747
0.855
0.847
0.924
0.848
0.864
0.904
0.836
0.754
0.784
0.795
0.803
0.838
0.818
0.910
0.966
0.817
0.861
0.769
0.655
0.575
0.589
0.682
0.742
0.720
0.769
0.711
0.849
0.704
0.757
0.702
0.727
0.870
0.644
0.637
0.622
0.675
0.683
0.687
0.669
0.715
0.713
0.611
0.578
0.578
0.599
0.551
0.561
0.588
0.520
0.477
0.509
0.514
0.589
0.587
0.672
0.630
0.620
0.560
0.569
0.678
0.677
0.724
0.585
0.485
0.543
0.588
0.597
0.618
0.542
0.617
0.599
0.592
0.571
0.542
0.563
0.655
0.654
0.587
0.823
0.612
0.561
0.586
0.601
0.512
0.494
0.610
0.657
0.593
0.534
0.511
0.499
0.499
0.460
0.491
0.604
0.589
0.513
0.530
0.479
0.479
0.558
0.539
0.440
0.516
0.539
0.579
0.499
0.551
0.550
0.589
0.657
0.629
0.562
0.580
0.580
0.638
0.545
0.456
0.632
0.684
0.594
0.602
0.586
0.661
0.618
0.618
0.718
0.756
0.620
0.545
0.530
0.616
0.583
0.539
0.565
0.737
0.802
0.791
0.783
0.850
0.734
0.886
0.815
0.709
0.745
0.640
0.682
0.745
0.811
0.848
0.735
0.801
0.794
0.857
0.838
0.672
0.746
0.891
0.778
0.970
0.726
0.802
0.903
0.853
0.845
0.680
0.722
0.808
0.699
0.699
0.719
0.731
0.769
0.791
0.974
0.809
0.962
0.817
0.755
0.763
0.744
0.753
0.881
0.805
0.646
0.543
0.578
0.741
0.734
0.764
0.745
0.752
0.883
0.790
0.885
0.723
0.604
0.644
0.929
0.789
0.670
0.583
0.597
0.569
0.662
0.822
0.702
0.642
0.758
0.646
0.728
0.865
0.735
0.782
0.765
0.657
0.566
0.506
0.759
0.777
0.747
0.936
0.727
0.681
0.652
0.638
0.563
0.626
0.868
0.669
0.832
0.717
0.609
0.603
0.607
0.659
0.630
0.594
0.585
0.573
0.526
0.494
0.547
0.609
0.592
0.621
0.576
0.539
0.613
0.532
0.460
0.487
0.485
0.483
0.529
0.492
0.530
0.638
0.543
0.624
0.615
0.528
0.591
0.700
0.582
0.521
0.525
0.614
0.550
0.546
0.697
0.807
0.684
0.659
0.680
0.577
0.558
0.499
0.534
0.511
0.503
0.642
0.625
0.549
0.535
0.536
0.539
0.581
0.560
0.583
0.696
0.609
0.624
0.705
0.660
0.607
0.677
0.712
0.701
0.675
0.719
0.765
0.703
0.704
0.621
0.567
0.572
0.616
0.802
0.722
0.640
0.520
0.469
0.531
0.554
0.509
0.745
0.646
0.616
0.579
0.593
0.580
0.584
0.658
0.643
0.821
0.696
0.596
0.627
0.800
0.649
0.825
0.776
0.838
0.722
0.798
0.727
0.821
0.758
0.909
0.823
0.924
0.785
0.838
0.702
0.649
0.781
0.791
0.792
0.854
0.938
0.949
0.832
0.797
0.897
0.833
0.889
0.855
0.787
0.745
0.724
0.774
0.705
0.703
0.772
0.787
0.779
0.842
0.885
0.801
0.908
0.865
0.968
0.956
0.897
0.926
0.688
0.712
0.879
0.753
0.940
0.765
0.789
0.667
0.719
0.726
0.752
0.735
0.665
0.648
0.728
0.743
0.833
0.948
0.770
0.692
0.715
0.858
0.710
0.692
0.669
0.643
0.626
0.605
0.627
0.675
0.672
0.587
0.672
0.620
0.690
0.709
0.732
0.722
0.650
0.628
0.570
0.587
0.651
0.706
0.668
0.715
0.739
0.721
0.648
0.591
0.531
0.558
0.639
0.662
0.653
0.641
0.629
0.600
0.604
0.605
0.562
0.536
0.468
0.456
0.548
0.630
0.613
0.672
0.638
0.616
0.622
0.650
0.604
0.616
0.702
0.606
0.592
0.551
0.557
0.642
0.657
0.595
0.495
0.566
0.615
0.466
0.494
0.598
0.661
0.648
0.606
0.574
0.604
0.612
0.582
0.637
0.565
0.616
0.596
0.618
0.550
0.669
0.569
0.569
0.576
0.578
0.611
0.627
0.718
0.666
0.623
0.601
0.704
0.652
0.611
0.651
0.653
0.584
0.551
0.599
0.590
0.679
0.601
0.609
0.613
0.621
0.624
0.618
0.585
0.580
0.521
0.659
0.670
0.684
0.646
0.611
0.655
0.634
0.677
0.633
0.649
0.698
0.683
0.852
0.872
0.948
0.789
0.711
0.813
0.843
0.972
0.880
0.699
0.717
0.874
0.760
0.757
0.930
0.822
0.955
0.884
0.768
0.827
0.851
0.872
0.772
0.780
0.728
0.699
0.801
0.865
0.791
0.757
0.794
0.894
0.793
0.792
0.822
0.638
0.591
0.634
0.619
0.613
0.671
0.709
0.643
0.705
0.706
0.890
0.732
0.844
0.750
0.611
0.638
0.759
0.800
0.777
0.905
0.783
0.779
0.736
0.832
0.777
0.792
0.668
0.686
0.693
0.799
0.730
0.867
0.786
0.641
0.590
0.601
0.567
0.612
0.694
0.660
0.616
0.552
0.598
0.617
0.855
0.791
0.813
0.800
0.810
0.825
0.697
0.755
0.797
0.686
0.784
0.701
0.694
0.602
0.595
0.674
0.656
0.677
0.686
0.678
0.707
0.713
0.648
0.701
0.653
0.575
0.663
0.640
0.799
0.786
0.582
0.609
0.684
0.744
0.841
0.779
0.758
0.690
0.700
0.633
0.589
0.617
0.598
0.723
0.822
0.825
0.780
0.796
0.716
0.707
0.648
0.679
0.722
0.682
0.685
0.733
0.686
0.685
0.714
0.731
0.673
0.648
0.597
0.609
0.614
0.600
0.637
0.692
0.677
0.747
0.697
0.523
0.567
0.609
0.611
0.673
0.651
0.802
0.712
0.609
0.561
0.630
0.687
0.739
0.668
0.577
0.636
0.667
0.786
0.723
0.711
0.674
0.620
0.548
0.566
0.663
0.746
0.709
0.701
0.671
0.709
0.900
0.942
0.766
0.778
0.807
0.727
0.705
0.650
0.578
0.661
0.677
0.834
0.936
0.718
0.843
0.793
0.835
0.945
0.925
0.954
0.906
0.874
0.762
0.638
0.616
0.670
0.693
0.609
0.711
0.875
0.839
0.838
0.857
0.911
0.937
0.809
0.789
0.752
0.648
0.654
0.723
0.664
0.687
0.866
0.727
0.845
0.797
0.786
0.664
0.670
0.800
0.821
0.789
0.819
0.711
0.696
0.635
0.773
0.799
0.703
0.639
0.737
0.690
0.749
0.626
0.744
0.765
0.600
0.589
0.662
0.605
0.608
0.624
0.618
0.627
0.756
0.779
0.784
0.719
0.691
0.737
0.794
0.814
0.814
0.765
0.810
0.685
0.695
0.683
0.705
0.684
0.654
0.648
0.621
0.640
0.646
0.602
0.601
0.660
0.673
0.705
0.663
0.660
0.648
0.618
0.654
0.601
0.553
0.650
0.577
0.570
0.687
0.698
0.678
0.676
0.669
0.628
0.673
0.665
0.671
0.678
0.636
0.690
0.680
0.658
0.681
0.698
0.680
0.714
0.836
0.689
0.626
0.715
0.792
0.723
0.697
0.615
0.607
0.640
0.683
0.634
0.591
0.659
0.631
0.682
0.572
0.512
0.540
0.640
0.685
0.656
0.758
0.770
0.637
0.670
0.732
0.760
0.791
0.823
0.745
0.837
0.790
0.958
0.741
0.798
0.815
0.805
0.712
0.778
0.723
0.634
0.685
0.735
0.897
0.758
0.741
0.775
0.843
0.920
0.719
0.864
0.735
0.686
0.687
0.726
0.729
0.829
0.786
0.812
0.752
0.792
0.815
0.789
0.764
0.890
0.779
0.889
0.917
0.935
0.929
0.976
0.985
0.882
0.916
0.919
0.954
0.857
0.925
0.845
0.862
0.935
0.935
0.843
0.811
0.874
0.888
0.894
0.839
0.814
0.750
0.832
0.782
0.788
0.769
0.726
0.746
0.832
0.859
0.845
0.860
0.927
0.879
0.860
0.803
0.707
0.623
0.587
0.559
0.623
0.600
0.653
0.620
0.697
0.709
0.859
0.789
0.796
0.670
0.666
0.833
0.889
0.774
0.668
0.725
0.708
0.711
0.736
0.677
0.635
0.611
0.574
0.565
0.504
0.472
0.484
0.509
0.531
0.619
0.764
0.864
0.723
0.667
0.686
0.697
0.664
0.718
0.722
0.679
0.611
0.628
0.621
0.540
0.587
0.762
0.710
0.659
0.831
0.829
0.628
0.604
0.667
0.675
0.676
0.589
0.672
0.678
0.519
0.536
0.618
0.578
0.499
0.462
0.449
0.638
0.662
0.639
0.558
0.545
0.515
0.544
0.626
0.438
0.493
0.489
0.373
0.432
0.408
0.428
0.463
0.565
0.542
0.487
0.457
0.516
0.605
0.587
0.584
0.632
0.617
0.577
0.620
0.549
0.464
0.508
0.743
0.903
0.870
0.651
0.608
0.769
0.603
0.735
0.775
0.913
0.955
0.850
0.717
0.674
0.612
0.758
0.637
0.744
0.928
0.873
0.796
0.814
0.912
0.806
0.718
0.664
0.712
0.750
0.653
0.852
0.763
0.692
0.559
0.518
0.542
0.667
0.617
0.587
0.605
0.664
0.780
0.765
0.818
0.816
0.822
0.911
0.841
0.774
0.776
0.806
0.799
0.731
0.722
0.849
0.794
0.737
0.736
0.691
0.877
0.734
0.949
0.820
0.962
0.814
0.866
0.799
0.957
0.960
0.899
0.882
0.681
0.707
0.744
0.734
0.788
0.784
0.741
0.701
0.685
0.624
0.653
0.643
0.684
0.915
0.770
0.699
0.901
0.782
0.764
0.753
0.659
0.540
0.453
0.473
0.532
0.554
0.517
0.517
0.519
0.515
0.519
0.493
0.466
0.544
0.438
0.434
0.471
0.619
0.549
0.564
0.528
0.491
0.443
0.539
0.623
0.523
0.598
0.504
0.501
0.567
0.699
0.651
0.621
0.534
0.506
0.551
0.581
0.583
0.560
0.560
0.511
0.550
0.539
0.594
0.703
0.803
0.654
0.672
0.789
0.653
0.742
0.644
0.687
0.673
0.599
0.607
0.628
0.646
0.655
0.644
0.747
0.681
0.719
0.654
0.643
0.688
0.698
0.728
0.706
0.720
0.642
0.645
0.613
0.645
0.662
0.709
0.678
0.715
0.752
0.699
0.589
0.636
0.657
0.690
0.654
0.613
0.593
0.587
0.606
0.704
0.817
0.820
0.820
0.658
0.729
0.783
0.926
0.687
0.726
0.763
0.697
0.626
0.616
0.631
0.727
0.736
0.741
0.639
0.758
0.842
0.703
0.816
0.718
0.679
0.760
0.861
0.810
0.645
0.693
0.804
0.900
0.844
0.781
0.680
0.617
0.590
0.627
0.717
0.730
0.707
0.826
0.758
0.869
0.760
0.920
0.771
0.854
0.938
0.872
0.789
0.902
0.830
0.801
0.983
0.827
0.654
0.646
0.590
0.832
0.745
0.747
0.846
0.814
0.702
0.656
0.691
0.851
0.806
0.913
0.777
0.859
0.826
0.732
0.779
0.777
0.910
0.868
0.878
0.911
0.792
0.768
0.726
0.826
0.871
0.936
0.872
0.870
0.902
0.917
0.959
0.811
0.893
0.905
0.776
0.657
0.643
0.689
0.639
0.639
0.590
0.513
0.445
0.462
0.493
0.541
0.654
0.645
0.544
0.554
0.504
0.589
0.496
0.637
0.642
0.599
0.574
0.526
0.543
0.597
0.669
0.571
0.528
0.530
0.619
0.573
0.515
0.537
0.574
0.614
0.666
0.667
0.565
0.616
0.529
0.498
0.541
0.539
0.597
0.609
0.654
0.634
0.654
0.759
0.730
0.613
0.617
0.762
0.606
0.572
0.780
0.868
0.824
0.624
0.563
0.575
0.597
0.596
0.571
0.573
0.630
0.612
0.597
0.581
0.590
0.674
0.857
0.825
0.824
0.767
0.676
0.776
0.910
0.789
0.787
0.876
0.769
0.838
0.804
0.650
0.678
0.660
0.689
0.557
0.481
0.538
0.680
0.706
0.720
0.797
0.677
0.641
0.697
0.611
0.585
0.561
0.570
0.667
0.607
0.536
0.519
0.498
0.533
0.583
0.706
0.664
0.709
0.884
0.719
0.896
0.754
0.911
0.728
0.891
0.876
0.819
0.964
0.707
0.667
0.663
0.759
0.724
0.753
0.728
0.775
0.861
0.841
0.813
0.904
0.942
0.709
0.784
0.837
0.913
0.886
0.919
0.835
0.736
0.739
0.860
0.800
0.828
0.953
0.899
0.796
0.810
0.868
0.964
0.934
0.695
0.765
0.707
0.829
0.735
0.737
0.829
0.967
0.764
0.722
0.826
0.824
0.718
0.816
0.887
0.953
0.921
-99.000
0.971
0.880
0.842
0.790
0.829
0.809
0.755
0.732
0.783
0.790
0.740
0.687
0.604
0.566
0.638
0.688
0.603
0.649
0.649
0.588
0.550
0.562
0.668
0.634
0.581
0.592
0.608
0.571
0.592
0.553
0.533
0.546
0.584
0.624
0.677
0.639
0.575
0.520
0.468
0.491
0.451
0.517
0.557
0.513
0.494
0.556
0.525
0.529
0.526
0.523
0.553
0.591
0.508
0.511
0.452
0.425
0.398
0.438
0.459
0.543
0.572
0.537
0.536
0.549
0.579
0.663
0.579
0.494
0.421
0.487
0.484
0.490
0.532
0.655
0.604
0.685
0.566
0.595
0.593
0.661
0.606
0.611
0.594
0.573
0.634
0.635
0.611
0.557
0.501
0.533
0.568
0.645
0.688
0.685
0.814
0.696
0.599
0.585
0.535
0.561
0.558
0.459
0.486
0.530
0.672
0.691
0.666
0.575
0.553
0.646
0.650
0.680
0.655
0.612
0.680
0.762
0.889
0.803
0.916
0.763
0.897
0.717
0.704
0.873
0.845
0.800
0.848
0.817
0.711
0.861
0.745
0.858
0.865
0.963
0.827
0.959
0.951
0.750
0.827
0.787
0.961
0.846
0.860
0.812
0.829
0.882
0.752
0.891
0.720
0.888
0.790
0.766
0.753
0.810
0.761
0.807
0.766
0.861
0.724
0.697
0.694
0.806
0.848
0.790
0.847
0.911
0.746
0.856
0.867
0.810
0.794
0.830
0.819
0.902
0.925
0.944
0.961
0.823
0.967
0.866
0.914
0.894
0.802
0.852
0.805
0.745
0.693
0.620
0.696
0.747
0.728
0.706
0.592
0.591
0.582
0.543
0.611
0.652
0.664
0.688
0.621
0.539
0.520
0.527
0.540
0.547
0.629
-99.000
-99.000
-99.000
-99.000
-99.000
-99.000
-99.000
-99.000
0.676
0.594
0.514
0.536
0.765
0.814
0.847
0.748
0.645
0.562
0.539
0.472
0.469
0.488
0.497
0.484
0.520
0.513
0.641
0.596
0.562
0.695
0.823
0.739
0.591
0.584
0.572
0.542
0.483
0.467
0.549
0.549
0.509
0.511
0.510
0.457
0.526
0.610
0.666
0.733
0.652
0.638
0.634
0.885
0.682
0.628
0.609
0.679
0.587
0.531
0.508
0.534
0.515
0.433
0.452
0.523
0.531
0.498
0.453
0.470
0.462
0.494
0.632
0.865
0.662
0.700
0.748
0.857
0.725
0.675
0.597
0.589
0.643
0.603
0.621
0.569
0.574
0.675
0.688
0.744
0.741
0.719
0.741
0.773
0.726
0.716
0.785
0.701
0.663
0.834
0.789
0.768
0.822
0.857
0.744
0.788
0.784
0.702
0.693
0.728
0.639
0.521
0.489
0.522
0.611
0.685
0.661
0.639
0.699
0.674
0.696
0.803
0.713
0.749
0.787
0.863
0.782
0.744
0.800
0.751
0.851
0.779
0.851
0.910
0.856
0.860
0.896
0.848
0.944
0.794
0.726
0.717
0.630
0.757
0.757
0.807
0.679
0.718
0.752
0.835
0.821
0.681
0.947
0.897
0.838
0.762
0.735
0.703
0.676
0.678
0.684
0.663
0.713
0.696
0.813
0.842
0.982
0.871
0.757
0.621
0.648
0.565
0.640
0.651
0.705
0.690
0.669
0.645
0.711
0.700
0.695
0.649
0.709
0.716
0.691
0.627
0.621
0.553
0.561
0.644
0.716
0.691
0.653
0.790
0.741
0.714
0.536
0.591
0.612
0.588
0.633
0.619
0.650
0.655
0.629
0.709
0.705
0.831
0.822
0.733
0.669
0.617
0.622
0.685
0.624
0.639
0.701
0.762
0.818
0.822
0.820
0.708
0.742
0.776
0.791
0.786
0.756
0.705
0.680
0.639
0.693
0.683
0.649
0.692
0.851
0.655
0.592
0.581
0.677
0.679
0.616
0.570
0.648
0.587
0.637
0.626
0.615
0.634
0.578
0.668
0.702
0.702
0.633
0.696
0.721
0.769
0.761
0.860
0.762
0.673
0.722
0.696
0.687
0.616
0.630
0.651
0.785
0.779
0.729
0.652
0.623
0.673
0.641
0.808
0.783
0.910
0.774
0.808
0.769
0.694
0.727
0.729
0.971
0.889
0.832
0.780
0.926
0.909
0.777
0.820
0.847
0.859
0.912
0.853
0.924
0.842
0.977
0.776
0.777
0.980
0.810
0.922
0.788
0.829
0.842
0.817
0.855
0.831
0.853
0.961
0.823
0.903
0.894
0.913
0.831
0.886
0.839
0.879
0.806
0.868
0.856
0.731
0.677
0.714
0.671
0.691
0.755
0.791
0.809
0.782
0.873
0.803
0.761
0.923
0.916
0.893
0.826
0.831
0.976
0.955
0.903
0.924
0.931
0.977
0.842
0.831
0.807
0.901
0.980
0.813
0.790
0.834
0.895
0.829
0.885
0.878
0.771
0.701
0.647
0.613
0.584
0.560
0.573
0.620
0.580
0.527
0.507
0.518
0.484
0.494
0.495
0.489
0.572
0.662
0.578
0.525
0.459
0.445
0.470
0.540
0.549
0.559
0.540
0.488
0.609
0.673
0.535
0.511
0.515
0.511
0.530
0.578
0.643
0.628
0.539
0.533
0.554
0.530
0.505
0.396
0.395
0.399
0.437
0.499
0.525
0.457
0.462
0.448
0.521
0.817
0.629
0.566
0.593
0.611
0.647
0.734
0.706
0.651
0.654
0.580
0.497
0.555
0.507
0.480
0.535
0.583
0.688
0.569
0.519
0.593
0.665
0.750
0.796
0.760
0.551
0.616
0.581
0.458
0.371
0.438
0.409
0.442
0.443
0.551
0.695
0.662
0.648
0.636
0.732
0.731
0.666
0.541
0.434
0.392
0.358
0.383
0.374
0.400
0.332
0.364
0.354
0.361
0.424
0.515
0.557
0.557
0.560
0.620
0.668
0.794
0.725
0.792
0.909
0.882
0.866
0.855
0.905
0.826
0.853
0.789
0.818
0.771
0.746
0.820
0.773
0.826
0.884
0.973
0.834
0.689
0.674
0.660
0.797
0.819
0.820
0.844
0.735
0.863
0.906
0.858
0.853
0.779
0.726
0.756
0.713
0.685
0.738
0.656
0.762
0.834
0.691
0.838
0.721
0.783
0.772
0.716
0.767
0.729
0.648
0.721
0.703
0.709
0.766
0.787
0.803
0.802
0.806
0.920
0.869
0.758
0.828
0.610
0.682
0.604
0.609
0.722
0.731
0.724
0.808
0.794
0.722
0.766
0.812
0.828
0.870
0.848
0.945
0.899
0.798
0.855
0.866
0.873
0.783
0.764
0.716
0.761
0.793
0.782
0.812
0.838
0.869
0.770
0.783
0.736
0.669
0.646
0.675
0.714
0.667
0.512
0.558
0.630
0.589
0.537
0.592
0.548
0.559
0.487
0.586
0.629
0.685
0.660
0.630
0.610
0.573
0.643
0.752
0.663
0.693
0.786
0.725
0.693
0.717
0.749
0.750
0.802
0.812
0.818
0.749
0.738
0.715
0.705
0.712
0.964
0.822
0.975
0.713
0.810
0.793
0.801
0.792
0.926
0.831
0.738
0.864
0.790
0.759
0.811
0.970
0.815
0.863
0.758
0.849
0.824
0.958
0.913
0.743
0.923
0.894
0.851
0.924
0.762
0.873
0.873
0.730
0.872
0.905
0.938
0.768
0.837
0.835
0.888
0.813
0.731
0.749
0.789
0.730
0.747
0.832
0.978
0.785
0.941
0.805
0.922
0.771
0.885
0.785
0.776
0.756
0.789
0.854
0.875
0.976
0.962
0.814
0.848
0.906
0.708
0.778
0.846
0.841
0.817
0.859
0.905
0.930
0.816
0.914
0.810
0.958
0.842
0.789
0.907
0.862
0.889
0.978
0.796
0.810
0.917
0.968
0.949
0.871
0.877
0.822
0.879
0.883
0.858
0.940
0.822
0.916
0.980
0.961
0.881
0.881
0.921
0.925
0.844
0.873
0.821
0.844
0.776
0.729
0.780
0.863
0.940
0.852
0.751
0.730
0.806
0.733
0.794
0.748
0.705
0.750
0.715
0.640
0.623
0.645
0.751
0.768
0.648
0.632
0.699
0.730
0.715
0.765
0.756
0.792
0.859
0.844
0.879
0.896
0.756
0.787
0.705
0.735
0.771
0.687
0.622
0.558
0.578
0.598
0.638
0.672
0.717
0.713
0.644
0.588
0.610
0.557
0.647
0.631
0.661
0.638
0.585
0.525
0.516
0.516
0.520
0.610
0.534
0.509
0.494
0.526
0.556
0.548
0.556
0.513
0.462
0.507
0.528
0.446
0.499
0.608
0.502
0.450
0.442
0.433
0.408
0.442
0.457
0.589
0.644
0.580
0.682
0.789
0.772
0.716
0.722
0.702
0.712
0.646
0.594
0.561
0.606
0.713
0.818
0.825
0.912
0.861
0.936
0.921
0.804
0.845
0.821
0.711
0.691
0.789
0.759
0.835
0.878
0.866
0.842
0.754
0.686
0.646
0.684
0.769
0.803
0.934
0.863
0.723
0.843
0.760
0.665
0.668
0.732
0.595
0.597
0.577
0.622
0.617
0.544
0.564
0.527
0.521
0.528
0.589
0.588
0.541
0.609
0.628
0.721
0.749
0.661
0.595
0.594
0.603
0.636
0.933
0.773
0.683
0.792
0.865
0.733
0.709
0.761
0.700
0.721
0.815
0.780
0.728
0.941
0.931
0.894
0.870
0.856
0.672
0.600
0.625
0.626
0.604
0.557
0.511
0.680
0.663
0.691
0.768
0.927
0.693
0.810
0.732
0.710
0.706
0.774
0.954
0.778
0.783
0.794
0.687
0.657
0.640
0.742
0.684
0.781
0.689
0.627
0.599
0.542
0.545
0.576
0.579
0.647
0.692
0.663
0.834
0.689
0.805
0.792
0.700
0.637
0.566
0.632
0.685
0.666
0.598
0.615
0.838
0.757
0.597
0.556
0.693
0.652
0.558
0.578
0.661
0.578
0.512
0.513
0.437
0.541
0.594
0.684
0.642
0.643
0.684
0.737
0.810
0.748
0.670
0.625
0.641
0.624
0.594
0.632
0.646
0.651
0.675
0.665
0.708
0.647
0.565
0.684
0.602
0.676
0.770
0.590
0.665
0.665
0.723
0.708
0.658
0.658
0.687
0.673
0.656
0.652
0.760
0.712
0.654
0.662
0.860
0.773
0.788
0.714
0.739
0.697
0.783
0.852
0.862
0.858
0.840
0.763
0.735
0.722
0.891
0.842
0.736
0.742
0.653
0.632
0.651
0.656
0.671
0.725
0.716
0.817
0.789
0.767
0.700
0.855
0.697
0.911
0.868
0.735
0.650
0.674
0.692
0.934
0.866
0.815
0.668
0.678
0.703
0.841
0.837
0.772
0.964
0.806
0.739
0.691
0.936
0.704
0.733
0.671
0.726
0.846
0.796
0.920
0.833
0.746
0.872
0.919
0.785
0.844
0.838
0.799
0.899
0.893
0.780
0.909
0.878
0.886
0.897
0.960
0.939
0.902
0.790
0.833
0.721
0.780
0.883
0.875
0.853
0.753
0.691
0.760
0.785
0.725
0.713
0.788
0.779
0.742
0.723
0.683
0.856
0.905
0.952
0.848
0.963
0.915
0.804
0.665
0.657
0.746
0.767
0.689
0.659
0.645
0.599
0.525
0.587
0.621
0.569
0.496
0.492
0.503
0.505
0.537
0.679
0.855
0.877
0.691
0.630
0.615
0.595
0.558
0.687
0.705
0.649
0.688
0.715
0.715
0.781
0.743
0.719
0.596
0.550
0.586
0.666
0.628
0.576
0.507
0.496
0.519
0.538
0.574
0.564
0.571
0.568
0.564
0.556
0.640
0.555
0.547
0.524
0.536
0.554
0.508
0.560
0.618
0.702
0.722
0.775
0.717
0.637
0.624
0.659
0.719
0.751
0.665
0.715
0.633
0.608
0.507
0.669
0.752
0.662
0.611
0.769
0.637
0.723
0.552
0.523
0.570
0.574
0.555
0.587
0.647
0.670
0.566
0.510
0.498
0.521
0.519
0.529
0.517
0.486
0.563
0.573
0.644
0.537
0.569
0.577
0.543
0.540
0.546
0.574
0.602
0.602
0.586
0.758
0.879
0.757
0.658
0.590
0.773
0.821
0.793
0.844
0.821
0.850
0.717
0.673
0.585
0.469
0.496
0.548
0.620
0.601
0.654
0.698
0.791
0.890
0.766
0.757
0.772
0.771
0.746
0.870
0.863
0.948
0.740
0.864
0.820
0.911
0.945
0.894
0.958
0.830
0.737
0.868
0.850
0.829
0.931
0.692
0.663
0.716
0.746
0.703
0.748
0.695
0.699
0.700
0.685
0.639
0.665
0.665
0.720
0.685
0.741
0.698
0.753
0.752
0.726
0.760
0.711
0.619
0.674
0.589
0.589
0.618
0.687
0.631
0.582
0.625
0.601
0.660
0.630
0.780
0.770
0.785
0.826
0.773
0.626
0.649
0.657
0.638
0.496
0.575
0.725
0.640
0.589
0.607
0.655
0.588
0.560
0.594
0.567
0.624
0.582
0.579
0.678
0.732
0.738
0.646
0.606
0.639
0.682
0.642
0.634
0.699
0.720
0.597
0.623
0.683
0.718
0.592
0.598
0.611
0.591
0.655
0.634
0.641
0.664
0.609
0.572
0.622
0.529
0.439
0.526
0.583
0.660
0.544
0.592
0.658
0.632
0.629
0.649
0.555
0.562
0.653
0.618
0.697
0.723
0.599
0.616
0.581
0.570
0.600
0.476
0.456
0.418
0.528
0.688
0.783
0.694
0.692
0.679
0.614
0.557
0.666
0.722
0.588
0.557
0.578
0.634
0.658
0.739
0.620
0.637
0.659
0.684
0.642
0.569
0.572
0.556
0.524
0.599
0.710
0.770
0.841
0.915
0.776
0.701
0.697
0.704
0.796
0.694
0.622
0.646
0.772
0.802
0.857
0.736
0.672
0.872
0.677
0.875
0.948
0.726
0.917
0.837
0.784
0.766
0.790
0.904
0.775
0.971
0.839
0.724
0.817
0.801
0.781
0.930
0.736
0.918
0.788
0.927
0.773
0.851
0.829
0.923
0.897
0.819
0.845
0.850
0.836
0.824
0.847
0.724
0.720
0.760
0.728
0.679
0.666
0.626
0.618
0.707
0.673
0.675
0.671
0.804
0.901
0.723
0.762
0.764
0.814
0.906
0.881
0.908
0.826
0.880
0.931
0.901
0.945
0.945
0.860
0.902
0.956
0.905
0.820
0.671
0.637
0.631
0.587
0.575
0.591
0.599
0.587
0.593
0.550
0.490
0.511
0.524
0.538
0.535
0.591
0.652
0.647
0.605
0.642
0.884
0.860
0.696
0.612
0.630
0.683
0.639
0.651
0.573
0.589
0.700
0.735
0.691
0.538
0.630
0.635
0.562
0.573
0.620
0.687
0.626
0.571
0.480
0.455
0.394
0.381
0.377
0.394
0.386
0.339
0.393
0.465
0.482
0.489
0.561
0.518
0.587
0.619
0.787
0.733
0.721
0.625
0.663
0.629
0.622
0.652
0.680
0.595
0.502
0.509
0.528
0.527
0.469
0.503
0.558
0.507
0.499
0.552
0.501
0.471
0.547
0.816
0.842
0.691
0.815
0.703
0.746
0.577
0.823
0.894
0.882
0.710
0.754
0.611
0.629
0.588
0.537
0.498
0.487
0.409
0.418
0.487
0.489
0.461
0.540
0.740
0.892
0.659
0.639
0.682
0.742
0.731
0.555
0.594
0.585
0.598
0.642
0.698
0.618
0.706
0.752
0.860
0.822
0.819
0.738
0.680
0.824
0.936
0.742
0.702
0.836
0.815
0.756
0.667
0.539
0.577
0.659
0.737
0.740
0.783
0.801
0.854
0.859
0.768
0.690
0.665
0.698
0.657
0.635
0.746
0.837
0.715
0.809
0.664
0.687
0.764
0.743
0.794
0.890
0.813
0.850
0.968
0.889
0.833
0.815
0.729
0.693
0.658
0.647
0.767
0.716
0.755
0.805
0.807
0.713
0.673
0.771
0.763
0.623
0.624
0.601
0.573
0.598
0.622
0.792
0.707
0.691
0.756
0.745
0.800
0.701
0.672
0.673
0.634
0.777
0.806
0.652
0.625
0.675
0.684
0.651
0.752
0.669
0.649
0.625
0.715
0.756
0.694
0.686
0.702
0.594
0.638
0.599
0.567
0.599
0.609
0.599
0.557
0.631
0.615
0.622
0.550
0.493
0.520
0.496
0.522
0.543
0.558
0.605
0.659
0.632
0.659
0.786
0.683
0.642
0.584
0.530
0.613
0.644
0.574
0.607
0.650
0.611
0.529
0.563
0.454
0.414
0.397
0.470
0.626
0.613
0.619
0.604
0.637
0.621
0.532
0.499
0.485
0.506
0.570
0.505
0.598
0.600
0.527
0.462
0.419
0.600
0.604
0.663
0.627
0.548
0.534
0.473
0.437
0.391
0.409
0.566
0.678
0.900
0.652
0.739
0.732
0.717
0.714
0.781
0.760
0.835
0.747
0.791
0.803
0.711
0.661
0.808
0.824
0.795
0.718
0.623
0.642
0.879
0.939
0.692
0.685
0.675
0.681
0.768
0.741
0.727
0.884
0.680
0.665
0.768
0.693
0.567
0.491
0.507
0.599
0.646
0.745
0.862
0.804
0.740
0.709
0.803
0.687
0.683
0.700
0.736
0.857
0.790
0.749
0.737
0.832
0.857
0.926
0.955
0.713
0.884
0.940
0.727
0.698
0.759
0.766
0.672
0.657
0.695
0.908
0.774
0.897
0.769
0.746
0.742
0.686
0.652
0.569
0.614
0.764
0.778
0.867
0.853
0.668
0.578
0.547
0.532
0.543
0.538
0.532
0.513
0.555
0.611
0.759
0.823
0.836
0.701
0.793
0.650
0.623
0.559
0.577
0.680
0.693
0.571
0.584
0.650
0.557
0.558
0.545
0.597
0.650
0.647
0.709
0.739
0.748
0.564
0.459
0.431
0.441
0.481
0.492
0.633
0.627
0.531
0.472
0.437
0.404
0.445
0.516
0.494
0.484
0.644
0.697
0.646
0.441
0.369
0.484
0.574
0.595
0.813
0.623
0.555
0.523
0.548
0.615
0.591
0.555
0.540
0.762
0.828
0.673
0.619
0.526
0.465
0.418
0.367
0.372
0.367
0.429
0.522
0.461
0.434
0.452
0.484
0.521
0.504
0.434
0.460
0.493
0.417
0.411
0.458
0.484
0.533
0.514
0.474
0.457
0.420
0.390
0.478
0.567
0.645
0.625
0.560
0.481
0.403
0.390
0.541
0.784
0.659
0.448
0.460
0.564
0.653
0.657
0.497
0.466
0.564
0.630
0.708
0.642
0.619
0.626
0.603
0.594
0.528
0.474
0.425
0.536
0.610
0.614
0.605
0.692
0.759
0.727
0.805
0.758
0.877
0.775
0.748
0.711
0.662
0.658
0.772
0.917
0.760
0.709
0.867
0.716
0.779
0.676
0.677
0.783
0.790
0.739
0.887
0.689
0.620
0.523
0.591
0.691
0.737
0.713
0.841
0.786
0.801
0.878
0.862
0.833
0.826
0.771
0.757
0.824
0.783
0.827
0.784
0.855
0.926
0.821
0.694
0.649
0.677
0.704
0.713
0.681
0.598
0.663
0.754
0.720
0.671
0.649
0.621
0.636
0.595
0.475
0.509
0.512
0.571
0.690
0.705
0.545
0.500
0.450
0.475
0.602
0.622
0.637
0.653
0.594
0.533
0.550
0.531
0.534
0.429
0.467
0.585
0.607
0.602
0.525
0.491
0.603
0.677
0.664
0.777
0.750
0.660
0.645
0.581
0.530
0.516
0.453
0.612
0.584
0.456
0.463
0.468
0.630
0.603
0.624
0.609
0.644
0.715
0.576
0.533
0.517
0.477
0.436
0.412
0.600
0.616
0.630
0.610
0.557
0.563
0.615
0.765
0.725
0.764
0.673
0.580
0.559
0.514
0.495
0.491
0.462
0.396
0.490
0.576
0.587
0.628
0.639
0.681
0.619
0.565
0.557
0.593
0.674
0.575
0.599
0.611
0.643
0.563
0.538
0.536
0.644
0.767
0.856
0.814
0.721
0.702
0.673
0.704
0.759
0.931
0.737
0.950
0.908
0.795
0.692
0.703
0.734
0.660
0.733
0.744
0.762
0.615
0.679
0.826
0.813
0.782
0.842
0.895
0.743
0.744
0.651
0.629
0.611
0.645
0.662
0.712
0.787
0.665
0.654
0.715
0.854
0.767
0.768
0.728
0.670
0.707
0.798
0.715
0.664
0.678
0.707
0.698
0.729
0.728
0.802
0.920
0.840
0.812
0.724
0.806
0.942
0.816
0.859
0.801
0.789
0.891
0.936
0.984
0.783
0.806
0.819
0.866
0.902
0.947
0.927
0.866
0.930
0.837
0.872
0.888
0.957
0.951
0.795
0.878
0.858
0.770
0.714
0.709
0.837
0.797
0.816
0.885
0.757
0.691
0.865
0.927
0.748
0.671
0.596
0.621
0.633
0.574
0.574
0.541
0.565
0.614
0.574
0.673
0.749
0.634
0.610
0.612
0.601
0.591
0.647
0.700
0.859
0.877
0.958
0.768
0.683
0.593
0.528
0.585
0.688
0.719
0.778
0.731
0.641
0.552
0.607
0.603
0.562
0.524
0.493
0.565
0.770
0.780
0.669
0.617
0.674
0.625
0.579
0.677
0.645
0.591
0.621
0.626
0.638
0.668
0.548
0.613
0.691
0.597
0.576
0.515
0.456
0.525
0.568
0.598
0.602
0.498
0.448
0.459
0.677
0.694
0.606
0.633
0.609
0.684
0.730
0.652
0.613
0.598
0.654
0.579
0.500
0.485
0.565
0.637
0.634
0.541
0.663
0.520
0.441
0.626
0.728
0.682
0.657
0.746
0.823
0.729
0.729
0.696
0.822
0.778
0.853
0.879
0.687
0.682
0.654
0.659
0.629
0.636
0.692
0.750
0.811
0.930
0.762
0.738
0.754
0.870
0.757
0.947
0.705
0.850
0.889
0.908
0.730
0.883
0.735
0.730
0.723
0.737
0.710
0.756
0.848
0.953
0.835
0.709
0.841
0.796
0.887
0.728
0.865
0.918
0.954
0.734
0.890
0.778
0.860
0.699
0.957
0.846
0.935
0.797
0.706
0.725
0.765
0.813
0.838
0.925
0.789
0.708
0.827
0.972
0.766
0.759
0.847
0.827
0.785
0.710
0.606
0.635
0.598
0.613
0.679
0.677
0.607
0.594
0.566
0.645
0.601
0.613
0.729
0.671
0.705
0.579
0.630
0.639
0.570
0.660
0.720
0.738
0.668
0.600
0.633
0.757
0.658
0.697
0.742
0.734
0.830
0.752
0.707
0.757
0.678
0.644
0.579
0.570
0.654
0.671
0.661
0.587
0.607
0.663
0.614
0.643
0.568
0.533
0.573
0.597
0.658
0.642
0.644
0.641
0.583
0.626
0.638
0.635
0.552
0.530
0.531
0.492
0.464
0.412
0.419
0.433
0.558
0.600
0.644
0.705
0.710
0.621
0.587
0.641
0.592
0.612
0.663
0.669
0.630
0.582
0.537
0.563
0.547
0.630
0.676
0.625
0.753
0.747
0.632
0.624
0.714
0.716
0.674
0.641
0.628
0.718
0.747
0.670
0.624
0.610
0.601
0.706
0.758
0.912
0.635
0.807
0.802
0.760
0.801
0.723
0.680
0.585
0.617
0.731
0.854
0.618
0.612
0.643
0.721
0.874
0.723
0.766
0.694
0.805
0.708
0.650
0.644
0.591
0.622
0.669
0.669
0.665
0.642
0.585
0.614
0.688
0.765
0.922
0.888
0.743
0.784
0.747
0.766
0.772
0.747
0.799
0.743
0.767
0.744
0.683
0.704
0.932
0.793
0.886
0.800
0.735
0.759
0.844
0.772
0.713
0.726
0.952
0.953
0.871
0.816
0.833
0.874
0.828
0.797
0.831
0.973
0.812
0.801
0.754
0.954
0.787
0.862
0.898
0.876
0.977
0.915
0.861
0.824
0.757
0.850
0.910
0.871
0.749
0.686
0.670
0.704
0.747
0.934
0.880
0.880
0.815
0.817
0.870
0.794
0.785
0.865
0.681
0.644
0.629
0.544
0.535
0.608
0.636
0.523
0.565
0.557
0.628
0.467
0.499
0.491
0.723
0.881
0.812
0.661
0.634
0.681
0.802
0.693
0.613
0.562
0.591
0.642
0.713
0.654
0.576
0.559
0.606
0.573
0.554
0.575
0.596
0.495
0.449
0.466
0.553
0.569
0.570
0.574
0.691
0.620
0.640
0.630
0.584
0.583
0.740
0.549
0.504
0.493
0.442
0.455
0.546
0.417
0.538
0.626
0.628
0.631
0.680
0.628
0.688
0.672
0.681
0.609
0.722
0.864
0.787
0.856
0.846
0.694
0.603
0.681
0.863
0.825
0.716
0.589
0.563
0.584
0.601
0.615
0.650
0.689
0.743
0.702
0.707
0.708
0.666
0.689
0.692
0.720
0.795
0.908
0.760
0.619
0.628
0.727
0.819
0.792
0.932
0.887
0.887
0.859
0.737
0.779
0.833
0.875
0.771
0.699
0.643
0.627
0.600
0.653
0.899
0.859
0.655
0.628
0.718
0.773
0.921
0.759
0.812
0.708
0.660
0.736
0.818
0.728
0.969
0.755
0.948
0.788
0.879
0.714
0.793
0.753
0.704
0.681
0.770
0.787
0.791
0.915
0.705
0.967
0.740
0.731
0.827
0.762
0.717
0.855
0.902
0.703
0.828
0.856
0.804
0.823
0.910
0.877
0.814
0.811
0.842
0.760
0.841
0.761
0.678
0.669
0.791
0.715
0.961
0.762
0.855
0.652
0.702
0.692
0.771
0.655
0.647
0.674
0.719
0.670
0.681
0.591
0.636
0.749
0.619
0.610
0.553
0.533
0.629
0.627
0.587
0.597
0.705
0.646
0.619
0.652
0.696
0.613
0.714
0.762
0.624
0.639
0.648
0.544
0.492
0.487
0.495
0.518
0.493
0.530
0.599
0.672
0.659
0.618
0.594
0.634
0.571
0.557
0.575
0.650
0.723
0.630
0.636
0.647
0.631
0.662
0.582
0.587
0.608
0.630
0.711
0.723
0.640
0.697
0.799
0.669
0.640
0.577
0.620
0.657
0.590
0.593
0.693
0.757
0.760
0.551
0.628
0.709
0.646
0.621
0.574
0.547
0.603
0.642
0.680
0.631
0.638
0.730
0.607
0.610
0.609
0.683
0.696
0.660
0.584
0.510
0.633
0.610
0.629
0.586
0.584
0.662
0.634
0.619
0.689
0.701
0.916
0.772
0.980
0.968
0.797
0.843
0.749
0.823
0.812
0.718
0.696
0.760
0.750
0.713
0.825
0.811
0.858
0.961
0.720
0.790
0.970
0.840
0.796
0.748
0.804
0.871
0.931
0.954
0.925
0.861
0.935
0.827
0.886
0.811
0.846
0.869
0.752
0.701
0.673
0.724
0.769
0.740
0.821
0.945
0.951
0.912
0.806
0.954
0.895
0.758
0.933
0.912
0.902
0.825
0.803
0.841
0.808
0.823
0.832
0.877
0.966
0.902
0.833
0.927
0.860
0.968
0.881
0.918
0.775
0.710
0.737
0.755
0.824
0.800
0.746
0.720
0.670
0.672
0.683
0.701
0.700
0.686
0.656
0.682
0.670
0.616
0.592
0.614
0.628
0.654
0.719
0.865
0.762
0.866
0.857
0.854
0.894
0.741
0.624
0.629
0.616
0.540
0.542
0.508
0.490
0.520
0.538
0.505
0.532
0.511
0.654
0.516
0.520
0.559
0.531
0.635
0.626
0.551
0.539
0.603
0.640
0.631
0.623
0.513
0.426
0.412
0.441
0.420
0.424
0.466
0.526
0.732
0.594
0.638
0.548
0.707
0.669
0.640
0.569
0.542
0.669
0.495
0.405
0.367
0.408
0.377
0.341
0.331
0.374
0.410
0.410
0.544
0.710
0.652
0.719
0.670
0.755
0.745
0.658
0.673
0.675
0.563
0.538
0.509
0.471
0.550
0.583
0.606
0.812
0.772
0.750
0.891
0.716
0.599
0.595
0.669
0.631
0.594
0.825
0.862
0.914
0.870
0.808
0.656
0.586
0.791
0.881
0.799
0.709
0.641
0.655
0.818
0.819
0.670
0.598
0.617
0.702
0.851
0.908
0.898
0.844
0.719
0.710
0.921
0.926
0.795
0.814
0.964
0.928
0.966
0.791
0.845
0.865
0.813
0.813
0.681
0.728
0.700
0.884
0.906
0.776
0.887
0.853
0.812
0.709
0.757
0.797
0.871
0.744
0.746
0.696
0.682
0.693
0.687
0.836
0.776
0.920
0.771
0.770
0.776
0.847
0.762
0.767
0.729
0.761
0.903
0.865
0.831
0.720
0.877
0.685
0.812
0.699
0.820
0.781
0.771
0.861
0.964
0.756
0.829
0.911
0.755
0.694
0.700
0.798
0.823
0.783
0.756
0.813
0.780
0.731
0.653
0.708
0.688
0.661
0.750
0.704
0.626
0.614
0.677
0.695
0.657
0.656
0.670
0.661
0.692
0.743
0.780
0.730
0.638
0.610
0.612
0.657
0.667
0.681
0.631
0.696
0.763
0.705
0.722
0.817
0.670
0.677
0.689
0.762
0.813
0.805
0.826
0.838
0.849
0.783
0.705
0.766
0.794
0.847
0.800
0.787
0.791
0.793
0.661
0.646
0.690
0.779
0.928
0.775
0.747
0.759
0.766
0.836
0.917
0.842
0.777
0.829
0.724
0.709
0.776
0.753
0.863
0.842
0.746
0.822
0.856
0.731
0.684
0.619
0.559
0.542
0.484
0.482
0.621
0.722
0.809
0.765
0.705
0.734
0.934
0.791
0.751
0.726
0.780
0.848
0.694
0.675
0.785
0.756
0.748
0.791
0.774
0.784
0.760
0.787
0.735
0.788
0.787
0.859
0.740
0.748
0.699
0.864
0.793
0.908
0.737
0.968
0.839
0.731
0.901
0.970
0.864
0.815
0.868
0.844
0.852
0.822
0.909
0.730
0.818
0.862
0.813
0.861
0.842
0.783
0.801
0.717
0.724
0.839
0.730
0.788
0.937
0.926
0.735
0.711
0.705
0.808
0.770
0.677
0.676
0.874
0.838
0.802
0.872
0.790
0.907
0.844
0.848
0.839
0.821
0.915
0.804
0.750
0.848
0.919
0.800
0.711
0.728
0.812
0.813
0.756
0.867
0.904
0.895
0.874
0.871
0.791
0.669
0.812
0.944
0.887
0.842
0.889
0.802
0.747
0.738
0.748
0.843
0.867
0.834
0.769
0.741
0.794
0.770
0.747
0.741
0.634
0.766
0.714
0.695
0.635
0.717
0.677
0.754
0.603
0.551
0.555
0.702
0.780
0.640
0.591
0.637
0.878
0.857
0.647
0.643
0.780
0.888
0.914
0.940
0.731
0.849
0.789
0.656
0.624
0.563
0.595
0.667
0.605
0.538
0.554
0.646
0.627
0.647
0.760
0.710
0.782
0.851
0.741
0.821
0.778
0.700
0.643
0.623
0.593
0.605
0.721
0.873
0.783
0.717
0.721
0.742
0.862
0.796
0.677
0.628
0.594
0.674
0.696
0.821
0.737
0.853
0.734
0.836
0.786
0.744
0.643
0.800
0.848
0.786
0.939
0.918
0.934
0.973
0.905
0.903
0.792
0.744
0.642
0.674
0.751
0.731
0.651
0.614
0.639
0.676
0.577
0.601
0.631
0.658
0.624
0.703
0.698
0.861
0.698
0.634
0.825
0.758
0.635
0.723
0.785
0.895
0.826
0.788
0.745
0.664
0.689
0.701
0.786
0.734
0.859
0.770
0.669
0.817
0.828
0.815
0.837
0.738
0.702
0.775
0.662
0.724
0.846
0.708
0.935
0.783
0.799
0.658
0.872
0.861
0.770
0.723
0.911
0.751
0.867
0.783
0.843
0.938
0.874
0.885
0.795
0.795
0.814
0.814
0.720
0.869
0.736
0.766
0.705
0.769
0.788
0.877
0.846
0.882
0.859
0.765
0.874
0.741
0.651
0.665
0.560
0.554
0.596
0.707
0.802
0.738
0.784
0.763
0.740
0.809
0.852
0.679
0.663
0.707
0.632
0.729
0.855
0.760
0.713
0.723
0.845
0.744
0.781
0.741
0.705
0.715
0.643
0.623
0.666
0.966
0.733
0.730
0.857
0.680
0.714
0.836
0.633
0.643
0.542
0.566
0.549
0.567
0.590
0.591
0.589
0.649
0.728
0.868
0.689
0.784
0.681
0.629
0.616
0.705
0.646
0.664
0.698
0.658
0.646
0.622
0.689
0.717
0.690
0.645
0.621
0.570
0.617
0.814
0.643
0.635
0.738
0.716
0.684
0.783
0.724
0.728
0.700
0.783
0.821
0.854
0.765
0.711
0.897
0.799
0.862
0.800
0.810
0.822
0.694
0.726
0.837
0.780
0.736
0.723
0.678
0.728
0.645
0.644
0.693
0.702
0.651
0.659
0.642
0.725
0.692
0.589
0.617
0.792
0.703
0.752
0.747
0.749
0.728
0.726
0.666
0.678
0.884
0.827
0.768
0.921
0.775
0.921
0.921
0.773
0.927
0.977
0.870
0.953
0.953
0.739
0.828
0.911
0.887
0.882
0.804
0.784
0.751
0.732
0.746
0.708
0.749
0.947
0.702
0.810
0.861
0.831
0.807
0.818
0.774
0.660
0.626
0.701
0.880
0.869
0.868
0.702
0.793
0.744
0.914
0.975
0.962
0.855
0.869
0.795
0.822
0.841
0.787
0.686
0.690
0.782
0.745
0.783
0.867
0.872
0.766
0.745
0.906
0.844
0.808
0.814
0.810
0.730
0.702
0.772
0.788
0.735
0.797
0.749
0.826
0.828
0.786
0.726
0.697
0.679
0.624
0.623
0.620
0.592
0.590
0.572
0.523
0.531
0.578
0.595
0.686
0.649
0.655
0.870
0.796
0.650
0.612
0.585
0.615
0.632
0.715
0.872
0.782
0.870
0.838
0.695
0.725
0.679
0.764
0.779
0.791
0.641
0.626
0.619
0.621
0.628
0.605
0.740
0.655
0.722
0.811
0.704
0.668
0.728
0.706
0.641
0.797
0.739
0.699
0.717
0.758
0.687
0.786
0.823
0.792
0.687
0.638
0.561
0.581
0.882
0.651
0.528
0.520
0.530
0.519
0.520
0.512
0.520
0.533
0.557
0.508
0.472
0.495
0.477
0.384
0.321
0.318
0.340
0.345
0.378
0.441
0.485
0.521
0.596
0.548
0.579
0.552
0.620
0.637
0.856
0.664
0.597
0.672
0.687
0.534
0.575
0.687
0.832
0.799
0.705
0.707
0.693
0.592
0.481
0.483
0.497
0.593
0.613
0.635
0.806
0.753
0.692
0.605
0.600
0.571
0.601
0.561
0.586
0.699
0.796
0.947
0.760
0.785
0.758
0.782
0.901
0.901
0.876
0.847
0.772
0.703
0.640
0.650
0.612
0.615
0.587
0.609
0.665
0.770
0.641
0.690
0.715
0.744
0.698
0.739
0.734
0.655
0.650
0.601
0.602
0.594
0.543
0.599
0.678
0.764
0.777
0.935
0.860
0.863
0.756
0.841
0.748
0.755
0.782
0.872
0.728
0.916
0.745
0.805
0.793
0.751
0.764
0.705
0.740
0.763
0.870
0.734
0.654
0.693
0.567
0.622
0.625
0.638
0.679
0.667
0.694
0.719
0.701
0.703
0.797
0.717
0.740
0.636
0.608
0.547
0.481
0.474
0.507
0.518
0.516
0.568
0.568
0.635
0.532
0.518
0.502
0.509
0.500
0.522
0.652
0.579
0.566
0.513
0.419
0.441
0.463
0.505
0.465
0.545
0.660
0.672
0.697
0.591
0.598
0.629
0.637
0.619
0.498
0.555
0.481
0.471
0.468
0.408
0.429
0.452
0.507
0.574
0.638
0.605
0.547
0.554
0.541
0.648
0.618
0.537
0.494
0.582
0.601
0.632
0.657
0.612
0.535
0.457
0.555
0.580
0.581
0.629
0.720
0.656
0.705
0.765
0.825
0.851
0.725
0.709
0.731
0.632
0.627
0.584
0.547
0.498
0.546
0.537
0.669
0.852
0.763
0.798
0.827
0.868
0.881
0.914
0.704
0.721
0.747
0.685
0.651
0.707
0.816
0.711
0.784
0.709
0.657
0.690
0.839
0.808
0.724
0.818
0.775
0.969
0.827
0.746
0.864
0.854
0.720
0.721
0.753
0.752
0.678
0.637
0.587
0.580
0.602
0.658
0.761
0.743
0.601
0.627
0.672
0.683
0.645
0.687
0.767
0.796
0.794
0.814
0.847
0.693
0.750
0.906
0.920
0.978
0.745
0.861
0.880
0.969
0.754
0.867
0.741
0.784
0.787
0.877
0.902
0.774
0.679
0.802
0.903
0.859
0.793
0.666
0.576
0.600
0.629
0.676
0.622
0.593
0.550
0.529
0.524
0.517
0.638
0.757
0.602
0.597
0.560
0.658
0.563
0.530
0.540
0.503
0.478
0.440
0.432
0.402
0.517
0.503
0.604
0.547
0.410
0.394
0.447
0.438
0.446
0.605
0.621
0.680
0.612
0.621
0.526
0.549
0.515
0.527
0.514
0.609
0.588
0.496
0.481
0.478
0.477
0.418
0.462
0.582
0.534
0.485
0.495
0.620
0.534
0.550
0.540
0.557
0.452
0.516
0.895
0.854
0.664
0.832
0.883
0.845
0.649
0.641
0.751
0.727
0.858
0.659
0.493
0.517
0.529
0.491
0.527
0.563
0.540
0.539
0.595
0.549
0.478
0.549
0.636
0.582
0.559
0.509
0.390
0.472
0.469
0.577
0.650
0.697
0.748
0.617
0.518
0.414
0.356
0.433
0.686
0.606
0.506
0.508
0.584
0.736
0.621
0.740
0.758
0.698
0.640
0.811
0.618
0.881
0.873
0.762
0.596
0.513
0.682
0.874
0.825
0.732
0.748
0.801
0.678
0.691
0.852
0.692
0.926
0.776
0.845
0.849
0.823
0.801
0.831
0.888
0.845
0.802
0.728
0.747
0.776
0.884
0.835
0.846
0.749
0.663
0.819
0.749
0.852
0.879
0.745
0.768
0.890
0.767
0.971
0.748
0.776
0.849
0.732
0.712
0.735
0.752
0.732
0.726
0.655
0.681
0.780
0.738
0.739
0.698
0.803
0.810
0.886
0.866
0.866
0.974
0.921
0.880
0.772
0.808
0.769
0.750
0.721
0.697
0.697
0.675
0.582
0.573
0.641
0.638
0.654
0.725
0.683
0.699
0.642
0.722
0.679
0.632
0.723
0.660
0.721
0.711
0.675
0.660
0.673
0.629
0.533
0.511
0.553
0.569
0.697
0.727
0.750
0.716
0.757
0.705
0.713
0.646
0.681
0.665
0.575
0.593
0.642
0.727
0.752
0.710
0.630
0.694
0.709
0.759
0.745
0.802
0.723
0.730
0.746
0.726
0.653
0.648
0.609
0.603
0.589
0.567
0.623
0.762
0.780
0.664
0.625
0.802
0.779
0.689
0.597
0.681
0.669
0.671
0.674
0.688
0.769
0.832
0.858
0.743
0.665
0.739
0.776
0.774
0.759
0.680
0.684
0.714
0.618
0.803
0.791
0.762
0.741
0.679
0.712
0.776
0.815
0.809
0.766
0.746
0.930
0.871
0.718
0.808
0.646
0.758
0.754
0.733
0.718
0.736
0.723
0.757
0.796
0.763
0.771
0.816
0.833
0.797
0.707
0.651
0.716
0.785
0.871
0.832
0.902
0.774
0.698
0.653
0.637
0.633
0.663
0.823
0.899
0.812
0.776
0.788
0.841
0.828
0.972
0.738
0.739
0.798
0.944
0.840
0.787
0.789
0.876
0.960
0.754
0.807
0.780
0.831
0.828
0.728
0.808
0.798
0.846
0.867
0.948
0.683
0.686
0.783
0.867
0.761
0.890
0.775
0.803
0.844
0.784
0.905
0.909
0.818
0.966
0.911
0.784
0.936
0.910
0.852
0.850
0.834
0.883
0.922
0.848
0.926
0.859
0.904
0.931
0.836
0.845
0.749
0.910
0.884
0.765
0.731
0.803
0.782
0.719
0.755
0.688
0.704
0.802
0.818
0.711
0.625
0.646
0.677
0.883
0.790
0.921
0.899
0.754
0.728
0.773
0.832
0.797
0.766
0.706
0.605
0.588
0.590
0.640
0.817
0.894
0.741
0.674
0.796
0.789
0.604
0.619
0.689
0.650
0.589
0.678
0.705
0.665
0.636
0.665
0.639
0.594
0.531
0.501
0.611
0.761
0.658
0.652
0.677
0.703
0.699
0.626
0.657
0.671
0.859
0.694
0.753
0.753
0.941
0.893
0.857
0.934
0.958
0.887
0.930
0.855
0.897
0.899
0.919
0.828
0.712
0.764
0.813
0.894
0.789
0.713
0.732
0.701
0.661
0.632
0.624
0.640
0.644
0.557
0.640
0.733
0.632
0.753
0.843
0.819
0.758
0.819
0.761
0.737
0.727
0.803
0.749
0.674
0.691
0.793
0.812
0.741
0.738
0.759
0.825
0.956
0.954
0.935
0.840
0.903
0.970
0.944
0.861
0.892
0.915
0.830
0.881
0.910
0.870
0.772
0.715
0.676
0.692
0.668
0.697
0.727
0.737
0.798
0.874
0.807
0.823
0.958
0.856
0.935
0.839
0.923
0.856
0.876
0.838
0.846
0.807
0.851
0.971
0.861
0.844
0.937
0.803
0.910
0.807
0.815
0.807
0.789
0.778
0.753
0.768
0.739
0.756
0.747
0.721
0.713
0.618
0.680
0.680
0.758
0.759
0.873
0.728
0.666
0.766
0.757
0.885
0.878
0.829
0.858
0.847
0.772
0.885
0.871
0.731
0.869
0.883
0.881
0.783
0.917
0.774
0.823
0.767
0.746
0.690
0.808
0.764
0.896
0.909
0.977
0.755
0.821
0.744
0.757
0.790
0.766
0.666
0.708
0.690
0.691
0.628
0.637
0.717
0.667
0.594
0.601
0.629
0.700
0.625
0.583
0.673
0.693
0.642
0.671
0.605
0.627
0.660
0.630
0.672
0.644
0.574
0.610
0.595
0.697
0.645
0.729
0.668
0.669
0.685
0.718
0.694
0.748
0.581
0.676
0.678
0.770
0.731
0.656
0.662
0.705
0.655
0.816
0.870
0.811
0.764
0.923
0.758
0.726
0.767
0.840
0.725
0.657
0.717
0.748
0.833
0.770
0.810
0.804
0.670
0.711
0.847
0.781
0.826
0.835
0.941
0.844
0.820
0.954
0.870
0.773
0.767
0.732
0.688
0.741
0.831
0.899
0.743
0.824
0.865
0.799
0.911
0.858
0.905
0.933
0.794
0.807
0.898
0.770
0.896
0.708
0.717
0.723
0.818
0.842
0.749
0.741
0.743
0.748
0.785
0.899
0.725
0.768
0.820
0.913
0.848
0.826
0.905
0.832
0.811
0.888
0.889
0.865
0.899
0.798
0.858
0.853
0.874
0.870
0.773
0.740
0.836
0.867
0.895
0.866
0.878
0.871
0.857
0.805
0.844
0.878
0.960
0.905
0.894
0.795
0.735
0.748
0.817
0.881
0.931
0.917
0.873
0.770
0.781
0.862
0.843
0.819
0.890
0.892
0.862
0.920
0.843
0.783
0.763
0.788
0.864
0.880
0.919
0.857
0.844
0.824
0.796
0.801
0.773
0.753
0.720
0.686
0.708
0.705
0.812
0.901
0.954
0.775
0.761
0.762
0.735
0.693
0.675
0.759
0.863
0.875
0.822
0.865
0.788
0.760
0.733
0.680
0.635
0.626
0.566
0.569
0.579
0.610
0.624
0.630
0.648
0.637
0.610
0.587
0.625
0.700
0.867
0.699
0.638
0.621
0.595
0.652
0.694
0.760
0.691
0.681
0.720
0.645
0.574
0.598
0.621
0.645
0.704
0.480
0.473
0.438
0.398
0.462
0.636
0.588
0.563
0.617
0.675
0.749
0.796
0.767
0.889
0.850
0.841
0.930
0.804
0.669
0.660
0.649
0.672
0.638
0.625
0.658
0.686
0.661
0.564
0.501
0.568
0.666
0.574
0.529
0.554
0.635
0.649
0.641
0.593
0.574
0.619
0.638
0.631
0.622
0.778
0.851
0.725
0.699
0.702
0.692
0.615
0.525
0.629
0.856
0.887
0.812
0.930
0.689
0.568
0.541
0.641
0.758
0.730
0.704
0.727
0.697
0.723
0.684
0.737
0.728
0.732
0.806
0.760
0.938
0.734
0.679
0.646
0.597
0.714
0.750
0.857
0.752
0.743
0.686
0.713
0.860
0.882
0.765
0.774
0.772
0.838
0.729
0.926
0.777
0.960
0.758
0.730
0.685
0.736
0.773
0.738
0.763
0.742
0.724
0.733
0.692
0.635
0.745
0.729
0.805
0.869
0.928
0.715
0.667
0.703
0.708
0.644
0.597
0.806
0.771
0.688
0.697
0.675
0.692
0.696
0.634
0.631
0.781
0.676
0.679
0.629
0.650
0.706
0.740
0.863
0.676
0.671
0.689
0.640
0.672
0.669
0.652
0.715
0.639
0.639
0.670
0.724
0.654
0.607
0.562
0.454
0.502
0.530
0.637
0.668
0.693
0.659
0.637
0.696
0.727
0.656
0.676
0.614
0.565
0.620
0.621
0.580
0.625
0.651
0.680
0.735
0.615
0.590
0.651
0.699
0.628
0.679
0.797
0.673
0.652
0.604
0.729
0.557
0.474
0.431
0.405
0.483
0.529
0.567
0.458
0.462
0.464
0.469
0.470
0.596
0.638
0.662
0.654
0.559
0.653
0.681
0.563
0.685
0.615
0.717
0.711
0.858
0.843
0.730
0.664
0.730
0.736
0.701
0.731
0.719
0.663
0.704
0.701
0.628
0.664
0.681
0.652
0.751
0.843
0.723
0.943
0.770
0.659
0.712
0.756
0.718
0.820
0.895
0.799
0.713
0.738
0.714
0.651
0.638
0.631
0.713
0.666
0.675
0.607
0.669
0.778
0.701
0.667
0.711
0.688
0.618
0.656
0.691
0.771
0.804
0.920
0.963
0.807
0.809
0.834
0.764
0.774
0.864
0.941
0.895
0.920
0.878
0.923
0.866
0.841
0.797
0.893
0.863
0.930
0.936
0.890
0.919
0.924
0.806
0.754
0.775
0.793
0.780
0.709
0.575
0.612
0.602
0.635
0.676
0.658
0.630
0.656
0.693
0.728
0.723
0.752
0.795
0.716
0.729
0.781
0.713
0.681
0.650
0.637
0.610
0.574
0.506
0.484
0.520
0.520
0.535
0.536
0.638
0.669
0.598
0.560
0.576
0.593
0.605
0.599
0.647
0.654
0.721
0.664
0.640
0.591
0.515
0.487
0.519
0.543
0.517
0.462
0.465
0.510
0.500
0.560
0.508
0.463
0.502
0.528
0.512
0.581
0.564
0.581
0.610
0.564
0.602
0.685
0.641
0.586
0.530
0.432
0.444
0.429
0.342
0.343
0.329
0.400
0.384
0.394
0.422
0.529
0.569
0.563
0.603
0.541
0.415
0.426
0.473
0.353
0.346
0.363
0.402
0.440
0.516
0.495
0.578
0.508
0.434
0.504
0.509
0.734
0.813
0.625
0.651
0.589
0.624
0.695
0.727
0.884
0.876
0.658
0.601
0.634
0.704
0.541
0.449
0.607
0.559
0.603
0.608
0.622
0.781
0.824
0.885
0.915
0.789
0.755
0.778
0.716
0.694
0.564
0.606
0.611
0.692
0.669
0.589
0.537
0.558
0.672
0.676
0.570
0.638
0.689
0.630
0.670
0.622
0.672
0.724
0.805
0.884
0.811
0.659
0.741
0.730
0.537
0.542
0.734
0.662
0.658
0.705
0.729
0.653
0.705
0.752
0.803
0.638
0.786
0.752
0.840
0.793
0.960
0.951
0.908
0.907
0.701
0.669
0.766
0.906
0.760
0.884
0.765
0.762
0.800
0.873
0.910
0.949
0.745
0.703
0.789
0.799
0.780
0.798
0.745
0.715
0.726
0.773
0.970
0.747
0.728
0.692
0.659
0.706
0.672
0.680
0.624
0.621
0.696
0.680
0.738
0.719
0.645
0.695
0.671
0.580
0.614
0.615
0.662
0.555
0.564
0.584
0.482
0.545
0.566
0.556
0.714
0.629
0.628
0.613
0.557
0.521
0.641
0.669
0.783
0.769
0.752
0.731
0.681
0.629
0.630
0.682
0.695
0.582
0.572
0.649
0.750
0.714
0.631
0.600
0.492
0.565
0.660
0.669
0.736
0.699
0.705
0.664
0.553
0.551
0.650
0.665
0.647
0.579
0.632
0.658
0.524
0.451
0.486
0.501
0.554
0.565
0.623
0.593
0.546
0.549
0.633
0.596
0.487
0.509
0.611
0.654
0.733
0.637
0.630
0.565
0.609
0.540
0.536
0.600
0.685
0.774
0.696
0.677
0.611
0.584
0.663
0.707
0.640
0.675
0.934
0.688
0.926
0.769
0.634
0.590
0.607
0.739
0.669
0.688
0.793
0.796
0.847
0.680
0.628
0.769
0.739
0.742
0.747
0.660
0.615
0.657
0.588
0.657
0.704
0.726
0.656
0.678
0.772
0.811
0.739
0.727
0.784
0.828
0.865
0.898
0.873
0.791
0.825
0.784
0.819
0.833
0.767
0.658
0.714
0.862
0.859
0.797
0.892
0.979
0.862
0.979
0.757
0.715
0.738
0.813
0.715
0.636
0.740
0.812
0.888
0.805
0.922
0.977
0.884
0.807
0.738
0.789
0.882
0.829
0.971
0.827
0.722
0.706
0.879
0.875
0.912
0.886
0.758
0.768
0.858
0.784
0.849
0.710
0.707
0.762
0.769
0.895
0.887
0.932
0.808
0.741
0.892
0.878
0.801
0.861
0.918
0.900
0.901
0.836
0.950
0.883
0.867
0.809
0.914
0.901
0.901
0.755
0.717
0.668
0.728
0.747
0.604
0.604
0.630
0.652
0.612
0.742
0.849
0.772
0.729
0.677
0.736
0.605
0.640
0.618
0.623
0.590
0.521
0.441
0.428
0.464
0.519
0.525
0.601
0.600
0.483
0.380
0.438
0.545
0.564
0.577
0.579
0.649
0.805
0.894
0.878
0.636
0.588
0.675
0.726
0.585
0.581
0.507
0.426
0.445
0.439
0.447
0.495
0.596
0.581
0.506
0.384
0.440
0.600
0.550
0.435
0.550
0.685
0.603
0.437
0.356
0.399
0.540
0.663
0.531
0.470
0.389
0.385
0.466
0.563
0.627
0.643
0.665
0.674
0.636
0.624
0.610
0.777
0.746
0.830
0.840
0.828
0.688
0.632
0.694
0.743
0.844
0.944
0.834
0.660
0.668
0.774
0.772
0.730
0.751
0.806
0.960
0.903
0.847
0.877
0.957
0.877
0.757
0.830
0.759
0.691
0.687
0.870
0.842
0.922
0.768
0.835
0.701
0.770
0.816
0.873
0.871
0.784
0.734
0.788
0.721
0.720
0.746
0.693
0.589
0.618
0.679
0.745
0.736
0.669
0.644
0.573
0.638
0.691
0.786
0.694
0.726
0.862
0.708
0.775
0.806
0.946
0.837
0.734
0.859
0.933
0.718
0.867
0.921
0.822
0.973
0.862
0.785
0.776
0.906
0.914
0.876
0.805
0.840
0.812
0.873
0.802
0.778
0.728
0.773
0.766
0.681
0.665
0.650
0.640
0.604
0.592
0.584
0.542
0.527
0.559
0.535
0.529
0.617
0.650
0.597
0.560
0.532
0.579
0.556
0.668
0.714
0.704
0.676
0.660
0.622
0.686
0.663
0.537
0.550
0.521
0.617
0.641
0.682
0.705
0.698
0.802
0.640
0.591
0.588
0.602
0.581
0.541
0.521
0.458
0.516
0.523
0.537
0.495
0.600
0.578
0.612
0.600
0.613
0.631
0.616
0.586
0.491
0.480
0.527
0.536
0.477
0.475
0.489
0.476
0.637
0.620
0.558
0.576
0.659
0.615
0.637
0.761
0.807
0.856
0.817
0.837
0.762
0.700
0.692
0.762
0.739
0.669
0.659
0.638
0.555
0.600
0.714
0.735
0.690
0.649
0.639
0.653
0.724
0.814
0.873
0.782
0.806
0.652
0.668
0.734
0.728
0.812
0.863
0.720
0.881
0.754
0.728
0.747
0.672
0.638
0.585
0.564
0.634
0.788
0.877
0.698
0.735
0.910
0.759
0.789
0.665
0.793
0.819
0.733
0.713
0.801
0.735
0.870
0.858
0.763
0.837
0.923
0.935
0.870
0.906
0.904
0.939
0.851
0.763
0.843
0.788
0.804
0.890
0.760
0.814
0.898
0.865
0.699
0.672
0.670
0.734
0.804
0.746
0.644
0.693
0.798
0.745
0.697
0.693
0.712
0.728
0.658
0.625
0.590
0.617
0.620
0.605
0.648
0.647
0.608
0.557
0.480
0.498
0.608
0.599
0.602
0.627
0.563
0.606
0.512
0.533
0.669
0.854
0.905
0.935
0.791
0.786
0.728
0.692
0.557
0.565
0.574
0.623
0.585
0.544
0.522
0.530
0.461
0.477
0.509
0.496
0.542
0.563
0.575
0.559
0.468
0.537
0.571
0.464
0.432
0.450
0.496
0.516
0.461
0.485
0.424
0.497
0.607
0.555
0.460
0.475
0.672
0.543
0.553
0.461
0.534
0.546
0.454
0.424
0.538
0.605
0.636
0.497
0.429
0.408
0.431
0.526
0.629
0.577
0.534
0.618
0.630
0.527
0.491
0.548
0.604
0.556
0.603
0.642
0.650
0.604
0.621
0.662
0.625
0.674
0.780
0.639
0.578
0.528
0.567
0.540
0.508
0.452
0.398
0.348
0.355
0.411
0.437
0.448
0.554
0.608
0.696
0.917
0.805
0.818
0.813
0.943
0.851
0.842
0.930
0.808
0.750
0.754
0.837
0.905
0.746
0.702
0.737
0.784
0.669
0.554
0.517
0.661
0.719
0.640
0.644
0.692
0.871
0.832
0.824
0.894
0.866
0.693
0.767
0.806
0.924
0.863
0.919
0.810
0.910
0.854
0.866
0.915
0.825
0.944
0.809
0.726
0.724
0.718
0.688
0.665
0.720
0.792
0.810
0.723
0.748
0.672
0.740
0.744
0.743
0.733
0.739
0.680
0.653
0.636
0.653
0.768
0.896
0.782
0.861
0.892
0.925
0.792
0.855
0.859
0.708
0.685
0.695
0.789
0.903
0.897
0.757
0.908
0.733
0.902
0.877
0.847
0.732
0.631
0.689
0.795
0.794
0.828
0.781
0.758
0.740
0.932
0.888
0.926
0.762
0.722
0.793
0.704
0.724
0.641
0.610
0.627
0.698
0.689
0.743
0.840
0.724
0.616
0.658
0.697
0.637
0.607
0.687
0.845
0.713
0.681
0.676
0.688
0.574
0.653
0.673
0.677
0.590
0.548
0.504
0.570
0.585
0.548
0.583
0.643
0.661
0.558
0.550
0.610
0.608
0.675
0.724
0.821
0.712
0.659
0.642
0.642
0.668
0.744
0.725
0.673
0.605
0.664
0.652
0.626
0.639
0.682
0.640
0.620
0.648
0.718
0.786
0.699
0.718
0.654
0.618
0.591
0.567
0.603
0.645
0.644
0.605
0.621
0.669
0.574
0.635
0.726
0.765
0.851
0.760
0.965
0.741
0.729
0.702
0.677
0.671
0.725
0.745
0.805
0.757
0.728
0.759
0.805
0.728
0.807
0.849
0.938
0.742
0.789
0.738
0.745
0.856
0.961
0.793
0.675
0.764
0.766
0.884
0.840
0.868
0.975
0.868
0.825
0.814
0.831
0.738
0.849
0.843
0.793
0.814
0.938
0.834
0.924
0.800
0.802
0.771
0.754
0.812
0.820
0.799
0.939
0.915
0.956
0.927
0.889
0.917
0.862
0.764
0.775
0.967
0.915
0.946
0.873
0.956
0.786
0.945
0.763
0.771
0.711
0.703
0.786
0.802
0.842
0.866
0.861
0.908
0.887
0.846
0.783
0.688
0.714
0.954
0.829
0.965
0.851
0.908
0.846
0.861
0.929
0.833
0.884
0.770
0.775
0.789
0.751
0.786
0.716
0.667
0.655
0.604
0.649
0.665
0.692
0.789
0.755
0.689
0.644
0.678
0.715
0.801
0.924
0.815
0.731
0.622
0.594
0.594
0.556
0.548
0.554
0.616
0.702
0.737
0.753
0.780
0.934
0.776
0.670
0.655
0.625
0.692
0.728
0.844
0.680
0.721
0.682
0.733
0.720
0.640
0.544
0.482
0.479
0.513
0.522
0.486
0.515
0.465
0.452
0.488
0.487
0.444
0.408
0.377
0.390
0.408
0.419
0.385
0.422
0.467
0.565
0.516
0.432
0.398
0.511
0.635
0.650
0.793
0.788
0.724
0.768
0.766
0.814
0.721
0.751
0.847
0.625
0.596
0.536
0.462
0.480
0.570
0.590
0.571
0.587
0.714
0.631
0.553
0.444
0.417
0.514
0.531
0.491
0.533
0.562
0.491
0.523
0.571
0.608
0.591
0.657
0.841
0.902
0.905
0.836
0.686
0.633
0.801
0.857
0.878
0.810
0.678
0.662
0.625
0.688
0.711
0.687
0.858
0.702
0.772
0.912
0.971
0.901
0.879
0.707
0.698
0.930
0.874
0.933
0.926
0.825
0.953
0.833
0.873
0.812
0.722
0.759
0.873
0.883
0.888
0.876
0.814
0.807
0.719
0.697
0.678
0.723
0.695
0.724
0.738
0.728
0.866
0.874
0.969
0.870
0.878
0.837
0.918
0.919
0.867
0.824
0.888
0.809
0.785
0.757
0.796
0.791
0.774
0.683
0.711
0.736
0.749
0.772
0.870
0.701
0.727
0.728
0.687
0.688
0.645
0.577
0.675
0.622
0.613
0.582
0.683
0.630
0.715
0.669
0.575
0.529
0.569
0.573
0.609
0.604
0.674
0.630
0.603
0.704
0.651
0.623
0.707
0.732
0.690
0.741
0.734
0.677
0.765
0.790
0.708
0.690
0.659
0.709
0.724
0.658
0.747
0.672
0.685
0.713
0.715
0.684
0.651
0.641
0.652
0.690
0.737
0.804
0.711
0.574
0.639
0.629
0.714
0.654
0.626
0.730
0.639
0.507
0.489
0.498
0.544
0.552
0.586
0.605
0.598
0.673
0.678
0.647
0.658
0.625
0.634
0.612
0.556
0.728
0.711
0.612
0.691
0.725
0.714
0.748
0.698
0.673
0.610
0.674
0.779
0.844
0.759
0.865
0.773
0.874
0.755
0.892
0.722
0.696
0.680
0.766
0.711
0.736
0.708
0.842
0.851
0.772
0.668
0.646
0.837
0.827
0.734
0.824
0.912
0.759
0.810
0.649
0.552
0.621
0.837
0.809
0.850
0.891
0.907
0.759
0.871
0.721
0.886
0.755
0.635
0.648
0.647
0.645
0.782
0.937
0.829
0.718
0.822
0.768
0.749
0.830
0.807
0.863
0.869
0.921
0.761
0.911
0.954
0.752
0.906
0.822
0.965
0.744
0.950
0.779
0.794
0.971
0.875
0.700
0.759
0.884
0.860
0.934
0.839
0.900
0.745
0.732
0.677
0.654
0.682
0.716
0.866
0.762
0.790
0.774
0.785
0.703
0.755
0.863
0.781
0.746
0.680
0.640
0.663
0.717
0.795
0.657
0.661
0.907
0.820
0.767
0.785
0.776
0.734
0.824
0.719
0.760
0.636
0.584
0.573
0.615
0.696
0.691
0.657
0.704
0.659
0.567
0.530
0.567
0.579
0.524
0.616
0.683
0.598
0.538
0.637
0.790
0.741
0.735
0.824
0.688
0.906
0.919
0.913
0.962
0.916
0.712
0.673
0.749
0.741
0.668
0.902
0.845
0.706
0.634
0.637
0.683
0.698
0.626
0.601
0.625
0.651
0.686
0.661
0.659
0.682
0.905
0.884
0.735
0.825
0.919
0.853
0.656
0.621
0.721
0.815
0.613
0.599
0.594
0.518
0.539
0.556
0.579
0.596
0.591
0.653
0.722
0.694
0.747
0.703
0.686
0.774
0.752
0.752
0.675
0.717
0.729
0.614
0.547
0.519
0.498
0.490
0.427
0.588
0.671
0.684
0.700
0.661
0.509
0.523
0.716
0.635
0.604
0.664
0.673
0.666
0.685
0.668
0.657
0.735
0.867
0.749
0.719
0.642
0.782
0.724
0.816
0.765
0.821
0.942
0.737
0.686
0.701
0.702
0.733
0.711
0.767
0.801
0.950
0.926
0.847
0.750
0.860
0.943
0.816
0.774
0.776
0.753
0.823
0.814
0.965
0.838
0.844
0.869
0.803
0.784
0.912
0.759
0.754
0.727
0.751
0.798
0.845
0.820
0.918
0.788
0.977
0.787
0.886
0.811
0.899
0.877
0.832
0.776
0.729
0.679
0.647
0.714
0.824
0.829
0.853
0.951
0.854
0.796
0.921
0.838
0.854
0.757
0.771
0.841
0.829
0.784
0.782
0.771
0.699
0.749
0.731
0.686
0.639
0.710
0.724
0.728
0.660
0.667
0.678
0.653
0.752
0.804
0.821
0.746
0.682
0.666
0.604
0.693
0.699
0.631
0.673
0.668
0.666
0.662
0.707
0.768
0.829
0.798
0.763
0.686
0.663
0.676
0.624
0.890
0.677
0.626
0.655
0.617
0.509
0.550
0.538
0.554
0.641
0.636
0.672
0.674
0.653
0.677
0.714
0.694
0.589
0.660
0.629
0.629
0.649
0.639
0.715
0.751
0.774
0.955
0.749
0.746
0.633
0.618
0.671
0.892
0.782
0.720
0.713
0.830
0.775
0.784
0.641
0.687
0.598
0.591
0.617
0.609
0.621
0.655
0.668
0.607
0.639
0.624
0.626
0.613
0.662
0.673
0.718
0.655
0.604
0.676
0.696
0.687
0.728
0.792
0.813
0.846
0.834
0.844
0.754
0.784
0.753
0.937
0.820
0.684
0.714
0.793
0.767
0.782
0.734
0.760
0.720
0.755
0.847
0.693
0.939
0.742
0.712
0.969
0.922
0.766
0.682
0.784
0.789
0.734
0.872
0.928
0.975
0.897
0.853
0.882
0.794
0.981
0.873
0.817
0.908
0.832
0.874
0.827
0.801
0.713
0.701
0.756
0.812
0.926
0.956
0.853
0.853
0.954
0.854
0.940
0.922
0.984
0.923
0.868
0.955
0.935
0.961
0.861
0.852
0.848
0.806
0.709
0.679
0.836
0.746
0.719
0.729
0.775
0.860
0.939
0.882
0.761
0.719
0.691
0.724
0.835
0.871
0.783
0.694
0.704
0.672
0.638
0.734
0.733
0.739
0.755
0.788
0.758
0.787
0.868
0.856
0.750
0.807
0.661
0.571
0.632
0.620
0.685
0.973
0.877
0.917
0.882
0.832
0.755
0.718
0.717
0.775
0.647
0.757
0.858
0.741
0.656
0.684
0.616
0.557
0.535
0.528
0.608
0.608
0.610
0.691
0.752
0.747
0.698
0.584
0.595
0.644
0.723
0.816
0.875
0.873
0.688
0.712
0.714
0.686
0.608
0.565
0.594
0.687
0.572
0.437
0.419
0.536
0.618
0.543
0.479
0.434
0.433
0.435
0.475
0.392
0.427
0.816
0.656
0.611
0.626
0.691
0.681
0.648
0.622
0.699
0.846
0.815
0.744
0.653
0.731
0.652
0.665
0.674
0.698
0.700
0.864
0.679
0.656
0.606
0.690
0.843
0.911
0.855
0.832
0.852
0.691
0.698
0.689
0.641
0.727
0.801
0.772
0.895
0.903
0.889
0.882
0.837
0.889
0.810
0.862
0.966
0.930
0.892
0.805
0.797
0.751
0.822
0.822
0.780
0.723
0.649
0.799
0.688
0.834
0.950
0.909
0.947
0.906
0.927
0.872
0.765
0.732
0.783
0.895
0.856
0.765
0.870
0.913
0.979
0.814
0.815
0.750
0.728
0.717
0.742
0.852
0.752
0.764
0.832
0.690
0.629
0.623
0.656
0.677
0.624
0.742
0.734
0.788
0.723
0.732
0.753
0.797
0.939
0.829
0.782
0.866
0.889
0.872
0.772
0.908
0.791
0.684
0.619
0.691
0.788
0.746
0.747
0.674
0.676
0.632
0.657
0.666
0.701
0.691
0.619
0.684
0.633
0.535
0.473
0.510
0.540
0.435
0.494
0.586
0.620
0.633
0.609
0.624
0.586
0.573
0.590
0.623
0.626
0.622
0.676
0.694
0.699
0.667
0.634
0.612
0.666
0.693
0.653
0.621
0.571
0.712
0.788
0.806
0.776
0.787
0.685
0.612
0.613
0.541
0.503
0.599
0.554
0.666
0.653
0.653
0.647
0.691
0.634
0.538
0.600
0.651
0.709
0.658
0.760
0.696
0.665
0.662
0.600
0.612
0.636
0.759
0.764
0.821
0.716
0.662
0.670
0.778
0.702
0.684
0.673
0.738
0.720
0.683
0.765
0.757
0.700
0.633
0.650
0.634
0.704
0.757
0.767
0.671
0.671
0.785
0.776
0.675
0.654
0.604
0.604
0.687
0.661
0.658
0.616
0.631
0.620
0.650
0.682
0.814
0.709
0.883
0.706
0.637
0.693
0.692
0.783
0.779
0.786
0.945
0.877
0.827
0.943
0.972
0.826
0.825
0.827
0.804
0.909
0.776
0.746
0.723
0.752
0.785
0.812
0.817
0.857
0.741
0.964
0.794
0.875
0.722
0.793
0.718
0.770
0.814
0.933
0.756
0.777
0.750
0.821
0.972
0.931
0.969
0.972
0.786
0.830
0.945
0.839
0.977
0.790
0.796
0.869
0.894
0.775
0.856
0.890
0.896
0.776
0.693
0.709
0.777
0.830
0.755
0.691
0.687
0.832
0.803
0.848
0.799
0.792
0.927
0.890
0.775
0.671
0.597
0.582
0.610
0.850
0.767
0.665
0.645
0.672
0.657
0.702
0.751
0.660
0.587
0.566
0.573
0.605
0.576
0.520
0.499
0.469
0.501
0.541
0.509
0.619
0.613
0.606
0.566
0.527
0.574
0.594
0.560
0.542
0.616
0.556
0.521
0.512
0.535
0.503
0.493
0.547
0.793
0.736
0.638
0.649
0.604
0.579
0.507
0.493
0.457
0.399
0.424
0.510
0.462
0.510
0.622
0.692
0.574
0.480
0.659
0.839
0.710
0.714
0.817
0.707
0.835
0.567
0.506
0.544
0.409
0.417
0.499
0.483
0.461
0.423
0.414
0.407
0.451
0.600
0.652
0.601
0.632
0.694
0.691
0.680
0.644
0.553
0.543
0.600
0.699
0.696
0.782
0.819
0.732
0.643
0.630
0.864
0.911
0.867
0.897
0.900
0.891
0.873
0.878
0.843
0.892
0.726
0.735
0.899
0.878
0.879
0.847
0.778
0.757
0.752
0.753
0.730
0.711
0.705
0.762
0.728
0.766
0.792
0.864
0.890
0.942
0.789
0.786
0.772
0.779
0.859
0.923
0.834
0.725
0.764
0.798
0.842
0.748
0.928
0.916
0.711
0.790
0.913
0.866
0.870
0.740
0.727
0.762
0.733
0.780
0.750
0.737
0.813
0.914
0.881
0.852
0.896
0.871
0.794
0.826
0.799
0.977
0.829
0.789
0.876
0.940
0.843
0.855
0.791
0.816
0.805
0.840
0.737
0.733
0.756
0.760
0.747
0.652
0.713
0.705
0.677
0.714
0.707
0.640
0.641
0.681
0.656
0.687
0.727
0.692
0.650
0.648
0.703
0.799
0.658
0.683
0.665
0.553
0.574
0.616
0.561
0.634
0.678
0.670
0.823
0.727
0.676
0.660
0.588
0.645
0.648
0.777
0.784
0.636
0.561
0.651
0.748
0.793
0.755
0.814
0.776
0.740
0.652
0.650
0.661
0.606
0.615
0.631
0.667
0.674
0.680
0.696
0.765
0.790
0.785
0.781
0.759
0.798
0.711
0.769
0.759
0.762
0.696
0.664
0.705
0.708
0.797
0.897
0.750
0.683
0.667
0.749
0.975
0.973
0.778
0.626
0.696
0.756
0.788
0.789
0.791
0.739
0.842
0.816
0.722
0.731
0.753
0.804
0.701
0.639
0.755
0.647
0.724
0.960
0.798
0.703
0.668
0.781
0.806
0.700
0.702
0.676
0.849
0.847
0.799
0.810
0.677
0.707
0.793
0.894
0.745
0.710
0.750
0.782
0.784
0.782
0.850
0.916
0.862
0.766
0.838
0.924
0.745
0.866
0.759
0.911
0.897
0.834
0.966
0.889
0.763
0.809
0.972
0.867
0.775
0.974
0.960
0.805
0.871
0.958
0.958
0.826
0.866
0.907
0.870
0.817
0.854
0.913
0.882
0.884
0.838
0.798
0.790
0.801
0.740
0.749
0.796
0.738
0.700
0.709
0.764
0.872
0.901
0.810
0.701
0.611
0.627
0.692
0.804
0.706
0.752
0.700
0.718
0.914
0.887
0.795
0.727
0.738
0.661
0.681
0.793
0.826
0.869
0.797
0.853
0.961
0.841
0.852
0.852
0.775
0.814
0.725
0.700
0.706
0.668
0.660
0.656
0.617
0.554
0.516
0.446
0.449
0.424
0.497
0.557
0.597
0.614
0.639
0.838
0.838
0.860
0.768
0.691
0.614
0.668
0.667
0.659
0.650
0.536
0.512
0.566
0.563
0.535
0.538
0.583
0.697
0.586
0.588
0.509
0.473
0.474
0.468
0.567
0.673
0.625
0.491
0.526
0.586
0.739
0.587
0.686
0.680
0.575
0.557
0.580
0.613
0.654
0.647
0.711
0.745
0.816
0.869
0.775
0.708
0.577
0.526
0.607
0.609
0.621
0.712
0.563
0.448
0.574
0.585
0.677
0.735
0.874
0.841
0.657
0.631
0.611
0.666
0.595
0.626
0.820
0.677
0.574
0.562
0.612
0.505
0.584
0.559
0.661
0.749
0.680
0.646
0.543
0.579
0.708
0.839
0.871
0.936
0.943
0.859
0.900
0.752
0.787
0.742
0.685
0.778
0.710
0.794
0.844
0.879
0.929
0.862
0.788
0.653
0.591
0.592
0.665
0.793
0.702
0.748
0.860
0.784
0.970
0.944
0.976
0.830
0.763
0.839
0.872
0.890
0.974
0.878
0.902
0.734
0.688
0.807
0.846
0.703
0.808
0.766
0.744
0.635
0.663
0.870
0.748
0.739
0.885
0.854
0.873
0.861
0.886
0.888
0.957
0.976
0.785
0.941
0.807
0.765
0.738
0.824
0.876
0.762
0.744
0.745
0.779
0.783
0.756
0.797
0.792
0.716
0.659
0.699
0.755
0.839
0.740
0.692
0.676
0.671
0.612
0.723
0.927
0.893
0.792
0.909
0.767
0.730
0.689
0.681
0.758
0.732
0.810
0.862
0.749
0.766
0.781
0.718
0.761
0.815
0.795
0.696
0.670
0.802
0.826
0.835
0.788
0.920
0.841
0.757
0.687
0.718
0.713
0.655
0.678
0.682
0.646
0.706
0.739
0.747
0.678
0.764
0.835
0.846
0.821
0.707
0.769
0.732
0.646
0.636
0.688
0.737
0.783
0.869
0.752
0.768
0.918
0.821
0.933
0.874
0.785
0.859
0.776
0.940
0.804
0.979
0.826
0.698
0.858
0.953
0.787
0.846
0.723
0.880
0.850
0.892
0.738
0.680
0.698
0.719
0.776
0.805
0.647
0.631
0.697
0.690
0.811
0.840
0.880
0.838
0.801
0.964
0.775
0.814
0.851
0.822
0.828
0.772
0.960
0.741
0.800
0.844
0.895
0.895
0.837
0.835
0.850
0.941
0.775
0.970
0.783
0.791
0.958
0.853
0.900
0.922
0.898
0.801
0.956
0.767
0.813
0.782
0.801
0.806
0.799
0.751
0.739
0.842
0.874
0.803
0.785
0.871
0.752
0.755
0.970
0.974
0.881
0.949
0.960
0.851
0.851
0.847
0.849
0.816
0.825
0.851
0.903
0.936
0.924
0.972
0.857
0.978
0.931
0.981
0.901
0.915
0.880
0.880
0.965
0.976
0.953
0.933
0.959
0.885
0.912
0.926
0.840
0.907
0.829
0.768
0.768
0.800
0.744
0.721
0.776
0.910
0.907
0.780
0.739
0.742
0.741
0.694
0.758
0.833
0.800
0.939
0.853
0.724
0.678
0.673
0.639
0.660
0.720
0.768
0.744
0.742
0.766
0.681
0.640
0.677
0.669
0.754
0.721
0.828
0.687
0.639
0.650
0.670
0.664
0.654
0.740
0.943
0.906
0.881
0.843
0.939
0.877
0.893
0.790
0.746
0.736
0.683
0.653
0.618
0.804
0.946
0.817
0.713
0.667
0.711
0.761
0.659
0.593
0.644
0.691
0.690
0.610
0.632
0.756
0.896
0.767
0.761
0.844
0.679
0.619
0.645
0.629
0.709
0.736
0.810
0.858
0.889
0.858
0.763
0.750
0.845
0.859
0.858
0.721
0.632
0.603
0.578
0.586
0.638
0.633
0.797
0.790
0.731
0.637
0.673
0.861
0.925
0.778
0.902
0.886
0.906
0.888
0.925
0.873
0.793
0.690
0.744
0.847
0.801
0.785
0.868
0.881
0.902
0.848
0.753
0.697
0.769
0.935
0.825
0.767
0.839
0.871
0.780
0.870
0.800
0.727
0.790
0.851
0.730
0.813
0.888
0.771
0.794
0.784
0.716
0.686
0.667
0.683
0.877
0.918
0.869
0.941
0.874
0.945
0.920
0.911
0.858
0.917
0.862
0.768
0.742
0.763
0.884
0.893
0.858
0.887
0.812
0.795
0.817
0.837
0.794
0.881
0.845
0.858
0.863
0.802
0.811
0.856
0.775
0.872
0.826
0.716
0.675
0.735
0.821
0.874
0.849
0.940
0.763
0.803
0.880
0.913
0.784
0.897
0.976
0.818
0.810
0.785
0.861
0.812
0.746
0.763
0.945
0.934
0.842
0.864
0.737
0.730
0.789
0.878
0.832
0.791
0.734
0.789
0.785
0.811
0.807
0.753
0.841
0.829
0.756
0.738
0.755
0.702
0.697
0.703
0.701
0.739
0.690
0.699
0.784
0.797
0.885
0.750
0.699
0.659
0.699
0.670
0.670
0.716
0.725
0.722
0.704
0.783
0.662
0.713
0.721
0.917
0.867
0.830
0.699
0.742
0.758
0.713
0.745
0.760
0.763
0.814
0.857
0.790
0.804
0.778
0.828
0.788
0.799
0.799
0.802
0.815
0.811
0.769
0.793
0.797
0.755
0.776
0.752
0.795
0.753
0.753
0.757
0.757
0.747
0.798
0.774
0.789
0.819
0.959
0.865
0.919
0.816
0.848
0.765
0.789
0.803
0.790
0.864
0.868
0.810
0.764
0.709
0.714
0.889
0.763
0.729
0.722
0.792
0.852
0.887
0.806
0.747
0.751
0.890
0.743
0.799
0.867
0.880
0.769
0.914
0.965
0.933
0.784
0.842
0.952
0.900
0.952
0.892
0.917
0.968
0.862
0.755
0.760
0.899
0.893
0.972
0.979
0.939
0.967
0.980
0.932
0.974
0.966
0.853
0.884
0.811
0.895
0.924
0.933
0.917
0.966
0.864
0.861
0.903
0.872
0.787
0.816
0.810
0.799
0.795
0.788
0.852
0.874
0.824
0.853
0.819
0.768
0.795
0.770
0.765
0.723
0.726
0.824
0.736
0.718
0.787
0.791
0.799
0.687
0.685
0.668
0.692
0.703
0.719
0.836
0.886
0.907
0.861
0.885
0.882
0.924
0.932
0.842
0.824
0.823
0.776
0.683
0.653
0.626
0.627
0.710
0.745
0.705
0.712
0.680
0.683
0.628
0.669
0.666
0.662
0.631
0.636
0.641
0.659
0.608
0.627
0.606
0.588
0.604
0.706
0.800
0.742
0.725
0.802
0.736
0.586
0.558
0.513
0.668
0.623
0.598
0.578
0.529
0.585
0.838
0.875
0.771
0.664
0.721
0.706
0.604
0.708
0.825
0.627
0.718
0.792
0.685
0.615
0.611
0.747
0.850
0.832
0.883
0.914
0.862
0.755
0.833
0.691
0.748
0.946
0.858
0.851
0.889
0.897
0.958
0.883
0.826
0.872
0.836
0.865
0.824
0.769
0.732
0.867
0.971
0.798
0.729
0.716
0.708
0.654
0.659
0.680
0.713
0.740
0.706
0.745
0.911
0.816
0.840
0.804
0.941
0.855
0.951
0.956
0.864
0.795
0.919
0.854
0.782
0.883
0.779
0.944
0.906
0.769
0.847
0.834
0.942
0.806
0.902
0.744
0.732
0.695
0.769
0.806
0.805
0.912
0.821
0.847
0.822
0.960
0.973
0.889
0.853
0.853
0.767
0.809
0.823
0.835
0.717
0.791
0.737
0.784
0.803
0.791
0.742
0.784
0.830
0.900
0.901
0.887
0.958
0.886
0.928
0.967
0.961
0.883
0.923
0.843
0.782
0.760
0.905
0.869
0.804
0.718
0.714
0.778
0.874
0.837
0.814
0.814
0.791
0.901
0.829
0.858
0.914
0.845
0.803
0.787
0.978
0.854
0.805
0.797
0.810
0.890
0.817
0.856
0.901
0.868
0.758
0.799
0.930
0.767
0.848
0.783
0.895
0.808
0.902
0.799
0.791
0.940
0.902
0.777
0.836
0.924
0.913
0.856
0.973
0.763
0.797
0.822
0.784
0.831
0.775
0.791
0.858
0.819
0.843
0.837
0.838
0.883
0.792
0.817
0.817
0.919
0.743
0.780
0.747
0.808
0.805
0.782
0.787
0.787
0.820
0.822
0.787
0.823
0.841
0.872
0.825
0.872
0.798
0.802
0.820
0.901
0.893
0.890
0.890
0.856
0.846
0.810
0.854
0.937
0.884
0.868
0.834
0.878
0.815
0.897
0.866
0.879
0.743
0.778
0.938
0.819
0.852
0.830
0.883
0.893
0.802
0.977
0.980
0.851
0.865
0.942
0.877
0.869
0.849
0.971
0.848
0.784
0.921
0.868
0.889
0.972
0.939
0.875
0.893
0.892
0.795
0.844
0.832
0.772
0.817
0.804
0.910
0.889
0.967
0.868
0.902
0.881
0.936
0.901
0.946
0.891
0.979
0.890
0.871
0.949
0.913
0.876
0.977
0.834
0.875
0.895
0.908
0.837
0.882
0.946
0.972
0.928
0.882
0.967
0.882
0.921
0.979
0.897
0.875
0.858
0.897
0.901
0.899
0.883
0.832
0.881
0.892
0.891
0.911
0.881
0.927
0.974
0.948
0.919
0.935
0.968
0.970
0.964
0.812
0.831
0.909
0.886
0.881
0.944
0.895
0.927
0.981
0.909
0.976
0.915
0.856
0.875
0.971
0.922
0.844
0.878
0.917
0.892
0.873
0.903
0.867
0.801
0.780
0.775
0.798
0.903
0.911
0.947
0.952
0.887
0.937
0.971
0.920
0.917
0.844
0.847
0.868
0.810
0.841
0.833
0.932
0.927
0.927
0.965
0.920
0.902
0.841
0.832
0.944
0.743
0.820
0.932
0.883
0.919
0.884
0.896
0.832
0.805
0.756
0.776
0.825
0.854
0.919
0.975
0.900
0.924
0.927
0.928
0.951
0.949
0.948
0.953
0.971
0.962
0.879
0.857
0.845
0.857
0.917
0.925
0.935
0.944
0.969
0.888
0.978
0.979
0.940
0.917
0.926
0.928
0.936
0.962
0.952
0.975
0.921
0.870
0.844
0.851
0.874
0.878
0.928
0.945
0.916
0.976
0.974
0.971
0.887
0.952
0.909
0.891
0.926
0.856
0.944
0.907
0.978
0.950
0.885
0.963
0.939
0.929
0.979
0.949
0.943
0.964
0.967
0.954
0.958
0.969
0.954
0.971
0.952
0.954
0.931
0.894
0.966
0.962
0.942
0.923
0.924
0.940
0.907
0.938
0.976
0.885
0.941
0.944
0.881
0.805
0.810
0.948
0.767
0.807
0.773
0.915
0.924
0.869
0.948
0.923
0.969
0.898
0.895
0.885
0.853
0.838
0.874
0.874
0.897
0.888
0.889
0.954
0.883
0.827
0.828
0.863
0.778
0.847
0.873
0.979
0.889
0.930
0.839
0.850
0.925
0.976
0.821
0.846
0.713
0.660
0.678
0.662
0.720
0.848
0.923
0.860
0.973
0.878
0.781
0.938
0.783
0.824
0.887
0.861
0.796
0.710
0.882
0.899
0.861
0.925
0.803
0.819
0.803
0.719
0.839
0.755
0.694
0.732
0.733
0.862
0.932
0.961
0.843
0.810
0.891
0.865
0.872
0.750
0.724
0.711
0.738
0.674
0.628
0.773
0.804
0.792
0.867
0.927
0.887
0.805
0.921
0.897
0.851
0.771
0.712
0.639
0.671
0.706
0.723
0.781
0.825
0.834
0.814
0.838
0.857
0.867
0.872
0.967
0.972
0.921
0.873
0.925
0.961
0.828
0.844
0.883
0.873
0.810
0.760
0.721
0.625
0.656
0.903
0.792
0.768
0.780
0.817
0.959
0.886
0.954
0.909
0.851
0.783
0.766
0.809
0.911
0.894
0.970
0.846
0.904
0.838
0.802
0.819
0.942
0.859
0.846
0.840
0.857
0.905
0.801
0.947
0.958
0.901
0.959
0.883
0.923
0.966
0.894
0.972
0.902
0.977
0.960
0.920
0.941
0.971
0.902
0.970
0.967
0.971
0.845
0.774
0.772
0.874
0.932
0.902
0.953
0.921
0.922
0.898
0.964
0.890
0.880
0.914
0.900
0.980
0.888
0.940
0.939
0.946
0.973
0.911
0.980
0.922
0.982
0.958
0.929
0.962
0.922
0.927
0.977
0.945
0.939
0.917
0.976
0.959
0.916
0.886
0.948
0.931
0.975
0.964
0.965
0.954
0.942
0.923
0.897
0.951
0.971
0.909
0.912
0.942
0.980
0.941
0.934
0.974
0.928
0.937
0.969
0.962
0.931
0.932
0.830
0.808
0.910
0.877
0.863
0.882
0.828
0.911
0.901
0.844
0.837
0.865
0.872
0.961
0.954
0.966
0.885
0.948
0.904
0.887
0.944
0.872
0.882
0.849
0.914
0.885
0.832
0.897
0.899
0.926
0.894
0.888
0.890
0.912
0.890
0.878
0.900
0.917
0.875
0.915
0.971
0.912
0.884
0.894
0.880
0.915
0.871
0.919
0.837
0.979
0.915
0.941
0.884
0.944
0.922
0.868
0.887
0.864
0.852
0.852
0.870
0.854
0.834
0.807
0.815
0.813
0.845
0.929
0.863
0.859
0.878
0.854
0.814
0.753
0.834
0.916
0.850
0.857
0.819
0.817
0.815
0.765
0.779
0.857
0.790
0.821
0.894
0.921
0.914
0.969
0.965
0.936
0.917
0.937
0.925
0.913
0.908
0.849
0.938
0.883
0.894
0.861
0.863
0.862
0.927
0.898
0.971
0.941
0.962
0.973
0.946
0.960
0.974
0.900
0.914
0.967
0.881
0.911
0.934
0.936
0.925
0.874
0.934
0.945
0.892
0.947
0.899
0.930
0.951
0.977
0.871
0.940
0.970
0.837
0.891
0.820
0.948
0.845
0.953
0.885
0.925
0.879
0.891
0.910
0.877
0.901
0.832
0.813
0.875
0.881
0.910
0.921
0.892
0.869
0.802
0.838
0.921
0.886
0.807
0.778
0.742
0.795
0.752
0.782
0.895
0.813
0.754
0.807
0.808
0.752
0.796
0.673
0.737
0.748
0.816
0.857
0.851
0.810
0.846
0.861
0.759
0.824
0.842
0.794
0.771
0.726
0.736
0.813
0.786
0.743
0.718
0.777
0.888
0.848
0.673
0.723
0.808
0.868
0.845
0.771
0.729
0.683
0.747
0.818
0.834
0.848
0.752
0.705
0.623
0.713
0.759
0.787
0.699
0.801
0.748
0.678
0.742
0.720
0.671
0.633
0.715
0.712
0.791
0.805
0.693
0.798
0.876
0.840
0.774
0.828
0.911
0.830
0.796
0.665
0.768
0.881
0.804
0.897
0.805
0.822
0.879
0.842
0.903
0.805
0.834
0.847
0.914
0.810
0.929
0.723
0.810
0.697
0.707
0.725
0.717
0.761
0.746
0.773
0.783
0.883
0.800
0.792
0.752
0.758
0.778
0.784
0.745
0.806
0.729
0.755
0.844
0.834
0.917
0.801
0.851
0.861
0.884
0.863
0.932
0.882
0.820
0.874
0.789
0.866
0.789
0.816
0.865
0.827
0.924
0.916
0.836
0.923
0.978
0.908
0.960
0.897
0.913
0.935
0.934
0.923
0.906
0.969
0.887
0.923
0.906
0.898
0.899
0.929
0.848
0.840
0.843
0.901
0.910
0.893
0.949
0.926
0.961
0.855
0.932
0.922
0.928
0.910
0.938
0.894
0.881
0.897
0.879
0.867
0.899
0.918
0.981
0.941
0.927
0.902
0.911
0.919
0.928
0.959
0.896
0.936
0.910
0.920
0.963
0.928
0.937
0.935
0.960
0.923
0.849
0.831
0.865
0.861
0.844
0.914
0.821
0.819
0.908
0.979
0.932
0.952
0.952
0.927
0.871
0.943
0.910
0.937
0.952
0.943
0.920
0.850
0.894
0.905
0.898
0.812
0.797
0.861
0.731
0.836
0.784
0.825
0.833
0.817
0.775
0.747
0.700
0.652
0.705
0.704
0.768
0.821
0.897
0.875
0.874
0.891
0.956
0.868
0.853
0.840
0.927
0.978
0.974
0.936
0.848
0.908
0.874
0.846
0.888
0.916
0.959
0.878
0.947
0.938
0.960
0.962
0.928
0.977
0.928
0.974
0.928
0.882
0.922
0.877
0.902
0.902
0.955
0.888
0.857
0.856
0.843
0.835
0.859
0.877
0.866
0.874
0.923
0.906
0.920
0.916
0.948
0.848
0.920
0.931
0.894
0.913
0.886
0.954
0.921
0.976
0.978
0.975
0.974
0.884
0.928
0.956
0.963
0.972
0.966
0.941
0.930
0.908
0.947
0.957
0.882
0.939
0.954
0.858
0.886
0.867
0.855
0.943
0.874
0.948
0.944
0.901
0.941
0.885
0.974
0.902
0.956
0.890
0.924
0.882
0.971
0.932
0.932
0.944
0.898
0.900
0.974
0.951
0.960
0.918
0.968
0.925
0.945
0.919
0.913
0.956
0.979
0.927
0.901
0.962
0.908
0.908
0.868
0.913
0.966
0.847
0.899
0.856
0.857
0.900
0.865
0.911
0.816
0.905
0.883
0.921
0.936
0.925
0.956
0.855
0.861
0.854
0.872
0.977
0.828
0.923
0.936
0.925
0.812
0.926
0.774
0.887
0.791
0.699
0.713
0.746
0.828
0.838
0.765
0.774
0.810
0.801
0.799
0.773
0.786
0.804
0.779
0.825
0.778
0.819
0.789
0.807
0.831
0.863
0.913
0.895
0.924
0.815
0.814
0.842
0.846
0.767
0.727
0.801
0.746
0.748
0.786
0.781
0.799
0.753
0.723
0.679
0.647
0.747
0.811
0.876
0.738
0.790
0.764
0.707
0.688
0.713
0.759
0.664
0.692
0.679
0.763
0.775
0.865
0.686
0.734
0.763
0.763
0.817
0.820
0.921
0.879
0.884
0.875
0.902
0.838
0.849
0.760
0.852
0.830
0.845
0.808
0.789
0.819
0.817
0.881
0.924
0.801
0.870
0.799
0.788
0.782
0.785
0.817
0.892
0.896
0.903
0.785
0.922
0.879
0.874
0.883
0.870
0.877
0.833
0.946
0.912
0.851
0.813
0.852
0.866
0.918
0.836
0.760
0.805
0.821
0.828
0.684
0.842
0.856
0.918
0.920
0.863
0.961
0.807
0.846
0.960
0.761
0.779
0.845
0.809
0.774
0.844
0.925
0.868
0.935
0.885
0.855
0.981
0.968
0.867
0.909
0.874
0.911
0.950
0.868
0.974
0.803
0.948
0.911
0.871
0.940
0.965
0.967
0.938
0.857
0.903
0.904
0.933
0.976
0.969
0.935
0.923
0.960
0.945
0.856
0.877
0.863
0.891
0.917
0.882
0.963
0.894
0.896
0.920
0.896
0.969
0.940
0.951
0.981
0.968
0.962
0.966
0.897
0.894
0.891
0.965
0.933
0.921
0.873
0.905
0.871
0.937
0.944
0.832
0.858
0.921
0.850
0.910
0.911
0.967
0.977
0.949
0.855
0.886
0.845
0.863
0.909
0.839
0.907
0.845
0.792
0.756
0.781
0.831
0.844
0.872
0.864
0.833
0.832
0.926
0.972
0.917
0.896
0.884
0.827
0.853
0.816
0.821
0.796
0.874
0.854
0.849
0.876
0.944
0.900
0.980
0.935
0.931
0.905
0.883
0.910
0.956
0.858
0.873
0.896
0.872
0.844
0.907
0.876
0.928
0.859
0.899
0.867
0.863
0.811
0.852
0.826
0.875
0.891
0.945
0.830
0.885
0.861
0.880
0.895
0.881
0.872
0.912
0.890
0.897
0.930
0.975
0.971
0.934
0.962
0.891
0.860
0.877
0.908
0.949
0.965
0.982
0.941
0.883
0.914
0.932
0.917
0.921
0.933
0.904
0.957
0.901
0.825
0.852
0.916
0.851
0.901
0.956
0.919
0.847
0.876
0.832
0.839
0.928
0.862
0.806
0.839
0.884
0.879
0.830
0.889
0.808
0.933
0.858
0.914
0.794
0.878
0.878
0.911
0.935
0.889
0.929
0.888
0.943
0.914
0.939
0.927
0.946
0.888
0.893
0.924
0.868
0.944
0.975
0.877
0.976
0.853
0.939
0.837
0.939
0.972
0.946
0.930
0.858
0.846
0.912
0.827
0.891
0.928
0.866
0.958
0.913
0.938
0.828
0.911
0.862
0.901
0.786
0.747
0.920
0.868
0.820
0.850
0.927
0.815
0.869
0.855
0.890
0.859
0.833
0.787
0.802
0.859
0.890
0.806
0.715
0.655
0.783
0.793
0.766
0.707
0.713
0.732
0.686
0.708
0.602
0.659
0.658
0.774
0.907
0.796
0.813
0.807
0.688
0.728
0.652
0.807
0.769
0.800
0.772
0.747
0.812
0.648
0.628
0.680
0.691
0.754
0.741
0.644
0.684
0.718
0.580
0.606
0.563
0.678
0.694
0.608
0.674
0.698
0.691
0.730
0.744
0.731
0.698
0.791
0.753
