19790101
0.878
0.826
0.794
0.792
0.780
0.735
0.688
0.695
0.698
0.696
0.695
0.689
0.649
0.739
0.755
0.687
0.681
0.644
0.605
0.569
0.597
0.668
0.773
0.784
0.808
0.876
0.913
0.903
0.912
0.818
0.863
0.870
0.793
0.721
0.707
0.710
0.717
0.651
0.689
0.712
0.834
0.833
0.744
0.738
0.840
0.844
0.872
0.849
0.749
0.717
0.666
0.652
0.760
0.846
0.909
0.881
0.923
0.907
0.868
0.891
0.893
0.873
0.878
0.927
0.900
0.934
0.972
0.933
0.896
0.933
0.865
0.851
0.853
0.868
0.806
0.745
0.737
0.854
0.768
0.753
0.804
0.726
0.831
0.729
0.922
0.840
0.898
0.904
0.876
0.874
0.865
0.925
0.931
0.913
0.923
0.932
0.961
0.941
0.875
0.863
0.854
0.888
0.892
0.960
0.937
0.946
0.927
0.907
0.948
0.926
0.952
0.958
0.910
0.878
0.933
0.954
0.914
0.913
0.940
0.936
0.913
0.956
0.929
0.974
0.953
0.943
0.940
0.908
0.917
0.904
0.947
0.950
0.954
0.927
0.928
0.895
0.947
0.911
0.911
0.923
0.956
0.920
0.919
0.943
0.899
0.922
0.930
0.950
0.895
0.848
0.938
0.923
0.965
0.861
0.855
0.809
0.793
0.859
0.900
0.888
0.927
0.913
0.941
0.889
0.943
0.755
0.915
0.905
0.885
0.921
0.921
0.937
0.925
0.898
0.922
0.888
0.887
0.785
0.819
0.859
0.921
0.903
0.910
0.844
0.903
0.842
0.765
0.707
0.751
0.822
0.866
0.804
0.820
0.910
0.921
0.944
0.938
0.907
0.897
0.766
0.882
0.892
0.887
0.895
0.913
0.926
0.894
0.819
0.708
0.718
0.826
0.941
0.901
0.879
0.888
0.873
0.844
0.781
0.758
0.701
0.713
0.719
0.721
0.750
0.783
0.908
0.879
0.847
0.873
0.878
0.857
0.794
0.911
0.911
0.936
0.925
0.861
0.907
0.876
0.897
0.878
0.946
0.906
0.842
0.883
0.900
0.928
0.949
0.907
0.783
0.830
0.809
0.906
0.875
0.852
0.966
0.960
0.865
0.912
0.860
0.898
0.923
0.939
0.862
0.929
0.820
0.772
0.852
0.927
0.873
0.887
0.952
0.799
0.847
0.879
0.928
0.898
0.925
0.855
0.897
0.934
0.958
0.814
0.948
0.887
0.866
0.822
0.867
0.903
0.916
0.935
0.834
0.904
0.870
0.806
0.667
0.669
0.799
0.891
0.851
0.910
0.887
0.817
0.834
0.897
0.877
0.884
0.944
0.940
0.827
0.828
0.914
0.883
0.886
0.908
0.964
0.827
0.822
0.943
0.927
0.917
0.890
0.929
0.890
0.927
0.825
0.819
0.972
0.903
0.947
0.943
0.925
0.917
0.931
0.962
0.918
0.897
0.860
0.897
0.872
0.925
0.892
0.898
0.862
0.757
0.705
0.714
0.836
0.913
0.899
0.924
0.938
0.886
0.938
0.813
0.894
0.826
0.754
0.735
0.716
0.745
0.777
0.906
0.933
0.842
0.939
0.921
0.892
0.910
0.845
0.760
0.702
0.705
0.717
0.670
0.647
0.635
0.618
0.819
0.776
0.716
0.731
0.857
0.882
0.853
0.778
0.729
0.818
0.843
0.741
0.712
0.758
0.852
0.812
0.772
0.650
0.795
0.805
0.874
0.888
0.882
0.667
0.622
0.581
0.605
0.693
0.680
0.608
0.579
0.580
0.600
0.705
0.832
0.747
0.757
0.815
0.884
0.694
0.679
0.610
0.550
0.606
0.598
0.621
0.600
0.585
0.674
0.627
0.582
0.556
0.557
0.566
0.563
0.574
0.576
0.629
0.658
0.661
0.713
0.657
0.597
0.566
0.669
0.621
0.607
0.555
0.597
0.600
0.570
0.577
0.633
0.623
0.566
0.654
0.608
0.700
0.626
0.643
0.776
0.650
0.628
0.678
0.735
0.598
0.662
0.677
0.639
0.626
0.595
0.614
0.668
0.753
0.736
0.669
0.649
0.676
0.822
0.902
0.844
0.911
0.948
0.942
0.843
0.883
0.907
0.871
0.905
0.908
0.904
0.908
0.882
0.943
0.890
0.910
0.945
0.815
0.748
0.811
0.847
0.975
0.852
0.819
0.860
0.889
0.692
0.834
0.942
0.866
0.910
0.904
0.841
0.967
0.919
0.913
0.920
0.923
0.862
0.863
0.957
0.881
0.917
0.977
0.867
0.826
0.814
0.875
0.918
0.902
0.911
0.884
0.886
0.697
0.722
0.727
0.845
0.883
0.950
0.761
0.806
0.842
0.802
0.897
0.797
0.749
0.711
0.676
0.650
0.571
0.611
0.625
0.695
0.635
0.620
0.620
0.608
0.667
0.704
0.772
0.829
0.835
0.734
0.719
0.705
0.714
0.746
0.758
0.732
0.742
0.842
0.838
0.843
0.809
0.861
0.873
0.816
0.823
0.785
0.777
0.852
0.789
0.841
0.828
0.878
0.941
0.908
0.923
0.941
0.895
0.890
0.811
0.720
0.733
0.822
0.835
0.793
0.902
0.885
0.923
0.866
0.872
0.784
0.728
0.723
0.854
0.749
0.755
0.804
0.666
0.766
0.871
0.932
0.911
0.889
0.893
0.745
0.824
0.856
0.831
0.753
0.728
0.827
0.857
0.871
0.972
0.951
0.852
0.861
0.815
0.847
0.880
0.963
0.900
0.867
0.938
0.943
0.897
0.950
0.959
0.891
0.865
0.839
0.879
0.927
0.940
0.886
0.981
0.825
0.933
0.955
0.945
0.877
0.937
0.883
0.948
0.979
0.952
0.948
0.878
0.912
0.957
0.858
0.898
0.901
0.856
0.868
0.931
0.921
0.962
0.885
0.959
0.908
0.946
0.905
0.973
0.922
0.920
0.889
0.918
0.915
0.934
0.887
0.880
0.904
0.971
0.888
0.878
0.869
0.864
0.814
0.864
0.915
0.915
0.938
0.923
0.961
0.855
0.918
0.894
0.926
0.933
0.931
0.842
0.825
0.874
0.908
0.918
0.875
0.924
0.933
0.914
0.928
0.924
0.953
0.956
0.932
0.961
0.951
0.956
0.847
0.780
0.863
0.899
0.899
0.877
0.901
0.848
0.893
0.921
0.961
0.939
0.971
0.911
0.820
0.766
0.751
0.871
0.868
0.798
0.874
0.883
0.885
0.750
0.761
0.866
0.783
0.799
0.740
0.737
0.840
0.678
0.647
0.713
0.740
0.749
0.811
0.878
0.861
0.792
0.812
0.768
0.755
0.809
0.781
0.720
0.867
0.839
0.820
0.784
0.752
0.824
0.849
0.757
0.819
0.750
0.801
0.882
0.882
0.869
0.858
0.879
0.894
0.871
0.905
0.920
0.964
0.949
0.917
0.868
0.860
0.844
0.806
0.853
0.835
0.809
0.961
0.921
0.883
0.884
0.910
0.907
0.852
0.878
0.886
0.900
0.859
0.786
0.815
0.810
0.818
0.710
0.677
0.680
0.782
0.736
0.688
0.680
0.660
0.750
0.654
0.622
0.605
0.580
0.601
0.722
0.866
0.697
0.676
0.655
0.602
0.613
0.633
0.656
0.825
0.811
0.931
0.821
0.934
0.879
0.962
0.869
0.891
0.858
0.852
0.902
0.910
0.889
0.948
0.927
0.923
0.862
0.897
0.977
0.912
0.861
0.907
0.948
0.970
0.870
0.775
0.935
0.931
0.884
0.963
0.877
0.921
0.900
0.962
0.968
0.969
0.928
0.934
0.921
0.893
0.865
0.897
0.865
0.966
0.810
0.974
0.859
0.961
0.909
0.967
0.930
0.930
0.925
0.945
0.946
0.940
0.972
0.892
0.957
0.921
0.902
0.924
0.906
0.955
0.949
0.939
0.938
0.826
0.863
0.923
0.936
0.850
0.894
0.949
0.830
0.897
0.922
0.883
0.948
0.956
0.894
0.896
0.889
0.954
0.905
0.866
0.878
0.925
0.921
0.922
0.912
0.880
0.874
0.880
0.877
0.878
0.875
0.926
0.885
0.827
0.905
0.873
0.827
0.736
0.768
0.730
0.778
0.762
0.742
0.682
0.707
0.749
0.884
0.905
0.759
0.841
0.900
0.900
0.817
0.737
0.823
0.875
0.867
0.916
0.892
0.867
0.903
0.938
0.797
0.847
0.895
0.917
0.924
0.886
0.887
0.881
0.899
0.813
0.857
0.879
0.926
0.983
0.892
0.913
0.886
0.924
0.920
0.905
0.875
0.888
0.949
0.901
0.942
0.921
0.930
0.854
0.915
0.892
0.901
0.928
0.886
0.739
0.830
0.852
0.828
0.930
0.930
0.872
0.953
0.926
0.935
0.906
0.918
0.906
0.918
0.935
0.908
0.931
0.975
0.870
0.944
0.936
0.935
0.950
0.951
0.921
0.922
0.891
0.872
0.902
0.955
0.980
0.899
0.951
0.970
0.861
0.892
0.915
0.939
0.931
0.951
0.929
0.924
0.955
0.936
0.911
0.958
0.954
0.963
0.968
0.915
0.932
0.981
0.933
0.934
0.962
0.958
0.921
0.904
0.927
0.953
0.955
0.944
0.951
0.839
0.910
0.882
0.897
0.894
0.901
0.917
0.953
0.878
0.957
0.950
0.955
0.971
0.948
0.857
0.902
0.978
0.971
0.925
0.950
0.912
0.934
0.942
0.853
0.896
0.904
0.943
0.945
0.923
0.887
0.785
0.785
0.830
0.836
0.894
0.895
0.881
0.884
0.939
0.943
0.915
0.936
0.936
0.798
0.876
0.817
0.786
0.848
0.771
0.881
0.857
0.855
0.841
0.739
0.854
0.909
0.712
0.688
0.650
0.608
0.618
0.610
0.726
0.777
0.869
0.716
0.642
0.695
0.786
0.751
0.769
0.707
0.863
0.809
0.808
0.866
0.864
0.840
0.889
0.909
0.902
0.841
0.877
0.859
0.883
0.846
0.809
0.846
0.870
0.904
0.873
0.804
0.927
0.742
0.726
0.690
0.666
0.734
0.729
0.884
0.679
0.616
0.664
0.780
0.763
0.674
0.564
0.741
0.838
0.681
0.670
0.762
0.744
0.695
0.786
0.786
0.657
0.607
0.619
0.615
0.676
0.832
0.876
0.894
0.699
0.724
0.781
0.831
0.845
0.852
0.848
0.857
0.836
0.864
0.964
0.927
0.849
0.908
0.825
0.779
0.828
0.663
0.695
0.603
0.721
0.839
0.827
0.903
0.905
0.839
0.852
0.897
0.864
0.842
0.854
0.858
0.809
0.931
0.924
0.975
0.826
0.887
0.952
0.922
0.946
0.876
0.976
0.946
0.917
0.945
0.929
0.963
0.897
0.960
0.903
0.981
0.872
0.959
0.852
0.965
0.913
0.841
0.861
0.921
0.893
0.919
0.957
0.827
0.884
0.813
0.777
0.840
0.865
0.902
0.734
0.905
0.913
0.862
0.780
0.874
0.934
0.899
0.922
0.763
0.798
0.822
0.810
0.811
0.878
0.795
0.913
0.871
0.900
0.772
0.760
0.868
0.748
0.829
0.771
0.646
0.616
0.659
0.674
0.732
0.749
0.809
0.880
0.741
0.758
0.751
0.798
0.784
0.833
0.699
0.697
0.742
0.732
0.722
0.743
0.765
0.745
0.767
0.734
0.692
0.741
0.767
0.825
0.844
0.793
0.715
0.614
0.705
0.742
0.755
0.693
0.665
0.758
0.893
0.881
0.762
0.699
0.686
0.712
0.711
0.668
0.730
0.729
0.680
0.705
0.623
0.614
0.684
0.675
0.708
0.700
0.710
0.664
0.773
0.678
0.742
0.781
0.766
0.771
0.733
0.843
0.715
0.778
0.757
0.750
0.750
0.837
0.869
0.899
0.878
0.825
0.875
0.872
0.968
0.970
0.876
0.835
0.873
0.867
0.845
0.860
0.873
0.886
0.926
0.726
0.978
0.917
0.876
0.978
0.844
0.951
0.870
0.877
0.889
0.911
0.877
0.897
0.787
0.816
0.927
0.974
0.978
0.775
0.872
0.882
0.919
0.961
0.977
0.888
0.964
0.799
0.961
0.864
0.848
0.845
0.790
0.875
0.909
0.913
0.968
0.961
0.941
0.934
0.971
0.886
0.921
0.915
0.927
0.921
0.975
0.901
0.778
0.756
0.777
0.885
0.894
0.847
0.781
0.893
0.928
0.947
0.886
0.841
0.843
0.921
0.946
0.925
0.857
0.761
0.771
0.859
0.882
0.912
0.843
0.789
0.874
0.849
0.924
0.885
0.870
0.886
0.887
0.810
0.701
0.678
0.922
0.889
0.816
0.923
0.892
0.888
0.889
0.811
0.771
0.815
0.809
0.843
0.732
0.652
0.665
0.673
0.649
0.746
0.740
0.758
0.708
0.653
0.636
0.642
0.642
0.643
0.637
0.625
0.634
0.598
0.664
0.605
0.601
0.611
0.612
0.631
0.617
0.686
0.625
0.620
0.637
0.654
0.871
0.673
0.841
0.659
0.594
0.570
0.631
0.658
0.584
0.640
0.643
0.691
0.650
0.621
0.604
0.599
0.698
0.557
0.610
0.588
0.660
0.657
0.632
0.614
0.645
0.673
0.694
0.737
0.743
0.618
0.958
0.678
0.712
0.755
0.709
0.603
0.696
0.741
0.804
0.938
0.708
0.751
0.835
0.771
0.701
0.647
0.752
0.810
0.819
0.867
0.713
0.604
0.566
0.749
0.654
0.600
0.808
0.646
0.766
0.765
0.652
0.626
0.686
0.695
0.771
0.775
0.828
0.839
0.771
0.856
0.774
0.838
0.749
0.719
0.756
0.732
0.783
0.773
0.734
0.814
0.904
0.850
0.811
0.886
0.854
0.818
0.753
0.808
0.901
0.942
0.857
0.969
0.859
0.916
0.902
0.880
0.919
0.851
0.955
0.870
0.946
0.825
0.844
0.823
0.917
0.911
0.930
0.950
0.908
0.951
0.902
0.875
0.883
0.830
0.923
0.948
0.775
0.900
0.945
0.872
0.969
0.941
0.951
0.879
0.887
0.911
0.871
0.938
0.964
0.852
0.948
0.963
0.974
0.802
0.865
0.849
0.892
0.979
0.811
0.884
0.880
0.753
0.770
0.753
0.852
0.937
0.866
0.741
0.834
0.892
0.851
0.873
0.830
0.872
0.836
0.816
0.742
0.848
0.923
0.758
0.782
0.820
0.910
0.837
0.760
0.770
0.746
0.798
0.847
0.862
0.902
0.722
0.644
0.695
0.680
0.772
0.810
0.668
0.610
0.655
0.729
0.790
0.806
0.762
0.789
0.756
0.829
0.781
0.772
0.768
0.904
0.698
0.761
0.759
0.810
0.770
0.860
0.730
0.669
0.742
0.692
0.634
0.676
0.817
0.768
0.739
0.788
0.757
0.813
0.816
0.735
0.895
0.832
0.783
0.852
0.747
0.730
0.860
0.780
0.862
0.846
0.825
0.909
0.892
0.910
0.879
0.876
0.802
0.878
0.913
0.878
0.783
0.904
0.879
0.879
0.861
0.919
0.843
0.856
0.852
0.850
0.823
0.782
0.869
0.667
0.798
0.764
0.816
0.868
0.880
0.835
0.786
0.866
0.886
0.888
0.924
0.872
0.961
0.859
0.912
0.900
0.928
0.945
0.911
0.915
0.934
0.960
0.931
0.858
0.922
0.937
0.911
0.926
0.943
0.862
0.918
0.969
0.842
0.895
0.915
0.963
0.952
0.941
0.917
0.899
0.845
0.961
0.945
0.912
0.946
0.973
0.926
0.901
0.912
0.812
0.888
0.936
0.845
0.865
0.920
0.883
0.917
0.914
0.922
0.978
0.904
0.906
0.895
0.870
0.817
0.960
0.938
0.917
0.878
0.909
0.914
0.872
0.936
0.969
0.877
0.892
0.896
0.878
0.949
0.884
0.930
0.902
0.876
0.877
0.874
0.842
0.841
0.889
0.871
0.863
0.880
0.898
0.884
0.865
0.956
0.848
0.806
0.810
0.805
0.849
0.900
0.925
0.848
0.869
0.817
0.806
0.752
0.811
0.801
0.859
0.872
0.868
0.866
0.873
0.817
0.804
0.834
0.838
0.692
0.754
0.840
0.812
0.806
0.710
0.769
0.861
0.859
0.952
0.834
0.752
0.798
0.812
0.840
0.865
0.901
0.809
0.840
0.750
0.832
0.848
0.837
0.783
0.824
0.820
0.826
0.835
0.844
0.851
0.891
0.848
0.766
0.954
0.854
0.849
0.860
0.844
0.766
0.844
0.891
0.837
0.851
0.829
0.820
0.732
0.635
0.674
0.735
0.666
0.678
0.666
0.761
0.702
0.598
0.592
0.703
0.803
0.745
0.612
0.648
0.687
0.663
0.783
0.829
0.870
0.718
0.674
0.710
0.667
0.746
0.715
0.803
0.836
0.790
0.932
0.611
0.663
0.725
0.815
0.949
0.822
0.827
0.812
0.712
0.791
0.737
0.836
0.860
0.695
0.888
0.889
0.870
0.820
0.880
0.963
0.865
0.896
0.890
0.864
0.810
0.829
0.848
0.847
0.842
0.850
0.838
0.916
0.888
0.954
0.917
0.949
0.931
0.918
0.877
0.903
0.800
0.778
0.915
0.978
0.912
0.980
0.914
0.936
0.876
0.884
0.874
0.916
0.946
0.855
0.760
0.920
0.893
0.963
0.851
0.875
0.893
0.951
0.878
0.934
0.789
0.854
0.819
0.756
0.857
0.808
0.869
0.784
0.774
0.882
0.896
0.873
0.853
0.882
0.882
0.903
0.881
0.903
0.854
0.865
0.912
0.943
0.871
0.924
0.875
0.900
0.848
0.890
0.886
0.913
0.898
0.898
0.816
0.872
0.789
0.790
0.867
0.820
0.917
0.810
0.803
0.801
0.764
0.787
0.849
0.793
0.769
0.809
0.877
0.879
0.900
0.888
0.872
0.790
0.862
0.905
0.870
0.842
0.912
0.951
0.903
0.844
0.823
0.893
0.884
0.897
0.855
0.901
0.838
0.863
0.885
0.923
0.857
0.877
0.866
0.867
0.837
0.818
0.897
0.863
0.730
0.819
0.757
0.775
0.859
0.896
0.920
0.926
0.968
0.857
0.892
0.873
0.881
0.811
0.889
0.906
0.956
0.811
0.961
0.845
0.899
0.967
0.745
0.908
0.903
0.906
0.911
0.895
0.936
0.970
0.796
0.881
0.979
0.871
0.971
0.871
0.981
0.874
0.873
0.926
0.836
0.840
0.909
0.812
0.943
0.894
0.951
0.883
0.926
0.907
0.913
0.904
0.947
0.916
0.908
0.943
0.933
0.978
0.920
0.933
0.933
0.879
0.902
0.909
0.948
0.970
0.904
0.840
0.784
0.798
0.936
0.893
0.947
0.885
0.824
0.863
0.941
0.952
0.944
0.889
0.853
0.951
0.881
0.894
0.932
0.937
0.962
0.964
0.945
0.932
0.906
0.903
0.898
0.916
0.848
0.804
0.785
0.729
0.778
0.821
0.766
0.889
0.895
0.828
0.925
0.941
0.917
0.861
0.924
0.831
0.907
0.881
0.896
0.785
0.756
0.720
0.720
0.689
0.657
0.645
0.601
0.613
0.605
0.621
0.780
0.856
0.726
0.707
0.683
0.670
0.619
0.644
0.625
0.595
0.608
0.623
0.616
0.623
0.624
0.645
0.625
0.656
0.850
0.729
0.595
0.599
0.762
0.668
0.736
0.679
0.661
0.589
0.622
0.701
0.715
0.696
0.617
0.580
0.605
0.788
0.779
0.731
0.765
0.758
0.682
0.690
0.620
0.626
0.576
0.545
0.589
0.558
0.541
0.581
0.617
0.616
0.583
0.560
0.559
0.589
0.703
0.713
0.787
0.815
0.788
0.741
0.601
0.567
0.595
0.653
0.747
0.699
0.727
0.704
0.620
0.693
0.679
0.739
0.734
0.593
0.589
0.619
0.562
0.606
0.660
0.795
0.807
0.829
0.809
0.801
0.857
0.906
0.865
0.687
0.733
0.826
0.788
0.855
0.870
0.850
0.844
0.877
0.654
0.686
0.767
0.750
0.732
0.755
0.751
0.820
0.781
0.722
0.720
0.682
0.731
0.863
0.800
0.797
0.889
0.712
0.708
0.657
0.727
0.817
0.859
0.919
0.840
0.851
0.920
0.835
0.928
0.976
0.955
0.959
0.812
0.920
0.893
0.965
0.904
0.904
0.805
0.814
0.828
0.898
0.845
0.900
0.881
0.873
0.866
0.865
0.881
0.878
0.961
0.978
0.869
0.971
0.923
0.874
0.885
0.793
0.826
0.746
0.732
0.681
0.724
0.708
0.720
0.695
0.681
0.685
0.657
0.617
0.641
0.635
0.607
0.637
0.665
0.773
0.681
0.707
0.685
0.672
0.649
0.627
0.631
0.609
0.734
0.712
0.734
0.860
0.904
0.891
0.755
0.690
0.691
0.727
0.704
0.724
0.757
0.733
0.737
0.732
0.766
0.747
0.934
0.862
0.906
0.908
0.845
0.718
0.824
0.783
0.771
0.925
0.894
0.768
0.813
0.888
0.882
0.873
0.864
0.840
0.802
0.829
0.860
0.905
0.884
0.917
0.901
0.880
0.880
0.905
0.932
0.903
0.881
0.882
0.876
0.857
0.916
0.910
0.838
0.865
0.884
0.907
0.745
0.728
0.744
0.824
0.887
0.883
0.889
0.886
0.982
0.771
0.926
0.839
0.908
0.838
0.906
0.868
0.837
0.793
0.786
0.801
0.888
0.857
0.888
0.877
0.942
0.810
0.768
0.886
0.912
0.894
0.932
0.899
0.782
0.867
0.943
0.909
0.953
0.845
0.884
0.889
0.839
0.824
0.800
0.837
0.837
0.900
0.922
0.861
0.980
0.881
0.859
0.820
0.959
0.967
0.929
0.925
0.976
0.920
0.769
0.972
0.797
0.706
0.652
0.738
0.853
0.917
0.879
0.950
0.907
0.924
0.898
0.831
0.896
0.861
0.903
0.884
0.920
0.928
0.920
0.923
0.902
0.931
0.901
0.927
0.914
0.873
0.899
0.910
0.932
0.943
0.979
0.961
0.891
0.902
0.902
0.953
0.916
0.876
0.858
0.952
0.840
0.894
0.860
0.892
0.757
0.674
0.650
0.643
0.630
0.650
0.646
0.663
0.658
0.653
0.677
0.686
0.596
0.706
0.762
0.735
0.744
0.636
0.737
0.759
0.817
0.770
0.873
0.759
0.798
0.797
0.717
0.667
0.720
0.649
0.725
0.760
0.706
0.609
0.648
0.668
0.651
0.567
0.616
0.592
0.717
0.756
0.744
0.794
0.839
0.842
0.705
0.686
0.747
0.653
0.629
0.738
0.876
0.836
0.757
0.683
0.658
0.792
0.767
0.697
0.778
0.796
0.757
0.650
0.676
0.804
0.807
0.780
0.792
0.779
0.818
0.862
0.882
0.841
0.774
0.603
0.636
0.782
0.891
0.883
0.798
0.871
0.687
0.774
0.742
0.615
0.612
0.735
0.713
0.820
0.800
0.643
0.555
0.624
0.683
0.675
0.737
0.730
0.771
0.721
0.582
0.586
0.549
0.626
0.741
0.656
0.723
0.858
0.832
0.876
0.731
0.821
0.845
0.758
0.720
0.786
0.804
0.876
0.737
0.837
0.953
0.855
0.818
0.820
0.728
0.883
0.895
0.853
0.861
0.884
0.861
0.773
0.899
0.900
0.893
0.903
0.922
0.942
0.819
0.849
0.856
0.890
0.893
0.874
0.868
0.916
0.866
0.884
0.827
0.730
0.778
0.629
0.759
0.861
0.834
0.822
0.848
0.814
0.850
0.866
0.920
0.859
0.882
0.874
0.846
0.905
0.889
-99.000
0.974
0.938
0.946
0.862
0.933
0.906
0.789
0.915
0.885
0.827
0.755
0.760
0.689
0.760
0.836
0.785
0.733
0.784
0.751
0.720
0.722
0.764
0.822
0.853
0.748
0.739
0.743
0.736
0.789
0.871
0.845
0.749
0.642
0.716
0.747
0.764
0.720
0.679
0.659
0.665
0.672
0.710
0.682
0.653
0.701
0.758
0.772
0.840
0.708
0.711
0.761
0.748
0.690
0.631
0.609
0.592
0.609
0.666
0.692
0.637
0.661
0.699
0.693
0.687
0.740
0.742
0.731
0.693
0.621
0.652
0.660
0.671
0.793
0.856
0.836
0.860
0.729
0.873
0.850
0.850
0.807
0.903
0.850
0.728
0.864
0.893
0.846
0.716
0.758
0.820
0.806
0.874
0.864
0.947
0.944
0.738
0.715
0.686
0.720
0.788
0.745
0.685
0.740
0.726
0.740
0.892
0.855
0.788
0.781
0.890
0.871
0.878
0.840
0.830
0.784
0.907
0.852
0.913
0.974
0.799
0.970
0.895
0.908
0.960
0.852
0.911
0.835
0.870
0.858
0.928
0.878
0.940
0.932
0.907
0.956
0.943
0.973
0.981
0.889
0.873
0.955
0.915
0.966
0.950
0.934
0.971
0.922
0.928
0.918
0.948
0.956
0.945
0.889
0.976
0.884
0.939
0.894
0.929
0.880
0.790
0.855
0.940
0.942
0.900
0.898
0.878
0.924
0.971
0.935
0.895
0.945
0.950
0.931
0.919
0.945
0.885
0.966
0.908
0.927
0.918
0.803
0.889
0.841
0.907
0.899
0.847
0.853
0.873
0.896
0.932
0.947
0.942
0.888
0.848
0.802
0.746
0.756
0.871
0.806
0.721
0.691
0.645
0.718
0.667
0.698
0.726
0.801
-99.000
-99.000
-99.000
-99.000
-99.000
-99.000
-99.000
-99.000
0.845
0.701
0.618
0.664
0.905
0.955
0.889
0.653
0.609
0.598
0.720
0.731
0.705
0.634
0.643
0.651
0.648
0.735
0.768
0.828
0.850
0.836
0.917
0.854
0.759
0.743
0.795
0.633
0.605
0.616
0.640
0.609
0.644
0.623
0.597
0.615
0.703
0.784
0.962
0.899
0.911
0.752
0.755
0.897
0.828
0.791
0.850
0.779
0.730
0.661
0.665
0.669
0.607
0.601
0.641
0.622
0.639
0.635
0.639
0.640
0.618
0.639
0.791
0.780
0.727
0.757
0.815
0.708
0.635
0.708
0.658
0.731
0.815
0.777
0.629
0.613
0.667
0.759
0.774
0.913
0.745
0.849
0.647
0.797
0.719
0.822
0.657
0.703
0.782
0.890
0.813
0.824
0.845
0.873
0.865
0.755
0.879
0.759
0.910
0.812
0.822
0.702
0.641
0.763
0.728
0.790
0.742
0.724
0.811
0.934
0.773
0.955
0.830
0.918
0.925
0.906
0.923
0.864
0.828
0.873
0.952
0.916
0.874
0.878
0.880
0.906
0.830
0.846
0.845
0.897
0.772
0.829
0.768
0.889
0.897
0.933
0.900
0.904
0.878
0.930
0.968
0.848
0.929
0.931
0.923
0.837
0.850
0.822
0.840
0.850
0.826
0.866
0.857
0.847
0.928
0.867
0.964
0.785
0.732
0.830
0.776
0.844
0.886
0.944
0.897
0.928
0.822
0.845
0.900
0.859
0.904
0.793
0.927
0.919
0.893
0.871
0.807
0.781
0.738
0.831
0.897
0.837
0.752
0.826
0.900
0.800
0.742
0.807
0.873
0.819
0.828
0.842
0.916
0.837
0.893
0.853
0.878
0.978
0.888
0.807
0.808
0.783
0.865
0.850
0.775
0.845
0.865
0.864
0.806
0.836
0.937
0.822
0.911
0.924
0.922
0.920
0.882
0.913
0.923
0.852
0.880
0.812
0.887
0.849
0.862
0.835
0.771
0.766
0.876
0.898
0.791
0.784
0.798
0.828
0.843
0.785
0.823
0.793
0.851
0.842
0.916
0.901
0.841
0.915
0.887
0.964
0.863
0.961
0.873
0.869
0.919
0.891
0.916
0.859
0.773
0.884
0.922
0.837
0.947
0.772
0.815
0.865
0.907
0.932
0.964
0.898
0.912
0.869
0.880
0.954
0.922
0.935
0.883
0.921
0.932
0.935
0.932
0.977
0.886
0.956
0.943
0.946
0.905
0.912
0.870
0.913
0.929
0.939
0.928
0.902
0.883
0.925
0.899
0.953
0.968
0.942
0.950
0.980
0.907
0.979
0.941
0.976
0.878
0.848
0.960
0.875
0.901
0.936
0.890
0.951
0.957
0.931
0.886
0.935
0.900
0.890
0.923
0.958
0.930
0.943
0.951
0.925
0.870
0.917
0.943
0.922
0.915
0.936
0.922
0.925
0.908
0.955
0.910
0.944
0.939
0.920
0.954
0.920
0.933
0.884
0.819
0.846
0.940
0.964
0.955
0.949
0.921
0.895
0.904
0.828
0.759
0.772
0.752
0.772
0.778
0.761
0.768
0.718
0.710
0.702
0.693
0.708
0.845
0.730
0.668
0.668
0.682
0.664
0.633
0.714
0.815
0.757
0.704
0.668
0.700
0.740
0.622
0.598
0.645
0.624
0.641
0.620
0.767
0.664
0.606
0.599
0.591
0.607
0.609
0.571
0.594
0.556
0.600
0.622
0.622
0.596
0.613
0.671
0.717
0.731
0.758
0.672
0.623
0.668
0.724
0.849
0.843
0.797
0.781
0.739
0.788
0.749
0.748
0.678
0.618
0.620
0.746
0.690
0.599
0.619
0.686
0.698
0.780
0.647
0.636
0.655
0.588
0.574
0.585
0.600
0.637
0.603
0.611
0.675
0.732
0.721
0.621
0.637
0.746
0.709
0.704
0.684
0.607
0.577
0.575
0.559
0.580
0.597
0.562
0.535
0.529
0.565
0.585
0.629
0.706
0.671
0.608
0.654
0.813
0.847
0.909
0.862
0.935
0.954
0.930
0.962
0.937
0.943
0.971
0.946
0.937
0.929
0.902
0.909
0.905
0.914
0.917
0.885
0.861
0.872
0.832
0.894
0.911
0.926
0.904
0.958
0.847
0.917
0.898
0.895
0.880
0.929
0.892
0.897
0.900
0.913
0.843
0.868
0.963
0.838
0.944
0.896
0.929
0.965
0.916
0.890
0.933
0.839
0.895
0.917
0.851
0.870
0.892
0.940
0.906
0.915
0.917
0.938
0.958
0.928
0.822
0.830
0.875
0.891
0.877
0.889
0.888
0.831
0.960
0.870
0.940
0.870
0.915
0.957
0.968
0.853
0.912
0.981
0.871
0.896
0.903
0.904
0.918
0.899
0.898
0.920
0.852
0.918
0.961
0.940
0.882
0.945
0.935
0.940
0.892
0.933
0.851
0.917
0.802
0.764
0.781
0.831
0.788
0.823
0.795
0.778
0.771
0.765
0.866
0.821
0.790
0.880
0.797
0.870
0.815
0.876
0.945
0.927
0.903
0.895
0.923
0.903
0.964
0.886
0.955
0.960
0.957
0.930
0.915
0.893
0.903
0.923
0.888
0.970
0.868
0.911
0.868
0.950
0.967
0.965
0.897
0.929
0.837
0.913
0.932
0.936
0.942
0.910
0.958
0.917
0.860
0.930
0.856
0.951
0.923
0.957
0.916
0.948
0.950
0.900
0.906
0.875
0.943
0.892
0.915
0.967
0.935
0.975
0.903
0.913
0.950
0.963
0.966
0.922
0.930
0.876
0.936
0.918
0.923
0.906
0.872
0.945
0.919
0.979
0.849
0.967
0.909
0.952
0.907
0.935
0.946
0.941
0.904
0.930
0.840
0.849
0.804
0.784
0.809
0.911
0.938
0.933
0.930
0.951
0.930
0.899
0.889
0.951
0.912
0.938
0.968
0.966
0.839
0.902
0.957
0.982
0.901
0.879
0.914
0.892
0.944
0.897
0.957
0.932
0.982
0.976
0.960
0.959
0.910
0.941
0.977
0.932
0.939
0.971
0.962
0.955
0.924
0.955
0.933
0.903
0.936
0.932
0.938
0.918
0.888
0.899
0.857
0.897
0.877
0.832
0.875
0.876
0.907
0.901
0.824
0.807
0.815
0.824
0.803
0.784
0.794
0.861
0.863
0.869
0.896
0.892
0.903
0.948
0.955
0.936
0.979
0.880
0.935
0.897
0.950
0.916
0.919
0.898
0.869
0.804
0.814
0.822
0.950
0.924
0.910
0.932
0.900
0.877
0.856
0.911
0.870
0.872
0.801
0.843
0.822
0.813
0.729
0.704
0.757
0.667
0.652
0.626
0.604
0.623
0.608
0.642
0.602
0.655
0.718
0.723
0.629
0.598
0.585
0.571
0.565
0.584
0.548
0.587
0.587
0.591
0.646
0.727
0.827
0.918
0.895
0.870
0.857
0.844
0.886
0.778
0.754
0.736
0.797
0.779
0.837
0.823
0.799
0.816
0.831
0.947
0.879
0.790
0.718
0.688
0.812
0.721
0.838
0.847
0.938
0.842
0.862
0.921
0.851
0.797
0.783
0.872
0.798
0.895
0.844
0.805
0.742
0.720
0.720
0.729
0.709
0.728
0.773
0.710
0.779
0.816
0.804
0.812
0.662
0.678
0.684
0.663
0.757
0.691
0.640
0.674
0.792
0.881
0.855
0.839
0.851
0.790
0.783
0.844
0.893
0.892
0.848
0.858
0.899
0.911
0.922
0.914
0.877
0.928
0.973
0.780
0.963
0.982
0.852
0.883
0.960
0.868
0.863
0.822
0.769
0.744
0.778
0.710
0.755
0.905
0.864
0.879
0.906
0.860
0.904
0.945
0.823
0.870
0.874
0.864
0.954
0.895
0.827
0.959
0.872
0.906
0.909
0.935
0.916
0.932
0.842
0.774
0.837
0.882
0.866
0.795
0.831
0.830
0.896
0.897
0.880
0.904
0.942
0.932
0.912
0.889
0.875
0.899
0.881
0.868
0.864
0.887
0.948
0.796
0.813
0.834
0.862
0.868
0.764
0.747
0.742
0.728
0.706
0.704
0.689
0.793
0.852
0.906
0.876
0.858
0.838
0.872
0.899
0.843
0.930
0.888
0.890
0.911
0.907
0.901
0.846
0.894
0.891
0.885
0.912
0.743
0.885
0.888
0.787
0.873
0.965
0.790
0.824
0.845
0.925
0.819
0.888
0.918
0.945
0.900
0.898
0.846
0.947
0.859
0.892
0.832
0.927
0.927
0.966
0.896
0.902
0.918
0.964
0.935
0.934
0.955
0.880
0.945
0.921
0.902
0.917
0.872
0.901
0.896
0.934
0.925
0.918
0.940
0.881
0.950
0.950
0.960
0.840
0.937
0.946
0.978
0.848
0.857
0.802
0.768
0.882
0.859
0.866
0.949
0.892
0.822
0.761
0.888
0.935
0.849
0.925
0.935
0.977
0.859
0.937
0.910
0.981
0.801
0.860
0.878
0.907
0.931
0.899
0.906
0.936
0.927
0.937
0.952
0.916
0.926
0.869
0.929
0.974
0.982
0.966
0.950
0.890
0.930
0.978
0.905
0.911
0.735
0.853
0.942
0.905
0.947
0.947
0.944
0.950
0.947
0.942
0.919
0.938
0.940
0.949
0.976
0.947
0.954
0.937
0.943
0.934
0.899
0.940
0.919
0.934
0.922
0.909
0.896
0.912
0.932
0.934
0.881
0.841
0.834
0.792
0.757
0.755
0.758
0.738
0.719
0.707
0.702
0.676
0.824
0.898
0.894
0.915
0.849
0.806
0.818
0.798
0.791
0.862
0.893
0.892
0.910
0.931
0.917
0.933
0.934
0.887
0.895
0.780
0.862
0.931
0.865
0.872
0.792
0.744
0.762
0.806
0.795
0.780
0.814
0.774
0.690
0.693
0.836
0.771
0.729
0.823
0.738
0.692
0.667
0.784
0.838
0.839
0.902
0.806
0.820
0.758
0.726
0.668
0.710
0.823
0.699
0.684
0.649
0.613
0.625
0.688
0.736
0.684
0.680
0.823
0.830
0.867
0.705
0.634
0.638
0.657
0.656
0.648
0.663
0.723
0.602
0.595
0.607
0.606
0.602
0.641
0.694
0.610
0.620
0.752
0.788
0.727
0.739
0.842
0.857
0.795
0.773
0.786
0.806
0.758
0.785
0.832
0.821
0.758
0.663
0.729
0.779
0.839
0.758
0.875
0.845
0.873
0.880
0.924
0.749
0.684
0.775
0.778
0.737
0.806
0.861
0.885
0.931
0.866
0.846
0.906
0.952
0.920
0.938
0.886
0.849
0.884
0.945
0.873
0.868
0.896
0.961
0.896
0.884
0.874
0.859
0.950
0.969
0.872
0.946
0.793
0.866
0.802
0.871
0.937
0.895
0.931
0.838
0.918
0.903
0.757
0.813
0.857
0.889
0.841
0.928
0.882
0.942
0.858
0.952
0.969
0.870
0.820
0.873
0.794
0.919
0.875
0.898
0.833
0.811
0.879
0.782
0.806
0.891
0.963
0.870
0.950
0.942
0.931
0.832
0.821
0.841
0.790
0.727
0.766
0.817
0.774
0.848
0.896
0.883
0.882
0.802
0.872
0.708
0.828
0.813
0.758
0.857
0.832
0.881
0.889
0.893
0.822
0.863
0.807
0.902
0.908
0.922
0.895
0.857
0.918
0.870
0.877
0.776
0.823
0.842
0.895
0.786
0.779
0.851
0.757
0.725
0.776
0.693
0.694
0.752
0.820
0.834
0.739
0.766
0.796
0.805
0.806
0.765
0.802
0.735
0.792
0.851
0.895
0.856
0.824
0.875
0.785
0.832
0.763
0.688
0.688
0.695
0.770
0.876
0.882
0.886
0.927
0.915
0.882
0.793
0.839
0.872
0.779
0.765
0.797
0.847
0.892
0.932
0.844
0.889
0.878
0.910
0.870
0.817
0.732
0.714
0.778
0.873
0.863
0.757
0.926
0.912
0.902
0.907
0.927
0.868
0.922
0.843
0.895
0.851
0.921
0.965
0.821
0.892
0.837
0.977
0.889
0.897
0.978
0.794
0.859
0.943
0.937
0.921
0.926
0.933
0.962
0.961
0.941
0.906
0.920
0.843
0.897
0.969
0.948
0.871
0.913
0.900
0.923
0.825
0.844
0.902
0.884
0.898
0.917
0.919
0.942
0.923
0.966
0.893
0.923
0.897
0.867
0.926
0.918
0.860
0.859
0.880
0.906
0.893
0.939
0.908
0.936
0.900
0.905
0.913
0.910
0.930
0.919
0.951
0.942
0.919
0.945
0.908
0.923
0.918
0.868
0.927
0.946
0.941
0.932
0.860
0.803
0.850
0.764
0.736
0.788
0.860
0.830
0.775
0.717
0.697
0.675
0.656
0.649
0.684
0.666
0.723
0.731
0.740
0.796
0.934
0.828
0.848
0.806
0.897
0.892
0.854
0.895
0.836
0.844
0.807
0.740
0.694
0.688
0.748
0.769
0.738
0.711
0.690
0.705
0.708
0.639
0.620
0.617
0.631
0.612
0.614
0.609
0.610
0.633
0.625
0.568
0.584
0.650
0.622
0.596
0.599
0.622
0.637
0.688
0.776
0.865
0.865
0.802
0.836
0.867
0.878
0.807
0.648
0.586
0.652
0.605
0.515
0.564
0.567
0.611
0.647
0.705
0.651
0.760
0.773
0.837
0.852
0.819
0.817
0.874
0.761
0.780
0.924
0.872
0.906
0.780
0.874
0.713
0.814
0.695
0.639
0.624
0.597
0.569
0.579
0.624
0.579
0.584
0.751
0.791
0.771
0.730
0.741
0.765
0.734
0.730
0.676
0.656
0.741
0.721
0.829
0.863
0.832
0.817
0.822
0.853
0.965
0.948
0.878
0.878
0.912
0.876
0.900
0.907
0.964
0.914
0.822
0.735
0.773
0.843
0.899
0.924
0.932
0.930
0.957
0.974
0.912
0.902
0.857
0.901
0.963
0.849
0.877
0.932
0.949
0.873
0.946
0.818
0.922
0.942
0.925
0.976
0.970
0.912
0.959
0.915
0.878
0.949
0.903
0.922
0.873
0.896
0.891
0.933
0.949
0.915
0.877
0.901
0.903
0.895
0.918
0.925
0.846
0.880
0.767
0.761
0.785
0.861
0.972
0.853
0.903
0.915
0.934
0.906
0.917
0.904
0.897
0.932
0.904
0.962
0.866
0.919
0.891
0.903
0.896
0.918
0.875
0.841
0.918
0.856
0.892
0.923
0.939
0.892
0.869
0.793
0.883
0.799
0.828
0.785
0.757
0.760
0.783
0.747
0.722
0.775
0.819
0.799
0.757
0.768
0.778
0.759
0.827
0.889
0.887
0.912
0.881
0.903
0.776
0.736
0.750
0.810
0.845
0.864
0.910
0.878
0.880
0.805
0.864
0.727
0.662
0.687
0.758
0.866
0.838
0.867
0.725
0.762
0.723
0.754
0.737
0.718
0.705
0.720
0.736
0.720
0.775
0.735
0.763
0.740
0.852
0.849
0.788
0.801
0.805
0.765
0.706
0.692
0.688
0.690
0.726
0.912
0.890
0.885
0.888
0.947
0.893
0.860
0.927
0.946
0.897
0.827
0.982
0.943
0.891
0.906
0.906
0.925
0.845
0.941
0.882
0.849
0.905
0.958
0.855
0.923
0.866
0.915
0.888
0.885
0.885
0.822
0.920
0.976
0.881
0.818
0.757
0.702
0.831
0.785
0.874
0.912
0.982
0.916
0.842
0.863
0.980
0.880
0.908
0.898
0.878
0.889
0.879
0.905
0.917
0.934
0.931
0.977
0.981
0.812
0.903
0.891
0.936
0.906
0.879
0.891
0.882
0.896
0.939
0.928
0.904
0.967
0.900
0.925
0.867
0.923
0.908
0.876
0.840
0.930
0.962
0.971
0.940
0.866
0.783
0.790
0.794
0.813
0.777
0.789
0.748
0.754
0.866
0.893
0.883
0.905
0.889
0.884
0.750
0.715
0.724
0.718
0.706
0.746
0.779
0.882
0.897
0.795
0.649
0.707
0.704
0.754
0.858
0.882
0.861
0.881
0.773
0.677
0.645
0.666
0.651
0.647
0.737
0.711
0.619
0.620
0.619
0.620
0.624
0.619
0.641
0.636
0.656
0.648
0.620
0.606
0.624
0.608
0.672
0.712
0.846
0.793
0.654
0.641
0.619
0.602
0.665
0.823
0.789
0.823
0.840
0.631
0.777
0.594
0.601
0.620
0.632
0.591
0.598
0.602
0.611
0.590
0.585
0.611
0.597
0.606
0.641
0.688
0.621
0.590
0.587
0.588
0.567
0.635
0.679
0.602
0.630
0.619
0.596
0.628
0.609
0.675
0.785
0.679
0.664
0.556
0.547
0.597
0.669
0.703
0.613
0.559
0.608
0.627
0.613
0.616
0.610
0.615
0.687
0.743
0.747
0.755
0.602
0.636
0.575
0.644
0.635
0.612
0.636
0.620
0.702
0.744
0.779
0.690
0.837
0.831
0.876
0.905
0.930
0.796
0.693
0.774
0.860
0.906
0.903
0.908
0.795
0.800
0.908
0.903
0.962
0.852
0.857
0.920
0.853
0.847
0.944
0.761
0.737
0.711
0.700
0.792
0.934
0.878
0.957
0.926
0.976
0.866
0.896
0.783
0.911
0.922
0.820
0.933
0.794
0.925
0.886
0.976
0.938
0.810
0.881
0.865
0.906
0.907
0.891
0.897
0.782
0.823
0.900
0.936
0.917
0.801
0.793
0.788
0.774
0.675
0.763
0.735
0.860
0.890
0.866
0.767
0.720
0.678
0.769
0.782
0.788
0.901
0.931
0.806
0.711
0.755
0.723
0.704
0.685
0.707
0.731
0.774
0.746
0.742
0.726
0.760
0.838
0.839
0.926
0.849
0.885
0.870
0.739
0.709
0.682
0.792
0.814
0.694
0.683
0.695
0.760
0.838
0.848
0.918
0.829
0.875
0.895
0.728
0.730
0.736
0.722
0.727
0.768
0.845
0.812
0.821
0.887
0.776
0.756
0.791
0.853
0.836
0.922
0.758
0.890
0.906
0.784
0.729
0.747
0.681
0.687
0.729
0.756
0.875
0.916
0.864
0.801
0.862
0.887
0.804
0.780
0.901
0.897
0.846
0.799
0.799
0.764
0.776
0.787
0.855
0.915
0.873
0.940
0.872
0.942
0.888
0.879
0.909
0.976
0.912
0.890
0.823
0.865
0.870
0.907
0.808
0.903
0.949
0.916
0.892
0.844
0.943
0.975
0.924
0.895
0.944
0.806
0.742
0.778
0.700
0.693
0.712
0.746
0.846
0.916
0.936
0.858
0.799
0.864
0.953
0.893
0.932
0.895
0.899
0.900
0.895
0.906
0.898
0.869
0.870
0.925
0.934
0.925
0.946
0.948
0.918
0.935
0.925
0.919
0.888
0.954
0.947
0.942
0.967
0.969
0.962
0.958
0.944
0.937
0.975
0.911
0.961
0.945
0.960
0.927
0.942
0.923
0.929
0.970
0.951
0.885
0.932
0.801
0.875
0.931
0.893
0.915
0.933
0.920
0.876
0.949
0.881
0.907
0.918
0.944
0.886
0.770
0.717
0.740
0.723
0.726
0.714
0.728
0.759
0.853
0.794
0.737
0.891
0.791
0.804
0.739
0.720
0.811
0.847
0.876
0.871
0.863
0.819
0.880
0.766
0.751
0.754
0.866
0.843
0.776
0.881
0.884
0.770
0.713
0.688
0.720
0.682
0.711
0.718
0.791
0.903
0.945
0.852
0.809
0.761
0.700
0.703
0.692
0.669
0.659
0.801
0.763
0.827
0.775
0.725
0.695
0.763
0.745
0.669
0.584
0.583
0.617
0.633
0.601
0.566
0.531
0.561
0.624
0.692
0.816
0.657
0.632
0.696
0.707
0.660
0.709
0.628
0.724
0.740
0.677
0.619
0.596
0.629
0.697
0.652
0.641
0.715
0.725
0.720
0.796
0.906
0.902
0.852
0.860
0.902
0.921
0.926
0.921
0.837
0.897
0.909
0.915
0.872
0.844
0.844
0.856
0.852
0.851
0.887
0.875
0.893
0.875
0.877
0.875
0.923
0.909
0.846
0.916
0.843
0.862
0.846
0.852
0.774
0.810
0.710
0.868
0.848
0.890
0.863
0.868
0.919
0.902
0.846
0.801
0.904
0.911
0.976
0.790
0.901
0.918
0.878
0.853
0.928
0.909
0.924
0.895
0.951
0.951
0.931
0.880
0.821
0.846
0.929
0.970
0.907
0.878
0.933
0.907
0.932
0.956
0.876
0.914
0.976
0.806
0.864
0.916
0.858
0.818
0.832
0.793
0.863
0.797
0.784
0.838
0.878
0.803
0.874
0.845
0.908
0.853
0.926
0.789
0.862
0.880
0.836
0.892
0.889
0.907
0.879
0.871
0.927
0.893
0.895
0.842
0.864
0.873
0.933
0.829
0.852
0.902
0.895
0.796
0.796
0.791
0.914
0.874
0.873
0.777
0.790
0.811
0.778
0.856
0.724
0.775
0.744
0.795
0.822
0.810
0.841
0.748
0.784
0.869
0.892
0.794
0.745
0.765
0.680
0.664
0.668
0.611
0.650
0.682
0.742
0.806
0.789
0.891
0.872
0.788
0.859
0.847
0.906
0.858
0.896
0.901
0.748
0.781
0.711
0.762
0.836
0.787
0.844
0.800
0.849
0.911
0.748
0.744
0.873
0.867
0.863
0.821
0.876
0.889
0.921
0.920
0.914
0.890
0.864
0.891
0.852
0.913
0.870
0.921
0.916
0.949
0.873
0.957
0.928
0.871
0.895
0.935
0.960
0.790
0.870
0.910
0.932
0.973
0.857
0.852
0.912
0.962
0.868
0.867
0.919
0.911
0.873
0.883
0.933
0.895
0.906
0.876
0.925
0.899
0.883
0.866
0.960
0.892
0.930
0.880
0.946
0.938
0.910
0.945
0.894
0.912
0.945
0.922
0.946
0.900
0.975
0.940
0.915
0.864
0.890
0.875
0.926
0.891
0.896
0.969
0.921
0.945
0.964
0.936
0.962
0.902
0.873
0.938
0.930
0.919
0.869
0.905
0.934
0.867
0.946
0.948
0.968
0.972
0.962
0.928
0.928
0.918
0.946
0.952
0.909
0.920
0.861
0.821
0.877
0.925
0.978
0.934
0.949
0.943
0.923
0.917
0.935
0.925
0.926
0.866
0.857
0.827
0.840
0.847
0.874
0.769
0.761
0.743
0.737
0.742
0.659
0.666
0.672
0.847
0.941
0.910
0.726
0.807
0.771
0.898
0.772
0.689
0.661
0.622
0.900
0.859
0.830
0.803
0.838
0.756
0.698
0.667
0.657
0.646
0.626
0.606
0.643
0.667
0.663
0.653
0.592
0.670
0.660
0.713
0.657
0.625
0.754
0.802
0.722
0.617
0.655
0.631
0.651
0.707
0.657
0.818
0.842
0.754
0.814
0.855
0.709
0.788
0.774
0.689
0.634
0.710
0.752
0.828
0.734
0.834
0.839
0.736
0.769
0.754
0.846
0.807
0.642
0.658
0.659
0.808
0.820
0.794
0.630
0.723
0.710
0.716
0.712
0.852
0.898
0.878
0.879
0.912
0.936
0.893
0.827
0.837
0.907
0.923
0.885
0.919
0.896
0.960
0.944
0.919
0.919
0.893
0.888
0.926
0.908
0.875
0.833
0.767
0.836
0.924
0.963
0.905
0.928
0.936
0.917
0.891
0.889
0.906
0.831
0.886
0.879
0.906
0.887
0.906
0.875
0.966
0.923
0.906
0.844
0.862
0.832
0.901
0.870
0.868
0.947
0.897
0.978
0.855
0.967
0.794
0.892
0.876
0.782
0.874
0.889
0.914
0.921
0.890
0.948
0.903
0.934
0.923
0.899
0.931
0.890
0.923
0.859
0.931
0.950
0.923
0.926
0.934
0.873
0.925
0.849
0.933
0.848
0.826
0.839
0.886
0.876
0.895
0.855
0.854
0.899
0.864
0.874
0.860
0.980
0.832
0.863
0.846
0.823
0.902
0.817
0.804
0.888
0.898
0.874
0.884
0.863
0.882
0.839
0.931
0.962
0.843
0.935
0.759
0.660
0.709
0.718
0.746
0.714
0.684
0.783
0.757
0.773
0.803
0.899
0.891
0.863
0.878
0.877
0.894
0.882
0.902
0.817
0.873
0.875
0.889
0.881
0.798
0.776
0.701
0.812
0.942
0.882
0.874
0.891
0.978
0.763
0.781
0.860
0.853
0.885
0.753
0.803
0.859
0.946
0.889
0.745
0.882
0.887
0.787
0.810
0.699
0.707
0.809
0.863
0.897
0.898
0.858
0.870
0.844
0.829
0.799
0.797
0.883
0.751
0.797
0.799
0.881
0.880
0.879
0.909
0.819
0.902
0.864
0.815
0.861
0.932
0.950
0.835
0.965
0.954
0.967
0.971
0.928
0.978
0.869
0.874
0.946
0.921
0.862
0.715
0.954
0.950
0.960
0.981
0.878
0.955
0.958
0.917
0.950
0.967
0.860
0.965
0.962
0.976
0.916
0.911
0.851
0.898
0.954
0.842
0.932
0.967
0.890
0.922
0.935
0.904
0.921
0.892
0.956
0.980
0.981
0.911
0.884
0.907
0.908
0.903
0.909
0.969
0.945
0.935
0.947
0.944
0.925
0.916
0.954
0.926
0.966
0.979
0.920
0.935
0.913
0.950
0.916
0.974
0.848
0.890
0.905
0.896
0.917
0.925
0.909
0.924
0.898
0.874
0.891
0.882
0.900
0.882
0.874
0.875
0.832
0.764
0.809
0.792
0.859
0.841
0.889
0.876
0.915
0.937
0.915
0.865
0.954
0.775
0.739
0.708
0.669
0.694
0.707
0.676
0.689
0.661
0.648
0.643
0.618
0.617
0.703
0.601
0.593
0.630
0.704
0.683
0.689
0.660
0.732
0.780
0.734
0.758
0.762
0.761
0.714
0.629
0.603
0.601
0.601
0.592
0.635
0.730
0.671
0.643
0.666
0.771
0.673
0.635
0.613
0.626
0.642
0.575
0.577
0.539
0.571
0.570
0.554
0.577
0.530
0.547
0.571
0.631
0.672
0.682
0.645
0.810
0.799
0.751
0.674
0.683
0.740
0.701
0.611
0.603
0.640
0.695
0.729
0.788
0.786
0.852
0.687
0.692
0.710
0.674
0.699
0.790
0.698
0.647
0.878
0.825
0.772
0.642
0.609
0.589
0.560
0.656
0.777
0.948
0.759
0.804
0.677
0.846
0.775
0.848
0.802
0.917
0.837
0.861
0.897
0.904
0.859
0.884
0.840
0.881
0.821
0.758
0.804
0.885
0.841
0.872
0.940
0.894
0.887
0.860
0.941
0.756
0.886
0.915
0.944
0.917
0.930
0.933
0.976
0.891
0.871
0.850
0.954
0.859
0.869
0.841
0.845
0.884
0.895
0.876
0.948
0.918
0.924
0.895
0.969
0.894
0.891
0.937
0.927
0.916
0.894
0.967
0.911
0.859
0.912
0.888
0.800
0.901
0.845
0.929
0.885
0.917
0.926
0.950
0.896
0.895
0.815
0.826
0.852
0.908
0.894
0.868
0.916
0.922
0.881
0.952
0.962
0.911
0.945
0.887
0.889
0.804
0.872
0.812
0.858
0.873
0.901
0.923
0.911
0.901
0.863
0.894
0.917
0.887
0.841
0.799
0.829
0.809
0.860
0.874
0.914
0.888
0.952
0.880
0.852
0.848
0.883
0.839
0.878
0.949
0.938
0.839
0.929
0.964
0.945
0.903
0.846
0.854
0.976
0.937
0.927
0.940
0.961
0.962
0.878
0.829
0.823
0.894
0.894
0.844
0.875
0.897
0.939
0.951
0.956
0.970
0.933
0.826
0.918
0.831
0.910
0.976
0.929
0.957
0.901
0.955
0.959
0.904
0.923
0.894
0.827
0.910
0.751
0.758
0.757
0.940
0.937
0.946
0.932
0.879
0.898
0.884
0.909
0.902
0.883
0.974
0.890
0.928
0.926
0.864
0.899
0.830
0.977
0.901
0.837
0.917
0.920
0.941
0.931
0.898
0.884
0.899
0.939
0.960
0.979
0.927
0.934
0.850
0.910
0.970
0.931
0.782
0.814
0.856
0.955
0.913
0.969
0.874
0.908
0.962
0.968
0.928
0.964
0.942
0.905
0.907
0.973
0.899
0.862
0.859
0.935
0.920
0.953
0.967
0.910
0.893
0.904
0.913
0.899
0.948
0.946
0.941
0.892
0.923
0.851
0.962
0.913
0.949
0.964
0.889
0.928
0.969
0.907
0.936
0.919
0.844
0.905
0.914
0.922
0.908
0.867
0.918
0.933
0.946
0.959
0.898
0.919
0.935
0.907
0.820
0.926
0.932
0.934
0.864
0.901
0.947
0.926
0.917
0.891
0.964
0.951
0.934
0.965
0.896
0.933
0.909
0.898
0.906
0.880
0.860
0.916
0.853
0.900
0.835
0.813
0.890
0.886
0.871
0.912
0.868
0.906
0.833
0.845
0.911
0.937
0.902
0.889
0.878
0.890
0.907
0.844
0.876
0.888
0.877
0.867
0.821
0.758
0.720
0.672
0.632
0.714
0.671
0.710
0.782
0.678
0.823
0.875
0.821
0.886
0.830
0.879
0.930
0.923
0.885
0.854
0.872
0.836
0.836
0.873
0.871
0.907
0.873
0.753
0.830
0.844
0.840
0.778
0.736
0.676
0.851
0.879
0.914
0.917
0.970
0.866
0.944
0.879
0.822
0.867
0.888
0.891
0.831
0.870
0.958
0.961
0.940
0.907
0.916
0.882
0.827
0.801
0.847
0.892
0.881
0.862
0.811
0.835
0.829
0.909
0.844
0.848
0.875
0.860
0.850
0.912
0.897
0.873
0.869
0.923
0.826
0.847
0.956
0.865
0.914
0.962
0.906
0.868
0.825
0.847
0.877
0.911
0.921
0.843
0.847
0.836
0.881
0.885
0.946
0.849
0.919
0.852
0.886
0.865
0.884
0.951
0.864
0.975
0.791
0.958
0.867
0.964
0.885
0.838
0.871
0.977
0.943
0.935
0.870
0.912
0.916
0.857
0.961
0.849
0.886
0.934
0.912
0.936
0.949
0.856
0.928
0.922
0.933
0.959
0.873
0.978
0.937
0.965
0.874
0.869
0.772
0.802
0.886
0.787
0.824
0.869
0.905
0.940
0.911
0.915
0.885
0.938
0.943
0.948
0.839
0.861
0.828
0.854
0.907
0.884
0.873
0.882
0.841
0.902
0.890
0.920
0.930
0.924
0.918
0.895
0.928
0.938
0.844
0.851
0.913
0.849
0.751
0.825
0.916
0.763
0.847
0.788
0.754
0.786
0.826
0.771
0.773
0.820
0.917
0.911
0.925
0.869
0.921
0.894
0.895
0.870
0.872
0.877
0.861
0.835
0.876
0.868
0.871
0.896
0.922
0.917
0.865
0.871
0.861
0.843
0.825
0.826
0.886
0.943
0.824
0.909
0.953
0.863
0.886
0.897
0.938
0.928
0.952
0.949
0.935
0.941
0.897
0.927
0.870
0.949
0.938
0.937
0.920
0.981
0.911
0.895
0.898
0.956
0.910
0.888
0.883
0.859
0.898
0.887
0.877
0.916
0.929
0.916
0.881
0.826
0.966
0.896
0.909
0.932
0.912
0.851
0.905
0.912
0.868
0.889
0.869
0.908
0.965
0.882
0.890
0.936
0.933
0.946
0.963
0.860
0.867
0.907
0.904
0.890
0.821
0.928
0.929
0.896
0.933
0.889
0.935
0.894
0.903
0.896
0.874
0.879
0.914
0.910
0.925
0.948
0.927
0.885
0.838
0.898
0.917
0.924
0.941
0.895
0.863
0.895
0.882
0.891
0.904
0.936
0.897
0.731
0.718
0.718
0.680
0.677
0.663
0.766
0.802
0.884
0.939
0.910
0.915
0.941
0.912
0.944
0.874
0.897
0.869
0.868
0.814
0.887
0.893
0.916
0.943
0.880
0.920
0.915
0.901
0.913
0.886
0.869
0.816
0.770
0.790
0.732
0.705
0.681
0.647
0.708
0.753
0.705
0.689
0.676
0.620
0.796
0.839
0.904
0.724
0.697
0.781
0.779
0.760
0.879
0.926
0.788
0.970
0.657
0.689
0.823
0.814
0.791
0.753
0.836
0.738
0.745
0.750
0.865
0.770
0.852
0.884
0.800
0.734
0.770
0.746
0.881
0.846
0.876
0.859
0.950
0.884
0.888
0.807
0.803
0.872
0.852
0.923
0.870
0.874
0.801
0.879
0.900
0.956
0.775
0.713
0.742
0.727
0.690
0.701
0.703
0.719
0.648
0.774
0.667
0.853
0.757
0.601
0.573
0.574
0.564
0.571
0.558
0.587
0.593
0.608
0.622
0.649
0.677
0.651
0.644
0.669
0.617
0.724
0.691
0.608
0.622
0.660
0.613
0.607
0.738
0.780
0.687
0.717
0.594
0.638
0.665
0.591
0.587
0.591
0.658
0.846
0.797
0.849
0.829
0.842
0.665
0.668
0.729
0.670
0.812
0.823
0.909
0.884
0.915
0.942
0.947
0.956
0.954
0.915
0.965
0.955
0.919
0.851
0.801
0.826
0.855
0.820
0.807
0.864
0.891
0.863
0.839
0.693
0.833
0.897
0.906
0.898
0.870
0.874
0.851
0.885
0.869
0.763
0.665
0.748
0.853
0.811
0.890
0.855
0.970
0.886
0.957
0.748
0.868
0.828
0.920
0.972
0.840
0.806
0.901
0.880
0.836
0.849
0.869
0.853
0.820
0.835
0.852
0.841
0.854
0.947
0.845
0.836
0.860
0.836
0.851
0.869
0.873
0.913
0.882
0.915
0.933
0.973
0.804
0.976
0.756
0.738
0.687
0.666
0.630
0.664
0.707
0.723
0.769
0.844
0.780
0.767
0.755
0.730
0.722
0.703
0.766
0.772
0.774
0.739
0.683
0.638
0.646
0.596
0.579
0.655
0.699
0.748
0.869
0.892
0.797
0.862
0.753
0.770
0.798
0.740
0.709
0.705
0.682
0.673
0.665
0.679
0.719
0.786
0.798
0.783
0.718
0.648
0.708
0.832
0.800
0.843
0.709
0.860
0.841
0.859
0.824
0.879
0.797
0.711
0.809
0.799
0.803
0.784
0.843
0.830
0.815
0.883
0.915
0.967
0.911
0.949
0.849
0.838
0.736
0.830
0.760
0.736
0.742
0.706
0.777
0.917
0.903
0.804
0.897
0.926
0.894
0.904
0.928
0.744
0.849
0.958
0.861
0.846
0.976
0.932
0.765
0.870
0.889
0.789
0.863
0.971
0.970
0.865
0.896
0.898
0.870
0.733
0.822
0.942
0.880
0.831
0.906
0.954
0.944
0.925
0.897
0.854
0.887
0.901
0.888
0.887
0.901
0.821
0.793
0.871
0.825
0.859
0.878
0.893
0.954
0.968
0.931
0.902
0.902
0.867
0.839
0.886
0.908
0.888
0.831
0.899
0.886
0.848
0.804
0.833
0.885
0.866
0.875
0.957
0.929
0.718
0.881
0.908
0.929
0.943
0.847
0.847
0.862
0.848
0.795
0.840
0.789
0.800
0.739
0.707
0.702
0.846
0.849
0.707
0.626
0.740
0.720
0.664
0.709
0.603
0.607
0.620
0.624
0.646
0.632
0.634
0.745
0.844
0.637
0.574
0.560
0.589
0.585
0.603
0.670
0.809
0.828
0.737
0.628
0.610
0.692
0.655
0.646
0.700
0.801
0.719
0.636
0.583
0.603
0.610
0.631
0.624
0.650
0.676
0.560
0.586
0.778
0.679
0.634
0.636
0.594
0.585
0.768
0.920
0.789
0.599
0.848
0.881
0.699
0.641
0.691
0.722
0.859
0.825
0.632
0.605
0.616
0.670
0.618
0.662
0.775
0.784
0.637
0.676
0.642
0.583
0.610
0.632
0.632
0.641
0.593
0.583
0.637
0.607
0.644
0.791
0.799
0.847
0.669
0.604
0.604
0.547
0.608
0.754
0.653
0.575
0.536
0.636
0.713
0.588
0.864
0.913
0.839
0.716
0.820
0.849
0.853
0.810
0.626
0.544
0.642
0.564
0.669
0.727
0.651
0.656
0.759
0.803
0.805
0.749
0.840
0.937
0.917
0.835
0.859
0.810
0.846
0.860
0.852
0.886
0.927
0.819
0.803
0.954
0.963
0.870
0.845
0.868
0.872
0.866
0.888
0.938
0.884
0.885
0.772
0.937
0.814
0.802
0.810
0.874
0.874
0.850
0.831
0.806
0.919
0.928
0.810
0.741
0.806
0.967
0.804
0.965
0.750
0.894
0.924
0.972
0.937
0.893
0.893
0.855
0.855
0.865
0.946
0.981
0.761
0.847
0.871
0.871
0.847
0.784
0.764
0.770
0.759
0.858
0.828
0.838
0.869
0.804
0.873
0.869
0.841
0.867
0.848
0.765
0.878
0.854
0.787
0.847
0.833
0.709
0.751
0.761
0.819
0.913
0.776
0.893
0.888
0.942
0.896
0.877
0.884
0.904
0.825
0.863
0.874
0.904
0.862
0.931
0.894
0.811
0.822
0.836
0.903
0.912
0.960
0.905
0.961
0.815
0.901
0.846
0.850
0.863
0.840
0.838
0.755
0.820
0.846
0.838
0.887
0.852
0.904
0.875
0.740
0.825
0.931
0.953
0.915
0.846
0.897
0.853
0.912
0.888
0.794
0.908
0.914
0.901
0.930
0.854
0.888
0.823
0.869
0.840
0.896
0.933
0.914
0.898
0.864
0.857
0.903
0.901
0.798
0.928
0.946
0.961
0.876
0.862
0.898
0.811
0.870
0.921
0.922
0.944
0.859
0.944
0.971
0.930
0.914
0.971
0.953
0.905
0.915
0.885
0.914
0.892
0.968
0.883
0.934
0.933
0.898
0.936
0.876
0.912
0.884
0.910
0.938
0.952
0.875
0.848
0.908
0.924
0.848
0.920
0.864
0.897
0.762
0.889
0.847
0.835
0.863
0.881
0.830
0.855
0.977
0.905
0.902
0.913
0.931
0.909
0.944
0.902
0.821
0.913
0.780
0.920
0.916
0.927
0.878
0.939
0.873
0.941
0.902
0.926
0.978
0.883
0.893
0.945
0.918
0.902
0.889
0.913
0.905
0.909
0.894
0.902
0.911
0.821
0.844
0.894
0.935
0.883
0.859
0.841
0.810
0.951
0.924
0.939
0.937
0.888
0.915
0.916
0.881
0.878
0.878
0.930
0.919
0.834
0.834
0.873
0.864
0.889
0.915
0.940
0.944
0.892
0.924
0.907
0.970
0.814
0.886
0.811
0.792
0.744
0.700
0.839
0.896
0.808
0.777
0.735
0.841
0.822
0.752
0.803
0.786
0.745
0.760
0.803
0.872
0.906
0.860
0.758
0.782
0.762
0.665
0.666
0.728
0.809
0.756
0.732
0.782
0.842
0.804
0.856
0.785
0.711
0.831
0.830
0.829
0.877
0.934
0.969
0.863
0.897
0.903
0.936
0.876
0.975
0.919
0.933
0.924
0.866
0.822
0.896
0.871
0.848
0.830
0.833
0.865
0.846
0.839
0.734
0.744
0.737
0.741
0.687
0.697
0.785
0.840
0.877
0.910
0.880
0.887
0.809
0.878
0.852
0.855
0.890
0.842
0.856
0.827
0.927
0.899
0.878
0.847
0.876
0.899
0.950
0.932
0.958
0.951
0.946
0.905
0.955
0.910
0.939
0.921
0.920
0.949
0.969
0.894
0.893
0.880
0.852
0.868
0.829
0.834
0.891
0.863
0.931
0.967
0.899
0.936
0.923
0.880
0.916
0.908
0.950
0.939
0.914
0.920
0.981
0.901
0.937
0.900
0.902
0.895
0.973
0.893
0.978
0.876
0.928
0.949
0.923
0.940
0.902
0.888
0.878
0.889
0.894
0.805
0.845
0.806
0.844
0.845
0.935
0.908
0.922
0.830
0.874
0.906
0.902
0.940
0.870
0.935
0.964
0.893
0.950
0.929
0.925
0.873
0.955
0.917
0.911
0.910
0.959
0.852
0.895
0.919
0.944
0.915
0.911
0.917
0.933
0.939
0.861
0.872
0.821
0.861
0.881
0.884
0.866
0.839
0.870
0.877
0.841
0.856
0.874
0.841
0.810
0.795
0.803
0.818
0.825
0.865
0.832
0.861
0.823
0.812
0.881
0.875
0.848
0.793
0.824
0.828
0.828
0.802
0.781
0.822
0.881
0.835
0.864
0.905
0.881
0.919
0.871
0.864
0.850
0.758
0.855
0.922
0.834
0.758
0.747
0.836
0.837
0.797
0.866
0.976
0.938
0.914
0.901
0.818
0.850
0.817
0.916
0.861
0.846
0.815
0.877
0.802
0.881
0.882
0.747
0.858
0.930
0.863
0.887
0.917
0.941
0.940
0.896
0.894
0.972
0.871
0.926
0.879
0.918
0.896
0.953
0.874
0.936
0.884
0.923
0.893
0.894
0.973
0.889
0.891
0.835
0.884
0.930
0.971
0.812
0.959
0.820
0.913
0.890
0.971
0.947
0.926
0.906
0.868
0.941
0.982
0.864
0.899
0.900
0.971
0.890
0.931
0.935
0.924
0.912
0.928
0.898
0.913
0.931
0.946
0.851
0.933
0.905
0.937
0.929
0.948
0.928
0.871
0.806
0.900
0.957
0.950
0.957
0.926
0.874
0.837
0.923
0.971
0.942
0.901
0.857
0.898
0.790
0.945
0.959
0.922
0.905
0.832
0.917
0.893
0.932
0.889
0.882
0.873
0.934
0.951
0.944
0.923
0.880
0.897
0.934
0.905
0.953
0.934
0.940
0.956
0.955
0.945
0.943
0.881
0.940
0.912
0.850
0.916
0.844
0.962
0.924
0.880
0.864
0.885
0.868
0.934
0.901
0.849
0.822
0.954
0.952
0.908
0.897
0.886
0.934
0.884
0.848
0.844
0.779
0.749
0.727
0.697
0.690
0.707
0.694
0.678
0.740
0.715
0.668
0.770
0.893
0.732
0.694
0.647
0.604
0.682
0.720
0.935
0.892
0.867
0.881
0.910
0.815
0.728
0.697
0.691
0.748
0.664
0.592
0.584
0.617
0.632
0.629
0.628
0.734
0.714
0.685
0.742
0.849
0.874
0.885
0.885
0.872
0.927
0.958
0.851
0.806
0.829
0.741
0.855
0.830
0.784
0.886
0.858
0.714
0.651
0.662
0.742
0.749
0.682
0.682
0.811
0.823
0.809
0.678
0.644
0.655
0.601
0.616
0.657
0.595
0.649
0.612
0.600
0.681
0.776
0.854
0.724
0.684
0.769
0.925
0.728
0.782
0.884
0.717
0.720
0.620
0.676
0.825
0.846
0.820
0.760
0.806
0.935
0.872
0.909
0.900
0.844
0.964
0.866
0.914
0.802
0.904
0.788
0.782
0.851
0.882
0.857
0.859
0.916
0.913
0.862
0.844
0.839
0.878
0.884
0.905
0.906
0.792
0.912
0.911
0.880
0.805
0.883
0.877
0.894
0.966
0.956
0.914
0.889
0.854
0.908
0.820
0.862
0.905
0.905
0.914
0.923
0.886
0.824
0.779
0.861
0.923
0.877
0.899
0.877
0.851
0.810
0.842
0.871
0.897
0.833
0.918
0.899
0.928
0.939
0.892
0.766
0.874
0.880
0.841
0.918
0.735
0.797
0.781
0.833
0.766
0.750
0.856
0.772
0.782
0.757
0.757
0.822
0.766
0.772
0.752
0.731
0.721
0.740
0.731
0.729
0.716
0.844
0.754
0.755
0.867
0.895
0.866
0.871
0.764
0.804
0.787
0.740
0.808
0.862
0.861
0.876
0.742
0.773
0.888
0.892
0.889
0.888
0.882
0.848
0.852
0.851
0.819
0.657
0.711
0.661
0.724
0.744
0.726
0.691
0.738
0.735
0.736
0.726
0.704
0.739
0.894
0.791
0.867
0.776
0.873
0.886
0.888
0.857
0.847
0.929
0.880
0.927
0.839
0.930
0.908
0.872
0.913
0.938
0.954
0.926
0.880
0.882
0.929
0.876
0.842
0.840
0.901
0.909
0.886
0.892
0.937
0.981
0.796
0.891
0.963
0.902
0.944
0.967
0.771
0.842
0.863
0.944
0.876
0.780
0.864
0.880
0.827
0.898
0.800
0.842
0.923
0.809
0.860
0.896
0.913
0.832
0.819
0.897
0.902
0.893
0.928
0.980
0.935
0.902
0.933
0.922
0.894
0.895
0.942
0.968
0.941
0.918
0.954
0.917
0.944
0.917
0.896
0.890
0.937
0.979
0.890
0.888
0.933
0.854
0.854
0.918
0.909
0.955
0.908
0.812
0.717
0.752
0.785
0.829
0.808
0.901
0.882
0.938
0.929
0.918
0.931
0.906
0.924
0.933
0.947
0.933
0.899
0.891
0.881
0.835
0.821
0.785
0.765
0.758
0.711
0.778
0.797
0.838
0.891
0.760
0.793
0.832
0.760
0.814
0.812
0.858
0.826
0.858
0.847
0.837
0.838
0.849
0.784
0.725
0.761
0.681
0.676
0.675
0.731
0.733
0.670
0.646
0.651
0.682
0.611
0.624
0.711
0.875
0.794
0.880
0.780
0.866
0.852
0.779
0.728
0.710
0.646
0.571
0.580
0.602
0.586
0.592
0.619
0.568
0.609
0.608
0.560
0.567
0.579
0.542
0.484
0.543
0.543
0.566
0.594
0.613
0.579
0.568
0.620
0.623
0.576
0.595
0.599
0.608
0.574
0.659
0.768
0.872
0.756
0.744
0.674
0.692
0.835
0.892
0.927
0.931
0.850
0.851
0.881
0.914
0.734
0.694
0.654
0.724
0.757
0.732
0.663
0.640
0.738
0.880
0.906
0.924
0.916
0.919
0.870
0.841
0.761
0.842
0.803
0.845
0.825
0.739
0.648
0.729
0.735
0.829
0.856
0.845
0.872
0.741
0.806
0.826
0.907
0.890
0.934
0.862
0.916
0.773
0.933
0.947
0.785
0.732
0.766
0.721
0.851
0.839
0.852
0.785
0.871
0.916
0.794
0.812
0.954
0.898
0.967
0.918
0.950
0.929
0.864
0.877
0.873
0.861
0.852
0.876
0.922
0.928
0.854
0.924
0.847
0.874
0.935
0.901
0.862
0.891
0.892
0.920
0.938
0.874
0.888
0.879
0.958
0.895
0.961
0.735
0.854
0.893
0.860
0.850
0.787
0.830
0.788
0.780
0.844
0.874
0.925
0.870
0.803
0.862
0.753
0.763
0.774
0.865
0.867
0.803
0.811
0.760
0.651
0.599
0.704
0.768
0.864
0.926
0.832
0.734
0.698
0.750
0.754
0.888
0.844
0.858
0.896
0.894
0.861
0.784
0.908
0.826
0.891
0.794
0.908
0.891
0.877
0.908
0.891
0.815
0.767
0.848
0.870
0.708
0.853
0.733
0.810
0.756
0.725
0.745
0.807
0.829
0.828
0.879
0.863
0.863
0.752
0.739
0.722
0.687
0.857
0.891
0.846
0.877
0.765
0.846
0.774
0.777
0.745
0.930
0.753
0.793
0.825
0.853
0.881
0.791
0.811
0.837
0.800
0.789
0.859
0.752
0.939
0.889
0.864
0.897
0.878
0.906
0.907
0.919
0.945
0.867
0.981
0.897
0.869
0.781
0.893
0.858
0.835
0.883
0.893
0.855
0.935
0.837
0.913
0.981
0.893
0.922
0.980
0.831
0.873
0.855
0.786
0.923
0.910
0.948
0.800
0.925
0.867
0.802
0.916
0.873
0.982
0.982
0.960
0.946
0.914
0.928
0.932
0.936
0.887
0.955
0.890
0.859
0.937
0.947
0.886
0.873
0.942
0.977
0.893
0.863
0.709
0.740
0.836
0.944
0.887
0.903
0.884
0.938
0.945
0.959
0.952
0.893
0.930
0.929
0.910
0.923
0.910
0.920
0.940
0.913
0.907
0.951
0.937
0.939
0.975
0.923
0.859
0.845
0.874
0.876
0.866
0.884
0.909
0.915
0.919
0.910
0.872
0.883
0.864
0.901
0.911
0.925
0.880
0.954
0.926
0.959
0.946
0.935
0.941
0.945
0.945
0.926
0.934
0.906
0.965
0.874
0.910
0.931
0.835
0.872
0.842
0.863
0.875
0.829
0.794
0.905
0.940
0.892
0.788
0.756
0.821
0.860
0.780
0.852
0.877
0.802
0.686
0.675
0.726
0.844
0.733
0.738
0.707
0.820
0.663
0.579
0.590
0.597
0.632
0.869
0.717
0.736
0.827
0.926
0.807
0.684
0.847
0.862
0.863
0.845
0.843
0.697
0.660
0.623
0.611
0.612
0.718
0.699
0.719
0.667
0.595
0.611
0.622
0.625
0.664
0.704
0.724
0.568
0.572
0.596
0.588
0.698
0.763
0.715
0.598
0.586
0.587
0.624
0.657
0.660
0.675
0.825
0.793
0.803
0.845
0.762
0.868
0.889
0.884
0.960
0.884
0.839
0.836
0.798
0.871
0.912
0.902
0.860
0.731
0.846
0.818
0.922
0.877
0.908
0.934
0.930
0.915
0.856
0.879
0.900
0.892
0.857
0.818
0.816
0.802
0.832
0.950
0.872
0.900
0.881
0.937
0.887
0.961
0.941
0.917
0.936
0.884
0.910
0.925
0.873
0.857
0.809
0.829
0.742
0.810
0.847
0.840
0.835
0.763
0.820
0.760
0.727
0.753
0.864
0.826
0.892
0.927
0.890
0.957
0.901
0.980
0.848
0.941
0.972
0.924
0.742
0.604
0.682
0.881
0.926
0.887
0.869
0.938
0.884
0.929
0.872
0.880
0.840
0.939
0.972
0.880
0.879
0.869
0.902
0.921
0.784
0.828
0.767
0.782
0.769
0.746
0.695
0.694
0.704
0.710
0.710
0.802
0.864
0.808
0.757
0.709
0.701
0.720
0.762
0.912
0.821
0.812
0.721
0.750
0.874
0.850
0.820
0.772
0.741
0.734
0.786
0.837
0.893
0.853
0.859
0.857
0.839
0.782
0.746
0.778
0.729
0.767
0.748
0.665
0.738
0.752
0.778
0.810
0.760
0.742
0.748
0.761
0.758
0.857
0.760
0.748
0.725
0.723
0.739
0.723
0.701
0.637
0.624
0.666
0.814
0.866
0.735
0.755
0.794
0.794
0.850
0.895
0.959
0.975
0.936
0.839
0.910
0.862
0.877
0.917
0.915
0.889
0.884
0.792
0.768
0.868
0.836
0.819
0.855
0.774
0.895
0.898
0.846
0.923
0.931
0.819
0.864
0.749
0.806
0.865
0.916
0.920
0.910
0.887
0.977
0.885
0.900
0.905
0.821
0.817
0.779
0.751
0.798
0.837
0.830
0.865
0.871
0.974
0.810
0.880
0.816
0.935
0.971
0.910
0.896
0.862
0.895
0.898
0.928
0.896
0.952
0.801
0.968
0.944
0.828
0.865
0.904
0.953
0.893
0.945
0.936
0.916
0.914
0.894
0.878
0.965
0.843
0.882
0.904
0.887
0.918
0.850
0.846
0.810
0.936
0.879
0.911
0.885
0.922
0.894
0.891
0.905
0.863
0.881
0.781
0.865
0.859
0.913
0.799
0.782
0.702
0.695
0.846
0.894
0.782
0.815
0.919
0.924
0.777
0.729
0.851
0.972
0.960
0.968
0.929
0.863
0.925
0.932
0.845
0.884
0.795
0.768
0.804
0.803
0.787
0.783
0.801
0.707
0.660
0.661
0.665
0.624
0.742
0.742
0.680
0.691
0.762
0.728
0.652
0.629
0.686
0.672
0.676
0.718
0.608
0.614
0.628
0.678
0.654
0.573
0.575
0.754
0.797
0.676
0.634
0.739
0.624
0.569
0.576
0.739
0.798
0.654
0.595
0.605
0.599
0.625
0.613
0.626
0.707
0.735
0.879
0.893
0.762
0.639
0.704
0.762
0.697
0.837
0.868
0.868
0.812
0.714
0.797
0.745
0.846
0.865
0.846
0.745
0.686
0.758
0.750
0.698
0.608
0.643
0.613
0.617
0.629
0.652
0.629
0.652
0.676
0.753
0.895
0.932
0.791
0.790
0.837
0.927
0.857
0.834
0.852
0.750
0.754
0.764
0.749
0.722
0.697
0.867
0.892
0.749
0.599
0.620
0.647
0.797
0.795
0.791
0.825
0.935
0.767
0.803
0.869
0.962
0.810
0.903
0.838
0.866
0.868
0.851
0.893
0.892
0.916
0.889
0.954
0.903
0.871
0.850
0.828
0.830
0.884
0.773
0.839
0.879
0.948
0.825
0.754
0.808
0.860
0.971
0.819
0.804
0.930
0.844
0.853
0.885
0.917
0.867
0.919
0.939
0.912
0.919
0.948
0.872
0.921
0.974
0.896
0.813
0.891
0.905
0.842
0.902
0.952
0.828
0.979
0.820
0.945
0.930
0.866
0.771
0.875
0.857
0.895
0.923
0.825
0.931
0.951
0.826
0.974
0.906
0.956
0.852
0.848
0.861
0.874
0.870
0.801
0.785
0.878
0.819
0.895
0.872
0.923
0.828
0.815
0.861
0.896
0.868
0.888
0.900
0.935
0.854
0.846
0.862
0.856
0.758
0.771
0.863
0.798
0.674
0.721
0.744
0.796
0.769
0.770
0.804
0.818
0.925
0.750
0.809
0.789
0.832
0.813
0.827
0.838
0.883
0.853
0.883
0.838
0.869
0.881
0.868
0.840
0.845
0.787
0.781
0.808
0.798
0.850
0.781
0.780
0.832
0.882
0.962
0.879
0.875
0.861
0.801
0.809
0.836
0.799
0.850
0.864
0.825
0.831
0.803
0.797
0.762
0.808
0.860
0.874
0.929
0.973
0.869
0.924
0.904
0.870
0.844
0.846
0.912
0.932
0.883
0.779
0.860
0.792
0.857
0.917
0.841
0.922
0.941
0.954
0.888
0.911
0.956
0.946
0.904
0.905
0.865
0.921
0.888
0.868
0.906
0.918
0.860
0.903
0.959
0.941
0.826
0.866
0.908
0.825
0.920
0.974
0.909
0.978
0.853
0.903
0.902
0.854
0.932
0.975
0.920
0.895
0.918
0.928
0.882
0.893
0.908
0.959
0.932
0.925
0.878
0.817
0.961
0.905
0.904
0.897
0.931
0.929
0.930
0.926
0.907
0.917
0.851
0.938
0.939
0.957
0.939
0.929
0.978
0.823
0.867
0.923
0.978
0.942
0.931
0.862
0.953
0.866
0.872
0.906
0.905
0.940
0.905
0.927
0.943
0.894
0.926
0.902
0.858
0.824
0.906
0.865
0.892
0.877
0.838
0.860
0.838
0.882
0.830
0.914
0.924
0.946
0.902
0.885
0.786
0.750
0.717
0.724
0.693
0.696
0.758
0.847
0.875
0.958
0.927
0.939
0.921
0.797
0.790
0.860
0.861
0.874
0.873
0.704
0.854
0.834
0.794
0.859
0.742
0.676
0.637
0.699
0.695
0.676
0.652
0.684
0.612
0.625
0.658
0.658
0.577
0.581
0.598
0.582
0.556
0.546
0.613
0.597
0.682
0.653
0.702
0.643
0.654
0.656
0.777
0.640
0.827
0.702
0.831
0.725
0.664
0.730
0.832
0.840
0.726
0.715
0.674
0.558
0.585
0.646
0.754
0.877
0.730
0.714
0.860
0.789
0.643
0.615
0.630
0.623
0.678
0.620
0.669
0.735
0.666
0.656
0.748
0.703
0.637
0.826
0.868
0.838
0.764
0.679
0.628
0.694
0.831
0.860
0.889
0.903
0.821
0.795
0.723
0.827
0.831
0.895
0.816
0.801
0.847
0.947
0.895
0.907
0.907
0.794
0.872
0.973
0.884
0.931
0.952
0.910
0.922
0.855
0.941
0.905
0.876
0.930
0.911
0.907
0.907
0.932
0.873
0.951
0.816
0.870
0.889
0.927
0.880
0.889
0.978
0.907
0.953
0.895
0.920
0.912
0.951
0.917
0.904
0.877
0.940
0.897
0.922
0.902
0.912
0.933
0.939
0.872
0.867
0.849
0.953
0.888
0.876
0.873
0.950
0.832
0.860
0.880
0.889
0.841
0.837
0.827
0.927
0.731
0.847
0.793
0.782
0.816
0.890
0.753
0.717
0.765
0.792
0.896
0.782
0.840
0.865
0.719
0.856
0.901
0.782
0.836
0.918
0.909
0.910
0.914
0.907
0.915
0.913
0.896
0.831
0.914
0.876
0.924
0.815
0.827
0.865
0.886
0.908
0.901
0.955
0.754
0.833
0.842
0.879
0.900
0.889
0.737
0.787
0.760
0.722
0.785
0.820
0.870
0.852
0.914
0.749
0.687
0.696
0.768
0.728
0.863
0.767
0.755
0.817
0.852
0.772
0.887
0.899
0.859
0.900
0.828
0.786
0.881
0.884
0.891
0.872
0.892
0.914
0.926
0.877
0.784
0.817
0.791
0.907
0.888
0.831
0.889
0.931
0.975
0.893
0.904
0.708
0.827
0.900
0.962
0.774
0.959
0.783
0.915
0.868
0.895
0.888
0.903
0.840
0.845
0.822
0.926
0.956
0.864
0.877
0.912
0.723
0.819
0.955
0.869
0.948
0.934
0.949
0.940
0.930
0.914
0.922
0.929
0.897
0.910
0.912
0.828
0.919
0.864
0.961
0.957
0.978
0.886
0.823
0.896
0.930
0.960
0.951
0.872
0.928
0.889
0.907
0.895
0.911
0.908
0.879
0.933
0.843
0.830
0.848
0.890
0.824
0.847
0.896
0.903
0.900
0.953
0.973
0.949
0.958
0.911
0.888
0.926
0.950
0.951
0.938
0.920
0.947
0.786
0.863
0.900
0.947
0.897
0.898
0.910
0.878
0.906
0.951
0.894
0.938
0.851
0.902
0.969
0.912
0.941
0.908
0.776
0.906
0.916
0.893
0.910
0.832
0.798
0.794
0.764
0.871
0.894
0.794
0.875
0.767
0.782
0.738
0.777
0.785
0.732
0.760
0.869
0.865
0.682
0.763
0.906
0.918
0.844
0.901
0.893
0.897
0.921
0.954
0.931
0.876
0.786
0.893
0.912
0.863
0.866
0.963
0.941
0.890
0.876
0.874
0.874
0.821
0.805
0.736
0.697
0.676
0.714
0.749
0.750
0.803
0.844
0.792
0.776
0.885
0.906
0.869
0.838
0.742
0.894
0.822
0.736
0.679
0.669
0.640
0.620
0.681
0.643
0.611
0.638
0.738
0.688
0.685
0.791
0.848
0.870
0.854
0.924
0.751
0.745
0.755
0.825
0.704
0.761
0.664
0.665
0.656
0.617
0.692
0.662
0.732
0.800
0.765
0.645
0.719
0.827
0.811
0.850
0.810
0.878
0.878
0.819
0.838
0.894
0.873
0.920
0.821
0.878
0.840
0.957
0.825
0.875
0.807
0.822
0.887
0.833
0.818
0.813
0.830
0.896
0.883
0.897
0.880
0.935
0.870
0.699
0.677
0.811
0.873
0.890
0.905
0.938
0.849
0.880
0.968
0.882
0.883
0.913
0.863
0.912
0.865
0.960
0.822
0.864
0.918
0.919
0.896
0.938
0.965
0.972
0.876
0.941
0.841
0.925
0.939
0.962
0.817
0.871
0.933
0.894
0.827
0.828
0.902
0.887
0.882
0.920
0.868
0.819
0.915
0.870
0.810
0.867
0.923
0.914
0.975
0.916
0.948
0.912
0.894
0.884
0.863
0.880
0.884
0.878
0.944
0.928
0.847
0.869
0.839
0.896
0.889
0.821
0.890
0.880
0.861
0.883
0.917
0.881
0.919
0.927
0.846
0.846
0.816
0.826
0.877
0.893
0.922
0.927
0.919
0.940
0.951
0.936
0.865
0.909
0.883
0.748
0.773
0.831
0.772
0.749
0.786
0.740
0.738
0.766
0.813
0.923
0.870
0.783
0.841
0.881
0.952
0.832
0.873
0.834
0.815
0.840
0.824
0.884
0.896
0.910
0.951
0.878
0.907
0.723
0.814
0.850
0.931
0.880
0.907
0.904
0.927
0.881
0.895
0.892
0.880
0.865
0.863
0.856
0.798
0.802
0.894
0.804
0.840
0.736
0.780
0.762
0.807
0.890
0.777
0.805
0.881
0.846
0.850
0.867
0.819
0.875
0.964
0.923
0.971
0.912
0.911
0.928
0.953
0.884
0.836
0.806
0.895
0.889
0.917
0.781
0.967
0.852
0.884
0.874
0.979
0.879
0.868
0.908
0.903
0.878
0.905
0.896
0.886
0.883
0.911
0.978
0.830
0.918
0.964
0.914
0.976
0.868
0.862
0.880
0.883
0.915
0.955
0.954
0.900
0.977
0.872
0.909
0.877
0.926
0.949
0.889
0.914
0.941
0.959
0.906
0.916
0.831
0.862
0.916
0.924
0.961
0.953
0.953
0.972
0.937
0.898
0.932
0.959
0.882
0.785
0.900
0.869
0.904
0.878
0.862
0.896
0.909
0.972
0.903
0.904
0.880
0.878
0.925
0.924
0.949
0.898
0.883
0.842
0.899
0.863
0.942
0.874
0.933
0.880
0.929
0.937
0.926
0.952
0.864
0.885
0.883
0.789
0.702
0.796
0.827
0.853
0.845
0.960
0.881
0.895
0.899
0.823
0.801
0.853
0.804
0.758
0.915
0.907
0.872
0.894
0.888
0.789
0.696
0.651
0.691
0.756
0.795
0.849
0.837
0.901
0.809
0.813
0.837
0.881
0.898
0.895
0.887
0.922
0.806
0.779
0.866
0.871
0.761
0.715
0.750
0.751
0.885
0.701
0.629
0.624
0.618
0.744
0.668
0.565
0.619
0.590
0.633
0.697
0.638
0.685
0.932
0.721
0.816
0.800
0.877
0.858
0.790
0.689
0.785
0.896
0.881
0.850
0.834
0.804
0.728
0.743
0.733
0.766
0.872
0.894
0.826
0.827
0.821
0.912
0.950
0.778
0.886
0.901
0.915
0.836
0.799
0.881
0.828
0.831
0.914
0.882
0.949
0.935
0.938
0.920
0.906
0.950
0.892
0.911
0.958
0.889
0.859
0.719
0.756
0.870
0.898
0.862
0.832
0.872
0.873
0.854
0.808
0.927
0.849
0.927
0.942
0.942
0.948
0.966
0.826
0.866
0.960
0.958
0.960
0.871
0.948
0.912
0.934
0.904
0.942
0.873
0.855
0.880
0.930
0.930
0.843
0.921
0.892
0.930
0.891
0.850
0.927
0.877
0.857
0.880
0.932
0.960
0.852
0.870
0.904
0.895
0.957
0.819
0.878
0.874
0.971
0.851
0.908
0.977
0.884
0.875
0.863
0.881
0.912
0.834
0.871
0.878
0.761
0.833
0.850
0.874
0.837
0.854
0.815
0.862
0.770
0.771
0.685
0.744
0.702
0.704
0.747
0.755
0.836
0.813
0.801
0.891
0.861
0.820
0.775
0.848
0.768
0.832
0.742
0.830
0.849
0.931
0.791
0.848
0.849
0.830
0.889
0.758
0.882
0.865
0.977
0.883
0.902
0.929
0.798
0.797
0.802
0.787
0.857
0.733
0.784
0.864
0.841
0.853
0.847
0.852
0.883
0.820
0.869
0.842
0.862
0.904
0.915
0.827
0.909
0.824
0.792
0.912
0.849
0.923
0.894
0.866
0.804
0.855
0.874
0.947
0.836
0.868
0.869
0.910
0.875
0.778
0.894
0.964
0.894
0.894
0.881
0.919
0.891
0.893
0.867
0.896
0.842
0.974
0.924
0.896
0.908
0.779
0.913
0.886
0.863
0.761
0.779
0.780
0.805
0.869
0.803
0.826
0.922
0.923
0.978
0.834
0.872
0.887
0.772
0.914
0.918
0.935
0.976
0.926
0.911
0.908
0.904
0.844
0.879
0.847
0.814
0.877
0.945
0.921
0.930
0.931
0.844
0.939
0.976
0.906
0.982
0.886
0.909
0.839
0.887
0.886
0.928
0.952
0.978
0.877
0.888
0.932
0.979
0.865
0.963
0.901
0.881
0.857
0.954
0.943
0.918
0.929
0.896
0.926
0.921
0.934
0.915
0.959
0.934
0.930
0.890
0.920
0.937
0.946
0.907
0.901
0.853
0.910
0.927
0.913
0.917
0.926
0.889
0.938
0.914
0.864
0.825
0.780
0.803
0.871
0.890
0.870
0.890
0.897
0.927
0.918
0.933
0.933
0.805
0.876
0.849
0.848
0.839
0.781
0.735
0.735
0.752
0.849
0.742
0.739
0.780
0.715
0.762
0.702
0.706
0.768
0.730
0.675
0.701
0.782
0.741
0.649
0.667
0.670
0.651
0.654
0.642
0.815
0.844
0.812
0.753
0.861
0.748
0.718
0.727
0.675
0.679
0.664
0.712
0.659
0.672
0.782
0.730
0.644
0.657
0.723
0.676
0.731
0.835
0.748
0.850
0.870
0.693
0.701
0.639
0.615
0.623
0.625
0.659
0.646
0.658
0.639
0.685
0.639
0.773
0.850
0.766
0.793
0.847
0.834
0.839
0.823
0.754
0.713
0.766
0.825
0.874
0.944
0.902
0.878
0.831
0.862
0.947
0.903
0.927
0.905
0.898
0.847
0.873
0.841
0.923
0.890
0.870
0.905
0.927
0.930
0.898
0.851
0.893
0.932
0.901
0.857
0.835
0.952
0.835
0.910
0.876
0.885
0.873
0.966
0.936
0.972
0.906
0.845
0.926
0.959
0.847
0.974
0.898
0.877
0.896
0.893
0.944
0.923
0.904
0.958
0.853
0.925
0.957
0.902
0.978
0.879
0.894
0.921
0.943
0.888
0.878
0.870
0.962
0.916
0.817
0.858
0.964
0.979
0.857
0.906
0.927
0.970
0.919
0.911
0.981
0.888
0.950
0.925
0.977
0.856
0.902
0.872
0.920
0.897
0.911
0.946
0.922
0.899
0.894
0.864
0.868
0.931
0.938
0.923
0.854
0.888
0.852
0.870
0.871
0.853
0.849
0.864
0.884
0.862
0.768
0.826
0.820
0.803
0.767
0.785
0.767
0.870
0.807
0.869
0.925
0.832
0.890
0.940
0.853
0.936
0.938
0.912
0.945
0.900
0.851
0.864
0.873
0.871
0.901
0.863
0.919
0.915
0.870
0.856
0.777
0.786
0.762
0.762
0.744
0.839
0.883
0.895
0.973
0.900
0.861
0.898
0.930
0.953
0.894
0.819
0.928
0.907
0.931
0.876
0.926
0.964
0.919
0.975
0.940
0.909
0.865
0.890
0.956
0.978
0.817
0.837
0.864
0.968
0.885
0.919
0.886
0.888
0.975
0.963
0.852
0.820
0.873
0.903
0.847
0.823
0.907
0.846
0.903
0.968
0.936
0.849
0.872
0.910
0.939
0.840
0.900
0.902
0.888
0.923
0.856
0.852
0.802
0.846
0.849
0.896
0.884
0.889
0.866
0.965
0.890
0.918
0.910
0.937
0.855
0.852
0.913
0.942
0.847
0.955
0.857
0.968
0.971
0.905
0.947
0.871
0.935
0.909
0.967
0.910
0.880
0.876
0.887
0.875
0.892
0.889
0.951
0.878
0.914
0.970
0.938
0.981
0.921
0.960
0.973
0.853
0.908
0.955
0.924
0.948
0.892
0.923
0.919
0.929
0.880
0.904
0.944
0.949
0.949
0.915
0.935
0.911
0.900
0.948
0.923
0.898
0.865
0.806
0.887
0.897
0.833
0.865
0.888
0.903
0.872
0.926
0.905
0.895
0.937
0.941
0.961
0.983
0.888
0.927
0.918
0.890
0.935
0.920
0.926
0.923
0.937
0.909
0.907
0.932
0.859
0.897
0.797
0.759
0.730
0.713
0.701
0.733
0.757
0.766
0.894
0.890
0.870
0.852
0.748
0.725
0.816
0.869
0.858
0.885
0.731
0.751
0.783
0.777
0.775
0.696
0.770
0.865
0.741
0.657
0.599
0.588
0.614
0.601
0.868
0.666
0.715
0.651
0.672
0.750
0.824
0.817
0.864
0.818
0.747
0.724
0.743
0.809
0.799
0.860
0.803
0.903
0.924
0.880
0.882
0.825
0.837
0.790
0.806
0.722
0.771
0.836
0.686
0.673
0.695
0.730
0.797
0.900
0.899
0.689
0.614
0.667
0.668
0.690
0.800
0.801
0.928
0.679
0.706
0.743
0.812
0.781
0.716
0.691
0.769
0.859
0.825
0.862
0.674
0.616
0.744
0.870
0.930
0.896
0.915
0.861
0.847
0.774
0.822
0.875
0.850
0.820
0.870
0.820
0.832
0.813
0.840
0.840
0.831
0.834
0.732
0.701
0.810
0.820
0.812
0.829
0.966
0.930
0.938
0.948
0.921
0.964
0.914
0.837
0.932
0.849
0.929
0.915
0.918
0.844
0.880
0.966
0.934
0.880
0.897
0.840
0.875
0.828
0.870
0.920
0.908
0.881
0.933
0.953
0.976
0.891
0.946
0.978
0.975
0.912
0.912
0.974
0.908
0.869
0.887
0.929
0.917
0.763
0.878
0.915
0.935
0.890
0.870
0.909
0.897
0.906
0.904
0.851
0.871
0.920
0.901
0.866
0.910
0.909
0.909
0.889
0.979
0.945
0.891
0.972
0.829
0.899
0.894
0.847
0.844
0.879
0.889
0.894
0.907
0.949
0.920
0.922
0.910
0.875
0.923
0.912
0.871
0.962
0.910
0.941
0.890
0.819
0.878
0.867
0.870
0.829
0.882
0.929
0.893
0.812
0.852
0.952
0.823
0.877
0.884
0.895
0.956
0.862
0.892
0.830
0.902
0.863
0.833
0.866
0.857
0.892
0.973
0.846
0.880
0.945
0.974
0.893
0.974
0.920
0.904
0.842
0.924
0.843
0.931
0.930
0.965
0.885
0.951
0.898
0.827
0.978
0.873
0.964
0.980
0.983
0.870
0.881
0.898
0.898
0.891
0.821
0.807
0.857
0.872
0.888
0.892
0.971
0.974
0.975
0.936
0.871
0.954
0.852
0.927
0.981
0.908
0.861
0.979
0.762
0.863
0.766
0.974
0.937
0.903
0.864
0.894
0.933
0.928
0.849
0.842
0.948
0.982
0.900
0.920
0.914
0.868
0.880
0.894
0.877
0.927
0.911
0.841
0.921
0.907
0.921
0.927
0.900
0.924
0.940
0.909
0.908
0.930
0.935
0.916
0.957
0.893
0.979
0.899
0.921
0.958
0.970
0.906
0.933
0.943
0.948
0.957
0.943
0.918
0.864
0.853
0.934
0.935
0.956
0.935
0.952
0.962
0.949
0.980
0.983
0.917
0.933
0.968
0.930
0.952
0.963
0.954
0.955
0.870
0.928
0.924
0.924
0.860
0.925
0.905
0.964
0.922
0.831
0.806
0.871
0.838
0.801
0.918
0.928
0.924
0.940
0.877
0.883
0.814
0.885
0.913
0.832
0.870
0.939
0.916
0.868
0.927
0.848
0.883
0.874
0.927
0.889
0.924
0.934
0.870
0.901
0.827
0.897
0.915
0.921
0.891
0.970
0.866
0.928
0.928
0.953
0.946
0.949
0.876
0.901
0.869
0.831
0.860
0.881
0.906
0.961
0.936
0.933
0.866
0.907
0.900
0.822
0.698
0.696
0.794
0.877
0.766
0.883
0.925
0.866
0.899
0.870
0.835
0.769
0.873
0.890
0.898
0.902
0.908
0.948
0.918
0.910
0.894
0.888
0.898
0.971
0.943
0.880
0.849
0.773
0.771
0.806
0.725
0.727
0.726
0.791
0.736
0.747
0.812
0.771
0.878
0.941
0.822
0.860
0.958
0.944
0.934
0.957
0.886
0.877
0.817
0.866
0.771
0.792
0.870
0.776
0.752
0.770
0.785
0.722
0.763
0.861
0.812
0.819
0.856
0.860
0.767
0.833
0.812
0.739
0.829
0.860
0.869
0.873
0.897
0.966
0.892
0.961
0.835
0.885
0.930
0.860
0.866
0.884
0.963
0.927
0.946
0.897
0.890
0.940
0.949
0.859
0.936
0.797
0.829
0.805
0.909
0.968
0.965
0.920
0.953
0.834
0.956
0.932
0.970
0.861
0.962
0.917
0.950
0.898
0.916
0.872
0.981
0.911
0.953
0.940
0.867
0.862
0.937
0.884
0.971
0.902
0.981
0.946
0.910
0.926
0.959
0.891
0.972
0.919
0.920
0.948
0.933
0.941
0.874
0.919
0.937
0.977
0.900
0.886
0.913
0.830
0.899
0.955
0.855
0.879
0.927
0.915
0.958
0.923
0.936
0.899
0.883
0.877
0.943
0.906
0.879
0.856
0.853
0.900
0.801
0.768
0.831
0.820
0.814
0.885
0.800
0.960
0.859
0.852
0.880
0.892
0.822
0.846
0.869
0.900
0.837
0.850
0.889
0.847
0.868
0.843
0.957
0.940
0.905
0.863
0.885
0.869
0.861
0.887
0.876
0.926
0.889
0.951
0.892
0.948
0.945
0.955
0.903
0.957
0.948
0.907
0.911
0.882
0.935
0.900
0.916
0.941
0.914
0.929
0.904
0.869
0.931
0.860
0.817
0.896
0.902
0.929
0.847
0.948
0.937
0.838
0.959
0.981
0.964
0.866
0.873
0.913
0.898
0.976
0.900
0.887
0.879
0.875
0.907
0.952
0.886
0.811
0.879
0.901
0.948
0.960
0.888
0.916
0.880
0.957
0.887
0.937
0.908
0.934
0.958
0.960
0.973
0.882
0.895
0.936
0.913
0.907
0.907
0.918
0.968
0.944
0.957
0.922
0.916
0.934
0.873
0.947
0.934
0.929
0.940
0.951
0.855
0.928
0.971
0.906
0.891
0.911
0.966
0.965
0.982
0.937
0.960
0.957
0.925
0.942
0.966
0.909
0.936
0.911
0.891
0.926
0.923
0.919
0.957
0.923
0.918
0.949
0.890
0.895
0.893
0.905
0.883
0.874
0.920
0.881
0.932
0.924
0.939
0.919
0.871
0.884
0.861
0.860
0.943
0.880
0.927
0.960
0.962
0.968
0.890
0.947
0.894
0.929
0.958
0.946
0.938
0.873
0.904
0.810
0.763
0.776
0.855
0.852
0.825
0.808
0.769
0.746
0.797
0.878
0.744
0.653
0.651
0.685
0.676
0.619
0.681
0.706
0.678
0.636
0.729
0.695
0.822
0.844
0.858
0.871
0.854
0.737
0.688
0.649
0.704
0.659
0.627
0.620
0.672
0.773
0.904
0.872
0.826
0.683
0.836
0.817
0.742
0.810
0.879
0.778
0.807
0.851
0.750
0.647
0.691
0.765
0.853
0.813
0.835
0.879
0.869
0.856
0.850
0.755
0.814
0.965
0.882
0.897
0.950
0.965
0.958
0.940
0.924
0.934
0.944
0.892
0.927
0.882
0.913
0.934
0.961
0.906
0.872
0.877
0.892
0.827
0.750
0.803
0.709
0.745
0.830
0.884
0.957
0.946
0.929
0.896
0.928
0.937
0.958
0.973
0.920
0.917
0.900
0.955
0.865
0.966
0.897
0.936
0.928
0.929
0.884
0.837
0.918
0.930
0.875
0.802
0.812
0.868
0.913
0.972
0.900
0.847
0.898
0.842
0.918
0.970
0.946
0.966
0.872
0.900
0.936
0.888
0.884
0.836
0.866
0.831
0.882
0.896
0.896
0.894
0.877
0.910
0.943
0.913
0.976
0.894
0.892
0.938
0.940
0.965
0.894
0.780
0.875
0.891
0.899
0.894
0.888
0.885
0.940
0.807
0.888
0.907
0.964
0.976
0.929
0.924
0.873
0.978
0.817
0.882
0.978
0.901
0.949
0.928
0.888
0.909
0.792
0.868
0.959
0.975
0.953
0.897
0.910
0.897
0.899
0.922
0.968
0.805
0.928
0.941
0.886
0.917
0.981
0.866
0.918
0.953
0.862
0.930
0.935
0.981
0.893
0.945
0.845
0.804
0.947
0.943
0.912
0.911
0.900
0.916
0.934
0.908
0.965
0.896
0.961
0.978
0.897
0.950
0.951
0.936
0.837
0.919
0.922
0.859
0.928
0.934
0.883
0.970
0.913
0.975
0.880
0.954
0.929
0.948
0.938
0.979
0.872
0.903
0.912
0.952
0.934
0.973
0.919
0.930
0.957
0.943
0.939
0.942
0.926
0.897
0.967
0.965
0.895
0.957
0.970
0.962
0.937
0.921
0.954
0.924
0.824
0.921
0.959
0.978
0.912
0.978
0.968
0.897
0.970
0.941
0.951
0.911
0.943
0.979
0.919
0.865
0.911
0.945
0.938
0.921
0.977
0.894
0.954
0.906
0.916
0.924
0.951
0.907
0.876
0.938
0.936
0.923
0.961
0.967
0.929
0.970
0.969
0.951
0.902
0.971
0.978
0.926
0.917
0.960
0.935
0.927
0.931
0.967
0.948
0.908
0.922
0.830
0.837
0.936
0.923
0.972
0.914
0.926
0.911
0.975
0.904
0.975
0.912
0.899
0.970
0.932
0.953
0.922
0.958
0.943
0.917
0.895
0.938
0.964
0.983
0.942
0.971
0.952
0.972
0.984
0.952
0.979
0.924
0.928
0.966
0.960
0.966
0.971
0.957
0.953
0.976
0.971
0.982
0.973
0.956
0.962
0.948
0.932
0.891
0.955
0.947
0.921
0.951
0.956
0.958
0.899
0.954
0.940
0.884
0.914
0.922
0.950
0.958
0.923
0.948
0.959
0.956
0.941
0.964
0.933
0.882
0.882
0.871
0.919
0.929
0.936
0.859
0.924
0.900
0.921
0.874
0.887
0.938
0.882
0.902
0.916
0.889
0.898
0.897
0.887
0.878
0.850
0.874
0.819
0.864
0.834
0.900
0.914
0.911
0.862
0.933
0.912
0.946
0.950
0.947
0.964
0.952
0.956
0.925
0.909
0.846
0.857
0.855
0.942
0.947
0.947
0.938
0.951
0.981
0.914
0.966
0.953
0.944
0.928
0.929
0.954
0.939
0.955
0.954
0.851
0.837
0.820
0.898
0.861
0.927
0.956
0.950
0.961
0.977
0.936
0.896
0.899
0.960
0.913
0.943
0.950
0.940
0.972
0.932
0.933
0.945
0.887
0.902
0.886
0.942
0.932
0.937
0.962
0.977
0.971
0.958
0.931
0.943
0.958
0.973
0.942
0.954
0.895
0.915
0.881
0.830
0.860
0.940
0.966
0.911
0.884
0.892
0.901
0.874
0.935
0.939
0.903
0.907
0.916
0.896
0.926
0.935
0.970
0.948
0.877
0.962
0.916
0.945
0.857
0.901
0.905
0.815
0.823
0.838
0.813
0.927
0.679
0.784
0.890
0.867
0.909
0.957
0.921
0.917
0.963
0.881
0.873
0.881
0.881
0.865
0.897
0.849
0.888
0.902
0.895
0.880
0.940
0.910
0.920
0.944
0.944
0.907
0.929
0.973
0.891
0.899
0.971
0.904
0.951
0.952
0.950
0.842
0.834
0.912
0.936
0.755
0.868
0.901
0.965
0.908
0.940
0.848
0.854
0.877
0.908
0.941
0.955
0.959
0.853
0.856
0.854
0.921
0.926
0.944
0.868
0.925
0.942
0.908
0.887
0.950
0.918
0.929
0.898
0.847
0.790
0.801
0.910
0.947
0.902
0.951
0.955
0.884
0.949
0.893
0.905
0.922
0.952
0.952
0.821
0.935
0.903
0.957
0.947
0.951
0.975
0.894
0.939
0.866
0.898
0.915
0.850
0.876
0.914
0.888
0.935
0.919
0.932
0.888
0.923
0.956
0.907
0.957
0.954
0.925
0.905
0.828
0.896
0.915
0.967
0.837
0.938
0.911
0.906
0.904
0.945
0.903
0.857
0.869
0.949
0.905
0.865
0.933
0.956
0.934
0.934
0.971
0.941
0.937
0.941
0.934
0.920
0.853
0.920
0.905
0.913
0.891
0.937
0.902
0.930
0.901
0.884
0.968
0.860
0.983
0.826
0.800
0.798
0.717
0.723
0.777
0.842
0.946
0.915
0.942
0.930
0.850
0.976
0.983
0.903
0.945
0.951
0.901
0.930
0.935
0.954
0.971
0.889
0.855
0.897
0.876
0.829
0.884
0.911
0.949
0.863
0.873
0.946
0.905
0.917
0.917
0.887
0.878
0.920
0.931
0.924
0.961
0.971
0.979
0.967
0.973
0.941
0.954
0.935
0.980
0.982
0.952
0.960
0.940
0.980
0.937
0.919
0.882
0.838
0.880
0.967
0.949
0.944
0.895
0.930
0.902
0.954
0.940
0.908
0.860
0.920
0.888
0.914
0.898
0.873
0.896
0.918
0.975
0.964
0.938
0.934
0.888
0.911
0.897
0.915
0.858
0.884
0.891
0.924
0.905
0.939
0.900
0.880
0.902
0.838
0.823
0.823
0.832
0.865
0.853
0.907
0.920
0.872
0.896
0.919
0.904
0.873
0.875
0.836
0.825
0.910
0.942
0.918
0.939
0.977
0.956
0.948
0.959
0.918
0.909
0.873
0.877
0.847
0.902
0.861
0.887
0.838
0.818
0.860
0.817
0.905
0.911
0.855
0.876
0.880
0.849
0.838
0.865
0.918
0.914
0.939
0.918
0.861
0.861
0.862
0.854
0.868
0.914
0.891
0.871
0.883
0.935
0.975
0.958
0.939
0.940
0.927
0.948
0.907
0.913
0.917
0.926
0.910
0.892
0.885
0.893
0.966
0.939
0.958
0.901
0.941
0.893
0.927
0.937
0.932
0.930
0.941
0.884
0.902
0.948
0.910
0.937
0.884
0.814
0.851
0.870
0.868
0.856
0.950
0.960
0.898
0.968
0.945
0.960
0.907
0.941
0.940
0.930
0.910
0.948
0.981
0.910
0.980
0.861
0.956
0.914
0.979
0.887
0.941
0.983
0.879
0.949
0.944
0.921
0.875
0.900
0.907
0.936
0.896
0.936
0.980
0.895
0.899
0.945
0.913
0.931
0.871
0.912
0.930
0.920
0.932
0.911
0.918
0.937
0.951
0.825
0.876
0.902
0.869
0.920
0.935
0.933
0.941
0.886
0.907
0.912
0.915
0.882
0.802
0.947
0.961
0.842
0.973
0.892
0.930
0.940
0.923
0.923
0.854
0.918
0.905
0.974
0.892
0.937
0.884
0.930
0.910
0.929
0.847
0.932
0.917
0.925
0.941
0.892
0.905
0.876
0.923
0.860
0.910
0.881
0.934
0.869
0.866
0.879
0.908
0.939
0.921
0.856
0.890
0.966
0.939
0.821
0.890
0.963
0.906
0.951
0.965
0.907
0.899
0.925
0.898
0.905
0.874
0.918
0.902
0.940
0.916
0.885
0.880
0.925
0.897
0.937
0.914
0.945
0.896
0.880
0.913
0.912
0.868
0.883
0.919
0.940
0.894
0.973
0.886
0.893
0.909
0.870
0.904
0.948
0.925
0.929
0.843
0.945
0.966
0.869
0.890
0.862
0.932
0.893
0.954
0.923
0.916
0.899
0.944
0.931
0.937
0.981
0.938
0.868
0.905
0.890
0.922
0.907
0.898
0.876
0.984
0.952
0.976
0.859
0.917
0.895
0.917
0.901
0.911
0.982
0.935
0.857
0.942
0.943
0.858
0.843
0.774
0.737
0.812
0.939
0.943
0.941
0.983
0.888
0.924
0.960
0.920
0.939
0.915
0.930
0.949
0.921
0.842
0.916
0.915
0.824
0.890
0.943
0.969
0.934
0.877
0.896
0.906
0.934
0.950
0.929
0.916
0.962
0.944
0.901
0.964
0.935
0.948
0.890
0.931
0.932
0.871
0.886
0.926
0.927
0.888
0.933
0.950
0.942
0.926
0.948
0.921
0.905
0.969
0.902
0.900
0.921
0.933
0.950
0.953
0.965
0.904
0.915
0.979
0.937
0.951
0.921
0.941
0.885
0.924
0.922
0.877
0.881
0.862
0.878
0.827
0.808
0.806
0.804
0.800
0.778
0.804
0.795
0.806
0.788
0.836
0.812
0.817
0.811
0.836
0.783
0.814
0.948
0.946
0.910
0.868
0.887
0.838
0.822
0.794
0.845
0.927
0.948
0.967
0.968
0.967
0.927
0.923
0.969
0.953
0.944
0.908
0.867
0.869
0.912
0.858
0.858
0.956
0.884
0.879
0.851
0.873
0.859
0.881
0.900
0.861
0.913
0.941
0.928
0.973
0.941
0.976
0.965
0.950
0.951
0.941
0.936
0.948
0.921
0.944
0.969
0.975
0.973
0.965
0.957
0.946
0.977
0.952
0.931
0.908
0.848
0.917
0.948
0.930
0.953
0.957
0.957
0.958
0.948
0.948
0.927
0.919
0.899
0.911
0.939
0.930
0.961
0.966
0.912
0.977
0.925
0.940
0.928
0.932
0.971
0.948
0.965
0.938
0.909
0.962
0.935
0.910
0.881
0.937
0.924
0.969
0.965
0.941
0.925
0.932
0.941
0.928
0.884
0.934
0.889
0.844
0.875
0.940
0.976
0.898
0.948
0.921
0.907
0.920
0.968
0.854
0.921
0.896
0.981
0.981
0.940
0.927
0.958
0.980
0.944
0.945
0.958
0.877
0.893
0.906
0.981
0.854
0.935
0.900
0.904
0.872
0.894
0.953
0.893
0.954
0.917
0.967
0.927
0.931
0.927
0.930
0.950
0.941
0.924
0.891
0.946
0.947
0.941
0.905
0.939
0.948
0.853
0.922
0.941
0.873
0.947
0.939
0.935
0.905
0.933
0.881
0.894
0.925
0.911
0.919
0.894
0.869
0.896
0.924
0.931
0.919
0.905
0.922
0.935
0.918
0.938
0.966
0.920
0.933
0.877
0.912
0.876
0.818
0.832
0.874
0.917
0.919
0.899
0.848
0.924
0.940
0.919
0.909
0.948
0.976
0.944
0.902
0.982
0.875
0.902
0.905
0.944
0.923
0.897
0.956
0.942
0.935
0.890
0.969
0.908
0.945
0.892
0.950
0.929
0.953
0.958
0.942
0.969
0.947
0.888
0.940
0.847
0.932
0.943
0.931
0.913
0.919
0.943
0.944
0.931
0.907
0.934
0.951
0.912
0.935
0.879
0.870
0.802
0.844
0.938
0.920
0.953
0.825
0.977
0.927
0.836
0.846
0.933
0.905
0.882
0.961
0.961
0.835
0.931
0.939
0.957
0.891
0.931
0.834
0.923
0.932
0.852
0.850
0.934
0.925
0.933
0.943
0.907
0.946
0.890
0.862
0.937
0.916
0.926
0.977
0.893
0.949
0.910
0.900
0.832
0.793
0.862
0.823
0.879
0.942
0.911
0.854
0.881
0.929
0.937
0.908
0.946
0.920
0.907
0.940
0.915
0.926
0.883
0.950
0.946
0.928
0.911
0.867
0.846
0.849
0.899
0.899
0.930
0.925
0.922
0.940
0.937
0.838
0.891
0.929
0.904
0.901
0.923
0.979
0.881
0.959
0.949
0.935
0.950
0.930
0.900
0.928
0.884
0.850
0.828
0.831
0.858
0.925
0.881
0.859
0.843
0.798
0.861
0.890
0.916
0.944
0.910
0.927
0.894
0.949
0.942
0.941
0.909
0.912
0.932
0.814
0.797
0.798
0.858
0.855
0.866
0.808
0.857
0.914
0.933
0.910
0.966
0.922
0.912
0.922
0.943
0.909
0.907
0.872
0.888
0.879
0.850
0.860
0.855
0.901
0.911
0.860
0.892
0.882
0.898
0.883
0.872
0.879
0.895
0.911
0.906
0.895
0.878
0.864
0.831
0.855
0.827
0.829
0.842
0.834
0.870
0.880
0.904
0.952
0.962
0.867
0.869
0.879
0.882
0.821
0.912
0.934
0.930
0.863
0.811
0.864
0.873
0.881
0.908
0.871
0.895
0.933
0.929
0.930
0.935
0.916
0.932
0.953
0.943
0.959
0.929
0.886
0.868
0.911
0.934
0.904
0.894
0.920
0.901
0.897
0.900
0.914
0.956
0.944
0.931
0.918
0.927
0.955
0.936
0.939
0.956
0.943
0.939
0.945
0.944
0.945
0.935
0.961
0.940
0.948
0.966
0.909
0.893
0.976
0.963
0.899
0.967
0.892
0.958
0.917
0.939
0.972
0.969
0.919
0.859
0.954
0.879
0.920
0.931
0.941
0.923
0.948
0.974
0.902
0.864
0.869
0.880
0.949
0.872
0.928
0.872
0.927
0.952
0.927
0.890
0.927
0.940
0.939
0.963
0.924
0.922
0.906
0.935
0.945
0.942
0.868
0.946
0.939
0.926
0.895
0.914
0.830
0.922
0.896
0.852
0.852
0.863
0.948
0.881
0.903
0.905
0.935
0.931
0.855
0.854
0.926
0.884
0.957
0.910
0.935
0.912
0.935
0.933
0.845
0.875
0.828
0.886
0.861
0.911
0.877
0.892
0.864
0.904
0.813
0.919
0.914
0.900
0.962
0.894
0.904
0.850
0.909
0.912
0.901
0.912
0.891
0.841
