19790101
0.880
0.828
0.801
0.795
0.777
0.743
0.724
0.720
0.727
0.730
0.736
0.717
0.701
0.765
0.776
0.721
0.706
0.688
0.650
0.620
0.631
0.705
0.835
0.798
0.822
0.910
0.938
0.933
0.929
0.842
0.888
0.906
0.873
0.769
0.750
0.730
0.772
0.696
0.751
0.769
0.866
0.843
0.791
0.801
0.902
0.885
0.903
0.887
0.785
0.774
0.719
0.700
0.806
0.826
0.913
0.889
0.919
0.904
0.854
0.853
0.870
0.873
0.874
0.928
0.897
0.931
0.973
0.947
0.921
0.940
0.873
0.857
0.860
0.878
0.832
0.758
0.768
0.881
0.792
0.796
0.822
0.755
0.858
0.754
0.924
0.855
0.915
0.929
0.883
0.895
0.883
0.926
0.940
0.908
0.933
0.941
0.958
0.948
0.892
0.885
0.872
0.916
0.901
0.963
0.955
0.951
0.947
0.949
0.939
0.918
0.946
0.965
0.916
0.844
0.929
0.943
0.917
0.897
0.899
0.916
0.881
0.919
0.914
0.976
0.960
0.949
0.948
0.934
0.949
0.914
0.931
0.948
0.952
0.947
0.936
0.871
0.967
0.889
0.881
0.894
0.953
0.954
0.905
0.935
0.886
0.916
0.925
0.939
0.858
0.827
0.962
0.915
0.953
0.862
0.813
0.751
0.735
0.836
0.876
0.940
0.892
0.919
0.970
0.924
0.965
0.791
0.913
0.934
0.895
0.926
0.937
0.939
0.948
0.925
0.942
0.925
0.910
0.847
0.856
0.870
0.928
0.923
0.940
0.873
0.910
0.843
0.811
0.756
0.814
0.852
0.912
0.866
0.891
0.902
0.878
0.946
0.942
0.909
0.927
0.737
0.938
0.939
0.904
0.899
0.916
0.928
0.912
0.871
0.764
0.779
0.848
0.927
0.901
0.900
0.901
0.915
0.864
0.860
0.825
0.752
0.755
0.751
0.766
0.803
0.853
0.953
0.875
0.870
0.927
0.911
0.887
0.820
0.946
0.942
0.962
0.896
0.887
0.892
0.911
0.899
0.834
0.907
0.891
0.784
0.830
0.911
0.924
0.921
0.931
0.758
0.800
0.833
0.889
0.894
0.863
0.975
0.950
0.874
0.888
0.870
0.876
0.917
0.936
0.871
0.956
0.857
0.797
0.847
0.941
0.833
0.888
0.941
0.841
0.857
0.900
0.917
0.909
0.944
0.897
0.880
0.955
0.964
0.841
0.926
0.855
0.911
0.746
0.843
0.897
0.896
0.909
0.843
0.876
0.820
0.835
0.682
0.694
0.815
0.881
0.847
0.901
0.838
0.770
0.819
0.867
0.884
0.887
0.918
0.952
0.817
0.748
0.895
0.850
0.886
0.884
0.912
0.809
0.794
0.911
0.912
0.897
0.856
0.902
0.868
0.916
0.806
0.834
0.980
0.874
0.923
0.947
0.916
0.905
0.919
0.956
0.914
0.903
0.882
0.906
0.910
0.932
0.929
0.926
0.878
0.745
0.733
0.755
0.870
0.927
0.900
0.940
0.955
0.866
0.935
0.797
0.878
0.839
0.780
0.722
0.746
0.794
0.825
0.919
0.950
0.846
0.953
0.942
0.893
0.925
0.860
0.766
0.737
0.747
0.735
0.728
0.689
0.680
0.671
0.814
0.799
0.751
0.741
0.853
0.925
0.880
0.785
0.830
0.874
0.892
0.768
0.803
0.810
0.896
0.824
0.819
0.704
0.843
0.845
0.887
0.917
0.879
0.754
0.684
0.621
0.654
0.769
0.727
0.699
0.633
0.635
0.645
0.714
0.861
0.753
0.732
0.809
0.899
0.738
0.738
0.676
0.616
0.664
0.666
0.689
0.649
0.650
0.724
0.671
0.619
0.601
0.610
0.621
0.626
0.629
0.657
0.755
0.752
0.754
0.781
0.717
0.648
0.624
0.732
0.694
0.674
0.620
0.655
0.648
0.631
0.629
0.683
0.648
0.622
0.708
0.670
0.775
0.710
0.706
0.815
0.695
0.698
0.743
0.793
0.648
0.683
0.715
0.681
0.690
0.657
0.643
0.669
0.826
0.803
0.726
0.726
0.749
0.890
0.930
0.878
0.937
0.962
0.960
0.830
0.848
0.900
0.848
0.893
0.889
0.888
0.939
0.914
0.939
0.896
0.919
0.944
0.792
0.801
0.867
0.868
0.969
0.847
0.850
0.860
0.909
0.737
0.880
0.963
0.887
0.951
0.949
0.919
0.960
0.958
0.947
0.948
0.947
0.865
0.875
0.966
0.872
0.911
0.980
0.896
0.864
0.865
0.885
0.927
0.924
0.940
0.864
0.884
0.765
0.795
0.786
0.873
0.910
0.961
0.773
0.859
0.886
0.852
0.906
0.885
0.807
0.757
0.753
0.728
0.683
0.671
0.721
0.743
0.717
0.709
0.708
0.695
0.742
0.742
0.821
0.872
0.874
0.790
0.776
0.778
0.781
0.801
0.852
0.789
0.813
0.881
0.876
0.883
0.870
0.874
0.905
0.852
0.874
0.851
0.848
0.907
0.830
0.845
0.891
0.907
0.941
0.946
0.923
0.945
0.915
0.914
0.857
0.779
0.814
0.886
0.873
0.854
0.904
0.899
0.925
0.922
0.922
0.860
0.802
0.861
0.906
0.825
0.835
0.840
0.715
0.866
0.894
0.919
0.940
0.927
0.914
0.813
0.861
0.888
0.871
0.820
0.789
0.900
0.912
0.900
0.951
0.943
0.871
0.896
0.847
0.825
0.879
0.973
0.914
0.914
0.944
0.938
0.879
0.974
0.977
0.897
0.816
0.843
0.883
0.926
0.911
0.893
0.979
0.848
0.934
0.962
0.966
0.896
0.961
0.895
0.968
0.980
0.950
0.948
0.893
0.934
0.968
0.885
0.926
0.938
0.936
0.940
0.949
0.936
0.946
0.930
0.969
0.929
0.947
0.904
0.954
0.929
0.898
0.850
0.881
0.899
0.899
0.889
0.872
0.897
0.945
0.837
0.863
0.871
0.881
0.866
0.894
0.927
0.939
0.934
0.899
0.964
0.876
0.937
0.896
0.901
0.949
0.940
0.857
0.854
0.885
0.947
0.944
0.903
0.939
0.944
0.956
0.936
0.932
0.955
0.969
0.943
0.969
0.974
0.952
0.867
0.831
0.872
0.913
0.911
0.892
0.899
0.837
0.902
0.900
0.968
0.950
0.982
0.943
0.834
0.795
0.784
0.903
0.905
0.870
0.897
0.912
0.903
0.782
0.825
0.926
0.827
0.860
0.778
0.787
0.917
0.748
0.708
0.775
0.801
0.799
0.875
0.922
0.885
0.875
0.875
0.796
0.782
0.873
0.827
0.812
0.919
0.865
0.843
0.842
0.855
0.860
0.869
0.817
0.839
0.832
0.867
0.916
0.929
0.903
0.889
0.906
0.913
0.903
0.932
0.942
0.967
0.964
0.957
0.903
0.872
0.861
0.868
0.884
0.858
0.788
0.964
0.946
0.884
0.907
0.907
0.921
0.879
0.912
0.909
0.913
0.874
0.823
0.846
0.851
0.828
0.754
0.747
0.728
0.808
0.798
0.788
0.762
0.721
0.803
0.716
0.712
0.677
0.657
0.655
0.792
0.890
0.784
0.709
0.731
0.665
0.669
0.694
0.711
0.888
0.855
0.906
0.810
0.948
0.887
0.945
0.820
0.856
0.838
0.838
0.938
0.917
0.897
0.953
0.960
0.916
0.894
0.896
0.969
0.902
0.869
0.882
0.956
0.962
0.918
0.797
0.916
0.919
0.865
0.957
0.858
0.882
0.909
0.950
0.967
0.971
0.958
0.940
0.942
0.923
0.881
0.882
0.874
0.974
0.834
0.970
0.865
0.972
0.928
0.958
0.924
0.920
0.935
0.955
0.959
0.942
0.969
0.915
0.948
0.945
0.885
0.924
0.912
0.960
0.948
0.942
0.907
0.894
0.925
0.949
0.955
0.898
0.944
0.943
0.861
0.935
0.937
0.921
0.940
0.959
0.922
0.861
0.923
0.976
0.931
0.856
0.915
0.959
0.926
0.918
0.926
0.906
0.913
0.938
0.917
0.899
0.883
0.925
0.907
0.809
0.886
0.890
0.873
0.789
0.827
0.779
0.827
0.810
0.798
0.753
0.779
0.848
0.909
0.923
0.809
0.886
0.907
0.914
0.871
0.794
0.871
0.871
0.885
0.920
0.877
0.894
0.914
0.959
0.843
0.900
0.933
0.949
0.932
0.877
0.907
0.913
0.906
0.856
0.888
0.902
0.919
0.982
0.894
0.937
0.898
0.954
0.924
0.923
0.899
0.917
0.967
0.887
0.960
0.937
0.940
0.870
0.956
0.920
0.923
0.954
0.924
0.768
0.886
0.894
0.908
0.948
0.945
0.906
0.943
0.953
0.953
0.950
0.946
0.927
0.906
0.959
0.901
0.936
0.977
0.902
0.954
0.967
0.963
0.968
0.949
0.920
0.946
0.879
0.902
0.905
0.951
0.983
0.899
0.957
0.937
0.877
0.920
0.951
0.913
0.920
0.910
0.928
0.917
0.940
0.923
0.902
0.958
0.952
0.972
0.960
0.919
0.946
0.982
0.922
0.931
0.952
0.931
0.928
0.872
0.900
0.962
0.937
0.925
0.883
0.863
0.938
0.898
0.927
0.901
0.892
0.924
0.941
0.879
0.955
0.949
0.931
0.961
0.958
0.848
0.920
0.983
0.974
0.919
0.968
0.955
0.949
0.960
0.871
0.904
0.885
0.944
0.946
0.923
0.879
0.803
0.834
0.863
0.865
0.910
0.906
0.901
0.910
0.931
0.954
0.933
0.943
0.923
0.784
0.847
0.847
0.815
0.868
0.834
0.922
0.901
0.864
0.889
0.760
0.889
0.920
0.754
0.744
0.697
0.648
0.654
0.647
0.762
0.849
0.882
0.789
0.709
0.765
0.865
0.849
0.862
0.747
0.905
0.870
0.849
0.899
0.886
0.851
0.880
0.909
0.908
0.870
0.884
0.865
0.897
0.862
0.796
0.812
0.892
0.919
0.854
0.839
0.955
0.791
0.793
0.754
0.721
0.800
0.819
0.948
0.731
0.662
0.681
0.780
0.807
0.728
0.621
0.803
0.881
0.745
0.740
0.787
0.783
0.732
0.811
0.836
0.698
0.666
0.679
0.670
0.725
0.855
0.937
0.825
0.662
0.725
0.789
0.858
0.892
0.878
0.865
0.892
0.844
0.864
0.943
0.914
0.852
0.938
0.842
0.785
0.800
0.621
0.658
0.600
0.713
0.873
0.839
0.911
0.913
0.872
0.885
0.922
0.914
0.885
0.865
0.874
0.825
0.928
0.937
0.975
0.831
0.876
0.957
0.918
0.918
0.899
0.977
0.922
0.927
0.951
0.951
0.978
0.903
0.968
0.939
0.980
0.871
0.943
0.874
0.967
0.939
0.872
0.857
0.911
0.868
0.903
0.961
0.854
0.928
0.884
0.791
0.897
0.906
0.918
0.757
0.936
0.931
0.873
0.863
0.873
0.958
0.898
0.945
0.802
0.875
0.877
0.862
0.848
0.907
0.863
0.941
0.877
0.924
0.819
0.812
0.898
0.805
0.906
0.839
0.709
0.703
0.730
0.746
0.775
0.767
0.866
0.889
0.784
0.774
0.778
0.888
0.841
0.871
0.741
0.801
0.845
0.832
0.796
0.806
0.812
0.782
0.826
0.823
0.736
0.787
0.845
0.872
0.865
0.847
0.763
0.679
0.846
0.807
0.823
0.745
0.763
0.833
0.921
0.881
0.856
0.774
0.733
0.749
0.750
0.769
0.790
0.753
0.718
0.780
0.686
0.703
0.740
0.744
0.787
0.737
0.783
0.779
0.807
0.742
0.795
0.869
0.800
0.787
0.758
0.882
0.764
0.840
0.792
0.817
0.781
0.854
0.912
0.905
0.876
0.853
0.909
0.890
0.971
0.982
0.917
0.847
0.897
0.917
0.875
0.898
0.906
0.893
0.851
0.789
0.976
0.926
0.903
0.975
0.855
0.963
0.901
0.916
0.899
0.880
0.849
0.905
0.844
0.833
0.925
0.971
0.933
0.797
0.889
0.877
0.915
0.953
0.969
0.881
0.923
0.814
0.970
0.863
0.892
0.885
0.826
0.887
0.913
0.935
0.965
0.964
0.925
0.952
0.944
0.879
0.926
0.935
0.948
0.887
0.980
0.874
0.866
0.782
0.845
0.907
0.916
0.820
0.894
0.916
0.933
0.957
0.899
0.873
0.885
0.930
0.951
0.939
0.826
0.763
0.786
0.886
0.889
0.928
0.884
0.871
0.922
0.885
0.932
0.861
0.898
0.911
0.907
0.868
0.760
0.717
0.951
0.921
0.849
0.932
0.939
0.887
0.902
0.835
0.852
0.874
0.810
0.839
0.747
0.716
0.712
0.741
0.690
0.780
0.768
0.786
0.749
0.719
0.689
0.684
0.692
0.713
0.718
0.695
0.700
0.681
0.758
0.681
0.679
0.676
0.695
0.688
0.693
0.779
0.697
0.703
0.732
0.736
0.906
0.706
0.935
0.719
0.654
0.627
0.711
0.722
0.639
0.700
0.691
0.726
0.700
0.686
0.689
0.642
0.800
0.646
0.675
0.639
0.729
0.727
0.706
0.693
0.714
0.707
0.750
0.812
0.815
0.707
0.964
0.704
0.808
0.825
0.788
0.680
0.747
0.770
0.815
0.955
0.727
0.833
0.850
0.809
0.764
0.692
0.806
0.835
0.796
0.884
0.788
0.659
0.653
0.816
0.735
0.679
0.894
0.709
0.789
0.806
0.699
0.680
0.741
0.727
0.803
0.753
0.821
0.860
0.820
0.846
0.780
0.837
0.744
0.728
0.788
0.736
0.763
0.773
0.709
0.790
0.900
0.832
0.828
0.899
0.879
0.846
0.745
0.787
0.906
0.910
0.875
0.960
0.875
0.927
0.912
0.881
0.926
0.869
0.971
0.902
0.953
0.848
0.843
0.843
0.945
0.912
0.915
0.946
0.934
0.965
0.858
0.880
0.882
0.813
0.914
0.921
0.822
0.932
0.944
0.892
0.957
0.919
0.961
0.892
0.928
0.931
0.854
0.963
0.960
0.859
0.932
0.962
0.963
0.825
0.902
0.827
0.872
0.979
0.818
0.885
0.922
0.768
0.832
0.819
0.883
0.920
0.907
0.789
0.878
0.895
0.867
0.913
0.840
0.880
0.880
0.858
0.821
0.892
0.924
0.779
0.779
0.847
0.921
0.857
0.801
0.819
0.789
0.868
0.920
0.887
0.911
0.773
0.719
0.732
0.719
0.866
0.842
0.706
0.677
0.727
0.804
0.834
0.853
0.758
0.830
0.813
0.850
0.857
0.795
0.833
0.905
0.722
0.781
0.795
0.879
0.845
0.899
0.767
0.733
0.845
0.757
0.726
0.740
0.871
0.779
0.781
0.819
0.798
0.853
0.840
0.754
0.917
0.884
0.829
0.890
0.848
0.789
0.916
0.885
0.918
0.880
0.882
0.938
0.926
0.895
0.897
0.919
0.885
0.929
0.928
0.931
0.847
0.907
0.900
0.900
0.900
0.922
0.869
0.922
0.902
0.880
0.841
0.856
0.904
0.727
0.885
0.861
0.892
0.925
0.874
0.870
0.840
0.896
0.932
0.924
0.959
0.911
0.960
0.897
0.935
0.897
0.907
0.960
0.902
0.885
0.921
0.952
0.920
0.892
0.948
0.942
0.944
0.905
0.961
0.918
0.905
0.973
0.861
0.907
0.921
0.968
0.969
0.959
0.951
0.933
0.837
0.952
0.927
0.926
0.961
0.978
0.921
0.874
0.879
0.855
0.909
0.943
0.883
0.917
0.933
0.898
0.945
0.912
0.939
0.983
0.892
0.894
0.937
0.884
0.832
0.950
0.956
0.924
0.897
0.924
0.945
0.907
0.933
0.967
0.902
0.917
0.919
0.928
0.969
0.917
0.907
0.904
0.902
0.897
0.887
0.883
0.889
0.917
0.892
0.891
0.900
0.922
0.878
0.874
0.954
0.861
0.803
0.837
0.879
0.908
0.900
0.955
0.879
0.871
0.850
0.865
0.797
0.858
0.869
0.891
0.889
0.895
0.888
0.883
0.866
0.847
0.894
0.897
0.760
0.789
0.879
0.828
0.852
0.765
0.846
0.892
0.851
0.914
0.822
0.761
0.850
0.858
0.876
0.911
0.952
0.882
0.858
0.804
0.884
0.874
0.845
0.850
0.838
0.868
0.853
0.840
0.885
0.870
0.895
0.857
0.770
0.949
0.886
0.878
0.886
0.876
0.815
0.878
0.931
0.871
0.876
0.851
0.830
0.746
0.695
0.731
0.803
0.715
0.710
0.691
0.744
0.724
0.651
0.667
0.741
0.822
0.732
0.666
0.692
0.741
0.718
0.809
0.835
0.905
0.771
0.719
0.734
0.702
0.797
0.745
0.824
0.843
0.818
0.941
0.643
0.759
0.778
0.846
0.941
0.828
0.822
0.827
0.742
0.847
0.783
0.821
0.849
0.721
0.881
0.920
0.888
0.797
0.871
0.937
0.851
0.884
0.912
0.874
0.865
0.861
0.828
0.853
0.915
0.817
0.826
0.898
0.870
0.924
0.892
0.911
0.902
0.937
0.906
0.914
0.839
0.819
0.927
0.974
0.907
0.980
0.895
0.925
0.908
0.882
0.851
0.943
0.971
0.888
0.793
0.939
0.924
0.975
0.848
0.880
0.905
0.962
0.900
0.945
0.851
0.887
0.885
0.835
0.892
0.842
0.885
0.874
0.884
0.882
0.906
0.907
0.890
0.887
0.900
0.890
0.888
0.899
0.864
0.838
0.900
0.969
0.895
0.928
0.854
0.944
0.848
0.874
0.893
0.913
0.892
0.919
0.839
0.882
0.856
0.869
0.914
0.867
0.956
0.850
0.874
0.852
0.830
0.819
0.908
0.855
0.848
0.873
0.855
0.915
0.914
0.848
0.869
0.853
0.893
0.927
0.877
0.883
0.942
0.965
0.915
0.902
0.830
0.912
0.919
0.945
0.864
0.934
0.885
0.857
0.906
0.926
0.837
0.858
0.908
0.913
0.861
0.895
0.954
0.881
0.740
0.888
0.805
0.862
0.845
0.913
0.921
0.956
0.976
0.861
0.892
0.895
0.874
0.831
0.878
0.940
0.975
0.880
0.956
0.907
0.911
0.972
0.773
0.862
0.929
0.949
0.931
0.887
0.905
0.969
0.821
0.900
0.979
0.886
0.970
0.920
0.980
0.855
0.900
0.945
0.883
0.887
0.909
0.836
0.951
0.908
0.943
0.885
0.905
0.917
0.886
0.891
0.935
0.916
0.889
0.918
0.925
0.977
0.901
0.908
0.913
0.870
0.882
0.890
0.923
0.950
0.890
0.821
0.756
0.793
0.930
0.891
0.943
0.860
0.791
0.872
0.922
0.954
0.952
0.939
0.883
0.963
0.884
0.903
0.918
0.927
0.965
0.970
0.963
0.958
0.929
0.936
0.931
0.932
0.873
0.845
0.829
0.767
0.804
0.892
0.821
0.890
0.921
0.885
0.938
0.940
0.912
0.873
0.956
0.870
0.930
0.887
0.924
0.813
0.766
0.748
0.732
0.737
0.708
0.692
0.642
0.667
0.655
0.666
0.819
0.888
0.765
0.732
0.728
0.753
0.703
0.727
0.686
0.682
0.687
0.682
0.673
0.686
0.678
0.741
0.724
0.723
0.934
0.754
0.662
0.659
0.833
0.728
0.837
0.740
0.746
0.651
0.697
0.767
0.745
0.725
0.653
0.638
0.670
0.843
0.816
0.790
0.851
0.821
0.736
0.788
0.662
0.702
0.648
0.634
0.638
0.616
0.601
0.647
0.673
0.671
0.646
0.632
0.639
0.651
0.744
0.761
0.825
0.865
0.841
0.789
0.651
0.646
0.670
0.700
0.764
0.756
0.768
0.743
0.670
0.731
0.709
0.762
0.737
0.625
0.642
0.662
0.586
0.608
0.709
0.850
0.838
0.838
0.804
0.830
0.840
0.874
0.821
0.686
0.752
0.823
0.789
0.837
0.895
0.871
0.880
0.901
0.731
0.765
0.801
0.763
0.779
0.797
0.786
0.865
0.797
0.711
0.737
0.697
0.725
0.855
0.803
0.825
0.935
0.728
0.733
0.703
0.783
0.866
0.872
0.958
0.854
0.828
0.898
0.870
0.895
0.976
0.934
0.962
0.829
0.960
0.894
0.965
0.896
0.902
0.860
0.859
0.808
0.894
0.877
0.905
0.876
0.885
0.902
0.899
0.904
0.914
0.967
0.964
0.838
0.974
0.898
0.929
0.919
0.892
0.869
0.798
0.805
0.740
0.779
0.750
0.780
0.766
0.748
0.736
0.743
0.700
0.736
0.721
0.662
0.720
0.769
0.865
0.746
0.814
0.778
0.775
0.711
0.689
0.728
0.687
0.749
0.754
0.843
0.920
0.857
0.933
0.805
0.722
0.758
0.776
0.781
0.782
0.811
0.781
0.801
0.821
0.831
0.807
0.952
0.880
0.917
0.929
0.844
0.763
0.869
0.895
0.869
0.934
0.951
0.840
0.849
0.906
0.879
0.914
0.896
0.846
0.805
0.848
0.890
0.903
0.897
0.918
0.932
0.889
0.870
0.952
0.931
0.899
0.904
0.897
0.921
0.899
0.874
0.905
0.878
0.917
0.908
0.961
0.877
0.792
0.816
0.865
0.918
0.921
0.885
0.913
0.983
0.862
0.961
0.896
0.914
0.838
0.943
0.868
0.891
0.883
0.826
0.861
0.907
0.899
0.920
0.912
0.960
0.808
0.801
0.891
0.920
0.925
0.943
0.870
0.795
0.899
0.949
0.897
0.947
0.888
0.916
0.929
0.907
0.883
0.872
0.903
0.868
0.902
0.941
0.870
0.974
0.831
0.843
0.836
0.939
0.957
0.915
0.902
0.973
0.919
0.789
0.974
0.779
0.726
0.671
0.733
0.814
0.892
0.872
0.945
0.930
0.933
0.920
0.870
0.911
0.853
0.920
0.876
0.946
0.964
0.959
0.928
0.956
0.944
0.896
0.927
0.934
0.906
0.909
0.911
0.915
0.954
0.968
0.982
0.906
0.893
0.883
0.921
0.939
0.850
0.845
0.956
0.871
0.893
0.866
0.903
0.786
0.705
0.700
0.711
0.683
0.678
0.703
0.712
0.695
0.709
0.728
0.743
0.637
0.768
0.824
0.801
0.769
0.693
0.782
0.763
0.883
0.855
0.894
0.799
0.848
0.827
0.771
0.735
0.804
0.711
0.782
0.875
0.822
0.679
0.679
0.708
0.670
0.639
0.679
0.668
0.830
0.778
0.826
0.875
0.937
0.921
0.743
0.755
0.811
0.713
0.681
0.824
0.875
0.851
0.795
0.729
0.703
0.856
0.836
0.746
0.877
0.848
0.812
0.714
0.774
0.831
0.810
0.751
0.775
0.784
0.812
0.879
0.903
0.892
0.777
0.681
0.682
0.765
0.879
0.885
0.829
0.905
0.735
0.797
0.791
0.667
0.655
0.772
0.742
0.839
0.806
0.682
0.615
0.668
0.732
0.717
0.807
0.816
0.828
0.790
0.636
0.650
0.609
0.696
0.817
0.689
0.759
0.899
0.858
0.907
0.733
0.834
0.848
0.814
0.791
0.777
0.798
0.884
0.797
0.868
0.952
0.898
0.878
0.869
0.799
0.865
0.864
0.870
0.847
0.871
0.880
0.814
0.901
0.890
0.888
0.905
0.944
0.973
0.861
0.877
0.870
0.912
0.910
0.906
0.907
0.911
0.864
0.855
0.816
0.761
0.798
0.656
0.797
0.916
0.907
0.852
0.879
0.837
0.876
0.884
0.931
0.896
0.900
0.954
0.919
0.876
0.853
-99.000
0.977
0.922
0.951
0.850
0.938
0.882
0.868
0.948
0.853
0.889
0.804
0.786
0.743
0.834
0.845
0.832
0.773
0.870
0.793
0.764
0.759
0.837
0.879
0.892
0.771
0.797
0.786
0.772
0.858
0.877
0.879
0.786
0.705
0.775
0.795
0.810
0.776
0.740
0.734
0.707
0.710
0.767
0.736
0.724
0.763
0.885
0.817
0.874
0.745
0.770
0.832
0.845
0.732
0.712
0.704
0.668
0.675
0.716
0.777
0.726
0.756
0.758
0.755
0.759
0.752
0.789
0.730
0.758
0.716
0.719
0.733
0.747
0.871
0.884
0.897
0.894
0.794
0.869
0.873
0.859
0.890
0.930
0.838
0.776
0.898
0.868
0.892
0.737
0.851
0.880
0.864
0.918
0.864
0.967
0.962
0.740
0.779
0.735
0.758
0.882
0.818
0.768
0.796
0.756
0.789
0.924
0.931
0.878
0.836
0.915
0.910
0.890
0.875
0.887
0.817
0.940
0.866
0.906
0.972
0.822
0.964
0.905
0.951
0.967
0.923
0.866
0.828
0.911
0.903
0.916
0.868
0.937
0.914
0.913
0.948
0.942
0.970
0.964
0.881
0.870
0.913
0.918
0.962
0.946
0.951
0.968
0.946
0.934
0.972
0.953
0.963
0.962
0.906
0.973
0.941
0.920
0.893
0.939
0.876
0.837
0.898
0.929
0.956
0.890
0.889
0.856
0.919
0.963
0.870
0.929
0.941
0.949
0.932
0.915
0.952
0.883
0.974
0.897
0.892
0.879
0.804
0.871
0.834
0.867
0.872
0.875
0.870
0.881
0.907
0.925
0.925
0.936
0.903
0.888
0.894
0.795
0.808
0.900
0.861
0.763
0.736
0.715
0.775
0.727
0.739
0.764
0.856
-99.000
-99.000
-99.000
-99.000
-99.000
-99.000
-99.000
-99.000
0.856
0.775
0.683
0.765
0.949
0.962
0.878
0.706
0.663
0.667
0.818
0.778
0.753
0.672
0.677
0.687
0.700
0.835
0.857
0.877
0.880
0.837
0.948
0.889
0.795
0.816
0.849
0.700
0.682
0.658
0.693
0.703
0.696
0.684
0.677
0.686
0.747
0.836
0.972
0.957
0.948
0.824
0.806
0.902
0.911
0.825
0.887
0.849
0.812
0.708
0.762
0.732
0.659
0.661
0.721
0.687
0.691
0.699
0.722
0.694
0.688
0.712
0.848
0.837
0.759
0.774
0.821
0.738
0.672
0.771
0.689
0.765
0.847
0.840
0.698
0.677
0.740
0.820
0.814
0.931
0.800
0.887
0.683
0.804
0.721
0.837
0.680
0.753
0.821
0.929
0.840
0.811
0.859
0.884
0.906
0.787
0.884
0.768
0.941
0.838
0.843
0.736
0.715
0.755
0.767
0.825
0.783
0.754
0.865
0.960
0.796
0.961
0.870
0.942
0.938
0.947
0.946
0.854
0.822
0.876
0.945
0.901
0.858
0.850
0.882
0.949
0.859
0.836
0.875
0.923
0.804
0.854
0.818
0.893
0.928
0.899
0.916
0.894
0.887
0.922
0.973
0.865
0.923
0.921
0.878
0.878
0.842
0.853
0.876
0.864
0.900
0.894
0.899
0.885
0.962
0.845
0.922
0.811
0.773
0.852
0.825
0.862
0.920
0.948
0.930
0.925
0.870
0.876
0.928
0.896
0.917
0.823
0.942
0.939
0.946
0.913
0.867
0.884
0.800
0.885
0.916
0.875
0.811
0.888
0.890
0.843
0.795
0.897
0.871
0.915
0.891
0.875
0.935
0.870
0.889
0.858
0.887
0.978
0.893
0.836
0.880
0.830
0.879
0.866
0.855
0.917
0.880
0.876
0.817
0.834
0.956
0.848
0.933
0.928
0.927
0.925
0.887
0.923
0.938
0.869
0.904
0.852
0.915
0.862
0.852
0.857
0.808
0.826
0.888
0.915
0.884
0.844
0.888
0.880
0.899
0.842
0.860
0.871
0.881
0.855
0.942
0.918
0.846
0.925
0.892
0.972
0.885
0.957
0.921
0.900
0.897
0.934
0.947
0.853
0.842
0.921
0.919
0.847
0.954
0.814
0.881
0.908
0.930
0.917
0.960
0.907
0.912
0.877
0.890
0.960
0.947
0.942
0.857
0.876
0.964
0.914
0.923
0.972
0.905
0.940
0.944
0.964
0.885
0.900
0.862
0.908
0.905
0.919
0.924
0.916
0.867
0.890
0.909
0.950
0.969
0.969
0.957
0.977
0.919
0.980
0.914
0.970
0.861
0.817
0.948
0.886
0.883
0.909
0.878
0.970
0.959
0.957
0.915
0.937
0.930
0.921
0.919
0.963
0.938
0.947
0.928
0.932
0.871
0.929
0.930
0.921
0.924
0.920
0.918
0.919
0.906
0.953
0.895
0.937
0.945
0.942
0.916
0.907
0.914
0.857
0.808
0.831
0.936
0.976
0.962
0.968
0.950
0.933
0.900
0.848
0.778
0.789
0.777
0.826
0.813
0.796
0.799
0.755
0.736
0.720
0.741
0.740
0.892
0.770
0.709
0.723
0.737
0.720
0.685
0.739
0.848
0.850
0.750
0.707
0.733
0.780
0.679
0.658
0.683
0.678
0.705
0.685
0.828
0.734
0.695
0.651
0.649
0.644
0.648
0.623
0.671
0.652
0.666
0.667
0.695
0.648
0.666
0.714
0.765
0.762
0.796
0.720
0.704
0.782
0.819
0.880
0.913
0.830
0.848
0.817
0.841
0.829
0.822
0.744
0.666
0.707
0.791
0.741
0.646
0.664
0.752
0.765
0.812
0.683
0.713
0.718
0.653
0.622
0.631
0.642
0.694
0.652
0.668
0.733
0.781
0.748
0.644
0.661
0.761
0.733
0.775
0.716
0.655
0.645
0.645
0.630
0.654
0.667
0.613
0.594
0.600
0.637
0.655
0.683
0.774
0.724
0.660
0.740
0.853
0.844
0.901
0.869
0.949
0.966
0.951
0.959
0.952
0.958
0.971
0.954
0.934
0.955
0.902
0.901
0.888
0.909
0.910
0.871
0.846
0.875
0.834
0.896
0.889
0.885
0.910
0.960
0.857
0.894
0.853
0.891
0.878
0.937
0.931
0.927
0.947
0.944
0.866
0.923
0.975
0.849
0.937
0.854
0.934
0.963
0.934
0.921
0.945
0.851
0.916
0.933
0.880
0.906
0.900
0.967
0.902
0.867
0.909
0.933
0.961
0.935
0.820
0.852
0.881
0.912
0.922
0.910
0.932
0.848
0.955
0.878
0.956
0.878
0.895
0.943
0.969
0.841
0.880
0.979
0.907
0.906
0.899
0.857
0.892
0.885
0.906
0.922
0.857
0.935
0.941
0.897
0.842
0.945
0.930
0.958
0.910
0.921
0.862
0.935
0.857
0.823
0.853
0.897
0.894
0.891
0.901
0.825
0.824
0.810
0.892
0.891
0.842
0.925
0.862
0.893
0.864
0.901
0.949
0.947
0.928
0.917
0.931
0.949
0.972
0.911
0.935
0.946
0.952
0.960
0.915
0.958
0.955
0.967
0.930
0.961
0.886
0.912
0.926
0.967
0.969
0.964
0.886
0.920
0.841
0.889
0.935
0.942
0.937
0.913
0.932
0.933
0.883
0.951
0.861
0.949
0.920
0.960
0.923
0.942
0.965
0.891
0.896
0.853
0.958
0.901
0.916
0.914
0.932
0.974
0.919
0.924
0.946
0.954
0.973
0.906
0.928
0.886
0.959
0.949
0.914
0.838
0.858
0.908
0.887
0.981
0.867
0.957
0.957
0.955
0.947
0.937
0.926
0.935
0.868
0.902
0.846
0.847
0.816
0.800
0.766
0.900
0.924
0.925
0.913
0.931
0.934
0.885
0.877
0.970
0.909
0.940
0.981
0.969
0.857
0.891
0.954
0.983
0.946
0.886
0.889
0.893
0.957
0.910
0.963
0.914
0.980
0.966
0.959
0.954
0.909
0.920
0.974
0.936
0.917
0.968
0.968
0.966
0.914
0.945
0.937
0.910
0.921
0.913
0.934
0.916
0.897
0.907
0.861
0.892
0.895
0.822
0.865
0.897
0.911
0.922
0.866
0.825
0.828
0.851
0.814
0.801
0.848
0.874
0.881
0.882
0.892
0.918
0.927
0.954
0.960
0.946
0.977
0.888
0.938
0.933
0.959
0.930
0.929
0.904
0.901
0.822
0.828
0.850
0.948
0.942
0.918
0.947
0.903
0.895
0.872
0.932
0.894
0.905
0.862
0.896
0.882
0.886
0.777
0.743
0.807
0.724
0.695
0.675
0.671
0.679
0.651
0.692
0.662
0.700
0.825
0.758
0.679
0.632
0.603
0.649
0.626
0.627
0.600
0.662
0.670
0.670
0.712
0.790
0.866
0.938
0.939
0.907
0.894
0.882
0.913
0.796
0.781
0.807
0.833
0.824
0.856
0.834
0.801
0.819
0.841
0.949
0.857
0.846
0.760
0.715
0.855
0.739
0.847
0.863
0.949
0.865
0.851
0.935
0.855
0.829
0.808
0.875
0.820
0.870
0.838
0.793
0.760
0.744
0.708
0.762
0.783
0.796
0.834
0.804
0.851
0.870
0.823
0.876
0.741
0.781
0.745
0.738
0.795
0.747
0.693
0.747
0.847
0.938
0.933
0.879
0.884
0.858
0.833
0.868
0.882
0.904
0.868
0.893
0.885
0.918
0.923
0.925
0.871
0.940
0.971
0.779
0.974
0.980
0.884
0.919
0.973
0.878
0.897
0.888
0.788
0.799
0.845
0.775
0.844
0.906
0.907
0.879
0.940
0.874
0.921
0.959
0.852
0.884
0.889
0.894
0.926
0.905
0.867
0.965
0.888
0.917
0.919
0.948
0.925
0.897
0.849
0.804
0.907
0.907
0.878
0.880
0.889
0.889
0.894
0.925
0.902
0.952
0.946
0.956
0.917
0.920
0.895
0.872
0.890
0.894
0.887
0.898
0.948
0.848
0.865
0.868
0.914
0.920
0.823
0.806
0.803
0.782
0.753
0.763
0.734
0.864
0.902
0.925
0.912
0.869
0.825
0.900
0.893
0.864
0.938
0.930
0.901
0.939
0.929
0.885
0.884
0.924
0.952
0.935
0.927
0.780
0.874
0.925
0.844
0.931
0.965
0.852
0.866
0.886
0.947
0.844
0.937
0.934
0.958
0.941
0.918
0.876
0.962
0.895
0.915
0.866
0.901
0.934
0.943
0.906
0.930
0.942
0.979
0.931
0.940
0.947
0.882
0.961
0.957
0.937
0.908
0.875
0.932
0.926
0.933
0.947
0.953
0.964
0.917
0.970
0.963
0.950
0.864
0.944
0.966
0.980
0.819
0.797
0.780
0.784
0.930
0.909
0.871
0.900
0.886
0.855
0.824
0.912
0.949
0.827
0.927
0.905
0.958
0.875
0.961
0.943
0.979
0.822
0.893
0.915
0.923
0.946
0.922
0.881
0.953
0.951
0.920
0.954
0.951
0.926
0.870
0.966
0.981
0.978
0.958
0.923
0.868
0.895
0.968
0.849
0.893
0.726
0.821
0.930
0.930
0.944
0.934
0.936
0.933
0.957
0.944
0.926
0.951
0.958
0.964
0.969
0.954
0.969
0.949
0.957
0.966
0.861
0.890
0.899
0.898
0.897
0.930
0.914
0.916
0.943
0.952
0.891
0.844
0.866
0.794
0.785
0.783
0.791
0.770
0.743
0.726
0.743
0.703
0.850
0.942
0.931
0.958
0.897
0.841
0.841
0.837
0.819
0.896
0.934
0.910
0.928
0.927
0.893
0.942
0.920
0.893
0.914
0.807
0.896
0.927
0.912
0.912
0.890
0.795
0.822
0.886
0.849
0.848
0.866
0.801
0.784
0.771
0.901
0.856
0.827
0.892
0.849
0.763
0.733
0.844
0.849
0.896
0.916
0.823
0.858
0.798
0.771
0.714
0.765
0.876
0.740
0.740
0.705
0.663
0.678
0.754
0.719
0.725
0.736
0.842
0.828
0.882
0.710
0.717
0.681
0.740
0.697
0.700
0.752
0.777
0.682
0.652
0.662
0.680
0.661
0.699
0.779
0.660
0.691
0.786
0.813
0.765
0.766
0.889
0.916
0.884
0.866
0.877
0.862
0.856
0.830
0.827
0.839
0.796
0.715
0.778
0.819
0.812
0.823
0.874
0.858
0.881
0.932
0.919
0.777
0.738
0.801
0.817
0.795
0.860
0.901
0.916
0.941
0.859
0.847
0.911
0.963
0.929
0.917
0.863
0.842
0.911
0.966
0.878
0.849
0.912
0.954
0.905
0.885
0.890
0.868
0.952
0.963
0.851
0.949
0.786
0.865
0.849
0.864
0.949
0.918
0.928
0.854
0.936
0.917
0.811
0.850
0.889
0.902
0.852
0.959
0.891
0.960
0.869
0.955
0.977
0.887
0.892
0.930
0.863
0.922
0.867
0.936
0.855
0.871
0.917
0.846
0.844
0.928
0.976
0.859
0.964
0.942
0.941
0.859
0.867
0.885
0.862
0.776
0.831
0.876
0.873
0.910
0.897
0.921
0.894
0.877
0.917
0.754
0.870
0.889
0.807
0.910
0.861
0.881
0.861
0.890
0.843
0.890
0.853
0.916
0.901
0.930
0.916
0.894
0.886
0.852
0.897
0.823
0.890
0.888
0.897
0.847
0.838
0.864
0.864
0.790
0.824
0.743
0.758
0.822
0.889
0.907
0.778
0.829
0.853
0.890
0.863
0.805
0.877
0.783
0.846
0.863
0.928
0.868
0.898
0.872
0.878
0.867
0.817
0.774
0.768
0.763
0.823
0.915
0.904
0.893
0.912
0.949
0.936
0.886
0.881
0.900
0.865
0.834
0.830
0.889
0.900
0.953
0.860
0.910
0.897
0.915
0.864
0.886
0.846
0.773
0.882
0.920
0.933
0.772
0.953
0.872
0.921
0.906
0.955
0.867
0.893
0.887
0.913
0.915
0.927
0.962
0.839
0.905
0.841
0.977
0.909
0.900
0.965
0.792
0.856
0.956
0.935
0.895
0.908
0.903
0.977
0.955
0.942
0.928
0.948
0.838
0.906
0.963
0.954
0.861
0.911
0.893
0.912
0.854
0.861
0.897
0.881
0.900
0.883
0.901
0.960
0.929
0.969
0.958
0.947
0.930
0.889
0.956
0.944
0.897
0.911
0.930
0.921
0.908
0.956
0.912
0.953
0.951
0.935
0.923
0.898
0.922
0.901
0.961
0.967
0.938
0.925
0.906
0.878
0.876
0.868
0.904
0.935
0.945
0.951
0.905
0.841
0.901
0.793
0.764
0.865
0.902
0.878
0.859
0.761
0.748
0.728
0.714
0.717
0.732
0.732
0.761
0.744
0.760
0.861
0.932
0.859
0.876
0.850
0.894
0.916
0.874
0.893
0.891
0.870
0.863
0.765
0.759
0.721
0.810
0.808
0.804
0.770
0.761
0.772
0.769
0.723
0.688
0.683
0.675
0.667
0.662
0.669
0.671
0.694
0.672
0.630
0.639
0.661
0.684
0.673
0.697
0.689
0.658
0.760
0.860
0.930
0.928
0.886
0.904
0.907
0.913
0.840
0.691
0.619
0.735
0.656
0.595
0.646
0.660
0.680
0.713
0.811
0.720
0.797
0.811
0.835
0.790
0.830
0.821
0.879
0.815
0.798
0.932
0.917
0.924
0.838
0.886
0.776
0.821
0.734
0.687
0.676
0.656
0.634
0.642
0.676
0.627
0.639
0.779
0.801
0.802
0.744
0.746
0.769
0.750
0.762
0.718
0.702
0.784
0.818
0.864
0.879
0.840
0.851
0.846
0.873
0.959
0.906
0.869
0.863
0.908
0.863
0.867
0.909
0.966
0.907
0.858
0.784
0.845
0.860
0.895
0.921
0.949
0.934
0.948
0.967
0.916
0.888
0.886
0.905
0.972
0.865
0.907
0.946
0.928
0.884
0.969
0.823
0.924
0.947
0.958
0.981
0.983
0.916
0.930
0.932
0.872
0.953
0.879
0.950
0.894
0.927
0.916
0.906
0.977
0.945
0.884
0.912
0.943
0.926
0.961
0.935
0.929
0.893
0.833
0.812
0.834
0.902
0.968
0.864
0.917
0.938
0.966
0.917
0.931
0.950
0.951
0.924
0.939
0.966
0.876
0.937
0.911
0.914
0.913
0.953
0.907
0.864
0.936
0.867
0.883
0.958
0.961
0.904
0.880
0.827
0.914
0.870
0.889
0.829
0.812
0.825
0.871
0.797
0.785
0.875
0.906
0.872
0.804
0.847
0.848
0.849
0.881
0.923
0.904
0.895
0.901
0.898
0.809
0.765
0.812
0.886
0.894
0.894
0.938
0.888
0.911
0.847
0.903
0.764
0.721
0.750
0.828
0.915
0.863
0.892
0.778
0.820
0.777
0.834
0.769
0.791
0.791
0.840
0.810
0.800
0.802
0.772
0.848
0.824
0.901
0.916
0.840
0.836
0.868
0.862
0.784
0.761
0.767
0.758
0.854
0.904
0.925
0.909
0.885
0.950
0.919
0.891
0.933
0.957
0.886
0.852
0.977
0.948
0.923
0.894
0.891
0.924
0.901
0.963
0.925
0.901
0.899
0.943
0.886
0.943
0.909
0.950
0.845
0.861
0.922
0.836
0.960
0.982
0.906
0.875
0.802
0.762
0.884
0.838
0.910
0.936
0.967
0.894
0.884
0.935
0.983
0.909
0.939
0.914
0.892
0.931
0.880
0.896
0.955
0.966
0.960
0.975
0.978
0.849
0.923
0.879
0.931
0.931
0.916
0.896
0.895
0.913
0.947
0.896
0.938
0.969
0.927
0.953
0.915
0.945
0.940
0.901
0.858
0.943
0.963
0.949
0.959
0.873
0.851
0.864
0.880
0.875
0.879
0.890
0.797
0.805
0.917
0.880
0.894
0.906
0.914
0.904
0.794
0.767
0.775
0.774
0.760
0.795
0.866
0.907
0.924
0.881
0.701
0.740
0.743
0.865
0.912
0.945
0.925
0.940
0.855
0.743
0.711
0.742
0.721
0.684
0.754
0.775
0.688
0.685
0.676
0.673
0.689
0.690
0.696
0.702
0.697
0.712
0.670
0.677
0.664
0.656
0.741
0.774
0.900
0.838
0.726
0.707
0.680
0.685
0.738
0.893
0.844
0.826
0.875
0.697
0.847
0.657
0.701
0.680
0.695
0.651
0.659
0.651
0.680
0.648
0.646
0.690
0.646
0.677
0.738
0.766
0.682
0.653
0.650
0.650
0.631
0.692
0.780
0.680
0.703
0.686
0.656
0.703
0.686
0.744
0.812
0.745
0.747
0.624
0.618
0.670
0.733
0.731
0.695
0.625
0.680
0.703
0.669
0.671
0.680
0.678
0.791
0.783
0.749
0.772
0.665
0.705
0.650
0.705
0.684
0.695
0.703
0.695
0.765
0.758
0.796
0.666
0.830
0.815
0.873
0.942
0.926
0.809
0.727
0.766
0.865
0.945
0.942
0.901
0.830
0.885
0.835
0.912
0.959
0.917
0.859
0.934
0.865
0.871
0.911
0.865
0.737
0.783
0.777
0.824
0.914
0.920
0.965
0.946
0.978
0.870
0.883
0.805
0.938
0.930
0.834
0.897
0.852
0.941
0.911
0.971
0.911
0.784
0.885
0.903
0.921
0.936
0.906
0.911
0.840
0.867
0.867
0.945
0.934
0.875
0.828
0.846
0.847
0.735
0.851
0.797
0.882
0.902
0.867
0.824
0.773
0.753
0.845
0.848
0.889
0.916
0.941
0.872
0.753
0.888
0.776
0.767
0.750
0.751
0.788
0.848
0.778
0.801
0.799
0.844
0.872
0.869
0.906
0.871
0.908
0.878
0.775
0.803
0.748
0.863
0.866
0.750
0.769
0.759
0.828
0.884
0.883
0.931
0.894
0.920
0.884
0.763
0.801
0.767
0.777
0.804
0.870
0.903
0.850
0.891
0.895
0.864
0.809
0.834
0.880
0.813
0.942
0.833
0.901
0.915
0.894
0.767
0.822
0.722
0.765
0.818
0.838
0.890
0.935
0.902
0.831
0.857
0.890
0.891
0.862
0.947
0.918
0.880
0.879
0.853
0.895
0.855
0.852
0.886
0.917
0.884
0.927
0.902
0.958
0.926
0.913
0.923
0.976
0.913
0.871
0.849
0.901
0.903
0.926
0.853
0.946
0.925
0.960
0.903
0.892
0.935
0.947
0.926
0.911
0.911
0.850
0.790
0.783
0.776
0.758
0.768
0.885
0.875
0.917
0.939
0.888
0.846
0.878
0.890
0.902
0.957
0.917
0.946
0.913
0.911
0.933
0.909
0.902
0.867
0.935
0.943
0.914
0.890
0.959
0.914
0.936
0.951
0.927
0.907
0.956
0.937
0.944
0.952
0.967
0.947
0.961
0.958
0.959
0.976
0.928
0.966
0.933
0.946
0.917
0.924
0.922
0.962
0.971
0.939
0.883
0.920
0.776
0.845
0.939
0.905
0.914
0.938
0.939
0.870
0.959
0.917
0.918
0.940
0.955
0.910
0.777
0.760
0.764
0.768
0.764
0.759
0.782
0.879
0.892
0.872
0.785
0.920
0.803
0.885
0.789
0.799
0.898
0.883
0.906
0.881
0.832
0.825
0.913
0.847
0.793
0.802
0.881
0.884
0.817
0.928
0.921
0.824
0.769
0.699
0.758
0.740
0.765
0.787
0.835
0.941
0.965
0.879
0.867
0.838
0.760
0.782
0.785
0.774
0.746
0.857
0.832
0.877
0.846
0.781
0.766
0.804
0.798
0.742
0.670
0.653
0.669
0.694
0.688
0.657
0.637
0.631
0.688
0.716
0.804
0.682
0.670
0.734
0.738
0.709
0.735
0.699
0.777
0.792
0.713
0.691
0.673
0.711
0.747
0.710
0.736
0.813
0.800
0.770
0.811
0.916
0.935
0.892
0.899
0.926
0.942
0.940
0.935
0.807
0.891
0.869
0.895
0.902
0.841
0.865
0.847
0.870
0.868
0.878
0.880
0.904
0.874
0.890
0.889
0.949
0.926
0.851
0.922
0.858
0.869
0.844
0.854
0.773
0.799
0.778
0.892
0.901
0.913
0.905
0.874
0.936
0.913
0.839
0.833
0.915
0.931
0.978
0.823
0.920
0.905
0.865
0.926
0.930
0.936
0.912
0.886
0.927
0.977
0.953
0.906
0.849
0.863
0.952
0.973
0.933
0.864
0.943
0.920
0.928
0.966
0.875
0.921
0.978
0.796
0.871
0.938
0.876
0.885
0.908
0.871
0.892
0.855
0.840
0.886
0.919
0.858
0.904
0.914
0.937
0.898
0.944
0.825
0.881
0.896
0.892
0.926
0.898
0.914
0.933
0.891
0.928
0.935
0.904
0.889
0.901
0.878
0.964
0.851
0.870
0.884
0.912
0.874
0.844
0.846
0.920
0.864
0.884
0.839
0.887
0.839
0.844
0.886
0.775
0.844
0.821
0.879
0.881
0.875
0.909
0.788
0.854
0.897
0.896
0.912
0.801
0.848
0.722
0.753
0.744
0.698
0.726
0.758
0.785
0.861
0.830
0.918
0.912
0.865
0.884
0.919
0.928
0.906
0.911
0.909
0.774
0.855
0.782
0.832
0.885
0.843
0.864
0.854
0.882
0.932
0.819
0.867
0.929
0.886
0.923
0.865
0.913
0.924
0.930
0.959
0.952
0.913
0.893
0.900
0.873
0.881
0.860
0.926
0.924
0.963
0.873
0.972
0.950
0.892
0.899
0.941
0.944
0.843
0.939
0.926
0.958
0.974
0.881
0.871
0.962
0.979
0.901
0.932
0.932
0.935
0.931
0.913
0.939
0.932
0.914
0.915
0.944
0.935
0.916
0.871
0.966
0.896
0.956
0.926
0.956
0.960
0.920
0.954
0.915
0.901
0.964
0.939
0.957
0.930
0.975
0.911
0.956
0.916
0.871
0.861
0.939
0.901
0.911
0.959
0.843
0.883
0.963
0.949
0.941
0.915
0.875
0.897
0.914
0.919
0.868
0.908
0.927
0.867
0.934
0.954
0.963
0.972
0.962
0.893
0.925
0.895
0.933
0.959
0.917
0.926
0.904
0.866
0.896
0.951
0.978
0.941
0.946
0.942
0.939
0.915
0.959
0.958
0.955
0.907
0.900
0.868
0.869
0.868
0.883
0.781
0.782
0.776
0.760
0.763
0.711
0.719
0.724
0.861
0.950
0.943
0.767
0.869
0.812
0.917
0.846
0.746
0.716
0.661
0.942
0.887
0.859
0.856
0.874
0.765
0.718
0.719
0.702
0.683
0.679
0.680
0.707
0.758
0.706
0.683
0.634
0.693
0.690
0.708
0.722
0.678
0.785
0.824
0.763
0.680
0.693
0.671
0.690
0.753
0.704
0.864
0.868
0.775
0.840
0.915
0.809
0.871
0.805
0.741
0.675
0.730
0.812
0.821
0.755
0.840
0.864
0.796
0.808
0.783
0.859
0.808
0.694
0.708
0.699
0.864
0.850
0.805
0.674
0.776
0.741
0.774
0.761
0.878
0.948
0.929
0.910
0.919
0.940
0.915
0.851
0.881
0.923
0.924
0.885
0.904
0.879
0.934
0.957
0.934
0.929
0.876
0.876
0.929
0.923
0.882
0.855
0.802
0.864
0.929
0.968
0.925
0.944
0.952
0.930
0.909
0.928
0.921
0.892
0.911
0.916
0.944
0.907
0.880
0.876
0.962
0.920
0.895
0.847
0.920
0.864
0.914
0.903
0.877
0.941
0.915
0.971
0.865
0.975
0.809
0.896
0.882
0.827
0.911
0.892
0.902
0.915
0.919
0.964
0.894
0.900
0.921
0.883
0.940
0.878
0.913
0.868
0.942
0.958
0.944
0.940
0.977
0.886
0.920
0.854
0.926
0.889
0.865
0.883
0.868
0.885
0.929
0.889
0.890
0.936
0.879
0.904
0.910
0.979
0.858
0.903
0.863
0.873
0.932
0.864
0.882
0.881
0.921
0.877
0.906
0.912
0.925
0.869
0.959
0.960
0.864
0.934
0.802
0.735
0.775
0.784
0.814
0.773
0.754
0.846
0.817
0.839
0.868
0.931
0.901
0.860
0.891
0.878
0.894
0.900
0.926
0.877
0.903
0.901
0.940
0.903
0.847
0.847
0.758
0.867
0.940
0.925
0.908
0.883
0.965
0.773
0.828
0.893
0.907
0.916
0.815
0.867
0.886
0.931
0.903
0.806
0.920
0.927
0.823
0.872
0.749
0.773
0.863
0.908
0.903
0.915
0.881
0.904
0.883
0.873
0.891
0.896
0.873
0.794
0.857
0.868
0.910
0.909
0.924
0.906
0.880
0.908
0.901
0.864
0.895
0.944
0.931
0.888
0.965
0.930
0.962
0.970
0.946
0.980
0.907
0.924
0.953
0.949
0.862
0.765
0.943
0.951
0.960
0.978
0.889
0.964
0.962
0.940
0.960
0.977
0.868
0.961
0.956
0.967
0.898
0.906
0.855
0.895
0.982
0.853
0.939
0.969
0.939
0.939
0.932
0.920
0.925
0.908
0.965
0.972
0.981
0.933
0.900
0.883
0.909
0.880
0.888
0.961
0.928
0.950
0.946
0.966
0.913
0.910
0.944
0.925
0.962
0.982
0.916
0.926
0.896
0.962
0.919
0.978
0.864
0.902
0.912
0.920
0.951
0.936
0.919
0.926
0.920
0.922
0.913
0.906
0.918
0.891
0.896
0.900
0.866
0.793
0.846
0.796
0.879
0.866
0.915
0.882
0.933
0.946
0.920
0.869
0.952
0.801
0.745
0.747
0.714
0.744
0.730
0.730
0.733
0.730
0.712
0.689
0.672
0.699
0.882
0.682
0.672
0.689
0.791
0.737
0.730
0.730
0.811
0.895
0.799
0.814
0.789
0.822
0.772
0.687
0.654
0.663
0.645
0.635
0.697
0.777
0.728
0.708
0.748
0.796
0.724
0.714
0.697
0.691
0.711
0.662
0.634
0.587
0.638
0.632
0.621
0.639
0.580
0.636
0.629
0.641
0.671
0.700
0.692
0.838
0.875
0.765
0.695
0.725
0.775
0.773
0.671
0.661
0.730
0.730
0.769
0.800
0.804
0.873
0.694
0.706
0.729
0.691
0.723
0.799
0.750
0.693
0.913
0.819
0.769
0.670
0.657
0.629
0.599
0.678
0.826
0.970
0.825
0.829
0.693
0.848
0.793
0.869
0.844
0.952
0.860
0.845
0.898
0.891
0.837
0.887
0.848
0.871
0.834
0.743
0.779
0.881
0.822
0.858
0.940
0.918
0.882
0.876
0.939
0.821
0.912
0.915
0.929
0.905
0.935
0.920
0.977
0.907
0.866
0.852
0.956
0.876
0.837
0.840
0.848
0.898
0.899
0.880
0.946
0.932
0.922
0.915
0.980
0.896
0.854
0.946
0.925
0.945
0.912
0.928
0.899
0.881
0.953
0.889
0.863
0.930
0.888
0.941
0.883
0.924
0.929
0.928
0.915
0.935
0.830
0.825
0.869
0.922
0.905
0.838
0.963
0.912
0.876
0.943
0.960
0.940
0.964
0.917
0.898
0.856
0.890
0.912
0.907
0.914
0.893
0.931
0.891
0.933
0.923
0.916
0.935
0.916
0.878
0.886
0.876
0.873
0.887
0.872
0.917
0.907
0.946
0.916
0.880
0.870
0.871
0.876
0.875
0.944
0.973
0.865
0.912
0.966
0.953
0.889
0.823
0.883
0.978
0.914
0.924
0.955
0.969
0.962
0.861
0.877
0.869
0.920
0.899
0.832
0.890
0.906
0.949
0.943
0.953
0.963
0.961
0.834
0.920
0.831
0.931
0.966
0.940
0.946
0.877
0.958
0.977
0.901
0.956
0.935
0.887
0.940
0.801
0.825
0.802
0.953
0.943
0.951
0.956
0.895
0.920
0.870
0.918
0.868
0.897
0.980
0.902
0.961
0.947
0.893
0.947
0.809
0.981
0.920
0.825
0.936
0.911
0.960
0.945
0.896
0.877
0.948
0.940
0.960
0.977
0.933
0.928
0.882
0.874
0.955
0.930
0.803
0.828
0.867
0.943
0.894
0.964
0.867
0.908
0.956
0.957
0.941
0.959
0.968
0.888
0.894
0.981
0.944
0.919
0.861
0.946
0.934
0.983
0.971
0.927
0.920
0.920
0.925
0.892
0.920
0.960
0.942
0.874
0.929
0.871
0.959
0.957
0.947
0.949
0.891
0.919
0.941
0.870
0.927
0.908
0.835
0.899
0.928
0.912
0.904
0.900
0.909
0.961
0.962
0.973
0.888
0.926
0.960
0.933
0.853
0.944
0.952
0.963
0.875
0.901
0.957
0.931
0.922
0.937
0.952
0.969
0.948
0.960
0.934
0.932
0.911
0.894
0.899
0.917
0.891
0.935
0.885
0.924
0.880
0.858
0.896
0.911
0.891
0.934
0.881
0.935
0.887
0.860
0.943
0.957
0.940
0.915
0.875
0.919
0.903
0.832
0.856
0.884
0.863
0.857
0.868
0.781
0.755
0.726
0.686
0.743
0.726
0.755
0.803
0.719
0.822
0.872
0.850
0.886
0.791
0.856
0.944
0.953
0.910
0.877
0.888
0.871
0.871
0.929
0.900
0.940
0.906
0.801
0.868
0.875
0.864
0.834
0.771
0.726
0.903
0.894
0.908
0.938
0.974
0.893
0.953
0.879
0.836
0.889
0.890
0.895
0.834
0.883
0.965
0.973
0.956
0.918
0.924
0.889
0.852
0.849
0.894
0.933
0.908
0.893
0.841
0.883
0.838
0.920
0.868
0.862
0.892
0.879
0.897
0.938
0.928
0.913
0.909
0.946
0.859
0.880
0.966
0.873
0.923
0.960
0.912
0.868
0.851
0.857
0.866
0.915
0.922
0.885
0.884
0.846
0.892
0.872
0.947
0.845
0.949
0.861
0.909
0.870
0.891
0.933
0.882
0.974
0.788
0.964
0.879
0.928
0.885
0.887
0.904
0.978
0.963
0.969
0.888
0.906
0.904
0.891
0.972
0.856
0.880
0.926
0.899
0.947
0.956
0.899
0.941
0.956
0.933
0.979
0.881
0.969
0.964
0.959
0.911
0.884
0.811
0.861
0.906
0.844
0.871
0.899
0.934
0.906
0.928
0.901
0.867
0.915
0.948
0.938
0.849
0.881
0.843
0.864
0.936
0.891
0.864
0.931
0.873
0.876
0.901
0.911
0.951
0.920
0.910
0.929
0.955
0.934
0.827
0.851
0.922
0.891
0.791
0.839
0.926
0.825
0.882
0.820
0.808
0.861
0.864
0.828
0.847
0.865
0.920
0.920
0.920
0.919
0.915
0.948
0.918
0.884
0.877
0.904
0.914
0.859
0.882
0.895
0.895
0.896
0.920
0.934
0.876
0.931
0.899
0.891
0.897
0.867
0.892
0.948
0.834
0.933
0.973
0.849
0.940
0.926
0.940
0.930
0.954
0.958
0.957
0.930
0.960
0.935
0.911
0.949
0.935
0.943
0.938
0.976
0.900
0.888
0.930
0.971
0.940
0.899
0.899
0.892
0.908
0.915
0.918
0.945
0.958
0.922
0.925
0.877
0.956
0.953
0.910
0.955
0.932
0.845
0.940
0.930
0.908
0.908
0.905
0.891
0.953
0.928
0.899
0.929
0.951
0.932
0.957
0.857
0.837
0.905
0.925
0.875
0.834
0.910
0.921
0.932
0.938
0.909
0.953
0.922
0.939
0.887
0.855
0.881
0.916
0.911
0.922
0.954
0.928
0.889
0.897
0.910
0.899
0.919
0.939
0.884
0.892
0.951
0.904
0.877
0.904
0.895
0.853
0.738
0.730
0.733
0.700
0.695
0.695
0.745
0.848
0.909
0.945
0.925
0.934
0.949
0.925
0.947
0.900
0.913
0.888
0.884
0.850
0.909
0.907
0.935
0.949
0.879
0.940
0.961
0.914
0.953
0.914
0.901
0.845
0.823
0.882
0.790
0.756
0.736
0.712
0.773
0.792
0.760
0.721
0.719
0.678
0.844
0.857
0.905
0.769
0.742
0.787
0.801
0.782
0.862
0.946
0.835
0.966
0.710
0.760
0.879
0.842
0.850
0.841
0.873
0.803
0.777
0.772
0.891
0.777
0.885
0.888
0.807
0.757
0.806
0.777
0.893
0.856
0.898
0.889
0.959
0.903
0.906
0.798
0.800
0.883
0.850
0.884
0.904
0.897
0.866
0.903
0.923
0.934
0.775
0.744
0.787
0.791
0.739
0.808
0.824
0.831
0.727
0.843
0.732
0.875
0.813
0.651
0.633
0.635
0.629
0.634
0.629
0.654
0.656
0.670
0.690
0.713
0.707
0.703
0.710
0.757
0.688
0.730
0.696
0.651
0.665
0.703
0.688
0.680
0.786
0.826
0.701
0.813
0.665
0.694
0.744
0.681
0.654
0.666
0.718
0.882
0.833
0.845
0.844
0.844
0.691
0.702
0.772
0.720
0.827
0.846
0.960
0.906
0.919
0.965
0.956
0.971
0.956
0.905
0.958
0.948
0.920
0.842
0.856
0.839
0.869
0.839
0.868
0.890
0.915
0.887
0.864
0.744
0.866
0.915
0.948
0.918
0.842
0.896
0.868
0.903
0.881
0.815
0.723
0.845
0.889
0.839
0.893
0.872
0.961
0.886
0.922
0.799
0.896
0.902
0.936
0.976
0.841
0.869
0.856
0.878
0.819
0.871
0.865
0.889
0.823
0.828
0.856
0.839
0.860
0.952
0.891
0.871
0.850
0.875
0.863
0.881
0.872
0.894
0.877
0.924
0.918
0.969
0.841
0.973
0.759
0.769
0.757
0.692
0.697
0.728
0.752
0.751
0.825
0.887
0.799
0.817
0.817
0.799
0.809
0.753
0.872
0.860
0.835
0.795
0.738
0.737
0.711
0.651
0.672
0.718
0.755
0.795
0.921
0.912
0.884
0.872
0.799
0.841
0.834
0.800
0.789
0.759
0.746
0.740
0.713
0.750
0.752
0.825
0.856
0.821
0.738
0.734
0.768
0.874
0.908
0.869
0.789
0.885
0.870
0.888
0.875
0.896
0.821
0.760
0.874
0.884
0.830
0.882
0.879
0.929
0.886
0.901
0.890
0.939
0.898
0.939
0.845
0.858
0.791
0.874
0.871
0.798
0.792
0.765
0.864
0.929
0.930
0.836
0.912
0.938
0.911
0.896
0.901
0.768
0.894
0.969
0.861
0.874
0.979
0.936
0.819
0.904
0.878
0.871
0.912
0.975
0.979
0.881
0.889
0.867
0.841
0.756
0.840
0.955
0.880
0.850
0.915
0.965
0.943
0.956
0.868
0.872
0.933
0.937
0.913
0.883
0.860
0.816
0.845
0.873
0.884
0.902
0.907
0.924
0.962
0.979
0.951
0.917
0.928
0.852
0.818
0.891
0.893
0.854
0.828
0.857
0.858
0.841
0.789
0.848
0.896
0.865
0.839
0.911
0.919
0.733
0.876
0.895
0.913
0.948
0.872
0.869
0.857
0.885
0.846
0.858
0.846
0.889
0.779
0.742
0.751
0.884
0.884
0.736
0.716
0.842
0.758
0.690
0.768
0.670
0.667
0.672
0.677
0.712
0.671
0.711
0.803
0.922
0.668
0.656
0.625
0.652
0.662
0.661
0.707
0.857
0.859
0.804
0.689
0.691
0.759
0.716
0.716
0.763
0.865
0.781
0.698
0.646
0.677
0.668
0.700
0.683
0.717
0.767
0.617
0.642
0.835
0.764
0.717
0.709
0.672
0.647
0.798
0.921
0.800
0.646
0.772
0.914
0.743
0.701
0.740
0.790
0.914
0.856
0.685
0.641
0.698
0.728
0.690
0.741
0.810
0.850
0.693
0.733
0.725
0.641
0.662
0.689
0.748
0.722
0.682
0.667
0.763
0.675
0.727
0.843
0.848
0.901
0.748
0.668
0.662
0.619
0.658
0.798
0.693
0.649
0.615
0.672
0.706
0.617
0.848
0.939
0.883
0.794
0.809
0.838
0.870
0.814
0.667
0.608
0.700
0.614
0.702
0.705
0.678
0.714
0.746
0.821
0.830
0.735
0.815
0.933
0.932
0.830
0.845
0.785
0.830
0.841
0.826
0.877
0.960
0.823
0.858
0.964
0.961
0.889
0.859
0.860
0.898
0.869
0.912
0.953
0.924
0.877
0.772
0.877
0.785
0.752
0.818
0.910
0.872
0.877
0.885
0.858
0.956
0.964
0.860
0.785
0.827
0.965
0.850
0.971
0.811
0.898
0.949
0.958
0.890
0.878
0.862
0.875
0.915
0.863
0.969
0.974
0.803
0.880
0.912
0.882
0.874
0.862
0.814
0.802
0.810
0.904
0.853
0.896
0.904
0.848
0.904
0.881
0.873
0.910
0.878
0.795
0.893
0.874
0.828
0.886
0.860
0.773
0.829
0.796
0.859
0.945
0.797
0.884
0.913
0.943
0.892
0.904
0.919
0.923
0.902
0.923
0.887
0.934
0.908
0.911
0.932
0.868
0.858
0.875
0.932
0.916
0.962
0.896
0.961
0.856
0.913
0.897
0.882
0.897
0.877
0.869
0.781
0.833
0.872
0.860
0.912
0.898
0.925
0.830
0.851
0.873
0.941
0.952
0.934
0.891
0.893
0.881
0.872
0.881
0.833
0.929
0.939
0.914
0.892
0.886
0.935
0.886
0.895
0.894
0.883
0.926
0.933
0.887
0.896
0.872
0.894
0.917
0.816
0.928
0.947
0.918
0.875
0.865
0.905
0.835
0.892
0.895
0.949
0.950
0.870
0.923
0.970
0.932
0.948
0.976
0.968
0.905
0.899
0.939
0.926
0.900
0.941
0.900
0.919
0.915
0.903
0.947
0.917
0.923
0.905
0.919
0.917
0.937
0.905
0.884
0.897
0.968
0.845
0.876
0.841
0.856
0.814
0.831
0.826
0.831
0.845
0.833
0.845
0.872
0.973
0.923
0.899
0.895
0.922
0.887
0.939
0.866
0.822
0.909
0.841
0.912
0.927
0.912
0.886
0.942
0.895
0.893
0.912
0.937
0.981
0.883
0.914
0.929
0.890
0.889
0.884
0.939
0.898
0.888
0.864
0.874
0.891
0.808
0.841
0.868
0.930
0.917
0.820
0.815
0.796
0.938
0.924
0.947
0.942
0.913
0.904
0.943
0.910
0.899
0.894
0.933
0.949
0.838
0.859
0.896
0.878
0.890
0.910
0.940
0.956
0.921
0.946
0.918
0.973
0.841
0.894
0.850
0.828
0.779
0.733
0.841
0.932
0.816
0.805
0.760
0.843
0.876
0.781
0.869
0.856
0.785
0.793
0.874
0.887
0.921
0.887
0.814
0.817
0.804
0.711
0.717
0.790
0.864
0.837
0.764
0.858
0.897
0.881
0.888
0.831
0.760
0.896
0.859
0.880
0.927
0.943
0.978
0.877
0.911
0.870
0.936
0.873
0.977
0.927
0.938
0.943
0.890
0.848
0.923
0.864
0.865
0.871
0.858
0.890
0.900
0.860
0.774
0.819
0.813
0.800
0.748
0.759
0.840
0.892
0.896
0.875
0.876
0.894
0.820
0.899
0.892
0.895
0.920
0.871
0.899
0.867
0.955
0.937
0.929
0.856
0.873
0.906
0.931
0.939
0.955
0.951
0.947
0.921
0.948
0.923
0.944
0.928
0.933
0.955
0.954
0.895
0.897
0.909
0.866
0.871
0.860
0.874
0.909
0.909
0.943
0.951
0.889
0.934
0.910
0.886
0.914
0.933
0.928
0.957
0.910
0.901
0.979
0.916
0.931
0.898
0.899
0.882
0.964
0.909
0.980
0.890
0.938
0.946
0.939
0.943
0.941
0.917
0.906
0.931
0.927
0.853
0.848
0.862
0.877
0.866
0.946
0.942
0.937
0.868
0.893
0.905
0.883
0.905
0.912
0.866
0.952
0.933
0.968
0.914
0.943
0.902
0.957
0.907
0.890
0.954
0.914
0.856
0.925
0.943
0.941
0.936
0.923
0.917
0.951
0.907
0.869
0.894
0.848
0.858
0.881
0.926
0.870
0.888
0.902
0.902
0.881
0.881
0.936
0.872
0.835
0.852
0.872
0.868
0.861
0.880
0.869
0.901
0.857
0.850
0.891
0.896
0.888
0.844
0.869
0.857
0.860
0.888
0.826
0.889
0.922
0.864
0.866
0.954
0.926
0.946
0.892
0.897
0.898
0.804
0.888
0.926
0.859
0.782
0.791
0.890
0.888
0.825
0.867
0.973
0.930
0.900
0.894
0.856
0.872
0.829
0.920
0.875
0.864
0.845
0.906
0.778
0.880
0.892
0.755
0.875
0.919
0.857
0.877
0.907
0.939
0.893
0.879
0.878
0.956
0.876
0.953
0.862
0.947
0.932
0.958
0.882
0.870
0.849
0.913
0.855
0.886
0.953
0.888
0.897
0.864
0.895
0.941
0.976
0.825
0.959
0.816
0.879
0.915
0.970
0.951
0.947
0.949
0.891
0.969
0.978
0.864
0.940
0.890
0.971
0.881
0.914
0.918
0.914
0.909
0.923
0.892
0.899
0.861
0.940
0.875
0.961
0.934
0.962
0.915
0.966
0.922
0.864
0.747
0.877
0.950
0.948
0.959
0.924
0.870
0.799
0.902
0.963
0.949
0.901
0.861
0.898
0.790
0.941
0.957
0.911
0.890
0.826
0.946
0.934
0.973
0.914
0.879
0.842
0.911
0.927
0.926
0.921
0.915
0.923
0.948
0.907
0.942
0.916
0.923
0.945
0.949
0.941
0.934
0.886
0.942
0.915
0.871
0.935
0.870
0.961
0.931
0.877
0.869
0.909
0.904
0.962
0.909
0.875
0.837
0.977
0.964
0.937
0.894
0.893
0.944
0.899
0.870
0.866
0.791
0.772
0.751
0.715
0.721
0.758
0.739
0.732
0.779
0.750
0.697
0.786
0.923
0.779
0.791
0.719
0.659
0.740
0.812
0.968
0.924
0.906
0.912
0.925
0.857
0.837
0.740
0.792
0.837
0.753
0.650
0.639
0.676
0.687
0.680
0.697
0.769
0.746
0.730
0.755
0.873
0.903
0.914
0.909
0.874
0.936
0.964
0.857
0.798
0.850
0.808
0.896
0.874
0.843
0.893
0.883
0.754
0.702
0.700
0.786
0.774
0.768
0.726
0.835
0.829
0.819
0.709
0.725
0.715
0.645
0.649
0.707
0.654
0.683
0.622
0.648
0.765
0.826
0.867
0.749
0.714
0.829
0.945
0.730
0.802
0.901
0.749
0.753
0.669
0.744
0.854
0.852
0.773
0.736
0.811
0.939
0.891
0.945
0.912
0.902
0.966
0.866
0.912
0.811
0.940
0.858
0.810
0.887
0.893
0.868
0.884
0.935
0.940
0.883
0.801
0.837
0.920
0.871
0.916
0.892
0.848
0.949
0.897
0.855
0.838
0.927
0.887
0.909
0.936
0.960
0.923
0.873
0.886
0.919
0.855
0.878
0.910
0.944
0.932
0.915
0.851
0.849
0.828
0.881
0.934
0.857
0.919
0.904
0.886
0.851
0.866
0.861
0.911
0.851
0.910
0.902
0.936
0.929
0.896
0.825
0.909
0.888
0.863
0.932
0.732
0.846
0.858
0.906
0.797
0.850
0.866
0.850
0.811
0.776
0.797
0.828
0.819
0.868
0.785
0.788
0.749
0.871
0.782
0.781
0.755
0.898
0.800
0.816
0.874
0.917
0.867
0.849
0.813
0.863
0.831
0.829
0.884
0.894
0.859
0.909
0.785
0.789
0.927
0.907
0.896
0.857
0.862
0.916
0.892
0.878
0.843
0.696
0.786
0.735
0.796
0.794
0.783
0.739
0.790
0.763
0.802
0.778
0.761
0.808
0.923
0.831
0.915
0.859
0.894
0.875
0.920
0.917
0.889
0.954
0.887
0.891
0.821
0.946
0.949
0.923
0.911
0.952
0.955
0.917
0.908
0.920
0.935
0.922
0.858
0.859
0.941
0.941
0.885
0.887
0.958
0.977
0.829
0.935
0.964
0.927
0.958
0.952
0.815
0.894
0.883
0.954
0.904
0.854
0.877
0.908
0.869
0.945
0.852
0.924
0.929
0.852
0.913
0.920
0.937
0.862
0.860
0.929
0.898
0.911
0.957
0.980
0.968
0.912
0.949
0.949
0.936
0.899
0.889
0.960
0.916
0.888
0.944
0.889
0.959
0.920
0.869
0.866
0.917
0.979
0.871
0.888
0.967
0.858
0.899
0.934
0.917
0.937
0.927
0.810
0.752
0.817
0.828
0.878
0.853
0.926
0.906
0.960
0.940
0.934
0.946
0.936
0.945
0.960
0.940
0.950
0.940
0.915
0.935
0.845
0.891
0.801
0.801
0.779
0.744
0.879
0.835
0.859
0.888
0.809
0.830
0.892
0.794
0.864
0.865
0.878
0.856
0.873
0.910
0.903
0.901
0.892
0.835
0.782
0.867
0.759
0.751
0.747
0.779
0.810
0.762
0.696
0.718
0.787
0.681
0.705
0.752
0.901
0.828
0.899
0.877
0.875
0.874
0.861
0.770
0.768
0.707
0.651
0.665
0.669
0.640
0.662
0.685
0.623
0.665
0.677
0.659
0.651
0.657
0.621
0.560
0.603
0.639
0.643
0.654
0.678
0.628
0.618
0.680
0.688
0.642
0.645
0.651
0.664
0.635
0.713
0.786
0.840
0.803
0.753
0.730
0.767
0.894
0.927
0.956
0.953
0.918
0.902
0.903
0.935
0.798
0.752
0.711
0.786
0.795
0.777
0.699
0.672
0.746
0.905
0.928
0.942
0.942
0.938
0.892
0.848
0.817
0.875
0.835
0.864
0.881
0.817
0.710
0.806
0.789
0.846
0.909
0.919
0.889
0.801
0.852
0.852
0.934
0.911
0.960
0.900
0.896
0.797
0.959
0.932
0.845
0.780
0.819
0.774
0.863
0.902
0.856
0.856
0.906
0.925
0.858
0.858
0.966
0.946
0.966
0.938
0.950
0.868
0.809
0.880
0.916
0.890
0.872
0.826
0.956
0.918
0.849
0.953
0.883
0.868
0.939
0.903
0.890
0.933
0.907
0.918
0.935
0.848
0.911
0.906
0.966
0.902
0.973
0.763
0.876
0.908
0.902
0.895
0.836
0.865
0.860
0.848
0.869
0.916
0.929
0.895
0.895
0.881
0.812
0.820
0.808
0.912
0.852
0.864
0.887
0.807
0.693
0.677
0.767
0.832
0.862
0.942
0.906
0.813
0.801
0.895
0.843
0.922
0.877
0.897
0.901
0.951
0.905
0.851
0.909
0.846
0.909
0.842
0.931
0.910
0.889
0.928
0.945
0.868
0.896
0.923
0.903
0.752
0.868
0.801
0.880
0.784
0.790
0.833
0.849
0.906
0.868
0.898
0.887
0.898
0.789
0.794
0.790
0.765
0.900
0.903
0.889
0.925
0.847
0.917
0.841
0.851
0.824
0.956
0.802
0.877
0.873
0.853
0.910
0.865
0.889
0.872
0.867
0.872
0.882
0.787
0.951
0.900
0.901
0.911
0.924
0.923
0.944
0.957
0.965
0.872
0.978
0.906
0.888
0.821
0.849
0.852
0.876
0.911
0.922
0.881
0.938
0.866
0.944
0.982
0.906
0.949
0.979
0.857
0.906
0.895
0.853
0.950
0.916
0.967
0.864
0.947
0.894
0.831
0.941
0.909
0.982
0.982
0.951
0.942
0.948
0.910
0.932
0.975
0.898
0.969
0.876
0.882
0.950
0.946
0.914
0.864
0.887
0.942
0.815
0.814
0.716
0.776
0.871
0.932
0.927
0.935
0.912
0.939
0.951
0.967
0.940
0.925
0.933
0.932
0.941
0.938
0.921
0.911
0.934
0.898
0.933
0.968
0.932
0.935
0.978
0.951
0.878
0.879
0.871
0.904
0.908
0.908
0.957
0.948
0.941
0.931
0.893
0.878
0.916
0.942
0.933
0.943
0.869
0.965
0.965
0.968
0.949
0.933
0.953
0.925
0.948
0.937
0.943
0.933
0.953
0.922
0.934
0.932
0.814
0.910
0.890
0.917
0.893
0.857
0.863
0.934
0.965
0.941
0.854
0.791
0.876
0.917
0.840
0.879
0.904
0.842
0.785
0.739
0.775
0.915
0.787
0.812
0.764
0.883
0.736
0.657
0.665
0.686
0.708
0.884
0.796
0.843
0.867
0.921
0.842
0.739
0.907
0.890
0.847
0.884
0.886
0.753
0.709
0.678
0.671
0.681
0.813
0.779
0.773
0.721
0.654
0.651
0.679
0.710
0.774
0.792
0.757
0.605
0.633
0.661
0.661
0.764
0.837
0.764
0.656
0.659
0.666
0.726
0.774
0.735
0.764
0.814
0.811
0.843
0.854
0.809
0.896
0.872
0.898
0.948
0.912
0.876
0.867
0.807
0.862
0.912
0.934
0.855
0.789
0.899
0.853
0.934
0.904
0.935
0.938
0.934
0.943
0.869
0.873
0.881
0.905
0.852
0.812
0.822
0.825
0.860
0.957
0.877
0.899
0.894
0.942
0.919
0.963
0.952
0.928
0.962
0.887
0.920
0.935
0.909
0.897
0.856
0.863
0.804
0.904
0.911
0.872
0.900
0.853
0.815
0.843
0.791
0.790
0.907
0.857
0.900
0.920
0.922
0.956
0.895
0.979
0.829
0.950
0.969
0.904
0.742
0.633
0.710
0.848
0.897
0.894
0.906
0.963
0.885
0.913
0.864
0.871
0.844
0.925
0.974
0.851
0.892
0.918
0.939
0.944
0.815
0.867
0.834
0.826
0.822
0.786
0.750
0.737
0.776
0.757
0.786
0.878
0.903
0.875
0.797
0.783
0.787
0.770
0.850
0.916
0.867
0.854
0.768
0.796
0.927
0.906
0.851
0.862
0.876
0.788
0.848
0.867
0.932
0.885
0.900
0.882
0.891
0.857
0.775
0.841
0.767
0.820
0.823
0.738
0.799
0.788
0.815
0.859
0.837
0.841
0.797
0.855
0.810
0.887
0.799
0.792
0.787
0.794
0.815
0.795
0.771
0.708
0.668
0.728
0.878
0.886
0.803
0.804
0.851
0.836
0.902
0.916
0.952
0.961
0.942
0.864
0.895
0.913
0.876
0.935
0.907
0.917
0.918
0.850
0.829
0.898
0.891
0.891
0.938
0.829
0.924
0.930
0.891
0.919
0.913
0.828
0.890
0.818
0.893
0.884
0.950
0.902
0.908
0.874
0.979
0.899
0.929
0.917
0.889
0.896
0.899
0.804
0.881
0.866
0.842
0.932
0.876
0.978
0.833
0.894
0.883
0.924
0.935
0.948
0.911
0.875
0.904
0.915
0.947
0.902
0.964
0.800
0.952
0.940
0.843
0.847
0.872
0.958
0.905
0.937
0.938
0.902
0.901
0.891
0.859
0.958
0.844
0.914
0.904
0.901
0.920
0.843
0.876
0.877
0.948
0.877
0.930
0.916
0.965
0.928
0.940
0.937
0.881
0.889
0.834
0.895
0.897
0.925
0.834
0.892
0.773
0.764
0.875
0.931
0.802
0.868
0.932
0.925
0.853
0.754
0.886
0.980
0.967
0.970
0.873
0.848
0.953
0.961
0.852
0.908
0.862
0.824
0.869
0.885
0.846
0.857
0.809
0.737
0.685
0.713
0.721
0.654
0.816
0.770
0.738
0.760
0.802
0.807
0.727
0.708
0.744
0.705
0.745
0.768
0.685
0.672
0.689
0.728
0.713
0.644
0.614
0.827
0.890
0.692
0.713
0.794
0.704
0.651
0.647
0.795
0.846
0.741
0.650
0.670
0.655
0.690
0.674
0.675
0.773
0.840
0.906
0.913
0.817
0.690
0.781
0.813
0.736
0.910
0.912
0.862
0.812
0.730
0.832
0.813
0.894
0.872
0.878
0.813
0.733
0.816
0.837
0.738
0.680
0.697
0.689
0.670
0.686
0.716
0.688
0.755
0.772
0.805
0.893
0.923
0.788
0.772
0.822
0.914
0.852
0.834
0.833
0.768
0.758
0.785
0.742
0.773
0.786
0.893
0.924
0.775
0.663
0.680
0.723
0.823
0.833
0.857
0.885
0.932
0.774
0.809
0.903
0.968
0.809
0.944
0.837
0.842
0.851
0.837
0.938
0.937
0.935
0.936
0.963
0.924
0.846
0.868
0.838
0.860
0.882
0.817
0.878
0.911
0.950
0.846
0.807
0.816
0.906
0.971
0.838
0.829
0.956
0.847
0.869
0.884
0.924
0.891
0.947
0.955
0.949
0.940
0.962
0.862
0.923
0.978
0.896
0.855
0.914
0.907
0.840
0.895
0.949
0.866
0.976
0.778
0.926
0.921
0.864
0.829
0.880
0.895
0.908
0.926
0.837
0.938
0.969
0.831
0.975
0.898
0.959
0.858
0.874
0.827
0.913
0.905
0.863
0.843
0.868
0.891
0.891
0.908
0.893
0.851
0.856
0.887
0.939
0.863
0.898
0.898
0.916
0.828
0.894
0.877
0.864
0.807
0.813
0.875
0.802
0.721
0.778
0.783
0.920
0.822
0.823
0.868
0.884
0.946
0.801
0.891
0.880
0.890
0.878
0.892
0.841
0.883
0.852
0.933
0.884
0.885
0.908
0.912
0.864
0.862
0.837
0.903
0.849
0.881
0.881
0.838
0.838
0.870
0.903
0.928
0.883
0.908
0.884
0.871
0.862
0.865
0.833
0.876
0.910
0.892
0.880
0.858
0.840
0.818
0.867
0.878
0.909
0.932
0.963
0.886
0.910
0.882
0.917
0.864
0.820
0.913
0.953
0.892
0.802
0.947
0.818
0.881
0.947
0.807
0.932
0.957
0.960
0.884
0.894
0.965
0.918
0.891
0.899
0.898
0.924
0.849
0.871
0.928
0.913
0.886
0.885
0.967
0.944
0.855
0.847
0.929
0.847
0.947
0.943
0.919
0.981
0.866
0.909
0.950
0.894
0.932
0.977
0.897
0.874
0.901
0.899
0.871
0.887
0.899
0.967
0.948
0.928
0.891
0.830
0.914
0.917
0.895
0.877
0.918
0.952
0.950
0.956
0.915
0.904
0.851
0.963
0.923
0.952
0.921
0.917
0.982
0.844
0.928
0.926
0.981
0.934
0.908
0.889
0.945
0.863
0.855
0.904
0.904
0.952
0.905
0.938
0.950
0.883
0.939
0.925
0.894
0.857
0.952
0.903
0.911
0.907
0.846
0.869
0.893
0.903
0.843
0.937
0.955
0.960
0.915
0.881
0.769
0.755
0.749
0.742
0.734
0.736
0.772
0.870
0.898
0.971
0.949
0.963
0.950
0.819
0.827
0.916
0.887
0.885
0.878
0.743
0.877
0.862
0.831
0.917
0.762
0.702
0.687
0.755
0.757
0.692
0.707
0.753
0.692
0.702
0.736
0.731
0.649
0.649
0.669
0.643
0.616
0.632
0.666
0.630
0.765
0.724
0.756
0.732
0.708
0.714
0.787
0.681
0.797
0.723
0.815
0.751
0.691
0.738
0.886
0.886
0.761
0.765
0.713
0.616
0.646
0.690
0.823
0.919
0.794
0.824
0.920
0.826
0.710
0.666
0.696
0.698
0.760
0.703
0.712
0.763
0.731
0.717
0.780
0.761
0.681
0.844
0.887
0.804
0.743
0.689
0.682
0.751
0.854
0.876
0.904
0.934
0.851
0.841
0.763
0.870
0.854
0.934
0.872
0.811
0.854
0.951
0.877
0.913
0.924
0.830
0.907
0.969
0.878
0.922
0.955
0.902
0.898
0.851
0.931
0.911
0.910
0.942
0.883
0.886
0.933
0.919
0.901
0.931
0.838
0.893
0.913
0.948
0.898
0.898
0.979
0.900
0.933
0.881
0.902
0.906
0.959
0.918
0.873
0.879
0.920
0.891
0.930
0.931
0.915
0.923
0.954
0.915
0.918
0.872
0.958
0.908
0.903
0.879
0.896
0.835
0.879
0.920
0.899
0.874
0.865
0.862
0.934
0.797
0.869
0.846
0.830
0.830
0.909
0.804
0.759
0.843
0.894
0.900
0.842
0.865
0.875
0.770
0.880
0.886
0.829
0.888
0.936
0.886
0.919
0.937
0.864
0.948
0.936
0.895
0.891
0.926
0.907
0.939
0.834
0.887
0.907
0.926
0.926
0.931
0.976
0.788
0.870
0.897
0.922
0.919
0.923
0.768
0.825
0.868
0.794
0.841
0.868
0.933
0.887
0.894
0.761
0.719
0.751
0.868
0.797
0.950
0.844
0.834
0.891
0.864
0.837
0.901
0.887
0.886
0.923
0.883
0.834
0.911
0.903
0.909
0.871
0.933
0.929
0.933
0.900
0.828
0.888
0.876
0.917
0.843
0.837
0.882
0.925
0.954
0.871
0.940
0.740
0.850
0.891
0.967
0.802
0.966
0.829
0.918
0.873
0.905
0.896
0.949
0.894
0.857
0.896
0.903
0.921
0.859
0.873
0.938
0.827
0.872
0.963
0.879
0.938
0.934
0.941
0.953
0.923
0.957
0.863
0.953
0.950
0.927
0.942
0.872
0.882
0.816
0.962
0.962
0.975
0.867
0.825
0.884
0.929
0.947
0.956
0.843
0.921
0.870
0.913
0.933
0.898
0.895
0.882
0.929
0.862
0.826
0.855
0.845
0.822
0.828
0.857
0.909
0.903
0.964
0.977
0.945
0.962
0.915
0.903
0.949
0.951
0.955
0.935
0.936
0.925
0.805
0.897
0.930
0.957
0.944
0.937
0.948
0.896
0.939
0.961
0.904
0.961
0.905
0.921
0.973
0.923
0.953
0.957
0.800
0.933
0.946
0.946
0.953
0.853
0.872
0.816
0.793
0.885
0.912
0.879
0.901
0.803
0.867
0.791
0.810
0.878
0.815
0.806
0.904
0.907
0.750
0.810
0.939
0.946
0.866
0.930
0.925
0.917
0.942
0.966
0.923
0.895
0.816
0.935
0.955
0.904
0.884
0.967
0.960
0.935
0.928
0.902
0.886
0.841
0.877
0.813
0.756
0.741
0.780
0.805
0.808
0.879
0.888
0.793
0.817
0.914
0.910
0.904
0.863
0.798
0.919
0.849
0.772
0.728
0.712
0.691
0.663
0.753
0.695
0.668
0.691
0.780
0.733
0.751
0.826
0.890
0.899
0.894
0.920
0.810
0.779
0.749
0.836
0.775
0.784
0.733
0.768
0.709
0.687
0.764
0.702
0.792
0.855
0.851
0.713
0.785
0.837
0.846
0.907
0.823
0.906
0.901
0.831
0.853
0.905
0.903
0.911
0.847
0.901
0.886
0.966
0.846
0.869
0.830
0.862
0.869
0.872
0.855
0.855
0.891
0.903
0.897
0.889
0.882
0.940
0.850
0.701
0.714
0.807
0.882
0.902
0.912
0.922
0.824
0.875
0.979
0.886
0.879
0.904
0.870
0.918
0.911
0.965
0.858
0.882
0.945
0.926
0.906
0.940
0.958
0.970
0.867
0.965
0.846
0.916
0.936
0.963
0.805
0.865
0.944
0.921
0.874
0.859
0.912
0.918
0.897
0.927
0.862
0.870
0.923
0.879
0.829
0.896
0.929
0.943
0.959
0.911
0.940
0.927
0.879
0.925
0.888
0.902
0.905
0.917
0.946
0.923
0.884
0.908
0.864
0.907
0.896
0.842
0.890
0.899
0.883
0.907
0.946
0.907
0.943
0.943
0.908
0.883
0.858
0.876
0.929
0.906
0.937
0.901
0.910
0.928
0.967
0.946
0.888
0.919
0.903
0.817
0.826
0.864
0.836
0.775
0.862
0.794
0.822
0.821
0.871
0.926
0.918
0.836
0.895
0.901
0.959
0.870
0.908
0.886
0.866
0.894
0.880
0.929
0.903
0.918
0.957
0.888
0.905
0.751
0.862
0.896
0.890
0.895
0.948
0.936
0.922
0.905
0.901
0.908
0.923
0.892
0.895
0.896
0.824
0.861
0.876
0.847
0.902
0.787
0.867
0.795
0.849
0.914
0.841
0.829
0.886
0.901
0.890
0.928
0.856
0.846
0.951
0.929
0.962
0.886
0.911
0.916
0.911
0.904
0.812
0.861
0.916
0.869
0.941
0.811
0.898
0.914
0.877
0.902
0.962
0.871
0.862
0.880
0.905
0.860
0.885
0.865
0.880
0.902
0.901
0.982
0.807
0.883
0.941
0.873
0.976
0.856
0.863
0.850
0.853
0.907
0.963
0.923
0.887
0.973
0.902
0.929
0.892
0.923
0.935
0.890
0.889
0.915
0.971
0.891
0.918
0.826
0.861
0.908
0.902
0.939
0.931
0.944
0.968
0.928
0.875
0.932
0.969
0.921
0.824
0.913
0.903
0.936
0.836
0.873
0.924
0.921
0.958
0.924
0.917
0.891
0.878
0.933
0.919
0.952
0.906
0.882
0.844
0.911
0.878
0.952
0.887
0.923
0.912
0.944
0.952
0.923
0.933
0.879
0.907
0.930
0.805
0.731
0.852
0.879
0.878
0.833
0.913
0.836
0.885
0.928
0.816
0.831
0.855
0.839
0.785
0.932
0.930
0.886
0.902
0.896
0.790
0.723
0.683
0.739
0.801
0.867
0.862
0.875
0.881
0.876
0.880
0.888
0.928
0.923
0.921
0.930
0.927
0.861
0.856
0.905
0.913
0.850
0.780
0.807
0.806
0.937
0.785
0.709
0.680
0.681
0.775
0.714
0.649
0.674
0.641
0.677
0.743
0.681
0.711
0.902
0.774
0.837
0.824
0.915
0.888
0.816
0.727
0.822
0.912
0.877
0.864
0.857
0.838
0.765
0.762
0.768
0.805
0.877
0.906
0.854
0.878
0.878
0.945
0.962
0.809
0.906
0.930
0.935
0.862
0.847
0.919
0.828
0.858
0.925
0.885
0.939
0.926
0.943
0.927
0.909
0.950
0.891
0.911
0.958
0.856
0.828
0.748
0.789
0.891
0.909
0.846
0.845
0.900
0.891
0.874
0.864
0.960
0.867
0.922
0.938
0.940
0.952
0.965
0.861
0.897
0.960
0.966
0.965
0.873
0.938
0.941
0.935
0.933
0.934
0.920
0.894
0.899
0.944
0.945
0.880
0.952
0.883
0.959
0.922
0.862
0.948
0.909
0.865
0.920
0.939
0.967
0.884
0.907
0.939
0.894
0.946
0.815
0.887
0.893
0.979
0.859
0.916
0.962
0.885
0.912
0.901
0.914
0.953
0.904
0.893
0.936
0.828
0.869
0.888
0.887
0.906
0.876
0.857
0.891
0.830
0.825
0.735
0.821
0.746
0.778
0.823
0.817
0.878
0.872
0.883
0.918
0.896
0.910
0.864
0.898
0.807
0.871
0.811
0.868
0.883
0.968
0.844
0.911
0.890
0.858
0.890
0.851
0.896
0.886
0.971
0.888
0.914
0.925
0.809
0.868
0.847
0.869
0.915
0.788
0.872
0.911
0.876
0.927
0.893
0.868
0.903
0.888
0.884
0.860
0.909
0.923
0.925
0.849
0.941
0.892
0.866
0.943
0.854
0.939
0.904
0.860
0.840
0.893
0.932
0.925
0.853
0.899
0.896
0.900
0.888
0.832
0.886
0.950
0.904
0.929
0.899
0.950
0.926
0.903
0.882
0.905
0.880
0.970
0.925
0.901
0.934
0.869
0.925
0.875
0.900
0.797
0.838
0.860
0.830
0.897
0.859
0.903
0.911
0.918
0.982
0.917
0.898
0.912
0.828
0.928
0.933
0.928
0.963
0.928
0.867
0.928
0.891
0.834
0.854
0.809
0.776
0.861
0.956
0.961
0.961
0.953
0.849
0.961
0.967
0.904
0.979
0.872
0.894
0.865
0.889
0.924
0.920
0.952
0.978
0.874
0.902
0.954
0.972
0.875
0.954
0.947
0.871
0.891
0.961
0.937
0.925
0.920
0.938
0.928
0.919
0.930
0.910
0.970
0.925
0.928
0.888
0.955
0.952
0.937
0.924
0.885
0.876
0.943
0.919
0.946
0.902
0.915
0.900
0.884
0.913
0.896
0.848
0.820
0.857
0.885
0.936
0.918
0.925
0.915
0.942
0.943
0.944
0.966
0.859
0.912
0.868
0.880
0.916
0.822
0.779
0.781
0.853
0.872
0.787
0.799
0.853
0.793
0.863
0.774
0.783
0.816
0.771
0.793
0.780
0.839
0.781
0.711
0.735
0.733
0.690
0.719
0.686
0.808
0.857
0.866
0.858
0.909
0.802
0.761
0.771
0.735
0.725
0.718
0.798
0.718
0.736
0.841
0.825
0.768
0.721
0.749
0.717
0.756
0.873
0.813
0.900
0.912
0.704
0.736
0.694
0.689
0.689
0.741
0.747
0.738
0.749
0.701
0.718
0.708
0.814
0.884
0.811
0.840
0.868
0.866
0.863
0.867
0.835
0.791
0.831
0.834
0.903
0.967
0.929
0.913
0.882
0.904
0.964
0.932
0.947
0.926
0.877
0.820
0.844
0.824
0.942
0.915
0.897
0.907
0.922
0.905
0.857
0.837
0.920
0.943
0.931
0.859
0.820
0.949
0.875
0.927
0.897
0.887
0.910
0.965
0.929
0.969
0.934
0.856
0.954
0.969
0.853
0.958
0.904
0.886
0.922
0.896
0.943
0.936
0.908
0.967
0.867
0.949
0.948
0.907
0.980
0.892
0.912
0.965
0.956
0.890
0.874
0.880
0.959
0.896
0.816
0.873
0.957
0.979
0.848
0.867
0.929
0.957
0.922
0.929
0.981
0.878
0.962
0.929
0.981
0.869
0.922
0.937
0.936
0.928
0.925
0.959
0.923
0.926
0.915
0.891
0.877
0.934
0.942
0.938
0.854
0.925
0.881
0.914
0.897
0.866
0.875
0.897
0.916
0.932
0.819
0.879
0.868
0.857
0.823
0.833
0.828
0.914
0.867
0.897
0.952
0.858
0.934
0.964
0.912
0.954
0.959
0.935
0.965
0.948
0.856
0.892
0.905
0.883
0.939
0.866
0.914
0.947
0.883
0.895
0.843
0.854
0.826
0.802
0.792
0.878
0.897
0.930
0.977
0.917
0.861
0.952
0.951
0.963
0.920
0.871
0.958
0.914
0.962
0.933
0.922
0.971
0.896
0.969
0.959
0.915
0.893
0.871
0.939
0.971
0.869
0.868
0.834
0.970
0.890
0.940
0.899
0.923
0.971
0.970
0.879
0.882
0.892
0.897
0.883
0.873
0.916
0.891
0.927
0.968
0.960
0.851
0.896
0.923
0.935
0.862
0.933
0.931
0.898
0.960
0.857
0.884
0.853
0.891
0.904
0.940
0.879
0.895
0.897
0.909
0.873
0.911
0.909
0.941
0.840
0.871
0.928
0.944
0.855
0.935
0.848
0.966
0.948
0.868
0.911
0.863
0.961
0.902
0.959
0.901
0.869
0.832
0.874
0.872
0.846
0.831
0.929
0.849
0.922
0.965
0.930
0.981
0.926
0.958
0.976
0.856
0.902
0.945
0.957
0.914
0.883
0.964
0.951
0.938
0.894
0.935
0.941
0.936
0.968
0.932
0.952
0.952
0.933
0.945
0.945
0.917
0.901
0.821
0.927
0.866
0.810
0.890
0.918
0.928
0.903
0.938
0.900
0.881
0.963
0.972
0.958
0.970
0.894
0.912
0.927
0.921
0.952
0.920
0.956
0.937
0.948
0.925
0.933
0.945
0.904
0.922
0.848
0.794
0.777
0.766
0.745
0.790
0.856
0.821
0.914
0.923
0.872
0.860
0.775
0.852
0.897
0.918
0.883
0.916
0.769
0.853
0.864
0.880
0.839
0.756
0.843
0.883
0.775
0.710
0.676
0.697
0.691
0.662
0.878
0.712
0.796
0.719
0.721
0.807
0.882
0.857
0.873
0.876
0.826
0.840
0.808
0.826
0.853
0.855
0.805
0.863
0.929
0.890
0.890
0.837
0.846
0.834
0.833
0.776
0.788
0.890
0.726
0.700
0.752
0.788
0.818
0.915
0.882
0.682
0.654
0.702
0.708
0.733
0.781
0.780
0.937
0.723
0.756
0.783
0.846
0.807
0.746
0.736
0.818
0.874
0.893
0.885
0.715
0.655
0.783
0.896
0.927
0.870
0.883
0.855
0.818
0.737
0.804
0.869
0.861
0.824
0.891
0.789
0.838
0.797
0.801
0.804
0.842
0.872
0.809
0.777
0.866
0.884
0.819
0.827
0.947
0.946
0.939
0.947
0.905
0.966
0.935
0.831
0.916
0.841
0.905
0.894
0.931
0.854
0.886
0.970
0.933
0.931
0.924
0.835
0.893
0.878
0.909
0.902
0.913
0.835
0.922
0.966
0.954
0.872
0.936
0.977
0.964
0.885
0.898
0.965
0.913
0.828
0.909
0.918
0.901
0.814
0.903
0.917
0.962
0.899
0.889
0.941
0.919
0.929
0.911
0.867
0.921
0.953
0.908
0.904
0.922
0.942
0.910
0.902
0.976
0.962
0.903
0.948
0.854
0.945
0.883
0.873
0.880
0.903
0.901
0.894
0.921
0.952
0.926
0.929
0.922
0.898
0.917
0.938
0.906
0.974
0.913
0.953
0.934
0.861
0.884
0.853
0.874
0.864
0.902
0.919
0.938
0.885
0.875
0.957
0.840
0.901
0.889
0.895
0.954
0.899
0.895
0.871
0.936
0.903
0.878
0.899
0.870
0.898
0.973
0.851
0.917
0.945
0.960
0.897
0.980
0.932
0.907
0.846
0.922
0.844
0.932
0.896
0.970
0.895
0.937
0.905
0.841
0.964
0.892
0.978
0.975
0.981
0.841
0.862
0.944
0.931
0.906
0.868
0.864
0.868
0.920
0.899
0.885
0.976
0.969
0.979
0.927
0.887
0.962
0.886
0.944
0.975
0.900
0.873
0.974
0.762
0.873
0.766
0.973
0.934
0.928
0.888
0.882
0.922
0.917
0.862
0.847
0.956
0.982
0.881
0.905
0.890
0.925
0.850
0.861
0.891
0.936
0.904
0.800
0.927
0.915
0.913
0.910
0.869
0.919
0.948
0.931
0.901
0.960
0.943
0.893
0.945
0.898
0.960
0.880
0.916
0.960
0.956
0.901
0.951
0.964
0.963
0.970
0.933
0.914
0.835
0.858
0.922
0.924
0.948
0.918
0.933
0.969
0.935
0.980
0.983
0.918
0.906
0.978
0.907
0.943
0.954
0.968
0.956
0.896
0.946
0.937
0.935
0.894
0.962
0.928
0.974
0.939
0.846
0.861
0.891
0.834
0.824
0.921
0.947
0.924
0.934
0.905
0.913
0.819
0.924
0.927
0.854
0.898
0.947
0.944
0.887
0.937
0.876
0.911
0.911
0.935
0.888
0.926
0.922
0.910
0.915
0.851
0.934
0.936
0.938
0.896
0.963
0.852
0.941
0.936
0.968
0.969
0.959
0.888
0.927
0.891
0.890
0.914
0.903
0.929
0.972
0.958
0.950
0.893
0.950
0.940
0.849
0.731
0.743
0.848
0.917
0.861
0.916
0.941
0.874
0.931
0.888
0.877
0.849
0.897
0.903
0.927
0.932
0.929
0.967
0.931
0.931
0.893
0.924
0.924
0.973
0.962
0.895
0.886
0.845
0.856
0.901
0.821
0.815
0.788
0.831
0.759
0.759
0.842
0.838
0.908
0.952
0.888
0.905
0.970
0.960
0.936
0.943
0.889
0.875
0.832
0.867
0.774
0.827
0.868
0.762
0.707
0.764
0.797
0.756
0.781
0.873
0.818
0.854
0.878
0.874
0.764
0.848
0.801
0.783
0.868
0.883
0.899
0.903
0.913
0.973
0.918
0.975
0.863
0.893
0.968
0.880
0.910
0.921
0.966
0.943
0.950
0.881
0.892
0.932
0.908
0.874
0.960
0.817
0.891
0.851
0.950
0.958
0.968
0.944
0.909
0.882
0.957
0.955
0.978
0.910
0.964
0.955
0.946
0.906
0.944
0.911
0.974
0.946
0.942
0.959
0.879
0.911
0.947
0.943
0.961
0.899
0.981
0.949
0.966
0.937
0.958
0.918
0.962
0.911
0.928
0.953
0.926
0.944
0.887
0.927
0.946
0.973
0.902
0.906
0.915
0.852
0.920
0.975
0.865
0.891
0.955
0.946
0.961
0.871
0.940
0.917
0.903
0.900
0.939
0.927
0.900
0.872
0.864
0.924
0.856
0.828
0.868
0.889
0.854
0.920
0.783
0.953
0.875
0.898
0.897
0.923
0.880
0.903
0.883
0.940
0.873
0.879
0.921
0.865
0.888
0.874
0.962
0.956
0.925
0.886
0.897
0.887
0.889
0.914
0.900
0.957
0.929
0.954
0.914
0.940
0.957
0.944
0.919
0.957
0.936
0.917
0.911
0.932
0.948
0.930
0.941
0.953
0.941
0.945
0.919
0.890
0.952
0.883
0.887
0.914
0.920
0.930
0.888
0.966
0.915
0.848
0.968
0.981
0.979
0.887
0.914
0.947
0.915
0.977
0.900
0.906
0.909
0.882
0.924
0.948
0.959
0.842
0.916
0.913
0.946
0.969
0.890
0.920
0.918
0.971
0.940
0.944
0.918
0.943
0.961
0.953
0.947
0.906
0.931
0.931
0.900
0.890
0.914
0.922
0.956
0.928
0.949
0.948
0.944
0.898
0.853
0.920
0.929
0.919
0.901
0.965
0.870
0.910
0.966
0.881
0.870
0.930
0.971
0.966
0.982
0.959
0.962
0.962
0.957
0.968
0.972
0.927
0.956
0.930
0.908
0.933
0.933
0.891
0.947
0.936
0.931
0.948
0.902
0.918
0.923
0.914
0.926
0.893
0.929
0.901
0.953
0.928
0.941
0.942
0.910
0.913
0.917
0.910
0.947
0.876
0.923
0.963
0.957
0.980
0.899
0.935
0.897
0.959
0.963
0.964
0.955
0.895
0.923
0.810
0.816
0.797
0.893
0.875
0.865
0.878
0.807
0.846
0.857
0.938
0.782
0.716
0.684
0.748
0.751
0.709
0.768
0.816
0.808
0.706
0.796
0.784
0.882
0.893
0.891
0.922
0.889
0.811
0.734
0.691
0.772
0.718
0.700
0.689
0.742
0.841
0.926
0.911
0.868
0.723
0.887
0.864
0.799
0.882
0.922
0.824
0.837
0.871
0.812
0.730
0.744
0.826
0.852
0.821
0.813
0.860
0.887
0.895
0.907
0.845
0.890
0.968
0.913
0.926
0.961
0.968
0.961
0.968
0.950
0.943
0.942
0.885
0.943
0.924
0.958
0.962
0.970
0.947
0.913
0.914
0.912
0.859
0.814
0.820
0.761
0.766
0.841
0.913
0.950
0.958
0.931
0.922
0.939
0.950
0.969
0.958
0.908
0.920
0.929
0.940
0.897
0.961
0.920
0.926
0.942
0.946
0.885
0.855
0.949
0.950
0.922
0.870
0.865
0.891
0.925
0.971
0.904
0.849
0.900
0.822
0.904
0.971
0.930
0.955
0.864
0.907
0.960
0.932
0.907
0.887
0.889
0.856
0.934
0.925
0.916
0.942
0.893
0.922
0.952
0.895
0.977
0.880
0.869
0.938
0.909
0.957
0.850
0.768
0.851
0.896
0.930
0.892
0.887
0.865
0.947
0.886
0.941
0.921
0.979
0.981
0.938
0.932
0.911
0.979
0.855
0.891
0.980
0.897
0.945
0.885
0.861
0.890
0.816
0.900
0.953
0.976
0.977
0.910
0.921
0.942
0.941
0.928
0.973
0.863
0.954
0.953
0.874
0.901
0.977
0.890
0.949
0.953
0.869
0.954
0.935
0.978
0.884
0.895
0.891
0.831
0.952
0.943
0.946
0.922
0.927
0.950
0.956
0.915
0.971
0.903
0.963
0.974
0.888
0.951
0.962
0.933
0.848
0.950
0.945
0.859
0.938
0.931
0.920
0.949
0.895
0.943
0.889
0.973
0.948
0.923
0.910
0.966
0.877
0.919
0.905
0.926
0.934
0.955
0.908
0.949
0.963
0.957
0.943
0.951
0.899
0.896
0.970
0.908
0.924
0.972
0.969
0.937
0.938
0.898
0.948
0.937
0.850
0.926
0.951
0.978
0.911
0.967
0.958
0.914
0.965
0.931
0.923
0.881
0.951
0.980
0.927
0.893
0.913
0.954
0.918
0.903
0.980
0.890
0.915
0.895
0.904
0.913
0.956
0.943
0.931
0.940
0.931
0.925
0.933
0.979
0.915
0.969
0.952
0.960
0.894
0.976
0.973
0.923
0.914
0.952
0.914
0.917
0.916
0.954
0.931
0.870
0.867
0.788
0.817
0.933
0.917
0.977
0.916
0.926
0.959
0.975
0.880
0.976
0.895
0.876
0.971
0.928
0.944
0.910
0.962
0.957
0.904
0.904
0.915
0.965
0.983
0.935
0.965
0.941
0.976
0.984
0.946
0.963
0.921
0.938
0.969
0.974
0.973
0.970
0.969
0.947
0.975
0.975
0.983
0.978
0.969
0.973
0.946
0.931
0.887
0.967
0.957
0.930
0.958
0.966
0.975
0.917
0.965
0.950
0.912
0.845
0.831
0.839
0.830
0.823
0.817
0.840
0.845
0.856
0.852
0.880
0.804
0.832
0.826
0.831
0.844
0.865
0.813
0.814
0.820
0.812
0.809
0.808
0.832
0.798
0.815
0.823
0.829
0.829
0.826
0.841
0.815
0.805
0.805
0.784
0.797
0.785
0.817
0.835
0.821
0.804
0.832
0.811
0.836
0.837
0.826
0.875
0.867
0.874
0.823
0.803
0.782
0.798
0.799
0.840
0.865
0.858
0.844
0.859
0.890
0.836
0.856
0.846
0.853
0.817
0.832
0.865
0.838
0.856
0.840
0.738
0.753
0.778
0.805
0.813
0.830
0.866
0.874
0.872
0.890
0.854
0.822
0.830
0.869
0.858
0.887
0.883
0.870
0.880
0.870
0.872
0.871
0.826
0.839
0.827
0.863
0.850
0.852
0.865
0.884
0.886
0.863
0.834
0.847
0.863
0.885
0.857
0.856
0.819
0.831
0.781
0.768
0.755
0.833
0.880
0.840
0.836
0.840
0.840
0.816
0.838
0.845
0.841
0.846
0.855
0.833
0.859
0.862
0.869
0.848
0.842
0.868
0.851
0.879
0.813
0.840
0.862
0.792
0.763
0.774
0.733
0.798
0.668
0.701
0.740
0.748
0.801
0.853
0.830
0.815
0.886
0.823
0.811
0.827
0.834
0.803
0.833
0.826
0.823
0.807
0.818
0.812
0.810
0.836
0.841
0.844
0.846
0.810
0.804
0.885
0.830
0.802
0.866
0.836
0.861
0.848
0.839
0.809
0.801
0.843
0.861
0.743
0.750
0.772
0.825
0.795
0.826
0.786
0.773
0.803
0.828
0.852
0.859
0.843
0.790
0.783
0.779
0.792
0.811
0.814
0.809
0.820
0.826
0.826
0.819
0.831
0.850
0.852
0.861
0.827
0.756
0.748
0.784
0.846
0.833
0.841
0.844
0.821
0.876
0.839
0.810
0.826
0.862
0.865
0.767
0.832
0.802
0.805
0.812
0.827
0.854
0.845
0.818
0.810
0.825
0.838
0.793
0.781
0.803
0.783
0.791
0.798
0.828
0.828
0.825
0.835
0.755
0.804
0.813
0.834
0.839
0.751
0.783
0.790
0.846
0.773
0.815
0.776
0.813
0.798
0.834
0.822
0.769
0.773
0.843
0.838
0.807
0.826
0.834
0.781
0.806
0.823
0.819
0.827
0.817
0.823
0.841
0.805
0.804
0.816
0.822
0.832
0.867
0.841
0.837
0.834
0.858
0.895
0.852
0.893
0.806
0.796
0.770
0.743
0.739
0.737
0.762
0.790
0.813
0.849
0.858
0.809
0.879
0.849
0.791
0.837
0.849
0.818
0.813
0.829
0.853
0.879
0.828
0.806
0.842
0.816
0.803
0.823
0.851
0.859
0.763
0.827
0.858
0.837
0.820
0.819
0.806
0.804
0.833
0.837
0.865
0.895
0.868
0.889
0.869
0.872
0.864
0.848
0.838
0.881
0.872
0.832
0.848
0.856
0.885
0.853
0.853
0.820
0.824
0.823
0.849
0.848
0.847
0.813
0.828
0.843
0.864
0.857
0.807
0.786
0.823
0.822
0.822
0.829
0.814
0.824
0.837
0.865
0.854
0.828
0.846
0.827
0.838
0.826
0.833
0.821
0.823
0.798
0.829
0.845
0.844
0.807
0.820
0.801
0.775
0.761
0.752
0.775
0.801
0.802
0.827
0.832
0.818
0.835
0.855
0.833
0.794
0.805
0.781
0.797
0.828
0.830
0.834
0.871
0.895
0.870
0.862
0.866
0.832
0.835
0.812
0.800
0.796
0.810
0.800
0.810
0.785
0.789
0.828
0.808
0.851
0.834
0.805
0.818
0.824
0.788
0.793
0.827
0.825
0.847
0.878
0.835
0.794
0.813
0.818
0.811
0.821
0.860
0.835
0.827
0.830
0.858
0.883
0.859
0.824
0.847
0.862
0.874
0.846
0.842
0.844
0.862
0.857
0.838
0.847
0.849
0.863
0.854
0.861
0.854
0.856
0.824
0.842
0.841
0.830
0.823
0.803
0.780
0.784
0.836
0.836
0.852
0.824
0.788
0.776
0.774
0.800
0.795
0.830
0.868
0.825
0.863
0.855
0.849
0.835
0.823
0.854
0.846
0.835
0.850
0.884
0.861
0.898
0.829
0.841
0.855
0.893
0.834
0.867
0.879
0.838
0.845
0.842
0.857
0.817
0.822
0.826
0.821
0.832
0.810
0.874
0.803
0.799
0.809
0.841
0.841
0.828
0.823
0.838
0.823
0.827
0.828
0.810
0.825
0.836
0.780
0.827
0.851
0.831
0.804
0.827
0.814
0.861
0.821
0.801
0.793
0.833
0.834
0.769
0.812
0.847
0.781
0.870
0.787
0.814
0.807
0.790
0.827
0.822
0.824
0.835
0.864
0.808
0.822
0.838
0.865
0.846
0.868
0.778
0.835
0.819
0.819
0.854
0.842
0.831
0.834
0.829
0.801
0.816
0.826
0.831
0.833
0.822
0.841
0.848
0.842
0.856
0.797
0.779
0.844
0.861
0.772
0.806
0.843
0.811
0.868
0.855
0.845
0.809
0.787
0.810
0.798
0.773
0.824
0.832
0.813
0.775
0.809
0.808
0.817
0.843
0.874
0.843
0.851
0.783
0.791
0.866
0.852
0.802
0.788
0.790
0.828
0.819
0.845
0.807
0.840
0.822
0.775
0.831
0.826
0.838
0.812
0.783
0.816
0.866
0.818
0.807
0.800
0.819
0.819
0.842
0.777
0.818
0.787
0.821
0.815
0.813
0.864
0.818
0.789
0.804
0.820
0.847
0.825
0.829
0.805
0.857
0.824
0.826
0.781
0.822
0.818
0.851
0.845
0.842
0.886
0.856
0.777
0.814
0.855
0.824
0.828
0.780
0.760
0.763
0.803
0.835
0.832
0.893
0.802
0.803
0.823
0.824
0.822
0.833
0.853
0.842
0.832
0.820
0.829
0.850
0.812
0.844
0.842
0.853
0.845
0.825
0.841
0.821
0.849
0.858
0.804
0.828
0.860
0.850
0.838
0.856
0.840
0.838
0.802
0.843
0.801
0.772
0.776
0.815
0.822
0.794
0.834
0.854
0.859
0.867
0.804
0.841
0.814
0.852
0.817
0.788
0.795
0.827
0.849
0.842
0.865
0.844
0.831
0.875
0.857
0.854
0.859
0.840
0.802
0.833
0.833
0.817
0.802
0.803
0.804
0.786
0.783
0.796
0.792
0.780
0.729
0.761
0.760
0.765
0.760
0.773
0.764
0.774
0.778
0.770
0.763
0.793
0.868
0.850
0.838
0.819
0.822
0.812
0.796
0.785
0.796
0.842
0.853
0.876
0.876
0.867
0.843
0.827
0.873
0.863
0.846
0.830
0.807
0.799
0.817
0.787
0.792
0.843
0.799
0.799
0.832
0.828
0.828
0.828
0.823
0.812
0.849
0.861
0.871
0.877
0.884
0.891
0.889
0.882
0.879
0.873
0.869
0.873
0.864
0.880
0.893
0.897
0.882
0.873
0.879
0.875
0.902
0.889
0.862
0.848
0.814
0.831
0.873
0.870
0.878
0.873
0.866
0.875
0.879
0.879
0.882
0.873
0.845
0.874
0.882
0.857
0.883
0.885
0.871
0.895
0.893
0.890
0.854
0.877
0.887
0.880
0.882
0.848
0.850
0.856
0.844
0.826
0.783
0.832
0.837
0.883
0.859
0.841
0.829
0.845
0.865
0.877
0.838
0.838
0.780
0.771
0.783
0.836
0.874
0.835
0.831
0.833
0.848
0.849
0.861
0.800
0.814
0.828
0.871
0.873
0.833
0.845
0.842
0.874
0.812
0.858
0.871
0.817
0.801
0.792
0.875
0.799
0.820
0.788
0.797
0.827
0.789
0.820
0.797
0.849
0.808
0.875
0.825
0.815
0.822
0.828
0.825
0.828
0.837
0.830
0.815
0.816
0.833
0.821
0.856
0.849
0.801
0.805
0.862
0.792
0.812
0.835
0.796
0.822
0.843
0.825
0.821
0.812
0.818
0.841
0.819
0.790
0.774
0.830
0.824
0.823
0.827
0.840
0.851
0.836
0.856
0.868
0.801
0.820
0.819
0.842
0.802
0.766
0.762
0.810
0.818
0.838
0.814
0.783
0.820
0.812
0.823
0.827
0.857
0.888
0.836
0.803
0.893
0.818
0.838
0.816
0.873
0.856
0.830
0.862
0.862
0.828
0.824
0.865
0.834
0.856
0.822
0.831
0.801
0.848
0.869
0.832
0.848
0.809
0.795
0.843
0.803
0.820
0.845
0.806
0.749
0.788
0.819
0.844
0.823
0.803
0.800
0.869
0.858
0.871
0.824
0.830
0.792
0.799
0.838
0.810
0.860
0.799
0.862
0.859
0.816
0.811
0.823
0.788
0.824
0.873
0.878
0.781
0.818
0.829
0.827
0.799
0.836
0.796
0.823
0.854
0.825
0.814
0.824
0.813
0.807
0.818
0.836
0.842
0.779
0.758
0.805
0.840
0.818
0.856
0.810
0.845
0.842
0.823
0.794
0.768
0.805
0.773
0.762
0.810
0.811
0.765
0.807
0.780
0.804
0.825
0.856
0.836
0.838
0.853
0.837
0.840
0.776
0.788
0.793
0.837
0.832
0.789
0.797
0.778
0.837
0.811
0.781
0.789
0.791
0.801
0.848
0.764
0.817
0.825
0.832
0.776
0.788
0.869
0.802
0.856
0.844
0.850
0.849
0.861
0.821
0.806
0.824
0.793
0.789
0.737
0.787
0.794
0.768
0.775
0.793
0.776
0.803
0.814
0.834
0.844
0.813
0.815
0.795
0.824
0.831
0.848
0.826
0.803
0.815
0.757
0.735
0.750
0.764
0.792
0.784
0.776
0.797
0.846
0.854
0.846
0.851
0.824
0.828
0.829
0.839
0.804
0.821
0.824
0.816
0.800
0.779
0.792
0.786
0.822
0.826
0.790
0.816
0.824
0.843
0.835
0.821
0.824
0.830
0.831
0.840
0.830
0.803
0.786
0.767
0.792
0.795
0.790
0.797
0.783
0.807
0.809
0.818
0.847
0.866
0.777
0.778
0.807
0.834
0.809
0.811
0.847
0.818
0.782
0.785
0.807
0.819
0.788
0.825
0.794
0.826
0.858
0.850
0.867
0.866
0.851
0.853
0.877
0.844
0.873
0.837
0.825
0.828
0.818
0.845
0.825
0.835
0.868
0.855
0.849
0.840
0.855
0.873
0.855
0.863
0.867
0.868
0.859
0.871
0.845
0.852
0.855
0.849
0.837
0.853
0.855
0.866
0.883
0.877
0.890
0.880
0.851
0.849
0.856
0.879
0.844
0.871
0.823
0.864
0.843
0.851
0.895
0.874
0.833
0.779
0.850
0.782
0.800
0.829
0.863
0.839
0.847
0.877
0.834
0.796
0.790
0.800
0.858
0.810
0.829
0.814
0.834
0.848
0.848
0.815
0.802
0.840
0.840
0.858
0.850
0.827
0.858
0.863
0.841
0.848
0.833
0.840
0.854
0.866
0.829
0.839
0.815
0.840
0.847
0.842
0.770
0.793
0.827
0.829
0.845
0.838
0.834
0.833
0.804
0.822
0.836
0.808
0.836
0.801
0.825
0.831
0.825
0.824
0.824
0.846
0.795
0.833
0.811
0.832
0.824
0.819
0.805
0.826
0.814
0.834
0.818
0.823
0.859
0.844
0.806
0.788
0.822
0.815
0.798
0.819
0.837
0.815
