19790101
0.838
0.796
0.779
0.772
0.740
0.726
0.720
0.742
0.725
0.727
0.741
0.731
0.726
0.775
0.773
0.747
0.732
0.716
0.681
0.663
0.677
0.727
0.835
0.793
0.804
0.893
0.941
0.898
0.904
0.826
0.874
0.890
0.845
0.776
0.759
0.737
0.773
0.696
0.777
0.790
0.825
0.809
0.810
0.793
0.922
0.855
0.900
0.869
0.788
0.799
0.735
0.712
0.800
0.812
0.890
0.849
0.881
0.859
0.805
0.800
0.808
0.804
0.827
0.914
0.856
0.906
0.965
0.927
0.892
0.911
0.821
0.809
0.818
0.823
0.773
0.722
0.750
0.842
0.754
0.783
0.798
0.749
0.811
0.749
0.897
0.836
0.902
0.917
0.858
0.879
0.867
0.907
0.900
0.856
0.919
0.925
0.934
0.919
0.860
0.916
0.891
0.889
0.907
0.949
0.949
0.931
0.923
0.921
0.913
0.888
0.922
0.960
0.917
0.822
0.920
0.935
0.912
0.855
0.884
0.863
0.859
0.886
0.899
0.963
0.958
0.927
0.929
0.906
0.935
0.880
0.904
0.909
0.947
0.938
0.926
0.840
0.965
0.880
0.877
0.856
0.917
0.958
0.883
0.912
0.867
0.896
0.908
0.918
0.836
0.810
0.969
0.913
0.948
0.863
0.780
0.747
0.716
0.815
0.847
0.932
0.864
0.906
0.967
0.909
0.971
0.825
0.899
0.937
0.879
0.918
0.918
0.919
0.939
0.929
0.915
0.914
0.868
0.873
0.849
0.855
0.892
0.919
0.931
0.875
0.894
0.837
0.845
0.797
0.828
0.834
0.902
0.889
0.877
0.886
0.847
0.926
0.902
0.901
0.940
0.712
0.932
0.915
0.858
0.876
0.868
0.891
0.906
0.886
0.812
0.820
0.854
0.894
0.884
0.889
0.912
0.897
0.855
0.860
0.866
0.784
0.788
0.784
0.812
0.812
0.873
0.941
0.864
0.864
0.923
0.906
0.928
0.839
0.954
0.938
0.965
0.904
0.878
0.852
0.899
0.881
0.808
0.849
0.869
0.782
0.814
0.879
0.903
0.890
0.928
0.740
0.771
0.841
0.870
0.906
0.852
0.972
0.922
0.857
0.868
0.839
0.864
0.895
0.930
0.878
0.956
0.894
0.808
0.816
0.944
0.789
0.865
0.910
0.868
0.866
0.918
0.915
0.877
0.910
0.906
0.877
0.970
0.947
0.863
0.891
0.826
0.929
0.728
0.819
0.904
0.866
0.903
0.843
0.878
0.768
0.928
0.714
0.732
0.818
0.870
0.840
0.872
0.760
0.777
0.798
0.845
0.885
0.866
0.908
0.943
0.761
0.698
0.884
0.837
0.867
0.856
0.839
0.814
0.780
0.891
0.895
0.881
0.848
0.861
0.837
0.892
0.795
0.880
0.983
0.866
0.898
0.930
0.893
0.881
0.861
0.926
0.894
0.916
0.887
0.895
0.919
0.908
0.908
0.928
0.871
0.760
0.765
0.770
0.832
0.906
0.873
0.950
0.948
0.841
0.908
0.803
0.856
0.835
0.782
0.728
0.767
0.808
0.847
0.913
0.963
0.849
0.946
0.946
0.873
0.923
0.825
0.758
0.777
0.772
0.757
0.764
0.735
0.730
0.720
0.777
0.832
0.787
0.755
0.832
0.944
0.852
0.789
0.848
0.885
0.890
0.807
0.835
0.814
0.892
0.813
0.858
0.735
0.877
0.780
0.899
0.892
0.801
0.803
0.709
0.676
0.699
0.809
0.768
0.760
0.695
0.667
0.702
0.712
0.828
0.737
0.742
0.782
0.883
0.771
0.773
0.723
0.698
0.730
0.739
0.729
0.678
0.696
0.749
0.705
0.688
0.645
0.672
0.673
0.674
0.681
0.739
0.832
0.782
0.771
0.792
0.723
0.676
0.660
0.726
0.723
0.705
0.666
0.689
0.671
0.682
0.673
0.761
0.697
0.688
0.744
0.726
0.817
0.756
0.739
0.839
0.715
0.729
0.790
0.786
0.677
0.708
0.741
0.706
0.709
0.692
0.661
0.670
0.845
0.829
0.766
0.789
0.805
0.871
0.936
0.890
0.944
0.964
0.959
0.812
0.829
0.875
0.827
0.880
0.874
0.850
0.938
0.919
0.922
0.886
0.907
0.935
0.760
0.804
0.855
0.867
0.964
0.842
0.828
0.856
0.922
0.771
0.861
0.968
0.865
0.943
0.954
0.937
0.940
0.961
0.932
0.934
0.961
0.852
0.861
0.949
0.841
0.902
0.978
0.913
0.863
0.852
0.872
0.904
0.931
0.946
0.859
0.858
0.810
0.830
0.827
0.890
0.923
0.949
0.801
0.897
0.897
0.865
0.912
0.886
0.856
0.802
0.851
0.807
0.727
0.736
0.770
0.782
0.763
0.772
0.782
0.759
0.799
0.799
0.859
0.880
0.897
0.841
0.823
0.834
0.844
0.847
0.889
0.837
0.855
0.896
0.860
0.899
0.899
0.866
0.913
0.870
0.906
0.864
0.879
0.938
0.846
0.862
0.909
0.883
0.930
0.945
0.917
0.928
0.909
0.910
0.884
0.795
0.849
0.884
0.884
0.855
0.900
0.907
0.903
0.914
0.926
0.882
0.845
0.847
0.890
0.838
0.883
0.867
0.752
0.874
0.886
0.915
0.916
0.938
0.918
0.862
0.866
0.897
0.900
0.857
0.822
0.905
0.897
0.897
0.905
0.927
0.888
0.886
0.868
0.784
0.862
0.969
0.910
0.886
0.917
0.913
0.853
0.960
0.964
0.910
0.818
0.848
0.876
0.912
0.892
0.881
0.976
0.858
0.913
0.947
0.971
0.879
0.971
0.862
0.955
0.971
0.932
0.924
0.900
0.929
0.949
0.897
0.935
0.932
0.926
0.944
0.928
0.932
0.923
0.937
0.970
0.888
0.933
0.903
0.927
0.924
0.866
0.808
0.846
0.891
0.871
0.880
0.862
0.884
0.930
0.822
0.830
0.858
0.866
0.870
0.880
0.909
0.938
0.909
0.875
0.930
0.883
0.924
0.869
0.858
0.926
0.893
0.842
0.870
0.879
0.951
0.941
0.903
0.917
0.939
0.958
0.887
0.915
0.926
0.963
0.928
0.963
0.971
0.944
0.864
0.821
0.839
0.897
0.868
0.851
0.880
0.819
0.881
0.841
0.951
0.954
0.976
0.963
0.819
0.788
0.797
0.887
0.889
0.868
0.871
0.915
0.908
0.784
0.744
0.885
0.847
0.873
0.798
0.822
0.908
0.715
0.745
0.786
0.840
0.816
0.854
0.906
0.865
0.894
0.896
0.803
0.794
0.872
0.839
0.809
0.927
0.839
0.839
0.833
0.858
0.853
0.865
0.836
0.806
0.849
0.877
0.923
0.938
0.890
0.875
0.898
0.896
0.911
0.947
0.940
0.958
0.960
0.958
0.890
0.862
0.825
0.864
0.863
0.827
0.825
0.961
0.938
0.856
0.904
0.882
0.916
0.873
0.913
0.900
0.892
0.865
0.796
0.817
0.839
0.798
0.781
0.764
0.764
0.791
0.785
0.780
0.774
0.736
0.807
0.756
0.768
0.732
0.718
0.700
0.819
0.888
0.790
0.708
0.742
0.710
0.691
0.728
0.728
0.916
0.853
0.880
0.786
0.948
0.870
0.910
0.791
0.838
0.809
0.855
0.947
0.910
0.893
0.951
0.959
0.914
0.904
0.884
0.946
0.895
0.882
0.863
0.950
0.933
0.934
0.795
0.879
0.906
0.843
0.943
0.848
0.860
0.895
0.919
0.956
0.958
0.946
0.922
0.910
0.945
0.875
0.853
0.875
0.976
0.855
0.957
0.857
0.968
0.936
0.942
0.912
0.899
0.921
0.934
0.966
0.927
0.959
0.962
0.944
0.945
0.874
0.917
0.920
0.946
0.927
0.934
0.875
0.919
0.953
0.938
0.960
0.896
0.922
0.912
0.840
0.952
0.931
0.935
0.911
0.928
0.927
0.848
0.937
0.974
0.938
0.846
0.942
0.954
0.910
0.915
0.934
0.892
0.915
0.934
0.891
0.903
0.889
0.924
0.917
0.801
0.867
0.891
0.896
0.829
0.867
0.813
0.895
0.853
0.817
0.800
0.841
0.853
0.932
0.893
0.856
0.899
0.919
0.928
0.845
0.850
0.880
0.846
0.896
0.901
0.818
0.880
0.932
0.964
0.875
0.924
0.909
0.933
0.927
0.854
0.872
0.926
0.900
0.850
0.896
0.917
0.920
0.973
0.884
0.949
0.894
0.949
0.933
0.924
0.917
0.895
0.973
0.857
0.954
0.931
0.947
0.878
0.951
0.905
0.888
0.948
0.936
0.792
0.905
0.896
0.865
0.914
0.911
0.899
0.919
0.942
0.947
0.935
0.906
0.916
0.922
0.960
0.884
0.915
0.972
0.911
0.950
0.966
0.959
0.966
0.939
0.926
0.949
0.860
0.925
0.895
0.928
0.981
0.895
0.947
0.925
0.878
0.898
0.952
0.905
0.907
0.898
0.926
0.920
0.941
0.884
0.882
0.935
0.933
0.967
0.943
0.880
0.952
0.976
0.896
0.916
0.934
0.900
0.917
0.827
0.876
0.931
0.916
0.895
0.841
0.815
0.947
0.885
0.928
0.888
0.876
0.890
0.916
0.860
0.918
0.939
0.888
0.931
0.958
0.839
0.915
0.982
0.973
0.900
0.968
0.957
0.956
0.964
0.864
0.898
0.863
0.929
0.963
0.913
0.820
0.807
0.836
0.846
0.857
0.864
0.880
0.865
0.898
0.881
0.948
0.900
0.914
0.873
0.802
0.832
0.837
0.829
0.868
0.816
0.917
0.932
0.861
0.870
0.748
0.891
0.920
0.795
0.787
0.733
0.682
0.680
0.716
0.776
0.841
0.897
0.793
0.725
0.776
0.858
0.848
0.854
0.746
0.890
0.876
0.845
0.903
0.873
0.844
0.876
0.879
0.884
0.826
0.877
0.849
0.889
0.860
0.788
0.802
0.891
0.930
0.820
0.839
0.937
0.779
0.794
0.747
0.763
0.810
0.820
0.962
0.748
0.713
0.688
0.778
0.815
0.743
0.666
0.788
0.838
0.754
0.773
0.778
0.744
0.730
0.781
0.840
0.718
0.709
0.702
0.706
0.733
0.852
0.957
0.738
0.644
0.714
0.787
0.863
0.909
0.844
0.808
0.884
0.832
0.843
0.892
0.886
0.846
0.954
0.843
0.792
0.785
0.625
0.630
0.619
0.718
0.873
0.851
0.884
0.868
0.865
0.894
0.910
0.924
0.871
0.804
0.852
0.835
0.935
0.928
0.969
0.808
0.835
0.937
0.889
0.887
0.902
0.975
0.869
0.911
0.947
0.940
0.979
0.901
0.961
0.924
0.970
0.855
0.874
0.836
0.951
0.964
0.877
0.843
0.887
0.841
0.880
0.938
0.871
0.945
0.843
0.808
0.876
0.900
0.927
0.786
0.908
0.936
0.866
0.829
0.860
0.929
0.882
0.943
0.820
0.902
0.890
0.858
0.865
0.891
0.858
0.948
0.892
0.923
0.893
0.851
0.890
0.874
0.897
0.888
0.756
0.764
0.787
0.803
0.809
0.786
0.874
0.843
0.840
0.774
0.782
0.871
0.852
0.885
0.758
0.873
0.881
0.900
0.867
0.870
0.846
0.808
0.875
0.860
0.759
0.824
0.855
0.892
0.879
0.860
0.803
0.754
0.882
0.855
0.849
0.766
0.821
0.891
0.914
0.842
0.850
0.820
0.772
0.779
0.798
0.807
0.853
0.785
0.777
0.911
0.738
0.781
0.819
0.788
0.863
0.772
0.815
0.806
0.819
0.797
0.834
0.838
0.834
0.784
0.789
0.905
0.835
0.868
0.833
0.862
0.800
0.855
0.891
0.908
0.890
0.832
0.894
0.884
0.966
0.972
0.883
0.845
0.910
0.924
0.864
0.877
0.921
0.894
0.792
0.805
0.966
0.894
0.909
0.969
0.843
0.937
0.918
0.924
0.882
0.874
0.826
0.918
0.883
0.856
0.920
0.963
0.906
0.819
0.918
0.868
0.892
0.946
0.926
0.869
0.875
0.833
0.964
0.844
0.911
0.905
0.852
0.903
0.908
0.908
0.934
0.951
0.899
0.930
0.906
0.854
0.878
0.913
0.920
0.864
0.978
0.846
0.824
0.804
0.869
0.918
0.863
0.790
0.849
0.925
0.917
0.922
0.850
0.847
0.884
0.917
0.952
0.907
0.776
0.748
0.779
0.858
0.877
0.919
0.882
0.847
0.924
0.856
0.914
0.829
0.899
0.909
0.900
0.830
0.785
0.760
0.947
0.924
0.801
0.902
0.939
0.860
0.855
0.801
0.818
0.847
0.790
0.828
0.747
0.758
0.733
0.752
0.708
0.757
0.771
0.777
0.759
0.745
0.724
0.728
0.732
0.742
0.750
0.705
0.716
0.668
0.788
0.729
0.720
0.719
0.737
0.719
0.745
0.799
0.717
0.725
0.770
0.756
0.900
0.721
0.934
0.766
0.688
0.659
0.743
0.744
0.693
0.742
0.720
0.746
0.722
0.717
0.732
0.685
0.835
0.727
0.719
0.684
0.782
0.735
0.748
0.728
0.747
0.746
0.801
0.813
0.832
0.747
0.962
0.720
0.818
0.839
0.800
0.722
0.768
0.784
0.831
0.942
0.743
0.825
0.798
0.802
0.771
0.732
0.836
0.815
0.755
0.857
0.807
0.704
0.729
0.850
0.777
0.703
0.943
0.783
0.799
0.822
0.716
0.705
0.746
0.718
0.792
0.723
0.759
0.862
0.835
0.813
0.757
0.796
0.706
0.754
0.808
0.713
0.727
0.743
0.704
0.749
0.851
0.795
0.790
0.905
0.881
0.830
0.768
0.786
0.888
0.858
0.915
0.946
0.871
0.931
0.913
0.875
0.912
0.869
0.967
0.914
0.945
0.896
0.861
0.862
0.963
0.896
0.895
0.924
0.901
0.964
0.817
0.874
0.878
0.804
0.888
0.883
0.829
0.927
0.946
0.909
0.936
0.885
0.923
0.870
0.907
0.930
0.855
0.961
0.946
0.848
0.902
0.955
0.903
0.832
0.920
0.777
0.839
0.974
0.816
0.894
0.932
0.792
0.869
0.866
0.850
0.887
0.880
0.828
0.909
0.898
0.878
0.928
0.847
0.882
0.925
0.820
0.874
0.890
0.928
0.788
0.794
0.830
0.888
0.877
0.832
0.888
0.850
0.904
0.884
0.905
0.859
0.808
0.759
0.774
0.755
0.897
0.835
0.732
0.744
0.822
0.858
0.876
0.875
0.771
0.854
0.795
0.857
0.885
0.878
0.864
0.888
0.742
0.793
0.830
0.887
0.878
0.867
0.795
0.775
0.883
0.770
0.771
0.797
0.894
0.798
0.818
0.813
0.843
0.886
0.845
0.788
0.912
0.905
0.869
0.894
0.839
0.854
0.940
0.897
0.923
0.873
0.908
0.945
0.935
0.876
0.909
0.871
0.883
0.898
0.882
0.913
0.886
0.870
0.919
0.902
0.875
0.920
0.877
0.929
0.908
0.886
0.860
0.858
0.918
0.773
0.866
0.858
0.869
0.927
0.867
0.887
0.888
0.856
0.903
0.902
0.958
0.943
0.957
0.905
0.957
0.893
0.900
0.950
0.890
0.861
0.896
0.907
0.893
0.892
0.937
0.910
0.930
0.863
0.959
0.924
0.895
0.978
0.857
0.910
0.904
0.955
0.964
0.946
0.942
0.916
0.812
0.931
0.905
0.897
0.949
0.957
0.881
0.833
0.880
0.883
0.904
0.919
0.861
0.913
0.897
0.871
0.921
0.887
0.947
0.979
0.855
0.869
0.898
0.886
0.846
0.927
0.958
0.906
0.898
0.923
0.946
0.899
0.909
0.944
0.873
0.905
0.927
0.935
0.968
0.917
0.893
0.876
0.906
0.886
0.882
0.879
0.873
0.925
0.904
0.891
0.894
0.920
0.860
0.868
0.917
0.848
0.774
0.798
0.890
0.930
0.866
0.943
0.862
0.841
0.844
0.872
0.824
0.861
0.852
0.890
0.883
0.890
0.864
0.863
0.860
0.844
0.891
0.921
0.805
0.810
0.890
0.808
0.873
0.789
0.880
0.882
0.839
0.860
0.783
0.759
0.849
0.864
0.877
0.918
0.959
0.903
0.866
0.818
0.904
0.884
0.839
0.871
0.864
0.879
0.843
0.831
0.893
0.889
0.896
0.848
0.765
0.928
0.912
0.891
0.877
0.877
0.835
0.895
0.955
0.875
0.888
0.867
0.797
0.748
0.727
0.777
0.818
0.733
0.734
0.716
0.736
0.721
0.682
0.717
0.754
0.837
0.724
0.702
0.714
0.769
0.745
0.814
0.833
0.926
0.777
0.735
0.747
0.741
0.781
0.736
0.803
0.820
0.814
0.926
0.670
0.801
0.800
0.871
0.930
0.823
0.829
0.859
0.749
0.890
0.805
0.823
0.837
0.758
0.884
0.927
0.906
0.790
0.858
0.912
0.833
0.863
0.859
0.884
0.859
0.867
0.804
0.866
0.951
0.790
0.812
0.884
0.842
0.897
0.873
0.849
0.874
0.915
0.887
0.898
0.864
0.839
0.903
0.957
0.872
0.968
0.891
0.911
0.917
0.869
0.846
0.939
0.963
0.900
0.802
0.909
0.904
0.971
0.855
0.854
0.913
0.960
0.898
0.937
0.871
0.899
0.898
0.870
0.887
0.860
0.888
0.873
0.869
0.883
0.883
0.916
0.894
0.863
0.878
0.900
0.855
0.875
0.853
0.837
0.880
0.971
0.891
0.914
0.853
0.954
0.867
0.837
0.875
0.884
0.866
0.923
0.845
0.879
0.876
0.883
0.879
0.873
0.970
0.866
0.905
0.882
0.825
0.855
0.894
0.878
0.910
0.900
0.857
0.881
0.918
0.848
0.863
0.876
0.912
0.919
0.881
0.903
0.939
0.951
0.921
0.890
0.816
0.899
0.929
0.935
0.815
0.932
0.913
0.812
0.903
0.872
0.856
0.822
0.913
0.927
0.854
0.873
0.965
0.872
0.774
0.864
0.852
0.891
0.844
0.884
0.911
0.929
0.974
0.844
0.862
0.883
0.875
0.827
0.847
0.919
0.979
0.937
0.956
0.945
0.910
0.969
0.801
0.837
0.895
0.926
0.924
0.875
0.865
0.969
0.818
0.889
0.968
0.858
0.962
0.905
0.979
0.843
0.875
0.921
0.886
0.878
0.893
0.829
0.915
0.899
0.925
0.857
0.894
0.887
0.851
0.873
0.933
0.923
0.874
0.906
0.915
0.977
0.873
0.831
0.876
0.871
0.872
0.880
0.905
0.931
0.879
0.836
0.759
0.823
0.926
0.856
0.905
0.854
0.775
0.871
0.891
0.943
0.966
0.920
0.898
0.961
0.894
0.898
0.900
0.908
0.956
0.956
0.964
0.968
0.923
0.936
0.932
0.906
0.845
0.847
0.851
0.789
0.824
0.856
0.826
0.891
0.925
0.891
0.927
0.925
0.888
0.858
0.924
0.875
0.904
0.864
0.882
0.822
0.762
0.785
0.756
0.793
0.740
0.727
0.665
0.698
0.694
0.703
0.817
0.871
0.773
0.748
0.750
0.743
0.741
0.753
0.708
0.701
0.719
0.717
0.707
0.722
0.731
0.749
0.750
0.762
0.927
0.766
0.727
0.726
0.876
0.772
0.856
0.764
0.780
0.729
0.734
0.801
0.759
0.749
0.712
0.702
0.727
0.880
0.837
0.831
0.863
0.799
0.774
0.793
0.691
0.741
0.706
0.704
0.681
0.666
0.670
0.688
0.710
0.682
0.686
0.679
0.691
0.689
0.786
0.817
0.844
0.903
0.861
0.804
0.678
0.701
0.726
0.727
0.772
0.843
0.799
0.754
0.709
0.754
0.718
0.791
0.732
0.678
0.687
0.673
0.614
0.627
0.746
0.852
0.829
0.820
0.787
0.856
0.837
0.865
0.799
0.702
0.764
0.809
0.783
0.844
0.887
0.818
0.866
0.927
0.780
0.772
0.816
0.781
0.807
0.813
0.794
0.877
0.812
0.715
0.739
0.716
0.751
0.844
0.797
0.845
0.943
0.761
0.743
0.731
0.788
0.867
0.882
0.954
0.847
0.830
0.849
0.881
0.877
0.964
0.859
0.950
0.822
0.947
0.888
0.941
0.877
0.867
0.893
0.894
0.806
0.867
0.887
0.910
0.805
0.859
0.887
0.904
0.862
0.885
0.958
0.909
0.784
0.964
0.874
0.910
0.931
0.910
0.876
0.845
0.864
0.782
0.796
0.795
0.859
0.824
0.799
0.804
0.812
0.750
0.784
0.811
0.730
0.810
0.845
0.893
0.820
0.875
0.857
0.816
0.754
0.754
0.794
0.762
0.793
0.793
0.858
0.921
0.847
0.902
0.857
0.767
0.818
0.828
0.827
0.838
0.856
0.814
0.882
0.860
0.872
0.854
0.945
0.885
0.909
0.926
0.830
0.847
0.862
0.883
0.842
0.908
0.926
0.866
0.879
0.911
0.903
0.929
0.896
0.846
0.757
0.838
0.901
0.874
0.882
0.899
0.913
0.901
0.837
0.916
0.928
0.863
0.918
0.898
0.915
0.916
0.833
0.870
0.912
0.903
0.913
0.970
0.880
0.844
0.847
0.894
0.911
0.917
0.869
0.917
0.980
0.831
0.950
0.881
0.910
0.820
0.942
0.816
0.915
0.882
0.856
0.866
0.905
0.895
0.923
0.919
0.965
0.793
0.845
0.895
0.873
0.910
0.912
0.838
0.819
0.899
0.935
0.882
0.910
0.898
0.907
0.929
0.941
0.885
0.889
0.891
0.896
0.870
0.948
0.855
0.952
0.796
0.827
0.834
0.905
0.933
0.904
0.886
0.957
0.923
0.813
0.973
0.779
0.740
0.692
0.737
0.786
0.872
0.855
0.890
0.938
0.915
0.906
0.878
0.885
0.850
0.919
0.865
0.942
0.962
0.967
0.944
0.956
0.915
0.887
0.938
0.941
0.901
0.885
0.889
0.886
0.930
0.925
0.981
0.899
0.890
0.857
0.903
0.961
0.838
0.821
0.941
0.876
0.888
0.871
0.911
0.794
0.740
0.738
0.733
0.715
0.727
0.746
0.758
0.729
0.728
0.776
0.763
0.692
0.846
0.882
0.865
0.779
0.720
0.802
0.785
0.883
0.880
0.902
0.836
0.833
0.834
0.791
0.759
0.804
0.737
0.847
0.865
0.813
0.724
0.706
0.704
0.678
0.688
0.708
0.740
0.848
0.780
0.820
0.881
0.926
0.938
0.750
0.816
0.820
0.746
0.725
0.845
0.844
0.849
0.809
0.768
0.726
0.873
0.827
0.790
0.919
0.877
0.845
0.750
0.833
0.847
0.806
0.736
0.781
0.793
0.786
0.868
0.911
0.919
0.738
0.712
0.708
0.754
0.815
0.825
0.814
0.931
0.755
0.822
0.770
0.709
0.695
0.771
0.730
0.855
0.796
0.711
0.662
0.712
0.782
0.783
0.815
0.838
0.857
0.777
0.663
0.699
0.652
0.731
0.807
0.698
0.783
0.917
0.864
0.909
0.738
0.836
0.855
0.807
0.784
0.750
0.785
0.865
0.812
0.882
0.921
0.897
0.898
0.858
0.835
0.854
0.858
0.896
0.826
0.841
0.883
0.820
0.873
0.874
0.860
0.905
0.944
0.974
0.845
0.890
0.867
0.898
0.894
0.896
0.893
0.856
0.809
0.798
0.779
0.750
0.784
0.673
0.775
0.913
0.912
0.831
0.904
0.837
0.876
0.864
0.927
0.889
0.838
0.968
0.954
0.847
0.816
-99.000
0.965
0.903
0.915
0.831
0.920
0.867
0.860
0.955
0.815
0.889
0.848
0.820
0.800
0.818
0.814
0.884
0.831
0.896
0.849
0.835
0.797
0.868
0.919
0.854
0.808
0.850
0.834
0.837
0.879
0.874
0.901
0.807
0.761
0.815
0.867
0.847
0.806
0.782
0.798
0.754
0.749
0.811
0.781
0.779
0.807
0.876
0.860
0.856
0.773
0.857
0.896
0.882
0.768
0.745
0.764
0.758
0.748
0.760
0.835
0.808
0.819
0.801
0.801
0.850
0.792
0.816
0.741
0.816
0.770
0.800
0.790
0.824
0.876
0.888
0.892
0.900
0.837
0.868
0.858
0.871
0.872
0.921
0.818
0.788
0.886
0.866
0.908
0.774
0.858
0.878
0.895
0.933
0.856
0.963
0.961
0.736
0.799
0.778
0.841
0.906
0.855
0.841
0.844
0.771
0.822
0.933
0.924
0.902
0.842
0.870
0.933
0.844
0.878
0.927
0.834
0.952
0.857
0.891
0.964
0.817
0.950
0.873
0.940
0.952
0.927
0.856
0.819
0.883
0.901
0.891
0.863
0.952
0.890
0.911
0.933
0.933
0.947
0.924
0.871
0.860
0.902
0.917
0.947
0.882
0.953
0.946
0.949
0.920
0.981
0.928
0.938
0.926
0.905
0.936
0.933
0.937
0.878
0.902
0.837
0.832
0.883
0.913
0.930
0.859
0.870
0.835
0.893
0.960
0.885
0.871
0.884
0.916
0.906
0.890
0.963
0.876
0.960
0.881
0.856
0.822
0.811
0.868
0.803
0.830
0.839
0.832
0.891
0.869
0.882
0.905
0.887
0.894
0.901
0.887
0.882
0.819
0.853
0.920
0.870
0.767
0.748
0.739
0.784
0.759
0.766
0.761
0.828
-99.000
-99.000
-99.000
-99.000
-99.000
-99.000
-99.000
-99.000
0.821
0.804
0.715
0.778
0.943
0.925
0.840
0.739
0.695
0.692
0.805
0.783
0.782
0.716
0.700
0.715
0.752
0.840
0.867
0.880
0.838
0.803
0.950
0.911
0.799
0.827
0.883
0.719
0.724
0.690
0.728
0.730
0.730
0.712
0.724
0.750
0.765
0.841
0.955
0.965
0.953
0.821
0.809
0.893
0.941
0.826
0.895
0.842
0.830
0.745
0.803
0.783
0.697
0.714
0.778
0.746
0.736
0.732
0.767
0.726
0.724
0.755
0.840
0.812
0.751
0.775
0.812
0.741
0.711
0.773
0.697
0.773
0.802
0.824
0.721
0.715
0.780
0.826
0.837
0.937
0.817
0.892
0.723
0.786
0.709
0.828
0.700
0.779
0.814
0.946
0.837
0.787
0.832
0.876
0.926
0.808
0.868
0.772
0.943
0.834
0.831
0.748
0.739
0.742
0.754
0.829
0.777
0.767
0.903
0.963
0.828
0.949
0.860
0.954
0.935
0.947
0.941
0.864
0.812
0.874
0.919
0.879
0.849
0.834
0.886
0.971
0.934
0.822
0.874
0.925
0.811
0.863
0.828
0.883
0.898
0.868
0.898
0.884
0.899
0.863
0.962
0.870
0.914
0.914
0.851
0.883
0.826
0.841
0.877
0.846
0.863
0.859
0.914
0.867
0.969
0.858
0.860
0.831
0.804
0.858
0.851
0.877
0.892
0.937
0.933
0.883
0.886
0.869
0.915
0.890
0.902
0.820
0.908
0.905
0.936
0.915
0.854
0.846
0.888
0.892
0.873
0.916
0.861
0.903
0.901
0.873
0.837
0.891
0.891
0.907
0.881
0.866
0.914
0.888
0.869
0.866
0.878
0.973
0.887
0.841
0.891
0.865
0.891
0.872
0.863
0.940
0.852
0.870
0.790
0.843
0.969
0.858
0.919
0.925
0.924
0.908
0.875
0.905
0.902
0.880
0.904
0.869
0.875
0.867
0.793
0.838
0.828
0.854
0.866
0.918
0.906
0.872
0.866
0.908
0.890
0.858
0.869
0.895
0.867
0.858
0.916
0.888
0.859
0.920
0.851
0.967
0.886
0.942
0.940
0.899
0.882
0.922
0.962
0.846
0.859
0.906
0.878
0.852
0.926
0.858
0.889
0.878
0.910
0.908
0.930
0.902
0.879
0.881
0.882
0.949
0.936
0.927
0.832
0.808
0.964
0.879
0.907
0.963
0.920
0.905
0.937
0.950
0.873
0.857
0.852
0.895
0.901
0.864
0.906
0.935
0.842
0.880
0.903
0.931
0.959
0.967
0.930
0.957
0.922
0.977
0.885
0.943
0.855
0.817
0.942
0.894
0.846
0.922
0.879
0.974
0.951
0.942
0.917
0.909
0.932
0.927
0.904
0.952
0.923
0.926
0.899
0.922
0.863
0.903
0.892
0.914
0.915
0.899
0.884
0.905
0.939
0.943
0.887
0.929
0.941
0.949
0.844
0.875
0.903
0.847
0.801
0.829
0.923
0.972
0.948
0.966
0.947
0.915
0.902
0.848
0.785
0.791
0.796
0.855
0.834
0.820
0.796
0.780
0.731
0.714
0.763
0.759
0.859
0.778
0.745
0.759
0.785
0.761
0.738
0.777
0.845
0.827
0.773
0.733
0.750
0.799
0.724
0.708
0.717
0.744
0.746
0.749
0.842
0.766
0.741
0.706
0.697
0.700
0.700
0.699
0.735
0.693
0.707
0.685
0.744
0.698
0.709
0.750
0.772
0.779
0.800
0.741
0.744
0.819
0.841
0.875
0.925
0.813
0.859
0.849
0.825
0.837
0.812
0.774
0.689
0.752
0.837
0.756
0.685
0.685
0.779
0.725
0.775
0.672
0.705
0.702
0.660
0.643
0.686
0.702
0.734
0.690
0.725
0.762
0.801
0.743
0.669
0.687
0.773
0.747
0.791
0.763
0.721
0.690
0.702
0.684
0.702
0.714
0.664
0.655
0.676
0.691
0.692
0.708
0.782
0.753
0.693
0.772
0.846
0.829
0.837
0.860
0.943
0.965
0.952
0.952
0.953
0.956
0.966
0.947
0.916
0.951
0.894
0.885
0.874
0.900
0.882
0.868
0.822
0.857
0.831
0.877
0.857
0.859
0.884
0.954
0.848
0.876
0.827
0.870
0.859
0.927
0.925
0.933
0.940
0.945
0.873
0.916
0.976
0.838
0.925
0.838
0.906
0.943
0.897
0.927
0.940
0.864
0.880
0.921
0.878
0.926
0.900
0.965
0.901
0.821
0.885
0.904
0.951
0.914
0.833
0.848
0.868
0.896
0.915
0.888
0.936
0.866
0.924
0.850
0.955
0.868
0.880
0.911
0.948
0.839
0.863
0.970
0.914
0.886
0.903
0.840
0.863
0.860
0.883
0.920
0.858
0.942
0.926
0.874
0.810
0.927
0.896
0.957
0.899
0.898
0.849
0.940
0.885
0.850
0.860
0.892
0.886
0.900
0.883
0.846
0.880
0.842
0.909
0.887
0.856
0.916
0.874
0.902
0.863
0.906
0.921
0.956
0.917
0.925
0.876
0.974
0.970
0.895
0.916
0.917
0.926
0.957
0.924
0.963
0.947
0.966
0.923
0.945
0.900
0.886
0.925
0.964
0.963
0.954
0.878
0.889
0.848
0.871
0.895
0.917
0.928
0.887
0.909
0.887
0.882
0.958
0.854
0.931
0.909
0.938
0.919
0.951
0.957
0.882
0.870
0.813
0.956
0.885
0.889
0.871
0.926
0.965
0.927
0.909
0.929
0.925
0.965
0.874
0.921
0.865
0.954
0.936
0.895
0.804
0.837
0.897
0.882
0.980
0.882
0.930
0.960
0.905
0.929
0.902
0.883
0.924
0.850
0.866
0.881
0.864
0.853
0.820
0.765
0.888
0.918
0.893
0.891
0.906
0.935
0.873
0.887
0.969
0.912
0.942
0.979
0.960
0.889
0.875
0.931
0.980
0.977
0.880
0.879
0.893
0.954
0.911
0.956
0.898
0.976
0.929
0.936
0.950
0.918
0.899
0.958
0.912
0.871
0.949
0.963
0.965
0.915
0.925
0.908
0.891
0.910
0.884
0.912
0.886
0.887
0.875
0.850
0.904
0.898
0.775
0.836
0.887
0.889
0.924
0.871
0.827
0.825
0.807
0.796
0.806
0.836
0.829
0.839
0.870
0.842
0.905
0.923
0.921
0.947
0.929
0.971
0.876
0.899
0.935
0.937
0.915
0.911
0.878
0.874
0.817
0.811
0.824
0.918
0.926
0.901
0.946
0.853
0.849
0.826
0.893
0.863
0.881
0.842
0.891
0.836
0.861
0.786
0.762
0.825
0.740
0.720
0.721
0.722
0.682
0.699
0.738
0.721
0.756
0.846
0.777
0.715
0.679
0.649
0.701
0.677
0.663
0.631
0.646
0.689
0.707
0.726
0.791
0.885
0.944
0.933
0.850
0.858
0.883
0.887
0.799
0.778
0.818
0.829
0.822
0.856
0.852
0.792
0.779
0.801
0.923
0.802
0.848
0.779
0.708
0.870
0.736
0.825
0.853
0.941
0.854
0.835
0.913
0.833
0.809
0.794
0.862
0.802
0.839
0.819
0.775
0.743
0.765
0.715
0.743
0.793
0.793
0.844
0.826
0.890
0.866
0.829
0.923
0.792
0.790
0.750
0.747
0.796
0.750
0.715
0.760
0.857
0.930
0.941
0.867
0.866
0.894
0.839
0.873
0.847
0.891
0.855
0.884
0.862
0.888
0.904
0.920
0.817
0.938
0.957
0.778
0.957
0.968
0.885
0.907
0.967
0.838
0.921
0.875
0.803
0.850
0.863
0.810
0.858
0.897
0.909
0.851
0.948
0.873
0.917
0.948
0.802
0.867
0.903
0.908
0.924
0.895
0.901
0.960
0.884
0.904
0.903
0.946
0.889
0.901
0.846
0.832
0.888
0.869
0.879
0.848
0.900
0.895
0.899
0.923
0.914
0.950
0.959
0.958
0.907
0.932
0.913
0.869
0.873
0.906
0.903
0.873
0.921
0.859
0.885
0.884
0.914
0.945
0.857
0.843
0.836
0.829
0.795
0.813
0.770
0.885
0.868
0.922
0.897
0.869
0.846
0.913
0.885
0.885
0.928
0.895
0.903
0.940
0.901
0.884
0.885
0.897
0.945
0.921
0.929
0.817
0.850
0.904
0.861
0.942
0.939
0.854
0.874
0.888
0.943
0.853
0.896
0.901
0.930
0.937
0.911
0.923
0.959
0.867
0.916
0.883
0.872
0.922
0.897
0.912
0.920
0.917
0.978
0.918
0.945
0.952
0.877
0.955
0.948
0.936
0.886
0.869
0.921
0.937
0.874
0.934
0.939
0.976
0.925
0.961
0.948
0.920
0.856
0.873
0.968
0.978
0.814
0.805
0.788
0.830
0.926
0.907
0.875
0.856
0.868
0.874
0.854
0.899
0.952
0.792
0.912
0.870
0.897
0.846
0.953
0.926
0.975
0.821
0.874
0.926
0.937
0.946
0.925
0.856
0.958
0.955
0.904
0.950
0.959
0.909
0.886
0.977
0.978
0.960
0.916
0.846
0.849
0.823
0.945
0.857
0.848
0.712
0.813
0.902
0.926
0.920
0.898
0.916
0.909
0.947
0.943
0.915
0.923
0.937
0.966
0.936
0.932
0.956
0.917
0.935
0.967
0.843
0.853
0.886
0.904
0.886
0.911
0.912
0.915
0.928
0.947
0.883
0.825
0.845
0.787
0.794
0.785
0.803
0.786
0.771
0.752
0.774
0.727
0.833
0.927
0.942
0.962
0.901
0.856
0.819
0.818
0.805
0.897
0.955
0.899
0.894
0.907
0.871
0.920
0.880
0.858
0.900
0.804
0.879
0.871
0.928
0.891
0.907
0.815
0.838
0.864
0.835
0.855
0.849
0.796
0.822
0.804
0.902
0.863
0.820
0.872
0.830
0.776
0.768
0.863
0.840
0.907
0.911
0.820
0.828
0.790
0.793
0.741
0.791
0.865
0.761
0.762
0.725
0.692
0.719
0.776
0.755
0.743
0.791
0.826
0.812
0.855
0.692
0.826
0.707
0.797
0.742
0.743
0.763
0.801
0.723
0.692
0.688
0.732
0.701
0.756
0.829
0.706
0.762
0.828
0.814
0.766
0.796
0.870
0.883
0.877
0.846
0.871
0.847
0.822
0.811
0.792
0.825
0.797
0.721
0.779
0.816
0.783
0.824
0.855
0.847
0.840
0.939
0.916
0.786
0.770
0.788
0.820
0.789
0.867
0.910
0.938
0.941
0.822
0.787
0.886
0.954
0.909
0.857
0.804
0.810
0.927
0.958
0.876
0.833
0.920
0.942
0.897
0.888
0.905
0.881
0.931
0.939
0.815
0.940
0.782
0.854
0.879
0.847
0.934
0.933
0.900
0.848
0.920
0.883
0.847
0.858
0.830
0.898
0.836
0.968
0.868
0.963
0.858
0.923
0.975
0.852
0.865
0.952
0.865
0.920
0.858
0.937
0.842
0.870
0.931
0.876
0.870
0.930
0.969
0.847
0.950
0.932
0.928
0.843
0.871
0.877
0.883
0.814
0.855
0.895
0.882
0.892
0.870
0.892
0.911
0.885
0.933
0.788
0.906
0.884
0.853
0.921
0.868
0.860
0.881
0.887
0.855
0.899
0.908
0.913
0.892
0.917
0.893
0.920
0.893
0.839
0.896
0.857
0.894
0.879
0.900
0.881
0.880
0.847
0.890
0.818
0.850
0.782
0.810
0.886
0.907
0.888
0.798
0.864
0.880
0.915
0.903
0.841
0.893
0.835
0.851
0.872
0.937
0.848
0.887
0.862
0.842
0.870
0.830
0.815
0.800
0.812
0.868
0.912
0.898
0.874
0.865
0.943
0.952
0.876
0.884
0.918
0.879
0.857
0.824
0.899
0.914
0.960
0.852
0.913
0.890
0.921
0.838
0.892
0.825
0.808
0.874
0.891
0.952
0.815
0.934
0.854
0.893
0.871
0.920
0.860
0.876
0.852
0.924
0.916
0.921
0.935
0.847
0.934
0.843
0.971
0.901
0.905
0.929
0.777
0.871
0.951
0.908
0.881
0.898
0.888
0.973
0.933
0.925
0.918
0.973
0.835
0.899
0.930
0.935
0.876
0.896
0.904
0.906
0.884
0.863
0.898
0.879
0.886
0.827
0.874
0.968
0.908
0.964
0.942
0.942
0.945
0.897
0.938
0.952
0.906
0.886
0.947
0.912
0.912
0.941
0.889
0.964
0.946
0.941
0.913
0.882
0.875
0.858
0.953
0.958
0.915
0.893
0.886
0.845
0.830
0.854
0.888
0.898
0.866
0.946
0.876
0.842
0.903
0.805
0.791
0.874
0.881
0.874
0.829
0.778
0.772
0.749
0.743
0.736
0.721
0.751
0.774
0.761
0.760
0.843
0.895
0.875
0.866
0.862
0.859
0.900
0.866
0.858
0.877
0.835
0.839
0.765
0.788
0.753
0.831
0.816
0.816
0.787
0.801
0.796
0.780
0.755
0.710
0.712
0.727
0.731
0.725
0.737
0.738
0.732
0.718
0.695
0.664
0.695
0.712
0.670
0.714
0.686
0.661
0.761
0.896
0.924
0.932
0.920
0.926
0.904
0.902
0.826
0.732
0.668
0.796
0.661
0.644
0.719
0.749
0.741
0.746
0.782
0.797
0.835
0.833
0.825
0.745
0.775
0.757
0.855
0.786
0.782
0.906
0.921
0.921
0.824
0.875
0.756
0.829
0.745
0.731
0.711
0.708
0.702
0.708
0.706
0.664
0.698
0.785
0.782
0.780
0.733
0.713
0.733
0.735
0.775
0.721
0.699
0.794
0.825
0.845
0.869
0.847
0.863
0.858
0.870
0.939
0.859
0.837
0.830
0.891
0.856
0.819
0.880
0.959
0.860
0.878
0.760
0.855
0.853
0.882
0.890
0.923
0.914
0.924
0.969
0.906
0.871
0.918
0.902
0.974
0.880
0.892
0.950
0.881
0.866
0.972
0.825
0.903
0.902
0.963
0.977
0.980
0.912
0.903
0.932
0.852
0.935
0.841
0.929
0.895
0.891
0.895
0.877
0.978
0.941
0.869
0.876
0.935
0.878
0.949
0.916
0.899
0.889
0.877
0.855
0.877
0.865
0.954
0.848
0.898
0.964
0.967
0.908
0.923
0.949
0.951
0.903
0.939
0.948
0.883
0.932
0.912
0.920
0.915
0.946
0.907
0.925
0.925
0.873
0.840
0.958
0.946
0.908
0.891
0.860
0.932
0.882
0.905
0.862
0.855
0.861
0.857
0.837
0.839
0.870
0.866
0.876
0.859
0.878
0.887
0.861
0.893
0.910
0.885
0.875
0.909
0.861
0.872
0.784
0.836
0.890
0.888
0.888
0.914
0.868
0.896
0.862
0.901
0.788
0.766
0.794
0.876
0.928
0.879
0.872
0.834
0.838
0.835
0.868
0.810
0.840
0.822
0.878
0.873
0.845
0.798
0.800
0.874
0.856
0.902
0.883
0.868
0.862
0.868
0.875
0.823
0.809
0.811
0.799
0.867
0.884
0.964
0.907
0.869
0.899
0.931
0.908
0.925
0.952
0.847
0.823
0.967
0.936
0.916
0.905
0.910
0.913
0.896
0.962
0.929
0.904
0.895
0.932
0.882
0.916
0.889
0.971
0.835
0.789
0.939
0.852
0.922
0.983
0.897
0.870
0.819
0.795
0.910
0.872
0.902
0.931
0.943
0.850
0.903
0.929
0.983
0.893
0.946
0.926
0.882
0.949
0.879
0.874
0.942
0.965
0.919
0.967
0.973
0.847
0.921
0.882
0.893
0.919
0.909
0.874
0.875
0.900
0.912
0.862
0.952
0.963
0.925
0.961
0.924
0.927
0.931
0.901
0.861
0.941
0.955
0.930
0.953
0.826
0.807
0.828
0.899
0.840
0.887
0.877
0.803
0.811
0.906
0.844
0.894
0.876
0.892
0.900
0.804
0.788
0.790
0.785
0.772
0.814
0.865
0.889
0.909
0.867
0.732
0.768
0.763
0.834
0.923
0.956
0.945
0.958
0.883
0.798
0.757
0.777
0.761
0.708
0.747
0.782
0.736
0.717
0.733
0.710
0.749
0.747
0.748
0.746
0.727
0.744
0.708
0.714
0.706
0.705
0.799
0.791
0.922
0.807
0.726
0.733
0.694
0.781
0.776
0.902
0.878
0.827
0.864
0.692
0.855
0.693
0.744
0.720
0.738
0.715
0.712
0.680
0.729
0.698
0.696
0.730
0.675
0.721
0.767
0.790
0.707
0.700
0.679
0.679
0.695
0.737
0.815
0.749
0.744
0.738
0.708
0.756
0.734
0.772
0.800
0.779
0.793
0.684
0.691
0.715
0.760
0.719
0.728
0.687
0.726
0.751
0.706
0.704
0.731
0.715
0.806
0.787
0.746
0.767
0.717
0.744
0.690
0.750
0.726
0.749
0.745
0.753
0.810
0.751
0.826
0.681
0.807
0.800
0.883
0.944
0.881
0.795
0.739
0.769
0.859
0.957
0.967
0.893
0.847
0.920
0.802
0.872
0.951
0.928
0.852
0.929
0.858
0.865
0.882
0.927
0.750
0.805
0.823
0.838
0.866
0.914
0.955
0.952
0.971
0.837
0.864
0.786
0.913
0.899
0.835
0.866
0.869
0.927
0.924
0.959
0.874
0.739
0.819
0.889
0.920
0.951
0.887
0.864
0.835
0.879
0.833
0.927
0.938
0.845
0.858
0.860
0.863
0.769
0.863
0.843
0.897
0.910
0.872
0.871
0.800
0.839
0.882
0.874
0.851
0.873
0.922
0.864
0.794
0.870
0.816
0.801
0.791
0.803
0.827
0.872
0.815
0.842
0.834
0.892
0.883
0.895
0.902
0.871
0.909
0.852
0.804
0.869
0.796
0.849
0.884
0.788
0.823
0.808
0.876
0.877
0.903
0.907
0.882
0.883
0.858
0.789
0.843
0.795
0.845
0.855
0.860
0.888
0.874
0.872
0.849
0.845
0.854
0.852
0.893
0.800
0.946
0.821
0.881
0.903
0.862
0.796
0.844
0.753
0.851
0.883
0.860
0.869
0.932
0.863
0.857
0.824
0.884
0.863
0.896
0.931
0.890
0.873
0.843
0.880
0.863
0.875
0.877
0.870
0.912
0.876
0.903
0.887
0.937
0.946
0.921
0.901
0.962
0.903
0.860
0.864
0.924
0.907
0.926
0.826
0.942
0.922
0.954
0.893
0.899
0.890
0.878
0.909
0.870
0.863
0.876
0.811
0.761
0.871
0.801
0.833
0.877
0.892
0.903
0.929
0.917
0.876
0.893
0.816
0.894
0.921
0.916
0.954
0.903
0.896
0.921
0.862
0.912
0.834
0.920
0.927
0.885
0.839
0.962
0.911
0.912
0.915
0.912
0.908
0.906
0.914
0.930
0.926
0.939
0.916
0.933
0.948
0.951
0.964
0.939
0.956
0.910
0.899
0.856
0.895
0.937
0.965
0.956
0.911
0.854
0.902
0.761
0.805
0.904
0.873
0.893
0.930
0.942
0.832
0.950
0.918
0.917
0.943
0.952
0.856
0.773
0.771
0.764
0.769
0.773
0.796
0.814
0.867
0.873
0.839
0.798
0.863
0.771
0.896
0.805
0.846
0.877
0.877
0.888
0.855
0.801
0.830
0.884
0.843
0.814
0.827
0.855
0.878
0.827
0.954
0.922
0.841
0.834
0.740
0.757
0.756
0.800
0.781
0.847
0.950
0.959
0.907
0.894
0.792
0.777
0.796
0.770
0.763
0.768
0.868
0.848
0.868
0.881
0.788
0.794
0.808
0.776
0.761
0.683
0.697
0.710
0.710
0.667
0.683
0.674
0.694
0.708
0.737
0.781
0.702
0.729
0.788
0.777
0.748
0.743
0.723
0.786
0.804
0.733
0.735
0.723
0.784
0.788
0.740
0.790
0.846
0.822
0.800
0.836
0.901
0.947
0.888
0.907
0.909
0.955
0.936
0.927
0.788
0.877
0.837
0.865
0.888
0.817
0.846
0.827
0.876
0.864
0.861
0.855
0.862
0.856
0.872
0.878
0.938
0.939
0.848
0.921
0.844
0.870
0.817
0.815
0.766
0.756
0.809
0.894
0.919
0.918
0.925
0.871
0.933
0.917
0.847
0.860
0.917
0.933
0.978
0.827
0.911
0.878
0.841
0.961
0.917
0.940
0.893
0.856
0.907
0.975
0.958
0.916
0.860
0.862
0.939
0.971
0.940
0.856
0.929
0.913
0.915
0.971
0.862
0.898
0.973
0.782
0.847
0.934
0.867
0.896
0.878
0.890
0.910
0.872
0.867
0.891
0.902
0.877
0.863
0.917
0.947
0.873
0.953
0.831
0.872
0.900
0.885
0.910
0.898
0.902
0.917
0.884
0.921
0.948
0.887
0.892
0.932
0.872
0.955
0.831
0.879
0.892
0.936
0.873
0.875
0.841
0.873
0.855
0.872
0.881
0.882
0.869
0.903
0.891
0.821
0.873
0.866
0.912
0.868
0.901
0.933
0.812
0.875
0.891
0.881
0.879
0.838
0.853
0.742
0.806
0.827
0.761
0.777
0.812
0.813
0.855
0.860
0.908
0.928
0.840
0.903
0.883
0.925
0.930
0.897
0.909
0.802
0.891
0.824
0.874
0.888
0.850
0.845
0.882
0.903
0.901
0.837
0.840
0.949
0.882
0.910
0.894
0.885
0.941
0.915
0.954
0.954
0.916
0.906
0.891
0.893
0.875
0.836
0.913
0.904
0.966
0.848
0.974
0.959
0.909
0.891
0.937
0.899
0.864
0.945
0.902
0.975
0.957
0.850
0.877
0.956
0.977
0.903
0.910
0.915
0.930
0.937
0.903
0.923
0.945
0.919
0.908
0.885
0.941
0.929
0.848
0.929
0.861
0.933
0.936
0.922
0.924
0.907
0.948
0.907
0.906
0.963
0.928
0.945
0.923
0.938
0.879
0.957
0.933
0.868
0.835
0.903
0.917
0.895
0.932
0.813
0.888
0.937
0.942
0.931
0.899
0.855
0.855
0.891
0.918
0.855
0.894
0.909
0.864
0.943
0.933
0.949
0.970
0.953
0.863
0.900
0.868
0.899
0.939
0.904
0.888
0.871
0.879
0.892
0.943
0.973
0.946
0.929
0.928
0.940
0.882
0.949
0.960
0.934
0.910
0.902
0.851
0.866
0.863
0.857
0.788
0.787
0.790
0.775
0.767
0.736
0.758
0.763
0.848
0.938
0.948
0.779
0.861
0.822
0.898
0.866
0.775
0.746
0.718
0.941
0.899
0.867
0.861
0.879
0.778
0.747
0.751
0.745
0.723
0.707
0.730
0.771
0.799
0.747
0.708
0.690
0.711
0.721
0.708
0.756
0.711
0.821
0.845
0.786
0.717
0.718
0.707
0.702
0.766
0.731
0.898
0.862
0.752
0.843
0.919
0.816
0.877
0.795
0.757
0.714
0.750
0.814
0.806
0.776
0.813
0.868
0.810
0.844
0.780
0.816
0.788
0.709
0.729
0.716
0.884
0.848
0.811
0.697
0.812
0.749
0.804
0.760
0.890
0.963
0.936
0.914
0.925
0.939
0.901
0.847
0.878
0.897
0.909
0.900
0.894
0.842
0.912
0.962
0.939
0.925
0.846
0.830
0.883
0.926
0.861
0.860
0.794
0.834
0.913
0.964
0.907
0.934
0.941
0.925
0.901
0.921
0.919
0.909
0.870
0.952
0.954
0.887
0.857
0.886
0.957
0.898
0.873
0.884
0.924
0.861
0.881
0.863
0.863
0.903
0.907
0.958
0.830
0.976
0.804
0.867
0.908
0.847
0.919
0.887
0.881
0.882
0.929
0.964
0.890
0.868
0.917
0.866
0.948
0.871
0.919
0.862
0.929
0.940
0.934
0.924
0.981
0.870
0.911
0.857
0.896
0.895
0.871
0.883
0.859
0.874
0.917
0.894
0.913
0.926
0.875
0.915
0.899
0.974
0.853
0.915
0.871
0.869
0.907
0.868
0.897
0.857
0.932
0.881
0.900
0.913
0.940
0.846
0.961
0.932
0.843
0.942
0.846
0.805
0.830
0.833
0.862
0.802
0.804
0.914
0.860
0.863
0.880
0.906
0.896
0.875
0.905
0.887
0.886
0.884
0.919
0.928
0.895
0.882
0.940
0.906
0.863
0.861
0.812
0.901
0.909
0.907
0.890
0.879
0.928
0.772
0.869
0.889
0.898
0.929
0.821
0.883
0.898
0.892
0.905
0.836
0.909
0.942
0.853
0.896
0.780
0.853
0.857
0.899
0.873
0.875
0.870
0.918
0.891
0.888
0.858
0.858
0.857
0.834
0.904
0.892
0.915
0.894
0.898
0.889
0.860
0.909
0.891
0.879
0.910
0.915
0.886
0.888
0.954
0.897
0.945
0.947
0.934
0.981
0.872
0.915
0.934
0.936
0.886
0.776
0.885
0.922
0.939
0.955
0.873
0.946
0.957
0.951
0.960
0.974
0.848
0.936
0.949
0.909
0.857
0.899
0.854
0.890
0.982
0.847
0.928
0.966
0.944
0.920
0.910
0.893
0.872
0.897
0.949
0.920
0.977
0.919
0.877
0.879
0.913
0.871
0.865
0.926
0.900
0.946
0.933
0.960
0.895
0.892
0.931
0.911
0.953
0.981
0.900
0.913
0.874
0.952
0.917
0.976
0.868
0.877
0.886
0.898
0.951
0.908
0.896
0.895
0.887
0.908
0.920
0.902
0.908
0.859
0.872
0.879
0.841
0.802
0.837
0.802
0.871
0.847
0.874
0.866
0.903
0.914
0.878
0.840
0.925
0.802
0.740
0.754
0.741
0.762
0.760
0.764
0.758
0.749
0.742
0.729
0.730
0.732
0.909
0.715
0.706
0.725
0.822
0.756
0.755
0.777
0.867
0.963
0.851
0.853
0.822
0.854
0.789
0.734
0.707
0.711
0.704
0.669
0.781
0.801
0.760
0.776
0.771
0.780
0.748
0.743
0.743
0.729
0.736
0.719
0.695
0.634
0.689
0.685
0.694
0.675
0.620
0.681
0.697
0.667
0.692
0.728
0.738
0.846
0.927
0.777
0.730
0.765
0.813
0.803
0.717
0.703
0.753
0.734
0.803
0.786
0.800
0.859
0.677
0.719
0.769
0.718
0.764
0.777
0.748
0.718
0.923
0.822
0.783
0.707
0.694
0.664
0.637
0.694
0.855
0.967
0.852
0.842
0.712
0.859
0.806
0.903
0.863
0.963
0.869
0.830
0.891
0.875
0.819
0.869
0.838
0.835
0.817
0.727
0.775
0.889
0.815
0.857
0.915
0.940
0.880
0.871
0.933
0.846
0.909
0.914
0.904
0.887
0.891
0.893
0.974
0.901
0.868
0.840
0.935
0.888
0.792
0.803
0.831
0.880
0.868
0.838
0.913
0.914
0.918
0.926
0.974
0.902
0.835
0.938
0.897
0.935
0.922
0.885
0.873
0.873
0.936
0.860
0.869
0.927
0.884
0.945
0.863
0.910
0.901
0.908
0.927
0.922
0.865
0.806
0.854
0.904
0.913
0.828
0.966
0.877
0.858
0.909
0.921
0.924
0.929
0.932
0.905
0.863
0.890
0.914
0.864
0.901
0.894
0.909
0.873
0.928
0.915
0.929
0.899
0.917
0.827
0.883
0.924
0.876
0.887
0.873
0.891
0.900
0.923
0.935
0.846
0.884
0.842
0.889
0.872
0.909
0.981
0.868
0.895
0.954
0.943
0.869
0.789
0.890
0.975
0.889
0.907
0.922
0.963
0.941
0.833
0.892
0.882
0.920
0.901
0.829
0.903
0.909
0.913
0.937
0.942
0.931
0.945
0.837
0.905
0.802
0.905
0.954
0.918
0.932
0.860
0.939
0.974
0.858
0.945
0.909
0.900
0.910
0.812
0.867
0.820
0.949
0.913
0.922
0.968
0.902
0.902
0.842
0.900
0.871
0.860
0.980
0.878
0.962
0.922
0.925
0.935
0.796
0.979
0.908
0.855
0.939
0.898
0.955
0.927
0.879
0.864
0.963
0.898
0.940
0.962
0.919
0.896
0.864
0.844
0.940
0.917
0.818
0.820
0.866
0.931
0.864
0.928
0.838
0.891
0.940
0.919
0.934
0.940
0.969
0.868
0.862
0.980
0.928
0.915
0.865
0.899
0.919
0.981
0.906
0.926
0.931
0.911
0.921
0.844
0.900
0.948
0.911
0.803
0.897
0.874
0.918
0.950
0.927
0.916
0.880
0.900
0.902
0.858
0.898
0.874
0.803
0.875
0.910
0.909
0.889
0.881
0.903
0.933
0.968
0.968
0.869
0.902
0.946
0.895
0.854
0.928
0.949
0.957
0.872
0.873
0.935
0.906
0.892
0.934
0.938
0.970
0.934
0.900
0.953
0.902
0.903
0.878
0.889
0.905
0.881
0.913
0.858
0.918
0.862
0.869
0.875
0.918
0.893
0.923
0.875
0.925
0.896
0.864
0.920
0.951
0.948
0.932
0.888
0.894
0.890
0.812
0.835
0.862
0.827
0.845
0.869
0.779
0.775
0.756
0.718
0.745
0.785
0.785
0.805
0.745
0.824
0.866
0.845
0.849
0.781
0.838
0.932
0.956
0.918
0.888
0.878
0.900
0.843
0.949
0.893
0.942
0.925
0.803
0.860
0.862
0.855
0.833
0.790
0.758
0.905
0.878
0.892
0.935
0.965
0.882
0.941
0.874
0.821
0.888
0.861
0.841
0.817
0.859
0.960
0.966
0.942
0.901
0.923
0.867
0.833
0.845
0.891
0.940
0.885
0.880
0.835
0.880
0.810
0.907
0.850
0.853
0.882
0.867
0.921
0.937
0.942
0.911
0.905
0.937
0.864
0.885
0.969
0.871
0.920
0.944
0.901
0.844
0.819
0.835
0.830
0.905
0.901
0.859
0.847
0.794
0.897
0.847
0.944
0.829
0.936
0.859
0.925
0.853
0.878
0.905
0.877
0.970
0.793
0.954
0.879
0.895
0.881
0.891
0.936
0.975
0.958
0.970
0.880
0.906
0.892
0.885
0.968
0.853
0.876
0.884
0.876
0.944
0.942
0.910
0.931
0.946
0.890
0.977
0.873
0.920
0.961
0.940
0.907
0.910
0.829
0.879
0.892
0.854
0.870
0.887
0.907
0.902
0.909
0.893
0.842
0.902
0.941
0.936
0.839
0.885
0.856
0.863
0.913
0.895
0.837
0.933
0.893
0.858
0.884
0.917
0.931
0.921
0.890
0.909
0.938
0.916
0.803
0.850
0.863
0.919
0.820
0.840
0.915
0.865
0.891
0.854
0.834
0.891
0.907
0.861
0.895
0.908
0.910
0.896
0.933
0.927
0.890
0.945
0.922
0.900
0.885
0.896
0.903
0.869
0.888
0.915
0.896
0.891
0.906
0.925
0.889
0.910
0.911
0.904
0.910
0.880
0.878
0.914
0.818
0.896
0.969
0.847
0.937
0.918
0.918
0.921
0.941
0.943
0.947
0.908
0.966
0.910
0.920
0.943
0.923
0.920
0.948
0.950
0.863
0.867
0.918
0.958
0.933
0.868
0.887
0.890
0.903
0.883
0.892
0.910
0.960
0.888
0.918
0.846
0.920
0.962
0.884
0.950
0.917
0.842
0.917
0.891
0.913
0.912
0.908
0.870
0.924
0.946
0.899
0.910
0.936
0.914
0.937
0.847
0.809
0.891
0.921
0.835
0.843
0.920
0.897
0.922
0.895
0.887
0.921
0.911
0.931
0.864
0.878
0.866
0.905
0.883
0.906
0.943
0.907
0.882
0.911
0.897
0.877
0.910
0.931
0.881
0.874
0.953
0.924
0.879
0.891
0.860
0.827
0.741
0.739
0.745
0.719
0.706
0.729
0.728
0.853
0.909
0.928
0.940
0.934
0.925
0.914
0.926
0.896
0.890
0.879
0.871
0.861
0.886
0.919
0.939
0.917
0.873
0.935
0.974
0.859
0.938
0.904
0.893
0.885
0.860
0.877
0.824
0.774
0.777
0.771
0.841
0.815
0.789
0.733
0.761
0.709
0.812
0.845
0.878
0.800
0.746
0.775
0.828
0.799
0.848
0.933
0.844
0.937
0.742
0.786
0.862
0.836
0.875
0.852
0.886
0.828
0.812
0.802
0.902
0.771
0.884
0.859
0.796
0.758
0.788
0.789
0.878
0.837
0.868
0.907
0.960
0.900
0.896
0.770
0.803
0.873
0.843
0.854
0.916
0.884
0.857
0.900
0.917
0.886
0.774
0.769
0.783
0.783
0.751
0.836
0.842
0.821
0.749
0.845
0.783
0.892
0.820
0.700
0.697
0.701
0.694
0.700
0.692
0.711
0.714
0.713
0.747
0.754
0.731
0.736
0.741
0.758
0.707
0.729
0.706
0.692
0.709
0.728
0.732
0.726
0.799
0.845
0.722
0.842
0.700
0.749
0.772
0.718
0.703
0.726
0.752
0.847
0.803
0.812
0.819
0.789
0.679
0.717
0.757
0.735
0.832
0.844
0.964
0.911
0.925
0.961
0.955
0.968
0.949
0.904
0.948
0.919
0.900
0.817
0.842
0.812
0.870
0.812
0.858
0.874
0.888
0.896
0.882
0.766
0.890
0.907
0.943
0.910
0.818
0.902
0.853
0.870
0.850
0.828
0.768
0.842
0.845
0.857
0.891
0.872
0.924
0.875
0.892
0.830
0.884
0.890
0.902
0.971
0.831
0.845
0.837
0.867
0.813
0.864
0.841
0.913
0.817
0.810
0.861
0.843
0.834
0.932
0.874
0.860
0.836
0.882
0.883
0.906
0.862
0.877
0.858
0.913
0.916
0.959
0.853
0.967
0.768
0.805
0.788
0.726
0.780
0.762
0.793
0.787
0.886
0.900
0.803
0.864
0.860
0.871
0.883
0.811
0.849
0.863
0.871
0.861
0.794
0.822
0.751
0.700
0.736
0.773
0.786
0.839
0.929
0.894
0.846
0.896
0.835
0.876
0.856
0.880
0.870
0.842
0.799
0.819
0.757
0.821
0.782
0.862
0.873
0.867
0.773
0.801
0.803
0.856
0.879
0.881
0.797
0.913
0.859
0.862
0.863
0.883
0.835
0.798
0.901
0.830
0.871
0.838
0.894
0.909
0.892
0.873
0.865
0.912
0.879
0.884
0.806
0.854
0.829
0.880
0.847
0.841
0.841
0.798
0.865
0.921
0.948
0.832
0.920
0.969
0.917
0.869
0.885
0.821
0.888
0.969
0.831
0.878
0.977
0.942
0.827
0.928
0.842
0.848
0.899
0.967
0.977
0.883
0.852
0.836
0.825
0.773
0.838
0.959
0.887
0.837
0.934
0.963
0.925
0.959
0.841
0.867
0.926
0.935
0.893
0.882
0.813
0.825
0.875
0.848
0.911
0.857
0.855
0.917
0.940
0.975
0.949
0.895
0.932
0.861
0.824
0.877
0.870
0.818
0.813
0.840
0.842
0.815
0.792
0.847
0.880
0.864
0.810
0.882
0.896
0.763
0.863
0.874
0.890
0.916
0.886
0.872
0.862
0.882
0.852
0.854
0.875
0.916
0.807
0.767
0.785
0.881
0.859
0.717
0.732
0.863
0.781
0.708
0.774
0.737
0.725
0.709
0.729
0.733
0.708
0.732
0.809
0.925
0.700
0.672
0.642
0.692
0.712
0.705
0.748
0.883
0.858
0.807
0.728
0.761
0.784
0.758
0.763
0.780
0.864
0.800
0.731
0.692
0.721
0.701
0.737
0.722
0.739
0.803
0.661
0.698
0.820
0.789
0.757
0.741
0.703
0.692
0.814
0.909
0.775
0.662
0.673
0.914
0.737
0.705
0.777
0.804
0.944
0.850
0.721
0.688
0.771
0.759
0.731
0.774
0.818
0.867
0.721
0.757
0.752
0.681
0.695
0.726
0.788
0.752
0.744
0.717
0.794
0.713
0.772
0.854
0.883
0.916
0.775
0.710
0.704
0.685
0.704
0.830
0.728
0.708
0.669
0.666
0.717
0.664
0.827
0.934
0.859
0.816
0.789
0.831
0.869
0.814
0.694
0.673
0.728
0.659
0.720
0.700
0.705
0.758
0.756
0.838
0.865
0.734
0.786
0.899
0.905
0.798
0.818
0.757
0.769
0.811
0.772
0.861
0.964
0.839
0.884
0.964
0.954
0.879
0.861
0.834
0.916
0.856
0.899
0.948
0.929
0.871
0.775
0.828
0.764
0.738
0.827
0.901
0.858
0.884
0.876
0.861
0.969
0.969
0.872
0.805
0.838
0.958
0.889
0.967
0.813
0.905
0.949
0.936
0.830
0.883
0.832
0.861
0.944
0.862
0.964
0.946
0.826
0.861
0.927
0.892
0.903
0.877
0.861
0.836
0.845
0.923
0.859
0.887
0.879
0.844
0.917
0.866
0.878
0.907
0.873
0.822
0.868
0.875
0.859
0.893
0.855
0.846
0.868
0.820
0.866
0.955
0.808
0.893
0.933
0.952
0.899
0.918
0.900
0.921
0.903
0.947
0.879
0.901
0.908
0.905
0.953
0.852
0.856
0.869
0.936
0.877
0.952
0.859
0.935
0.884
0.899
0.924
0.895
0.903
0.896
0.872
0.808
0.854
0.875
0.852
0.911
0.927
0.927
0.812
0.846
0.889
0.908
0.927
0.887
0.877
0.887
0.898
0.861
0.855
0.848
0.929
0.923
0.919
0.822
0.857
0.943
0.887
0.901
0.911
0.881
0.914
0.930
0.886
0.893
0.877
0.871
0.921
0.811
0.915
0.909
0.861
0.846
0.865
0.915
0.844
0.888
0.872
0.934
0.935
0.844
0.876
0.952
0.941
0.966
0.969
0.957
0.875
0.884
0.930
0.897
0.907
0.897
0.878
0.890
0.899
0.907
0.927
0.945
0.897
0.890
0.891
0.895
0.909
0.906
0.915
0.879
0.963
0.836
0.841
0.846
0.826
0.883
0.802
0.792
0.794
0.821
0.803
0.837
0.886
0.960
0.911
0.844
0.876
0.903
0.875
0.908
0.828
0.830
0.882
0.863
0.899
0.923
0.886
0.874
0.933
0.887
0.888
0.901
0.910
0.979
0.877
0.907
0.918
0.880
0.865
0.852
0.902
0.875
0.860
0.844
0.863
0.872
0.790
0.828
0.848
0.913
0.951
0.805
0.790
0.796
0.901
0.913
0.924
0.921
0.882
0.940
0.926
0.903
0.894
0.883
0.892
0.950
0.816
0.832
0.896
0.867
0.863
0.880
0.923
0.948
0.899
0.933
0.898
0.966
0.837
0.845
0.845
0.818
0.789
0.768
0.827
0.903
0.815
0.812
0.765
0.808
0.864
0.779
0.861
0.867
0.802
0.793
0.857
0.903
0.924
0.877
0.824
0.831
0.813
0.750
0.763
0.816
0.872
0.850
0.780
0.860
0.869
0.885
0.840
0.805
0.768
0.879
0.855
0.878
0.932
0.953
0.976
0.864
0.894
0.847
0.921
0.862
0.966
0.926
0.931
0.941
0.897
0.825
0.919
0.848
0.860
0.895
0.835
0.902
0.931
0.845
0.800
0.839
0.815
0.806
0.767
0.770
0.831
0.903
0.888
0.789
0.840
0.885
0.815
0.894
0.897
0.883
0.910
0.858
0.890
0.851
0.959
0.938
0.959
0.869
0.835
0.880
0.918
0.936
0.952
0.943
0.925
0.927
0.936
0.910
0.931
0.924
0.930
0.950
0.933
0.885
0.876
0.907
0.850
0.847
0.833
0.883
0.918
0.915
0.934
0.913
0.876
0.903
0.902
0.886
0.908
0.916
0.914
0.957
0.889
0.879
0.971
0.930
0.916
0.912
0.892
0.850
0.935
0.910
0.978
0.896
0.940
0.892
0.917
0.915
0.947
0.903
0.901
0.941
0.928
0.863
0.832
0.880
0.888
0.872
0.940
0.964
0.938
0.878
0.890
0.881
0.893
0.853
0.956
0.847
0.922
0.945
0.968
0.884
0.930
0.896
0.920
0.898
0.874
0.929
0.896
0.852
0.947
0.941
0.919
0.947
0.905
0.906
0.952
0.872
0.868
0.902
0.868
0.857
0.882
0.937
0.843
0.925
0.919
0.891
0.889
0.863
0.947
0.879
0.845
0.879
0.877
0.890
0.854
0.885
0.867
0.929
0.868
0.878
0.911
0.886
0.891
0.870
0.887
0.842
0.876
0.888
0.836
0.891
0.938
0.875
0.847
0.958
0.901
0.907
0.851
0.884
0.922
0.830
0.903
0.904
0.866
0.792
0.819
0.919
0.891
0.815
0.883
0.963
0.898
0.877
0.870
0.867
0.868
0.822
0.918
0.855
0.869
0.861
0.919
0.776
0.867
0.883
0.751
0.882
0.892
0.858
0.859
0.884
0.929
0.855
0.854
0.866
0.933
0.866
0.938
0.856
0.950
0.939
0.918
0.876
0.801
0.818
0.900
0.858
0.867
0.917
0.884
0.876
0.864
0.895
0.940
0.975
0.790
0.950
0.797
0.843
0.896
0.962
0.916
0.934
0.920
0.914
0.969
0.962
0.856
0.929
0.869
0.933
0.835
0.887
0.884
0.900
0.887
0.904
0.871
0.889
0.804
0.929
0.885
0.956
0.916
0.954
0.898
0.964
0.902
0.870
0.765
0.861
0.922
0.935
0.937
0.909
0.886
0.807
0.906
0.931
0.919
0.873
0.835
0.871
0.778
0.916
0.928
0.883
0.835
0.819
0.938
0.942
0.971
0.914
0.894
0.832
0.878
0.915
0.919
0.906
0.897
0.909
0.949
0.891
0.910
0.891
0.903
0.912
0.939
0.923
0.927
0.889
0.935
0.910
0.870
0.911
0.868
0.954
0.894
0.799
0.826
0.918
0.928
0.963
0.908
0.874
0.843
0.976
0.958
0.928
0.865
0.880
0.917
0.869
0.848
0.835
0.787
0.776
0.729
0.683
0.742
0.766
0.757
0.771
0.791
0.762
0.733
0.787
0.916
0.780
0.773
0.733
0.706
0.779
0.829
0.974
0.928
0.888
0.915
0.914
0.849
0.820
0.746
0.813
0.832
0.782
0.688
0.700
0.718
0.737
0.734
0.739
0.765
0.749
0.757
0.765
0.869
0.900
0.929
0.927
0.845
0.927
0.949
0.807
0.752
0.816
0.819
0.892
0.880
0.829
0.886
0.885
0.742
0.736
0.723
0.789
0.766
0.756
0.737
0.840
0.809
0.813
0.734
0.759
0.742
0.658
0.659
0.737
0.666
0.705
0.650
0.675
0.768
0.837
0.873
0.791
0.733
0.841
0.950
0.734
0.782
0.906
0.768
0.770
0.714
0.747
0.891
0.845
0.757
0.706
0.813
0.911
0.879
0.952
0.877
0.883
0.965
0.858
0.916
0.810
0.939
0.831
0.816
0.890
0.884
0.832
0.864
0.933
0.926
0.897
0.752
0.821
0.919
0.839
0.882
0.863
0.861
0.938
0.867
0.844
0.852
0.916
0.907
0.871
0.914
0.940
0.922
0.843
0.856
0.894
0.862
0.883
0.877
0.937
0.937
0.889
0.869
0.856
0.845
0.858
0.933
0.861
0.922
0.881
0.895
0.867
0.861
0.862
0.920
0.869
0.878
0.896
0.927
0.918
0.881
0.866
0.916
0.888
0.884
0.906
0.742
0.868
0.876
0.897
0.836
0.908
0.887
0.853
0.832
0.802
0.834
0.812
0.864
0.858
0.809
0.847
0.793
0.890
0.816
0.815
0.801
0.894
0.852
0.866
0.861
0.875
0.870
0.783
0.872
0.876
0.860
0.836
0.910
0.907
0.836
0.897
0.831
0.813
0.944
0.913
0.909
0.834
0.831
0.930
0.914
0.860
0.820
0.734
0.856
0.816
0.879
0.872
0.825
0.777
0.832
0.800
0.879
0.828
0.806
0.852
0.932
0.839
0.895
0.862
0.863
0.863
0.902
0.873
0.911
0.946
0.891
0.882
0.788
0.910
0.939
0.970
0.869
0.937
0.944
0.901
0.912
0.934
0.914
0.918
0.865
0.837
0.910
0.916
0.868
0.813
0.940
0.967
0.820
0.926
0.955
0.919
0.940
0.894
0.821
0.903
0.885
0.949
0.925
0.877
0.881
0.923
0.864
0.958
0.865
0.914
0.898
0.827
0.910
0.922
0.906
0.887
0.891
0.936
0.890
0.884
0.957
0.978
0.968
0.910
0.927
0.955
0.953
0.878
0.863
0.943
0.893
0.853
0.932
0.855
0.950
0.902
0.852
0.842
0.872
0.980
0.836
0.835
0.971
0.849
0.896
0.933
0.914
0.926
0.910
0.805
0.782
0.818
0.835
0.880
0.872
0.914
0.917
0.937
0.916
0.909
0.931
0.938
0.933
0.961
0.900
0.929
0.923
0.920
0.949
0.849
0.886
0.806
0.801
0.782
0.779
0.892
0.844
0.852
0.863
0.849
0.828
0.863
0.802
0.841
0.871
0.869
0.845
0.900
0.940
0.911
0.902
0.887
0.846
0.798
0.877
0.763
0.781
0.796
0.818
0.837
0.819
0.737
0.758
0.823
0.722
0.726
0.770
0.918
0.846
0.894
0.901
0.875
0.864
0.890
0.782
0.812
0.743
0.721
0.720
0.726
0.696
0.718
0.726
0.698
0.720
0.696
0.715
0.718
0.721
0.689
0.641
0.662
0.666
0.709
0.715
0.714
0.682
0.659
0.721
0.723
0.662
0.681
0.708
0.712
0.677
0.725
0.782
0.787
0.784
0.741
0.757
0.795
0.912
0.907
0.955
0.946
0.922
0.903
0.877
0.936
0.826
0.773
0.765
0.794
0.768
0.792
0.730
0.709
0.749
0.896
0.928
0.932
0.951
0.939
0.880
0.828
0.838
0.870
0.852
0.860
0.871
0.851
0.767
0.822
0.765
0.861
0.946
0.942
0.877
0.787
0.860
0.847
0.931
0.893
0.967
0.885
0.854
0.795
0.955
0.906
0.838
0.775
0.793
0.752
0.812
0.901
0.868
0.860
0.895
0.888
0.900
0.875
0.958
0.960
0.950
0.907
0.900
0.750
0.767
0.847
0.919
0.898
0.874
0.803
0.954
0.920
0.831
0.940
0.883
0.840
0.939
0.889
0.879
0.927
0.882
0.875
0.931
0.828
0.915
0.858
0.947
0.933
0.972
0.774
0.867
0.895
0.882
0.889
0.856
0.875
0.860
0.882
0.886
0.913
0.885
0.893
0.904
0.866
0.881
0.884
0.827
0.930
0.814
0.870
0.899
0.840
0.742
0.765
0.825
0.871
0.836
0.936
0.889
0.879
0.906
0.885
0.850
0.892
0.883
0.920
0.898
0.972
0.910
0.902
0.877
0.832
0.874
0.877
0.922
0.920
0.904
0.893
0.944
0.872
0.893
0.921
0.912
0.772
0.883
0.847
0.889
0.794
0.857
0.874
0.857
0.891
0.894
0.919
0.876
0.917
0.805
0.826
0.836
0.813
0.905
0.922
0.900
0.928
0.858
0.940
0.865
0.889
0.851
0.960
0.822
0.879
0.898
0.835
0.883
0.868
0.886
0.882
0.867
0.875
0.891
0.796
0.943
0.897
0.895
0.881
0.904
0.891
0.910
0.953
0.969
0.876
0.967
0.876
0.882
0.854
0.819
0.847
0.883
0.899
0.929
0.853
0.914
0.863
0.938
0.977
0.883
0.911
0.972
0.822
0.916
0.892
0.860
0.961
0.856
0.959
0.837
0.936
0.905
0.830
0.887
0.902
0.980
0.976
0.937
0.933
0.948
0.896
0.912
0.976
0.893
0.958
0.813
0.842
0.931
0.926
0.950
0.860
0.856
0.868
0.779
0.793
0.741
0.791
0.865
0.932
0.942
0.937
0.909
0.922
0.922
0.956
0.925
0.944
0.904
0.902
0.926
0.952
0.918
0.890
0.929
0.884
0.912
0.950
0.925
0.919
0.957
0.937
0.857
0.874
0.870
0.863
0.892
0.899
0.954
0.953
0.922
0.933
0.881
0.870
0.881
0.936
0.914
0.930
0.848
0.952
0.964
0.958
0.929
0.910
0.942
0.890
0.925
0.907
0.930
0.960
0.931
0.936
0.904
0.913
0.808
0.906
0.894
0.906
0.896
0.862
0.854
0.905
0.956
0.943
0.870
0.794
0.856
0.864
0.879
0.893
0.900
0.826
0.816
0.777
0.796
0.916
0.861
0.865
0.818
0.886
0.789
0.722
0.726
0.744
0.748
0.869
0.819
0.821
0.869
0.903
0.797
0.768
0.910
0.880
0.805
0.861
0.862
0.771
0.748
0.721
0.728
0.725
0.839
0.766
0.776
0.727
0.704
0.679
0.714
0.740
0.810
0.818
0.735
0.629
0.692
0.728
0.720
0.782
0.812
0.757
0.697
0.728
0.737
0.757
0.793
0.757
0.758
0.802
0.802
0.841
0.839
0.791
0.903
0.854
0.906
0.920
0.909
0.867
0.857
0.794
0.839
0.907
0.894
0.808
0.778
0.880
0.840
0.945
0.901
0.930
0.929
0.909
0.939
0.844
0.862
0.893
0.874
0.820
0.788
0.794
0.822
0.869
0.954
0.876
0.869
0.879
0.934
0.913
0.953
0.944
0.934
0.958
0.870
0.882
0.913
0.895
0.882
0.868
0.871
0.881
0.922
0.903
0.881
0.908
0.832
0.795
0.851
0.801
0.813
0.917
0.834
0.889
0.908
0.928
0.944
0.866
0.975
0.800
0.928
0.943
0.873
0.732
0.648
0.745
0.843
0.862
0.893
0.924
0.974
0.878
0.893
0.836
0.850
0.821
0.885
0.962
0.830
0.901
0.889
0.959
0.939
0.846
0.882
0.865
0.839
0.892
0.820
0.786
0.772
0.833
0.790
0.862
0.907
0.874
0.866
0.833
0.829
0.856
0.800
0.880
0.918
0.894
0.873
0.822
0.853
0.898
0.912
0.867
0.904
0.906
0.831
0.879
0.877
0.911
0.888
0.925
0.881
0.890
0.884
0.794
0.880
0.811
0.882
0.863
0.802
0.854
0.816
0.847
0.886
0.878
0.867
0.812
0.884
0.846
0.894
0.821
0.826
0.856
0.865
0.891
0.864
0.828
0.773
0.734
0.800
0.874
0.847
0.840
0.840
0.865
0.840
0.928
0.922
0.908
0.904
0.928
0.910
0.874
0.915
0.892
0.941
0.883
0.897
0.920
0.867
0.853
0.854
0.885
0.885
0.923
0.793
0.934
0.903
0.909
0.908
0.884
0.843
0.894
0.850
0.862
0.852
0.965
0.862
0.893
0.848
0.976
0.888
0.931
0.892
0.865
0.868
0.869
0.829
0.870
0.879
0.844
0.907
0.888
0.976
0.836
0.858
0.896
0.898
0.904
0.942
0.899
0.889
0.885
0.924
0.944
0.903
0.961
0.802
0.915
0.926
0.813
0.825
0.851
0.950
0.891
0.921
0.915
0.892
0.890
0.888
0.841
0.901
0.833
0.928
0.891
0.879
0.929
0.810
0.878
0.896
0.921
0.888
0.928
0.904
0.976
0.916
0.967
0.924
0.864
0.871
0.859
0.887
0.883
0.918
0.843
0.888
0.792
0.805
0.874
0.917
0.829
0.874
0.884
0.867
0.851
0.769
0.834
0.973
0.954
0.961
0.806
0.762
0.952
0.961
0.849
0.902
0.866
0.863
0.852
0.886
0.874
0.876
0.786
0.750
0.704
0.763
0.754
0.692
0.801
0.809
0.762
0.817
0.866
0.840
0.759
0.760
0.774
0.736
0.794
0.794
0.729
0.719
0.715
0.764
0.728
0.659
0.666
0.841
0.900
0.704
0.758
0.814
0.732
0.693
0.686
0.809
0.866
0.738
0.674
0.723
0.716
0.735
0.715
0.721
0.813
0.836
0.894
0.898
0.773
0.721
0.749
0.819
0.760
0.919
0.894
0.846
0.819
0.736
0.853
0.837
0.870
0.797
0.864
0.843
0.766
0.831
0.860
0.761
0.754
0.723
0.726
0.729
0.723
0.746
0.718
0.786
0.796
0.797
0.856
0.878
0.782
0.766
0.802
0.875
0.806
0.779
0.797
0.760
0.746
0.771
0.737
0.771
0.798
0.903
0.918
0.773
0.693
0.731
0.778
0.818
0.859
0.866
0.891
0.921
0.764
0.803
0.902
0.967
0.788
0.961
0.836
0.818
0.816
0.791
0.937
0.943
0.920
0.945
0.958
0.927
0.818
0.860
0.827
0.852
0.867
0.827
0.875
0.906
0.943
0.837
0.835
0.852
0.909
0.968
0.846
0.875
0.969
0.841
0.862
0.860
0.921
0.900
0.957
0.956
0.947
0.946
0.954
0.847
0.879
0.973
0.878
0.859
0.896
0.888
0.816
0.862
0.915
0.880
0.973
0.768
0.881
0.889
0.850
0.873
0.871
0.908
0.891
0.920
0.826
0.919
0.963
0.826
0.972
0.877
0.956
0.817
0.864
0.814
0.929
0.896
0.879
0.872
0.847
0.890
0.916
0.904
0.846
0.813
0.866
0.889
0.940
0.857
0.897
0.883
0.892
0.805
0.895
0.877
0.863
0.847
0.848
0.869
0.778
0.751
0.824
0.819
0.915
0.867
0.856
0.869
0.919
0.906
0.836
0.893
0.895
0.896
0.855
0.928
0.848
0.851
0.818
0.920
0.875
0.862
0.866
0.894
0.884
0.848
0.870
0.858
0.867
0.862
0.894
0.873
0.876
0.886
0.874
0.901
0.895
0.919
0.864
0.877
0.880
0.878
0.848
0.882
0.896
0.913
0.891
0.878
0.865
0.826
0.896
0.865
0.893
0.947
0.952
0.868
0.841
0.886
0.884
0.874
0.798
0.847
0.942
0.899
0.860
0.963
0.834
0.873
0.970
0.823
0.915
0.943
0.948
0.862
0.863
0.970
0.892
0.880
0.848
0.879
0.902
0.790
0.847
0.941
0.890
0.908
0.870
0.950
0.911
0.877
0.853
0.917
0.857
0.927
0.908
0.915
0.980
0.862
0.878
0.954
0.925
0.891
0.974
0.883
0.852
0.875
0.838
0.842
0.864
0.878
0.959
0.942
0.906
0.894
0.828
0.871
0.897
0.882
0.866
0.850
0.952
0.931
0.958
0.886
0.871
0.849
0.969
0.871
0.951
0.898
0.893
0.979
0.844
0.930
0.909
0.977
0.917
0.891
0.913
0.916
0.854
0.844
0.894
0.892
0.941
0.881
0.927
0.944
0.842
0.916
0.915
0.928
0.898
0.950
0.897
0.874
0.908
0.846
0.879
0.907
0.868
0.836
0.933
0.957
0.958
0.878
0.836
0.728
0.737
0.770
0.751
0.751
0.766
0.774
0.853
0.882
0.954
0.945
0.965
0.934
0.797
0.807
0.887
0.873
0.868
0.865
0.760
0.856
0.815
0.825
0.937
0.732
0.722
0.738
0.777
0.768
0.711
0.734
0.776
0.728
0.746
0.781
0.781
0.716
0.708
0.696
0.680
0.674
0.690
0.715
0.656
0.769
0.774
0.775
0.778
0.731
0.749
0.722
0.684
0.796
0.746
0.796
0.772
0.728
0.724
0.883
0.874
0.722
0.777
0.761
0.670
0.696
0.730
0.836
0.945
0.809
0.840
0.935
0.855
0.773
0.702
0.735
0.724
0.779
0.763
0.753
0.742
0.742
0.727
0.752
0.782
0.696
0.832
0.872
0.760
0.721
0.710
0.717
0.748
0.840
0.873
0.908
0.945
0.851
0.857
0.781
0.850
0.828
0.952
0.894
0.784
0.828
0.951
0.840
0.868
0.894
0.783
0.895
0.953
0.864
0.886
0.945
0.890
0.881
0.836
0.900
0.868
0.933
0.947
0.866
0.874
0.938
0.901
0.898
0.917
0.857
0.882
0.919
0.935
0.877
0.910
0.977
0.888
0.917
0.853
0.889
0.908
0.962
0.924
0.886
0.872
0.899
0.882
0.915
0.940
0.899
0.923
0.960
0.909
0.929
0.895
0.944
0.940
0.908
0.862
0.833
0.844
0.871
0.918
0.888
0.867
0.879
0.853
0.888
0.815
0.858
0.877
0.862
0.835
0.889
0.821
0.788
0.902
0.922
0.909
0.880
0.876
0.905
0.824
0.882
0.863
0.894
0.881
0.935
0.875
0.925
0.943
0.830
0.925
0.910
0.884
0.905
0.923
0.910
0.926
0.833
0.892
0.939
0.941
0.923
0.933
0.967
0.806
0.871
0.870
0.935
0.922
0.934
0.778
0.833
0.878
0.870
0.868
0.876
0.925
0.885
0.866
0.783
0.757
0.809
0.863
0.845
0.949
0.870
0.860
0.907
0.880
0.858
0.895
0.892
0.876
0.899
0.913
0.835
0.917
0.884
0.885
0.851
0.928
0.919
0.923
0.912
0.840
0.916
0.875
0.895
0.859
0.800
0.855
0.911
0.926
0.860
0.953
0.771
0.853
0.862
0.954
0.807
0.958
0.829
0.902
0.833
0.849
0.883
0.944
0.927
0.861
0.926
0.898
0.877
0.855
0.853
0.924
0.827
0.877
0.963
0.874
0.922
0.914
0.929
0.910
0.903
0.949
0.814
0.938
0.933
0.917
0.919
0.908
0.858
0.789
0.948
0.965
0.967
0.855
0.823
0.860
0.912
0.909
0.933
0.829
0.901
0.856
0.884
0.877
0.874
0.858
0.883
0.938
0.883
0.824
0.859
0.808
0.802
0.825
0.819
0.867
0.869
0.968
0.957
0.901
0.949
0.896
0.894
0.933
0.936
0.939
0.916
0.929
0.937
0.799
0.902
0.889
0.949
0.945
0.921
0.944
0.908
0.928
0.948
0.918
0.963
0.884
0.913
0.963
0.899
0.919
0.959
0.801
0.918
0.934
0.953
0.959
0.824
0.878
0.833
0.816
0.878
0.909
0.832
0.859
0.815
0.865
0.839
0.837
0.866
0.817
0.810
0.879
0.894
0.760
0.875
0.943
0.936
0.874
0.903
0.896
0.916
0.944
0.963
0.902
0.844
0.780
0.932
0.959
0.919
0.877
0.967
0.959
0.959
0.953
0.900
0.863
0.821
0.875
0.815
0.776
0.735
0.792
0.832
0.845
0.892
0.888
0.761
0.787
0.888
0.861
0.900
0.829
0.804
0.915
0.827
0.773
0.734
0.712
0.737
0.698
0.777
0.723
0.709
0.727
0.783
0.741
0.776
0.842
0.918
0.917
0.902
0.879
0.834
0.800
0.736
0.829
0.801
0.799
0.766
0.825
0.744
0.736
0.785
0.717
0.808
0.872
0.899
0.772
0.832
0.836
0.844
0.934
0.837
0.897
0.894
0.820
0.873
0.894
0.907
0.919
0.860
0.892
0.910
0.963
0.850
0.839
0.864
0.897
0.835
0.874
0.882
0.848
0.889
0.882
0.869
0.897
0.858
0.945
0.815
0.699
0.727
0.766
0.840
0.898
0.920
0.893
0.813
0.849
0.978
0.874
0.853
0.886
0.837
0.892
0.912
0.968
0.865
0.892
0.954
0.911
0.891
0.930
0.912
0.964
0.870
0.970
0.859
0.890
0.907
0.937
0.797
0.850
0.916
0.906
0.893
0.851
0.888
0.926
0.899
0.921
0.868
0.903
0.913
0.877
0.836
0.891
0.899
0.934
0.927
0.856
0.899
0.888
0.846
0.934
0.912
0.879
0.886
0.929
0.939
0.913
0.889
0.902
0.842
0.874
0.929
0.849
0.877
0.900
0.895
0.900
0.940
0.902
0.924
0.869
0.914
0.873
0.861
0.889
0.910
0.907
0.938
0.879
0.891
0.880
0.963
0.922
0.883
0.925
0.893
0.844
0.854
0.893
0.873
0.788
0.867
0.828
0.863
0.866
0.895
0.896
0.939
0.822
0.926
0.891
0.943
0.895
0.901
0.891
0.871
0.917
0.903
0.942
0.897
0.914
0.952
0.889
0.896
0.780
0.888
0.897
0.838
0.876
0.929
0.944
0.905
0.897
0.892
0.869
0.892
0.900
0.886
0.908
0.802
0.841
0.858
0.875
0.890
0.811
0.857
0.840
0.873
0.917
0.824
0.844
0.893
0.890
0.859
0.920
0.877
0.797
0.908
0.907
0.949
0.857
0.882
0.869
0.884
0.880
0.838
0.917
0.922
0.844
0.947
0.818
0.844
0.920
0.885
0.882
0.900
0.848
0.845
0.861
0.887
0.841
0.873
0.826
0.868
0.904
0.882
0.978
0.796
0.865
0.920
0.845
0.961
0.850
0.799
0.817
0.820
0.894
0.960
0.893
0.863
0.969
0.912
0.897
0.888
0.878
0.889
0.890
0.871
0.890
0.973
0.870
0.909
0.848
0.839
0.891
0.875
0.910
0.883
0.926
0.961
0.909
0.855
0.908
0.967
0.911
0.831
0.888
0.901
0.925
0.806
0.832
0.925
0.892
0.896
0.917
0.894
0.882
0.870
0.909
0.922
0.939
0.900
0.855
0.814
0.892
0.859
0.949
0.898
0.920
0.917
0.945
0.953
0.910
0.902
0.863
0.898
0.926
0.801
0.743
0.834
0.872
0.876
0.798
0.863
0.792
0.854
0.937
0.799
0.858
0.849
0.842
0.793
0.923
0.940
0.896
0.888
0.870
0.789
0.743
0.716
0.789
0.844
0.865
0.868
0.857
0.871
0.903
0.932
0.876
0.929
0.918
0.914
0.927
0.908
0.861
0.872
0.914
0.932
0.843
0.791
0.824
0.816
0.917
0.779
0.738
0.725
0.712
0.788
0.729
0.672
0.725
0.688
0.717
0.751
0.722
0.736
0.842
0.829
0.819
0.827
0.942
0.889
0.811
0.714
0.810
0.909
0.895
0.835
0.857
0.828
0.761
0.742
0.764
0.809
0.879
0.899
0.841
0.870
0.892
0.948
0.960
0.824
0.898
0.935
0.938
0.855
0.845
0.909
0.807
0.847
0.910
0.846
0.900
0.895
0.929
0.909
0.897
0.941
0.876
0.894
0.936
0.807
0.788
0.756
0.772
0.876
0.916
0.814
0.859
0.902
0.882
0.891
0.888
0.958
0.862
0.898
0.907
0.918
0.938
0.947
0.884
0.926
0.950
0.965
0.951
0.877
0.917
0.955
0.914
0.942
0.895
0.914
0.955
0.886
0.941
0.950
0.876
0.965
0.859
0.951
0.902
0.847
0.933
0.879
0.867
0.932
0.920
0.939
0.883
0.897
0.950
0.874
0.920
0.818
0.887
0.886
0.976
0.852
0.891
0.914
0.855
0.886
0.908
0.860
0.970
0.906
0.883
0.965
0.874
0.869
0.915
0.894
0.888
0.844
0.866
0.876
0.844
0.842
0.782
0.882
0.791
0.843
0.867
0.864
0.892
0.898
0.883
0.880
0.860
0.898
0.892
0.912
0.843
0.896
0.824
0.882
0.895
0.952
0.860
0.910
0.897
0.870
0.868
0.921
0.915
0.882
0.957
0.884
0.899
0.886
0.811
0.918
0.867
0.903
0.909
0.822
0.893
0.934
0.887
0.903
0.900
0.875
0.888
0.920
0.887
0.883
0.887
0.909
0.918
0.855
0.922
0.870
0.864
0.922
0.850
0.941
0.907
0.851
0.781
0.903
0.918
0.897
0.841
0.924
0.913
0.865
0.853
0.856
0.877
0.942
0.872
0.900
0.892
0.935
0.926
0.890
0.869
0.893
0.906
0.961
0.923
0.894
0.918
0.857
0.911
0.880
0.901
0.808
0.849
0.860
0.840
0.908
0.836
0.883
0.880
0.902
0.981
0.882
0.909
0.915
0.844
0.920
0.904
0.918
0.943
0.900
0.843
0.933
0.866
0.811
0.836
0.795
0.748
0.799
0.940
0.946
0.953
0.953
0.850
0.952
0.954
0.892
0.978
0.865
0.859
0.849
0.873
0.900
0.892
0.929
0.975
0.849
0.901
0.937
0.925
0.882
0.930
0.948
0.863
0.868
0.934
0.914
0.933
0.906
0.947
0.885
0.913
0.901
0.871
0.956
0.907
0.937
0.876
0.954
0.924
0.904
0.929
0.860
0.845
0.947
0.903
0.947
0.858
0.872
0.871
0.850
0.892
0.888
0.844
0.829
0.860
0.875
0.957
0.922
0.922
0.898
0.926
0.899
0.917
0.973
0.845
0.911
0.866
0.858
0.904
0.851
0.794
0.820
0.870
0.850
0.823
0.820
0.831
0.831
0.846
0.798
0.810
0.841
0.806
0.866
0.825
0.832
0.788
0.746
0.782
0.779
0.722
0.769
0.722
0.799
0.854
0.888
0.903
0.922
0.824
0.790
0.796
0.764
0.755
0.757
0.817
0.727
0.749
0.811
0.826
0.809
0.760
0.754
0.728
0.768
0.873
0.810
0.847
0.916
0.694
0.745
0.714
0.740
0.759
0.812
0.804
0.790
0.766
0.735
0.725
0.741
0.826
0.906
0.803
0.856
0.902
0.864
0.874
0.845
0.814
0.761
0.828
0.830
0.890
0.960
0.915
0.917
0.867
0.895
0.952
0.914
0.930
0.886
0.807
0.788
0.800
0.786
0.931
0.900
0.861
0.883
0.915
0.857
0.836
0.812
0.923
0.943
0.936
0.843
0.793
0.926
0.885
0.911
0.884
0.848
0.894
0.950
0.902
0.959
0.923
0.842
0.951
0.970
0.850
0.923
0.894
0.884
0.943
0.883
0.923
0.932
0.894
0.964
0.869
0.942
0.942
0.904
0.975
0.890
0.864
0.968
0.954
0.843
0.869
0.881
0.957
0.854
0.823
0.899
0.945
0.975
0.827
0.839
0.916
0.929
0.907
0.919
0.979
0.879
0.962
0.911
0.977
0.857
0.938
0.917
0.913
0.899
0.909
0.954
0.900
0.915
0.898
0.904
0.881
0.925
0.922
0.907
0.838
0.918
0.894
0.917
0.908
0.870
0.879
0.913
0.915
0.952
0.846
0.907
0.890
0.897
0.846
0.877
0.865
0.926
0.886
0.898
0.959
0.852
0.920
0.933
0.922
0.940
0.950
0.939
0.951
0.939
0.868
0.856
0.934
0.892
0.952
0.869
0.884
0.931
0.884
0.898
0.861
0.890
0.843
0.835
0.832
0.909
0.899
0.938
0.975
0.889
0.882
0.953
0.955
0.954
0.923
0.875
0.953
0.887
0.948
0.933
0.913
0.958
0.882
0.949
0.956
0.913
0.884
0.888
0.902
0.956
0.878
0.862
0.843
0.965
0.872
0.950
0.888
0.927
0.945
0.957
0.854
0.867
0.891
0.861
0.849
0.877
0.913
0.872
0.936
0.958
0.968
0.824
0.886
0.922
0.908
0.832
0.913
0.906
0.887
0.975
0.838
0.894
0.850
0.880
0.877
0.942
0.865
0.844
0.847
0.868
0.861
0.891
0.877
0.932
0.838
0.885
0.926
0.937
0.859
0.923
0.837
0.950
0.919
0.800
0.874
0.844
0.951
0.875
0.948
0.888
0.859
0.835
0.870
0.861
0.824
0.813
0.929
0.838
0.907
0.932
0.894
0.977
0.909
0.952
0.972
0.850
0.888
0.888
0.954
0.816
0.851
0.951
0.949
0.917
0.891
0.919
0.919
0.920
0.977
0.929
0.925
0.943
0.926
0.919
0.915
0.888
0.872
0.815
0.913
0.866
0.801
0.876
0.938
0.917
0.881
0.929
0.837
0.844
0.947
0.950
0.929
0.913
0.886
0.857
0.903
0.897
0.931
0.904
0.960
0.929
0.942
0.904
0.931
0.926
0.874
0.926
0.864
0.821
0.791
0.745
0.735
0.820
0.851
0.830
0.928
0.924
0.883
0.835
0.770
0.861
0.902
0.922
0.890
0.916
0.790
0.851
0.848
0.869
0.821
0.810
0.821
0.847
0.770
0.743
0.683
0.703
0.738
0.706
0.833
0.721
0.809
0.764
0.763
0.807
0.866
0.879
0.862
0.893
0.862
0.850
0.811
0.844
0.859
0.840
0.830
0.821
0.915
0.874
0.871
0.815
0.843
0.832
0.831
0.796
0.787
0.924
0.737
0.719
0.764
0.827
0.816
0.907
0.844
0.687
0.689
0.725
0.721
0.760
0.773
0.765
0.947
0.746
0.794
0.843
0.841
0.819
0.744
0.749
0.800
0.850
0.905
0.922
0.722
0.687
0.794
0.896
0.907
0.863
0.821
0.834
0.770
0.712
0.760
0.836
0.856
0.807
0.871
0.775
0.832
0.787
0.772
0.763
0.838
0.887
0.820
0.801
0.884
0.929
0.785
0.832
0.921
0.936
0.907
0.908
0.843
0.954
0.948
0.833
0.880
0.806
0.885
0.847
0.906
0.832
0.889
0.967
0.932
0.912
0.945
0.823
0.889
0.865
0.902
0.867
0.906
0.806
0.916
0.963
0.916
0.825
0.906
0.971
0.925
0.859
0.879
0.943
0.911
0.775
0.881
0.926
0.864
0.849
0.912
0.874
0.963
0.880
0.878
0.956
0.895
0.906
0.897
0.872
0.915
0.965
0.902
0.894
0.884
0.933
0.867
0.897
0.964
0.962
0.889
0.920
0.842
0.954
0.875
0.871
0.902
0.928
0.896
0.874
0.927
0.920
0.929
0.907
0.901
0.893
0.890
0.926
0.920
0.972
0.914
0.925
0.961
0.892
0.853
0.827
0.886
0.866
0.902
0.880
0.916
0.867
0.867
0.956
0.834
0.912
0.851
0.879
0.925
0.900
0.855
0.884
0.952
0.909
0.881
0.883
0.889
0.898
0.970
0.835
0.930
0.935
0.932
0.891
0.977
0.919
0.897
0.842
0.908
0.848
0.906
0.859
0.955
0.879
0.910
0.899
0.851
0.917
0.889
0.973
0.937
0.975
0.826
0.809
0.928
0.946
0.918
0.884
0.889
0.872
0.908
0.873
0.868
0.966
0.940
0.977
0.886
0.850
0.919
0.878
0.941
0.950
0.877
0.855
0.961
0.778
0.861
0.767
0.952
0.912
0.912
0.868
0.862
0.879
0.895
0.866
0.848
0.931
0.981
0.859
0.899
0.880
0.938
0.832
0.835
0.878
0.931
0.890
0.799
0.909
0.859
0.871
0.882
0.837
0.900
0.943
0.944
0.890
0.953
0.916
0.877
0.943
0.891
0.940
0.848
0.897
0.949
0.919
0.879
0.933
0.947
0.956
0.965
0.921
0.899
0.801
0.849
0.906
0.910
0.934
0.891
0.899
0.960
0.908
0.979
0.980
0.927
0.889
0.977
0.870
0.930
0.946
0.965
0.947
0.880
0.923
0.930
0.931
0.872
0.963
0.949
0.971
0.938
0.811
0.859
0.873
0.820
0.834
0.891
0.948
0.897
0.890
0.921
0.918
0.821
0.925
0.910
0.847
0.890
0.938
0.934
0.895
0.903
0.889
0.907
0.905
0.906
0.877
0.882
0.900
0.935
0.884
0.850
0.942
0.924
0.927
0.868
0.956
0.838
0.948
0.902
0.965
0.972
0.950
0.887
0.927
0.881
0.877
0.917
0.896
0.924
0.969
0.955
0.943
0.891
0.948
0.925
0.828
0.736
0.753
0.849
0.879
0.879
0.901
0.941
0.876
0.914
0.867
0.845
0.851
0.878
0.904
0.919
0.917
0.919
0.964
0.887
0.930
0.850
0.902
0.897
0.958
0.937
0.858
0.862
0.844
0.862
0.884
0.825
0.793
0.764
0.796
0.764
0.752
0.806
0.837
0.918
0.942
0.842
0.920
0.956
0.947
0.927
0.893
0.833
0.790
0.809
0.824
0.761
0.830
0.847
0.736
0.662
0.720
0.762
0.741
0.772
0.831
0.778
0.847
0.883
0.878
0.765
0.831
0.814
0.776
0.849
0.888
0.858
0.897
0.907
0.971
0.916
0.975
0.860
0.862
0.960
0.843
0.887
0.892
0.958
0.919
0.930
0.871
0.880
0.903
0.870
0.895
0.956
0.824
0.900
0.882
0.960
0.938
0.929
0.925
0.844
0.897
0.938
0.945
0.979
0.884
0.961
0.951
0.923
0.864
0.943
0.904
0.912
0.907
0.915
0.954
0.869
0.919
0.930
0.951
0.961
0.896
0.980
0.927
0.970
0.932
0.945
0.940
0.962
0.901
0.919
0.928
0.898
0.908
0.879
0.904
0.904
0.963
0.897
0.935
0.905
0.845
0.907
0.976
0.877
0.880
0.953
0.937
0.952
0.864
0.934
0.922
0.926
0.916
0.933
0.893
0.885
0.856
0.850
0.916
0.875
0.870
0.879
0.890
0.859
0.937
0.765
0.933
0.853
0.905
0.906
0.904
0.880
0.948
0.883
0.945
0.881
0.876
0.920
0.887
0.902
0.883
0.950
0.937
0.917
0.892
0.878
0.887
0.904
0.864
0.911
0.968
0.931
0.948
0.916
0.932
0.938
0.922
0.923
0.947
0.931
0.871
0.934
0.938
0.904
0.947
0.961
0.938
0.942
0.935
0.907
0.898
0.944
0.900
0.889
0.918
0.907
0.928
0.878
0.971
0.893
0.806
0.966
0.978
0.975
0.854
0.906
0.934
0.884
0.972
0.858
0.900
0.905
0.868
0.845
0.915
0.966
0.865
0.927
0.907
0.906
0.946
0.867
0.873
0.907
0.968
0.915
0.924
0.893
0.931
0.952
0.922
0.904
0.896
0.937
0.919
0.852
0.865
0.905
0.884
0.927
0.916
0.920
0.947
0.935
0.883
0.811
0.901
0.916
0.914
0.907
0.977
0.849
0.908
0.955
0.852
0.869
0.901
0.960
0.938
0.981
0.951
0.943
0.930
0.947
0.967
0.954
0.924
0.948
0.890
0.891
0.921
0.882
0.851
0.881
0.927
0.939
0.931
0.884
0.901
0.902
0.893
0.921
0.881
0.918
0.905
0.939
0.889
0.906
0.906
0.912
0.916
0.907
0.906
0.908
0.859
0.892
0.956
0.898
0.975
0.860
0.912
0.853
0.955
0.936
0.963
0.949
0.892
0.912
0.800
0.845
0.806
0.878
0.842
0.877
0.858
0.831
0.867
0.864
0.943
0.803
0.744
0.720
0.788
0.783
0.758
0.779
0.800
0.838
0.752
0.784
0.775
0.832
0.901
0.881
0.932
0.887
0.828
0.766
0.724
0.795
0.754
0.749
0.743
0.773
0.847
0.923
0.902
0.873
0.752
0.877
0.858
0.797
0.878
0.924
0.813
0.825
0.831
0.832
0.786
0.796
0.830
0.839
0.817
0.798
0.814
0.884
0.920
0.918
0.832
0.888
0.964
0.913
0.927
0.955
0.961
0.961
0.972
0.950
0.914
0.925
0.863
0.944
0.936
0.952
0.958
0.964
0.954
0.905
0.909
0.897
0.846
0.827
0.807
0.768
0.762
0.842
0.921
0.937
0.956
0.930
0.915
0.937
0.929
0.962
0.937
0.884
0.903
0.920
0.921
0.901
0.937
0.909
0.903
0.927
0.941
0.859
0.838
0.943
0.948
0.915
0.886
0.859
0.854
0.926
0.965
0.886
0.830
0.895
0.804
0.873
0.968
0.898
0.926
0.828
0.888
0.966
0.925
0.907
0.878
0.882
0.901
0.949
0.918
0.927
0.933
0.893
0.885
0.951
0.887
0.973
0.860
0.863
0.904
0.875
0.932
0.804
0.762
0.835
0.841
0.950
0.897
0.888
0.827
0.917
0.898
0.939
0.922
0.976
0.980
0.930
0.921
0.910
0.973
0.869
0.891
0.978
0.863
0.913
0.887
0.834
0.864
0.821
0.899
0.940
0.967
0.974
0.920
0.904
0.947
0.939
0.889
0.969
0.866
0.953
0.956
0.866
0.893
0.971
0.877
0.925
0.928
0.872
0.970
0.926
0.969
0.888
0.863
0.887
0.824
0.904
0.915
0.917
0.950
0.875
0.955
0.970
0.915
0.964
0.876
0.953
0.959
0.881
0.921
0.953
0.930
0.848
0.945
0.948
0.859
0.925
0.917
0.920
0.912
0.871
0.902
0.893
0.971
0.932
0.905
0.873
0.945
0.856
0.920
0.896
0.914
0.916
0.932
0.904
0.942
0.952
0.946
0.926
0.950
0.915
0.876
0.964
0.871
0.900
0.965
0.962
0.899
0.893
0.876
0.934
0.930
0.903
0.917
0.932
0.975
0.896
0.911
0.940
0.919
0.945
0.912
0.887
0.874
0.946
0.976
0.917
0.895
0.896
0.928
0.902
0.889
0.979
0.892
0.896
0.898
0.882
0.899
0.950
0.966
0.933
0.922
0.918
0.924
0.912
0.979
0.898
0.957
0.918
0.953
0.876
0.970
0.941
0.910
0.907
0.938
0.895
0.896
0.894
0.899
0.899
0.853
0.856
0.803
0.817
0.922
0.897
0.973
0.892
0.905
0.977
0.970
0.855
0.958
0.873
0.866
0.969
0.913
0.942
0.892
0.953
0.966
0.885
0.884
0.871
0.951
0.978
0.927
0.937
0.929
0.978
0.983
0.942
0.969
0.916
0.931
0.967
0.967
0.968
0.966
0.969
0.932
0.971
0.973
0.980
0.975
0.969
0.974
0.945
0.903
0.861
0.956
0.924
0.922
0.954
0.968
0.974
0.918
0.965
0.938
0.894
0.913
0.962
0.970
0.936
0.922
0.942
0.975
0.978
0.945
0.973
0.941
0.840
0.896
0.901
0.960
0.943
0.951
0.872
0.893
0.896
0.918
0.897
0.876
0.960
0.879
0.905
0.929
0.898
0.889
0.923
0.899
0.853
0.862
0.850
0.831
0.859
0.823
0.883
0.943
0.907
0.875
0.902
0.882
0.931
0.957
0.954
0.987
0.983
0.978
0.927
0.918
0.875
0.872
0.880
0.957
0.949
0.965
0.952
0.947
0.977
0.960
0.980
0.970
0.973
0.949
0.906
0.965
0.939
0.970
0.946
0.825
0.829
0.827
0.911
0.864
0.919
0.972
0.973
0.981
0.989
0.968
0.907
0.912
0.974
0.953
0.962
0.965
0.958
0.988
0.962
0.934
0.956
0.864
0.897
0.943
0.968
0.965
0.944
0.986
0.968
0.984
0.974
0.967
0.964
0.958
0.972
0.954
0.980
0.902
0.924
0.871
0.817
0.850
0.930
0.971
0.938
0.919
0.921
0.900
0.906
0.956
0.948
0.916
0.928
0.948
0.921
0.938
0.962
0.984
0.967
0.952
0.979
0.967
0.980
0.926
0.954
0.961
0.822
0.875
0.862
0.816
0.893
0.811
0.784
0.875
0.874
0.947
0.978
0.912
0.942
0.983
0.917
0.907
0.946
0.927
0.914
0.942
0.914
0.902
0.910
0.906
0.920
0.925
0.917
0.914
0.958
0.956
0.922
0.938
0.980
0.917
0.908
0.960
0.945
0.980
0.956
0.953
0.880
0.864
0.945
0.962
0.809
0.908
0.897
0.973
0.936
0.943
0.898
0.889
0.902
0.919
0.941
0.966
0.973
0.921
0.859
0.857
0.925
0.924
0.943
0.898
0.938
0.955
0.938
0.885
0.948
0.952
0.939
0.948
0.933
0.881
0.849
0.904
0.945
0.925
0.949
0.956
0.891
0.955
0.911
0.899
0.947
0.946
0.975
0.837
0.956
0.916
0.931
0.953
0.956
0.982
0.929
0.941
0.890
0.957
0.982
0.869
0.945
0.964
0.870
0.928
0.905
0.910
0.900
0.915
0.985
0.896
0.958
0.939
0.929
0.943
0.868
0.924
0.925
0.962
0.894
0.931
0.915
0.915
0.938
0.960
0.944
0.891
0.870
0.977
0.926
0.935
0.921
0.971
0.885
0.912
0.961
0.945
0.943
0.910
0.920
0.942
0.887
0.928
0.939
0.934
0.953
0.926
0.931
0.956
0.980
0.930
0.986
0.955
0.982
0.908
0.877
0.833
0.806
0.789
0.779
0.817
0.915
0.909
0.938
0.948
0.915
0.973
0.970
0.864
0.961
0.967
0.941
0.940
0.946
0.970
0.975
0.947
0.912
0.940
0.908
0.943
0.929
0.935
0.955
0.902
0.945
0.987
0.943
0.910
0.927
0.930
0.921
0.972
0.951
0.951
0.973
0.977
0.982
0.958
0.973
0.953
0.963
0.953
0.985
0.979
0.946
0.974
0.962
0.981
0.974
0.927
0.924
0.958
0.957
0.950
0.964
0.965
0.910
0.940
0.922
0.974
0.947
0.923
0.851
0.940
0.925
0.908
0.934
0.885
0.897
0.926
0.982
0.980
0.959
0.943
0.908
0.925
0.893
0.895
0.870
0.880
0.843
0.902
0.937
0.894
0.860
0.924
0.928
0.839
0.807
0.843
0.834
0.880
0.843
0.932
0.917
0.887
0.908
0.941
0.908
0.877
0.879
0.861
0.877
0.909
0.890
0.942
0.974
0.987
0.972
0.939
0.962
0.879
0.922
0.831
0.853
0.849
0.910
0.834
0.859
0.847
0.848
0.840
0.833
0.910
0.905
0.868
0.894
0.891
0.852
0.852
0.877
0.939
0.910
0.951
0.884
0.816
0.831
0.874
0.873
0.897
0.935
0.904
0.919
0.907
0.968
0.984
0.976
0.942
0.954
0.935
0.967
0.946
0.922
0.943
0.959
0.959
0.913
0.934
0.922
0.963
0.965
0.980
0.913
0.977
0.920
0.934
0.944
0.935
0.949
0.929
0.855
0.880
0.955
0.924
0.963
0.944
0.949
0.949
0.957
0.920
0.884
0.984
0.985
0.910
0.981
0.969
0.977
0.918
0.959
0.952
0.960
0.942
0.976
0.973
0.931
0.988
0.890
0.961
0.934
0.982
0.910
0.966
0.991
0.894
0.947
0.963
0.924
0.895
0.931
0.899
0.929
0.899
0.932
0.986
0.919
0.955
0.950
0.919
0.959
0.899
0.917
0.928
0.919
0.942
0.934
0.922
0.930
0.930
0.835
0.936
0.957
0.932
0.930
0.944
0.938
0.958
0.913
0.913
0.909
0.938
0.911
0.810
0.925
0.978
0.898
0.986
0.907
0.949
0.952
0.946
0.913
0.900
0.929
0.954
0.977
0.878
0.941
0.907
0.941
0.927
0.930
0.888
0.941
0.962
0.908
0.909
0.923
0.923
0.917
0.950
0.889
0.884
0.871
0.946
0.873
0.869
0.915
0.962
0.939
0.963
0.893
0.906
0.979
0.977
0.829
0.938
0.970
0.902
0.939
0.966
0.939
0.909
0.921
0.916
0.906
0.900
0.914
0.924
0.913
0.958
0.930
0.913
0.925
0.920
0.935
0.961
0.939
0.914
0.913
0.941
0.936
0.888
0.945
0.922
0.957
0.924
0.964
0.913
0.920
0.901
0.906
0.911
0.945
0.930
0.927
0.911
0.958
0.965
0.933
0.912
0.849
0.949
0.944
0.974
0.913
0.945
0.921
0.973
0.943
0.946
0.980
0.969
0.911
0.910
0.939
0.923
0.930
0.926
0.912
0.983
0.960
0.966
0.889
0.919
0.912
0.957
0.933
0.933
0.987
0.951
0.899
0.952
0.950
0.918
0.941
0.855
0.799
0.804
0.921
0.953
0.953
0.986
0.915
0.937
0.965
0.915
0.949
0.940
0.973
0.957
0.936
0.915
0.910
0.945
0.905
0.962
0.957
0.971
0.957
0.948
0.924
0.925
0.947
0.977
0.944
0.945
0.971
0.942
0.902
0.966
0.943
0.953
0.937
0.959
0.889
0.876
0.885
0.925
0.937
0.895
0.939
0.954
0.952
0.939
0.969
0.942
0.921
0.967
0.894
0.922
0.931
0.946
0.967
0.972
0.983
0.952
0.960
0.984
0.932
0.943
0.938
0.945
0.867
0.907
0.919
0.873
0.897
0.845
0.850
0.809
0.819
0.816
0.816
0.805
0.760
0.802
0.810
0.801
0.829
0.874
0.793
0.845
0.838
0.813
0.783
0.819
0.972
0.904
0.894
0.830
0.852
0.809
0.820
0.811
0.803
0.928
0.970
0.985
0.976
0.951
0.938
0.921
0.961
0.968
0.919
0.870
0.893
0.876
0.936
0.814
0.825
0.935
0.906
0.864
0.886
0.881
0.868
0.886
0.909
0.845
0.924
0.945
0.943
0.989
0.957
0.979
0.982
0.961
0.976
0.959
0.964
0.971
0.934
0.954
0.980
0.983
0.977
0.980
0.979
0.971
0.984
0.957
0.980
0.925
0.855
0.916
0.944
0.927
0.961
0.966
0.961
0.977
0.964
0.963
0.943
0.959
0.927
0.931
0.955
0.951
0.978
0.973
0.960
0.987
0.947
0.936
0.927
0.939
0.980
0.960
0.986
0.957
0.928
0.946
0.960
0.942
0.860
0.917
0.936
0.978
0.972
0.948
0.924
0.938
0.948
0.936
0.890
0.950
0.877
0.852
0.853
0.928
0.982
0.933
0.943
0.934
0.928
0.933
0.985
0.887
0.914
0.923
0.985
0.984
0.952
0.964
0.960
0.990
0.935
0.925
0.970
0.918
0.912
0.911
0.982
0.885
0.938
0.898
0.961
0.917
0.897
0.983
0.941
0.971
0.907
0.969
0.933
0.959
0.964
0.974
0.957
0.936
0.933
0.900
0.925
0.973
0.939
0.948
0.974
0.984
0.909
0.948
0.954
0.900
0.961
0.949
0.909
0.922
0.935
0.923
0.931
0.938
0.941
0.929
0.909
0.880
0.897
0.943
0.935
0.934
0.933
0.922
0.929
0.951
0.953
0.982
0.911
0.897
0.924
0.898
0.918
0.846
0.863
0.912
0.924
0.941
0.902
0.910
0.960
0.891
0.888
0.927
0.965
0.983
0.943
0.935
0.984
0.913
0.926
0.918
0.968
0.968
0.918
0.977
0.975
0.953
0.923
0.980
0.920
0.953
0.910
0.968
0.913
0.946
0.967
0.939
0.965
0.930
0.906
0.935
0.881
0.938
0.928
0.961
0.911
0.923
0.945
0.950
0.919
0.900
0.934
0.960
0.926
0.935
0.915
0.889
0.867
0.866
0.943
0.939
0.944
0.888
0.987
0.971
0.981
0.896
0.988
0.877
0.903
0.982
0.983
0.826
0.948
0.944
0.944
0.909
0.954
0.932
0.968
0.959
0.937
0.942
0.964
0.944
0.953
0.953
0.912
0.974
0.890
0.864
0.933
0.925
0.966
0.966
0.916
0.935
0.922
0.918
0.926
0.875
0.913
0.851
0.869
0.940
0.939
0.893
0.927
0.908
0.921
0.937
0.980
0.924
0.921
0.951
0.931
0.952
0.928
0.937
0.946
0.944
0.938
0.916
0.910
0.894
0.912
0.939
0.923
0.950
0.948
0.950
0.977
0.866
0.926
0.938
0.936
0.921
0.949
0.989
0.877
0.971
0.949
0.948
0.954
0.931
0.926
0.934
0.940
0.877
0.851
0.854
0.904
0.944
0.904
0.845
0.868
0.827
0.874
0.908
0.916
0.950
0.945
0.935
0.891
0.974
0.976
0.947
0.908
0.926
0.971
0.815
0.797
0.816
0.862
0.858
0.831
0.816
0.862
0.938
0.955
0.918
0.962
0.968
0.911
0.925
0.936
0.884
0.891
0.887
0.879
0.861
0.837
0.850
0.819
0.904
0.932
0.862
0.898
0.881
0.904
0.906
0.893
0.892
0.903
0.954
0.913
0.934
0.896
0.904
0.857
0.870
0.836
0.839
0.853
0.855
0.885
0.890
0.909
0.970
0.958
0.876
0.838
0.908
0.912
0.847
0.927
0.953
0.877
0.838
0.816
0.867
0.895
0.861
0.929
0.851
0.933
0.941
0.918
0.941
0.964
0.920
0.938
0.975
0.947
0.967
0.878
0.852
0.850
0.879
0.949
0.924
0.901
0.941
0.925
0.922
0.897
0.926
0.977
0.950
0.951
0.937
0.954
0.967
0.942
0.938
0.962
0.961
0.944
0.949
0.973
0.965
0.950
0.961
0.951
0.969
0.980
0.926
0.893
0.976
0.979
0.928
0.950
0.915
0.964
0.936
0.955
0.981
0.956
0.924
0.932
0.969
0.938
0.931
0.951
0.946
0.945
0.959
0.986
0.958
0.917
0.917
0.926
0.987
0.868
0.948
0.897
0.948
0.972
0.969
0.914
0.946
0.965
0.934
0.940
0.943
0.944
0.914
0.964
0.953
0.968
0.915
0.941
0.924
0.938
0.923
0.926
0.906
0.963
0.956
0.917
0.856
0.891
0.952
0.929
0.935
0.972
0.944
0.920
0.836
0.903
0.949
0.917
0.974
0.922
0.951
0.924
0.926
0.955
0.909
0.919
0.891
0.905
0.893
0.908
0.932
0.904
0.905
0.919
0.850
0.906
0.933
0.897
0.969
0.904
0.934
0.872
0.922
0.939
0.927
0.920
0.935
0.901
