19790101
0.785
0.781
0.752
0.740
0.806
0.730
0.715
0.687
0.683
0.662
0.651
0.694
0.626
0.705
0.727
0.620
0.605
0.603
0.632
0.607
0.626
0.642
0.628
0.672
0.665
0.686
0.738
0.828
0.870
0.720
0.663
0.682
0.643
0.579
0.584
0.601
0.594
0.550
0.547
0.625
0.701
0.654
0.592
0.659
0.628
0.639
0.642
0.583
0.558
0.506
0.542
0.494
0.539
0.719
0.719
0.745
0.788
0.921
0.880
0.917
0.819
0.759
0.760
0.860
0.815
0.966
0.964
0.906
0.809
0.791
0.765
0.711
0.671
0.664
0.659
0.624
0.569
0.675
0.666
0.744
0.742
0.706
0.644
0.651
0.854
0.765
0.716
0.769
0.709
0.596
0.639
0.701
0.799
0.834
0.804
0.820
0.873
0.899
0.808
0.835
0.720
0.631
0.775
0.878
0.893
0.900
0.911
0.789
0.894
0.859
0.858
0.962
0.916
0.950
0.940
0.977
0.854
0.909
0.975
0.851
0.926
0.963
0.883
0.924
0.944
0.855
0.854
0.867
0.878
0.853
0.886
0.902
0.927
0.892
0.856
0.977
0.838
0.964
0.918
0.928
0.940
0.838
0.948
0.909
0.860
0.915
0.875
0.909
0.932
0.825
0.876
0.868
0.900
0.882
0.819
0.956
0.784
0.911
0.891
0.793
0.832
0.870
0.847
0.815
0.813
0.757
0.790
0.807
0.789
0.796
0.777
0.792
0.782
0.794
0.754
0.749
0.748
0.707
0.735
0.736
0.808
0.793
0.829
0.792
0.795
0.833
0.614
0.589
0.560
0.720
0.710
0.688
0.808
0.755
0.839
0.816
0.788
0.817
0.833
0.786
0.761
0.750
0.756
0.736
0.796
0.803
0.757
0.660
0.576
0.601
0.749
0.881
0.828
0.807
0.779
0.719
0.677
0.702
0.636
0.612
0.621
0.550
0.509
0.670
0.669
0.739
0.798
0.850
0.748
0.768
0.724
0.732
0.801
0.771
0.778
0.968
0.849
0.882
0.766
0.852
0.876
0.917
0.887
0.816
0.894
0.834
0.896
0.979
0.771
0.857
0.919
0.725
0.944
0.894
0.861
0.850
0.972
0.783
0.910
0.715
0.911
0.842
0.805
0.872
0.820
0.823
0.887
0.747
0.884
0.854
0.822
0.905
0.722
0.835
0.736
0.704
0.775
0.798
0.797
0.812
0.839
0.868
0.737
0.970
0.874
0.780
0.899
0.714
0.820
0.912
0.956
0.751
0.907
0.854
0.897
0.673
0.754
0.829
0.889
0.919
0.934
0.925
0.812
0.701
0.891
0.959
0.898
0.952
0.955
0.819
0.924
0.924
0.846
0.887
0.959
0.971
0.925
0.879
0.833
0.947
0.865
0.904
0.874
0.933
0.917
0.888
0.923
0.859
0.886
0.905
0.858
0.889
0.886
0.884
0.900
0.884
0.788
0.799
0.785
0.760
0.788
0.764
0.761
0.831
0.714
0.605
0.573
0.700
0.806
0.837
0.851
0.893
0.972
0.920
0.898
0.865
0.788
0.714
0.709
0.650
0.621
0.674
0.879
0.856
0.926
0.844
0.855
0.836
0.801
0.777
0.686
0.591
0.579
0.631
0.580
0.560
0.562
0.555
0.560
0.682
0.679
0.641
0.662
0.742
0.709
0.686
0.616
0.674
0.761
0.696
0.613
0.697
0.731
0.753
0.671
0.589
0.655
0.614
0.673
0.808
0.773
0.575
0.562
0.561
0.508
0.542
0.654
0.479
0.462
0.495
0.547
0.547
0.754
0.756
0.835
0.783
0.739
0.622
0.543
0.489
0.447
0.454
0.471
0.471
0.538
0.608
0.718
0.624
0.595
0.437
0.483
0.450
0.500
0.456
0.470
0.541
0.567
0.658
0.672
0.526
0.459
0.456
0.492
0.514
0.471
0.468
0.555
0.551
0.434
0.522
0.542
0.497
0.439
0.497
0.522
0.563
0.562
0.633
0.718
0.596
0.493
0.512
0.543
0.488
0.534
0.651
0.726
0.554
0.555
0.733
0.818
0.675
0.667
0.540
0.457
0.523
0.755
0.955
0.699
0.806
0.877
0.864
0.896
0.853
0.811
0.968
0.893
0.926
0.877
0.817
0.877
0.873
0.837
0.858
0.898
0.814
0.706
0.738
0.781
0.894
0.734
0.679
0.714
0.810
0.694
0.742
0.863
0.841
0.816
0.905
0.776
0.949
0.839
0.843
0.824
0.822
0.814
0.886
0.957
0.849
0.870
0.836
0.762
0.792
0.776
0.802
0.827
0.800
0.825
0.816
0.833
0.586
0.606
0.702
0.727
0.844
0.872
0.806
0.656
0.792
0.728
0.716
0.662
0.587
0.529
0.426
0.472
0.590
0.488
0.471
0.531
0.488
0.457
0.537
0.632
0.514
0.621
0.687
0.691
0.684
0.660
0.669
0.516
0.625
0.646
0.667
0.685
0.690
0.742
0.780
0.749
0.723
0.734
0.713
0.717
0.762
0.687
0.683
0.728
0.744
0.717
0.712
0.809
0.819
0.825
0.784
0.804
0.872
0.767
0.723
0.691
0.735
0.748
0.756
0.727
0.771
0.894
0.795
0.758
0.747
0.732
0.588
0.621
0.701
0.649
0.681
0.708
0.637
0.620
0.787
0.887
0.754
0.805
0.870
0.682
0.741
0.753
0.735
0.649
0.647
0.718
0.740
0.759
0.933
0.948
0.672
0.716
0.823
0.743
0.772
0.872
0.895
0.686
0.833
0.886
0.823
0.837
0.888
0.921
0.947
0.904
0.806
0.925
0.953
0.785
0.975
0.781
0.791
0.821
0.896
0.822
0.853
0.855
0.895
0.923
0.940
0.881
0.900
0.928
0.909
0.750
0.740
0.808
0.895
0.914
0.826
0.775
0.866
0.855
0.827
0.809
0.945
0.892
0.973
0.820
0.916
0.810
0.897
0.883
0.942
0.903
0.855
0.875
0.952
0.885
0.857
0.860
0.762
0.727
0.739
0.738
0.753
0.824
0.844
0.933
0.741
0.728
0.746
0.843
0.806
0.755
0.758
0.717
0.743
0.823
0.837
0.766
0.759
0.828
0.747
0.799
0.853
0.894
0.874
0.855
0.867
0.906
0.891
0.775
0.735
0.767
0.746
0.729
0.727
0.714
0.728
0.817
0.846
0.888
0.879
0.821
0.757
0.699
0.684
0.619
0.800
0.667
0.660
0.676
0.673
0.666
0.573
0.540
0.633
0.600
0.612
0.584
0.621
0.602
0.576
0.519
0.505
0.553
0.554
0.718
0.784
0.845
0.666
0.624
0.571
0.600
0.577
0.595
0.694
0.728
0.744
0.699
0.556
0.523
0.623
0.642
0.529
0.553
0.575
0.513
0.669
0.740
0.779
0.803
0.741
0.755
0.761
0.809
0.956
0.956
0.860
0.793
0.715
0.734
0.644
0.641
0.746
0.781
0.813
0.812
0.876
0.835
0.693
0.716
0.775
0.683
0.611
0.713
0.762
0.712
0.589
0.604
0.632
0.683
0.608
0.481
0.502
0.635
0.620
0.563
0.524
0.551
0.511
0.553
0.515
0.445
0.451
0.490
0.533
0.690
0.620
0.549
0.527
0.503
0.513
0.559
0.596
0.744
0.657
0.943
0.751
0.930
0.754
0.943
0.909
0.841
0.801
0.896
0.884
0.843
0.895
0.956
0.827
0.895
0.903
0.970
0.970
0.895
0.906
0.909
0.925
0.953
0.799
0.781
0.915
0.964
0.974
0.896
0.867
0.943
0.813
0.901
0.922
0.864
0.810
0.789
0.836
0.790
0.848
0.970
0.797
0.899
0.818
0.936
0.828
0.844
0.796
0.842
0.933
0.981
0.858
0.869
0.904
0.895
0.981
0.824
0.974
0.919
0.873
0.867
0.859
0.834
0.884
0.918
0.936
0.933
0.746
0.795
0.849
0.824
0.981
0.923
0.733
0.841
0.780
0.778
0.884
0.856
0.763
0.780
0.811
0.955
0.890
0.758
0.738
0.750
0.824
0.831
0.745
0.743
0.736
0.741
0.757
0.783
0.755
0.723
0.730
0.646
0.906
0.723
0.696
0.651
0.651
0.660
0.658
0.656
0.592
0.521
0.526
0.610
0.702
0.683
0.671
0.672
0.796
0.762
0.691
0.650
0.652
0.797
0.740
0.872
0.751
0.761
0.804
0.841
0.729
0.737
0.824
0.806
0.831
0.822
0.874
0.749
0.791
0.718
0.724
0.827
0.846
0.928
0.773
0.807
0.831
0.758
0.772
0.752
0.800
0.840
0.886
0.910
0.780
0.887
0.934
0.748
0.780
0.785
0.772
0.794
0.795
0.711
0.732
0.771
0.717
0.834
0.804
0.804
0.938
0.837
0.809
0.803
0.778
0.784
0.817
0.849
0.787
0.858
0.856
0.876
0.793
0.897
0.823
0.945
0.937
0.890
0.956
0.969
0.878
0.809
0.907
0.859
0.952
0.859
0.977
0.886
0.869
0.820
0.977
0.871
0.967
0.884
0.966
0.880
0.901
0.894
0.938
0.919
0.940
0.960
0.824
0.849
0.947
0.976
0.907
0.910
0.951
0.863
0.853
0.937
0.938
0.913
0.896
0.975
0.791
0.898
0.838
0.782
0.798
0.821
0.940
0.875
0.878
0.848
0.894
0.892
0.960
0.929
0.929
0.763
0.919
0.974
0.956
0.905
0.779
0.873
0.908
0.788
0.794
0.869
0.846
0.835
0.810
0.827
0.740
0.599
0.627
0.710
0.762
0.799
0.779
0.815
0.922
0.847
0.832
0.810
0.900
0.854
0.848
0.637
0.692
0.726
0.765
0.716
0.667
0.691
0.750
0.815
0.765
0.810
0.646
0.562
0.600
0.558
0.621
0.579
0.563
0.558
0.672
0.737
0.559
0.599
0.574
0.692
0.567
0.569
0.671
0.742
0.767
0.716
0.760
0.754
0.755
0.836
0.795
0.709
0.737
0.755
0.745
0.763
0.965
0.897
0.798
0.828
0.847
0.727
0.906
0.666
0.603
0.554
0.587
0.630
0.650
0.734
0.589
0.534
0.568
0.719
0.644
0.610
0.505
0.588
0.592
0.519
0.577
0.629
0.561
0.527
0.603
0.608
0.508
0.489
0.482
0.464
0.545
0.714
0.783
0.827
0.845
0.675
0.696
0.718
0.739
0.857
0.849
0.864
0.719
0.709
0.893
0.962
0.810
0.846
0.775
0.834
0.949
0.934
0.713
0.633
0.681
0.728
0.876
0.885
0.858
0.704
0.727
0.835
0.825
0.750
0.700
0.812
0.746
0.916
0.785
0.976
0.768
0.828
0.967
0.873
0.941
0.823
0.889
0.889
0.779
0.830
0.871
0.898
0.809
0.899
0.762
0.851
0.751
0.954
0.798
0.871
0.792
0.786
0.928
0.871
0.971
0.936
0.863
0.889
0.858
0.738
0.667
0.744
0.805
0.809
0.812
0.816
0.909
0.864
0.765
0.833
0.808
0.778
0.875
0.649
0.683
0.712
0.729
0.751
0.809
0.736
0.857
0.727
0.645
0.548
0.597
0.606
0.529
0.493
0.531
0.499
0.417
0.434
0.573
0.562
0.546
0.650
0.685
0.582
0.551
0.585
0.674
0.709
0.708
0.548
0.489
0.584
0.639
0.639
0.658
0.616
0.674
0.633
0.592
0.593
0.510
0.561
0.738
0.758
0.720
0.633
0.487
0.439
0.549
0.618
0.564
0.475
0.660
0.778
0.743
0.605
0.509
0.554
0.535
0.479
0.528
0.587
0.619
0.590
0.628
0.619
0.460
0.576
0.554
0.530
0.553
0.575
0.595
0.618
0.563
0.614
0.610
0.648
0.702
0.602
0.719
0.700
0.696
0.585
0.566
0.680
0.725
0.733
0.758
0.720
0.718
0.736
0.767
0.850
0.820
0.652
0.615
0.705
0.714
0.686
0.683
0.745
0.807
0.817
0.803
0.850
0.915
0.789
0.969
0.800
0.802
0.945
0.764
0.751
0.851
0.930
0.911
0.723
0.726
0.864
0.901
0.951
0.717
0.881
0.919
0.873
0.893
0.768
0.854
0.886
0.812
0.834
0.788
0.763
0.790
0.751
0.743
0.757
0.750
0.913
0.859
0.974
0.805
0.901
0.855
0.813
0.790
0.804
0.843
0.903
0.864
0.671
0.607
0.608
0.717
0.792
0.920
0.617
0.767
0.902
0.878
0.818
0.757
0.708
0.743
0.872
0.840
0.765
0.658
0.630
0.629
0.692
0.764
0.740
0.626
0.711
0.752
0.758
0.853
0.783
0.814
0.775
0.706
0.565
0.535
0.732
0.790
0.719
0.856
0.798
0.789
0.691
0.604
0.578
0.642
0.753
0.648
0.614
0.634
0.635
0.582
0.514
0.537
0.589
0.597
0.563
0.508
0.471
0.484
0.515
0.485
0.555
0.557
0.566
0.507
0.470
0.511
0.457
0.470
0.530
0.589
0.576
0.576
0.570
0.649
0.577
0.610
0.920
0.583
0.565
0.553
0.453
0.470
0.503
0.549
0.524
0.548
0.541
0.620
0.576
0.500
0.514
0.518
0.614
0.577
0.566
0.487
0.475
0.564
0.516
0.456
0.530
0.560
0.548
0.699
0.631
0.576
0.917
0.621
0.613
0.675
0.656
0.542
0.561
0.661
0.672
0.822
0.738
0.662
0.842
0.708
0.541
0.490
0.575
0.714
0.927
0.788
0.630
0.483
0.517
0.572
0.489
0.617
0.818
0.679
0.656
0.564
0.487
0.456
0.515
0.609
0.741
0.689
0.683
0.711
0.656
0.758
0.708
0.754
0.749
0.759
0.607
0.623
0.625
0.717
0.806
0.926
0.849
0.855
0.688
0.788
0.737
0.746
0.825
0.781
0.770
0.951
0.905
0.973
0.857
0.844
0.931
0.849
0.952
0.823
0.923
0.770
0.896
0.855
0.762
0.740
0.833
0.899
0.878
0.969
0.840
0.821
0.915
0.871
0.941
0.914
0.825
0.714
0.679
0.780
0.970
0.783
0.903
0.834
0.794
0.743
0.786
0.767
0.931
0.870
0.868
0.681
0.892
0.874
0.941
0.755
0.839
0.739
0.818
0.957
0.769
0.719
0.852
0.657
0.647
0.693
0.730
0.931
0.805
0.654
0.732
0.748
0.765
0.732
0.727
0.779
0.691
0.663
0.527
0.603
0.810
0.755
0.750
0.795
0.802
0.780
0.638
0.564
0.542
0.654
0.766
0.709
0.674
0.533
0.466
0.533
0.576
0.728
0.693
0.583
0.492
0.384
0.556
0.668
0.643
0.710
0.681
0.697
0.726
0.718
0.673
0.689
0.862
0.622
0.630
0.601
0.733
0.692
0.723
0.605
0.515
0.655
0.580
0.459
0.502
0.685
0.690
0.685
0.686
0.632
0.673
0.730
0.591
0.726
0.704
0.715
0.736
0.685
0.670
0.739
0.687
0.757
0.724
0.761
0.730
0.853
0.849
0.758
0.755
0.680
0.775
0.804
0.735
0.735
0.798
0.732
0.748
0.740
0.777
0.799
0.720
0.703
0.760
0.763
0.713
0.773
0.670
0.705
0.663
0.720
0.734
0.754
0.763
0.720
0.753
0.803
0.806
0.784
0.730
0.831
0.769
0.840
0.890
0.979
0.872
0.813
0.819
0.905
0.947
0.923
0.719
0.801
0.897
0.855
0.887
0.906
0.814
0.925
0.977
0.861
0.892
0.872
0.897
0.872
0.882
0.782
0.818
0.855
0.901
0.941
0.799
0.855
0.916
0.868
0.902
0.946
0.667
0.738
0.807
0.713
0.755
0.792
0.771
0.819
0.822
0.787
0.885
0.851
0.815
0.809
0.747
0.811
0.960
0.873
0.773
0.812
0.805
0.906
0.728
0.849
0.918
0.757
0.773
0.796
0.779
0.952
0.851
0.920
0.838
0.729
0.668
0.640
0.617
0.676
0.757
0.756
0.720
0.696
0.782
0.754
0.797
0.849
0.811
0.640
0.610
0.626
0.687
0.740
0.834
0.748
0.812
0.712
0.753
0.599
0.698
0.766
0.699
0.677
0.722
0.697
0.624
0.709
0.727
0.717
0.671
0.651
0.704
0.766
0.781
0.766
0.589
0.630
0.739
0.754
0.941
0.869
0.874
0.801
0.747
0.750
0.660
0.718
0.718
0.773
0.754
0.738
0.817
0.764
0.695
0.702
0.703
0.783
0.861
0.767
0.760
0.841
0.788
0.808
0.896
0.809
0.762
0.664
0.713
0.676
0.678
0.845
0.752
0.775
0.768
0.742
0.600
0.507
0.528
0.533
0.487
0.527
0.562
0.651
0.648
0.486
0.498
0.646
0.745
0.800
0.650
0.585
0.708
0.710
0.808
0.760
0.850
0.630
0.606
0.641
0.574
0.740
0.698
0.742
0.775
0.746
0.825
0.678
0.886
0.705
0.881
0.853
0.721
0.785
0.726
0.576
0.639
0.684
0.847
0.955
0.721
0.832
0.847
0.839
0.826
0.847
0.952
0.813
0.925
0.745
0.729
0.713
0.774
0.793
0.741
0.821
0.970
0.868
0.869
0.862
0.951
0.918
0.920
0.848
0.800
0.764
0.717
0.740
0.807
0.822
0.891
0.834
0.925
0.895
0.912
0.742
0.780
0.835
0.806
0.897
0.915
0.797
0.756
0.793
0.876
0.782
0.719
0.761
0.830
0.771
0.726
0.699
0.739
0.709
0.580
0.700
0.734
0.697
0.694
0.688
0.739
0.765
0.842
0.848
0.836
0.781
0.799
0.814
0.795
0.829
0.851
0.827
0.897
0.809
0.826
0.772
0.905
0.796
0.768
0.721
0.715
0.726
0.735
0.685
0.697
0.701
0.709
0.715
0.720
0.780
0.750
0.675
0.705
0.685
0.696
0.750
0.709
0.682
0.716
0.851
0.771
0.746
0.783
0.755
0.722
0.779
0.774
0.716
0.701
0.831
0.801
0.750
0.757
0.829
0.890
0.822
0.817
0.791
0.763
0.854
0.857
0.828
0.837
0.782
0.793
0.785
0.762
0.838
0.723
0.802
0.785
0.694
0.680
0.623
0.682
0.724
0.789
0.757
0.821
0.964
0.730
0.778
0.853
0.842
0.786
0.878
0.840
0.860
0.754
0.974
0.781
0.827
0.939
0.881
0.850
0.758
0.817
0.745
0.823
0.936
0.892
0.699
0.757
0.880
0.808
0.966
0.766
0.884
0.818
0.681
0.782
0.839
0.762
0.880
0.856
0.883
0.889
0.845
0.935
0.877
0.812
0.934
0.841
0.907
0.897
0.930
0.948
0.954
0.937
0.833
0.906
0.938
0.892
0.908
0.942
0.973
0.937
0.906
0.942
0.875
0.915
0.941
0.875
0.894
0.890
0.856
0.804
0.912
0.879
0.877
0.907
0.797
0.835
0.883
0.861
0.935
0.915
0.920
0.928
0.881
0.890
0.801
0.722
0.653
0.657
0.738
0.679
0.725
0.604
0.653
0.611
0.699
0.960
0.850
0.729
0.752
0.813
0.799
0.825
0.720
0.715
0.732
0.821
0.816
0.705
0.653
0.590
0.541
0.533
0.495
0.504
0.470
0.488
0.505
0.695
0.656
0.653
0.528
0.597
0.539
0.552
0.586
0.572
0.514
0.527
0.569
0.627
0.600
0.596
0.589
0.589
0.574
0.520
0.621
0.690
0.532
0.482
0.527
0.578
0.569
0.548
0.566
0.591
0.475
0.529
0.529
0.540
0.580
0.424
0.431
0.605
0.752
0.600
0.560
0.557
0.518
0.499
0.599
0.499
0.477
0.440
0.461
0.410
0.410
0.451
0.467
0.509
0.496
0.505
0.441
0.528
0.616
0.636
0.632
0.724
0.723
0.646
0.585
0.496
0.456
0.552
0.742
0.856
0.768
0.616
0.530
0.584
0.754
0.687
0.817
0.701
0.603
0.636
0.661
0.772
0.631
0.650
0.715
0.657
0.866
0.842
0.862
0.907
0.970
0.833
0.715
0.698
0.729
0.769
0.771
0.851
0.815
0.743
0.655
0.660
0.683
0.730
0.708
0.702
0.675
0.689
0.745
0.895
0.767
0.742
0.693
0.773
0.656
0.611
0.802
0.730
0.655
0.557
0.609
0.725
0.806
0.795
0.761
0.746
0.930
0.770
0.934
0.915
0.845
0.831
0.734
0.798
0.935
0.938
0.963
0.871
0.749
0.755
0.767
0.848
0.836
0.867
0.780
0.775
0.754
0.766
0.751
0.768
0.874
0.967
0.884
0.793
0.912
0.806
0.926
0.702
0.706
0.660
0.574
0.555
0.563
0.552
0.577
0.611
0.547
0.495
0.473
0.435
0.437
0.587
0.504
0.497
0.609
0.700
0.635
0.636
0.491
0.551
0.498
0.485
0.482
0.506
0.611
0.509
0.540
0.717
0.829
0.761
0.690
0.539
0.610
0.632
0.659
0.677
0.683
0.621
0.659
0.684
0.701
0.710
0.797
0.808
0.733
0.755
0.771
0.704
0.744
0.632
0.695
0.752
0.747
0.676
0.746
0.746
0.758
0.828
0.749
0.900
0.776
0.768
0.724
0.814
0.824
0.831
0.781
0.815
0.780
0.748
0.765
0.817
0.745
0.769
0.752
0.817
0.826
0.781
0.716
0.734
0.770
0.767
0.618
0.654
0.669
0.760
0.767
0.774
0.929
0.745
0.963
0.682
0.816
0.813
0.907
0.789
0.776
0.843
0.738
0.712
0.654
0.707
0.838
0.806
0.786
0.800
0.904
0.875
0.720
0.773
0.788
0.758
0.870
0.928
0.737
0.697
0.816
0.864
0.895
0.878
0.793
0.750
0.759
0.739
0.736
0.756
0.824
0.876
0.847
0.804
0.906
0.721
0.849
0.781
0.906
0.971
0.959
0.876
0.976
0.924
0.822
0.885
0.859
0.682
0.698
0.685
0.944
0.824
0.818
0.901
0.815
0.803
0.771
0.745
0.918
0.930
0.851
0.905
0.904
0.888
0.865
0.816
0.813
0.857
0.832
0.860
0.799
0.776
0.853
0.809
0.859
0.895
0.928
0.899
0.845
0.931
0.945
0.968
0.855
0.823
0.886
0.812
0.798
0.739
0.778
0.746
0.713
0.700
0.582
0.572
0.582
0.601
0.575
0.564
0.661
0.639
0.615
0.523
0.609
0.584
0.731
0.728
0.637
0.556
0.579
0.563
0.600
0.706
0.682
0.733
0.599
0.629
0.582
0.559
0.521
0.554
0.575
0.604
0.639
0.503
0.543
0.544
0.525
0.505
0.491
0.517
0.528
0.660
0.585
0.579
0.641
0.672
0.621
0.600
0.562
0.497
0.561
0.553
0.768
0.949
0.581
0.533
0.564
0.600
0.622
0.572
0.573
0.701
0.681
0.572
0.569
0.715
0.660
0.840
0.769
0.775
0.775
0.730
0.782
0.905
0.716
0.543
0.604
0.837
0.904
0.837
0.713
0.682
0.666
0.708
0.579
0.496
0.548
0.591
0.634
0.753
0.843
0.741
0.560
0.618
0.581
0.572
0.595
0.634
0.741
0.691
0.546
0.526
0.427
0.463
0.554
0.599
0.757
0.759
0.965
0.831
0.746
0.815
0.959
0.656
0.597
0.739
0.853
0.930
0.754
0.730
0.796
0.864
0.708
0.693
0.714
0.929
0.873
0.876
0.864
0.959
0.779
0.740
0.863
0.852
0.935
0.857
0.920
0.800
0.747
0.736
0.962
0.806
0.806
0.918
0.908
0.756
0.776
0.843
0.864
0.840
0.681
0.690
0.752
0.947
0.729
0.740
0.776
0.801
0.669
0.738
0.821
0.940
0.724
0.905
0.939
0.926
0.929
-99.000
0.963
0.943
0.949
0.844
0.936
0.933
0.745
0.764
0.828
0.789
0.734
0.708
0.553
0.676
0.746
0.719
0.692
0.733
0.690
0.656
0.539
0.593
0.733
0.718
0.578
0.561
0.600
0.615
0.688
0.713
0.692
0.493
0.444
0.551
0.692
0.662
0.632
0.579
0.534
0.560
0.562
0.517
0.565
0.435
0.484
0.622
0.640
0.651
0.608
0.592
0.636
0.675
0.545
0.421
0.407
0.442
0.499
0.407
0.462
0.560
0.532
0.481
0.503
0.594
0.608
0.651
0.634
0.542
0.434
0.538
0.585
0.582
0.715
0.689
0.726
0.792
0.654
0.734
0.733
0.717
0.698
0.762
0.765
0.633
0.628
0.744
0.716
0.641
0.595
0.739
0.751
0.741
0.789
0.825
0.819
0.735
0.679
0.513
0.513
0.610
0.613
0.569
0.626
0.584
0.675
0.835
0.692
0.649
0.714
0.786
0.768
0.752
0.748
0.749
0.761
0.797
0.811
0.921
0.915
0.774
0.975
0.776
0.817
0.876
0.931
0.845
0.819
0.724
0.727
0.858
0.804
0.911
0.966
0.874
0.912
0.927
0.978
0.811
0.775
0.808
0.977
0.861
0.909
0.930
0.872
0.980
0.832
0.873
0.807
0.911
0.820
0.909
0.851
0.890
0.846
0.851
0.803
0.849
0.751
0.724
0.729
0.903
0.911
0.835
0.871
0.971
0.836
0.872
0.974
0.761
0.862
0.913
0.892
0.923
0.890
0.945
0.940
0.873
0.859
0.858
0.849
0.836
0.740
0.749
0.783
0.740
0.745
0.759
0.816
0.884
0.901
0.784
0.724
0.640
0.573
0.575
0.600
0.665
0.626
0.624
0.576
0.574
0.524
0.570
0.556
0.528
0.601
-99.000
-99.000
-99.000
-99.000
-99.000
-99.000
-99.000
-99.000
0.729
0.639
0.542
0.550
0.788
0.890
0.768
0.607
0.643
0.558
0.514
0.555
0.533
0.543
0.553
0.491
0.490
0.567
0.666
0.678
0.694
0.863
0.810
0.741
0.575
0.631
0.572
0.535
0.507
0.526
0.529
0.502
0.457
0.476
0.483
0.469
0.670
0.708
0.823
0.768
0.684
0.627
0.653
0.816
0.712
0.740
0.752
0.706
0.643
0.558
0.478
0.512
0.521
0.453
0.498
0.484
0.476
0.448
0.462
0.460
0.471
0.578
0.693
0.744
0.745
0.631
0.684
0.654
0.546
0.562
0.514
0.545
0.646
0.654
0.529
0.617
0.589
0.666
0.727
0.837
0.733
0.814
0.743
0.857
0.713
0.772
0.762
0.710
0.760
0.944
0.936
0.763
0.886
0.866
0.851
0.807
0.764
0.769
0.829
0.733
0.684
0.579
0.492
0.661
0.701
0.765
0.717
0.716
0.688
0.773
0.732
0.794
0.726
0.791
0.940
0.915
0.833
0.804
0.737
0.821
0.889
0.865
0.898
0.966
0.889
0.909
0.815
0.939
0.892
0.814
0.731
0.734
0.780
0.828
0.781
0.934
0.733
0.791
0.893
0.924
0.894
0.751
0.890
0.898
0.886
0.878
0.806
0.692
0.719
0.735
0.770
0.766
0.776
0.758
0.824
0.876
0.968
0.868
0.694
0.684
0.715
0.735
0.730
0.782
0.776
0.732
0.704
0.753
0.799
0.781
0.832
0.748
0.835
0.841
0.802
0.743
0.705
0.675
0.685
0.714
0.834
0.797
0.611
0.703
0.817
0.739
0.658
0.708
0.717
0.712
0.705
0.745
0.785
0.731
0.746
0.795
0.790
0.885
0.876
0.697
0.712
0.638
0.673
0.704
0.618
0.715
0.729
0.803
0.799
0.881
0.902
0.732
0.771
0.847
0.937
0.852
0.773
0.768
0.773
0.744
0.820
0.747
0.771
0.782
0.969
0.698
0.629
0.703
0.787
0.853
0.716
0.699
0.722
0.718
0.757
0.715
0.697
0.708
0.713
0.748
0.803
0.774
0.799
0.839
0.804
0.839
0.821
0.917
0.889
0.732
0.831
0.780
0.803
0.730
0.701
0.777
0.846
0.886
0.831
0.684
0.733
0.750
0.781
0.808
0.887
0.852
0.759
0.856
0.761
0.813
0.799
0.882
0.903
0.894
0.838
0.911
0.955
0.946
0.749
0.859
0.878
0.889
0.981
0.814
0.903
0.896
0.970
0.933
0.876
0.927
0.823
0.957
0.795
0.930
0.919
0.882
0.879
0.898
0.884
0.974
0.934
0.919
0.845
0.957
0.929
0.898
0.907
0.911
0.906
0.945
0.891
0.802
0.762
0.814
0.770
0.820
0.886
0.909
0.892
0.888
0.904
0.842
0.874
0.925
0.863
0.843
0.853
0.908
0.950
0.938
0.909
0.958
0.933
0.971
0.952
0.867
0.865
0.912
0.967
0.866
0.890
0.877
0.948
0.930
0.950
0.895
0.842
0.794
0.793
0.750
0.706
0.727
0.661
0.632
0.586
0.560
0.590
0.541
0.534
0.536
0.611
0.635
0.653
0.628
0.587
0.520
0.592
0.605
0.593
0.626
0.658
0.680
0.634
0.552
0.565
0.529
0.537
0.522
0.607
0.578
0.539
0.587
0.688
0.587
0.573
0.550
0.532
0.552
0.592
0.482
0.494
0.509
0.476
0.525
0.554
0.529
0.483
0.482
0.565
0.695
0.626
0.513
0.543
0.579
0.638
0.728
0.728
0.675
0.608
0.567
0.551
0.609
0.547
0.520
0.514
0.526
0.631
0.623
0.491
0.533
0.537
0.532
0.541
0.531
0.514
0.528
0.504
0.490
0.468
0.565
0.500
0.473
0.473
0.561
0.583
0.630
0.640
0.595
0.664
0.678
0.642
0.566
0.480
0.403
0.435
0.425
0.416
0.419
0.470
0.436
0.390
0.384
0.425
0.490
0.516
0.506
0.466
0.462
0.607
0.771
0.841
0.818
0.918
0.956
0.782
0.971
0.915
0.915
0.922
0.859
0.884
0.836
0.821
0.903
0.925
0.877
0.894
0.897
0.784
0.745
0.728
0.812
0.897
0.923
0.834
0.862
0.686
0.870
0.876
0.889
0.837
0.880
0.785
0.818
0.785
0.745
0.756
0.792
0.845
0.805
0.967
0.889
0.795
0.952
0.849
0.871
0.855
0.790
0.760
0.703
0.750
0.801
0.858
0.883
0.876
0.883
0.888
0.861
0.959
0.843
0.888
0.731
0.768
0.727
0.743
0.756
0.762
0.873
0.832
0.823
0.814
0.822
0.883
0.941
0.882
0.834
0.933
0.963
0.786
0.899
0.919
0.871
0.935
0.875
0.783
0.817
0.816
0.820
0.938
0.895
0.914
0.872
0.877
0.836
0.758
0.803
0.772
0.813
0.741
0.662
0.655
0.724
0.727
0.713
0.713
0.659
0.668
0.662
0.735
0.712
0.692
0.752
0.711
0.698
0.676
0.751
0.844
0.761
0.801
0.880
0.789
0.783
0.865
0.791
0.865
0.890
0.927
0.861
0.868
0.818
0.788
0.773
0.772
0.949
0.763
0.938
0.704
0.867
0.898
0.948
0.769
0.880
0.861
0.750
0.929
0.875
0.833
0.930
0.897
0.847
0.850
0.778
0.853
0.852
0.938
0.980
0.763
0.863
0.925
0.919
0.905
0.810
0.958
0.862
0.858
0.911
0.893
0.971
0.831
0.845
0.936
0.930
0.908
0.851
0.879
0.892
0.808
0.854
0.899
0.933
0.847
0.873
0.948
0.933
0.825
0.979
0.859
0.883
0.802
0.854
0.899
0.877
0.916
0.941
0.855
0.902
0.908
0.828
0.890
0.888
0.954
0.921
0.900
0.959
0.978
0.882
0.836
0.910
0.949
0.971
0.851
0.970
0.862
0.887
0.947
0.865
0.840
0.933
0.976
0.867
0.982
0.871
0.841
0.940
0.955
0.935
0.906
0.900
0.929
0.969
0.977
0.876
0.946
0.950
0.907
0.875
0.885
0.902
0.860
0.837
0.820
0.895
0.862
0.921
0.796
0.797
0.787
0.966
0.815
0.784
0.782
0.782
0.855
0.801
0.721
0.724
0.697
0.702
0.730
0.665
0.673
0.730
0.782
0.767
0.812
0.801
0.831
0.898
0.864
0.892
0.970
0.837
0.834
0.799
0.778
0.811
0.781
0.762
0.695
0.695
0.685
0.687
0.752
0.773
0.806
0.752
0.701
0.719
0.657
0.736
0.713
0.713
0.684
0.617
0.613
0.636
0.616
0.567
0.635
0.590
0.547
0.528
0.566
0.567
0.567
0.591
0.548
0.549
0.582
0.550
0.501
0.538
0.699
0.568
0.479
0.463
0.441
0.498
0.528
0.516
0.569
0.623
0.641
0.805
0.939
0.717
0.662
0.745
0.725
0.765
0.759
0.674
0.735
0.715
0.809
0.793
0.809
0.878
0.786
0.932
0.965
0.817
0.763
0.706
0.680
0.616
0.567
0.735
0.856
0.789
0.808
0.795
0.742
0.609
0.627
0.781
0.885
0.870
0.867
0.820
0.726
0.689
0.634
0.589
0.629
0.632
0.618
0.596
0.650
0.670
0.639
0.655
0.519
0.502
0.526
0.522
0.546
0.585
0.532
0.571
0.665
0.714
0.768
0.689
0.547
0.643
0.645
0.720
0.878
0.832
0.746
0.877
0.929
0.778
0.830
0.835
0.807
0.854
0.925
0.785
0.772
0.950
0.873
0.741
0.877
0.777
0.676
0.654
0.593
0.582
0.606
0.574
0.645
0.792
0.731
0.730
0.824
0.841
0.763
0.846
0.715
0.643
0.656
0.787
0.966
0.783
0.865
0.829
0.724
0.727
0.749
0.756
0.761
0.849
0.755
0.655
0.632
0.535
0.614
0.597
0.623
0.677
0.765
0.763
0.805
0.744
0.809
0.904
0.771
0.714
0.702
0.806
0.753
0.730
0.675
0.727
0.822
0.739
0.645
0.679
0.739
0.731
0.636
0.588
0.575
0.571
0.537
0.506
0.552
0.538
0.636
0.739
0.731
0.770
0.770
0.822
0.916
0.807
0.812
0.780
0.732
0.761
0.725
0.736
0.747
0.763
0.765
0.762
0.848
0.650
0.711
0.756
0.649
0.758
0.918
0.679
0.729
0.772
0.813
0.766
0.772
0.799
0.901
0.782
0.793
0.800
0.855
0.761
0.729
0.770
0.910
0.864
0.887
0.815
0.756
0.775
0.891
0.950
0.839
0.940
0.855
0.894
0.809
0.788
0.860
0.834
0.788
0.856
0.745
0.821
0.813
0.829
0.745
0.845
0.839
0.884
0.821
0.854
0.802
0.960
0.797
0.933
0.861
0.693
0.697
0.747
0.854
0.948
0.894
0.793
0.718
0.734
0.848
0.850
0.809
0.880
0.979
0.846
0.811
0.772
0.905
0.739
0.871
0.776
0.868
0.875
0.875
0.959
0.845
0.763
0.817
0.887
0.756
0.817
0.901
0.813
0.941
0.968
0.873
0.907
0.916
0.899
0.845
0.862
0.906
0.757
0.954
0.867
0.787
0.860
0.899
0.884
0.929
0.799
0.743
0.875
0.850
0.798
0.819
0.960
0.874
0.853
0.789
0.801
0.918
0.912
0.956
0.869
0.880
0.957
0.788
0.731
0.715
0.849
0.839
0.807
0.703
0.663
0.694
0.651
0.690
0.694
0.600
0.610
0.611
0.607
0.604
0.629
0.785
0.742
0.752
0.709
0.630
0.594
0.624
0.601
0.710
0.736
0.739
0.834
0.837
0.792
0.767
0.783
0.773
0.681
0.610
0.636
0.783
0.716
0.619
0.603
0.598
0.595
0.539
0.621
0.648
0.630
0.592
0.519
0.499
0.645
0.630
0.528
0.598
0.623
0.522
0.498
0.590
0.651
0.708
0.772
0.714
0.619
0.647
0.596
0.574
0.559
0.646
0.617
0.601
0.547
0.528
0.506
0.525
0.689
0.555
0.530
0.591
0.610
0.628
0.500
0.426
0.508
0.466
0.506
0.481
0.570
0.632
0.506
0.483
0.471
0.464
0.481
0.510
0.547
0.494
0.568
0.645
0.664
0.552
0.535
0.695
0.633
0.564
0.548
0.535
0.604
0.586
0.570
0.634
0.615
0.553
0.506
0.567
0.776
0.857
0.844
0.774
0.707
0.746
0.716
0.703
0.652
0.527
0.501
0.558
0.638
0.686
0.727
0.792
0.818
0.806
0.722
0.701
0.754
0.765
0.813
0.788
0.786
0.845
0.835
0.959
0.957
0.819
0.973
0.893
0.956
0.787
0.764
0.803
0.946
0.775
0.841
0.698
0.752
0.747
0.843
0.787
0.748
0.818
0.690
0.742
0.603
0.585
0.672
0.758
0.826
0.808
0.801
0.774
0.801
0.790
0.832
0.801
0.756
0.714
0.747
0.688
0.643
0.784
0.783
0.756
0.689
0.780
0.600
0.738
0.738
0.847
0.799
0.937
0.979
0.897
0.774
0.699
0.724
0.662
0.630
0.568
0.841
0.593
0.581
0.674
0.674
0.654
0.615
0.615
0.570
0.678
0.647
0.624
0.717
0.747
0.765
0.715
0.744
0.729
0.756
0.735
0.700
0.770
0.763
0.741
0.749
0.832
0.814
0.685
0.654
0.666
0.691
0.713
0.685
0.639
0.770
0.651
0.605
0.666
0.600
0.505
0.554
0.732
0.723
0.615
0.602
0.713
0.705
0.684
0.659
0.608
0.676
0.698
0.727
0.854
0.753
0.650
0.632
0.598
0.642
0.590
0.511
0.535
0.549
0.630
0.702
0.762
0.859
0.836
0.695
0.668
0.682
0.697
0.852
0.676
0.615
0.712
0.749
0.819
0.899
0.705
0.715
0.710
0.770
0.849
0.713
0.692
0.640
0.677
0.738
0.767
0.943
0.904
0.968
0.816
0.803
0.757
0.806
0.880
0.728
0.727
0.761
0.830
0.884
0.803
0.766
0.740
0.974
0.725
0.891
0.972
0.776
0.933
0.802
0.872
0.884
0.924
0.951
0.876
0.902
0.957
0.783
0.970
0.754
0.795
0.962
0.820
0.905
0.826
0.872
0.960
0.911
0.851
0.882
0.938
0.927
0.900
0.920
0.878
0.822
0.918
0.814
0.793
0.841
0.839
0.788
0.747
0.720
0.796
0.791
0.804
0.767
0.823
0.826
0.837
0.829
0.807
0.828
0.901
0.958
0.901
0.917
0.853
0.827
0.910
0.933
0.920
0.909
0.889
0.905
0.963
0.889
0.826
0.745
0.692
0.722
0.625
0.611
0.598
0.597
0.627
0.608
0.579
0.589
0.615
0.575
0.606
0.647
0.625
0.668
0.611
0.592
0.613
0.776
0.751
0.682
0.631
0.649
0.740
0.728
0.775
0.645
0.610
0.597
0.592
0.582
0.566
0.580
0.584
0.512
0.535
0.556
0.538
0.555
0.523
0.530
0.482
0.525
0.519
0.502
0.496
0.485
0.395
0.513
0.517
0.486
0.593
0.523
0.492
0.467
0.540
0.766
0.677
0.824
0.710
0.654
0.630
0.687
0.764
0.764
0.623
0.484
0.574
0.513
0.578
0.461
0.416
0.458
0.413
0.472
0.563
0.481
0.520
0.726
0.804
0.846
0.754
0.777
0.748
0.657
0.663
0.782
0.835
0.853
0.727
0.709
0.705
0.729
0.630
0.554
0.512
0.484
0.483
0.467
0.504
0.496
0.481
0.509
0.649
0.781
0.663
0.609
0.588
0.637
0.552
0.510
0.501
0.589
0.616
0.637
0.667
0.590
0.662
0.802
0.868
0.872
0.880
0.869
0.779
0.862
0.953
0.807
0.778
0.876
0.901
0.717
0.707
0.656
0.710
0.754
0.873
0.780
0.849
0.869
0.951
0.943
0.803
0.784
0.751
0.850
0.727
0.717
0.869
0.925
0.730
0.799
0.744
0.809
0.916
0.830
0.938
0.900
0.813
0.885
0.879
0.855
0.873
0.869
0.822
0.771
0.724
0.759
0.926
0.828
0.842
0.857
0.810
0.763
0.769
0.802
0.804
0.583
0.728
0.677
0.664
0.699
0.736
0.940
0.745
0.733
0.882
0.787
0.800
0.817
0.726
0.716
0.763
0.811
0.968
0.704
0.733
0.739
0.806
0.764
0.782
0.797
0.867
0.764
0.851
0.829
0.753
0.778
0.753
0.648
0.639
0.578
0.627
0.671
0.640
0.567
0.575
0.682
0.632
0.544
0.567
0.507
0.518
0.593
0.628
0.598
0.509
0.617
0.737
0.801
0.777
0.812
0.756
0.678
0.573
0.628
0.658
0.703
0.726
0.781
0.735
0.679
0.638
0.711
0.638
0.439
0.533
0.641
0.775
0.719
0.717
0.661
0.643
0.689
0.626
0.535
0.491
0.543
0.624
0.622
0.623
0.765
0.637
0.460
0.669
0.757
0.746
0.700
0.693
0.637
0.580
0.543
0.574
0.571
0.584
0.639
0.758
0.761
0.741
0.824
0.826
0.772
0.794
0.862
0.836
0.888
0.737
0.888
0.907
0.766
0.723
0.865
0.852
0.884
0.787
0.736
0.740
0.896
0.955
0.731
0.792
0.807
0.852
0.827
0.767
0.797
0.817
0.867
0.795
0.831
0.844
0.642
0.562
0.624
0.695
0.707
0.765
0.921
0.916
0.710
0.767
0.902
0.794
0.798
0.773
0.773
0.861
0.791
0.789
0.795
0.834
0.842
0.928
0.968
0.733
0.872
0.906
0.764
0.752
0.776
0.820
0.724
0.739
0.783
0.951
0.820
0.904
0.809
0.913
0.805
0.784
0.779
0.688
0.668
0.765
0.829
0.950
0.821
0.700
0.637
0.639
0.605
0.616
0.609
0.625
0.595
0.591
0.624
0.706
0.817
0.759
0.746
0.706
0.564
0.600
0.564
0.564
0.562
0.613
0.592
0.641
0.717
0.647
0.504
0.528
0.602
0.645
0.635
0.694
0.698
0.728
0.681
0.520
0.486
0.509
0.518
0.592
0.547
0.557
0.591
0.472
0.465
0.468
0.459
0.490
0.537
0.501
0.528
0.542
0.567
0.491
0.517
0.641
0.594
0.572
0.630
0.688
0.531
0.527
0.554
0.702
0.643
0.585
0.652
0.843
0.799
0.607
0.485
0.491
0.433
0.573
0.526
0.515
0.497
0.469
0.457
0.513
0.527
0.452
0.469
0.527
0.518
0.470
0.483
0.443
0.429
0.416
0.487
0.461
0.524
0.494
0.431
0.431
0.425
0.464
0.496
0.602
0.707
0.608
0.544
0.496
0.441
0.449
0.513
0.575
0.545
0.465
0.510
0.582
0.528
0.483
0.469
0.465
0.579
0.648
0.785
0.649
0.524
0.492
0.490
0.531
0.564
0.459
0.457
0.542
0.663
0.701
0.735
0.730
0.791
0.936
0.830
0.763
0.851
0.795
0.663
0.738
0.707
0.756
0.854
0.886
0.796
0.766
0.922
0.752
0.955
0.752
0.756
0.850
0.959
0.806
0.967
0.734
0.685
0.567
0.529
0.742
0.950
0.811
0.912
0.924
0.912
0.860
0.913
0.943
0.928
0.783
0.893
0.960
0.795
0.857
0.844
0.924
0.958
0.769
0.741
0.738
0.797
0.776
0.766
0.760
0.651
0.693
0.832
0.789
0.741
0.650
0.731
0.650
0.643
0.547
0.633
0.700
0.750
0.884
0.773
0.612
0.520
0.534
0.670
0.707
0.778
0.768
0.821
0.712
0.576
0.506
0.510
0.524
0.519
0.488
0.620
0.663
0.646
0.584
0.595
0.720
0.743
0.742
0.923
0.746
0.736
0.726
0.646
0.476
0.588
0.666
0.734
0.631
0.471
0.552
0.649
0.762
0.771
0.795
0.710
0.746
0.848
0.590
0.622
0.645
0.597
0.596
0.726
0.753
0.743
0.824
0.774
0.701
0.697
0.714
0.785
0.762
0.830
0.694
0.687
0.695
0.704
0.586
0.564
0.618
0.531
0.589
0.662
0.748
0.750
0.727
0.752
0.736
0.709
0.676
0.690
0.736
0.701
0.768
0.701
0.668
0.700
0.639
0.659
0.731
0.854
0.917
0.889
0.783
0.788
0.782
0.802
0.801
0.943
0.804
0.941
0.710
0.723
0.722
0.832
0.742
0.822
0.859
0.843
0.813
0.683
0.858
0.927
0.968
0.843
0.909
0.930
0.739
0.816
0.672
0.561
0.536
0.598
0.716
0.871
0.802
0.775
0.681
0.721
0.855
0.879
0.825
0.820
0.774
0.846
0.837
0.795
0.806
0.780
0.803
0.858
0.844
0.861
0.925
0.960
0.868
0.862
0.825
0.837
0.854
0.876
0.861
0.933
0.885
0.909
0.900
0.894
0.757
0.835
0.956
0.869
0.894
0.901
0.859
0.864
0.903
0.877
0.907
0.921
0.881
0.883
0.872
0.846
0.844
0.817
0.753
0.812
0.846
0.801
0.789
0.902
0.794
0.793
0.870
0.834
0.757
0.668
0.629
0.661
0.661
0.643
0.602
0.568
0.581
0.638
0.649
0.623
0.787
0.705
0.577
0.605
0.570
0.586
0.667
0.708
0.848
0.824
0.779
0.759
0.701
0.579
0.598
0.742
0.805
0.820
0.841
0.824
0.647
0.569
0.644
0.649
0.587
0.544
0.543
0.673
0.777
0.861
0.675
0.653
0.590
0.551
0.544
0.582
0.587
0.540
0.642
0.630
0.665
0.680
0.640
0.589
0.602
0.632
0.540
0.553
0.434
0.466
0.506
0.472
0.428
0.447
0.491
0.470
0.619
0.616
0.522
0.515
0.536
0.499
0.548
0.556
0.508
0.511
0.583
0.569
0.475
0.427
0.522
0.629
0.582
0.500
0.656
0.561
0.554
0.757
0.846
0.847
0.744
0.785
0.806
0.796
0.882
0.835
0.889
0.872
0.880
0.948
0.727
0.721
0.707
0.715
0.676
0.745
0.749
0.847
0.811
0.874
0.911
0.796
0.842
0.917
0.924
0.941
0.784
0.815
0.844
0.895
0.773
0.862
0.656
0.798
0.777
0.811
0.789
0.788
0.854
0.978
0.943
0.744
0.885
0.834
0.874
0.730
0.797
0.907
0.951
0.753
0.967
0.836
0.964
0.765
0.931
0.910
0.927
0.949
0.763
0.865
0.851
0.934
0.818
0.885
0.845
0.769
0.873
0.970
0.787
0.798
0.974
0.806
0.715
0.784
0.688
0.715
0.759
0.618
0.633
0.617
0.584
0.617
0.710
0.690
0.768
0.714
0.831
0.758
0.807
0.715
0.716
0.707
0.727
0.771
0.848
0.847
0.723
0.717
0.696
0.687
0.751
0.681
0.621
0.783
0.912
0.798
0.712
0.754
0.653
0.675
0.611
0.637
0.653
0.775
0.740
0.667
0.666
0.726
0.671
0.764
0.632
0.559
0.619
0.698
0.695
0.686
0.713
0.664
0.705
0.707
0.724
0.688
0.600
0.545
0.565
0.496
0.545
0.516
0.522
0.589
0.719
0.732
0.764
0.824
0.752
0.711
0.707
0.812
0.734
0.768
0.720
0.775
0.661
0.555
0.603
0.685
0.725
0.707
0.801
0.668
0.866
0.876
0.656
0.609
0.761
0.747
0.730
0.741
0.746
0.827
0.851
0.758
0.763
0.721
0.708
0.781
0.858
0.891
0.715
0.953
0.879
0.875
0.901
0.870
0.730
0.704
0.784
0.832
0.920
0.673
0.686
0.760
0.847
0.975
0.776
0.845
0.785
0.857
0.822
0.768
0.780
0.785
0.780
0.851
0.811
0.802
0.765
0.729
0.771
0.804
0.835
0.839
0.852
0.817
0.802
0.819
0.857
0.839
0.856
0.935
0.849
0.873
0.856
0.804
0.793
0.903
0.918
0.921
0.812
0.783
0.843
0.872
0.846
0.819
0.788
0.964
0.928
0.928
0.837
0.789
0.902
0.843
0.853
0.848
0.884
0.900
0.855
0.836
0.922
0.930
0.926
0.980
0.973
0.980
0.944
0.867
0.879
0.905
0.864
0.911
0.877
0.819
0.817
0.753
0.726
0.828
0.958
0.833
0.918
0.907
0.931
0.896
0.834
0.916
0.810
0.783
0.790
0.743
0.680
0.687
0.723
0.680
0.631
0.633
0.660
0.690
0.539
0.590
0.570
0.681
0.904
0.897
0.655
0.645
0.617
0.672
0.636
0.616
0.569
0.608
0.663
0.747
0.734
0.665
0.655
0.637
0.635
0.585
0.554
0.641
0.622
0.576
0.490
0.519
0.555
0.543
0.537
0.581
0.510
0.555
0.543
0.530
0.602
0.703
0.616
0.530
0.550
0.498
0.532
0.557
0.491
0.636
0.753
0.629
0.672
0.678
0.661
0.656
0.675
0.559
0.592
0.802
0.734
0.833
0.855
0.887
0.750
0.649
0.621
0.813
0.814
0.712
0.554
0.549
0.557
0.597
0.653
0.595
0.568
0.631
0.719
0.633
0.678
0.687
0.874
0.851
0.867
0.820
0.958
0.757
0.691
0.697
0.777
0.879
0.882
0.887
0.853
0.917
0.834
0.805
0.853
0.815
0.790
0.855
0.816
0.749
0.642
0.585
0.710
0.896
0.891
0.738
0.818
0.828
0.769
0.825
0.774
0.855
0.692
0.805
0.835
0.918
0.816
0.936
0.880
0.929
0.737
0.801
0.723
0.891
0.681
0.712
0.721
0.747
0.883
0.772
0.970
0.756
0.832
0.704
0.696
0.792
0.761
0.802
0.846
0.845
0.763
0.844
0.831
0.900
0.809
0.962
0.910
0.937
0.852
0.876
0.881
0.862
0.825
0.748
0.829
0.826
0.779
0.916
0.769
0.813
0.691
0.704
0.736
0.854
0.659
0.707
0.682
0.747
0.787
0.752
0.718
0.717
0.879
0.684
0.601
0.566
0.658
0.736
0.677
0.704
0.701
0.763
0.736
0.728
0.737
0.806
0.773
0.792
0.858
0.673
0.660
0.647
0.537
0.463
0.479
0.507
0.477
0.457
0.573
0.647
0.670
0.681
0.745
0.727
0.744
0.635
0.610
0.638
0.673
0.751
0.674
0.715
0.725
0.767
0.723
0.632
0.501
0.575
0.676
0.865
0.723
0.727
0.734
0.963
0.621
0.597
0.665
0.700
0.778
0.729
0.679
0.876
0.877
0.698
0.629
0.758
0.816
0.715
0.643
0.562
0.563
0.673
0.731
0.728
0.733
0.721
0.808
0.724
0.705
0.750
0.713
0.820
0.689
0.711
0.705
0.747
0.752
0.688
0.754
0.699
0.753
0.719
0.744
0.770
0.826
0.909
0.724
0.938
0.929
0.829
0.970
0.815
0.931
0.928
0.741
0.857
0.823
0.824
0.748
0.921
0.959
0.892
0.952
0.751
0.890
0.921
0.891
0.970
0.851
0.771
0.921
0.971
0.981
0.841
0.883
0.904
0.898
0.926
0.918
0.854
0.925
0.812
0.826
0.790
0.841
0.858
0.775
0.862
0.966
0.937
0.865
0.844
0.950
0.891
0.874
0.928
0.917
0.977
0.861
0.868
0.895
0.863
0.867
0.886
0.910
0.901
0.923
0.856
0.928
0.947
0.839
0.798
0.882
0.778
0.742
0.781
0.807
0.842
0.830
0.858
0.844
0.794
0.769
0.817
0.736
0.681
0.716
0.708
0.748
0.709
0.642
0.678
0.634
0.646
0.709
0.754
0.826
0.842
0.872
0.845
0.837
0.795
0.766
0.672
0.610
0.619
0.660
0.708
0.598
0.600
0.631
0.609
0.596
0.547
0.500
0.528
0.548
0.532
0.540
0.578
0.682
0.609
0.524
0.531
0.627
0.664
0.695
0.674
0.599
0.520
0.510
0.506
0.517
0.518
0.514
0.508
0.654
0.597
0.597
0.536
0.567
0.572
0.500
0.577
0.511
0.601
0.472
0.477
0.479
0.490
0.477
0.477
0.437
0.440
0.432
0.427
0.524
0.664
0.611
0.724
0.639
0.895
0.702
0.549
0.571
0.809
0.554
0.512
0.496
0.516
0.546
0.676
0.681
0.719
0.882
0.716
0.884
0.703
0.619
0.729
0.682
0.629
0.572
0.766
0.844
0.773
0.638
0.502
0.481
0.493
0.573
0.771
0.864
0.713
0.727
0.697
0.775
0.782
0.738
0.649
0.689
0.733
0.906
0.906
0.923
0.870
0.761
0.838
0.745
0.810
0.752
0.709
0.963
0.909
0.900
0.881
0.835
0.857
0.846
0.839
0.687
0.773
0.874
0.969
0.903
0.743
0.942
0.919
0.839
0.761
0.825
0.871
0.875
0.771
0.833
0.751
0.773
0.842
0.781
0.873
0.802
0.954
0.796
0.865
0.869
0.904
0.867
0.863
0.789
0.853
0.943
0.822
0.823
0.830
0.865
0.655
0.846
0.695
0.848
0.839
0.802
0.884
0.979
0.837
0.804
0.780
0.720
0.601
0.844
0.963
0.889
0.768
0.896
0.866
0.857
0.828
0.787
0.796
0.740
0.774
0.627
0.710
0.676
0.663
0.714
0.759
0.839
0.776
0.761
0.692
0.684
0.781
0.839
0.793
0.677
0.621
0.665
0.670
0.717
0.715
0.728
0.840
0.827
0.742
0.835
0.839
0.710
0.792
0.836
0.874
0.783
0.895
0.957
0.864
0.882
0.763
0.680
0.836
0.907
0.912
0.892
0.830
0.973
0.832
0.684
0.724
0.757
0.923
0.828
0.865
0.862
0.830
0.862
0.902
0.905
0.805
0.771
0.930
0.827
0.790
0.873
0.832
0.980
0.911
0.806
0.924
0.893
0.831
0.745
0.710
0.767
0.669
0.615
0.654
0.853
0.830
0.872
0.813
0.753
0.802
0.926
0.817
0.841
0.779
0.864
0.856
0.755
0.816
0.824
0.805
0.857
0.950
0.806
0.865
0.860
0.807
0.830
0.911
0.857
0.902
0.804
0.848
0.837
0.906
0.840
0.916
0.718
0.972
0.916
0.803
0.777
0.928
0.798
0.881
0.933
0.950
0.961
0.803
0.901
0.829
0.887
0.897
0.850
0.855
0.875
0.913
0.889
0.732
0.749
0.794
0.752
0.892
0.952
0.967
0.759
0.782
0.799
0.903
0.852
0.810
0.771
0.832
0.914
0.852
0.919
0.818
0.897
0.911
0.803
0.826
0.940
0.927
0.897
0.855
0.815
0.899
0.878
0.814
0.793
0.807
0.781
0.839
0.879
0.885
0.840
0.827
0.819
0.742
0.709
0.719
0.866
0.903
0.800
0.866
0.811
0.809
0.795
0.843
0.876
0.841
0.885
0.879
0.791
0.901
0.825
0.888
0.835
0.778
0.797
0.771
0.671
0.724
0.744
0.722
0.796
0.760
0.705
0.711
0.775
0.758
0.812
0.697
0.711
0.821
0.827
0.711
0.631
0.680
0.818
0.973
0.863
0.759
0.784
0.694
0.609
0.579
0.576
0.590
0.576
0.507
0.519
0.496
0.618
0.653
0.661
0.744
0.653
0.741
0.915
0.933
0.777
0.847
0.718
0.633
0.684
0.649
0.688
0.785
0.776
0.751
0.646
0.604
0.701
0.701
0.711
0.641
0.651
0.560
0.757
0.797
0.821
0.779
0.941
0.767
0.880
0.713
0.771
0.689
0.830
0.778
0.871
0.891
0.969
0.877
0.864
0.903
0.836
0.816
0.695
0.671
0.787
0.841
0.779
0.698
0.606
0.649
0.722
0.738
0.734
0.756
0.762
0.739
0.774
0.798
0.890
0.768
0.729
0.874
0.736
0.728
0.869
0.737
0.920
0.887
0.848
0.729
0.745
0.771
0.835
0.893
0.849
0.779
0.614
0.698
0.848
0.853
0.867
0.843
0.797
0.685
0.742
0.811
0.773
0.904
0.851
0.894
0.774
0.866
0.712
0.876
0.776
0.766
0.729
0.972
0.819
0.823
0.831
0.902
0.968
0.761
0.921
0.749
0.856
0.877
0.921
0.905
0.879
0.748
0.865
0.797
0.857
0.963
0.908
0.909
0.844
0.809
0.751
0.848
0.705
0.615
0.682
0.602
0.613
0.749
0.793
0.833
0.804
0.814
0.798
0.818
0.941
0.977
0.757
0.708
0.718
0.760
0.745
0.730
0.718
0.740
0.845
0.851
0.856
0.886
0.789
0.784
0.812
0.754
0.735
0.846
0.855
0.721
0.756
0.799
0.700
0.800
0.832
0.609
0.719
0.696
0.626
0.593
0.701
0.657
0.601
0.706
0.787
0.772
0.889
0.735
0.873
0.748
0.669
0.673
0.743
0.729
0.750
0.765
0.723
0.757
0.741
0.762
0.825
0.764
0.756
0.680
0.713
0.721
0.724
0.722
0.756
0.919
0.755
0.800
0.836
0.813
0.761
0.801
0.907
0.891
0.874
0.809
0.812
0.909
0.865
0.949
0.862
0.837
0.972
0.818
0.808
0.947
0.874
0.770
0.759
0.865
0.835
0.755
0.724
0.778
0.832
0.752
0.725
0.731
0.857
0.759
0.650
0.680
0.897
0.752
0.845
0.855
0.868
0.844
0.730
0.727
0.747
0.881
0.969
0.885
0.912
0.860
0.954
0.961
0.805
0.911
0.953
0.842
0.919
0.969
0.760
0.838
0.921
0.919
0.837
0.841
0.804
0.834
0.814
0.804
0.790
0.819
0.913
0.836
0.835
0.861
0.896
0.880
0.894
0.821
0.671
0.693
0.847
0.899
0.937
0.917
0.727
0.799
0.790
0.887
0.896
0.927
0.891
0.845
0.766
0.722
0.658
0.656
0.676
0.690
0.797
0.769
0.900
0.907
0.868
0.821
0.821
0.887
0.826
0.772
0.779
0.785
0.748
0.715
0.803
0.805
0.793
0.821
0.828
0.869
0.874
0.852
0.814
0.710
0.666
0.652
0.655
0.651
0.616
0.600
0.566
0.554
0.556
0.645
0.624
0.549
0.585
0.616
0.728
0.690
0.623
0.592
0.539
0.529
0.534
0.631
0.755
0.760
0.774
0.698
0.600
0.637
0.598
0.591
0.608
0.653
0.607
0.579
0.576
0.553
0.572
0.561
0.608
0.630
0.652
0.600
0.556
0.588
0.650
0.743
0.709
0.826
0.832
0.849
0.783
0.793
0.780
0.861
0.918
0.910
0.713
0.655
0.590
0.631
0.939
0.735
0.568
0.556
0.568
0.554
0.540
0.533
0.506
0.483
0.493
0.490
0.541
0.501
0.483
0.491
0.462
0.447
0.484
0.417
0.397
0.433
0.467
0.468
0.516
0.511
0.473
0.515
0.596
0.579
0.649
0.532
0.484
0.501
0.501
0.431
0.521
0.524
0.566
0.559
0.526
0.499
0.504
0.502
0.425
0.454
0.455
0.531
0.618
0.652
0.744
0.825
0.701
0.580
0.567
0.547
0.619
0.670
0.739
0.741
0.907
0.834
0.837
0.862
0.870
0.913
0.960
0.920
0.867
0.839
0.850
0.755
0.731
0.719
0.736
0.670
0.659
0.663
0.730
0.745
0.609
0.713
0.823
0.796
0.756
0.820
0.799
0.775
0.805
0.739
0.619
0.559
0.526
0.602
0.685
0.723
0.655
0.806
0.810
0.907
0.753
0.912
0.885
0.850
0.928
0.836
0.687
0.919
0.772
0.849
0.850
0.808
0.864
0.823
0.799
0.885
0.841
0.783
0.801
0.717
0.686
0.714
0.693
0.679
0.756
0.680
0.738
0.774
0.776
0.846
0.900
0.708
0.863
0.677
0.645
0.607
0.574
0.455
0.469
0.477
0.562
0.537
0.666
0.663
0.580
0.480
0.562
0.634
0.620
0.654
0.683
0.632
0.657
0.543
0.475
0.565
0.439
0.361
0.405
0.585
0.676
0.764
0.762
0.658
0.630
0.600
0.607
0.671
0.533
0.553
0.522
0.444
0.547
0.583
0.411
0.571
0.649
0.661
0.666
0.569
0.411
0.447
0.592
0.657
0.710
0.639
0.671
0.750
0.756
0.692
0.735
0.722
0.686
0.698
0.712
0.703
0.727
0.772
0.875
0.608
0.792
0.893
0.968
0.955
0.756
0.701
0.901
0.614
0.669
0.698
0.627
0.577
0.647
0.674
0.791
0.948
0.783
0.915
0.912
0.979
0.832
0.905
0.684
0.695
0.872
0.727
0.771
0.880
0.970
0.745
0.791
0.757
0.681
0.728
0.975
0.868
0.769
0.850
0.917
0.898
0.807
0.754
0.954
0.866
0.711
0.745
0.843
0.895
0.808
0.780
0.715
0.745
0.743
0.779
0.883
0.840
0.825
0.676
0.753
0.898
0.765
0.779
0.837
0.949
0.871
0.840
0.953
0.783
0.855
0.893
0.866
0.901
0.768
0.773
0.895
0.978
0.817
0.787
0.755
0.907
0.786
0.893
0.896
0.802
0.782
0.866
0.937
0.931
0.863
0.735
0.649
0.691
0.756
0.712
0.602
0.583
0.663
0.676
0.613
0.553
0.671
0.704
0.662
0.579
0.566
0.572
0.631
0.556
0.580
0.492
0.455
0.455
0.476
0.479
0.572
0.621
0.694
0.588
0.480
0.401
0.407
0.442
0.488
0.574
0.707
0.694
0.625
0.552
0.496
0.521
0.533
0.563
0.573
0.682
0.644
0.531
0.506
0.482
0.506
0.500
0.494
0.528
0.564
0.515
0.516
0.552
0.556
0.525
0.507
0.525
0.439
0.677
0.935
0.968
0.639
0.921
0.856
0.647
0.589
0.590
0.654
0.762
0.813
0.725
0.485
0.512
0.641
0.619
0.642
0.707
0.656
0.599
0.583
0.496
0.471
0.569
0.577
0.632
0.584
0.500
0.454
0.507
0.524
0.560
0.650
0.822
0.814
0.619
0.469
0.459
0.422
0.462
0.600
0.660
0.478
0.443
0.581
0.849
0.598
0.908
0.946
0.731
0.641
0.777
0.696
0.811
0.785
0.592
0.465
0.481
0.514
0.736
0.929
0.682
0.719
0.849
0.711
0.740
0.953
0.781
0.916
0.792
0.773
0.795
0.725
0.925
0.820
0.879
0.938
0.838
0.787
0.766
0.744
0.976
0.773
0.849
0.775
0.752
0.893
0.758
0.924
0.812
0.771
0.833
0.941
0.814
0.848
0.802
0.806
0.841
0.775
0.709
0.742
0.884
0.825
0.696
0.851
0.756
0.795
0.780
0.928
0.763
0.873
0.856
0.909
0.874
0.911
0.965
0.883
0.826
0.822
0.882
0.921
0.711
0.791
0.805
0.727
0.761
0.653
0.593
0.634
0.659
0.708
0.779
0.766
0.732
0.689
0.813
0.757
0.745
0.844
0.751
0.755
0.730
0.742
0.725
0.778
0.710
0.644
0.634
0.597
0.609
0.791
0.770
0.793
0.737
0.886
0.780
0.821
0.755
0.810
0.763
0.726
0.766
0.796
0.756
0.901
0.762
0.714
0.735
0.764
0.793
0.815
0.976
0.849
0.813
0.820
0.782
0.734
0.772
0.742
0.706
0.717
0.628
0.718
0.881
0.799
0.801
0.750
0.890
0.873
0.684
0.722
0.805
0.803
0.783
0.732
0.753
0.791
0.929
0.938
0.725
0.784
0.790
0.890
0.940
0.911
0.712
0.721
0.797
0.766
0.833
0.924
0.880
0.786
0.741
0.791
0.795
0.899
0.750
0.841
0.848
0.916
0.936
0.744
0.876
0.769
0.859
0.895
0.846
0.790
0.862
0.879
0.915
0.875
0.791
0.873
0.881
0.871
0.881
0.746
0.779
0.843
0.931
0.851
0.886
0.925
0.789
0.806
0.798
0.811
0.772
0.748
0.879
0.966
0.869
0.813
0.836
0.918
0.851
0.976
0.840
0.902
0.895
0.900
0.814
0.764
0.800
0.856
0.951
0.804
0.940
0.829
0.934
0.976
0.843
0.908
0.919
0.920
0.928
0.914
0.727
0.796
0.889
0.842
0.810
0.920
0.828
0.924
0.950
0.831
0.915
0.956
0.820
0.919
0.829
0.800
0.836
0.877
0.804
0.837
0.851
0.896
0.885
0.881
0.971
0.890
0.896
0.976
0.916
0.941
0.742
0.900
0.910
0.798
0.833
0.844
0.914
0.810
0.790
0.814
0.784
0.827
0.839
0.786
0.712
0.671
0.747
0.814
0.861
0.842
0.903
0.811
0.817
0.825
0.943
0.753
0.763
0.731
0.688
0.643
0.611
0.624
0.717
0.760
0.726
0.624
0.634
0.630
0.561
0.605
0.635
0.574
0.575
0.651
0.766
0.789
0.708
0.648
0.629
0.569
0.523
0.545
0.578
0.722
0.626
0.622
0.656
0.658
0.666
0.645
0.605
0.676
0.708
0.684
0.713
0.806
0.963
0.909
0.859
0.841
0.955
0.898
0.971
0.931
0.875
0.939
0.852
0.765
0.736
0.790
0.765
0.753
0.769
0.726
0.667
0.647
0.652
0.562
0.556
0.565
0.557
0.525
0.580
0.658
0.703
0.781
0.915
0.866
0.812
0.831
0.864
0.896
0.777
0.829
0.788
0.696
0.682
0.809
0.882
0.862
0.758
0.769
0.839
0.965
0.895
0.955
0.888
0.878
0.866
0.963
0.862
0.918
0.873
0.845
0.883
0.958
0.803
0.808
0.699
0.670
0.638
0.680
0.733
0.783
0.773
0.888
0.967
0.820
0.860
0.935
0.881
0.974
0.874
0.951
0.924
0.902
0.911
0.928
0.876
0.937
0.943
0.932
0.901
0.969
0.817
0.973
0.824
0.886
0.853
0.828
0.904
0.865
0.960
0.790
0.817
0.811
0.760
0.824
0.724
0.738
0.749
0.861
0.894
0.971
0.777
0.746
0.856
0.831
0.885
0.893
0.878
0.903
0.880
0.879
0.890
0.888
0.781
0.910
0.931
0.934
0.910
0.864
0.776
0.851
0.801
0.830
0.802
0.816
0.803
0.939
0.968
0.941
0.863
0.797
0.756
0.833
0.842
0.825
0.761
0.788
0.747
0.719
0.739
0.728
0.719
0.754
0.687
0.653
0.666
0.724
0.681
0.697
0.663
0.686
0.693
0.746
0.691
0.706
0.650
0.672
0.806
0.678
0.664
0.658
0.709
0.742
0.767
0.836
0.776
0.765
0.773
0.759
0.783
0.750
0.641
0.713
0.783
0.812
0.840
0.679
0.721
0.734
0.751
0.771
0.950
0.931
0.803
0.914
0.757
0.851
0.840
0.931
0.773
0.668
0.751
0.824
0.821
0.706
0.865
0.818
0.731
0.857
0.940
0.884
0.914
0.851
0.965
0.912
0.908
0.948
0.924
0.832
0.797
0.780
0.820
0.858
0.820
0.907
0.844
0.900
0.909
0.889
0.963
0.866
0.770
0.834
0.864
0.797
0.901
0.825
0.883
0.817
0.858
0.804
0.891
0.947
0.819
0.824
0.809
0.831
0.906
0.797
0.778
0.802
0.913
0.860
0.961
0.914
0.935
0.926
0.887
0.882
0.873
0.913
0.917
0.819
0.871
0.840
0.928
0.878
0.840
0.822
0.912
0.834
0.903
0.930
0.918
0.967
0.935
0.927
0.915
0.950
0.969
0.933
0.878
0.847
0.831
0.811
0.848
0.854
0.930
0.884
0.862
0.828
0.840
0.893
0.947
0.863
0.858
0.927
0.926
0.932
0.872
0.830
0.827
0.855
0.865
0.881
0.920
0.966
0.926
0.891
0.862
0.867
0.852
0.828
0.801
0.786
0.755
0.769
0.890
0.842
0.924
0.756
0.767
0.790
0.808
0.748
0.696
0.778
0.862
0.830
0.832
0.833
0.830
0.822
0.762
0.774
0.719
0.628
0.623
0.635
0.612
0.611
0.676
0.648
0.601
0.636
0.658
0.595
0.594
0.826
0.701
0.613
0.578
0.578
0.580
0.597
0.723
0.769
0.732
0.703
0.801
0.691
0.594
0.593
0.584
0.595
0.733
0.561
0.540
0.489
0.491
0.513
0.482
0.539
0.550
0.578
0.596
0.648
0.687
0.751
0.857
0.807
0.822
0.946
0.745
0.689
0.715
0.698
0.716
0.669
0.666
0.746
0.745
0.607
0.554
0.555
0.575
0.605
0.557
0.537
0.623
0.704
0.617
0.574
0.495
0.522
0.479
0.522
0.537
0.528
0.604
0.729
0.628
0.581
0.673
0.755
0.620
0.592
0.665
0.862
0.884
0.793
0.791
0.641
0.551
0.518
0.592
0.747
0.766
0.775
0.813
0.752
0.844
0.822
0.781
0.812
0.833
0.973
0.789
0.877
0.773
0.728
0.680
0.638
0.721
0.781
0.874
0.806
0.823
0.788
0.856
0.912
0.831
0.725
0.834
0.807
0.809
0.848
0.840
0.905
0.925
0.788
0.722
0.742
0.817
0.893
0.846
0.820
0.926
0.749
0.805
0.701
0.726
0.833
0.807
0.908
0.947
0.970
0.795
0.648
0.728
0.777
0.783
0.782
0.774
0.842
0.752
0.700
0.712
0.760
0.769
0.724
0.694
0.869
0.785
0.719
0.670
0.690
0.727
0.774
0.791
0.674
0.677
0.661
0.680
0.646
0.525
0.565
0.730
0.642
0.676
0.717
0.843
0.662
0.580
0.542
0.480
0.514
0.478
0.580
0.572
0.708
0.670
0.652
0.700
0.766
0.768
0.682
0.695
0.596
0.566
0.666
0.682
0.715
0.744
0.795
0.803
0.655
0.658
0.780
0.774
0.803
0.865
0.839
0.751
0.782
0.708
0.750
0.584
0.471
0.511
0.488
0.588
0.583
0.598
0.582
0.619
0.583
0.529
0.550
0.656
0.722
0.758
0.775
0.706
0.750
0.816
0.645
0.732
0.828
0.945
0.852
0.909
0.881
0.742
0.738
0.817
0.790
0.901
0.851
0.789
0.761
0.814
0.795
0.733
0.763
0.774
0.775
0.794
0.887
0.836
0.882
0.959
0.708
0.757
0.946
0.776
0.931
0.894
0.757
0.676
0.824
0.857
0.744
0.596
0.659
0.765
0.756
0.723
0.690
0.752
0.835
0.786
0.756
0.780
0.862
0.736
0.713
0.773
0.881
0.811
0.844
0.915
0.719
0.840
0.850
0.818
0.865
0.880
0.967
0.896
0.978
0.906
0.887
0.914
0.864
0.813
0.899
0.879
0.869
0.979
0.894
0.840
0.840
0.831
0.789
0.839
0.778
0.877
0.764
0.725
0.670
0.658
0.658
0.707
0.713
0.688
0.747
0.871
0.834
0.855
0.867
0.930
0.793
0.828
0.886
0.874
0.775
0.704
0.865
0.726
0.636
0.542
0.574
0.605
0.602
0.555
0.585
0.630
0.852
0.643
0.612
0.607
0.652
0.633
0.560
0.710
0.808
0.928
0.925
0.646
0.552
0.523
0.582
0.543
0.561
0.574
0.531
0.501
0.532
0.522
0.599
0.552
0.511
0.550
0.514
0.550
0.560
0.637
0.640
0.768
0.657
0.695
0.789
0.677
0.630
0.615
0.499
0.503
0.488
0.458
0.429
0.384
0.446
0.494
0.480
0.427
0.432
0.413
0.422
0.392
0.363
0.374
0.437
0.442
0.445
0.427
0.448
0.434
0.465
0.492
0.446
0.469
0.483
0.480
0.499
0.502
0.640
0.849
0.610
0.543
0.592
0.625
0.674
0.811
0.820
0.912
0.713
0.657
0.763
0.792
0.640
0.507
0.513
0.607
0.662
0.651
0.643
0.635
0.723
0.900
0.950
0.869
0.847
0.821
0.790
0.705
0.676
0.723
0.717
0.729
0.753
0.615
0.519
0.538
0.618
0.673
0.584
0.617
0.778
0.699
0.706
0.711
0.703
0.798
0.932
0.826
0.923
0.718
0.793
0.931
0.657
0.563
0.572
0.637
0.613
0.638
0.705
0.671
0.695
0.847
0.710
0.743
0.906
0.844
0.899
0.825
0.926
0.969
0.884
0.763
0.711
0.720
0.787
0.974
0.772
0.924
0.781
0.790
0.764
0.841
0.913
0.972
0.753
0.801
0.898
0.889
0.856
0.855
0.705
0.697
0.872
0.861
0.908
0.718
0.781
0.747
0.702
0.713
0.698
0.689
0.652
0.701
0.754
0.750
0.771
0.631
0.581
0.748
0.675
0.637
0.677
0.715
0.683
0.619
0.694
0.620
0.485
0.436
0.558
0.661
0.850
0.723
0.652
0.536
0.449
0.517
0.698
0.736
0.804
0.853
0.801
0.741
0.734
0.679
0.752
0.834
0.666
0.638
0.653
0.734
0.808
0.720
0.735
0.706
0.639
0.731
0.727
0.717
0.772
0.633
0.735
0.707
0.638
0.675
0.706
0.756
0.770
0.708
0.735
0.711
0.671
0.552
0.523
0.577
0.638
0.687
0.687
0.707
0.658
0.644
0.705
0.682
0.648
0.778
0.730
0.705
0.699
0.707
0.723
0.685
0.682
0.727
0.674
0.695
0.790
0.764
0.788
0.796
0.759
0.748
0.758
0.804
0.770
0.768
0.854
0.713
0.968
0.793
0.710
0.685
0.719
0.964
0.803
0.743
0.823
0.921
0.950
0.724
0.787
0.943
0.826
0.853
0.876
0.728
0.704
0.675
0.685
0.868
0.767
0.852
0.749
0.769
0.811
0.831
0.791
0.749
0.908
0.904
0.911
0.970
0.811
0.928
0.857
0.801
0.814
0.898
0.854
0.735
0.829
0.886
0.960
0.849
0.850
0.962
0.890
0.840
0.711
0.654
0.749
0.891
0.797
0.755
0.829
0.884
0.848
0.865
0.926
0.923
0.860
0.873
0.832
0.928
0.917
0.870
0.878
0.829
0.743
0.829
0.947
0.893
0.887
0.824
0.717
0.668
0.758
0.710
0.787
0.779
0.793
0.816
0.834
0.952
0.880
0.920
0.726
0.800
0.828
0.844
0.864
0.851
0.853
0.937
0.909
0.882
0.881
0.924
0.855
0.852
0.970
0.949
0.943
0.804
0.806
0.794
0.835
0.723
0.664
0.689
0.705
0.675
0.679
0.771
0.822
0.728
0.633
0.590
0.603
0.729
0.663
0.695
0.739
0.616
0.540
0.501
0.527
0.516
0.534
0.549
0.570
0.540
0.500
0.376
0.451
0.479
0.485
0.482
0.542
0.629
0.716
0.890
0.715
0.550
0.613
0.756
0.780
0.654
0.587
0.552
0.533
0.490
0.479
0.465
0.524
0.584
0.585
0.516
0.495
0.476
0.606
0.584
0.494
0.550
0.606
0.529
0.464
0.466
0.464
0.541
0.604
0.549
0.473
0.447
0.437
0.454
0.563
0.663
0.679
0.735
0.713
0.684
0.694
0.672
0.751
0.837
0.869
0.963
0.838
0.717
0.662
0.726
0.835
0.836
0.853
0.790
0.674
0.697
0.746
0.848
0.757
0.867
0.854
0.927
0.862
0.774
0.850
0.887
0.746
0.747
0.776
0.703
0.619
0.691
0.806
0.913
0.863
0.720
0.954
0.797
0.857
0.879
0.907
0.903
0.765
0.792
0.816
0.738
0.717
0.708
0.724
0.580
0.540
0.652
0.743
0.958
0.673
0.744
0.541
0.608
0.649
0.805
0.689
0.705
0.868
0.705
0.773
0.914
0.977
0.806
0.834
0.973
0.975
0.740
0.682
0.700
0.920
0.923
0.924
0.786
0.859
0.923
0.922
0.868
0.944
0.819
0.975
0.938
0.880
0.813
0.735
0.850
0.831
0.753
0.716
0.732
0.667
0.596
0.647
0.601
0.500
0.530
0.626
0.470
0.525
0.672
0.666
0.610
0.501
0.455
0.533
0.645
0.780
0.780
0.788
0.693
0.637
0.666
0.723
0.769
0.650
0.716
0.550
0.629
0.713
0.806
0.739
0.794
0.801
0.692
0.633
0.634
0.646
0.609
0.652
0.579
0.549
0.514
0.642
0.682
0.679
0.690
0.676
0.660
0.559
0.646
0.823
0.687
0.649
0.639
0.635
0.623
0.544
0.541
0.539
0.430
0.519
0.695
0.812
0.677
0.676
0.704
0.709
0.761
0.834
0.912
0.848
0.845
0.866
0.830
0.776
0.759
0.859
0.801
0.712
0.760
0.692
0.691
0.765
0.748
0.856
0.754
0.729
0.752
0.733
0.890
0.858
0.897
0.788
0.909
0.605
0.747
0.778
0.854
0.842
0.896
0.742
0.865
0.794
0.905
0.863
0.735
0.709
0.693
0.660
0.707
0.790
0.953
0.735
0.717
0.871
0.718
0.891
0.659
0.848
0.901
0.799
0.721
0.803
0.757
0.890
0.909
0.777
0.798
0.809
0.916
0.978
0.826
0.868
0.931
0.883
0.808
0.890
0.900
0.912
0.887
0.849
0.876
0.963
0.893
0.733
0.677
0.718
0.842
0.908
0.765
0.683
0.748
0.789
0.830
0.756
0.767
0.756
0.779
0.728
0.653
0.601
0.602
0.610
0.646
0.655
0.711
0.586
0.489
0.508
0.535
0.669
0.662
0.682
0.721
0.749
0.648
0.563
0.613
0.775
0.885
0.971
0.978
0.804
0.799
0.829
0.749
0.639
0.645
0.565
0.599
0.617
0.570
0.579
0.576
0.504
0.499
0.473
0.511
0.551
0.616
0.610
0.501
0.498
0.645
0.601
0.483
0.500
0.457
0.527
0.599
0.507
0.538
0.537
0.507
0.472
0.518
0.499
0.523
0.600
0.612
0.667
0.500
0.495
0.505
0.492
0.465
0.606
0.622
0.512
0.502
0.483
0.475
0.479
0.495
0.548
0.564
0.526
0.611
0.683
0.623
0.507
0.505
0.597
0.654
0.666
0.750
0.647
0.620
0.704
0.739
0.646
0.708
0.725
0.727
0.648
0.580
0.557
0.595
0.502
0.409
0.430
0.465
0.458
0.450
0.471
0.475
0.496
0.532
0.629
0.830
0.816
0.740
0.852
0.907
0.864
0.803
0.845
0.790
0.678
0.721
0.761
0.751
0.664
0.619
0.695
0.880
0.675
0.553
0.548
0.595
0.695
0.665
0.689
0.704
0.893
0.740
0.751
0.829
0.868
0.772
0.969
0.857
0.833
0.911
0.826
0.770
0.937
0.865
0.900
0.961
0.859
0.945
0.775
0.705
0.699
0.841
0.664
0.742
0.781
0.934
0.814
0.572
0.764
0.674
0.916
0.761
0.777
0.837
0.813
0.745
0.688
0.669
0.751
0.880
0.949
0.845
0.920
0.868
0.976
0.778
0.919
0.822
0.753
0.772
0.779
0.869
0.953
0.917
0.795
0.978
0.806
0.847
0.968
0.865
0.711
0.680
0.745
0.835
0.842
0.825
0.809
0.826
0.749
0.907
0.915
0.961
0.758
0.774
0.875
0.827
0.797
0.716
0.679
0.668
0.714
0.768
0.775
0.955
0.680
0.710
0.746
0.793
0.726
0.738
0.802
0.872
0.713
0.703
0.755
0.769
0.637
0.688
0.706
0.768
0.630
0.617
0.653
0.603
0.587
0.673
0.711
0.806
0.853
0.737
0.676
0.704
0.727
0.740
0.790
0.851
0.741
0.687
0.695
0.702
0.748
0.778
0.764
0.718
0.720
0.722
0.701
0.730
0.761
0.791
0.700
0.679
0.724
0.792
0.978
0.797
0.795
0.720
0.658
0.701
0.709
0.712
0.729
0.809
0.661
0.700
0.705
0.757
0.717
0.816
0.872
0.890
0.841
0.911
0.715
0.850
0.814
0.761
0.772
0.910
0.808
0.870
0.946
0.916
0.783
0.957
0.774
0.844
0.874
0.927
0.807
0.829
0.850
0.890
0.946
0.965
0.937
0.807
0.840
0.833
0.886
0.939
0.914
0.951
0.836
0.912
0.898
0.847
0.836
0.948
0.795
0.778
0.839
0.975
0.866
0.972
0.906
0.817
0.814
0.811
0.887
0.934
0.878
0.929
0.920
0.950
0.902
0.863
0.925
0.867
0.824
0.808
0.891
0.829
0.957
0.887
0.930
0.899
0.882
0.837
0.835
0.812
0.805
0.868
0.823
0.918
0.876
0.888
0.899
0.921
0.932
0.817
0.758
0.775
0.939
0.911
0.960
0.857
0.960
0.846
0.933
0.918
0.873
0.880
0.813
0.837
0.880
0.858
0.843
0.790
0.772
0.672
0.652
0.685
0.662
0.834
0.815
0.852
0.795
0.714
0.747
0.840
0.856
0.868
0.787
0.729
0.707
0.607
0.589
0.586
0.588
0.631
0.682
0.733
0.660
0.738
0.787
0.931
0.760
0.666
0.652
0.667
0.611
0.697
0.800
0.784
0.703
0.640
0.626
0.636
0.680
0.564
0.545
0.551
0.582
0.594
0.540
0.597
0.551
0.478
0.553
0.549
0.471
0.456
0.494
0.501
0.418
0.416
0.462
0.557
0.503
0.547
0.534
0.473
0.537
0.546
0.539
0.564
0.727
0.762
0.767
0.800
0.741
0.757
0.707
0.687
0.663
0.654
0.566
0.480
0.455
0.504
0.589
0.687
0.572
0.567
0.683
0.661
0.539
0.486
0.462
0.503
0.500
0.533
0.545
0.575
0.508
0.475
0.542
0.558
0.527
0.677
0.782
0.851
0.717
0.689
0.564
0.588
0.728
0.917
0.911
0.816
0.700
0.680
0.674
0.707
0.829
0.840
0.828
0.739
0.825
0.917
0.940
0.848
0.794
0.707
0.729
0.964
0.862
0.933
0.951
0.961
0.965
0.810
0.894
0.832
0.757
0.848
0.924
0.959
0.866
0.940
0.799
0.912
0.748
0.735
0.752
0.835
0.720
0.911
0.875
0.700
0.959
0.826
0.838
0.923
0.949
0.916
0.888
0.927
0.829
0.802
0.824
0.835
0.838
0.862
0.919
0.777
0.826
0.706
0.815
0.741
0.755
0.821
0.954
0.754
0.719
0.798
0.800
0.737
0.735
0.659
0.695
0.653
0.734
0.669
0.712
0.701
0.869
0.710
0.631
0.553
0.554
0.627
0.562
0.666
0.721
0.632
0.698
0.780
0.685
0.713
0.773
0.908
0.784
0.706
0.848
0.729
0.745
0.712
0.697
0.728
0.707
0.783
0.734
0.741
0.874
0.775
0.772
0.872
0.816
0.703
0.739
0.715
0.701
0.803
0.797
0.730
0.754
0.655
0.575
0.592
0.796
0.752
0.733
0.945
0.848
0.650
0.546
0.692
0.697
0.691
0.660
0.652
0.740
0.707
0.627
0.598
0.748
0.733
0.718
0.643
0.658
0.795
0.900
0.737
0.792
0.769
0.851
0.832
0.723
0.715
0.716
0.720
0.825
0.962
0.811
0.847
0.902
0.952
0.773
0.888
0.844
0.775
0.867
0.970
0.734
0.941
0.731
0.888
0.876
0.770
0.665
0.733
0.786
0.880
0.759
0.878
0.950
0.870
0.846
0.695
0.644
0.721
0.871
0.744
0.872
0.966
0.940
0.823
0.844
0.848
0.929
0.838
0.740
0.785
0.792
0.820
0.813
0.835
0.899
0.873
0.935
0.817
0.782
0.841
0.880
0.957
0.911
0.953
0.859
0.880
0.769
0.692
0.972
0.865
0.876
0.901
0.962
0.830
0.912
0.878
0.887
0.773
0.721
0.836
0.851
0.969
0.936
0.836
0.819
0.837
0.773
0.765
0.812
0.834
0.923
0.824
0.905
0.794
0.793
0.818
0.820
0.806
0.788
0.774
0.716
0.734
0.729
0.761
0.898
0.758
0.768
0.974
0.892
0.819
0.765
0.735
0.794
0.813
0.794
0.845
0.728
0.653
0.642
0.605
0.615
0.590
0.602
0.706
0.629
0.586
0.576
0.628
0.651
0.546
0.606
0.697
0.650
0.512
0.600
0.751
0.815
0.745
0.802
0.770
0.866
0.797
0.828
0.892
0.813
0.709
0.701
0.753
0.711
0.693
0.922
0.881
0.760
0.663
0.677
0.654
0.629
0.620
0.585
0.577
0.567
0.606
0.575
0.608
0.639
0.774
0.711
0.636
0.708
0.898
0.799
0.692
0.677
0.847
0.764
0.687
0.628
0.600
0.544
0.604
0.534
0.546
0.589
0.558
0.639
0.657
0.717
0.800
0.808
0.740
0.834
0.904
0.682
0.674
0.772
0.768
0.669
0.590
0.535
0.561
0.528
0.490
0.597
0.663
0.698
0.688
0.684
0.561
0.648
0.714
0.728
0.707
0.789
0.830
0.791
0.773
0.781
0.810
0.806
0.939
0.726
0.713
0.725
0.912
0.735
0.961
0.823
0.815
0.938
0.739
0.750
0.760
0.753
0.762
0.767
0.794
0.824
0.967
0.943
0.759
0.652
0.719
0.796
0.889
0.890
0.851
0.812
0.871
0.862
0.904
0.831
0.885
0.840
0.820
0.773
0.948
0.735
0.756
0.856
0.885
0.893
0.960
0.832
0.929
0.817
0.962
0.858
0.923
0.875
0.942
0.922
0.913
0.810
0.785
0.714
0.694
0.759
0.829
0.870
0.875
0.900
0.814
0.891
0.894
0.872
0.824
0.803
0.845
0.970
0.967
0.829
0.880
0.841
0.783
0.785
0.830
0.771
0.781
0.881
0.886
0.778
0.778
0.774
0.836
0.744
0.793
0.797
0.908
0.760
0.726
0.789
0.726
0.761
0.783
0.755
0.730
0.727
0.714
0.736
0.853
0.880
0.837
0.908
0.851
0.790
0.759
0.787
0.830
0.895
0.621
0.686
0.728
0.663
0.604
0.609
0.651
0.695
0.693
0.711
0.799
0.750
0.714
0.733
0.732
0.799
0.613
0.721
0.739
0.712
0.746
0.726
0.783
0.814
0.890
0.962
0.803
0.830
0.655
0.644
0.739
0.926
0.902
0.816
0.795
0.923
0.882
0.928
0.757
0.770
0.711
0.728
0.740
0.773
0.721
0.706
0.711
0.736
0.678
0.723
0.661
0.669
0.964
0.724
0.728
0.712
0.753
0.729
0.762
0.773
0.820
0.908
0.896
0.918
0.903
0.882
0.812
0.866
0.783
0.938
0.788
0.698
0.869
0.847
0.745
0.935
0.782
0.846
0.702
0.915
0.800
0.772
0.888
0.871
0.849
0.971
0.844
0.713
0.821
0.853
0.896
0.730
0.974
0.866
0.976
0.861
0.878
0.911
0.828
0.896
0.932
0.844
0.945
0.857
0.962
0.807
0.825
0.758
0.793
0.860
0.868
0.962
0.978
0.921
0.806
0.910
0.873
0.939
0.951
0.953
0.887
0.939
0.949
0.975
0.979
0.929
0.843
0.892
0.829
0.751
0.744
0.794
0.821
0.797
0.758
0.796
0.895
0.911
0.829
0.825
0.764
0.745
0.787
0.869
0.918
0.814
0.761
0.717
0.767
0.732
0.787
0.762
0.799
0.800
0.837
0.827
0.864
0.917
0.851
0.809
0.780
0.714
0.635
0.644
0.691
0.762
0.872
0.970
0.941
0.848
0.820
0.708
0.808
0.692
0.730
0.720
0.764
0.891
0.802
0.768
0.794
0.727
0.568
0.575
0.560
0.608
0.647
0.619
0.679
0.918
0.684
0.665
0.657
0.671
0.767
0.755
0.931
0.907
0.705
0.700
0.650
0.635
0.620
0.557
0.523
0.645
0.656
0.608
0.545
0.496
0.483
0.540
0.516
0.476
0.483
0.508
0.507
0.556
0.515
0.490
0.828
0.628
0.603
0.678
0.804
0.784
0.674
0.573
0.744
0.935
0.876
0.712
0.711
0.775
0.649
0.579
0.571
0.622
0.720
0.813
0.667
0.662
0.704
0.739
0.917
0.947
0.865
0.791
0.824
0.663
0.637
0.739
0.760
0.702
0.768
0.805
0.928
0.972
0.813
0.857
0.849
0.933
0.852
0.833
0.972
0.940
0.897
0.685
0.647
0.734
0.828
0.882
0.831
0.765
0.693
0.807
0.779
0.865
0.913
0.918
0.934
0.865
0.922
0.881
0.840
0.810
0.840
0.956
0.882
0.826
0.903
0.935
0.944
0.764
0.903
0.805
0.872
0.854
0.870
0.899
0.782
0.788
0.875
0.798
0.744
0.702
0.863
0.748
0.731
0.861
0.881
0.867
0.842
0.758
0.851
0.929
0.828
0.781
0.866
0.833
0.956
0.881
0.849
0.901
0.882
0.721
0.746
0.804
0.888
0.710
0.757
0.751
0.684
0.666
0.734
0.741
0.761
0.897
0.686
0.763
0.660
0.616
0.588
0.462
0.561
0.478
0.611
0.685
0.729
0.697
0.606
0.588
0.699
0.634
0.596
0.649
0.665
0.822
0.693
0.768
0.771
0.818
0.727
0.731
0.744
0.763
0.790
0.659
0.604
0.755
0.881
0.805
0.801
0.852
0.722
0.630
0.699
0.703
0.702
0.637
0.615
0.751
0.725
0.731
0.712
0.731
0.788
0.673
0.726
0.743
0.797
0.839
0.964
0.745
0.749
0.710
0.617
0.585
0.761
0.919
0.904
0.920
0.764
0.680
0.719
0.887
0.730
0.752
0.764
0.819
0.722
0.717
0.832
0.924
0.775
0.720
0.748
0.787
0.797
0.872
0.852
0.774
0.836
0.903
0.965
0.783
0.760
0.726
0.720
0.765
0.770
0.707
0.688
0.719
0.730
0.788
0.746
0.788
0.892
0.829
0.805
0.722
0.774
0.772
0.774
0.809
0.862
0.947
0.941
0.847
0.896
0.884
0.865
0.971
0.853
0.755
0.840
0.816
0.867
0.853
0.825
0.868
0.804
0.901
0.947
0.769
0.972
0.838
0.773
0.806
0.808
0.793
0.887
0.909
0.974
0.808
0.822
0.867
0.908
0.981
0.943
0.938
0.839
0.724
0.906
0.964
0.881
0.938
0.826
0.832
0.863
0.968
0.861
0.892
0.903
0.941
0.837
0.788
0.824
0.880
0.824
0.800
0.745
0.809
0.888
0.882
0.843
0.843
0.841
0.973
0.827
0.799
0.763
0.668
0.629
0.667
0.836
0.727
0.761
0.754
0.785
0.736
0.851
0.839
0.752
0.617
0.595
0.667
0.567
0.552
0.500
0.543
0.536
0.576
0.624
0.517
0.590
0.567
0.607
0.541
0.553
0.654
0.657
0.529
0.517
0.629
0.603
0.491
0.519
0.519
0.502
0.486
0.530
0.729
0.720
0.592
0.601
0.622
0.606
0.587
0.504
0.517
0.518
0.507
0.498
0.549
0.529
0.545
0.631
0.549
0.516
0.624
0.768
0.726
0.754
0.689
0.782
0.726
0.603
0.532
0.571
0.499
0.480
0.481
0.452
0.474
0.481
0.520
0.497
0.482
0.609
0.740
0.631
0.606
0.652
0.702
0.724
0.716
0.655
0.568
0.599
0.753
0.815
0.804
0.933
0.823
0.697
0.692
0.843
0.854
0.841
0.815
0.936
0.887
0.820
0.848
0.864
0.832
0.759
0.749
0.944
0.903
0.975
0.883
0.840
0.852
0.817
0.839
0.811
0.840
0.721
0.852
0.790
0.823
0.855
0.946
0.900
0.972
0.870
0.805
0.760
0.869
0.932
0.963
0.817
0.735
0.808
0.854
0.970
0.854
0.976
0.868
0.783
0.844
0.915
0.922
0.970
0.832
0.855
0.855
0.849
0.810
0.866
0.792
0.921
0.858
0.901
0.879
0.977
0.927
0.825
0.965
0.867
0.970
0.823
0.843
0.899
0.897
0.952
0.882
0.963
0.895
0.834
0.827
0.766
0.782
0.881
0.892
0.869
0.779
0.786
0.769
0.826
0.836
0.772
0.754
0.751
0.710
0.739
0.792
0.763
0.749
0.693
0.659
0.740
0.787
0.699
0.721
0.746
0.647
0.520
0.633
0.583
0.676
0.718
0.797
0.832
0.787
0.728
0.670
0.633
0.754
0.739
0.780
0.909
0.756
0.736
0.808
0.854
0.850
0.853
0.828
0.835
0.809
0.728
0.724
0.712
0.688
0.680
0.694
0.688
0.741
0.754
0.831
0.848
0.842
0.883
0.806
0.906
0.946
0.777
0.833
0.825
0.869
0.821
0.789
0.881
0.837
0.828
0.909
0.871
0.807
0.772
0.778
0.952
0.881
0.714
0.700
0.779
0.903
0.905
0.858
0.871
0.740
0.959
0.928
0.737
0.719
0.851
0.926
0.721
0.686
0.761
0.777
0.811
0.975
0.886
0.741
0.716
0.813
0.882
0.732
0.787
0.829
0.911
0.820
0.883
0.949
0.716
0.780
0.842
0.897
0.834
0.741
0.813
0.954
0.823
0.847
0.907
0.939
0.920
0.814
0.930
0.898
0.743
0.920
0.741
0.972
0.910
0.907
0.973
0.884
0.830
0.915
0.943
0.892
0.854
0.911
0.916
0.848
0.887
0.859
0.977
0.828
0.869
0.935
0.884
0.930
0.847
0.955
0.967
0.877
0.809
0.926
0.851
0.853
0.831
0.807
0.765
0.776
0.742
0.749
0.845
0.889
0.888
0.871
0.785
0.747
0.727
0.821
0.807
0.720
0.640
0.626
0.691
0.891
0.830
0.700
0.766
0.793
0.759
0.760
0.853
0.871
0.889
0.921
0.940
0.956
0.880
0.861
0.834
0.813
0.897
0.864
0.825
0.830
0.803
0.769
0.773
0.748
0.719
0.643
0.581
0.556
0.567
0.621
0.580
0.520
0.552
0.650
0.749
0.863
0.788
0.637
0.618
0.529
0.624
0.730
0.762
0.726
0.645
0.536
0.561
0.629
0.555
0.575
0.592
0.560
0.536
0.591
0.535
0.457
0.495
0.532
0.598
0.566
0.564
0.527
0.568
0.666
0.685
0.667
0.719
0.698
0.594
0.565
0.620
0.625
0.676
0.799
0.783
0.871
0.839
0.855
0.836
0.746
0.680
0.641
0.679
0.607
0.656
0.608
0.593
0.519
0.559
0.606
0.727
0.821
0.956
0.937
0.617
0.560
0.518
0.530
0.564
0.644
0.905
0.651
0.603
0.636
0.697
0.564
0.566
0.600
0.662
0.916
0.719
0.722
0.576
0.526
0.605
0.798
0.872
0.951
0.932
0.787
0.860
0.747
0.799
0.804
0.802
0.852
0.791
0.888
0.908
0.842
0.935
0.969
0.770
0.654
0.610
0.618
0.686
0.730
0.733
0.746
0.928
0.877
0.916
0.906
0.966
0.876
0.812
0.856
0.931
0.850
0.979
0.959
0.962
0.793
0.729
0.906
0.859
0.750
0.858
0.796
0.761
0.728
0.768
0.940
0.741
0.808
0.975
0.853
0.919
0.899
0.924
0.976
0.936
0.928
0.867
0.975
0.834
0.785
0.800
0.871
0.874
0.721
0.779
0.834
0.870
0.770
0.817
0.882
0.788
0.761
0.780
0.693
0.813
0.932
0.766
0.767
0.762
0.772
0.740
0.739
0.964
0.891
0.807
0.948
0.747
0.733
0.709
0.729
0.765
0.745
0.876
0.881
0.817
0.869
0.898
0.779
0.772
0.840
0.879
0.762
0.777
0.881
0.856
0.805
0.818
0.787
0.768
0.782
0.721
0.697
0.712
0.750
0.727
0.706
0.713
0.939
0.718
0.732
0.765
0.862
0.852
0.837
0.886
0.683
0.821
0.734
0.663
0.726
0.798
0.840
0.913
0.805
0.808
0.811
0.961
0.827
0.902
0.868
0.811
0.818
0.826
0.974
0.906
0.944
0.943
0.783
0.938
0.961
0.848
0.932
0.752
0.908
0.933
0.979
0.778
0.693
0.756
0.759
0.874
0.914
0.737
0.726
0.797
0.799
0.836
0.877
0.976
0.897
0.874
0.834
0.892
0.904
0.850
0.954
0.846
0.787
0.959
0.745
0.888
0.765
0.905
0.872
0.792
0.795
0.921
0.974
0.901
0.902
0.782
0.876
0.954
0.826
0.913
0.942
0.916
0.850
0.973
0.807
0.823
0.849
0.862
0.874
0.847
0.806
0.830
0.892
0.936
0.887
0.864
0.933
0.833
0.859
0.904
0.875
0.864
0.951
0.957
0.879
0.928
0.967
0.881
0.890
0.906
0.903
0.924
0.962
0.954
0.940
0.883
0.959
0.938
0.928
0.951
0.920
0.875
0.913
0.976
0.981
0.893
0.945
0.928
0.923
0.939
0.973
0.924
0.903
0.853
0.836
0.856
0.807
0.734
0.782
0.865
0.883
0.887
0.822
0.779
0.811
0.795
0.774
0.820
0.834
0.880
0.944
0.849
0.765
0.712
0.767
0.763
0.726
0.731
0.803
0.837
0.790
0.753
0.748
0.788
0.805
0.776
0.870
0.838
0.944
0.783
0.765
0.723
0.755
0.782
0.793
0.862
0.924
0.930
0.911
0.893
0.944
0.906
0.862
0.845
0.807
0.791
0.769
0.748
0.698
0.842
0.963
0.907
0.799
0.800
0.883
0.832
0.702
0.682
0.627
0.805
0.789
0.667
0.718
0.782
0.862
0.784
0.808
0.653
0.627
0.630
0.706
0.704
0.836
0.816
0.902
0.857
0.846
0.851
0.823
0.816
0.971
0.906
0.849
0.722
0.654
0.681
0.656
0.607
0.615
0.602
0.647
0.732
0.640
0.589
0.587
0.744
0.956
0.721
0.784
0.931
0.897
0.908
0.956
0.815
0.795
0.806
0.851
0.893
0.859
0.820
0.934
0.905
0.901
0.798
0.706
0.713
0.808
0.799
0.829
0.739
0.847
0.928
0.822
0.891
0.825
0.763
0.818
0.860
0.771
0.816
0.890
0.762
0.886
0.806
0.776
0.841
0.714
0.714
0.828
0.959
0.847
0.909
0.966
0.905
0.862
0.927
0.785
0.905
0.720
0.683
0.828
0.867
0.925
0.973
0.874
0.978
0.808
0.875
0.880
0.888
0.855
0.943
0.850
0.887
0.820
0.839
0.872
0.940
0.798
0.894
0.885
0.771
0.720
0.802
0.879
0.899
0.859
0.953
0.871
0.853
0.958
0.923
0.853
0.968
0.974
0.850
0.815
0.812
0.948
0.852
0.840
0.839
0.978
0.941
0.906
0.913
0.768
0.795
0.960
0.965
0.822
0.807
0.805
0.770
0.836
0.947
0.829
0.777
0.833
0.943
0.787
0.795
0.766
0.676
0.695
0.667
0.719
0.659
0.679
0.635
0.792
0.812
0.927
0.788
0.772
0.729
0.732
0.682
0.728
0.749
0.810
0.770
0.760
0.774
0.720
0.739
0.775
0.927
0.876
0.911
0.793
0.769
0.789
0.808
0.803
0.861
0.903
0.831
0.891
0.800
0.924
0.862
0.856
0.844
0.888
0.907
0.821
0.836
0.795
0.826
0.878
0.852
0.820
0.837
0.814
0.837
0.860
0.824
0.773
0.793
0.791
0.919
0.874
0.807
0.855
0.977
0.838
0.890
0.877
0.890
0.805
0.834
0.820
0.829
0.913
0.859
0.868
0.857
0.793
0.786
0.895
0.819
0.746
0.800
0.950
0.976
0.971
0.842
0.848
0.827
0.900
0.756
0.846
0.852
0.866
0.833
0.940
0.973
0.960
0.800
0.916
0.969
0.947
0.899
0.855
0.945
0.934
0.922
0.801
0.842
0.927
0.907
0.968
0.969
0.960
0.939
0.928
0.876
0.974
0.951
0.968
0.886
0.870
0.924
0.948
0.963
0.892
0.933
0.929
0.875
0.940
0.934
0.849
0.843
0.832
0.848
0.838
0.846
0.940
0.940
0.862
0.934
0.918
0.851
0.860
0.856
0.848
0.829
0.821
0.895
0.828
0.842
0.864
0.907
0.872
0.816
0.760
0.714
0.712
0.787
0.798
0.884
0.942
0.948
0.925
0.900
0.954
0.862
0.895
0.920
0.924
0.921
0.849
0.822
0.732
0.695
0.705
0.716
0.742
0.752
0.755
0.760
0.728
0.670
0.742
0.724
0.659
0.664
0.619
0.580
0.562
0.571
0.581
0.597
0.538
0.537
0.682
0.835
0.800
0.793
0.793
0.711
0.629
0.530
0.529
0.602
0.588
0.504
0.489
0.507
0.624
0.841
0.786
0.735
0.683
0.831
0.728
0.640
0.735
0.874
0.741
0.759
0.798
0.709
0.620
0.642
0.660
0.831
0.822
0.820
0.934
0.829
0.829
0.869
0.715
0.734
0.947
0.903
0.874
0.939
0.960
0.947
0.871
0.883
0.920
0.896
0.899
0.864
0.855
0.783
0.890
0.914
0.848
0.758
0.687
0.799
0.739
0.674
0.696
0.662
0.672
0.735
0.767
0.975
0.923
0.869
0.859
0.870
0.917
0.945
0.979
0.930
0.845
0.883
0.914
0.833
0.968
0.890
0.979
0.916
0.834
0.901
0.859
0.903
0.901
0.882
0.759
0.734
0.828
0.845
0.912
0.809
0.895
0.907
0.903
0.900
0.974
0.931
0.968
0.852
0.888
0.892
0.816
0.832
0.779
0.789
0.808
0.813
0.844
0.851
0.796
0.791
0.821
0.885
0.902
0.952
0.889
0.969
0.861
0.972
0.946
0.975
0.835
0.926
0.837
0.814
0.852
0.922
0.867
0.899
0.750
0.754
0.904
0.941
0.933
0.905
0.843
0.816
0.941
0.933
0.886
0.920
0.878
0.863
0.891
0.980
0.880
0.783
0.757
0.887
0.913
0.906
0.906
0.891
0.816
0.813
0.891
0.962
0.907
0.855
0.815
0.893
0.974
0.968
0.816
0.859
0.924
0.934
0.855
0.933
0.948
0.908
0.876
0.970
0.800
0.883
0.884
0.870
0.830
0.814
0.794
0.951
0.835
0.908
0.868
0.943
0.886
0.867
0.871
0.847
0.868
0.746
0.833
0.792
0.861
0.880
0.880
0.869
0.951
0.861
0.922
0.842
0.871
0.910
0.963
0.961
0.965
0.819
0.882
0.890
0.936
0.932
0.971
0.901
0.869
0.893
0.885
0.871
0.959
0.957
0.885
0.924
0.938
0.823
0.945
0.971
0.876
0.802
0.876
0.956
0.890
0.945
0.922
0.981
0.954
0.894
0.969
0.980
0.860
0.915
0.922
0.945
0.912
0.911
0.931
0.911
0.798
0.952
0.961
0.933
0.927
0.978
0.885
0.966
0.904
0.902
0.930
0.912
0.876
0.818
0.856
0.901
0.895
0.970
0.938
0.951
0.961
0.959
0.936
0.928
0.963
0.974
0.883
0.939
0.958
0.958
0.950
0.934
0.955
0.920
0.929
0.956
0.903
0.891
0.960
0.961
0.958
0.883
0.955
0.890
0.925
0.945
0.929
0.911
0.873
0.936
0.913
0.953
0.947
0.910
0.938
0.955
0.858
0.962
0.944
0.942
0.964
0.972
0.971
0.931
0.950
0.958
0.968
0.960
0.898
0.905
0.907
0.939
0.948
0.963
0.960
0.974
0.980
0.939
0.960
0.914
0.935
0.977
0.918
0.902
0.919
0.923
0.900
0.939
0.904
0.912
0.877
0.855
0.870
0.875
0.907
0.892
0.909
0.918
0.877
0.942
0.962
0.929
0.920
0.914
0.902
0.866
0.888
0.893
0.896
0.931
0.944
0.890
0.916
0.865
0.875
0.883
0.864
0.926
0.867
0.905
0.888
0.902
0.886
0.896
0.888
0.846
0.817
0.777
0.772
0.731
0.788
0.891
0.936
0.888
0.899
0.909
0.909
0.946
0.947
0.923
0.942
0.930
0.948
0.928
0.879
0.856
0.847
0.888
0.935
0.929
0.923
0.924
0.916
0.955
0.969
0.968
0.946
0.931
0.940
0.945
0.943
0.932
0.951
0.956
0.921
0.853
0.866
0.885
0.889
0.890
0.939
0.949
0.960
0.953
0.950
0.924
0.912
0.948
0.926
0.940
0.916
0.972
0.938
0.933
0.945
0.919
0.909
0.925
0.933
0.972
0.946
0.924
0.959
0.960
0.948
0.956
0.950
0.947
0.946
0.979
0.957
0.942
0.967
0.976
0.952
0.903
0.943
0.918
0.949
0.969
0.943
0.982
0.949
0.933
0.956
0.916
0.926
0.902
0.961
0.882
0.907
0.868
0.962
0.971
0.860
0.941
0.965
0.980
0.923
0.932
0.958
0.865
0.842
0.823
0.890
0.949
0.952
0.928
0.963
0.939
0.904
0.921
0.912
0.873
0.936
0.964
0.966
0.880
0.981
0.930
0.887
0.919
0.921
0.846
0.854
0.867
0.864
0.843
0.822
0.914
0.940
0.919
0.917
0.941
0.890
0.835
0.979
0.893
0.888
0.927
0.946
0.939
0.807
0.923
0.928
0.955
0.966
0.854
0.894
0.886
0.879
0.913
0.861
0.806
0.908
0.916
0.964
0.961
0.938
0.854
0.791
0.887
0.914
0.952
0.850
0.823
0.847
0.844
0.819
0.850
0.839
0.848
0.852
0.898
0.923
0.855
0.900
0.932
0.935
0.921
0.876
0.805
0.846
0.818
0.852
0.821
0.840
0.929
0.882
0.883
0.895
0.938
0.919
0.923
0.952
0.976
0.934
0.892
0.944
0.979
0.871
0.868
0.952
0.834
0.939
0.865
0.799
0.784
0.862
0.972
0.875
0.903
0.869
0.873
0.963
0.912
0.917
0.889
0.877
0.807
0.865
0.835
0.884
0.956
0.943
0.907
0.955
0.823
0.870
0.897
0.887
0.954
0.910
0.873
0.870
0.930
0.870
0.952
0.944
0.928
0.935
0.858
0.968
0.922
0.951
0.975
0.914
0.927
0.942
0.889
0.932
0.896
0.913
0.935
0.894
0.899
0.860
0.787
0.802
0.762
0.915
0.918
0.943
0.946
0.967
0.944
0.979
0.927
0.899
0.904
0.952
0.970
0.891
0.936
0.960
0.940
0.905
0.963
0.973
0.947
0.928
0.959
0.942
0.944
0.889
0.907
0.933
0.928
0.924
0.916
0.946
0.961
0.966
0.968
0.947
0.952
0.953
0.980
0.977
0.944
0.911
0.915
0.961
0.966
0.967
0.968
0.934
0.942
0.966
0.940
0.938
0.958
0.938
0.955
0.935
0.931
0.937
0.953
0.848
0.824
0.891
0.887
0.876
0.882
0.884
0.912
0.960
0.878
0.845
0.860
0.901
0.951
0.956
0.921
0.900
0.918
0.871
0.918
0.881
0.866
0.889
0.883
0.883
0.918
0.848
0.846
0.870
0.873
0.855
0.769
0.806
0.808
0.856
0.912
0.890
0.867
0.856
0.872
0.921
0.922
0.847
0.863
0.795
0.833
0.873
0.923
0.874
0.903
0.960
0.920
0.905
0.923
0.895
0.849
0.824
0.800
0.832
0.860
0.870
0.842
0.814
0.781
0.792
0.761
0.799
0.806
0.774
0.774
0.845
0.781
0.755
0.759
0.817
0.881
0.900
0.795
0.759
0.781
0.797
0.794
0.813
0.844
0.802
0.836
0.856
0.930
0.932
0.955
0.943
0.939
0.912
0.933
0.939
0.947
0.951
0.918
0.933
0.938
0.906
0.879
0.938
0.901
0.942
0.912
0.973
0.935
0.947
0.953
0.953
0.955
0.946
0.945
0.954
0.954
0.903
0.939
0.938
0.919
0.950
0.915
0.945
0.977
0.922
0.977
0.918
0.948
0.967
0.963
0.916
0.909
0.973
0.945
0.891
0.929
0.968
0.891
0.969
0.902
0.967
0.961
0.939
0.927
0.943
0.960
0.885
0.879
0.873
0.899
0.967
0.921
0.937
0.896
0.871
0.923
0.928
0.969
0.875
0.880
0.866
0.892
0.855
0.852
0.914
0.846
0.887
0.885
0.892
0.883
0.833
0.764
0.808
0.812
0.870
0.883
0.952
0.887
0.917
0.940
0.867
0.878
0.848
0.885
0.854
0.870
0.880
0.910
0.895
0.824
0.846
0.887
0.914
0.912
0.761
0.860
0.917
0.907
0.914
0.875
0.803
0.827
0.804
0.854
0.856
0.893
0.799
0.827
0.777
0.769
0.826
0.813
0.819
0.869
0.822
0.800
0.875
0.820
0.755
0.756
0.865
0.882
0.869
0.890
0.803
0.874
0.898
0.875
0.859
0.899
0.924
0.947
0.870
0.859
0.867
0.917
0.904
0.884
0.888
0.867
0.915
0.911
0.946
0.844
0.889
0.920
0.928
0.930
0.898
0.859
0.796
0.823
0.845
0.824
0.842
0.847
0.838
0.880
0.862
0.949
0.889
0.820
0.859
0.829
0.811
0.882
0.893
0.887
0.807
0.887
0.919
0.858
0.949
0.864
0.899
0.914
0.897
0.880
0.929
0.946
0.902
0.835
0.856
0.899
0.902
0.896
0.828
0.885
0.924
0.931
0.913
0.875
0.979
0.940
0.955
0.882
0.951
0.960
0.960
0.927
0.943
0.971
0.951
0.931
0.894
0.963
0.966
0.958
0.945
0.918
0.930
0.895
0.976
0.930
0.971
0.955
0.917
0.907
0.923
0.904
0.905
0.900
0.937
0.899
0.895
0.873
0.915
0.909
0.950
0.923
0.953
0.961
0.936
0.950
0.940
0.909
0.914
0.964
0.942
0.951
0.918
0.914
0.936
0.918
0.889
0.907
0.966
0.966
0.900
0.871
0.913
0.913
0.893
0.927
0.889
0.864
0.917
0.934
0.943
0.931
0.942
0.893
0.889
0.910
0.912
0.944
0.929
0.944
0.938
0.912
0.942
0.925
0.918
0.853
0.824
0.852
0.795
0.875
0.864
0.858
0.826
0.788
0.775
0.764
0.737
0.714
0.683
0.633
0.697
0.710
0.698
0.719
0.743
0.706
0.759
0.738
0.717
0.735
0.805
0.956
0.978
0.961
0.867
0.860
0.811
0.808
0.839
0.833
0.831
0.894
0.972
0.937
0.934
0.924
0.905
0.938
0.920
0.949
0.887
0.893
0.863
0.866
0.839
0.858
0.944
0.885
0.846
0.818
0.839
0.810
0.815
0.851
0.840
0.842
0.861
0.879
0.954
0.949
0.967
0.928
0.903
0.934
0.925
0.967
0.927
0.908
0.907
0.956
0.955
0.974
0.948
0.926
0.946
0.944
0.928
0.936
0.949
0.918
0.925
0.956
0.938
0.915
0.916
0.920
0.913
0.976
0.972
0.906
0.889
0.933
0.909
0.939
0.957
0.923
0.963
0.891
0.944
0.929
0.944
0.916
0.909
0.942
0.956
0.944
0.961
0.971
0.941
0.898
0.953
0.947
0.935
0.970
0.956
0.957
0.951
0.958
0.917
0.955
0.961
0.956
0.944
0.916
0.929
0.893
0.944
0.972
0.955
0.924
0.903
0.913
0.922
0.932
0.908
0.947
0.884
0.974
0.935
0.982
0.971
0.974
0.969
0.888
0.903
0.871
0.889
0.972
0.862
0.968
0.942
0.888
0.843
0.942
0.808
0.931
0.946
0.843
0.866
0.858
0.891
0.885
0.844
0.900
0.864
0.909
0.907
0.894
0.865
0.968
0.880
0.889
0.868
0.852
0.879
0.867
0.876
0.886
0.892
0.902
0.952
0.845
0.839
0.896
0.947
0.837
0.861
0.835
0.800
0.885
0.878
0.841
0.840
0.870
0.851
0.785
0.785
0.864
0.839
0.921
0.826
0.900
0.863
0.783
0.800
0.792
0.804
0.797
0.779
0.833
0.829
0.853
0.890
0.869
0.823
0.842
0.823
0.885
0.883
0.935
0.865
0.972
0.880
0.911
0.853
0.865
0.836
0.899
0.873
0.908
0.865
0.877
0.836
0.906
0.896
0.928
0.894
0.949
0.901
0.823
0.844
0.887
0.905
0.950
0.905
0.948
0.875
0.947
0.909
0.922
0.910
0.921
0.937
0.866
0.945
0.935
0.895
0.857
0.875
0.953
0.978
0.866
0.793
0.923
0.894
0.853
0.808
0.913
0.876
0.963
0.934
0.929
0.935
0.855
0.965
0.974
0.838
0.915
0.883
0.885
0.885
0.913
0.949
0.865
0.949
0.909
0.885
0.973
0.969
0.876
0.901
0.890
0.934
0.954
0.902
0.971
0.883
0.937
0.973
0.885
0.935
0.927
0.949
0.952
0.916
0.908
0.919
0.938
0.953
0.957
0.930
0.908
0.960
0.876
0.918
0.943
0.900
0.909
0.900
0.883
0.941
0.882
0.930
0.924
0.913
0.918
0.938
0.944
0.935
0.946
0.891
0.955
0.868
0.890
0.907
0.959
0.936
0.896
0.886
0.892
0.937
0.958
0.949
0.864
0.920
0.946
0.887
0.943
0.922
0.949
0.923
0.896
0.853
0.804
0.795
0.793
0.897
0.892
0.893
0.860
0.802
0.765
0.852
0.873
0.886
0.904
0.883
0.865
0.919
0.932
0.952
0.876
0.895
0.890
0.820
0.770
0.754
0.814
0.831
0.795
0.787
0.795
0.872
0.897
0.899
0.964
0.921
0.917
0.898
0.859
0.859
0.903
0.846
0.873
0.891
0.865
0.874
0.847
0.869
0.902
0.862
0.873
0.843
0.857
0.830
0.800
0.808
0.837
0.867
0.961
0.838
0.786
0.798
0.807
0.818
0.803
0.800
0.812
0.797
0.807
0.829
0.934
0.948
0.952
0.900
0.874
0.861
0.888
0.874
0.961
0.956
0.928
0.904
0.838
0.852
0.900
0.906
0.906
0.942
0.894
0.906
0.895
0.872
0.881
0.884
0.887
0.935
0.941
0.908
0.871
0.803
0.817
0.836
0.865
0.822
0.811
0.852
0.912
0.907
0.877
0.910
0.875
0.907
0.867
0.899
0.872
0.913
0.911
0.951
0.969
0.907
0.914
0.908
0.882
0.902
0.975
0.966
0.962
0.949
0.952
0.955
0.882
0.965
0.965
0.925
0.976
0.900
0.966
0.931
0.953
0.965
0.976
0.930
0.901
0.912
0.935
0.884
0.879
0.943
0.915
0.930
0.966
0.965
0.901
0.907
0.882
0.931
0.863
0.844
0.892
0.900
0.885
0.955
0.970
0.884
0.896
0.875
0.879
0.876
0.846
0.882
0.861
0.899
0.867
0.860
0.886
0.786
0.903
0.837
0.893
0.798
0.855
0.818
0.826
0.775
0.775
0.806
0.809
0.873
0.899
0.879
0.848
0.848
0.770
0.903
0.867
0.815
0.833
0.871
0.864
0.841
0.900
0.746
0.711
0.733
0.773
0.873
0.758
0.759
0.778
0.866
0.760
0.750
0.716
0.824
0.787
0.755
0.788
0.774
0.773
0.859
0.817
0.802
0.814
0.894
0.732
