19790101
0.650
0.636
0.608
0.647
0.660
0.657
0.673
0.694
0.653
0.643
0.658
0.648
0.625
0.685
0.664
0.536
0.557
0.568
0.564
0.550
0.615
0.657
0.629
0.651
0.668
0.656
0.714
0.769
0.755
0.694
0.603
0.640
0.587
0.460
0.418
0.526
0.529
0.490
0.535
0.576
0.639
0.638
0.558
0.578
0.577
0.615
0.617
0.550
0.490
0.447
0.483
0.464
0.530
0.589
0.565
0.628
0.744
0.901
0.912
0.787
0.725
0.637
0.674
0.734
0.712
0.913
0.893
0.833
0.673
0.652
0.699
0.599
0.616
0.623
0.589
0.553
0.529
0.612
0.652
0.826
0.883
0.800
0.687
0.689
0.766
0.718
0.672
0.691
0.621
0.554
0.571
0.566
0.653
0.660
0.681
0.691
0.714
0.655
0.635
0.657
0.525
0.466
0.571
0.728
0.736
0.733
0.861
0.671
0.771
0.807
0.848
0.959
0.831
0.866
0.863
0.966
0.760
0.869
0.894
0.891
0.884
0.918
0.838
0.824
0.859
0.753
0.765
0.802
0.776
0.761
0.812
0.859
0.870
0.779
0.763
0.976
0.804
0.934
0.851
0.843
0.933
0.776
0.843
0.886
0.816
0.875
0.776
0.800
0.931
0.780
0.775
0.811
0.811
0.890
0.760
0.925
0.737
0.928
0.857
0.727
0.761
0.754
0.754
0.696
0.741
0.691
0.678
0.742
0.690
0.674
0.665
0.658
0.661
0.676
0.620
0.650
0.613
0.648
0.649
0.687
0.681
0.708
0.711
0.655
0.678
0.669
0.441
0.423
0.464
0.607
0.617
0.615
0.695
0.699
0.725
0.721
0.693
0.696
0.805
0.749
0.737
0.598
0.621
0.619
0.654
0.656
0.594
0.535
0.483
0.489
0.606
0.828
0.773
0.689
0.688
0.589
0.559
0.533
0.513
0.444
0.455
0.396
0.423
0.538
0.502
0.583
0.694
0.721
0.694
0.641
0.549
0.605
0.656
0.620
0.644
0.757
0.806
0.762
0.672
0.756
0.786
0.864
0.823
0.798
0.792
0.736
0.813
0.917
0.680
0.770
0.929
0.788
0.837
0.857
0.797
0.735
0.898
0.743
0.878
0.688
0.789
0.748
0.707
0.754
0.711
0.752
0.823
0.692
0.765
0.789
0.758
0.836
0.700
0.731
0.652
0.561
0.539
0.626
0.661
0.693
0.748
0.849
0.706
0.860
0.735
0.705
0.905
0.630
0.744
0.873
0.938
0.700
0.916
0.845
0.783
0.627
0.872
0.750
0.815
0.964
0.822
0.918
0.675
0.673
0.811
0.848
0.910
0.898
0.936
0.874
0.828
0.801
0.823
0.840
0.963
0.978
0.821
0.737
0.847
0.900
0.829
0.842
0.842
0.904
0.809
0.940
0.894
0.848
0.851
0.838
0.751
0.769
0.776
0.809
0.784
0.787
0.733
0.726
0.676
0.648
0.643
0.647
0.669
0.713
0.628
0.582
0.567
0.674
0.740
0.775
0.820
0.829
0.944
0.864
0.932
0.796
0.778
0.719
0.774
0.644
0.671
0.689
0.775
0.747
0.780
0.805
0.766
0.728
0.694
0.641
0.569
0.499
0.488
0.499
0.491
0.515
0.495
0.534
0.545
0.571
0.697
0.713
0.640
0.697
0.675
0.623
0.609
0.589
0.656
0.607
0.480
0.493
0.574
0.645
0.629
0.577
0.639
0.634
0.691
0.757
0.678
0.568
0.537
0.499
0.475
0.525
0.568
0.448
0.465
0.416
0.497
0.543
0.653
0.772
0.816
0.749
0.641
0.630
0.586
0.543
0.453
0.464
0.452
0.488
0.495
0.492
0.601
0.683
0.702
0.550
0.468
0.426
0.464
0.406
0.409
0.461
0.472
0.507
0.570
0.517
0.420
0.419
0.491
0.517
0.501
0.446
0.501
0.536
0.468
0.468
0.442
0.395
0.389
0.421
0.431
0.450
0.418
0.439
0.511
0.525
0.436
0.435
0.504
0.514
0.490
0.656
0.742
0.512
0.513
0.692
0.733
0.602
0.524
0.425
0.414
0.428
0.573
0.899
0.605
0.572
0.742
0.756
0.776
0.764
0.753
0.900
0.802
0.864
0.794
0.650
0.757
0.852
0.760
0.765
0.819
0.766
0.626
0.638
0.682
0.777
0.685
0.644
0.664
0.722
0.619
0.624
0.740
0.746
0.709
0.742
0.720
0.800
0.778
0.728
0.717
0.718
0.804
0.868
0.883
0.737
0.731
0.734
0.730
0.703
0.634
0.695
0.713
0.708
0.733
0.749
0.736
0.489
0.460
0.534
0.553
0.750
0.771
0.712
0.571
0.745
0.628
0.573
0.568
0.448
0.414
0.391
0.393
0.457
0.375
0.369
0.401
0.365
0.349
0.392
0.379
0.348
0.424
0.482
0.525
0.507
0.505
0.470
0.426
0.450
0.441
0.548
0.576
0.486
0.614
0.687
0.633
0.658
0.595
0.545
0.600
0.651
0.574
0.521
0.540
0.619
0.570
0.626
0.683
0.682
0.713
0.671
0.677
0.721
0.664
0.627
0.610
0.616
0.608
0.664
0.674
0.670
0.737
0.636
0.633
0.628
0.646
0.485
0.417
0.516
0.507
0.471
0.471
0.567
0.488
0.646
0.742
0.685
0.709
0.675
0.620
0.612
0.653
0.581
0.556
0.486
0.505
0.655
0.698
0.822
0.860
0.582
0.582
0.689
0.756
0.763
0.805
0.793
0.648
0.723
0.787
0.736
0.739
0.803
0.827
0.847
0.827
0.766
0.973
0.896
0.747
0.921
0.819
0.703
0.733
0.790
0.728
0.732
0.749
0.774
0.810
0.947
0.744
0.847
0.856
0.751
0.655
0.607
0.676
0.736
0.797
0.708
0.677
0.736
0.765
0.733
0.777
0.864
0.826
0.896
0.664
0.950
0.764
0.822
0.823
0.831
0.885
0.805
0.840
0.852
0.837
0.826
0.800
0.728
0.657
0.675
0.631
0.657
0.731
0.740
0.779
0.680
0.662
0.652
0.739
0.703
0.712
0.697
0.699
0.711
0.738
0.730
0.709
0.662
0.764
0.660
0.674
0.774
0.773
0.800
0.800
0.822
0.836
0.783
0.707
0.648
0.645
0.677
0.654
0.632
0.593
0.682
0.786
0.878
0.824
0.826
0.772
0.716
0.675
0.590
0.591
0.641
0.621
0.587
0.583
0.610
0.602
0.576
0.559
0.633
0.655
0.602
0.583
0.615
0.601
0.616
0.582
0.564
0.552
0.538
0.596
0.743
0.700
0.597
0.563
0.560
0.569
0.506
0.493
0.550
0.560
0.642
0.629
0.555
0.530
0.501
0.554
0.488
0.470
0.535
0.470
0.569
0.683
0.730
0.694
0.626
0.646
0.661
0.676
0.801
0.928
0.807
0.683
0.607
0.651
0.522
0.540
0.625
0.649
0.641
0.694
0.744
0.725
0.639
0.635
0.667
0.542
0.463
0.538
0.618
0.604
0.521
0.537
0.542
0.606
0.641
0.538
0.488
0.532
0.609
0.500
0.521
0.549
0.480
0.489
0.472
0.433
0.404
0.435
0.485
0.592
0.582
0.503
0.529
0.514
0.512
0.538
0.512
0.614
0.581
0.816
0.697
0.836
0.771
0.773
0.781
0.747
0.651
0.730
0.811
0.808
0.773
0.781
0.697
0.760
0.818
0.935
0.937
0.813
0.816
0.952
0.856
0.965
0.717
0.721
0.873
0.923
0.964
0.864
0.820
0.923
0.769
0.786
0.840
0.737
0.708
0.637
0.723
0.731
0.778
0.936
0.784
0.842
0.794
0.883
0.887
0.792
0.750
0.765
0.804
0.875
0.715
0.774
0.782
0.791
0.973
0.762
0.816
0.812
0.742
0.733
0.748
0.717
0.762
0.821
0.881
0.800
0.683
0.693
0.758
0.723
0.787
0.798
0.632
0.725
0.688
0.687
0.792
0.730
0.675
0.651
0.734
0.834
0.794
0.696
0.637
0.697
0.736
0.687
0.645
0.597
0.643
0.614
0.640
0.682
0.674
0.591
0.592
0.493
0.767
0.648
0.604
0.526
0.501
0.516
0.489
0.503
0.491
0.465
0.424
0.451
0.515
0.513
0.494
0.523
0.675
0.655
0.571
0.486
0.437
0.622
0.597
0.829
0.645
0.659
0.693
0.691
0.574
0.619
0.685
0.668
0.741
0.814
0.776
0.623
0.606
0.561
0.582
0.725
0.717
0.825
0.733
0.777
0.791
0.669
0.689
0.668
0.713
0.781
0.790
0.874
0.742
0.743
0.850
0.627
0.641
0.677
0.678
0.697
0.677
0.612
0.523
0.588
0.574
0.667
0.718
0.683
0.887
0.769
0.658
0.643
0.665
0.684
0.717
0.706
0.664
0.736
0.787
0.851
0.749
0.792
0.769
0.876
0.832
0.804
0.858
0.965
0.781
0.757
0.790
0.769
0.968
0.780
0.930
0.821
0.824
0.739
0.916
0.729
0.923
0.793
0.891
0.834
0.792
0.778
0.796
0.785
0.915
0.872
0.757
0.751
0.847
0.921
0.818
0.855
0.898
0.803
0.804
0.858
0.847
0.852
0.856
0.932
0.748
0.767
0.762
0.709
0.711
0.731
0.850
0.776
0.821
0.746
0.785
0.783
0.932
0.818
0.813
0.668
0.776
0.963
0.872
0.785
0.710
0.784
0.762
0.676
0.700
0.767
0.796
0.749
0.747
0.692
0.652
0.601
0.637
0.640
0.670
0.718
0.721
0.755
0.900
0.849
0.730
0.723
0.848
0.898
0.769
0.635
0.663
0.620
0.681
0.587
0.623
0.590
0.634
0.741
0.672
0.639
0.487
0.452
0.516
0.491
0.556
0.522
0.546
0.534
0.576
0.655
0.574
0.584
0.565
0.605
0.573
0.538
0.621
0.689
0.694
0.598
0.643
0.664
0.657
0.701
0.667
0.616
0.656
0.700
0.621
0.662
0.825
0.739
0.826
0.710
0.736
0.648
0.934
0.702
0.617
0.546
0.569
0.568
0.573
0.627
0.598
0.544
0.590
0.589
0.578
0.555
0.479
0.515
0.551
0.520
0.536
0.559
0.552
0.556
0.569
0.588
0.539
0.511
0.483
0.483
0.503
0.593
0.636
0.774
0.900
0.620
0.648
0.590
0.586
0.663
0.687
0.766
0.657
0.604
0.697
0.871
0.699
0.636
0.630
0.706
0.867
0.934
0.696
0.711
0.835
0.686
0.874
0.828
0.777
0.604
0.610
0.710
0.703
0.632
0.582
0.672
0.810
0.827
0.654
0.930
0.716
0.772
0.857
0.774
0.923
0.736
0.737
0.778
0.718
0.695
0.741
0.775
0.803
0.819
0.675
0.735
0.772
0.892
0.717
0.726
0.709
0.757
0.793
0.728
0.902
0.929
0.835
0.903
0.895
0.628
0.532
0.570
0.710
0.702
0.692
0.692
0.704
0.774
0.634
0.711
0.674
0.638
0.708
0.528
0.582
0.537
0.586
0.631
0.652
0.652
0.683
0.607
0.449
0.442
0.468
0.478
0.423
0.398
0.382
0.370
0.345
0.356
0.414
0.443
0.450
0.461
0.538
0.484
0.484
0.496
0.508
0.573
0.549
0.435
0.380
0.430
0.460
0.443
0.436
0.453
0.491
0.466
0.414
0.428
0.374
0.428
0.559
0.537
0.568
0.491
0.392
0.373
0.452
0.496
0.369
0.350
0.481
0.612
0.577
0.535
0.407
0.386
0.398
0.389
0.448
0.458
0.456
0.417
0.428
0.415
0.334
0.391
0.419
0.414
0.413
0.431
0.475
0.510
0.478
0.490
0.493
0.546
0.629
0.435
0.497
0.597
0.571
0.467
0.403
0.536
0.593
0.591
0.581
0.540
0.595
0.599
0.651
0.736
0.747
0.610
0.517
0.533
0.581
0.531
0.520
0.602
0.719
0.756
0.742
0.803
0.931
0.724
0.867
0.731
0.669
0.731
0.639
0.661
0.757
0.835
0.865
0.785
0.709
0.822
0.759
0.857
0.638
0.752
0.876
0.807
0.850
0.697
0.874
0.785
0.860
0.768
0.707
0.661
0.642
0.644
0.591
0.641
0.627
0.793
0.720
0.963
0.742
0.846
0.871
0.767
0.689
0.700
0.723
0.826
0.793
0.651
0.541
0.528
0.609
0.690
0.700
0.557
0.682
0.763
0.834
0.762
0.681
0.578
0.629
0.797
0.704
0.717
0.646
0.567
0.526
0.579
0.664
0.607
0.551
0.627
0.632
0.692
0.810
0.711
0.736
0.719
0.655
0.508
0.525
0.629
0.715
0.694
0.799
0.699
0.706
0.619
0.563
0.510
0.571
0.652
0.605
0.645
0.662
0.601
0.577
0.525
0.543
0.545
0.526
0.496
0.467
0.398
0.412
0.417
0.437
0.478
0.551
0.525
0.486
0.521
0.437
0.440
0.433
0.466
0.503
0.520
0.461
0.488
0.585
0.515
0.538
0.610
0.558
0.534
0.540
0.456
0.498
0.447
0.526
0.518
0.509
0.502
0.535
0.591
0.481
0.558
0.490
0.584
0.501
0.487
0.488
0.446
0.466
0.509
0.460
0.447
0.493
0.442
0.508
0.481
0.496
0.745
0.531
0.481
0.531
0.549
0.516
0.514
0.534
0.580
0.631
0.666
0.558
0.648
0.649
0.617
0.521
0.480
0.629
0.762
0.675
0.623
0.459
0.418
0.451
0.429
0.420
0.730
0.646
0.589
0.546
0.478
0.494
0.518
0.565
0.573
0.705
0.606
0.570
0.549
0.622
0.630
0.623
0.624
0.648
0.674
0.620
0.620
0.644
0.697
0.926
0.765
0.848
0.682
0.688
0.671
0.696
0.747
0.721
0.693
0.917
0.883
0.926
0.877
0.711
0.755
0.815
0.880
0.768
0.761
0.679
0.777
0.791
0.647
0.644
0.729
0.829
0.747
0.938
0.731
0.768
0.878
0.853
0.948
0.847
0.775
0.628
0.623
0.725
0.885
0.669
0.917
0.759
0.695
0.627
0.694
0.684
0.779
0.706
0.666
0.602
0.709
0.709
0.888
0.748
0.912
0.700
0.700
0.916
0.768
0.642
0.754
0.584
0.503
0.497
0.521
0.653
0.607
0.504
0.604
0.611
0.576
0.617
0.587
0.611
0.527
0.514
0.472
0.484
0.683
0.677
0.620
0.696
0.696
0.686
0.591
0.455
0.418
0.482
0.644
0.544
0.474
0.376
0.371
0.369
0.397
0.491
0.529
0.419
0.327
0.329
0.425
0.490
0.509
0.564
0.494
0.492
0.616
0.607
0.538
0.539
0.854
0.561
0.528
0.453
0.521
0.601
0.573
0.554
0.445
0.436
0.463
0.374
0.374
0.481
0.554
0.490
0.555
0.537
0.523
0.604
0.492
0.507
0.539
0.550
0.589
0.575
0.556
0.642
0.543
0.598
0.606
0.632
0.628
0.704
0.701
0.594
0.605
0.539
0.574
0.639
0.638
0.673
0.693
0.638
0.590
0.574
0.686
0.728
0.629
0.598
0.664
0.639
0.598
0.584
0.570
0.494
0.501
0.550
0.603
0.621
0.658
0.540
0.635
0.671
0.673
0.661
0.647
0.703
0.671
0.743
0.821
0.957
0.863
0.714
0.756
0.808
0.958
0.982
0.738
0.728
0.788
0.792
0.772
0.833
0.696
0.766
0.864
0.815
0.845
0.786
0.787
0.806
0.772
0.659
0.692
0.837
0.850
0.858
0.773
0.774
0.841
0.794
0.801
0.910
0.629
0.569
0.612
0.624
0.646
0.671
0.709
0.714
0.695
0.689
0.803
0.741
0.738
0.711
0.659
0.720
0.760
0.720
0.721
0.734
0.717
0.792
0.682
0.735
0.783
0.719
0.648
0.684
0.661
0.794
0.738
0.796
0.722
0.636
0.554
0.520
0.548
0.540
0.634
0.659
0.580
0.568
0.607
0.576
0.707
0.680
0.696
0.576
0.615
0.639
0.653
0.719
0.695
0.646
0.764
0.667
0.649
0.557
0.552
0.671
0.569
0.487
0.551
0.597
0.614
0.623
0.650
0.642
0.575
0.559
0.585
0.648
0.702
0.680
0.585
0.551
0.594
0.619
0.806
0.741
0.795
0.711
0.664
0.611
0.579
0.592
0.563
0.704
0.748
0.762
0.751
0.714
0.599
0.556
0.553
0.628
0.715
0.659
0.633
0.697
0.650
0.670
0.748
0.770
0.635
0.568
0.584
0.559
0.548
0.626
0.614
0.631
0.651
0.598
0.531
0.459
0.472
0.520
0.498
0.467
0.577
0.719
0.584
0.530
0.494
0.576
0.652
0.691
0.624
0.558
0.591
0.663
0.707
0.670
0.722
0.630
0.543
0.551
0.507
0.600
0.684
0.663
0.669
0.633
0.670
0.661
0.860
0.633
0.743
0.737
0.645
0.687
0.665
0.497
0.578
0.626
0.722
0.914
0.678
0.709
0.741
0.804
0.863
0.785
0.859
0.787
0.834
0.692
0.613
0.581
0.659
0.682
0.654
0.723
0.908
0.923
0.934
0.828
0.900
0.949
0.904
0.786
0.726
0.662
0.599
0.576
0.660
0.704
0.807
0.725
0.798
0.816
0.735
0.600
0.668
0.832
0.714
0.800
0.816
0.731
0.626
0.671
0.754
0.778
0.663
0.652
0.702
0.637
0.644
0.556
0.632
0.586
0.482
0.517
0.583
0.485
0.493
0.528
0.552
0.607
0.717
0.740
0.715
0.692
0.701
0.701
0.779
0.805
0.739
0.714
0.815
0.698
0.704
0.683
0.760
0.672
0.652
0.598
0.594
0.589
0.619
0.522
0.522
0.519
0.521
0.532
0.550
0.650
0.637
0.528
0.564
0.651
0.585
0.641
0.616
0.542
0.613
0.692
0.653
0.643
0.671
0.632
0.599
0.675
0.664
0.569
0.559
0.663
0.660
0.626
0.657
0.713
0.726
0.696
0.829
0.659
0.660
0.716
0.769
0.713
0.706
0.659
0.666
0.641
0.658
0.707
0.605
0.629
0.693
0.640
0.564
0.513
0.486
0.533
0.629
0.641
0.703
0.821
0.639
0.631
0.728
0.732
0.758
0.840
0.737
0.799
0.741
0.955
0.752
0.750
0.817
0.877
0.703
0.731
0.721
0.626
0.700
0.787
0.761
0.627
0.691
0.803
0.766
0.954
0.751
0.783
0.848
0.687
0.692
0.739
0.663
0.736
0.782
0.783
0.761
0.702
0.916
0.744
0.709
0.896
0.871
0.852
0.863
0.841
0.913
0.941
0.875
0.769
0.827
0.924
0.887
0.847
0.910
0.882
0.823
0.926
0.962
0.899
0.875
0.880
0.865
0.864
0.792
0.778
0.716
0.811
0.752
0.786
0.783
0.721
0.724
0.776
0.859
0.808
0.852
0.904
0.847
0.798
0.785
0.706
0.594
0.503
0.583
0.640
0.611
0.598
0.624
0.672
0.610
0.718
0.882
0.822
0.641
0.665
0.733
0.679
0.719
0.631
0.664
0.668
0.714
0.724
0.607
0.560
0.520
0.530
0.526
0.491
0.519
0.456
0.457
0.480
0.558
0.587
0.636
0.584
0.614
0.580
0.586
0.590
0.588
0.583
0.500
0.522
0.540
0.535
0.524
0.594
0.580
0.533
0.545
0.584
0.596
0.468
0.481
0.527
0.549
0.531
0.582
0.555
0.529
0.470
0.478
0.455
0.497
0.400
0.314
0.388
0.536
0.642
0.545
0.464
0.451
0.437
0.471
0.562
0.438
0.393
0.360
0.314
0.316
0.375
0.389
0.434
0.444
0.417
0.455
0.485
0.483
0.551
0.539
0.521
0.603
0.634
0.567
0.521
0.428
0.353
0.445
0.628
0.816
0.699
0.614
0.542
0.564
0.663
0.669
0.886
0.707
0.801
0.651
0.628
0.622
0.567
0.602
0.604
0.563
0.699
0.700
0.731
0.759
0.881
0.779
0.707
0.663
0.630
0.654
0.638
0.756
0.675
0.587
0.570
0.489
0.504
0.629
0.601
0.592
0.573
0.574
0.637
0.744
0.833
0.715
0.651
0.716
0.623
0.566
0.689
0.736
0.689
0.655
0.624
0.682
0.751
0.701
0.668
0.666
0.825
0.694
0.835
0.848
0.844
0.832
0.841
0.787
0.835
0.798
0.933
0.848
0.646
0.694
0.719
0.741
0.747
0.734
0.697
0.712
0.668
0.612
0.642
0.654
0.741
0.914
0.741
0.719
0.811
0.709
0.822
0.648
0.634
0.563
0.420
0.439
0.408
0.435
0.415
0.457
0.415
0.397
0.383
0.377
0.368
0.409
0.372
0.389
0.439
0.533
0.514
0.457
0.393
0.440
0.428
0.484
0.419
0.406
0.464
0.379
0.395
0.603
0.716
0.648
0.570
0.416
0.435
0.442
0.527
0.614
0.540
0.530
0.445
0.500
0.589
0.587
0.712
0.772
0.597
0.637
0.733
0.620
0.655
0.502
0.523
0.624
0.610
0.513
0.629
0.636
0.641
0.717
0.662
0.692
0.749
0.662
0.591
0.674
0.762
0.717
0.672
0.686
0.700
0.599
0.622
0.703
0.630
0.662
0.605
0.687
0.741
0.664
0.565
0.576
0.616
0.574
0.534
0.462
0.504
0.550
0.621
0.668
0.842
0.736
0.933
0.678
0.702
0.826
0.823
0.705
0.697
0.749
0.611
0.585
0.536
0.525
0.784
0.707
0.700
0.716
0.750
0.948
0.657
0.705
0.737
0.667
0.736
0.792
0.755
0.585
0.690
0.844
0.833
0.818
0.730
0.664
0.649
0.593
0.601
0.648
0.684
0.749
0.713
0.724
0.828
0.676
0.831
0.743
0.833
0.938
0.869
0.786
0.955
0.863
0.743
0.863
0.749
0.607
0.605
0.633
0.930
0.755
0.770
0.820
0.712
0.694
0.681
0.693
0.758
0.914
0.831
0.826
0.812
0.857
0.789
0.733
0.739
0.760
0.799
0.808
0.751
0.715
0.759
0.762
0.820
0.840
0.885
0.822
0.821
0.852
0.859
0.933
0.798
0.811
0.855
0.696
0.684
0.647
0.667
0.666
0.652
0.619
0.543
0.511
0.464
0.500
0.504
0.579
0.641
0.548
0.572
0.519
0.505
0.543
0.662
0.659
0.582
0.516
0.541
0.528
0.538
0.581
0.569
0.551
0.572
0.613
0.552
0.534
0.503
0.544
0.516
0.596
0.560
0.483
0.533
0.532
0.555
0.483
0.466
0.506
0.504
0.607
0.605
0.602
0.648
0.689
0.588
0.582
0.600
0.518
0.497
0.514
0.610
0.794
0.580
0.532
0.539
0.559
0.577
0.523
0.496
0.601
0.632
0.568
0.564
0.589
0.602
0.824
0.777
0.688
0.720
0.623
0.665
0.873
0.703
0.673
0.698
0.661
0.789
0.712
0.622
0.616
0.614
0.588
0.505
0.471
0.546
0.595
0.653
0.663
0.698
0.677
0.550
0.608
0.544
0.511
0.465
0.476
0.612
0.608
0.492
0.462
0.421
0.437
0.525
0.561
0.623
0.673
0.942
0.733
0.819
0.774
0.910
0.658
0.579
0.664
0.756
0.940
0.669
0.598
0.634
0.812
0.657
0.604
0.611
0.824
0.767
0.941
0.783
0.946
0.704
0.640
0.751
0.739
0.781
0.791
0.927
0.781
0.673
0.678
0.888
0.757
0.729
0.748
0.800
0.751
0.750
0.781
0.805
0.860
0.638
0.711
0.691
0.879
0.661
0.709
0.722
0.835
0.616
0.635
0.698
0.876
0.660
0.747
0.958
0.931
0.879
-99.000
0.971
0.912
0.906
0.777
0.814
0.876
0.712
0.692
0.708
0.688
0.696
0.563
0.462
0.506
0.597
0.610
0.524
0.577
0.567
0.467
0.450
0.476
0.607
0.612
0.476
0.460
0.481
0.456
0.520
0.582
0.484
0.400
0.370
0.424
0.506
0.480
0.502
0.448
0.376
0.379
0.382
0.396
0.394
0.328
0.415
0.495
0.533
0.523
0.482
0.467
0.488
0.567
0.402
0.342
0.352
0.330
0.328
0.357
0.371
0.417
0.421
0.364
0.400
0.437
0.489
0.468
0.498
0.466
0.390
0.432
0.418
0.422
0.481
0.527
0.528
0.595
0.592
0.537
0.511
0.517
0.542
0.611
0.594
0.577
0.597
0.650
0.587
0.556
0.482
0.536
0.629
0.659
0.677
0.663
0.780
0.694
0.559
0.456
0.426
0.470
0.432
0.436
0.436
0.436
0.506
0.680
0.571
0.489
0.552
0.692
0.650
0.642
0.632
0.656
0.707
0.733
0.836
0.815
0.818
0.747
0.898
0.727
0.701
0.772
0.879
0.727
0.904
0.665
0.645
0.786
0.722
0.791
0.873
0.832
0.843
0.883
0.954
0.707
0.765
0.744
0.964
0.807
0.842
0.919
0.786
0.971
0.765
0.819
0.776
0.747
0.783
0.795
0.769
0.830
0.741
0.782
0.776
0.769
0.687
0.654
0.622
0.836
0.799
0.821
0.811
0.980
0.751
0.835
0.951
0.782
0.752
0.805
0.825
0.873
0.763
0.897
0.869
0.790
0.807
0.815
0.833
0.828
0.730
0.759
0.711
0.766
0.680
0.625
0.717
0.767
0.754
0.674
0.571
0.523
0.497
0.469
0.488
0.591
0.617
0.577
0.548
0.536
0.453
0.492
0.461
0.422
0.536
-99.000
-99.000
-99.000
-99.000
-99.000
-99.000
-99.000
-99.000
0.595
0.592
0.494
0.517
0.705
0.788
0.758
0.733
0.592
0.555
0.504
0.445
0.432
0.481
0.485
0.483
0.438
0.433
0.509
0.516
0.556
0.695
0.800
0.689
0.609
0.569
0.525
0.501
0.490
0.475
0.487
0.546
0.472
0.455
0.440
0.424
0.514
0.592
0.687
0.697
0.618
0.569
0.570
0.855
0.617
0.610
0.588
0.601
0.510
0.497
0.486
0.475
0.491
0.414
0.477
0.489
0.485
0.420
0.414
0.405
0.435
0.473
0.607
0.695
0.597
0.523
0.553
0.706
0.551
0.629
0.513
0.514
0.599
0.606
0.512
0.476
0.443
0.535
0.608
0.709
0.699
0.730
0.644
0.703
0.667
0.669
0.711
0.676
0.691
0.844
0.875
0.736
0.830
0.821
0.721
0.840
0.701
0.656
0.684
0.673
0.592
0.473
0.424
0.482
0.593
0.663
0.627
0.592
0.573
0.686
0.631
0.774
0.658
0.702
0.807
0.765
0.753
0.824
0.708
0.737
0.797
0.828
0.862
0.963
0.776
0.814
0.789
0.911
0.908
0.707
0.653
0.564
0.641
0.739
0.684
0.932
0.687
0.664
0.767
0.937
0.806
0.709
0.882
0.899
0.758
0.807
0.883
0.702
0.645
0.748
0.700
0.663
0.660
0.660
0.745
0.837
0.953
0.789
0.646
0.569
0.562
0.546
0.580
0.560
0.645
0.607
0.588
0.582
0.683
0.692
0.723
0.707
0.741
0.766
0.699
0.672
0.598
0.599
0.489
0.546
0.760
0.673
0.575
0.596
0.710
0.595
0.519
0.564
0.635
0.550
0.523
0.614
0.619
0.550
0.592
0.677
0.701
0.852
0.808
0.617
0.575
0.525
0.547
0.556
0.537
0.566
0.648
0.725
0.804
0.823
0.798
0.632
0.649
0.719
0.781
0.762
0.713
0.677
0.670
0.601
0.706
0.655
0.650
0.663
0.851
0.657
0.553
0.529
0.690
0.712
0.613
0.521
0.599
0.584
0.625
0.564
0.500
0.551
0.512
0.589
0.685
0.648
0.653
0.693
0.694
0.769
0.726
0.810
0.834
0.661
0.760
0.694
0.663
0.594
0.569
0.666
0.742
0.858
0.730
0.669
0.628
0.661
0.659
0.784
0.791
0.804
0.656
0.886
0.718
0.714
0.705
0.773
0.855
0.853
0.784
0.877
0.956
0.903
0.751
0.718
0.841
0.839
0.972
0.770
0.954
0.853
0.968
0.814
0.764
0.939
0.682
0.892
0.768
0.812
0.805
0.793
0.801
0.821
0.869
0.962
0.840
0.857
0.820
0.965
0.836
0.851
0.848
0.909
0.843
0.851
0.793
0.695
0.675
0.663
0.678
0.723
0.776
0.788
0.772
0.811
0.823
0.755
0.756
0.895
0.833
0.826
0.790
0.853
0.967
0.860
0.822
0.881
0.887
0.912
0.859
0.802
0.782
0.875
0.966
0.784
0.864
0.788
0.855
0.844
0.920
0.846
0.769
0.707
0.718
0.713
0.665
0.568
0.511
0.509
0.443
0.421
0.459
0.469
0.470
0.465
0.491
0.516
0.567
0.568
0.503
0.458
0.464
0.486
0.500
0.563
0.573
0.590
0.534
0.494
0.544
0.518
0.497
0.490
0.582
0.539
0.515
0.531
0.580
0.612
0.526
0.525
0.513
0.512
0.540
0.455
0.443
0.478
0.499
0.517
0.494
0.423
0.389
0.385
0.494
0.644
0.546
0.552
0.537
0.524
0.572
0.618
0.649
0.644
0.599
0.549
0.534
0.553
0.513
0.531
0.517
0.492
0.562
0.570
0.494
0.521
0.516
0.522
0.539
0.577
0.541
0.564
0.531
0.452
0.393
0.437
0.483
0.509
0.497
0.516
0.623
0.599
0.601
0.541
0.612
0.617
0.601
0.520
0.435
0.358
0.386
0.414
0.403
0.401
0.408
0.383
0.403
0.411
0.435
0.476
0.508
0.503
0.454
0.471
0.550
0.668
0.692
0.700
0.920
0.885
0.673
0.842
0.795
0.796
0.783
0.755
0.736
0.722
0.689
0.745
0.800
0.783
0.813
0.847
0.715
0.648
0.649
0.666
0.776
0.772
0.782
0.689
0.566
0.860
0.802
0.864
0.860
0.758
0.704
0.717
0.707
0.671
0.633
0.684
0.706
0.709
0.894
0.935
0.720
0.875
0.735
0.770
0.751
0.714
0.643
0.560
0.534
0.612
0.732
0.760
0.780
0.860
0.810
0.702
0.833
0.795
0.823
0.642
0.663
0.620
0.582
0.670
0.732
0.789
0.772
0.778
0.742
0.752
0.770
0.792
0.841
0.807
0.883
0.937
0.744
0.821
0.856
0.833
0.815
0.785
0.705
0.717
0.811
0.796
0.828
0.811
0.790
0.730
0.752
0.727
0.644
0.587
0.680
0.767
0.688
0.614
0.511
0.576
0.618
0.519
0.577
0.538
0.496
0.475
0.554
0.575
0.540
0.597
0.583
0.560
0.554
0.594
0.740
0.677
0.697
0.815
0.694
0.693
0.764
0.753
0.798
0.870
0.856
0.819
0.820
0.732
0.707
0.686
0.676
0.884
0.706
0.911
0.655
0.748
0.837
0.898
0.676
0.781
0.884
0.705
0.814
0.788
0.707
0.823
0.839
0.782
0.836
0.709
0.756
0.773
0.945
0.970
0.744
0.880
0.905
0.833
0.813
0.759
0.847
0.761
0.725
0.874
0.833
0.973
0.771
0.776
0.848
0.839
0.802
0.753
0.736
0.795
0.706
0.744
0.820
0.880
0.833
0.800
0.907
0.923
0.772
0.938
0.765
0.762
0.726
0.761
0.871
0.810
0.889
0.909
0.757
0.841
0.768
0.691
0.832
0.884
0.848
0.866
0.884
0.874
0.976
0.819
0.833
0.814
0.966
0.885
0.788
0.889
0.844
0.862
0.873
0.722
0.779
0.854
0.975
0.886
0.942
0.821
0.752
0.845
0.859
0.932
0.841
0.828
0.862
0.971
0.954
0.834
0.856
0.886
0.893
0.811
0.786
0.816
0.779
0.762
0.757
0.805
0.777
0.792
0.724
0.763
0.718
0.899
0.798
0.771
0.747
0.699
0.752
0.720
0.604
0.531
0.643
0.724
0.602
0.519
0.561
0.707
0.726
0.725
0.742
0.755
0.743
0.777
0.765
0.776
0.855
0.740
0.697
0.643
0.662
0.739
0.668
0.601
0.561
0.510
0.654
0.677
0.639
0.683
0.692
0.628
0.623
0.571
0.530
0.643
0.631
0.622
0.629
0.550
0.538
0.534
0.513
0.514
0.531
0.530
0.518
0.553
0.530
0.485
0.460
0.499
0.468
0.452
0.508
0.495
0.476
0.481
0.539
0.492
0.469
0.465
0.432
0.486
0.522
0.535
0.568
0.588
0.551
0.641
0.816
0.724
0.692
0.684
0.615
0.606
0.577
0.593
0.602
0.629
0.664
0.682
0.676
0.814
0.728
0.799
0.915
0.855
0.806
0.753
0.686
0.627
0.554
0.637
0.748
0.728
0.686
0.698
0.649
0.606
0.591
0.648
0.750
0.681
0.743
0.826
0.642
0.668
0.630
0.606
0.591
0.530
0.479
0.481
0.496
0.556
0.545
0.486
0.488
0.463
0.483
0.490
0.497
0.521
0.501
0.516
0.554
0.638
0.708
0.619
0.500
0.527
0.550
0.618
0.819
0.756
0.660
0.770
0.865
0.676
0.699
0.717
0.710
0.724
0.794
0.831
0.763
0.897
0.960
0.862
0.842
0.717
0.599
0.535
0.487
0.478
0.502
0.472
0.452
0.627
0.590
0.604
0.739
0.747
0.677
0.747
0.613
0.545
0.569
0.719
0.885
0.682
0.671
0.707
0.637
0.599
0.627
0.625
0.651
0.671
0.623
0.511
0.427
0.413
0.489
0.466
0.494
0.501
0.644
0.607
0.710
0.624
0.706
0.766
0.633
0.619
0.583
0.654
0.651
0.618
0.560
0.558
0.656
0.671
0.500
0.549
0.619
0.653
0.538
0.470
0.477
0.404
0.367
0.367
0.415
0.433
0.493
0.596
0.564
0.661
0.552
0.693
0.822
0.700
0.679
0.675
0.614
0.603
0.596
0.606
0.658
0.634
0.601
0.665
0.700
0.602
0.578
0.637
0.474
0.605
0.789
0.587
0.563
0.654
0.719
0.659
0.646
0.683
0.734
0.660
0.670
0.610
0.694
0.679
0.633
0.638
0.770
0.731
0.742
0.708
0.669
0.679
0.761
0.919
0.804
0.888
0.827
0.741
0.703
0.702
0.764
0.803
0.697
0.731
0.647
0.702
0.719
0.732
0.718
0.731
0.726
0.782
0.777
0.707
0.718
0.915
0.687
0.905
0.808
0.572
0.563
0.667
0.747
0.925
0.825
0.730
0.636
0.635
0.723
0.873
0.709
0.740
0.970
0.813
0.731
0.677
0.771
0.675
0.745
0.662
0.713
0.760
0.758
0.938
0.824
0.712
0.745
0.869
0.672
0.748
0.806
0.746
0.934
0.910
0.787
0.916
0.932
0.857
0.860
0.871
0.893
0.849
0.920
0.755
0.744
0.790
0.794
0.798
0.825
0.682
0.677
0.766
0.760
0.697
0.741
0.803
0.752
0.781
0.667
0.662
0.831
0.872
0.975
0.822
0.828
0.948
0.768
0.690
0.689
0.744
0.726
0.690
0.704
0.680
0.620
0.569
0.621
0.601
0.522
0.528
0.520
0.525
0.539
0.562
0.698
0.693
0.698
0.702
0.642
0.568
0.581
0.556
0.645
0.691
0.653
0.698
0.731
0.675
0.664
0.673
0.702
0.643
0.599
0.572
0.668
0.634
0.533
0.500
0.507
0.459
0.468
0.545
0.552
0.543
0.502
0.494
0.476
0.517
0.510
0.475
0.510
0.566
0.497
0.507
0.552
0.553
0.540
0.616
0.664
0.598
0.585
0.537
0.558
0.605
0.556
0.562
0.520
0.498
0.472
0.461
0.517
0.554
0.507
0.497
0.581
0.520
0.520
0.457
0.442
0.493
0.450
0.513
0.525
0.569
0.596
0.550
0.475
0.423
0.446
0.433
0.429
0.437
0.433
0.433
0.443
0.484
0.472
0.467
0.548
0.505
0.473
0.470
0.509
0.564
0.548
0.534
0.529
0.514
0.509
0.495
0.548
0.642
0.681
0.693
0.709
0.751
0.795
0.669
0.581
0.541
0.428
0.441
0.471
0.502
0.563
0.614
0.640
0.727
0.746
0.614
0.613
0.687
0.611
0.647
0.763
0.753
0.802
0.730
0.877
0.967
0.790
0.960
0.838
0.959
0.792
0.726
0.766
0.834
0.737
0.800
0.619
0.653
0.635
0.721
0.808
0.683
0.688
0.630
0.584
0.550
0.488
0.545
0.606
0.649
0.729
0.690
0.658
0.694
0.705
0.721
0.731
0.657
0.593
0.639
0.595
0.539
0.630
0.663
0.641
0.510
0.664
0.537
0.581
0.588
0.751
0.704
0.774
0.928
0.811
0.704
0.582
0.572
0.568
0.445
0.467
0.640
0.569
0.532
0.541
0.550
0.520
0.464
0.521
0.473
0.534
0.522
0.489
0.569
0.691
0.707
0.586
0.642
0.585
0.626
0.582
0.540
0.597
0.665
0.634
0.649
0.713
0.693
0.607
0.523
0.532
0.567
0.592
0.548
0.523
0.716
0.566
0.459
0.487
0.499
0.392
0.455
0.614
0.644
0.518
0.509
0.543
0.555
0.512
0.514
0.435
0.474
0.573
0.592
0.693
0.633
0.530
0.498
0.505
0.477
0.411
0.395
0.413
0.422
0.439
0.577
0.683
0.761
0.703
0.657
0.616
0.552
0.579
0.699
0.566
0.478
0.567
0.611
0.673
0.751
0.596
0.569
0.574
0.694
0.729
0.561
0.576
0.527
0.491
0.564
0.700
0.939
0.868
0.940
0.733
0.692
0.650
0.710
0.761
0.634
0.600
0.667
0.738
0.813
0.814
0.714
0.705
0.953
0.709
0.740
0.952
0.719
0.885
0.788
0.786
0.780
0.822
0.942
0.810
0.893
0.953
0.770
0.879
0.720
0.750
0.958
0.735
0.915
0.718
0.812
0.867
0.826
0.800
0.819
0.887
0.839
0.822
0.913
0.816
0.798
0.789
0.722
0.695
0.717
0.733
0.679
0.621
0.592
0.667
0.688
0.726
0.673
0.687
0.738
0.783
0.745
0.750
0.752
0.780
0.960
0.845
0.917
0.773
0.789
0.828
0.845
0.841
0.798
0.892
0.869
0.954
0.811
0.766
0.725
0.623
0.579
0.511
0.489
0.518
0.504
0.547
0.496
0.500
0.524
0.573
0.608
0.588
0.572
0.583
0.584
0.541
0.601
0.606
0.699
0.716
0.633
0.622
0.631
0.676
0.635
0.656
0.624
0.589
0.525
0.513
0.564
0.543
0.586
0.584
0.561
0.538
0.508
0.559
0.588
0.603
0.528
0.429
0.434
0.406
0.390
0.445
0.414
0.336
0.437
0.490
0.473
0.548
0.539
0.570
0.556
0.578
0.651
0.602
0.691
0.674
0.640
0.599
0.576
0.690
0.669
0.576
0.436
0.455
0.451
0.528
0.413
0.467
0.412
0.342
0.390
0.470
0.429
0.459
0.548
0.701
0.834
0.676
0.688
0.671
0.642
0.563
0.675
0.808
0.771
0.649
0.607
0.566
0.599
0.618
0.534
0.524
0.498
0.446
0.443
0.464
0.445
0.503
0.557
0.622
0.690
0.521
0.478
0.478
0.558
0.547
0.475
0.524
0.505
0.540
0.515
0.544
0.504
0.575
0.641
0.707
0.724
0.751
0.754
0.655
0.677
0.937
0.766
0.712
0.803
0.793
0.595
0.632
0.508
0.550
0.622
0.709
0.652
0.724
0.740
0.800
0.865
0.717
0.666
0.658
0.697
0.640
0.598
0.710
0.794
0.667
0.704
0.638
0.659
0.818
0.726
0.794
0.828
0.753
0.797
0.899
0.876
0.823
0.786
0.710
0.662
0.605
0.593
0.716
0.686
0.752
0.744
0.703
0.633
0.644
0.720
0.826
0.557
0.597
0.592
0.487
0.524
0.617
0.880
0.660
0.693
0.812
0.725
0.721
0.649
0.613
0.634
0.604
0.716
0.879
0.615
0.592
0.631
0.650
0.629
0.640
0.678
0.719
0.585
0.655
0.724
0.634
0.587
0.686
0.543
0.457
0.470
0.507
0.518
0.493
0.433
0.429
0.515
0.471
0.398
0.413
0.369
0.406
0.441
0.453
0.441
0.383
0.454
0.574
0.642
0.649
0.752
0.640
0.511
0.470
0.508
0.525
0.525
0.561
0.663
0.642
0.560
0.527
0.597
0.523
0.367
0.407
0.447
0.697
0.634
0.591
0.595
0.505
0.576
0.482
0.438
0.447
0.463
0.506
0.450
0.506
0.699
0.466
0.399
0.485
0.644
0.656
0.587
0.608
0.510
0.506
0.412
0.439
0.418
0.466
0.505
0.697
0.657
0.634
0.748
0.702
0.655
0.691
0.744
0.737
0.839
0.722
0.783
0.779
0.693
0.646
0.781
0.824
0.734
0.697
0.620
0.637
0.843
0.949
0.679
0.653
0.708
0.757
0.753
0.712
0.667
0.832
0.766
0.692
0.762
0.675
0.575
0.477
0.466
0.568
0.589
0.713
0.846
0.896
0.677
0.649
0.837
0.724
0.643
0.608
0.691
0.774
0.771
0.753
0.741
0.803
0.805
0.879
0.956
0.704
0.859
0.883
0.736
0.709
0.723
0.768
0.680
0.667
0.699
0.826
0.747
0.809
0.766
0.802
0.728
0.650
0.656
0.578
0.571
0.637
0.666
0.861
0.753
0.640
0.543
0.551
0.531
0.543
0.550
0.518
0.534
0.567
0.648
0.667
0.768
0.704
0.667
0.641
0.496
0.517
0.514
0.588
0.612
0.620
0.580
0.600
0.682
0.587
0.493
0.523
0.583
0.663
0.605
0.632
0.617
0.611
0.530
0.387
0.372
0.475
0.494
0.455
0.523
0.622
0.598
0.500
0.436
0.378
0.457
0.468
0.495
0.491
0.524
0.552
0.494
0.411
0.481
0.539
0.574
0.620
0.653
0.631
0.609
0.555
0.516
0.559
0.555
0.536
0.522
0.718
0.669
0.563
0.482
0.516
0.471
0.456
0.406
0.417
0.411
0.416
0.453
0.482
0.461
0.429
0.463
0.450
0.457
0.432
0.486
0.459
0.416
0.392
0.418
0.448
0.466
0.459
0.447
0.440
0.399
0.457
0.490
0.522
0.643
0.556
0.489
0.444
0.351
0.390
0.466
0.531
0.490
0.439
0.492
0.494
0.484
0.519
0.489
0.482
0.467
0.570
0.639
0.539
0.522
0.485
0.447
0.487
0.474
0.418
0.398
0.428
0.540
0.609
0.596
0.684
0.697
0.728
0.721
0.645
0.744
0.755
0.636
0.636
0.623
0.601
0.736
0.781
0.712
0.674
0.808
0.693
0.780
0.695
0.672
0.718
0.924
0.694
0.939
0.713
0.600
0.455
0.463
0.640
0.846
0.720
0.861
0.794
0.806
0.808
0.895
0.919
0.922
0.699
0.879
0.810
0.750
0.762
0.833
0.894
0.928
0.791
0.673
0.662
0.701
0.682
0.719
0.666
0.611
0.561
0.754
0.692
0.668
0.604
0.591
0.517
0.523
0.436
0.476
0.518
0.558
0.837
0.647
0.554
0.407
0.398
0.450
0.496
0.577
0.643
0.625
0.565
0.494
0.441
0.436
0.415
0.367
0.400
0.479
0.500
0.489
0.481
0.495
0.558
0.661
0.652
0.777
0.699
0.599
0.567
0.491
0.382
0.445
0.462
0.594
0.441
0.367
0.412
0.431
0.585
0.619
0.671
0.629
0.629
0.718
0.504
0.493
0.481
0.477
0.426
0.573
0.620
0.567
0.656
0.614
0.566
0.518
0.555
0.685
0.679
0.711
0.610
0.517
0.545
0.535
0.427
0.396
0.485
0.403
0.494
0.526
0.579
0.639
0.629
0.669
0.636
0.521
0.542
0.528
0.582
0.507
0.565
0.549
0.525
0.572
0.529
0.498
0.593
0.701
0.885
0.751
0.705
0.715
0.704
0.727
0.778
0.830
0.768
0.949
0.736
0.789
0.696
0.731
0.724
0.651
0.787
0.720
0.801
0.623
0.749
0.831
0.961
0.747
0.821
0.950
0.659
0.718
0.566
0.456
0.481
0.526
0.609
0.769
0.718
0.679
0.574
0.597
0.810
0.809
0.748
0.719
0.700
0.723
0.753
0.710
0.725
0.681
0.741
0.721
0.742
0.747
0.845
0.950
0.871
0.740
0.730
0.761
0.805
0.750
0.815
0.774
0.840
0.812
0.841
0.912
0.674
0.747
0.839
0.838
0.860
0.875
0.853
0.783
0.830
0.817
0.822
0.854
0.864
0.865
0.787
0.789
0.805
0.785
0.723
0.765
0.768
0.754
0.783
0.844
0.750
0.718
0.842
0.783
0.651
0.725
0.729
0.676
0.614
0.565
0.500
0.500
0.508
0.563
0.559
0.622
0.758
0.606
0.582
0.516
0.503
0.514
0.542
0.607
0.717
0.712
0.721
0.692
0.613
0.546
0.552
0.610
0.687
0.703
0.771
0.717
0.582
0.522
0.565
0.519
0.485
0.462
0.505
0.558
0.756
0.744
0.600
0.562
0.589
0.557
0.535
0.551
0.584
0.538
0.569
0.553
0.561
0.560
0.508
0.485
0.555
0.605
0.544
0.481
0.427
0.499
0.482
0.496
0.473
0.444
0.429
0.447
0.585
0.603
0.560
0.545
0.582
0.549
0.558
0.579
0.599
0.573
0.624
0.601
0.487
0.426
0.460
0.514
0.429
0.415
0.601
0.449
0.453
0.595
0.726
0.719
0.667
0.696
0.692
0.679
0.687
0.691
0.790
0.748
0.838
0.910
0.671
0.614
0.600
0.627
0.608
0.596
0.603
0.733
0.722
0.762
0.824
0.686
0.720
0.839
0.833
0.907
0.696
0.790
0.778
0.874
0.719
0.862
0.641
0.674
0.690
0.714
0.641
0.691
0.777
0.946
0.871
0.677
0.779
0.722
0.760
0.743
0.744
0.829
0.950
0.700
0.884
0.763
0.953
0.715
0.924
0.814
0.816
0.825
0.659
0.809
0.784
0.886
0.757
0.861
0.952
0.741
0.768
0.890
0.713
0.722
0.890
0.736
0.745
0.683
0.602
0.604
0.630
0.479
0.467
0.502
0.458
0.508
0.538
0.535
0.651
0.551
0.730
0.638
0.667
0.593
0.591
0.608
0.567
0.658
0.721
0.716
0.598
0.562
0.572
0.555
0.648
0.636
0.545
0.623
0.790
0.704
0.625
0.674
0.530
0.563
0.505
0.494
0.519
0.644
0.666
0.575
0.490
0.556
0.505
0.639
0.532
0.436
0.470
0.506
0.510
0.510
0.541
0.559
0.509
0.545
0.612
0.580
0.434
0.474
0.480
0.396
0.399
0.372
0.361
0.402
0.538
0.665
0.573
0.679
0.616
0.584
0.552
0.659
0.623
0.681
0.617
0.638
0.569
0.441
0.442
0.474
0.522
0.611
0.695
0.594
0.702
0.786
0.587
0.492
0.625
0.664
0.641
0.637
0.639
0.717
0.736
0.671
0.621
0.624
0.558
0.674
0.680
0.787
0.629
0.844
0.777
0.746
0.833
0.727
0.671
0.606
0.665
0.730
0.766
0.583
0.539
0.600
0.730
0.952
0.751
0.737
0.702
0.746
0.715
0.660
0.652
0.685
0.660
0.708
0.697
0.689
0.662
0.608
0.603
0.686
0.699
0.780
0.780
0.754
0.740
0.739
0.748
0.755
0.744
0.828
0.727
0.800
0.739
0.703
0.692
0.768
0.858
0.800
0.753
0.701
0.758
0.791
0.802
0.699
0.716
0.919
0.926
0.822
0.764
0.712
0.840
0.777
0.795
0.836
0.898
0.728
0.758
0.779
0.831
0.830
0.836
0.914
0.928
0.977
0.869
0.799
0.843
0.817
0.825
0.868
0.791
0.700
0.675
0.619
0.649
0.706
0.864
0.832
0.827
0.754
0.786
0.839
0.714
0.773
0.784
0.692
0.666
0.694
0.655
0.631
0.674
0.579
0.557
0.529
0.601
0.542
0.421
0.524
0.556
0.678
0.846
0.744
0.656
0.660
0.628
0.647
0.637
0.558
0.515
0.540
0.580
0.673
0.580
0.531
0.524
0.524
0.511
0.599
0.589
0.594
0.519
0.435
0.482
0.530
0.513
0.489
0.524
0.566
0.524
0.563
0.541
0.486
0.581
0.640
0.546
0.503
0.465
0.410
0.479
0.484
0.458
0.548
0.657
0.603
0.576
0.611
0.564
0.569
0.590
0.558
0.547
0.707
0.732
0.735
0.833
0.799
0.647
0.588
0.613
0.778
0.725
0.668
0.567
0.568
0.551
0.605
0.572
0.543
0.512
0.591
0.656
0.584
0.616
0.605
0.664
0.662
0.709
0.724
0.940
0.706
0.616
0.586
0.625
0.721
0.722
0.846
0.808
0.820
0.725
0.694
0.687
0.694
0.718
0.729
0.698
0.653
0.570
0.545
0.601
0.703
0.720
0.625
0.613
0.659
0.659
0.711
0.637
0.758
0.622
0.645
0.715
0.789
0.716
0.937
0.784
0.883
0.785
0.781
0.674
0.851
0.616
0.571
0.623
0.649
0.772
0.671
0.818
0.661
0.806
0.688
0.643
0.709
0.658
0.715
0.813
0.847
0.685
0.793
0.814
0.823
0.732
0.839
0.902
0.897
0.779
0.759
0.792
0.738
0.710
0.635
0.686
0.709
0.706
0.820
0.655
0.699
0.574
0.569
0.591
0.829
0.572
0.571
0.511
0.570
0.602
0.654
0.561
0.501
0.628
0.565
0.471
0.461
0.536
0.568
0.584
0.512
0.564
0.683
0.615
0.567
0.646
0.678
0.654
0.696
0.766
0.608
0.514
0.477
0.403
0.370
0.375
0.369
0.365
0.365
0.431
0.481
0.501
0.523
0.624
0.627
0.610
0.495
0.464
0.511
0.538
0.649
0.563
0.608
0.599
0.587
0.595
0.485
0.424
0.459
0.557
0.746
0.657
0.645
0.614
0.793
0.563
0.517
0.527
0.595
0.686
0.619
0.593
0.755
0.751
0.588
0.470
0.660
0.716
0.639
0.577
0.461
0.470
0.561
0.616
0.576
0.607
0.628
0.703
0.549
0.583
0.599
0.607
0.676
0.518
0.610
0.504
0.618
0.578
0.579
0.584
0.593
0.639
0.598
0.585
0.629
0.695
0.843
0.736
0.923
0.835
0.746
0.788
0.687
0.763
0.836
0.679
0.703
0.706
0.697
0.698
0.797
0.853
0.772
0.967
0.707
0.805
0.954
0.820
0.867
0.728
0.772
0.823
0.931
0.964
0.812
0.794
0.805
0.791
0.864
0.877
0.810
0.872
0.779
0.756
0.703
0.738
0.747
0.724
0.753
0.896
0.902
0.829
0.785
0.895
0.896
0.751
0.919
0.887
0.972
0.828
0.798
0.833
0.799
0.808
0.833
0.833
0.868
0.840
0.822
0.821
0.891
0.825
0.744
0.829
0.681
0.716
0.719
0.760
0.776
0.766
0.773
0.739
0.717
0.686
0.680
0.593
0.576
0.602
0.607
0.636
0.673
0.626
0.643
0.621
0.647
0.646
0.688
0.743
0.747
0.867
0.769
0.758
0.829
0.797
0.696
0.697
0.637
0.563
0.561
0.528
0.514
0.552
0.543
0.576
0.554
0.545
0.568
0.491
0.517
0.567
0.599
0.654
0.622
0.565
0.532
0.521
0.613
0.588
0.541
0.477
0.454
0.489
0.481
0.429
0.423
0.522
0.544
0.598
0.609
0.587
0.550
0.587
0.535
0.569
0.587
0.480
0.498
0.473
0.480
0.469
0.497
0.449
0.394
0.370
0.431
0.414
0.430
0.523
0.757
0.594
0.760
0.595
0.728
0.623
0.577
0.529
0.595
0.560
0.512
0.458
0.463
0.497
0.521
0.584
0.676
0.781
0.649
0.805
0.707
0.606
0.648
0.650
0.575
0.528
0.760
0.764
0.765
0.599
0.513
0.514
0.575
0.668
0.725
0.729
0.649
0.634
0.683
0.678
0.772
0.633
0.560
0.557
0.617
0.862
0.840
0.820
0.826
0.651
0.699
0.689
0.721
0.735
0.688
0.921
0.788
0.845
0.759
0.717
0.764
0.717
0.733
0.611
0.599
0.666
0.877
0.912
0.750
0.880
0.883
0.799
0.670
0.733
0.747
0.766
0.698
0.732
0.652
0.665
0.699
0.670
0.768
0.700
0.891
0.729
0.732
0.759
0.806
0.692
0.760
0.673
0.726
0.838
0.791
0.914
0.736
0.833
0.645
0.830
0.616
0.723
0.727
0.730
0.838
0.974
0.812
0.841
0.730
0.691
0.546
0.655
0.864
0.828
0.750
0.764
0.775
0.751
0.717
0.665
0.677
0.640
0.714
0.563
0.611
0.599
0.507
0.574
0.637
0.661
0.652
0.651
0.598
0.517
0.673
0.743
0.677
0.560
0.486
0.481
0.513
0.553
0.613
0.610
0.707
0.730
0.655
0.679
0.758
0.619
0.675
0.698
0.759
0.751
0.776
0.832
0.835
0.874
0.766
0.685
0.753
0.877
0.899
0.827
0.742
0.794
0.800
0.605
0.601
0.673
0.861
0.889
0.815
0.753
0.713
0.746
0.789
0.797
0.773
0.794
0.901
0.695
0.701
0.717
0.792
0.897
0.827
0.754
0.854
0.872
0.717
0.674
0.594
0.629
0.609
0.470
0.491
0.662
0.762
0.770
0.731
0.698
0.691
0.873
0.715
0.727
0.729
0.787
0.911
0.677
0.696
0.748
0.688
0.787
0.857
0.753
0.791
0.790
0.809
0.736
0.841
0.857
0.865
0.770
0.774
0.740
0.841
0.804
0.964
0.739
0.960
0.861
0.741
0.768
0.948
0.825
0.729
0.919
0.910
0.948
0.776
0.958
0.767
0.824
0.836
0.754
0.837
0.828
0.847
0.767
0.672
0.660
0.790
0.657
0.803
0.880
0.964
0.689
0.719
0.697
0.806
0.774
0.732
0.689
0.770
0.808
0.809
0.819
0.751
0.760
0.809
0.754
0.769
0.842
0.939
0.808
0.762
0.775
0.833
0.796
0.733
0.740
0.707
0.692
0.781
0.830
0.846
0.777
0.760
0.771
0.697
0.624
0.722
0.832
0.851
0.760
0.769
0.762
0.724
0.732
0.709
0.856
0.880
0.791
0.775
0.723
0.827
0.762
0.781
0.709
0.684
0.792
0.688
0.639
0.643
0.709
0.600
0.697
0.689
0.615
0.608
0.705
0.656
0.710
0.624
0.596
0.773
0.762
0.607
0.583
0.573
0.701
0.882
0.724
0.571
0.672
0.614
0.595
0.582
0.500
0.600
0.593
0.562
0.567
0.551
0.593
0.634
0.631
0.627
0.580
0.613
0.920
0.859
0.742
0.744
0.659
0.593
0.574
0.586
0.592
0.715
0.794
0.651
0.625
0.619
0.607
0.629
0.675
0.619
0.529
0.478
0.574
0.656
0.717
0.668
0.853
0.700
0.700
0.621
0.574
0.545
0.702
0.725
0.788
0.935
0.946
0.785
0.848
0.800
0.856
0.740
0.625
0.576
0.646
0.704
0.695
0.621
0.541
0.575
0.616
0.544
0.551
0.571
0.595
0.634
0.677
0.684
0.829
0.675
0.611
0.706
0.656
0.609
0.714
0.705
0.827
0.734
0.714
0.629
0.637
0.666
0.642
0.693
0.737
0.730
0.550
0.561
0.677
0.742
0.729
0.765
0.708
0.590
0.611
0.686
0.702
0.800
0.795
0.906
0.836
0.877
0.676
0.814
0.716
0.692
0.608
0.947
0.757
0.800
0.748
0.825
0.935
0.724
0.968
0.735
0.767
0.786
0.844
0.826
0.754
0.699
0.771
0.670
0.724
0.882
0.855
0.833
0.755
0.811
0.734
0.721
0.700
0.552
0.603
0.511
0.509
0.578
0.697
0.795
0.682
0.714
0.699
0.726
0.804
0.930
0.648
0.609
0.576
0.594
0.557
0.606
0.639
0.658
0.714
0.806
0.778
0.795
0.685
0.667
0.702
0.663
0.573
0.689
0.872
0.718
0.723
0.777
0.626
0.758
0.807
0.546
0.541
0.613
0.524
0.445
0.509
0.498
0.442
0.493
0.631
0.679
0.887
0.673
0.739
0.635
0.510
0.554
0.653
0.620
0.658
0.682
0.600
0.641
0.662
0.681
0.720
0.666
0.652
0.627
0.509
0.568
0.611
0.592
0.703
0.876
0.669
0.671
0.709
0.699
0.661
0.673
0.774
0.826
0.795
0.737
0.732
0.832
0.761
0.887
0.812
0.724
0.944
0.733
0.724
0.848
0.820
0.734
0.689
0.716
0.758
0.623
0.607
0.669
0.753
0.646
0.594
0.633
0.749
0.651
0.541
0.554
0.778
0.696
0.781
0.760
0.740
0.823
0.684
0.633
0.660
0.783
0.970
0.784
0.814
0.781
0.910
0.878
0.752
0.840
0.925
0.814
0.786
0.906
0.755
0.837
0.869
0.940
0.802
0.807
0.705
0.734
0.747
0.735
0.686
0.726
0.952
0.734
0.787
0.829
0.791
0.770
0.767
0.723
0.609
0.636
0.761
0.845
0.895
0.960
0.743
0.762
0.705
0.842
0.920
0.851
0.795
0.814
0.741
0.695
0.649
0.672
0.691
0.717
0.825
0.739
0.776
0.865
0.823
0.716
0.733
0.827
0.773
0.745
0.750
0.711
0.662
0.661
0.737
0.701
0.705
0.753
0.764
0.778
0.814
0.772
0.719
0.592
0.562
0.535
0.591
0.602
0.547
0.589
0.551
0.534
0.535
0.573
0.584
0.586
0.583
0.655
0.686
0.655
0.624
0.605
0.600
0.551
0.548
0.590
0.717
0.762
0.703
0.706
0.622
0.629
0.633
0.613
0.576
0.641
0.617
0.602
0.530
0.534
0.569
0.572
0.616
0.627
0.654
0.659
0.587
0.565
0.581
0.667
0.625
0.710
0.690
0.686
0.714
0.722
0.709
0.743
0.766
0.763
0.616
0.519
0.464
0.538
0.784
0.618
0.469
0.451
0.444
0.446
0.443
0.453
0.457
0.433
0.435
0.416
0.444
0.441
0.390
0.404
0.380
0.348
0.391
0.390
0.392
0.388
0.408
0.452
0.488
0.469
0.471
0.508
0.542
0.539
0.586
0.510
0.531
0.519
0.547
0.521
0.525
0.518
0.497
0.492
0.449
0.480
0.511
0.507
0.458
0.440
0.525
0.541
0.564
0.546
0.576
0.650
0.627
0.546
0.520
0.458
0.541
0.552
0.593
0.692
0.907
0.853
0.727
0.726
0.712
0.777
0.937
0.913
0.853
0.741
0.752
0.661
0.633
0.606
0.601
0.535
0.531
0.553
0.568
0.618
0.548
0.596
0.728
0.673
0.610
0.694
0.685
0.677
0.669
0.609
0.562
0.469
0.471
0.534
0.590
0.624
0.559
0.673
0.849
0.795
0.804
0.812
0.775
0.721
0.772
0.826
0.701
0.940
0.694
0.760
0.757
0.750
0.737
0.748
0.741
0.876
0.828
0.701
0.625
0.594
0.530
0.583
0.549
0.521
0.593
0.603
0.664
0.711
0.690
0.705
0.798
0.665
0.686
0.613
0.497
0.487
0.417
0.363
0.367
0.383
0.395
0.415
0.475
0.583
0.430
0.389
0.430
0.474
0.460
0.447
0.529
0.475
0.479
0.388
0.378
0.407
0.344
0.326
0.339
0.457
0.513
0.692
0.618
0.568
0.496
0.521
0.495
0.549
0.431
0.444
0.405
0.338
0.385
0.366
0.334
0.398
0.479
0.499
0.522
0.467
0.364
0.401
0.461
0.551
0.543
0.503
0.490
0.564
0.609
0.602
0.633
0.627
0.580
0.501
0.576
0.564
0.609
0.655
0.633
0.514
0.665
0.777
0.957
0.944
0.742
0.670
0.760
0.535
0.494
0.552
0.567
0.475
0.547
0.525
0.698
0.738
0.723
0.767
0.860
0.963
0.797
0.775
0.617
0.547
0.699
0.699
0.656
0.768
0.847
0.642
0.703
0.714
0.665
0.617
0.947
0.799
0.694
0.778
0.795
0.833
0.727
0.726
0.883
0.848
0.702
0.715
0.751
0.773
0.717
0.676
0.626
0.654
0.659
0.695
0.759
0.766
0.631
0.592
0.649
0.756
0.632
0.647
0.744
0.851
0.781
0.808
0.809
0.712
0.760
0.864
0.832
0.888
0.704
0.788
0.831
0.958
0.766
0.795
0.667
0.812
0.748
0.812
0.822
0.719
0.704
0.748
0.897
0.866
0.794
0.695
0.584
0.593
0.640
0.634
0.518
0.524
0.596
0.588
0.520
0.509
0.610
0.678
0.578
0.610
0.552
0.532
0.520
0.505
0.519
0.442
0.368
0.385
0.334
0.400
0.526
0.514
0.550
0.491
0.421
0.382
0.322
0.392
0.481
0.525
0.536
0.609
0.553
0.580
0.528
0.515
0.460
0.508
0.539
0.569
0.547
0.532
0.550
0.534
0.534
0.502
0.519
0.550
0.515
0.485
0.503
0.535
0.512
0.479
0.468
0.489
0.384
0.613
0.905
0.922
0.590
0.715
0.778
0.760
0.614
0.647
0.597
0.662
0.740
0.605
0.440
0.438
0.543
0.496
0.535
0.543
0.515
0.491
0.539
0.521
0.492
0.490
0.514
0.479
0.509
0.501
0.438
0.454
0.456
0.477
0.537
0.690
0.694
0.545
0.471
0.439
0.430
0.488
0.562
0.573
0.472
0.441
0.504
0.755
0.614
0.757
0.812
0.626
0.575
0.716
0.637
0.773
0.783
0.597
0.466
0.528
0.547
0.648
0.863
0.696
0.713
0.772
0.638
0.646
0.938
0.703
0.919
0.687
0.730
0.737
0.684
0.748
0.776
0.844
0.900
0.801
0.703
0.737
0.683
0.936
0.746
0.761
0.664
0.617
0.763
0.710
0.789
0.871
0.759
0.714
0.900
0.750
0.835
0.705
0.758
0.798
0.696
0.635
0.638
0.878
0.691
0.685
0.713
0.596
0.678
0.700
0.705
0.648
0.788
0.710
0.839
0.874
0.807
0.962
0.886
0.832
0.778
0.775
0.770
0.655
0.681
0.713
0.635
0.602
0.528
0.480
0.533
0.493
0.572
0.695
0.733
0.662
0.542
0.643
0.654
0.585
0.720
0.593
0.639
0.571
0.629
0.594
0.652
0.637
0.550
0.468
0.449
0.475
0.709
0.687
0.722
0.612
0.706
0.704
0.705
0.641
0.703
0.675
0.570
0.640
0.640
0.602
0.734
0.688
0.605
0.622
0.695
0.704
0.768
0.850
0.720
0.737
0.823
0.693
0.644
0.674
0.615
0.580
0.598
0.503
0.589
0.802
0.736
0.699
0.636
0.826
0.741
0.599
0.539
0.675
0.656
0.664
0.603
0.633
0.714
0.890
0.901
0.703
0.686
0.735
0.782
0.784
0.786
0.635
0.645
0.735
0.701
0.772
0.785
0.726
0.726
0.620
0.655
0.745
0.785
0.751
0.752
0.738
0.940
0.837
0.700
0.780
0.720
0.716
0.808
0.737
0.713
0.816
0.838
0.798
0.755
0.692
0.790
0.803
0.846
0.822
0.665
0.689
0.703
0.795
0.802
0.811
0.904
0.790
0.707
0.675
0.700
0.647
0.668
0.823
0.893
0.768
0.687
0.796
0.780
0.775
0.957
0.717
0.751
0.793
0.833
0.790
0.752
0.756
0.807
0.914
0.818
0.900
0.716
0.847
0.940
0.727
0.809
0.782
0.845
0.926
0.864
0.713
0.700
0.785
0.788
0.777
0.820
0.769
0.818
0.873
0.748
0.812
0.895
0.749
0.869
0.781
0.754
0.783
0.881
0.806
0.850
0.811
0.890
0.858
0.873
0.948
0.812
0.879
0.979
0.849
0.868
0.702
0.861
0.847
0.750
0.752
0.777
0.789
0.707
0.717
0.724
0.713
0.732
0.766
0.673
0.648
0.634
0.679
0.752
0.819
0.789
0.870
0.735
0.726
0.751
0.791
0.697
0.711
0.671
0.576
0.566
0.588
0.642
0.688
0.749
0.765
0.619
0.608
0.566
0.575
0.599
0.631
0.557
0.564
0.587
0.661
0.717
0.635
0.585
0.516
0.485
0.494
0.505
0.551
0.622
0.568
0.569
0.597
0.600
0.605
0.570
0.564
0.597
0.662
0.634
0.631
0.657
0.844
0.880
0.739
0.754
0.926
0.834
0.935
0.934
0.809
0.872
0.775
0.712
0.695
0.719
0.724
0.694
0.692
0.639
0.603
0.599
0.584
0.512
0.519
0.521
0.541
0.516
0.543
0.548
0.527
0.680
0.851
0.841
0.702
0.728
0.701
0.705
0.643
0.703
0.708
0.576
0.546
0.635
0.716
0.700
0.686
0.677
0.718
0.822
0.887
0.875
0.690
0.786
0.810
0.929
0.815
0.864
0.811
0.777
0.756
0.820
0.711
0.635
0.525
0.497
0.506
0.554
0.540
0.569
0.633
0.706
0.882
0.808
0.798
0.884
0.828
0.970
0.808
0.901
0.829
0.886
0.790
0.821
0.773
0.853
0.897
0.861
0.781
0.961
0.778
0.901
0.738
0.759
0.774
0.738
0.752
0.752
0.805
0.698
0.721
0.719
0.689
0.708
0.654
0.632
0.637
0.760
0.783
0.967
0.712
0.608
0.739
0.746
0.906
0.790
0.740
0.836
0.809
0.774
0.845
0.778
0.670
0.782
0.883
0.800
0.826
0.783
0.723
0.742
0.725
0.734
0.676
0.731
0.707
0.792
0.918
0.940
0.698
0.698
0.684
0.708
0.763
0.705
0.687
0.700
0.668
0.649
0.633
0.601
0.616
0.608
0.561
0.519
0.525
0.574
0.540
0.548
0.539
0.547
0.519
0.637
0.619
0.524
0.503
0.479
0.692
0.580
0.536
0.537
0.496
0.533
0.648
0.731
0.643
0.650
0.661
0.625
0.615
0.627
0.482
0.597
0.687
0.755
0.766
0.636
0.582
0.645
0.690
0.737
0.885
0.841
0.714
0.879
0.738
0.752
0.799
0.914
0.676
0.591
0.588
0.743
0.868
0.695
0.777
0.754
0.651
0.708
0.880
0.873
0.858
0.786
0.910
0.873
0.805
0.886
0.844
0.739
0.747
0.709
0.684
0.742
0.728
0.829
0.742
0.836
0.919
0.859
0.940
0.851
0.759
0.816
0.756
0.725
0.816
0.770
0.818
0.740
0.721
0.705
0.802
0.947
0.733
0.745
0.727
0.720
0.787
0.821
0.752
0.746
0.870
0.897
0.914
0.813
0.898
0.882
0.810
0.877
0.905
0.840
0.894
0.787
0.787
0.805
0.806
0.840
0.742
0.739
0.863
0.792
0.851
0.924
0.880
0.935
0.880
0.810
0.829
0.894
0.928
0.812
0.864
0.789
0.779
0.777
0.792
0.795
0.852
0.876
0.833
0.776
0.777
0.836
0.858
0.794
0.885
0.846
0.839
0.950
0.798
0.770
0.765
0.762
0.816
0.830
0.827
0.819
0.839
0.806
0.741
0.780
0.788
0.764
0.740
0.678
0.664
0.707
0.790
0.750
0.821
0.662
0.719
0.748
0.697
0.645
0.662
0.743
0.768
0.749
0.757
0.762
0.740
0.709
0.725
0.660
0.602
0.550
0.479
0.519
0.578
0.560
0.626
0.632
0.623
0.605
0.559
0.480
0.535
0.689
0.675
0.635
0.584
0.583
0.597
0.611
0.647
0.669
0.667
0.592
0.670
0.636
0.541
0.567
0.553
0.559
0.609
0.472
0.488
0.450
0.434
0.509
0.503
0.520
0.529
0.570
0.581
0.609
0.641
0.668
0.767
0.716
0.755
0.820
0.678
0.621
0.625
0.605
0.632
0.605
0.603
0.642
0.622
0.570
0.537
0.534
0.541
0.603
0.570
0.502
0.532
0.568
0.537
0.514
0.456
0.504
0.544
0.611
0.535
0.552
0.637
0.728
0.600
0.493
0.518
0.576
0.577
0.480
0.554
0.755
0.818
0.755
0.715
0.604
0.500
0.499
0.555
0.633
0.603
0.654
0.709
0.653
0.729
0.701
0.684
0.698
0.713
0.844
0.703
0.749
0.725
0.604
0.525
0.487
0.559
0.662
0.735
0.677
0.686
0.684
0.730
0.850
0.851
0.671
0.762
0.713
0.689
0.780
0.822
0.818
0.902
0.719
0.585
0.613
0.725
0.752
0.730
0.718
0.736
0.650
0.641
0.537
0.532
0.691
0.699
0.770
0.857
0.931
0.688
0.559
0.575
0.622
0.658
0.668
0.723
0.762
0.649
0.579
0.579
0.634
0.635
0.646
0.585
0.747
0.695
0.646
0.516
0.535
0.566
0.622
0.738
0.630
0.551
0.512
0.520
0.532
0.464
0.426
0.544
0.438
0.527
0.543
0.784
0.618
0.525
0.393
0.367
0.398
0.447
0.455
0.467
0.547
0.551
0.510
0.533
0.677
0.659
0.611
0.533
0.386
0.402
0.489
0.521
0.551
0.651
0.716
0.732
0.599
0.541
0.634
0.692
0.688
0.748
0.701
0.637
0.620
0.622
0.649
0.446
0.388
0.338
0.396
0.456
0.446
0.454
0.435
0.467
0.471
0.437
0.454
0.493
0.629
0.685
0.672
0.561
0.636
0.698
0.554
0.631
0.691
0.752
0.700
0.852
0.827
0.672
0.680
0.670
0.708
0.746
0.720
0.685
0.678
0.709
0.706
0.637
0.675
0.724
0.695
0.692
0.885
0.729
0.788
0.798
0.703
0.675
0.839
0.696
0.903
0.849
0.754
0.649
0.714
0.724
0.636
0.525
0.559
0.692
0.715
0.604
0.567
0.597
0.761
0.703
0.687
0.718
0.780
0.588
0.573
0.664
0.810
0.741
0.758
0.913
0.647
0.808
0.789
0.745
0.758
0.827
0.925
0.857
0.913
0.823
0.840
0.892
0.787
0.782
0.838
0.839
0.803
0.950
0.859
0.881
0.773
0.769
0.719
0.741
0.683
0.759
0.696
0.568
0.579
0.620
0.642
0.609
0.602
0.605
0.651
0.727
0.722
0.760
0.802
0.900
0.701
0.709
0.777
0.682
0.656
0.618
0.593
0.600
0.547
0.465
0.429
0.504
0.444
0.515
0.551
0.552
0.729
0.605
0.563
0.557
0.558
0.578
0.535
0.582
0.704
0.732
0.701
0.569
0.480
0.445
0.472
0.519
0.559
0.616
0.562
0.524
0.513
0.516
0.528
0.521
0.555
0.564
0.567
0.567
0.600
0.579
0.540
0.595
0.586
0.586
0.620
0.565
0.528
0.478
0.469
0.452
0.454
0.396
0.399
0.362
0.389
0.383
0.369
0.407
0.389
0.330
0.346
0.366
0.345
0.322
0.368
0.355
0.378
0.404
0.395
0.389
0.470
0.469
0.470
0.465
0.423
0.478
0.489
0.483
0.555
0.636
0.561
0.549
0.539
0.576
0.623
0.766
0.808
0.833
0.655
0.566
0.629
0.685
0.559
0.401
0.461
0.504
0.512
0.509
0.541
0.575
0.696
0.810
0.906
0.740
0.728
0.721
0.708
0.645
0.557
0.604
0.547
0.633
0.618
0.508
0.488
0.528
0.556
0.592
0.507
0.514
0.612
0.601
0.625
0.591
0.549
0.633
0.732
0.700
0.814
0.577
0.687
0.750
0.577
0.515
0.552
0.569
0.564
0.587
0.613
0.549
0.550
0.717
0.633
0.600
0.732
0.717
0.817
0.788
0.901
0.960
0.825
0.737
0.615
0.638
0.673
0.921
0.711
0.837
0.790
0.653
0.682
0.826
0.787
0.935
0.675
0.710
0.756
0.768
0.746
0.755
0.605
0.581
0.711
0.720
0.874
0.657
0.622
0.666
0.577
0.570
0.519
0.530
0.520
0.528
0.642
0.668
0.698
0.575
0.463
0.578
0.597
0.512
0.507
0.602
0.559
0.489
0.532
0.488
0.374
0.347
0.423
0.484
0.733
0.608
0.562
0.443
0.338
0.404
0.524
0.592
0.695
0.741
0.677
0.666
0.648
0.577
0.593
0.708
0.628
0.509
0.498
0.581
0.690
0.646
0.620
0.633
0.506
0.524
0.648
0.641
0.695
0.570
0.626
0.651
0.509
0.473
0.653
0.636
0.662
0.560
0.613
0.566
0.510
0.422
0.417
0.414
0.477
0.492
0.548
0.573
0.529
0.462
0.541
0.526
0.471
0.606
0.630
0.567
0.554
0.650
0.598
0.580
0.535
0.569
0.538
0.518
0.704
0.716
0.684
0.709
0.603
0.619
0.657
0.665
0.657
0.660
0.764
0.615
0.923
0.762
0.630
0.536
0.599
0.759
0.696
0.659
0.735
0.820
0.892
0.622
0.664
0.810
0.731
0.759
0.716
0.626
0.587
0.548
0.544
0.620
0.693
0.691
0.642
0.652
0.684
0.843
0.702
0.665
0.738
0.768
0.865
0.932
0.770
0.836
0.761
0.725
0.735
0.860
0.764
0.619
0.697
0.763
0.975
0.806
0.806
0.875
0.856
0.896
0.669
0.671
0.702
0.776
0.725
0.613
0.742
0.777
0.775
0.780
0.839
0.902
0.820
0.792
0.766
0.779
0.861
0.826
0.924
0.787
0.661
0.728
0.843
0.848
0.834
0.758
0.712
0.608
0.684
0.795
0.768
0.711
0.714
0.733
0.752
0.810
0.820
0.934
0.687
0.667
0.739
0.737
0.736
0.795
0.782
0.853
0.832
0.801
0.784
0.870
0.798
0.762
0.846
0.894
0.893
0.736
0.684
0.687
0.710
0.662
0.597
0.573
0.637
0.632
0.635
0.659
0.742
0.654
0.612
0.594
0.549
0.570
0.551
0.586
0.648
0.575
0.463
0.381
0.498
0.478
0.441
0.417
0.456
0.398
0.383
0.324
0.381
0.401
0.419
0.431
0.480
0.517
0.615
0.746
0.652
0.544
0.548
0.670
0.676
0.603
0.536
0.496
0.451
0.461
0.468
0.498
0.484
0.515
0.570
0.473
0.397
0.487
0.560
0.556
0.466
0.501
0.536
0.507
0.431
0.399
0.467
0.498
0.540
0.528
0.494
0.465
0.413
0.389
0.501
0.597
0.560
0.593
0.637
0.594
0.577
0.576
0.617
0.677
0.717
0.871
0.673
0.586
0.494
0.561
0.664
0.680
0.799
0.721
0.605
0.636
0.645
0.676
0.659
0.655
0.746
0.866
0.698
0.661
0.766
0.829
0.674
0.638
0.683
0.674
0.599
0.580
0.698
0.793
0.852
0.638
0.785
0.688
0.694
0.739
0.813
0.812
0.676
0.670
0.727
0.675
0.619
0.525
0.549
0.485
0.434
0.536
0.633
0.751
0.585
0.566
0.443
0.443
0.478
0.675
0.636
0.593
0.764
0.586
0.666
0.847
0.903
0.776
0.733
0.897
0.969
0.699
0.749
0.754
0.791
0.918
0.899
0.732
0.752
0.880
0.884
0.799
0.876
0.815
0.792
0.858
0.844
0.782
0.680
0.729
0.756
0.647
0.592
0.585
0.515
0.470
0.537
0.429
0.419
0.406
0.410
0.371
0.415
0.499
0.503
0.417
0.376
0.368
0.432
0.466
0.595
0.676
0.684
0.587
0.488
0.521
0.591
0.624
0.509
0.553
0.479
0.480
0.560
0.673
0.576
0.645
0.731
0.616
0.545
0.528
0.501
0.514
0.487
0.435
0.369
0.391
0.421
0.511
0.472
0.572
0.542
0.544
0.460
0.506
0.683
0.615
0.485
0.444
0.499
0.479
0.394
0.339
0.318
0.319
0.393
0.499
0.623
0.596
0.482
0.569
0.648
0.656
0.740
0.847
0.799
0.824
0.851
0.763
0.696
0.664
0.780
0.733
0.652
0.667
0.585
0.511
0.638
0.693
0.836
0.674
0.652
0.635
0.663
0.790
0.790
0.874
0.810
0.938
0.608
0.602
0.709
0.735
0.777
0.895
0.694
0.819
0.714
0.778
0.709
0.658
0.616
0.562
0.537
0.574
0.705
0.953
0.666
0.582
0.783
0.593
0.796
0.607
0.743
0.855
0.715
0.671
0.707
0.694
0.782
0.828
0.729
0.708
0.816
0.916
0.935
0.824
0.934
0.919
0.788
0.750
0.780
0.764
0.833
0.800
0.768
0.860
0.875
0.901
0.644
0.585
0.599
0.720
0.809
0.687
0.546
0.617
0.751
0.730
0.706
0.671
0.669
0.654
0.627
0.547
0.539
0.532
0.530
0.530
0.574
0.596
0.482
0.428
0.415
0.471
0.592
0.585
0.603
0.659
0.633
0.537
0.474
0.557
0.700
0.847
0.924
0.946
0.790
0.759
0.752
0.700
0.577
0.553
0.476
0.484
0.486
0.485
0.479
0.508
0.454
0.384
0.405
0.388
0.464
0.488
0.495
0.424
0.396
0.493
0.506
0.411
0.406
0.384
0.449
0.524
0.513
0.478
0.479
0.445
0.500
0.500
0.498
0.470
0.586
0.538
0.523
0.496
0.503
0.518
0.452
0.443
0.512
0.524
0.544
0.489
0.413
0.392
0.413
0.379
0.440
0.494
0.486
0.513
0.578
0.521
0.484
0.442
0.493
0.527
0.595
0.644
0.562
0.552
0.555
0.594
0.577
0.582
0.645
0.598
0.551
0.517
0.482
0.479
0.433
0.354
0.310
0.335
0.348
0.404
0.413
0.475
0.484
0.480
0.570
0.682
0.788
0.693
0.727
0.824
0.757
0.716
0.761
0.669
0.758
0.723
0.785
0.813
0.665
0.565
0.592
0.709
0.655
0.546
0.503
0.557
0.605
0.559
0.541
0.597
0.801
0.714
0.735
0.704
0.813
0.677
0.914
0.811
0.768
0.763
0.860
0.665
0.766
0.787
0.915
0.953
0.821
0.933
0.709
0.620
0.632
0.710
0.632
0.587
0.674
0.768
0.677
0.536
0.651
0.597
0.750
0.682
0.563
0.660
0.690
0.569
0.560
0.536
0.546
0.742
0.921
0.771
0.865
0.805
0.957
0.775
0.871
0.747
0.662
0.650
0.680
0.728
0.822
0.793
0.705
0.969
0.762
0.731
0.843
0.737
0.591
0.522
0.638
0.784
0.747
0.773
0.710
0.727
0.746
0.827
0.831
0.908
0.657
0.621
0.747
0.758
0.715
0.634
0.557
0.557
0.559
0.607
0.679
0.936
0.609
0.592
0.591
0.621
0.631
0.626
0.740
0.785
0.648
0.629
0.693
0.733
0.544
0.506
0.553
0.693
0.521
0.486
0.448
0.429
0.436
0.494
0.556
0.657
0.705
0.554
0.524
0.517
0.512
0.577
0.685
0.707
0.607
0.571
0.584
0.562
0.551
0.632
0.640
0.569
0.527
0.557
0.602
0.534
0.632
0.703
0.568
0.495
0.579
0.731
0.906
0.689
0.702
0.634
0.575
0.569
0.556
0.639
0.647
0.729
0.566
0.554
0.619
0.605
0.594
0.739
0.775
0.821
0.756
0.774
0.668
0.694
0.699
0.663
0.669
0.864
0.779
0.767
0.827
0.789
0.689
0.896
0.703
0.724
0.825
0.854
0.763
0.729
0.736
0.783
0.803
0.936
0.790
0.714
0.745
0.740
0.883
0.936
0.835
0.967
0.787
0.809
0.794
0.767
0.757
0.945
0.805
0.730
0.753
0.978
0.801
0.939
0.863
0.806
0.735
0.713
0.788
0.859
0.814
0.863
0.809
0.862
0.767
0.815
0.827
0.816
0.752
0.729
0.825
0.800
0.956
0.829
0.973
0.791
0.964
0.762
0.756
0.711
0.691
0.810
0.832
0.840
0.848
0.808
0.896
0.879
0.826
0.773
0.684
0.718
0.825
0.847
0.974
0.873
0.885
0.789
0.829
0.858
0.763
0.850
0.720
0.726
0.763
0.778
0.780
0.701
0.677
0.504
0.537
0.583
0.569
0.603
0.614
0.634
0.632
0.594
0.631
0.687
0.772
0.851
0.742
0.676
0.583
0.555
0.515
0.535
0.511
0.518
0.603
0.640
0.613
0.640
0.697
0.846
0.696
0.655
0.629
0.638
0.628
0.628
0.707
0.663
0.632
0.597
0.577
0.608
0.553
0.509
0.511
0.484
0.521
0.527
0.493
0.514
0.441
0.401
0.522
0.463
0.367
0.412
0.423
0.423
0.409
0.356
0.353
0.389
0.438
0.490
0.538
0.442
0.473
0.535
0.546
0.539
0.638
0.705
0.628
0.723
0.716
0.664
0.630
0.677
0.641
0.513
0.461
0.441
0.429
0.421
0.490
0.555
0.490
0.474
0.525
0.511
0.483
0.405
0.396
0.470
0.445
0.461
0.491
0.552
0.499
0.469
0.505
0.558
0.502
0.554
0.641
0.755
0.777
0.695
0.609
0.610
0.667
0.816
0.810
0.714
0.614
0.590
0.571
0.598
0.700
0.709
0.740
0.661
0.650
0.798
0.920
0.783
0.727
0.656
0.637
0.923
0.821
0.907
0.897
0.869
0.944
0.789
0.804
0.744
0.690
0.683
0.874
0.845
0.769
0.779
0.744
0.779
0.678
0.637
0.622
0.694
0.623
0.605
0.732
0.608
0.907
0.755
0.777
0.844
0.956
0.878
0.933
0.838
0.745
0.713
0.774
0.751
0.734
0.699
0.859
0.728
0.597
0.626
0.667
0.642
0.594
0.661
0.826
0.711
0.624
0.678
0.679
0.675
0.585
0.522
0.556
0.568
0.551
0.495
0.580
0.568
0.744
0.661
0.472
0.418
0.439
0.482
0.443
0.529
0.560
0.472
0.564
0.644
0.624
0.615
0.661
0.726
0.624
0.611
0.741
0.647
0.584
0.640
0.660
0.649
0.603
0.645
0.678
0.656
0.699
0.694
0.668
0.677
0.790
0.652
0.627
0.642
0.560
0.666
0.735
0.742
0.668
0.480
0.475
0.484
0.633
0.637
0.541
0.794
0.742
0.502
0.426
0.558
0.628
0.524
0.516
0.506
0.563
0.590
0.511
0.449
0.563
0.558
0.565
0.553
0.501
0.615
0.732
0.591
0.686
0.669
0.719
0.727
0.637
0.671
0.613
0.613
0.783
0.895
0.764
0.783
0.780
0.890
0.772
0.910
0.728
0.676
0.732
0.924
0.677
0.826
0.701
0.814
0.812
0.752
0.622
0.638
0.723
0.854
0.690
0.754
0.853
0.819
0.905
0.647
0.588
0.580
0.843
0.721
0.805
0.977
0.858
0.777
0.854
0.732
0.877
0.787
0.657
0.687
0.685
0.698
0.785
0.901
0.827
0.790
0.754
0.718
0.708
0.762
0.798
0.866
0.818
0.941
0.786
0.849
0.765
0.652
0.912
0.796
0.779
0.798
0.976
0.780
0.833
0.830
0.820
0.713
0.737
0.790
0.828
0.899
0.845
0.768
0.737
0.724
0.697
0.628
0.678
0.714
0.834
0.737
0.770
0.757
0.723
0.696
0.719
0.732
0.717
0.680
0.612
0.590
0.634
0.616
0.717
0.703
0.685
0.972
0.844
0.729
0.699
0.717
0.723
0.730
0.717
0.765
0.650
0.581
0.599
0.608
0.554
0.534
0.582
0.672
0.631
0.558
0.509
0.528
0.529
0.525
0.620
0.635
0.542
0.481
0.531
0.635
0.712
0.692
0.720
0.654
0.739
0.720
0.719
0.857
0.755
0.665
0.605
0.661
0.659
0.645
0.832
0.823
0.685
0.568
0.588
0.628
0.609
0.592
0.558
0.573
0.568
0.651
0.569
0.557
0.620
0.706
0.676
0.633
0.690
0.837
0.801
0.651
0.643
0.720
0.696
0.600
0.549
0.574
0.511
0.540
0.559
0.547
0.570
0.514
0.590
0.633
0.669
0.677
0.681
0.639
0.757
0.742
0.650
0.640
0.666
0.721
0.590
0.497
0.492
0.486
0.489
0.464
0.561
0.612
0.559
0.629
0.563
0.451
0.479
0.613
0.583
0.564
0.637
0.726
0.687
0.668
0.675
0.691
0.713
0.739
0.630
0.521
0.548
0.701
0.655
0.799
0.697
0.810
0.927
0.632
0.619
0.649
0.664
0.616
0.648
0.699
0.713
0.838
0.866
0.734
0.614
0.738
0.744
0.763
0.733
0.768
0.711
0.701
0.780
0.921
0.750
0.788
0.812
0.732
0.716
0.875
0.679
0.667
0.716
0.777
0.869
0.945
0.771
0.867
0.768
0.960
0.752
0.871
0.824
0.906
0.908
0.809
0.729
0.713
0.633
0.584
0.612
0.762
0.754
0.798
0.840
0.774
0.847
0.882
0.773
0.871
0.719
0.769
0.926
0.954
0.775
0.776
0.723
0.686
0.679
0.732
0.653
0.617
0.672
0.747
0.729
0.724
0.699
0.696
0.599
0.640
0.756
0.804
0.761
0.655
0.693
0.633
0.629
0.702
0.643
0.693
0.657
0.651
0.667
0.809
0.836
0.762
0.779
0.763
0.686
0.657
0.677
0.627
0.687
0.490
0.497
0.545
0.608
0.452
0.445
0.471
0.489
0.534
0.538
0.683
0.656
0.629
0.616
0.643
0.789
0.545
0.607
0.617
0.546
0.667
0.613
0.681
0.720
0.745
0.970
0.740
0.646
0.556
0.461
0.660
0.865
0.814
0.696
0.715
0.907
0.746
0.860
0.684
0.690
0.634
0.586
0.610
0.648
0.639
0.593
0.610
0.636
0.567
0.506
0.514
0.494
0.784
0.613
0.597
0.599
0.647
0.655
0.681
0.706
0.811
0.808
0.789
0.856
0.844
0.835
0.723
0.853
0.744
0.911
0.729
0.656
0.727
0.735
0.738
0.824
0.707
0.823
0.678
0.770
0.832
0.680
0.864
0.847
0.756
0.972
0.816
0.654
0.723
0.752
0.775
0.738
0.875
0.838
0.971
0.800
0.825
0.956
0.779
0.918
0.852
0.770
0.867
0.760
0.828
0.762
0.753
0.687
0.738
0.765
0.813
0.925
0.977
0.830
0.774
0.900
0.814
0.926
0.833
0.934
0.862
0.808
0.868
0.978
0.974
0.940
0.789
0.782
0.781
0.735
0.719
0.734
0.737
0.748
0.723
0.751
0.837
0.937
0.828
0.712
0.661
0.694
0.712
0.818
0.821
0.759
0.738
0.738
0.665
0.670
0.765
0.739
0.712
0.758
0.753
0.727
0.778
0.837
0.822
0.736
0.723
0.673
0.619
0.657
0.605
0.688
0.883
0.869
0.883
0.870
0.727
0.638
0.696
0.687
0.655
0.644
0.710
0.773
0.696
0.648
0.680
0.590
0.530
0.488
0.511
0.545
0.569
0.566
0.577
0.758
0.637
0.542
0.563
0.577
0.649
0.693
0.791
0.850
0.674
0.666
0.568
0.562
0.602
0.542
0.480
0.523
0.583
0.534
0.432
0.446
0.499
0.511
0.474
0.424
0.453
0.473
0.452
0.475
0.442
0.418
0.725
0.584
0.544
0.543
0.643
0.700
0.674
0.585
0.702
0.812
0.815
0.667
0.609
0.649
0.553
0.541
0.554
0.592
0.596
0.628
0.582
0.593
0.579
0.653
0.807
0.870
0.902
0.708
0.674
0.540
0.537
0.580
0.637
0.606
0.628
0.669
0.770
0.939
0.745
0.780
0.723
0.852
0.780
0.752
0.952
0.875
0.809
0.692
0.687
0.687
0.740
0.793
0.709
0.662
0.544
0.602
0.575
0.694
0.885
0.858
0.891
0.854
0.823
0.798
0.761
0.757
0.747
0.876
0.826
0.779
0.830
0.859
0.872
0.750
0.810
0.726
0.695
0.705
0.747
0.874
0.711
0.730
0.802
0.652
0.581
0.596
0.664
0.649
0.562
0.694
0.733
0.769
0.727
0.692
0.737
0.889
0.797
0.738
0.761
0.785
0.807
0.908
0.756
0.821
0.777
0.633
0.615
0.700
0.766
0.649
0.630
0.629
0.599
0.544
0.648
0.654
0.681
0.830
0.568
0.670
0.561
0.530
0.407
0.386
0.395
0.367
0.424
0.548
0.585
0.582
0.488
0.509
0.592
0.565
0.491
0.511
0.502
0.543
0.551
0.568
0.646
0.708
0.643
0.556
0.591
0.632
0.623
0.497
0.469
0.597
0.794
0.742
0.715
0.819
0.642
0.495
0.597
0.574
0.539
0.581
0.503
0.629
0.607
0.602
0.618
0.598
0.653
0.536
0.522
0.635
0.659
0.706
0.832
0.695
0.680
0.624
0.487
0.474
0.649
0.802
0.751
0.849
0.690
0.571
0.559
0.733
0.659
0.664
0.667
0.737
0.661
0.607
0.752
0.802
0.669
0.611
0.668
0.667
0.693
0.792
0.743
0.668
0.688
0.803
0.749
0.693
0.658
0.625
0.594
0.675
0.674
0.623
0.513
0.538
0.564
0.678
0.678
0.657
0.707
0.776
0.735
0.632
0.678
0.688
0.723
0.716
0.803
0.909
0.910
0.800
0.822
0.880
0.799
0.957
0.803
0.716
0.759
0.731
0.783
0.755
0.744
0.837
0.767
0.783
0.891
0.754
0.923
0.845
0.693
0.745
0.732
0.704
0.763
0.817
0.952
0.719
0.751
0.748
0.810
0.976
0.913
0.900
0.785
0.701
0.803
0.846
0.814
0.890
0.795
0.773
0.883
0.972
0.806
0.817
0.893
0.856
0.740
0.682
0.738
0.785
0.754
0.762
0.697
0.710
0.813
0.783
0.817
0.780
0.775
0.925
0.752
0.708
0.701
0.629
0.614
0.597
0.698
0.668
0.632
0.662
0.654
0.625
0.711
0.738
0.646
0.512
0.454
0.505
0.453
0.439
0.397
0.407
0.434
0.520
0.486
0.466
0.548
0.584
0.556
0.487
0.497
0.526
0.495
0.457
0.470
0.553
0.534
0.537
0.521
0.481
0.502
0.497
0.512
0.645
0.631
0.523
0.559
0.529
0.529
0.444
0.372
0.331
0.332
0.456
0.462
0.510
0.490
0.551
0.574
0.550
0.538
0.566
0.811
0.663
0.654
0.610
0.627
0.616
0.438
0.505
0.486
0.432
0.448
0.456
0.401
0.352
0.382
0.413
0.430
0.443
0.533
0.629
0.598
0.552
0.520
0.540
0.601
0.554
0.574
0.487
0.545
0.662
0.678
0.704
0.883
0.668
0.601
0.606
0.736
0.733
0.766
0.782
0.839
0.851
0.747
0.823
0.739
0.691
0.612
0.608
0.790
0.740
0.920
0.762
0.695
0.675
0.698
0.714
0.725
0.728
0.637
0.708
0.673
0.708
0.758
0.765
0.821
0.849
0.812
0.835
0.754
0.792
0.819
0.921
0.775
0.663
0.711
0.797
0.964
0.722
0.933
0.807
0.731
0.725
0.826
0.877
0.934
0.715
0.743
0.740
0.804
0.809
0.679
0.657
0.815
0.873
0.903
0.846
0.837
0.902
0.850
0.840
0.822
0.934
0.805
0.760
0.788
0.913
0.874
0.824
0.817
0.809
0.770
0.733
0.645
0.639
0.750
0.782
0.716
0.616
0.685
0.672
0.705
0.732
0.636
0.579
0.613
0.555
0.574
0.658
0.660
0.647
0.590
0.532
0.586
0.677
0.580
0.556
0.659
0.545
0.448
0.445
0.480
0.528
0.597
0.667
0.723
0.679
0.561
0.515
0.554
0.669
0.620
0.657
0.788
0.623
0.596
0.705
0.727
0.767
0.741
0.813
0.762
0.716
0.600
0.552
0.607
0.507
0.515
0.570
0.615
0.642
0.664
0.679
0.690
0.735
0.807
0.760
0.760
0.861
0.701
0.697
0.757
0.752
0.711
0.705
0.748
0.703
0.815
0.745
0.712
0.722
0.676
0.688
0.899
0.893
0.690
0.536
0.684
0.767
0.892
0.836
0.916
0.722
0.911
0.851
0.642
0.594
0.716
0.906
0.639
0.575
0.588
0.604
0.648
0.936
0.863
0.718
0.649
0.703
0.806
0.644
0.692
0.737
0.819
0.730
0.849
0.876
0.634
0.759
0.789
0.954
0.826
0.608
0.707
0.857
0.762
0.735
0.816
0.837
0.976
0.777
0.826
0.920
0.644
0.851
0.783
0.849
0.854
0.854
0.937
0.940
0.794
0.796
0.900
0.815
0.779
0.848
0.849
0.730
0.755
0.837
0.917
0.736
0.805
0.854
0.841
0.818
0.830
0.836
0.848
0.859
0.783
0.794
0.757
0.754
0.746
0.730
0.711
0.671
0.614
0.610
0.692
0.822
0.829
0.779
0.688
0.613
0.622
0.699
0.690
0.655
0.594
0.582
0.591
0.815
0.806
0.678
0.699
0.715
0.692
0.672
0.804
0.871
0.820
0.800
0.800
0.912
0.834
0.772
0.792
0.716
0.794
0.745
0.744
0.738
0.685
0.659
0.673
0.657
0.577
0.510
0.452
0.430
0.454
0.520
0.512
0.478
0.523
0.564
0.649
0.734
0.647
0.616
0.571
0.543
0.584
0.565
0.609
0.653
0.571
0.459
0.484
0.526
0.483
0.532
0.554
0.515
0.506
0.607
0.557
0.540
0.532
0.533
0.493
0.623
0.642
0.479
0.565
0.537
0.541
0.524
0.534
0.579
0.504
0.523
0.515
0.543
0.554
0.626
0.678
0.709
0.701
0.666
0.640
0.639
0.541
0.528
0.548
0.530
0.564
0.582
0.537
0.466
0.555
0.565
0.646
0.725
0.933
0.904
0.652
0.577
0.525
0.549
0.574
0.576
0.747
0.628
0.539
0.532
0.594
0.484
0.521
0.533
0.588
0.684
0.632
0.605
0.525
0.483
0.604
0.773
0.762
0.787
0.855
0.700
0.733
0.659
0.703
0.705
0.685
0.728
0.700
0.773
0.845
0.783
0.865
0.945
0.700
0.534
0.474
0.458
0.539
0.597
0.605
0.664
0.779
0.793
0.943
0.800
0.941
0.795
0.708
0.847
0.870
0.832
0.961
0.944
0.966
0.750
0.627
0.752
0.741
0.626
0.743
0.710
0.686
0.612
0.670
0.839
0.652
0.653
0.834
0.808
0.894
0.880
0.828
0.921
0.965
0.895
0.789
0.970
0.810
0.738
0.670
0.757
0.812
0.703
0.670
0.719
0.782
0.668
0.729
0.770
0.741
0.667
0.637
0.565
0.713
0.861
0.648
0.617
0.662
0.641
0.621
0.628
0.895
0.845
0.698
0.827
0.651
0.615
0.557
0.578
0.607
0.606
0.759
0.801
0.722
0.745
0.750
0.653
0.629
0.786
0.733
0.591
0.621
0.772
0.749
0.724
0.740
0.778
0.735
0.709
0.589
0.573
0.601
0.591
0.576
0.585
0.545
0.698
0.696
0.605
0.669
0.732
0.742
0.724
0.805
0.557
0.697
0.606
0.520
0.576
0.675
0.729
0.844
0.785
0.731
0.691
0.871
0.779
0.864
0.893
0.731
0.832
0.709
0.936
0.831
0.919
0.873
0.719
0.854
0.966
0.841
0.824
0.738
0.833
0.900
0.916
0.659
0.580
0.644
0.643
0.798
0.752
0.634
0.600
0.659
0.668
0.794
0.800
0.946
0.800
0.756
0.848
0.756
0.855
0.781
0.907
0.763
0.734
0.900
0.663
0.770
0.741
0.831
0.834
0.782
0.820
0.846
0.972
0.827
0.819
0.722
0.762
0.843
0.768
0.818
0.835
0.837
0.751
0.960
0.784
0.705
0.748
0.760
0.754
0.770
0.709
0.732
0.837
0.847
0.793
0.763
0.855
0.751
0.765
0.944
0.849
0.840
0.830
0.921
0.798
0.819
0.909
0.854
0.799
0.816
0.797
0.855
0.955
0.882
0.968
0.872
0.920
0.884
0.895
0.853
0.843
0.812
0.833
0.941
0.976
0.832
0.905
0.887
0.872
0.929
0.893
0.860
0.812
0.794
0.771
0.753
0.740
0.656
0.694
0.777
0.824
0.845
0.766
0.731
0.700
0.736
0.722
0.735
0.777
0.807
0.924
0.746
0.615
0.622
0.623
0.643
0.610
0.647
0.744
0.738
0.718
0.664
0.682
0.669
0.685
0.644
0.779
0.732
0.820
0.669
0.645
0.623
0.629
0.639
0.669
0.736
0.821
0.884
0.848
0.831
0.886
0.871
0.807
0.745
0.711
0.711
0.655
0.613
0.631
0.717
0.863
0.757
0.678
0.672
0.760
0.721
0.635
0.533
0.533
0.678
0.733
0.544
0.544
0.612
0.704
0.668
0.642
0.600
0.562
0.521
0.572
0.577
0.622
0.677
0.775
0.784
0.758
0.750
0.714
0.685
0.850
0.809
0.763
0.618
0.493
0.510
0.551
0.533
0.555
0.571
0.559
0.658
0.663
0.587
0.577
0.661
0.845
0.620
0.657
0.799
0.775
0.753
0.841
0.679
0.668
0.623
0.711
0.791
0.735
0.711
0.937
0.833
0.800
0.727
0.680
0.652
0.742
0.756
0.701
0.653
0.698
0.842
0.695
0.731
0.704
0.659
0.695
0.705
0.634
0.647
0.708
0.626
0.732
0.678
0.644
0.648
0.544
0.556
0.669
0.882
0.773
0.868
0.920
0.934
0.756
0.804
0.731
0.888
0.665
0.574
0.624
0.719
0.796
0.846
0.786
0.912
0.764
0.801
0.776
0.784
0.713
0.808
0.742
0.830
0.763
0.717
0.755
0.773
0.704
0.760
0.745
0.676
0.562
0.618
0.742
0.810
0.801
0.781
0.710
0.748
0.937
0.864
0.784
0.894
0.974
0.786
0.722
0.702
0.805
0.744
0.691
0.702
0.887
0.957
0.821
0.798
0.675
0.646
0.895
0.913
0.709
0.655
0.616
0.581
0.652
0.771
0.732
0.652
0.680
0.717
0.699
0.685
0.673
0.562
0.520
0.492
0.525
0.521
0.554
0.523
0.681
0.749
0.776
0.680
0.643
0.557
0.542
0.532
0.580
0.631
0.629
0.677
0.600
0.661
0.542
0.564
0.651
0.863
0.792
0.755
0.647
0.595
0.674
0.677
0.689
0.733
0.745
0.819
0.773
0.725
0.723
0.763
0.818
0.779
0.769
0.806
0.735
0.732
0.671
0.702
0.779
0.750
0.750
0.722
0.691
0.741
0.779
0.714
0.649
0.659
0.671
0.775
0.747
0.731
0.752
0.953
0.759
0.839
0.834
0.896
0.743
0.737
0.712
0.731
0.782
0.803
0.751
0.735
0.669
0.655
0.780
0.721
0.606
0.654
0.842
0.952
0.910
0.714
0.740
0.738
0.715
0.571
0.732
0.854
0.834
0.722
0.836
0.942
0.918
0.710
0.803
0.932
0.917
0.865
0.812
0.863
0.975
0.804
0.682
0.691
0.798
0.827
0.949
0.944
0.927
0.893
0.931
0.971
0.973
0.941
0.933
0.781
0.804
0.864
0.929
0.829
0.892
0.909
0.809
0.817
0.876
0.894
0.784
0.730
0.725
0.716
0.691
0.721
0.809
0.812
0.771
0.821
0.780
0.759
0.769
0.747
0.742
0.680
0.699
0.785
0.730
0.734
0.780
0.806
0.776
0.632
0.618
0.505
0.578
0.666
0.677
0.753
0.822
0.872
0.860
0.837
0.923
0.812
0.797
0.810
0.803
0.805
0.746
0.626
0.517
0.553
0.592
0.562
0.608
0.684
0.663
0.599
0.548
0.557
0.645
0.650
0.591
0.572
0.489
0.474
0.453
0.495
0.500
0.488
0.400
0.443
0.574
0.742
0.730
0.669
0.689
0.647
0.543
0.445
0.503
0.546
0.469
0.437
0.452
0.491
0.524
0.682
0.766
0.691
0.624
0.709
0.680
0.552
0.703
0.767
0.666
0.687
0.724
0.621
0.534
0.554
0.626
0.735
0.747
0.762
0.853
0.735
0.726
0.758
0.639
0.666
0.871
0.846
0.756
0.830
0.844
0.844
0.761
0.748
0.806
0.805
0.806
0.727
0.734
0.697
0.823
0.834
0.681
0.669
0.590
0.653
0.569
0.542
0.505
0.533
0.580
0.632
0.627
0.876
0.786
0.762
0.743
0.749
0.834
0.813
0.950
0.865
0.829
0.807
0.770
0.722
0.928
0.770
0.936
0.852
0.721
0.775
0.775
0.748
0.858
0.881
0.627
0.555
0.671
0.656
0.858
0.772
0.905
0.802
0.801
0.788
0.876
0.922
0.884
0.790
0.787
0.747
0.690
0.738
0.676
0.616
0.655
0.708
0.737
0.729
0.688
0.680
0.687
0.739
0.894
0.888
0.852
0.951
0.838
0.966
0.865
0.950
0.718
0.779
0.756
0.757
0.758
0.817
0.840
0.770
0.601
0.569
0.821
0.801
0.792
0.823
0.736
0.728
0.888
0.910
0.779
0.815
0.782
0.737
0.787
0.975
0.788
0.725
0.701
0.805
0.803
0.835
0.909
0.780
0.724
0.722
0.785
0.912
0.851
0.774
0.783
0.932
0.950
0.918
0.733
0.743
0.891
0.809
0.752
0.805
0.894
0.837
0.742
0.948
0.735
0.800
0.791
0.817
0.744
0.711
0.698
0.766
0.715
0.798
0.822
0.828
0.832
0.782
0.789
0.734
0.802
0.673
0.775
0.737
0.822
0.801
0.784
0.755
0.857
0.804
0.840
0.764
0.803
0.820
0.852
0.942
0.836
0.759
0.781
0.806
0.888
0.852
0.890
0.936
0.821
0.793
0.773
0.813
0.967
0.929
0.851
0.849
0.895
0.812
0.878
0.905
0.879
0.683
0.791
0.906
0.827
0.905
0.835
0.973
0.865
0.799
0.940
0.969
0.778
0.844
0.911
0.938
0.832
0.860
0.913
0.809
0.732
0.907
0.920
0.807
0.958
0.931
0.774
0.867
0.797
0.808
0.865
0.804
0.767
0.746
0.750
0.795
0.833
0.947
0.949
0.948
0.911
0.888
0.926
0.916
0.940
0.978
0.868
0.894
0.919
0.948
0.900
0.963
0.850
0.877
0.844
0.915
0.809
0.800
0.880
0.922
0.855
0.848
0.969
0.877
0.909
0.975
0.908
0.856
0.832
0.899
0.848
0.842
0.875
0.831
0.887
0.909
0.854
0.884
0.884
0.879
0.941
0.899
0.934
0.867
0.962
0.960
0.957
0.885
0.822
0.843
0.797
0.815
0.911
0.929
0.933
0.935
0.964
0.893
0.867
0.860
0.870
0.978
0.886
0.878
0.855
0.883
0.859
0.853
0.837
0.834
0.784
0.781
0.792
0.767
0.834
0.810
0.827
0.864
0.841
0.850
0.910
0.861
0.849
0.796
0.780
0.748
0.819
0.781
0.826
0.881
0.901
0.864
0.858
0.812
0.784
0.826
0.808
0.847
0.784
0.789
0.824
0.819
0.825
0.825
0.790
0.760
0.692
0.660
0.655
0.671
0.702
0.831
0.903
0.814
0.846
0.846
0.841
0.894
0.916
0.866
0.898
0.945
0.926
0.867
0.835
0.785
0.779
0.822
0.858
0.872
0.868
0.882
0.827
0.908
0.957
0.953
0.888
0.878
0.880
0.944
0.919
0.898
0.966
0.951
0.871
0.851
0.838
0.782
0.798
0.814
0.914
0.846
0.907
0.908
0.969
0.858
0.880
0.919
0.902
0.918
0.822
0.921
0.870
0.914
0.907
0.853
0.851
0.893
0.910
0.970
0.941
0.932
0.959
0.957
0.909
0.954
0.944
0.928
0.929
0.977
0.942
0.931
0.948
0.969
0.934
0.871
0.874
0.921
0.905
0.955
0.859
0.962
0.924
0.895
0.915
0.865
0.893
0.850
0.936
0.793
0.826
0.812
0.904
0.949
0.874
0.922
0.974
0.969
0.867
0.955
0.959
0.823
0.768
0.771
0.821
0.940
0.887
0.863
0.911
0.923
0.851
0.886
0.885
0.812
0.925
0.909
0.974
0.844
0.978
0.853
0.866
0.913
0.850
0.790
0.858
0.800
0.760
0.752
0.754
0.829
0.903
0.936
0.824
0.890
0.855
0.766
0.972
0.818
0.881
0.895
0.859
0.884
0.767
0.862
0.916
0.948
0.963
0.831
0.855
0.844
0.767
0.951
0.833
0.771
0.861
0.836
0.962
0.873
0.947
0.817
0.751
0.851
0.885
0.896
0.781
0.781
0.752
0.763
0.754
0.760
0.834
0.846
0.850
0.857
0.892
0.771
0.861
0.913
0.918
0.918
0.825
0.766
0.792
0.778
0.773
0.773
0.809
0.919
0.831
0.844
0.876
0.934
0.902
0.886
0.924
0.868
0.849
0.864
0.873
0.954
0.837
0.858
0.826
0.784
0.909
0.812
0.749
0.740
0.837
0.976
0.837
0.829
0.794
0.796
0.904
0.882
0.908
0.875
0.861
0.811
0.793
0.803
0.852
0.898
0.911
0.865
0.930
0.803
0.806
0.824
0.894
0.885
0.863
0.825
0.840
0.861
0.823
0.914
0.932
0.916
0.948
0.818
0.940
0.904
0.902
0.944
0.861
0.898
0.878
0.853
0.908
0.906
0.887
0.945
0.883
0.874
0.881
0.776
0.781
0.763
0.853
0.859
0.908
0.916
0.966
0.937
0.981
0.883
0.846
0.864
0.905
0.941
0.834
0.913
0.958
0.898
0.847
0.934
0.974
0.877
0.896
0.908
0.954
0.967
0.906
0.896
0.922
0.915
0.871
0.884
0.937
0.948
0.961
0.895
0.941
0.893
0.970
0.956
0.959
0.909
0.901
0.884
0.882
0.913
0.893
0.895
0.936
0.925
0.960
0.906
0.854
0.927
0.917
0.902
0.945
0.865
0.874
0.863
0.800
0.751
0.794
0.796
0.796
0.838
0.808
0.873
0.927
0.780
0.758
0.777
0.820
0.928
0.914
0.852
0.844
0.851
0.790
0.797
0.800
0.792
0.815
0.756
0.764
0.801
0.778
0.736
0.765
0.816
0.812
0.680
0.739
0.746
0.765
0.843
0.814
0.799
0.798
0.814
0.857
0.820
0.763
0.742
0.713
0.736
0.783
0.887
0.769
0.848
0.884
0.871
0.805
0.850
0.829
0.792
0.774
0.754
0.745
0.776
0.778
0.773
0.727
0.682
0.669
0.667
0.707
0.727
0.663
0.644
0.732
0.718
0.663
0.629
0.708
0.819
0.755
0.653
0.588
0.683
0.760
0.691
0.711
0.777
0.713
0.751
0.810
0.862
0.900
0.913
0.929
0.871
0.865
0.875
0.903
0.889
0.884
0.833
0.882
0.859
0.812
0.798
0.890
0.831
0.935
0.856
0.938
0.916
0.893
0.950
0.966
0.933
0.934
0.907
0.931
0.922
0.820
0.842
0.925
0.847
0.922
0.864
0.924
0.966
0.851
0.969
0.865
0.935
0.969
0.919
0.859
0.848
0.941
0.880
0.892
0.892
0.965
0.879
0.966
0.842
0.913
0.954
0.908
0.958
0.887
0.949
0.832
0.827
0.840
0.860
0.888
0.912
0.932
0.848
0.821
0.817
0.865
0.912
0.893
0.865
0.786
0.873
0.824
0.809
0.890
0.828
0.826
0.807
0.862
0.827
0.741
0.734
0.767
0.786
0.825
0.837
0.919
0.844
0.941
0.890
0.790
0.803
0.811
0.855
0.829
0.838
0.812
0.898
0.828
0.795
0.779
0.815
0.857
0.872
0.723
0.747
0.839
0.877
0.859
0.791
0.766
0.741
0.808
0.772
0.801
0.842
0.786
0.797
0.727
0.743
0.782
0.781
0.750
0.872
0.792
0.754
0.799
0.814
0.716
0.677
0.831
0.806
0.843
0.834
0.781
0.829
0.918
0.856
0.831
0.863
0.912
0.899
0.849
0.808
0.824
0.888
0.839
0.929
0.811
0.837
0.842
0.875
0.879
0.828
0.830
0.865
0.925
0.876
0.932
0.846
0.788
0.771
0.762
0.796
0.835
0.808
0.825
0.819
0.830
0.924
0.882
0.829
0.813
0.812
0.791
0.786
0.776
0.860
0.793
0.808
0.846
0.819
0.968
0.786
0.835
0.880
0.847
0.871
0.901
0.830
0.858
0.831
0.832
0.829
0.875
0.871
0.805
0.807
0.910
0.942
0.855
0.846
0.978
0.840
0.952
0.821
0.902
0.931
0.964
0.933
0.925
0.941
0.872
0.868
0.831
0.950
0.931
0.938
0.837
0.823
0.820
0.851
0.904
0.862
0.932
0.935
0.879
0.849
0.907
0.847
0.884
0.826
0.899
0.856
0.850
0.845
0.861
0.890
0.869
0.897
0.954
0.972
0.929
0.917
0.887
0.839
0.875
0.957
0.879
0.925
0.865
0.827
0.860
0.850
0.846
0.860
0.927
0.882
0.870
0.834
0.844
0.883
0.851
0.874
0.825
0.809
0.861
0.922
0.900
0.941
0.885
0.885
0.833
0.855
0.864
0.880
0.914
0.924
0.907
0.843
0.881
0.892
0.852
0.790
0.728
0.776
0.728
0.760
0.769
0.786
0.740
0.702
0.668
0.721
0.614
0.601
0.566
0.562
0.593
0.678
0.672
0.688
0.713
0.726
0.801
0.692
0.697
0.649
0.761
0.921
0.958
0.939
0.797
0.817
0.746
0.722
0.823
0.751
0.873
0.800
0.950
0.855
0.863
0.905
0.834
0.865
0.845
0.945
0.848
0.834
0.821
0.800
0.758
0.786
0.871
0.792
0.714
0.691
0.695
0.716
0.759
0.770
0.770
0.748
0.800
0.826
0.897
0.891
0.919
0.848
0.837
0.859
0.875
0.906
0.898
0.836
0.870
0.919
0.879
0.968
0.955
0.864
0.909
0.888
0.924
0.959
0.913
0.892
0.860
0.895
0.904
0.850
0.847
0.872
0.894
0.919
0.926
0.871
0.827
0.897
0.821
0.887
0.947
0.891
0.880
0.834
0.894
0.881
0.888
0.855
0.851
0.895
0.919
0.862
0.916
0.968
0.923
0.847
0.970
0.932
0.909
0.933
0.932
0.923
0.928
0.928
0.953
0.918
0.972
0.920
0.871
0.904
0.879
0.862
0.922
0.949
0.935
0.804
0.858
0.804
0.872
0.873
0.873
0.917
0.842
0.954
0.893
0.977
0.937
0.951
0.961
0.860
0.819
0.870
0.872
0.916
0.778
0.907
0.906
0.887
0.813
0.922
0.777
0.895
0.882
0.779
0.782
0.799
0.838
0.846
0.816
0.826
0.841
0.824
0.803
0.797
0.813
0.940
0.775
0.871
0.749
0.835
0.843
0.805
0.820
0.864
0.843
0.867
0.917
0.819
0.806
0.828
0.860
0.825
0.761
0.822
0.791
0.791
0.805
0.816
0.795
0.757
0.768
0.758
0.729
0.775
0.828
0.840
0.705
0.806
0.775
0.722
0.719
0.766
0.819
0.773
0.762
0.786
0.804
0.776
0.862
0.776
0.774
0.781
0.756
0.786
0.842
0.905
0.813
0.944
0.839
0.896
0.786
0.801
0.806
0.855
0.851
0.876
0.839
0.833
0.810
0.849
0.887
0.903
0.833
0.886
0.858
0.776
0.814
0.854
0.866
0.927
0.894
0.909
0.850
0.915
0.889
0.903
0.897
0.888
0.869
0.805
0.888
0.881
0.842
0.854
0.842
0.903
0.948
0.814
0.770
0.882
0.875
0.820
0.763
0.910
0.836
0.949
0.860
0.886
0.861
0.802
0.945
0.957
0.822
0.823
0.862
0.843
0.873
0.915
0.966
0.830
0.926
0.868
0.834
0.959
0.942
0.827
0.909
0.884
0.910
0.945
0.849
0.908
0.803
0.913
0.900
0.830
0.866
0.888
0.915
0.932
0.847
0.869
0.901
0.902
0.911
0.980
0.924
0.861
0.936
0.857
0.833
0.906
0.831
0.871
0.849
0.813
0.885
0.835
0.837
0.865
0.846
0.854
0.950
0.889
0.942
0.900
0.921
0.930
0.829
0.839
0.838
0.908
0.923
0.852
0.818
0.850
0.889
0.924
0.895
0.825
0.826
0.878
0.825
0.870
0.848
0.886
0.890
0.854
0.842
0.812
0.799
0.792
0.861
0.845
0.850
0.818
0.737
0.673
0.766
0.726
0.772
0.865
0.839
0.786
0.901
0.923
0.917
0.835
0.836
0.797
0.804
0.753
0.767
0.737
0.749
0.743
0.744
0.720
0.795
0.824
0.855
0.922
0.865
0.837
0.824
0.814
0.824
0.842
0.803
0.795
0.820
0.756
0.770
0.820
0.804
0.846
0.824
0.814
0.805
0.790
0.755
0.735
0.750
0.784
0.787
0.917
0.768
0.736
0.743
0.762
0.817
0.730
0.755
0.781
0.760
0.776
0.776
0.905
0.929
0.899
0.872
0.820
0.782
0.774
0.805
0.916
0.930
0.907
0.928
0.833
0.773
0.789
0.836
0.828
0.879
0.820
0.869
0.815
0.777
0.794
0.847
0.790
0.894
0.898
0.855
0.756
0.690
0.704
0.735
0.846
0.779
0.729
0.757
0.825
0.840
0.773
0.803
0.802
0.851
0.786
0.793
0.758
0.836
0.841
0.886
0.940
0.878
0.845
0.841
0.855
0.816
0.937
0.926
0.937
0.861
0.938
0.948
0.845
0.943
0.937
0.844
0.968
0.842
0.936
0.870
0.924
0.953
0.937
0.927
0.871
0.815
0.870
0.846
0.822
0.910
0.901
0.924
0.923
0.960
0.899
0.840
0.817
0.879
0.856
0.779
0.835
0.826
0.812
0.901
0.971
0.814
0.801
0.832
0.863
0.861
0.814
0.814
0.804
0.857
0.834
0.833
0.749
0.682
0.819
0.801
0.793
0.796
0.769
0.806
0.738
0.736
0.724
0.747
0.750
0.770
0.835
0.795
0.782
0.821
0.729
0.786
0.782
0.803
0.795
0.771
0.797
0.698
0.777
0.671
0.646
0.646
0.688
0.740
0.708
0.703
0.720
0.753
0.734
0.682
0.627
0.733
0.731
0.650
0.696
0.662
0.696
0.728
0.767
0.741
0.749
0.875
0.679
