19790101
0.783
0.757
0.724
0.674
0.640
0.641
0.662
0.732
0.661
0.650
0.674
0.716
0.737
0.755
0.736
0.741
0.708
0.687
0.687
0.680
0.703
0.727
0.776
0.772
0.740
0.825
0.867
0.849
0.874
0.759
0.818
0.796
0.740
0.706
0.760
0.747
0.735
0.689
0.742
0.743
0.782
0.744
0.735
0.737
0.821
0.787
0.805
0.761
0.764
0.764
0.699
0.705
0.708
0.718
0.833
0.773
0.795
0.835
0.802
0.797
0.739
0.742
0.745
0.816
0.774
0.881
0.939
0.902
0.826
0.864
0.817
0.770
0.769
0.758
0.720
0.681
0.688
0.794
0.714
0.741
0.763
0.743
0.736
0.697
0.826
0.764
0.815
0.866
0.799
0.797
0.818
0.845
0.862
0.825
0.858
0.867
0.877
0.875
0.791
0.825
0.803
0.803
0.822
0.911
0.925
0.872
0.863
0.855
0.846
0.835
0.865
0.906
0.837
0.754
0.857
0.877
0.859
0.818
0.846
0.803
0.813
0.852
0.824
0.923
0.906
0.849
0.857
0.850
0.863
0.811
0.837
0.861
0.892
0.874
0.867
0.777
0.925
0.862
0.834
0.807
0.858
0.895
0.847
0.911
0.813
0.821
0.845
0.872
0.777
0.770
0.929
0.851
0.898
0.800
0.725
0.701
0.669
0.773
0.818
0.870
0.765
0.791
0.933
0.839
0.936
0.795
0.844
0.931
0.797
0.866
0.852
0.842
0.876
0.866
0.868
0.812
0.777
0.827
0.844
0.837
0.812
0.854
0.842
0.833
0.836
0.810
0.844
0.793
0.797
0.790
0.836
0.869
0.817
0.834
0.793
0.895
0.873
0.846
0.901
0.670
0.877
0.827
0.821
0.795
0.781
0.849
0.863
0.841
0.760
0.762
0.798
0.896
0.809
0.839
0.855
0.815
0.808
0.796
0.813
0.746
0.788
0.767
0.800
0.749
0.853
0.900
0.827
0.797
0.876
0.848
0.862
0.805
0.900
0.895
0.911
0.887
0.859
0.810
0.858
0.886
0.719
0.758
0.833
0.770
0.783
0.781
0.854
0.863
0.874
0.735
0.745
0.813
0.832
0.833
0.723
0.905
0.870
0.831
0.786
0.792
0.815
0.850
0.894
0.849
0.891
0.806
0.743
0.768
0.901
0.758
0.841
0.890
0.850
0.860
0.836
0.864
0.803
0.838
0.867
0.858
0.919
0.942
0.828
0.847
0.772
0.890
0.702
0.752
0.845
0.823
0.766
0.789
0.850
0.774
0.838
0.677
0.696
0.771
0.830
0.798
0.848
0.763
0.742
0.737
0.788
0.834
0.822
0.901
0.857
0.709
0.680
0.868
0.797
0.829
0.795
0.776
0.738
0.730
0.826
0.854
0.851
0.817
0.817
0.808
0.845
0.741
0.806
0.970
0.835
0.864
0.937
0.845
0.875
0.815
0.906
0.838
0.862
0.854
0.842
0.845
0.832
0.843
0.864
0.835
0.752
0.767
0.743
0.782
0.858
0.825
0.910
0.912
0.730
0.875
0.767
0.816
0.815
0.761
0.671
0.684
0.734
0.781
0.866
0.931
0.881
0.921
0.907
0.846
0.865
0.777
0.754
0.773
0.774
0.738
0.765
0.724
0.741
0.714
0.729
0.779
0.777
0.754
0.792
0.894
0.807
0.731
0.766
0.828
0.840
0.757
0.791
0.767
0.822
0.762
0.752
0.694
0.763
0.713
0.828
0.797
0.710
0.704
0.699
0.715
0.730
0.775
0.765
0.726
0.712
0.648
0.711
0.728
0.777
0.723
0.708
0.757
0.858
0.773
0.767
0.729
0.708
0.708
0.746
0.713
0.696
0.703
0.713
0.709
0.694
0.694
0.682
0.687
0.705
0.679
0.728
0.744
0.735
0.723
0.749
0.706
0.674
0.653
0.672
0.703
0.693
0.681
0.732
0.689
0.688
0.694
0.738
0.698
0.668
0.697
0.701
0.766
0.727
0.686
0.758
0.731
0.714
0.753
0.755
0.688
0.697
0.713
0.722
0.715
0.697
0.666
0.725
0.826
0.771
0.750
0.767
0.763
0.837
0.877
0.846
0.903
0.931
0.953
0.796
0.812
0.812
0.768
0.834
0.810
0.812
0.903
0.920
0.920
0.823
0.843
0.907
0.744
0.752
0.828
0.861
0.923
0.801
0.763
0.800
0.869
0.759
0.830
0.958
0.926
0.906
0.925
0.878
0.909
0.916
0.913
0.894
0.936
0.788
0.784
0.941
0.779
0.861
0.939
0.864
0.828
0.846
0.864
0.867
0.898
0.913
0.794
0.842
0.797
0.777
0.814
0.834
0.892
0.930
0.811
0.855
0.876
0.806
0.851
0.844
0.803
0.775
0.821
0.777
0.720
0.735
0.727
0.771
0.752
0.764
0.761
0.749
0.772
0.747
0.812
0.832
0.825
0.801
0.796
0.800
0.805
0.800
0.841
0.812
0.832
0.878
0.815
0.878
0.896
0.790
0.868
0.815
0.889
0.835
0.854
0.910
0.831
0.823
0.874
0.841
0.885
0.876
0.883
0.871
0.903
0.843
0.864
0.784
0.811
0.859
0.864
0.805
0.863
0.878
0.834
0.863
0.900
0.852
0.821
0.793
0.852
0.818
0.846
0.858
0.753
0.866
0.811
0.891
0.807
0.899
0.954
0.835
0.833
0.898
0.860
0.808
0.805
0.848
0.864
0.845
0.882
0.921
0.819
0.827
0.802
0.727
0.803
0.927
0.869
0.805
0.871
0.901
0.785
0.923
0.946
0.882
0.802
0.804
0.854
0.884
0.880
0.851
0.926
0.824
0.839
0.881
0.928
0.820
0.951
0.837
0.900
0.936
0.907
0.902
0.875
0.907
0.952
0.866
0.877
0.885
0.861
0.882
0.864
0.854
0.917
0.912
0.951
0.826
0.921
0.872
0.871
0.902
0.812
0.748
0.795
0.827
0.812
0.838
0.791
0.834
0.901
0.774
0.786
0.816
0.819
0.828
0.854
0.817
0.879
0.893
0.820
0.923
0.828
0.841
0.837
0.809
0.853
0.864
0.762
0.775
0.832
0.925
0.909
0.826
0.821
0.894
0.917
0.864
0.884
0.870
0.878
0.883
0.934
0.926
0.907
0.825
0.785
0.819
0.824
0.800
0.809
0.826
0.738
0.768
0.804
0.911
0.934
0.951
0.911
0.776
0.726
0.789
0.833
0.798
0.763
0.797
0.801
0.832
0.725
0.685
0.775
0.794
0.776
0.729
0.726
0.784
0.658
0.693
0.763
0.787
0.774
0.786
0.842
0.842
0.816
0.824
0.743
0.706
0.730
0.797
0.768
0.860
0.783
0.805
0.784
0.800
0.783
0.826
0.775
0.757
0.781
0.809
0.824
0.864
0.847
0.855
0.820
0.834
0.839
0.916
0.926
0.922
0.921
0.889
0.811
0.791
0.761
0.799
0.783
0.774
0.808
0.921
0.873
0.837
0.841
0.889
0.899
0.829
0.848
0.842
0.843
0.803
0.739
0.739
0.799
0.737
0.741
0.748
0.732
0.736
0.775
0.708
0.693
0.685
0.694
0.706
0.715
0.712
0.703
0.689
0.749
0.796
0.749
0.679
0.675
0.681
0.673
0.694
0.711
0.850
0.811
0.832
0.777
0.936
0.843
0.895
0.785
0.816
0.787
0.829
0.905
0.893
0.831
0.924
0.919
0.900
0.859
0.868
0.940
0.872
0.869
0.836
0.915
0.872
0.885
0.761
0.812
0.873
0.825
0.921
0.823
0.851
0.839
0.875
0.917
0.918
0.905
0.883
0.864
0.894
0.854
0.821
0.846
0.959
0.809
0.945
0.810
0.926
0.890
0.895
0.884
0.857
0.884
0.878
0.928
0.874
0.903
0.921
0.926
0.894
0.831
0.893
0.859
0.905
0.877
0.878
0.838
0.894
0.895
0.887
0.914
0.827
0.877
0.922
0.791
0.936
0.863
0.895
0.802
0.822
0.858
0.826
0.904
0.956
0.881
0.801
0.872
0.934
0.856
0.846
0.889
0.835
0.829
0.891
0.859
0.837
0.823
0.842
0.880
0.789
0.794
0.832
0.858
0.795
0.823
0.789
0.823
0.798
0.797
0.783
0.828
0.794
0.863
0.828
0.796
0.872
0.876
0.886
0.817
0.813
0.827
0.773
0.867
0.882
0.750
0.830
0.863
0.936
0.859
0.891
0.850
0.860
0.898
0.774
0.807
0.884
0.877
0.806
0.870
0.916
0.932
0.968
0.823
0.904
0.852
0.887
0.879
0.846
0.893
0.893
0.939
0.844
0.920
0.883
0.895
0.812
0.889
0.858
0.825
0.902
0.905
0.768
0.841
0.822
0.817
0.835
0.833
0.849
0.925
0.897
0.894
0.867
0.859
0.837
0.881
0.909
0.820
0.839
0.941
0.917
0.917
0.940
0.914
0.919
0.878
0.890
0.941
0.817
0.867
0.867
0.861
0.970
0.849
0.927
0.847
0.850
0.859
0.909
0.878
0.859
0.879
0.895
0.892
0.877
0.846
0.823
0.869
0.897
0.946
0.924
0.843
0.897
0.964
0.881
0.911
0.880
0.878
0.915
0.813
0.855
0.905
0.884
0.884
0.801
0.797
0.931
0.831
0.868
0.845
0.846
0.937
0.871
0.801
0.894
0.893
0.849
0.886
0.945
0.829
0.854
0.970
0.961
0.844
0.934
0.886
0.900
0.929
0.817
0.835
0.857
0.907
0.924
0.861
0.764
0.792
0.814
0.771
0.790
0.818
0.824
0.794
0.844
0.876
0.872
0.868
0.898
0.849
0.730
0.770
0.794
0.815
0.805
0.776
0.842
0.870
0.828
0.833
0.706
0.817
0.898
0.784
0.783
0.731
0.666
0.660
0.731
0.730
0.759
0.801
0.744
0.670
0.699
0.801
0.797
0.817
0.732
0.810
0.800
0.770
0.809
0.802
0.785
0.803
0.818
0.869
0.766
0.774
0.784
0.788
0.797
0.768
0.734
0.851
0.819
0.714
0.772
0.887
0.702
0.744
0.728
0.737
0.751
0.746
0.933
0.753
0.705
0.694
0.763
0.821
0.711
0.649
0.738
0.821
0.759
0.746
0.741
0.703
0.708
0.760
0.794
0.711
0.717
0.711
0.720
0.738
0.765
0.893
0.731
0.670
0.704
0.721
0.769
0.813
0.805
0.784
0.830
0.754
0.802
0.868
0.834
0.812
0.926
0.815
0.755
0.798
0.634
0.655
0.654
0.700
0.828
0.816
0.834
0.805
0.789
0.823
0.836
0.862
0.812
0.758
0.831
0.800
0.929
0.917
0.951
0.787
0.776
0.910
0.878
0.849
0.851
0.951
0.841
0.818
0.892
0.887
0.963
0.877
0.920
0.842
0.950
0.798
0.875
0.773
0.917
0.912
0.819
0.791
0.835
0.817
0.872
0.908
0.817
0.869
0.821
0.773
0.834
0.802
0.891
0.770
0.854
0.924
0.840
0.785
0.818
0.891
0.843
0.921
0.827
0.874
0.846
0.829
0.850
0.800
0.820
0.931
0.826
0.866
0.863
0.810
0.849
0.802
0.831
0.834
0.741
0.748
0.779
0.751
0.782
0.738
0.825
0.776
0.812
0.756
0.770
0.871
0.824
0.868
0.768
0.815
0.826
0.849
0.827
0.812
0.849
0.789
0.877
0.828
0.764
0.818
0.851
0.851
0.853
0.802
0.775
0.765
0.842
0.860
0.823
0.757
0.785
0.840
0.876
0.751
0.768
0.813
0.759
0.775
0.783
0.788
0.843
0.770
0.771
0.859
0.760
0.742
0.746
0.782
0.832
0.773
0.810
0.733
0.809
0.787
0.834
0.790
0.801
0.780
0.800
0.891
0.789
0.855
0.847
0.813
0.754
0.844
0.806
0.846
0.865
0.796
0.814
0.840
0.938
0.964
0.884
0.764
0.857
0.845
0.804
0.830
0.900
0.853
0.785
0.721
0.936
0.837
0.870
0.905
0.780
0.891
0.883
0.877
0.820
0.797
0.809
0.917
0.842
0.816
0.856
0.897
0.881
0.770
0.884
0.802
0.809
0.895
0.896
0.829
0.820
0.807
0.932
0.832
0.846
0.890
0.845
0.855
0.826
0.853
0.908
0.935
0.879
0.877
0.909
0.841
0.835
0.894
0.870
0.813
0.970
0.833
0.797
0.786
0.818
0.871
0.830
0.786
0.785
0.868
0.876
0.872
0.793
0.783
0.855
0.836
0.926
0.855
0.779
0.752
0.782
0.803
0.841
0.868
0.796
0.769
0.825
0.824
0.842
0.836
0.877
0.867
0.846
0.772
0.776
0.763
0.849
0.785
0.733
0.812
0.890
0.815
0.811
0.769
0.764
0.776
0.749
0.782
0.719
0.738
0.752
0.747
0.733
0.770
0.747
0.744
0.736
0.748
0.720
0.735
0.724
0.729
0.708
0.700
0.707
0.677
0.763
0.756
0.763
0.748
0.758
0.757
0.783
0.801
0.763
0.758
0.783
0.750
0.878
0.741
0.853
0.712
0.717
0.704
0.779
0.728
0.688
0.738
0.724
0.722
0.703
0.727
0.755
0.730
0.832
0.765
0.764
0.725
0.758
0.738
0.733
0.731
0.739
0.757
0.801
0.781
0.797
0.735
0.946
0.766
0.842
0.790
0.779
0.743
0.742
0.757
0.772
0.907
0.771
0.808
0.763
0.745
0.745
0.742
0.763
0.749
0.708
0.822
0.776
0.729
0.737
0.856
0.750
0.696
0.866
0.768
0.724
0.765
0.737
0.728
0.744
0.730
0.782
0.727
0.716
0.790
0.767
0.776
0.722
0.753
0.711
0.715
0.736
0.681
0.706
0.710
0.722
0.756
0.828
0.760
0.757
0.832
0.862
0.797
0.832
0.750
0.852
0.864
0.891
0.934
0.819
0.894
0.900
0.838
0.907
0.827
0.953
0.885
0.939
0.837
0.812
0.816
0.946
0.864
0.861
0.929
0.818
0.915
0.759
0.848
0.829
0.767
0.865
0.866
0.793
0.874
0.921
0.849
0.900
0.815
0.918
0.826
0.876
0.863
0.849
0.911
0.924
0.791
0.873
0.928
0.894
0.800
0.872
0.761
0.802
0.946
0.782
0.869
0.926
0.782
0.841
0.844
0.807
0.911
0.813
0.798
0.840
0.831
0.847
0.938
0.820
0.834
0.872
0.796
0.794
0.838
0.876
0.746
0.761
0.786
0.834
0.862
0.776
0.850
0.851
0.838
0.873
0.861
0.811
0.793
0.735
0.766
0.763
0.841
0.835
0.738
0.763
0.771
0.804
0.857
0.850
0.772
0.822
0.776
0.856
0.856
0.787
0.823
0.886
0.713
0.793
0.814
0.832
0.847
0.803
0.766
0.769
0.832
0.774
0.780
0.816
0.862
0.775
0.801
0.809
0.815
0.853
0.858
0.788
0.871
0.845
0.824
0.872
0.809
0.804
0.925
0.864
0.898
0.821
0.881
0.926
0.906
0.855
0.854
0.813
0.845
0.838
0.825
0.879
0.852
0.819
0.887
0.849
0.833
0.886
0.881
0.866
0.856
0.851
0.825
0.803
0.885
0.745
0.821
0.816
0.801
0.856
0.835
0.871
0.807
0.815
0.838
0.863
0.899
0.883
0.916
0.855
0.914
0.861
0.877
0.917
0.824
0.784
0.816
0.844
0.853
0.843
0.863
0.888
0.893
0.799
0.936
0.903
0.843
0.961
0.837
0.846
0.841
0.906
0.927
0.873
0.866
0.848
0.770
0.890
0.868
0.842
0.873
0.938
0.827
0.782
0.818
0.864
0.852
0.852
0.844
0.842
0.873
0.829
0.893
0.870
0.903
0.967
0.826
0.822
0.850
0.836
0.815
0.874
0.916
0.839
0.867
0.867
0.944
0.864
0.865
0.963
0.843
0.859
0.876
0.917
0.954
0.861
0.867
0.829
0.837
0.839
0.839
0.817
0.830
0.856
0.863
0.847
0.851
0.873
0.857
0.836
0.861
0.716
0.703
0.727
0.851
0.879
0.788
0.896
0.807
0.808
0.804
0.833
0.774
0.795
0.826
0.831
0.836
0.815
0.789
0.793
0.823
0.817
0.832
0.899
0.771
0.789
0.839
0.776
0.851
0.768
0.795
0.833
0.833
0.840
0.733
0.729
0.834
0.810
0.800
0.851
0.930
0.838
0.822
0.770
0.815
0.829
0.766
0.808
0.802
0.811
0.794
0.799
0.840
0.841
0.849
0.817
0.703
0.885
0.879
0.802
0.779
0.814
0.770
0.811
0.892
0.823
0.810
0.827
0.784
0.704
0.704
0.736
0.776
0.693
0.708
0.718
0.728
0.731
0.677
0.728
0.742
0.793
0.737
0.707
0.726
0.765
0.724
0.746
0.778
0.893
0.743
0.710
0.753
0.712
0.741
0.728
0.800
0.778
0.752
0.865
0.658
0.735
0.745
0.855
0.901
0.784
0.816
0.813
0.721
0.799
0.775
0.785
0.791
0.715
0.771
0.868
0.913
0.772
0.823
0.858
0.796
0.824
0.823
0.803
0.809
0.807
0.762
0.815
0.880
0.765
0.760
0.852
0.802
0.919
0.822
0.805
0.781
0.875
0.875
0.812
0.822
0.760
0.840
0.926
0.815
0.951
0.867
0.860
0.875
0.810
0.778
0.870
0.948
0.873
0.772
0.857
0.851
0.957
0.792
0.791
0.852
0.927
0.842
0.856
0.827
0.883
0.882
0.864
0.831
0.829
0.809
0.809
0.850
0.842
0.846
0.884
0.881
0.806
0.820
0.868
0.845
0.811
0.820
0.818
0.847
0.954
0.836
0.872
0.823
0.897
0.797
0.788
0.837
0.826
0.832
0.845
0.798
0.807
0.825
0.846
0.866
0.813
0.947
0.836
0.875
0.846
0.759
0.816
0.844
0.841
0.891
0.870
0.787
0.815
0.852
0.810
0.814
0.834
0.906
0.852
0.849
0.868
0.889
0.924
0.866
0.829
0.814
0.872
0.905
0.903
0.784
0.888
0.865
0.776
0.869
0.833
0.826
0.780
0.841
0.861
0.838
0.827
0.930
0.861
0.752
0.845
0.809
0.820
0.795
0.838
0.823
0.858
0.929
0.807
0.817
0.858
0.833
0.761
0.767
0.858
0.958
0.929
0.927
0.871
0.870
0.932
0.748
0.816
0.841
0.873
0.853
0.829
0.827
0.940
0.775
0.843
0.939
0.763
0.925
0.846
0.966
0.803
0.850
0.864
0.848
0.855
0.886
0.749
0.885
0.900
0.901
0.842
0.835
0.817
0.771
0.849
0.907
0.892
0.834
0.880
0.885
0.950
0.881
0.806
0.848
0.858
0.850
0.855
0.882
0.884
0.822
0.820
0.756
0.766
0.897
0.803
0.869
0.815
0.741
0.825
0.827
0.897
0.923
0.850
0.841
0.930
0.856
0.890
0.874
0.866
0.937
0.934
0.936
0.950
0.869
0.890
0.839
0.854
0.818
0.820
0.793
0.722
0.785
0.806
0.750
0.776
0.839
0.858
0.829
0.838
0.767
0.752
0.843
0.745
0.812
0.825
0.819
0.759
0.707
0.772
0.743
0.764
0.725
0.716
0.658
0.702
0.702
0.689
0.814
0.787
0.721
0.726
0.712
0.691
0.685
0.718
0.662
0.644
0.666
0.702
0.670
0.728
0.737
0.744
0.755
0.735
0.832
0.741
0.719
0.717
0.816
0.741
0.805
0.770
0.700
0.685
0.717
0.780
0.734
0.729
0.736
0.730
0.740
0.793
0.759
0.752
0.811
0.745
0.726
0.686
0.690
0.716
0.679
0.692
0.656
0.698
0.717
0.689
0.725
0.662
0.704
0.661
0.687
0.692
0.727
0.752
0.798
0.835
0.804
0.714
0.680
0.698
0.707
0.698
0.750
0.789
0.763
0.770
0.706
0.754
0.733
0.773
0.738
0.697
0.698
0.641
0.638
0.698
0.744
0.792
0.742
0.790
0.824
0.843
0.808
0.843
0.790
0.726
0.754
0.738
0.753
0.785
0.841
0.832
0.831
0.880
0.727
0.726
0.754
0.737
0.763
0.790
0.760
0.826
0.776
0.744
0.723
0.715
0.735
0.793
0.725
0.784
0.935
0.772
0.749
0.710
0.738
0.800
0.798
0.928
0.814
0.807
0.886
0.821
0.836
0.945
0.781
0.876
0.775
0.920
0.860
0.888
0.824
0.826
0.868
0.860
0.749
0.846
0.881
0.910
0.804
0.798
0.831
0.826
0.802
0.869
0.919
0.873
0.734
0.959
0.826
0.816
0.893
0.862
0.828
0.805
0.856
0.774
0.801
0.778
0.868
0.782
0.776
0.776
0.830
0.752
0.774
0.808
0.713
0.784
0.783
0.848
0.793
0.839
0.859
0.776
0.768
0.771
0.767
0.721
0.766
0.779
0.785
0.868
0.775
0.807
0.792
0.759
0.787
0.796
0.792
0.795
0.825
0.780
0.803
0.794
0.814
0.821
0.915
0.827
0.845
0.886
0.765
0.782
0.818
0.839
0.824
0.860
0.857
0.855
0.836
0.852
0.867
0.906
0.856
0.827
0.744
0.806
0.871
0.837
0.849
0.858
0.849
0.842
0.799
0.867
0.891
0.830
0.823
0.867
0.843
0.893
0.769
0.821
0.862
0.844
0.887
0.969
0.802
0.796
0.801
0.879
0.818
0.864
0.852
0.846
0.969
0.789
0.898
0.825
0.895
0.784
0.892
0.793
0.879
0.865
0.824
0.824
0.910
0.840
0.858
0.855
0.930
0.763
0.794
0.840
0.804
0.841
0.866
0.836
0.777
0.823
0.864
0.803
0.844
0.843
0.850
0.893
0.898
0.805
0.844
0.833
0.846
0.825
0.899
0.820
0.934
0.761
0.779
0.761
0.825
0.872
0.861
0.847
0.909
0.847
0.744
0.937
0.734
0.693
0.640
0.675
0.738
0.842
0.768
0.871
0.896
0.869
0.847
0.829
0.859
0.801
0.941
0.816
0.919
0.893
0.929
0.900
0.897
0.884
0.830
0.918
0.890
0.816
0.843
0.863
0.859
0.861
0.897
0.967
0.865
0.868
0.828
0.888
0.942
0.826
0.802
0.876
0.841
0.847
0.837
0.844
0.805
0.725
0.732
0.703
0.690
0.748
0.757
0.760
0.717
0.740
0.757
0.766
0.716
0.816
0.796
0.835
0.742
0.674
0.792
0.744
0.818
0.808
0.841
0.806
0.791
0.796
0.744
0.751
0.761
0.715
0.762
0.777
0.694
0.690
0.709
0.706
0.700
0.717
0.713
0.692
0.741
0.733
0.730
0.775
0.849
0.866
0.694
0.743
0.706
0.714
0.738
0.755
0.779
0.777
0.722
0.742
0.724
0.849
0.799
0.734
0.849
0.828
0.760
0.666
0.759
0.773
0.744
0.733
0.752
0.751
0.746
0.805
0.819
0.863
0.765
0.714
0.729
0.779
0.782
0.756
0.754
0.871
0.760
0.771
0.692
0.706
0.708
0.758
0.747
0.812
0.751
0.716
0.672
0.732
0.763
0.752
0.752
0.746
0.759
0.721
0.659
0.671
0.673
0.742
0.796
0.717
0.747
0.866
0.839
0.871
0.755
0.817
0.831
0.763
0.715
0.745
0.779
0.805
0.803
0.830
0.914
0.842
0.830
0.778
0.794
0.787
0.842
0.860
0.770
0.793
0.852
0.789
0.807
0.783
0.795
0.840
0.892
0.935
0.814
0.842
0.810
0.835
0.853
0.849
0.815
0.846
0.779
0.780
0.769
0.737
0.742
0.708
0.789
0.877
0.872
0.787
0.843
0.817
0.839
0.798
0.885
0.780
0.750
0.921
0.911
0.785
0.779
-99.000
0.933
0.864
0.844
0.749
0.835
0.824
0.835
0.926
0.736
0.839
0.838
0.774
0.778
0.744
0.758
0.825
0.778
0.857
0.797
0.836
0.800
0.827
0.887
0.783
0.802
0.818
0.799
0.814
0.825
0.839
0.888
0.778
0.758
0.805
0.798
0.818
0.795
0.797
0.775
0.734
0.748
0.807
0.765
0.788
0.725
0.823
0.821
0.799
0.768
0.771
0.851
0.774
0.758
0.730
0.753
0.754
0.727
0.765
0.829
0.752
0.775
0.767
0.768
0.791
0.788
0.805
0.755
0.853
0.781
0.778
0.784
0.793
0.818
0.846
0.815
0.883
0.798
0.833
0.810
0.838
0.786
0.838
0.797
0.742
0.819
0.840
0.830
0.714
0.791
0.805
0.866
0.897
0.860
0.922
0.933
0.746
0.777
0.749
0.783
0.882
0.844
0.827
0.814
0.765
0.806
0.936
0.854
0.853
0.787
0.805
0.915
0.826
0.835
0.888
0.809
0.918
0.808
0.828
0.936
0.800
0.930
0.834
0.890
0.932
0.876
0.814
0.748
0.808
0.846
0.861
0.839
0.957
0.866
0.885
0.894
0.900
0.902
0.907
0.859
0.835
0.884
0.844
0.905
0.836
0.890
0.948
0.882
0.890
0.956
0.884
0.931
0.860
0.857
0.922
0.882
0.940
0.836
0.871
0.789
0.796
0.816
0.887
0.919
0.817
0.828
0.798
0.838
0.922
0.824
0.852
0.848
0.860
0.862
0.855
0.938
0.843
0.956
0.877
0.843
0.790
0.800
0.858
0.787
0.815
0.803
0.816
0.865
0.832
0.823
0.861
0.869
0.829
0.817
0.845
0.832
0.772
0.795
0.825
0.785
0.724
0.689
0.696
0.761
0.758
0.755
0.750
0.762
-99.000
-99.000
-99.000
-99.000
-99.000
-99.000
-99.000
-99.000
0.771
0.744
0.689
0.766
0.881
0.877
0.822
0.708
0.674
0.692
0.762
0.787
0.750
0.731
0.704
0.730
0.752
0.776
0.794
0.835
0.796
0.739
0.908
0.847
0.771
0.792
0.784
0.694
0.691
0.676
0.702
0.711
0.743
0.746
0.750
0.751
0.755
0.802
0.902
0.931
0.904
0.754
0.743
0.844
0.896
0.784
0.797
0.816
0.784
0.754
0.754
0.728
0.703
0.733
0.748
0.744
0.734
0.735
0.734
0.738
0.709
0.716
0.795
0.789
0.748
0.755
0.803
0.691
0.714
0.730
0.666
0.749
0.798
0.762
0.712
0.738
0.767
0.775
0.807
0.899
0.785
0.852
0.701
0.722
0.729
0.776
0.714
0.774
0.779
0.888
0.777
0.772
0.801
0.848
0.885
0.787
0.813
0.752
0.923
0.798
0.802
0.749
0.704
0.697
0.713
0.788
0.762
0.771
0.866
0.947
0.766
0.889
0.813
0.894
0.885
0.906
0.922
0.806
0.770
0.798
0.913
0.832
0.811
0.811
0.849
0.958
0.918
0.776
0.830
0.892
0.814
0.834
0.787
0.853
0.836
0.819
0.810
0.856
0.866
0.813
0.940
0.834
0.892
0.874
0.838
0.833
0.792
0.745
0.828
0.821
0.805
0.784
0.879
0.833
0.944
0.817
0.815
0.749
0.726
0.819
0.793
0.845
0.817
0.904
0.879
0.842
0.830
0.822
0.852
0.819
0.886
0.777
0.814
0.857
0.871
0.893
0.830
0.795
0.806
0.845
0.810
0.824
0.820
0.850
0.893
0.827
0.813
0.821
0.845
0.842
0.853
0.827
0.863
0.855
0.798
0.858
0.834
0.953
0.854
0.788
0.887
0.833
0.831
0.833
0.806
0.902
0.798
0.863
0.777
0.816
0.945
0.803
0.876
0.866
0.878
0.837
0.797
0.859
0.873
0.860
0.908
0.860
0.824
0.844
0.759
0.803
0.807
0.816
0.814
0.931
0.889
0.843
0.870
0.870
0.844
0.848
0.843
0.890
0.822
0.825
0.869
0.815
0.836
0.899
0.768
0.949
0.813
0.910
0.929
0.831
0.849
0.873
0.940
0.769
0.842
0.839
0.852
0.844
0.880
0.795
0.849
0.834
0.846
0.863
0.882
0.891
0.871
0.822
0.814
0.914
0.882
0.870
0.812
0.781
0.911
0.825
0.867
0.947
0.879
0.860
0.925
0.939
0.856
0.822
0.785
0.821
0.875
0.841
0.846
0.914
0.798
0.858
0.889
0.910
0.892
0.935
0.902
0.911
0.866
0.965
0.857
0.910
0.824
0.787
0.916
0.863
0.860
0.857
0.828
0.968
0.905
0.914
0.876
0.868
0.878
0.872
0.877
0.907
0.884
0.870
0.864
0.880
0.831
0.910
0.886
0.904
0.884
0.851
0.824
0.881
0.903
0.926
0.864
0.910
0.936
0.942
0.853
0.851
0.892
0.813
0.773
0.772
0.897
0.952
0.929
0.958
0.907
0.875
0.844
0.853
0.767
0.778
0.792
0.822
0.787
0.774
0.785
0.738
0.651
0.651
0.753
0.754
0.806
0.753
0.705
0.741
0.791
0.771
0.734
0.753
0.826
0.790
0.765
0.729
0.730
0.758
0.732
0.726
0.725
0.743
0.740
0.722
0.755
0.696
0.712
0.720
0.715
0.703
0.692
0.736
0.723
0.635
0.686
0.672
0.696
0.724
0.724
0.739
0.762
0.772
0.785
0.724
0.702
0.743
0.758
0.796
0.919
0.753
0.778
0.757
0.762
0.746
0.739
0.738
0.713
0.736
0.789
0.723
0.686
0.691
0.716
0.680
0.688
0.640
0.667
0.675
0.651
0.636
0.710
0.713
0.717
0.709
0.742
0.755
0.743
0.730
0.707
0.713
0.738
0.743
0.785
0.744
0.715
0.685
0.726
0.735
0.710
0.701
0.673
0.697
0.693
0.710
0.723
0.727
0.740
0.709
0.702
0.753
0.766
0.777
0.821
0.766
0.889
0.942
0.905
0.919
0.916
0.928
0.943
0.925
0.895
0.941
0.860
0.837
0.805
0.874
0.825
0.834
0.799
0.797
0.787
0.815
0.806
0.862
0.870
0.898
0.802
0.830
0.797
0.818
0.778
0.857
0.857
0.885
0.864
0.856
0.843
0.872
0.955
0.802
0.854
0.777
0.809
0.927
0.854
0.891
0.889
0.801
0.821
0.860
0.858
0.894
0.815
0.959
0.835
0.789
0.828
0.824
0.949
0.916
0.781
0.801
0.802
0.826
0.878
0.859
0.939
0.835
0.919
0.804
0.922
0.810
0.822
0.861
0.920
0.829
0.839
0.953
0.858
0.847
0.875
0.815
0.839
0.821
0.805
0.860
0.802
0.888
0.883
0.878
0.774
0.909
0.846
0.917
0.860
0.830
0.796
0.920
0.842
0.786
0.830
0.843
0.806
0.827
0.849
0.818
0.868
0.811
0.893
0.829
0.828
0.836
0.833
0.866
0.821
0.833
0.874
0.912
0.876
0.892
0.820
0.937
0.958
0.855
0.855
0.868
0.880
0.941
0.903
0.931
0.902
0.929
0.887
0.898
0.865
0.861
0.848
0.936
0.942
0.932
0.852
0.844
0.815
0.839
0.861
0.869
0.897
0.854
0.832
0.821
0.844
0.926
0.825
0.886
0.864
0.931
0.867
0.886
0.944
0.849
0.809
0.791
0.916
0.839
0.859
0.830
0.880
0.944
0.919
0.887
0.867
0.877
0.926
0.845
0.902
0.830
0.907
0.883
0.861
0.751
0.807
0.837
0.852
0.957
0.821
0.883
0.915
0.837
0.895
0.874
0.871
0.878
0.854
0.809
0.817
0.829
0.815
0.792
0.725
0.847
0.886
0.858
0.826
0.822
0.901
0.840
0.826
0.938
0.880
0.928
0.965
0.946
0.863
0.823
0.901
0.972
0.956
0.820
0.827
0.858
0.906
0.880
0.911
0.868
0.970
0.885
0.825
0.913
0.879
0.865
0.939
0.877
0.809
0.927
0.931
0.929
0.874
0.894
0.864
0.872
0.865
0.805
0.869
0.873
0.874
0.774
0.784
0.852
0.859
0.748
0.831
0.868
0.857
0.834
0.822
0.801
0.786
0.741
0.728
0.770
0.803
0.792
0.760
0.765
0.810
0.817
0.845
0.876
0.933
0.917
0.952
0.818
0.859
0.867
0.873
0.852
0.823
0.802
0.818
0.759
0.803
0.771
0.867
0.867
0.837
0.856
0.828
0.803
0.780
0.816
0.830
0.841
0.818
0.842
0.803
0.777
0.748
0.707
0.691
0.676
0.693
0.701
0.705
0.668
0.701
0.722
0.689
0.747
0.766
0.723
0.695
0.645
0.622
0.655
0.632
0.638
0.589
0.620
0.669
0.726
0.723
0.749
0.803
0.866
0.903
0.778
0.828
0.801
0.819
0.738
0.756
0.767
0.787
0.773
0.778
0.796
0.748
0.778
0.770
0.868
0.739
0.786
0.734
0.682
0.791
0.712
0.762
0.809
0.890
0.769
0.745
0.852
0.768
0.748
0.759
0.803
0.750
0.794
0.768
0.734
0.730
0.727
0.676
0.698
0.746
0.757
0.783
0.746
0.797
0.799
0.777
0.797
0.781
0.734
0.721
0.724
0.757
0.718
0.716
0.737
0.818
0.881
0.855
0.782
0.820
0.824
0.781
0.823
0.795
0.820
0.819
0.821
0.865
0.838
0.846
0.874
0.804
0.885
0.947
0.769
0.927
0.957
0.872
0.876
0.964
0.828
0.875
0.819
0.787
0.777
0.804
0.786
0.825
0.876
0.826
0.852
0.937
0.862
0.896
0.903
0.791
0.833
0.825
0.899
0.871
0.861
0.896
0.912
0.845
0.876
0.832
0.905
0.824
0.893
0.812
0.838
0.834
0.822
0.820
0.791
0.845
0.842
0.828
0.884
0.874
0.914
0.926
0.866
0.843
0.884
0.863
0.823
0.810
0.829
0.845
0.836
0.859
0.849
0.834
0.819
0.856
0.932
0.837
0.775
0.802
0.807
0.778
0.776
0.747
0.846
0.807
0.837
0.875
0.815
0.815
0.848
0.903
0.850
0.839
0.840
0.844
0.871
0.857
0.851
0.835
0.837
0.889
0.880
0.904
0.780
0.820
0.844
0.833
0.879
0.919
0.812
0.842
0.864
0.922
0.792
0.846
0.850
0.899
0.878
0.899
0.852
0.953
0.818
0.853
0.864
0.837
0.892
0.877
0.896
0.874
0.861
0.932
0.881
0.892
0.930
0.853
0.916
0.928
0.899
0.851
0.851
0.875
0.918
0.791
0.863
0.858
0.954
0.856
0.928
0.930
0.914
0.774
0.798
0.922
0.949
0.756
0.762
0.752
0.772
0.869
0.868
0.845
0.828
0.857
0.846
0.825
0.852
0.891
0.767
0.857
0.801
0.889
0.800
0.911
0.867
0.952
0.803
0.842
0.886
0.914
0.914
0.906
0.803
0.879
0.884
0.911
0.920
0.909
0.871
0.823
0.966
0.953
0.934
0.869
0.810
0.825
0.795
0.912
0.833
0.852
0.689
0.797
0.855
0.853
0.873
0.866
0.886
0.842
0.905
0.887
0.905
0.871
0.872
0.926
0.915
0.877
0.912
0.882
0.878
0.939
0.799
0.806
0.835
0.832
0.866
0.867
0.869
0.846
0.917
0.870
0.855
0.782
0.780
0.760
0.768
0.771
0.781
0.758
0.766
0.745
0.742
0.689
0.784
0.867
0.822
0.911
0.832
0.786
0.807
0.814
0.794
0.848
0.882
0.841
0.845
0.875
0.835
0.879
0.832
0.762
0.796
0.777
0.802
0.789
0.844
0.808
0.815
0.781
0.784
0.762
0.795
0.768
0.797
0.774
0.738
0.741
0.826
0.809
0.739
0.786
0.762
0.760
0.759
0.793
0.782
0.855
0.821
0.743
0.759
0.734
0.724
0.711
0.759
0.812
0.708
0.709
0.697
0.685
0.720
0.718
0.708
0.723
0.759
0.764
0.769
0.791
0.649
0.681
0.676
0.686
0.704
0.743
0.741
0.769
0.708
0.677
0.679
0.703
0.680
0.737
0.751
0.699
0.712
0.747
0.761
0.726
0.718
0.806
0.840
0.830
0.777
0.773
0.760
0.731
0.753
0.738
0.743
0.750
0.700
0.761
0.787
0.773
0.793
0.825
0.822
0.812
0.892
0.884
0.763
0.717
0.729
0.753
0.731
0.793
0.828
0.868
0.825
0.781
0.735
0.803
0.871
0.825
0.823
0.767
0.770
0.835
0.903
0.858
0.814
0.892
0.938
0.876
0.880
0.864
0.848
0.907
0.909
0.799
0.880
0.750
0.804
0.846
0.815
0.895
0.872
0.841
0.770
0.850
0.794
0.761
0.815
0.824
0.890
0.796
0.953
0.800
0.914
0.794
0.880
0.957
0.834
0.798
0.922
0.850
0.877
0.808
0.896
0.771
0.843
0.885
0.843
0.832
0.873
0.955
0.824
0.915
0.936
0.885
0.818
0.831
0.838
0.838
0.800
0.812
0.859
0.808
0.837
0.797
0.831
0.868
0.883
0.868
0.718
0.848
0.844
0.793
0.869
0.846
0.792
0.841
0.858
0.810
0.823
0.846
0.868
0.812
0.862
0.854
0.905
0.831
0.814
0.811
0.821
0.863
0.832
0.838
0.829
0.851
0.842
0.865
0.809
0.823
0.762
0.810
0.873
0.862
0.834
0.775
0.854
0.847
0.871
0.874
0.807
0.865
0.784
0.837
0.852
0.903
0.786
0.815
0.840
0.805
0.806
0.802
0.786
0.784
0.801
0.830
0.848
0.868
0.806
0.825
0.883
0.873
0.791
0.835
0.901
0.803
0.827
0.792
0.875
0.883
0.895
0.830
0.846
0.837
0.890
0.824
0.794
0.804
0.782
0.836
0.815
0.887
0.752
0.880
0.831
0.800
0.803
0.880
0.843
0.834
0.783
0.856
0.868
0.874
0.813
0.811
0.885
0.816
0.950
0.852
0.845
0.874
0.720
0.826
0.913
0.848
0.855
0.821
0.861
0.956
0.908
0.873
0.858
0.966
0.770
0.817
0.896
0.883
0.831
0.859
0.868
0.886
0.851
0.810
0.844
0.826
0.818
0.775
0.829
0.895
0.853
0.928
0.879
0.883
0.906
0.835
0.881
0.908
0.824
0.823
0.882
0.873
0.868
0.894
0.825
0.898
0.887
0.882
0.868
0.833
0.806
0.799
0.926
0.884
0.856
0.866
0.833
0.797
0.772
0.826
0.861
0.849
0.802
0.882
0.820
0.799
0.824
0.791
0.767
0.814
0.809
0.799
0.770
0.718
0.674
0.714
0.700
0.670
0.658
0.721
0.761
0.752
0.738
0.804
0.850
0.850
0.832
0.772
0.809
0.838
0.775
0.771
0.782
0.799
0.765
0.735
0.737
0.721
0.780
0.783
0.779
0.742
0.751
0.783
0.753
0.691
0.644
0.634
0.737
0.744
0.737
0.741
0.742
0.725
0.734
0.676
0.614
0.705
0.681
0.642
0.688
0.686
0.666
0.753
0.844
0.865
0.877
0.843
0.859
0.843
0.821
0.719
0.725
0.694
0.759
0.652
0.668
0.763
0.762
0.754
0.756
0.734
0.704
0.788
0.764
0.794
0.728
0.772
0.732
0.789
0.739
0.743
0.879
0.836
0.855
0.776
0.808
0.719
0.789
0.754
0.705
0.717
0.686
0.683
0.726
0.712
0.663
0.676
0.727
0.748
0.728
0.728
0.735
0.741
0.734
0.709
0.665
0.669
0.739
0.755
0.750
0.799
0.753
0.773
0.811
0.831
0.910
0.820
0.786
0.800
0.865
0.817
0.784
0.838
0.919
0.850
0.834
0.749
0.810
0.785
0.803
0.807
0.893
0.876
0.888
0.960
0.885
0.848
0.840
0.855
0.954
0.827
0.843
0.934
0.891
0.812
0.942
0.804
0.854
0.872
0.929
0.956
0.955
0.869
0.868
0.887
0.797
0.868
0.788
0.884
0.827
0.822
0.851
0.824
0.964
0.897
0.852
0.843
0.873
0.810
0.934
0.892
0.846
0.821
0.841
0.828
0.817
0.809
0.944
0.787
0.848
0.915
0.945
0.850
0.883
0.895
0.901
0.848
0.896
0.937
0.810
0.883
0.885
0.890
0.869
0.893
0.877
0.854
0.843
0.832
0.784
0.914
0.892
0.869
0.828
0.798
0.857
0.833
0.831
0.811
0.830
0.815
0.813
0.779
0.756
0.808
0.824
0.837
0.805
0.872
0.848
0.834
0.856
0.877
0.830
0.832
0.890
0.839
0.801
0.762
0.787
0.860
0.844
0.820
0.852
0.817
0.876
0.822
0.872
0.770
0.752
0.812
0.824
0.907
0.816
0.807
0.779
0.795
0.798
0.819
0.748
0.784
0.774
0.839
0.825
0.776
0.802
0.785
0.795
0.844
0.847
0.834
0.808
0.816
0.808
0.819
0.810
0.783
0.797
0.765
0.821
0.811
0.931
0.832
0.818
0.840
0.892
0.871
0.898
0.917
0.821
0.761
0.947
0.915
0.879
0.838
0.871
0.835
0.849
0.906
0.875
0.836
0.905
0.940
0.837
0.873
0.844
0.941
0.802
0.754
0.877
0.796
0.868
0.975
0.837
0.813
0.804
0.788
0.839
0.858
0.862
0.868
0.913
0.840
0.837
0.885
0.975
0.852
0.899
0.881
0.829
0.912
0.816
0.822
0.872
0.925
0.889
0.948
0.959
0.803
0.895
0.860
0.831
0.831
0.845
0.803
0.809
0.837
0.892
0.844
0.937
0.919
0.856
0.940
0.895
0.858
0.873
0.843
0.845
0.902
0.911
0.855
0.903
0.790
0.750
0.796
0.800
0.767
0.812
0.799
0.766
0.769
0.836
0.768
0.748
0.796
0.781
0.824
0.734
0.750
0.720
0.731
0.717
0.737
0.814
0.801
0.808
0.773
0.717
0.775
0.766
0.794
0.843
0.890
0.877
0.907
0.812
0.764
0.744
0.768
0.752
0.692
0.732
0.781
0.702
0.717
0.693
0.727
0.764
0.771
0.743
0.763
0.730
0.709
0.684
0.707
0.742
0.726
0.757
0.736
0.831
0.762
0.716
0.730
0.739
0.757
0.781
0.865
0.785
0.759
0.803
0.680
0.774
0.698
0.744
0.725
0.745
0.734
0.730
0.689
0.701
0.653
0.681
0.738
0.723
0.749
0.735
0.757
0.688
0.697
0.687
0.684
0.701
0.749
0.787
0.741
0.732
0.729
0.732
0.767
0.751
0.760
0.780
0.773
0.744
0.677
0.721
0.750
0.748
0.709
0.706
0.732
0.752
0.789
0.722
0.710
0.714
0.730
0.785
0.763
0.749
0.750
0.725
0.734
0.741
0.747
0.718
0.760
0.746
0.719
0.731
0.737
0.781
0.678
0.797
0.749
0.814
0.897
0.851
0.767
0.735
0.758
0.782
0.906
0.944
0.882
0.808
0.862
0.761
0.833
0.920
0.882
0.809
0.922
0.813
0.834
0.860
0.893
0.767
0.759
0.755
0.800
0.824
0.900
0.888
0.915
0.945
0.773
0.817
0.764
0.874
0.830
0.796
0.867
0.829
0.839
0.894
0.925
0.850
0.725
0.791
0.815
0.852
0.926
0.835
0.806
0.770
0.830
0.793
0.871
0.857
0.797
0.819
0.831
0.880
0.739
0.857
0.785
0.842
0.855
0.801
0.849
0.787
0.769
0.885
0.837
0.820
0.818
0.847
0.839
0.758
0.801
0.803
0.781
0.788
0.774
0.805
0.831
0.780
0.835
0.786
0.862
0.856
0.854
0.881
0.831
0.860
0.829
0.795
0.831
0.759
0.829
0.866
0.789
0.803
0.799
0.840
0.864
0.884
0.854
0.832
0.837
0.812
0.753
0.830
0.781
0.811
0.846
0.862
0.845
0.825
0.805
0.798
0.782
0.801
0.796
0.877
0.771
0.944
0.802
0.816
0.812
0.800
0.784
0.822
0.763
0.832
0.822
0.811
0.771
0.886
0.795
0.819
0.773
0.824
0.812
0.843
0.877
0.830
0.841
0.802
0.842
0.815
0.846
0.855
0.810
0.870
0.813
0.840
0.785
0.853
0.905
0.909
0.841
0.947
0.886
0.818
0.825
0.876
0.852
0.886
0.797
0.902
0.897
0.888
0.884
0.812
0.834
0.859
0.889
0.818
0.853
0.778
0.716
0.750
0.836
0.789
0.803
0.793
0.831
0.851
0.856
0.826
0.832
0.833
0.776
0.820
0.868
0.913
0.900
0.867
0.839
0.856
0.782
0.871
0.807
0.851
0.847
0.875
0.799
0.934
0.879
0.847
0.895
0.868
0.866
0.845
0.839
0.890
0.902
0.910
0.890
0.911
0.869
0.902
0.940
0.909
0.909
0.870
0.912
0.833
0.880
0.930
0.923
0.917
0.867
0.813
0.865
0.707
0.768
0.848
0.828
0.849
0.849
0.841
0.785
0.872
0.854
0.839
0.880
0.892
0.729
0.706
0.729
0.738
0.711
0.696
0.770
0.798
0.821
0.804
0.785
0.724
0.791
0.715
0.867
0.810
0.782
0.811
0.805
0.834
0.798
0.763
0.778
0.817
0.802
0.805
0.804
0.800
0.860
0.778
0.908
0.836
0.756
0.751
0.703
0.739
0.753
0.759
0.741
0.786
0.892
0.911
0.815
0.819
0.706
0.716
0.744
0.706
0.708
0.718
0.779
0.760
0.812
0.800
0.766
0.744
0.756
0.739
0.706
0.656
0.664
0.684
0.672
0.638
0.632
0.652
0.697
0.721
0.730
0.729
0.661
0.713
0.704
0.676
0.694
0.734
0.740
0.756
0.745
0.689
0.717
0.696
0.768
0.770
0.756
0.773
0.781
0.772
0.739
0.734
0.819
0.875
0.822
0.793
0.832
0.918
0.913
0.899
0.779
0.858
0.818
0.836
0.848
0.783
0.776
0.766
0.798
0.757
0.788
0.822
0.817
0.802
0.840
0.825
0.894
0.872
0.830
0.881
0.771
0.781
0.734
0.783
0.710
0.714
0.777
0.871
0.876
0.889
0.876
0.813
0.842
0.866
0.812
0.814
0.876
0.875
0.962
0.799
0.841
0.846
0.791
0.927
0.870
0.910
0.873
0.792
0.829
0.939
0.921
0.912
0.830
0.810
0.935
0.923
0.909
0.836
0.903
0.866
0.886
0.938
0.836
0.858
0.953
0.753
0.832
0.929
0.821
0.873
0.849
0.886
0.836
0.821
0.826
0.821
0.836
0.843
0.818
0.849
0.935
0.792
0.921
0.821
0.838
0.828
0.835
0.907
0.837
0.854
0.826
0.837
0.831
0.899
0.811
0.873
0.849
0.850
0.865
0.780
0.819
0.857
0.891
0.812
0.840
0.822
0.823
0.811
0.804
0.795
0.843
0.844
0.856
0.884
0.827
0.832
0.827
0.864
0.806
0.867
0.912
0.782
0.823
0.838
0.819
0.796
0.812
0.817
0.716
0.787
0.757
0.739
0.757
0.773
0.772
0.793
0.766
0.867
0.876
0.775
0.829
0.817
0.875
0.914
0.844
0.854
0.761
0.857
0.767
0.801
0.826
0.822
0.873
0.840
0.880
0.858
0.759
0.804
0.909
0.846
0.842
0.879
0.829
0.923
0.923
0.896
0.915
0.848
0.843
0.852
0.882
0.873
0.803
0.870
0.835
0.922
0.820
0.969
0.915
0.860
0.850
0.871
0.879
0.844
0.898
0.838
0.962
0.897
0.793
0.820
0.907
0.961
0.844
0.841
0.862
0.873
0.884
0.863
0.838
0.904
0.834
0.825
0.853
0.884
0.899
0.805
0.906
0.810
0.858
0.867
0.849
0.874
0.875
0.941
0.903
0.876
0.917
0.856
0.880
0.897
0.953
0.878
0.928
0.868
0.812
0.782
0.857
0.866
0.847
0.922
0.800
0.837
0.886
0.886
0.883
0.870
0.830
0.837
0.829
0.867
0.812
0.839
0.835
0.834
0.929
0.915
0.918
0.941
0.943
0.852
0.874
0.849
0.853
0.878
0.853
0.842
0.819
0.835
0.840
0.881
0.964
0.917
0.917
0.900
0.902
0.810
0.915
0.844
0.848
0.832
0.872
0.836
0.853
0.848
0.801
0.750
0.735
0.764
0.765
0.750
0.715
0.744
0.770
0.776
0.888
0.899
0.708
0.738
0.773
0.855
0.776
0.736
0.710
0.696
0.873
0.810
0.755
0.803
0.742
0.711
0.691
0.699
0.665
0.669
0.663
0.726
0.747
0.778
0.746
0.721
0.712
0.719
0.718
0.708
0.738
0.703
0.757
0.790
0.770
0.688
0.717
0.702
0.713
0.733
0.706
0.819
0.768
0.754
0.817
0.884
0.774
0.810
0.771
0.721
0.729
0.754
0.797
0.782
0.774
0.800
0.788
0.763
0.765
0.735
0.761
0.751
0.678
0.728
0.714
0.804
0.753
0.708
0.672
0.777
0.739
0.731
0.742
0.801
0.915
0.897
0.875
0.887
0.879
0.844
0.809
0.811
0.835
0.884
0.861
0.850
0.816
0.888
0.914
0.865
0.835
0.771
0.761
0.874
0.829
0.773
0.758
0.745
0.753
0.878
0.917
0.857
0.879
0.842
0.833
0.803
0.857
0.868
0.868
0.828
0.898
0.934
0.817
0.817
0.831
0.906
0.860
0.836
0.807
0.864
0.829
0.821
0.792
0.810
0.855
0.821
0.926
0.795
0.958
0.782
0.807
0.858
0.787
0.861
0.837
0.869
0.848
0.877
0.939
0.844
0.821
0.872
0.832
0.921
0.837
0.881
0.805
0.891
0.883
0.869
0.862
0.957
0.820
0.890
0.824
0.848
0.878
0.834
0.855
0.812
0.819
0.845
0.850
0.878
0.879
0.859
0.851
0.858
0.947
0.803
0.859
0.818
0.809
0.865
0.820
0.858
0.805
0.896
0.822
0.838
0.852
0.934
0.818
0.929
0.925
0.818
0.881
0.810
0.761
0.803
0.834
0.835
0.781
0.770
0.865
0.831
0.815
0.846
0.819
0.825
0.856
0.847
0.830
0.838
0.849
0.912
0.849
0.827
0.849
0.886
0.844
0.807
0.821
0.767
0.847
0.861
0.820
0.816
0.791
0.912
0.751
0.807
0.806
0.853
0.917
0.773
0.837
0.886
0.857
0.817
0.796
0.856
0.919
0.796
0.865
0.753
0.784
0.778
0.835
0.837
0.838
0.812
0.902
0.832
0.845
0.830
0.849
0.833
0.818
0.877
0.864
0.868
0.838
0.843
0.808
0.837
0.852
0.825
0.849
0.885
0.887
0.862
0.862
0.933
0.861
0.924
0.912
0.875
0.949
0.827
0.868
0.901
0.852
0.829
0.696
0.829
0.886
0.902
0.936
0.829
0.882
0.912
0.889
0.932
0.935
0.782
0.877
0.902
0.897
0.807
0.867
0.827
0.874
0.970
0.830
0.881
0.954
0.884
0.860
0.876
0.870
0.813
0.827
0.910
0.912
0.965
0.867
0.826
0.813
0.868
0.804
0.798
0.872
0.851
0.910
0.895
0.928
0.877
0.861
0.895
0.895
0.927
0.968
0.885
0.891
0.848
0.930
0.893
0.960
0.839
0.842
0.843
0.841
0.910
0.874
0.860
0.864
0.846
0.847
0.859
0.817
0.838
0.824
0.822
0.813
0.768
0.780
0.790
0.765
0.789
0.815
0.832
0.830
0.854
0.853
0.832
0.777
0.820
0.735
0.683
0.703
0.710
0.747
0.738
0.762
0.755
0.717
0.686
0.733
0.727
0.685
0.747
0.661
0.662
0.749
0.730
0.756
0.760
0.768
0.821
0.892
0.799
0.825
0.785
0.798
0.752
0.711
0.669
0.705
0.723
0.703
0.763
0.776
0.773
0.744
0.743
0.757
0.719
0.712
0.725
0.757
0.762
0.685
0.727
0.688
0.732
0.730
0.734
0.698
0.651
0.679
0.726
0.701
0.695
0.747
0.758
0.817
0.889
0.775
0.730
0.752
0.740
0.759
0.712
0.709
0.713
0.706
0.729
0.726
0.759
0.825
0.676
0.691
0.751
0.711
0.734
0.755
0.708
0.707
0.862
0.772
0.709
0.712
0.694
0.692
0.685
0.714
0.817
0.940
0.812
0.805
0.675
0.795
0.731
0.829
0.808
0.901
0.783
0.756
0.813
0.817
0.772
0.810
0.798
0.778
0.792
0.739
0.734
0.869
0.780
0.836
0.892
0.906
0.811
0.853
0.891
0.803
0.837
0.858
0.842
0.846
0.859
0.840
0.959
0.839
0.818
0.793
0.888
0.784
0.746
0.791
0.779
0.803
0.806
0.804
0.898
0.829
0.905
0.883
0.967
0.863
0.827
0.900
0.855
0.861
0.890
0.861
0.839
0.797
0.888
0.837
0.815
0.899
0.830
0.913
0.793
0.830
0.830
0.842
0.872
0.859
0.832
0.806
0.835
0.849
0.885
0.740
0.896
0.823
0.808
0.846
0.881
0.870
0.883
0.871
0.886
0.791
0.839
0.819
0.794
0.854
0.872
0.862
0.836
0.856
0.875
0.846
0.859
0.870
0.793
0.830
0.858
0.822
0.861
0.831
0.864
0.844
0.880
0.896
0.823
0.843
0.777
0.852
0.828
0.861
0.969
0.834
0.851
0.900
0.913
0.812
0.742
0.824
0.915
0.854
0.830
0.881
0.944
0.916
0.814
0.864
0.836
0.865
0.861
0.782
0.880
0.855
0.821
0.908
0.920
0.882
0.954
0.780
0.901
0.764
0.812
0.885
0.862
0.912
0.799
0.876
0.950
0.833
0.888
0.851
0.852
0.838
0.765
0.851
0.783
0.955
0.857
0.856
0.939
0.859
0.834
0.805
0.860
0.841
0.760
0.962
0.855
0.916
0.890
0.893
0.894
0.754
0.952
0.837
0.791
0.917
0.852
0.905
0.866
0.813
0.818
0.931
0.868
0.884
0.920
0.870
0.851
0.779
0.783
0.913
0.851
0.779
0.790
0.841
0.870
0.789
0.862
0.783
0.811
0.904
0.925
0.882
0.896
0.898
0.798
0.824
0.962
0.853
0.841
0.824
0.842
0.866
0.973
0.882
0.892
0.876
0.820
0.876
0.822
0.853
0.884
0.861
0.786
0.844
0.795
0.874
0.911
0.911
0.902
0.830
0.829
0.870
0.812
0.854
0.833
0.744
0.825
0.834
0.884
0.849
0.838
0.869
0.866
0.964
0.949
0.817
0.860
0.892
0.863
0.784
0.868
0.932
0.951
0.824
0.849
0.876
0.848
0.863
0.880
0.894
0.945
0.870
0.885
0.902
0.835
0.846
0.843
0.833
0.825
0.822
0.883
0.797
0.856
0.774
0.804
0.846
0.847
0.836
0.858
0.828
0.879
0.810
0.770
0.836
0.920
0.871
0.819
0.811
0.822
0.834
0.742
0.774
0.835
0.782
0.796
0.769
0.749
0.737
0.691
0.638
0.666
0.711
0.753
0.742
0.692
0.756
0.814
0.776
0.837
0.743
0.787
0.867
0.916
0.855
0.824
0.776
0.822
0.806
0.851
0.820
0.850
0.783
0.733
0.784
0.765
0.755
0.745
0.695
0.739
0.822
0.846
0.846
0.881
0.939
0.830
0.878
0.771
0.770
0.810
0.796
0.805
0.775
0.832
0.914
0.917
0.871
0.791
0.858
0.801
0.785
0.813
0.883
0.879
0.793
0.798
0.777
0.797
0.741
0.836
0.763
0.774
0.815
0.816
0.856
0.875
0.866
0.829
0.825
0.918
0.793
0.795
0.923
0.792
0.869
0.885
0.843
0.815
0.752
0.754
0.786
0.859
0.833
0.782
0.730
0.705
0.839
0.792
0.910
0.798
0.902
0.822
0.902
0.790
0.818
0.890
0.858
0.943
0.782
0.915
0.835
0.869
0.850
0.883
0.881
0.952
0.917
0.922
0.832
0.878
0.859
0.842
0.943
0.807
0.822
0.847
0.841
0.926
0.907
0.864
0.906
0.888
0.835
0.959
0.825
0.865
0.912
0.946
0.863
0.877
0.814
0.837
0.900
0.814
0.849
0.845
0.848
0.881
0.861
0.850
0.785
0.861
0.890
0.910
0.781
0.835
0.825
0.830
0.852
0.855
0.772
0.884
0.859
0.840
0.849
0.874
0.881
0.897
0.806
0.827
0.885
0.865
0.728
0.802
0.788
0.891
0.773
0.827
0.865
0.813
0.854
0.774
0.806
0.849
0.871
0.802
0.877
0.904
0.866
0.837
0.916
0.860
0.833
0.911
0.879
0.841
0.847
0.847
0.870
0.868
0.845
0.874
0.870
0.841
0.816
0.864
0.842
0.872
0.857
0.849
0.892
0.833
0.842
0.912
0.757
0.838
0.929
0.826
0.896
0.873
0.884
0.914
0.899
0.862
0.893
0.881
0.953
0.909
0.893
0.882
0.875
0.843
0.909
0.959
0.831
0.819
0.833
0.900
0.867
0.850
0.837
0.861
0.889
0.823
0.847
0.861
0.924
0.812
0.861
0.828
0.921
0.913
0.868
0.938
0.873
0.810
0.864
0.831
0.873
0.879
0.881
0.807
0.843
0.867
0.866
0.891
0.881
0.868
0.882
0.829
0.784
0.856
0.876
0.767
0.794
0.885
0.855
0.862
0.879
0.854
0.867
0.853
0.898
0.830
0.855
0.846
0.851
0.802
0.863
0.902
0.882
0.824
0.848
0.853
0.852
0.897
0.927
0.854
0.835
0.893
0.891
0.827
0.808
0.817
0.792
0.698
0.702
0.706
0.691
0.676
0.691
0.714
0.805
0.851
0.907
0.918
0.894
0.866
0.889
0.879
0.834
0.801
0.778
0.804
0.766
0.807
0.851
0.866
0.887
0.802
0.864
0.930
0.837
0.885
0.860
0.864
0.803
0.796
0.793
0.721
0.702
0.747
0.765
0.802
0.782
0.775
0.722
0.727
0.678
0.765
0.799
0.792
0.737
0.739
0.750
0.760
0.757
0.814
0.898
0.792
0.891
0.759
0.759
0.826
0.756
0.728
0.721
0.791
0.778
0.790
0.727
0.804
0.746
0.815
0.790
0.742
0.732
0.755
0.761
0.817
0.769
0.793
0.818
0.915
0.886
0.870
0.757
0.767
0.845
0.829
0.843
0.890
0.817
0.795
0.799
0.842
0.849
0.772
0.751
0.760
0.770
0.745
0.785
0.797
0.763
0.742
0.769
0.734
0.812
0.758
0.692
0.695
0.713
0.706
0.677
0.643
0.664
0.719
0.711
0.734
0.745
0.741
0.752
0.716
0.726
0.698
0.720
0.687
0.686
0.711
0.711
0.721
0.682
0.764
0.800
0.697
0.754
0.687
0.758
0.772
0.728
0.689
0.718
0.735
0.797
0.756
0.798
0.781
0.737
0.688
0.711
0.728
0.725
0.757
0.812
0.914
0.890
0.881
0.928
0.939
0.943
0.914
0.834
0.879
0.838
0.853
0.780
0.788
0.779
0.820
0.774
0.792
0.853
0.857
0.850
0.838
0.746
0.859
0.874
0.884
0.819
0.775
0.881
0.816
0.806
0.777
0.772
0.757
0.821
0.755
0.806
0.823
0.847
0.921
0.824
0.852
0.810
0.847
0.802
0.863
0.939
0.784
0.787
0.773
0.796
0.752
0.827
0.755
0.867
0.759
0.722
0.795
0.809
0.826
0.862
0.804
0.829
0.757
0.833
0.838
0.887
0.794
0.817
0.853
0.861
0.878
0.939
0.803
0.953
0.755
0.784
0.745
0.736
0.750
0.757
0.796
0.772
0.819
0.815
0.779
0.797
0.821
0.855
0.806
0.771
0.827
0.807
0.836
0.826
0.805
0.800
0.749
0.707
0.713
0.737
0.768
0.843
0.877
0.830
0.781
0.831
0.808
0.853
0.832
0.776
0.786
0.783
0.798
0.778
0.769
0.806
0.759
0.830
0.828
0.822
0.780
0.792
0.796
0.765
0.801
0.869
0.785
0.842
0.838
0.813
0.819
0.851
0.811
0.770
0.858
0.786
0.800
0.814
0.868
0.855
0.849
0.823
0.819
0.890
0.872
0.833
0.710
0.814
0.789
0.846
0.768
0.791
0.803
0.764
0.809
0.894
0.918
0.780
0.877
0.943
0.884
0.825
0.803
0.761
0.834
0.947
0.816
0.838
0.968
0.901
0.758
0.877
0.769
0.753
0.824
0.942
0.956
0.827
0.790
0.799
0.796
0.752
0.802
0.868
0.805
0.791
0.863
0.921
0.902
0.923
0.797
0.807
0.841
0.885
0.842
0.798
0.738
0.772
0.820
0.824
0.876
0.819
0.824
0.871
0.880
0.942
0.913
0.803
0.869
0.815
0.768
0.780
0.799
0.747
0.782
0.801
0.793
0.787
0.758
0.831
0.834
0.830
0.842
0.827
0.876
0.748
0.800
0.794
0.824
0.881
0.843
0.844
0.791
0.823
0.786
0.809
0.843
0.867
0.801
0.742
0.745
0.778
0.814
0.670
0.689
0.787
0.739
0.694
0.744
0.760
0.742
0.738
0.731
0.739
0.709
0.720
0.776
0.868
0.683
0.642
0.601
0.705
0.749
0.738
0.753
0.830
0.817
0.804
0.743
0.776
0.733
0.735
0.717
0.780
0.788
0.793
0.738
0.716
0.724
0.716
0.743
0.760
0.744
0.788
0.717
0.721
0.781
0.765
0.768
0.773
0.727
0.750
0.772
0.875
0.735
0.696
0.664
0.872
0.682
0.674
0.748
0.749
0.851
0.772
0.739
0.711
0.747
0.759
0.740
0.768
0.807
0.794
0.734
0.760
0.733
0.717
0.698
0.734
0.786
0.745
0.754
0.742
0.777
0.735
0.769
0.768
0.793
0.849
0.732
0.694
0.680
0.679
0.710
0.771
0.754
0.726
0.707
0.688
0.681
0.681
0.814
0.920
0.828
0.767
0.768
0.827
0.833
0.784
0.708
0.703
0.731
0.698
0.740
0.716
0.734
0.747
0.772
0.793
0.800
0.693
0.744
0.847
0.868
0.776
0.756
0.743
0.723
0.783
0.768
0.856
0.946
0.843
0.810
0.927
0.913
0.847
0.819
0.856
0.853
0.797
0.877
0.901
0.875
0.843
0.744
0.796
0.768
0.755
0.804
0.836
0.832
0.817
0.816
0.825
0.939
0.928
0.850
0.788
0.800
0.946
0.838
0.938
0.759
0.887
0.915
0.906
0.773
0.828
0.809
0.821
0.910
0.800
0.948
0.948
0.811
0.847
0.907
0.822
0.872
0.800
0.805
0.814
0.789
0.893
0.843
0.860
0.853
0.822
0.910
0.840
0.846
0.915
0.820
0.809
0.826
0.850
0.843
0.840
0.846
0.786
0.844
0.804
0.862
0.923
0.806
0.869
0.895
0.902
0.867
0.888
0.834
0.894
0.869
0.909
0.835
0.836
0.871
0.888
0.927
0.818
0.800
0.812
0.886
0.874
0.940
0.794
0.885
0.840
0.872
0.873
0.870
0.884
0.888
0.830
0.798
0.818
0.843
0.809
0.867
0.912
0.909
0.785
0.795
0.850
0.883
0.896
0.816
0.853
0.858
0.865
0.822
0.801
0.814
0.919
0.878
0.897
0.793
0.790
0.892
0.832
0.886
0.880
0.804
0.820
0.913
0.847
0.812
0.825
0.816
0.925
0.775
0.856
0.840
0.784
0.812
0.791
0.854
0.760
0.788
0.815
0.857
0.888
0.819
0.814
0.929
0.904
0.921
0.917
0.940
0.830
0.845
0.849
0.847
0.846
0.925
0.850
0.842
0.849
0.859
0.893
0.906
0.839
0.828
0.862
0.838
0.846
0.835
0.862
0.833
0.902
0.786
0.799
0.806
0.828
0.817
0.748
0.744
0.731
0.763
0.758
0.763
0.857
0.932
0.869
0.818
0.811
0.834
0.826
0.858
0.796
0.797
0.846
0.835
0.860
0.887
0.850
0.807
0.882
0.829
0.859
0.842
0.856
0.964
0.831
0.862
0.841
0.851
0.840
0.800
0.861
0.835
0.837
0.791
0.833
0.846
0.770
0.786
0.799
0.866
0.936
0.798
0.768
0.767
0.869
0.881
0.852
0.867
0.832
0.873
0.858
0.867
0.832
0.849
0.865
0.894
0.764
0.790
0.840
0.806
0.852
0.857
0.885
0.861
0.815
0.898
0.871
0.948
0.802
0.803
0.831
0.783
0.757
0.755
0.782
0.826
0.750
0.799
0.711
0.780
0.781
0.721
0.789
0.756
0.747
0.749
0.803
0.821
0.837
0.805
0.725
0.750
0.758
0.738
0.744
0.756
0.749
0.748
0.689
0.798
0.751
0.768
0.749
0.751
0.725
0.850
0.793
0.777
0.888
0.890
0.937
0.830
0.840
0.798
0.902
0.844
0.916
0.878
0.828
0.882
0.830
0.733
0.815
0.758
0.733
0.771
0.762
0.773
0.843
0.777
0.722
0.731
0.722
0.737
0.731
0.711
0.792
0.838
0.888
0.810
0.784
0.816
0.772
0.822
0.796
0.822
0.814
0.793
0.793
0.769
0.899
0.879
0.938
0.807
0.813
0.821
0.853
0.872
0.897
0.909
0.889
0.823
0.873
0.873
0.892
0.895
0.884
0.908
0.886
0.834
0.798
0.827
0.791
0.779
0.785
0.812
0.875
0.824
0.905
0.841
0.823
0.864
0.868
0.839
0.852
0.915
0.894
0.919
0.831
0.816
0.951
0.859
0.856
0.876
0.865
0.834
0.931
0.872
0.954
0.860
0.928
0.859
0.868
0.837
0.893
0.859
0.851
0.876
0.857
0.809
0.809
0.824
0.831
0.845
0.880
0.926
0.927
0.821
0.835
0.805
0.875
0.804
0.926
0.862
0.941
0.901
0.936
0.878
0.887
0.841
0.879
0.857
0.868
0.865
0.830
0.834
0.955
0.900
0.862
0.917
0.842
0.866
0.915
0.825
0.820
0.840
0.834
0.814
0.836
0.903
0.787
0.881
0.903
0.872
0.875
0.852
0.884
0.846
0.835
0.851
0.854
0.854
0.820
0.850
0.839
0.856
0.833
0.854
0.884
0.841
0.855
0.862
0.857
0.839
0.828
0.830
0.826
0.853
0.918
0.870
0.761
0.919
0.863
0.871
0.808
0.870
0.884
0.827
0.883
0.874
0.838
0.745
0.781
0.881
0.874
0.795
0.848
0.943
0.870
0.849
0.840
0.837
0.884
0.788
0.884
0.818
0.833
0.819
0.897
0.746
0.824
0.885
0.746
0.835
0.837
0.807
0.811
0.850
0.902
0.820
0.823
0.844
0.904
0.836
0.913
0.785
0.915
0.893
0.896
0.789
0.761
0.727
0.831
0.808
0.818
0.847
0.837
0.857
0.821
0.843
0.889
0.946
0.748
0.928
0.751
0.798
0.830
0.928
0.869
0.858
0.882
0.843
0.923
0.935
0.808
0.894
0.814
0.906
0.803
0.822
0.853
0.849
0.822
0.861
0.836
0.850
0.754
0.888
0.843
0.914
0.894
0.920
0.860
0.910
0.859
0.799
0.731
0.813
0.866
0.874
0.912
0.879
0.842
0.765
0.846
0.921
0.907
0.833
0.806
0.838
0.717
0.906
0.888
0.866
0.790
0.773
0.870
0.893
0.946
0.929
0.932
0.818
0.850
0.907
0.909
0.849
0.860
0.859
0.916
0.847
0.876
0.891
0.895
0.902
0.921
0.894
0.875
0.871
0.893
0.851
0.817
0.852
0.858
0.894
0.808
0.713
0.749
0.847
0.882
0.911
0.854
0.825
0.781
0.952
0.922
0.855
0.827
0.827
0.884
0.837
0.788
0.792
0.721
0.730
0.651
0.619
0.682
0.722
0.732
0.734
0.732
0.734
0.735
0.714
0.840
0.726
0.741
0.692
0.680
0.712
0.759
0.924
0.851
0.792
0.816
0.895
0.778
0.737
0.710
0.755
0.764
0.715
0.654
0.689
0.721
0.704
0.719
0.684
0.719
0.726
0.735
0.711
0.743
0.796
0.847
0.842
0.822
0.850
0.899
0.727
0.708
0.739
0.756
0.819
0.799
0.756
0.803
0.803
0.698
0.702
0.709
0.753
0.740
0.700
0.729
0.776
0.799
0.805
0.710
0.747
0.697
0.638
0.669
0.731
0.657
0.688
0.652
0.705
0.764
0.792
0.822
0.743
0.707
0.763
0.890
0.719
0.737
0.834
0.764
0.748
0.679
0.660
0.839
0.801
0.738
0.672
0.757
0.908
0.849
0.915
0.885
0.836
0.942
0.820
0.892
0.749
0.876
0.779
0.756
0.842
0.861
0.864
0.801
0.831
0.862
0.874
0.731
0.781
0.858
0.797
0.846
0.847
0.827
0.925
0.838
0.834
0.800
0.871
0.855
0.833
0.889
0.874
0.903
0.805
0.841
0.857
0.840
0.847
0.846
0.872
0.939
0.864
0.836
0.796
0.821
0.797
0.891
0.834
0.899
0.851
0.869
0.826
0.828
0.810
0.892
0.812
0.820
0.836
0.903
0.880
0.819
0.815
0.867
0.854
0.863
0.839
0.707
0.834
0.835
0.847
0.804
0.817
0.797
0.803
0.801
0.781
0.794
0.771
0.762
0.778
0.793
0.785
0.780
0.818
0.837
0.799
0.749
0.841
0.814
0.810
0.778
0.826
0.854
0.749
0.783
0.854
0.820
0.807
0.860
0.886
0.775
0.849
0.778
0.776
0.932
0.853
0.846
0.801
0.765
0.870
0.880
0.784
0.751
0.746
0.829
0.799
0.778
0.834
0.814
0.747
0.805
0.790
0.816
0.803
0.788
0.819
0.922
0.793
0.829
0.805
0.811
0.842
0.810
0.831
0.898
0.885
0.863
0.814
0.736
0.865
0.869
0.943
0.808
0.874
0.883
0.853
0.860
0.907
0.888
0.864
0.834
0.776
0.861
0.848
0.875
0.768
0.898
0.933
0.736
0.859
0.936
0.851
0.894
0.831
0.748
0.831
0.824
0.894
0.830
0.841
0.828
0.869
0.829
0.901
0.840
0.858
0.855
0.805
0.869
0.893
0.891
0.831
0.858
0.894
0.823
0.818
0.906
0.957
0.934
0.869
0.854
0.913
0.908
0.860
0.822
0.925
0.865
0.822
0.897
0.854
0.893
0.882
0.802
0.791
0.841
0.948
0.782
0.812
0.905
0.819
0.878
0.895
0.865
0.883
0.840
0.779
0.756
0.779
0.784
0.824
0.805
0.840
0.855
0.868
0.850
0.865
0.869
0.869
0.859
0.909
0.861
0.865
0.885
0.859
0.902
0.825
0.791
0.760
0.770
0.750
0.754
0.833
0.810
0.778
0.815
0.739
0.787
0.822
0.781
0.809
0.807
0.803
0.795
0.859
0.889
0.840
0.866
0.852
0.805
0.740
0.787
0.713
0.728
0.777
0.762
0.731
0.699
0.705
0.713
0.728
0.682
0.679
0.719
0.857
0.803
0.816
0.857
0.880
0.829
0.806
0.738
0.769
0.719
0.731
0.690
0.725
0.687
0.714
0.735
0.693
0.720
0.710
0.699
0.725
0.735
0.715
0.616
0.622
0.635
0.721
0.733
0.713
0.699
0.695
0.707
0.670
0.639
0.658
0.679
0.704
0.699
0.717
0.731
0.742
0.763
0.729
0.755
0.770
0.836
0.883
0.919
0.913
0.842
0.808
0.842
0.889
0.814
0.734
0.754
0.776
0.748
0.764
0.731
0.720
0.761
0.874
0.898
0.877
0.904
0.902
0.829
0.799
0.805
0.818
0.813
0.804
0.832
0.766
0.728
0.741
0.733
0.785
0.878
0.862
0.787
0.769
0.803
0.782
0.871
0.864
0.934
0.827
0.823
0.777
0.892
0.872
0.784
0.715
0.716
0.718
0.785
0.833
0.780
0.817
0.821
0.852
0.856
0.803
0.927
0.945
0.916
0.868
0.867
0.739
0.755
0.791
0.846
0.871
0.862
0.777
0.899
0.890
0.818
0.897
0.849
0.765
0.896
0.856
0.818
0.865
0.884
0.853
0.916
0.777
0.857
0.833
0.941
0.877
0.948
0.758
0.821
0.863
0.871
0.847
0.846
0.839
0.817
0.850
0.867
0.864
0.872
0.845
0.820
0.838
0.787
0.827
0.791
0.863
0.785
0.834
0.842
0.792
0.732
0.725
0.805
0.833
0.792
0.877
0.820
0.856
0.801
0.836
0.784
0.863
0.843
0.873
0.843
0.923
0.865
0.869
0.836
0.860
0.835
0.843
0.866
0.859
0.880
0.845
0.876
0.801
0.844
0.877
0.882
0.721
0.833
0.772
0.859
0.782
0.806
0.841
0.839
0.862
0.891
0.839
0.822
0.887
0.807
0.813
0.810
0.797
0.871
0.836
0.859
0.894
0.844
0.920
0.837
0.855
0.815
0.928
0.794
0.819
0.859
0.786
0.810
0.826
0.838
0.861
0.852
0.813
0.859
0.759
0.899
0.882
0.854
0.812
0.839
0.843
0.876
0.899
0.937
0.802
0.888
0.839
0.852
0.810
0.783
0.803
0.834
0.848
0.903
0.814
0.877
0.819
0.867
0.961
0.812
0.840
0.941
0.781
0.879
0.877
0.842
0.946
0.784
0.931
0.818
0.869
0.875
0.751
0.837
0.858
0.963
0.969
0.908
0.924
0.887
0.831
0.823
0.942
0.850
0.918
0.787
0.800
0.886
0.886
0.887
0.811
0.826
0.783
0.727
0.728
0.687
0.737
0.779
0.910
0.888
0.895
0.905
0.885
0.859
0.912
0.877
0.924
0.856
0.842
0.847
0.923
0.870
0.873
0.908
0.858
0.835
0.907
0.882
0.897
0.948
0.869
0.791
0.779
0.797
0.777
0.841
0.806
0.872
0.894
0.867
0.912
0.848
0.825
0.864
0.868
0.866
0.890
0.842
0.898
0.912
0.932
0.874
0.847
0.890
0.870
0.884
0.868
0.888
0.940
0.900
0.895
0.851
0.876
0.756
0.845
0.830
0.853
0.833
0.799
0.792
0.845
0.870
0.854
0.807
0.769
0.771
0.791
0.766
0.850
0.830
0.779
0.767
0.753
0.787
0.851
0.761
0.797
0.765
0.816
0.737
0.679
0.686
0.713
0.684
0.794
0.756
0.779
0.786
0.815
0.709
0.704
0.835
0.852
0.817
0.822
0.786
0.719
0.728
0.701
0.720
0.728
0.778
0.739
0.725
0.678
0.678
0.690
0.718
0.737
0.740
0.757
0.709
0.622
0.659
0.728
0.738
0.754
0.748
0.722
0.690
0.721
0.738
0.749
0.742
0.714
0.729
0.821
0.746
0.803
0.786
0.749
0.824
0.836
0.847
0.909
0.872
0.809
0.790
0.745
0.779
0.833
0.835
0.788
0.755
0.804
0.800
0.885
0.830
0.859
0.848
0.854
0.863
0.797
0.820
0.828
0.797
0.738
0.742
0.735
0.745
0.799
0.906
0.845
0.818
0.808
0.879
0.845
0.929
0.916
0.906
0.950
0.824
0.801
0.877
0.837
0.797
0.839
0.836
0.797
0.842
0.848
0.829
0.846
0.782
0.797
0.828
0.773
0.778
0.874
0.819
0.824
0.909
0.885
0.862
0.803
0.954
0.768
0.879
0.909
0.838
0.743
0.633
0.690
0.819
0.851
0.854
0.858
0.951
0.808
0.861
0.792
0.812
0.772
0.825
0.968
0.839
0.865
0.815
0.922
0.922
0.826
0.856
0.798
0.813
0.801
0.806
0.764
0.755
0.809
0.800
0.859
0.859
0.810
0.848
0.825
0.815
0.841
0.776
0.859
0.892
0.838
0.837
0.794
0.795
0.867
0.903
0.860
0.892
0.878
0.811
0.877
0.828
0.894
0.828
0.896
0.831
0.846
0.779
0.773
0.822
0.762
0.808
0.854
0.782
0.844
0.792
0.813
0.833
0.843
0.832
0.798
0.846
0.816
0.887
0.793
0.824
0.808
0.865
0.871
0.861
0.819
0.752
0.726
0.759
0.833
0.811
0.762
0.789
0.847
0.773
0.914
0.889
0.894
0.939
0.883
0.881
0.780
0.852
0.860
0.919
0.832
0.829
0.844
0.790
0.821
0.830
0.822
0.809
0.871
0.749
0.910
0.842
0.900
0.861
0.794
0.805
0.831
0.825
0.790
0.757
0.922
0.817
0.835
0.775
0.943
0.828
0.935
0.905
0.792
0.840
0.828
0.798
0.843
0.844
0.767
0.838
0.832
0.965
0.843
0.808
0.853
0.850
0.884
0.885
0.809
0.825
0.832
0.886
0.919
0.842
0.943
0.755
0.876
0.890
0.798
0.795
0.803
0.906
0.821
0.878
0.878
0.865
0.873
0.871
0.816
0.862
0.813
0.858
0.837
0.865
0.882
0.769
0.848
0.808
0.853
0.871
0.831
0.846
0.945
0.859
0.945
0.857
0.799
0.842
0.804
0.838
0.815
0.848
0.777
0.803
0.724
0.757
0.798
0.815
0.774
0.789
0.821
0.811
0.790
0.738
0.772
0.936
0.889
0.908
0.816
0.694
0.860
0.895
0.804
0.803
0.799
0.779
0.779
0.801
0.789
0.794
0.726
0.727
0.672
0.764
0.760
0.702
0.824
0.778
0.763
0.766
0.777
0.808
0.739
0.721
0.753
0.718
0.761
0.743
0.700
0.684
0.697
0.726
0.720
0.638
0.661
0.759
0.802
0.649
0.753
0.777
0.703
0.661
0.678
0.760
0.798
0.710
0.669
0.715
0.696
0.694
0.701
0.733
0.764
0.789
0.827
0.823
0.713
0.684
0.703
0.744
0.730
0.885
0.822
0.763
0.753
0.713
0.848
0.810
0.802
0.744
0.805
0.777
0.725
0.766
0.794
0.732
0.734
0.730
0.728
0.722
0.706
0.727
0.715
0.747
0.756
0.778
0.817
0.831
0.734
0.730
0.733
0.808
0.771
0.754
0.752
0.720
0.696
0.730
0.744
0.761
0.734
0.769
0.844
0.702
0.669
0.713
0.725
0.775
0.799
0.818
0.817
0.906
0.769
0.777
0.873
0.942
0.759
0.933
0.794
0.794
0.803
0.764
0.887
0.882
0.869
0.929
0.911
0.867
0.811
0.824
0.811
0.803
0.854
0.777
0.788
0.854
0.933
0.797
0.777
0.777
0.849
0.928
0.793
0.802
0.936
0.807
0.843
0.863
0.830
0.888
0.948
0.947
0.879
0.895
0.891
0.796
0.813
0.951
0.846
0.824
0.845
0.824
0.812
0.786
0.869
0.846
0.960
0.753
0.808
0.847
0.817
0.876
0.806
0.828
0.850
0.929
0.768
0.885
0.934
0.769
0.939
0.840
0.958
0.810
0.864
0.813
0.845
0.893
0.866
0.843
0.774
0.860
0.878
0.853
0.801
0.740
0.786
0.859
0.922
0.790
0.853
0.849
0.885
0.777
0.851
0.837
0.849
0.816
0.812
0.864
0.792
0.751
0.799
0.816
0.876
0.858
0.866
0.866
0.899
0.907
0.836
0.858
0.839
0.883
0.833
0.887
0.832
0.838
0.773
0.857
0.780
0.801
0.798
0.825
0.813
0.797
0.845
0.834
0.832
0.796
0.879
0.812
0.852
0.874
0.816
0.868
0.810
0.897
0.825
0.856
0.840
0.862
0.826
0.842
0.881
0.848
0.851
0.848
0.851
0.765
0.858
0.860
0.838
0.905
0.937
0.858
0.809
0.853
0.830
0.823
0.756
0.769
0.872
0.877
0.784
0.936
0.728
0.794
0.935
0.773
0.823
0.872
0.901
0.811
0.811
0.923
0.851
0.842
0.786
0.816
0.858
0.767
0.817
0.894
0.855
0.827
0.843
0.916
0.854
0.858
0.802
0.853
0.800
0.875
0.867
0.895
0.966
0.824
0.793
0.903
0.902
0.855
0.945
0.813
0.804
0.846
0.862
0.841
0.812
0.831
0.905
0.902
0.845
0.858
0.791
0.851
0.838
0.825
0.801
0.786
0.879
0.865
0.921
0.830
0.839
0.817
0.935
0.816
0.891
0.887
0.856
0.958
0.820
0.857
0.865
0.958
0.918
0.855
0.854
0.873
0.796
0.793
0.849
0.866
0.908
0.854
0.860
0.873
0.782
0.862
0.844
0.874
0.858
0.878
0.840
0.833
0.856
0.800
0.817
0.843
0.845
0.811
0.889
0.898
0.910
0.805
0.753
0.659
0.681
0.713
0.692
0.686
0.755
0.741
0.798
0.779
0.853
0.811
0.906
0.840
0.744
0.749
0.813
0.786
0.786
0.794
0.757
0.776
0.711
0.716
0.834
0.682
0.695
0.741
0.769
0.780
0.683
0.719
0.776
0.752
0.767
0.740
0.735
0.709
0.711
0.690
0.647
0.619
0.659
0.711
0.659
0.736
0.757
0.758
0.713
0.707
0.706
0.670
0.686
0.732
0.713
0.753
0.747
0.740
0.740
0.838
0.784
0.679
0.725
0.724
0.692
0.720
0.736
0.756
0.897
0.781
0.776
0.865
0.793
0.729
0.710
0.724
0.706
0.746
0.742
0.725
0.701
0.730
0.728
0.726
0.732
0.683
0.763
0.786
0.760
0.708
0.726
0.731
0.721
0.778
0.850
0.859
0.880
0.790
0.810
0.759
0.801
0.798
0.894
0.868
0.796
0.801
0.874
0.796
0.810
0.803
0.742
0.825
0.917
0.838
0.852
0.924
0.867
0.817
0.795
0.851
0.829
0.875
0.908
0.829
0.834
0.884
0.888
0.835
0.862
0.806
0.812
0.873
0.895
0.799
0.849
0.963
0.816
0.861
0.772
0.831
0.837
0.926
0.871
0.828
0.831
0.824
0.819
0.867
0.923
0.839
0.881
0.936
0.830
0.895
0.860
0.867
0.889
0.880
0.818
0.785
0.818
0.849
0.904
0.857
0.811
0.856
0.818
0.817
0.726
0.872
0.876
0.818
0.834
0.902
0.802
0.753
0.890
0.893
0.870
0.830
0.823
0.869
0.794
0.849
0.825
0.826
0.847
0.902
0.855
0.852
0.897
0.777
0.838
0.861
0.826
0.872
0.842
0.823
0.876
0.808
0.877
0.885
0.888
0.858
0.851
0.953
0.771
0.825
0.788
0.867
0.896
0.925
0.751
0.801
0.837
0.864
0.841
0.856
0.844
0.861
0.841
0.750
0.759
0.771
0.824
0.798
0.906
0.840
0.848
0.856
0.810
0.780
0.814
0.868
0.838
0.845
0.850
0.794
0.881
0.841
0.815
0.780
0.892
0.924
0.896
0.827
0.832
0.853
0.831
0.859
0.811
0.751
0.787
0.839
0.860
0.811
0.872
0.722
0.779
0.848
0.918
0.726
0.934
0.749
0.851
0.756
0.797
0.835
0.899
0.885
0.826
0.893
0.857
0.860
0.785
0.799
0.903
0.796
0.845
0.938
0.798
0.880
0.882
0.908
0.849
0.842
0.887
0.768
0.873
0.879
0.838
0.894
0.844
0.796
0.752
0.901
0.960
0.940
0.822
0.788
0.810
0.856
0.848
0.872
0.805
0.853
0.835
0.839
0.829
0.869
0.848
0.839
0.903
0.798
0.743
0.795
0.782
0.791
0.812
0.795
0.828
0.838
0.963
0.971
0.864
0.931
0.818
0.846
0.871
0.896
0.906
0.920
0.879
0.921
0.782
0.820
0.772
0.859
0.884
0.841
0.849
0.875
0.898
0.895
0.866
0.940
0.794
0.855
0.948
0.863
0.860
0.877
0.734
0.873
0.884
0.869
0.886
0.748
0.838
0.804
0.765
0.792
0.808
0.715
0.757
0.765
0.772
0.773
0.785
0.807
0.739
0.748
0.808
0.828
0.695
0.777
0.876
0.845
0.796
0.869
0.815
0.856
0.857
0.906
0.835
0.751
0.708
0.815
0.890
0.830
0.832
0.928
0.920
0.922
0.874
0.838
0.767
0.742
0.801
0.729
0.706
0.690
0.729
0.757
0.793
0.823
0.803
0.714
0.746
0.809
0.763
0.832
0.779
0.776
0.833
0.789
0.736
0.710
0.695
0.734
0.701
0.718
0.743
0.734
0.763
0.784
0.745
0.759
0.771
0.840
0.862
0.854
0.827
0.756
0.788
0.724
0.790
0.809
0.746
0.743
0.766
0.744
0.709
0.717
0.703
0.794
0.769
0.825
0.768
0.746
0.741
0.786
0.904
0.766
0.862
0.816
0.801
0.843
0.876
0.870
0.883
0.800
0.857
0.836
0.945
0.819
0.786
0.801
0.844
0.838
0.836
0.843
0.791
0.817
0.827
0.825
0.845
0.779
0.890
0.799
0.699
0.720
0.732
0.790
0.836
0.849
0.876
0.768
0.808
0.962
0.876
0.813
0.844
0.817
0.837
0.834
0.927
0.806
0.842
0.944
0.875
0.840
0.892
0.891
0.938
0.839
0.949
0.833
0.833
0.860
0.901
0.769
0.797
0.878
0.843
0.869
0.814
0.823
0.887
0.885
0.897
0.850
0.849
0.884
0.853
0.744
0.844
0.844
0.864
0.917
0.820
0.809
0.835
0.830
0.905
0.858
0.829
0.829
0.889
0.885
0.847
0.868
0.866
0.800
0.815
0.866
0.788
0.805
0.875
0.826
0.811
0.892
0.847
0.864
0.815
0.857
0.839
0.825
0.862
0.905
0.883
0.909
0.845
0.837
0.814
0.943
0.869
0.865
0.896
0.845
0.835
0.827
0.848
0.833
0.771
0.857
0.814
0.825
0.839
0.867
0.846
0.912
0.791
0.899
0.843
0.873
0.832
0.838
0.858
0.855
0.855
0.851
0.933
0.877
0.875
0.905
0.811
0.878
0.775
0.854
0.837
0.809
0.810
0.832
0.910
0.861
0.817
0.866
0.806
0.820
0.841
0.828
0.893
0.759
0.798
0.809
0.830
0.848
0.786
0.814
0.792
0.845
0.904
0.790
0.796
0.830
0.857
0.798
0.871
0.850
0.762
0.842
0.872
0.897
0.807
0.810
0.817
0.824
0.841
0.772
0.842
0.879
0.764
0.927
0.770
0.794
0.870
0.842
0.822
0.819
0.813
0.787
0.825
0.853
0.775
0.820
0.795
0.841
0.829
0.825
0.950
0.770
0.822
0.892
0.814
0.931
0.816
0.781
0.786
0.772
0.848
0.895
0.834
0.829
0.959
0.867
0.822
0.836
0.812
0.845
0.871
0.821
0.885
0.969
0.842
0.888
0.816
0.810
0.843
0.838
0.869
0.828
0.889
0.958
0.862
0.807
0.854
0.926
0.884
0.830
0.887
0.819
0.838
0.732
0.751
0.858
0.874
0.871
0.865
0.850
0.840
0.828
0.860
0.915
0.934
0.850
0.817
0.789
0.817
0.801
0.876
0.812
0.856
0.872
0.837
0.877
0.852
0.817
0.822
0.867
0.857
0.770
0.725
0.776
0.824
0.807
0.781
0.846
0.777
0.836
0.881
0.771
0.783
0.788
0.794
0.788
0.877
0.855
0.820
0.841
0.782
0.762
0.707
0.725
0.759
0.792
0.795
0.787
0.808
0.804
0.852
0.822
0.805
0.800
0.846
0.823
0.854
0.884
0.806
0.777
0.804
0.814
0.740
0.728
0.756
0.753
0.810
0.695
0.688
0.707
0.699
0.757
0.658
0.650
0.716
0.702
0.725
0.686
0.705
0.703
0.835
0.793
0.757
0.763
0.866
0.845
0.741
0.692
0.771
0.850
0.840
0.776
0.797
0.802
0.758
0.722
0.747
0.745
0.775
0.834
0.765
0.805
0.830
0.862
0.927
0.814
0.824
0.886
0.885
0.808
0.809
0.837
0.749
0.808
0.792
0.751
0.828
0.860
0.896
0.844
0.843
0.902
0.849
0.860
0.884
0.762
0.757
0.724
0.742
0.805
0.886
0.765
0.800
0.820
0.802
0.850
0.844
0.900
0.816
0.809
0.856
0.865
0.887
0.919
0.854
0.881
0.889
0.940
0.899
0.834
0.882
0.887
0.877
0.858
0.841
0.851
0.918
0.816
0.887
0.919
0.829
0.942
0.832
0.906
0.837
0.791
0.877
0.803
0.824
0.914
0.875
0.895
0.814
0.832
0.937
0.807
0.889
0.779
0.874
0.823
0.946
0.796
0.832
0.880
0.779
0.836
0.858
0.819
0.942
0.841
0.840
0.929
0.786
0.819
0.872
0.850
0.848
0.800
0.822
0.819
0.816
0.815
0.769
0.869
0.771
0.822
0.836
0.793
0.859
0.871
0.869
0.833
0.764
0.830
0.854
0.853
0.808
0.838
0.750
0.868
0.832
0.929
0.834
0.848
0.838
0.841
0.796
0.844
0.857
0.820
0.941
0.827
0.829
0.869
0.789
0.866
0.832
0.838
0.846
0.807
0.831
0.900
0.846
0.862
0.846
0.835
0.849
0.884
0.864
0.862
0.872
0.847
0.914
0.813
0.853
0.827
0.850
0.817
0.817
0.909
0.878
0.835
0.744
0.868
0.862
0.877
0.796
0.895
0.867
0.798
0.778
0.776
0.826
0.939
0.811
0.832
0.829
0.875
0.873
0.894
0.821
0.827
0.874
0.938
0.889
0.822
0.841
0.802
0.825
0.851
0.847
0.785
0.803
0.830
0.812
0.889
0.788
0.850
0.872
0.853
0.971
0.819
0.897
0.872
0.798
0.841
0.835
0.870
0.909
0.876
0.821
0.888
0.849
0.790
0.823
0.758
0.704
0.747
0.897
0.895
0.915
0.931
0.795
0.898
0.927
0.868
0.957
0.810
0.795
0.814
0.841
0.853
0.826
0.878
0.947
0.795
0.853
0.872
0.895
0.853
0.893
0.900
0.814
0.865
0.890
0.873
0.850
0.880
0.891
0.847
0.844
0.836
0.802
0.921
0.874
0.866
0.819
0.876
0.877
0.838
0.847
0.781
0.751
0.892
0.852
0.915
0.840
0.845
0.844
0.820
0.837
0.825
0.793
0.796
0.774
0.835
0.893
0.859
0.850
0.832
0.854
0.854
0.862
0.946
0.803
0.832
0.801
0.806
0.843
0.793
0.725
0.768
0.783
0.790
0.757
0.762
0.738
0.727
0.776
0.747
0.749
0.768
0.749
0.760
0.729
0.725
0.699
0.704
0.750
0.753
0.713
0.732
0.724
0.775
0.802
0.800
0.830
0.826
0.788
0.758
0.791
0.760
0.734
0.749
0.753
0.686
0.708
0.759
0.754
0.752
0.770
0.744
0.738
0.766
0.828
0.780
0.819
0.820
0.665
0.737
0.690
0.716
0.756
0.752
0.785
0.782
0.735
0.734
0.715
0.742
0.752
0.813
0.726
0.768
0.796
0.786
0.809
0.821
0.815
0.726
0.778
0.807
0.830
0.921
0.897
0.828
0.782
0.818
0.936
0.835
0.876
0.882
0.807
0.766
0.767
0.755
0.861
0.828
0.799
0.805
0.903
0.826
0.809
0.769
0.885
0.899
0.921
0.835
0.743
0.892
0.840
0.873
0.838
0.832
0.863
0.901
0.877
0.940
0.869
0.801
0.918
0.922
0.817
0.920
0.846
0.813
0.879
0.866
0.906
0.911
0.841
0.943
0.840
0.891
0.923
0.878
0.946
0.857
0.819
0.945
0.938
0.799
0.851
0.825
0.939
0.803
0.778
0.843
0.906
0.947
0.776
0.787
0.878
0.891
0.875
0.859
0.953
0.844
0.907
0.873
0.965
0.836
0.886
0.877
0.835
0.876
0.910
0.938
0.837
0.849
0.864
0.835
0.840
0.893
0.830
0.883
0.810
0.851
0.874
0.867
0.888
0.839
0.799
0.856
0.889
0.929
0.802
0.882
0.884
0.877
0.814
0.874
0.862
0.894
0.872
0.861
0.921
0.827
0.873
0.890
0.861
0.875
0.890
0.881
0.941
0.855
0.835
0.810
0.912
0.829
0.923
0.805
0.841
0.855
0.812
0.838
0.812
0.849
0.819
0.809
0.817
0.853
0.852
0.927
0.926
0.874
0.850
0.911
0.926
0.927
0.844
0.836
0.940
0.819
0.900
0.859
0.900
0.961
0.861
0.902
0.923
0.887
0.823
0.856
0.816
0.952
0.829
0.805
0.824
0.954
0.825
0.943
0.836
0.871
0.909
0.954
0.811
0.829
0.870
0.828
0.807
0.823
0.845
0.852
0.915
0.925
0.959
0.812
0.827
0.887
0.894
0.798
0.854
0.815
0.837
0.951
0.788
0.835
0.782
0.819
0.786
0.903
0.862
0.786
0.811
0.863
0.831
0.846
0.815
0.873
0.800
0.841
0.864
0.930
0.841
0.883
0.775
0.888
0.873
0.762
0.839
0.804
0.900
0.836
0.909
0.848
0.823
0.806
0.822
0.836
0.784
0.774
0.863
0.798
0.890
0.861
0.854
0.961
0.868
0.905
0.944
0.840
0.841
0.853
0.909
0.785
0.818
0.923
0.915
0.844
0.813
0.839
0.858
0.847
0.937
0.902
0.867
0.888
0.868
0.870
0.877
0.835
0.782
0.771
0.867
0.830
0.754
0.832
0.876
0.869
0.866
0.910
0.804
0.816
0.915
0.931
0.885
0.883
0.849
0.791
0.865
0.848
0.934
0.862
0.911
0.899
0.915
0.831
0.868
0.872
0.857
0.850
0.814
0.779
0.730
0.668
0.670
0.790
0.809
0.763
0.811
0.812
0.757
0.749
0.709
0.774
0.796
0.824
0.807
0.863
0.757
0.798
0.802
0.773
0.706
0.745
0.742
0.732
0.720
0.699
0.649
0.662
0.698
0.690
0.799
0.666
0.741
0.728
0.762
0.783
0.820
0.829
0.783
0.808
0.792
0.804
0.775
0.787
0.773
0.777
0.822
0.810
0.894
0.809
0.902
0.782
0.818
0.805
0.749
0.746
0.765
0.786
0.693
0.698
0.717
0.769
0.761
0.833
0.847
0.684
0.694
0.678
0.655
0.705
0.720
0.733
0.904
0.763
0.748
0.742
0.805
0.760
0.713
0.713
0.729
0.823
0.855
0.814
0.673
0.675
0.746
0.833
0.838
0.844
0.806
0.770
0.732
0.701
0.728
0.783
0.789
0.784
0.823
0.791
0.808
0.777
0.749
0.763
0.803
0.831
0.781
0.749
0.801
0.852
0.766
0.775
0.844
0.888
0.884
0.899
0.851
0.922
0.903
0.794
0.886
0.744
0.853
0.792
0.865
0.785
0.828
0.949
0.915
0.885
0.845
0.773
0.831
0.828
0.858
0.888
0.872
0.807
0.920
0.943
0.880
0.780
0.860
0.937
0.857
0.811
0.861
0.939
0.870
0.746
0.854
0.912
0.835
0.854
0.909
0.860
0.932
0.805
0.807
0.946
0.865
0.843
0.849
0.866
0.859
0.935
0.852
0.822
0.864
0.856
0.806
0.821
0.909
0.932
0.837
0.877
0.795
0.923
0.842
0.842
0.898
0.890
0.864
0.855
0.891
0.854
0.905
0.842
0.853
0.876
0.859
0.882
0.894
0.944
0.890
0.877
0.925
0.844
0.797
0.776
0.845
0.798
0.881
0.781
0.841
0.840
0.840
0.939
0.788
0.888
0.807
0.832
0.895
0.862
0.824
0.844
0.936
0.886
0.828
0.831
0.861
0.886
0.949
0.797
0.879
0.885
0.905
0.855
0.962
0.842
0.875
0.776
0.864
0.799
0.870
0.824
0.936
0.857
0.874
0.829
0.807
0.857
0.852
0.964
0.924
0.957
0.797
0.743
0.869
0.890
0.930
0.806
0.822
0.816
0.851
0.854
0.831
0.938
0.882
0.966
0.841
0.777
0.911
0.825
0.868
0.924
0.836
0.782
0.928
0.749
0.841
0.740
0.919
0.917
0.882
0.819
0.812
0.854
0.840
0.791
0.761
0.873
0.967
0.820
0.877
0.839
0.894
0.793
0.801
0.824
0.842
0.850
0.742
0.847
0.808
0.826
0.795
0.778
0.812
0.866
0.926
0.887
0.918
0.852
0.828
0.919
0.862
0.924
0.817
0.882
0.896
0.915
0.839
0.897
0.908
0.908
0.922
0.915
0.863
0.777
0.823
0.863
0.870
0.906
0.841
0.855
0.940
0.890
0.977
0.970
0.863
0.870
0.938
0.867
0.886
0.919
0.926
0.899
0.869
0.863
0.839
0.885
0.832
0.898
0.886
0.955
0.846
0.784
0.797
0.839
0.781
0.782
0.850
0.858
0.852
0.863
0.845
0.851
0.780
0.859
0.845
0.819
0.818
0.852
0.863
0.807
0.861
0.824
0.870
0.849
0.884
0.823
0.849
0.859
0.874
0.795
0.815
0.887
0.854
0.869
0.817
0.905
0.772
0.864
0.869
0.934
0.943
0.919
0.843
0.844
0.829
0.847
0.852
0.814
0.885
0.930
0.885
0.870
0.846
0.891
0.853
0.710
0.676
0.692
0.734
0.777
0.802
0.850
0.902
0.844
0.842
0.791
0.724
0.783
0.791
0.813
0.796
0.844
0.865
0.962
0.839
0.817
0.818
0.868
0.837
0.917
0.839
0.776
0.758
0.766
0.767
0.803
0.721
0.708
0.712
0.738
0.738
0.733
0.742
0.760
0.822
0.883
0.752
0.839
0.907
0.903
0.869
0.815
0.764
0.749
0.744
0.760
0.706
0.814
0.823
0.722
0.669
0.711
0.753
0.700
0.743
0.748
0.707
0.784
0.794
0.832
0.750
0.797
0.761
0.771
0.800
0.776
0.783
0.799
0.825
0.949
0.837
0.945
0.818
0.766
0.883
0.809
0.831
0.847
0.947
0.868
0.902
0.842
0.832
0.853
0.830
0.836
0.940
0.803
0.854
0.860
0.941
0.899
0.913
0.865
0.788
0.797
0.891
0.897
0.959
0.835
0.906
0.909
0.878
0.821
0.884
0.859
0.901
0.874
0.860
0.904
0.833
0.828
0.882
0.916
0.939
0.856
0.972
0.869
0.917
0.896
0.917
0.903
0.931
0.867
0.875
0.857
0.851
0.866
0.867
0.854
0.879
0.942
0.869
0.892
0.896
0.809
0.842
0.968
0.808
0.808
0.897
0.905
0.895
0.816
0.924
0.891
0.879
0.883
0.910
0.847
0.818
0.820
0.746
0.836
0.848
0.791
0.858
0.870
0.827
0.882
0.710
0.883
0.783
0.863
0.862
0.849
0.835
0.912
0.851
0.898
0.846
0.849
0.882
0.852
0.861
0.843
0.949
0.888
0.869
0.890
0.825
0.856
0.876
0.866
0.889
0.953
0.911
0.904
0.877
0.920
0.888
0.902
0.865
0.912
0.912
0.848
0.903
0.876
0.854
0.918
0.944
0.899
0.866
0.867
0.890
0.899
0.871
0.861
0.814
0.866
0.886
0.866
0.826
0.954
0.898
0.770
0.950
0.961
0.951
0.819
0.855
0.886
0.868
0.948
0.861
0.855
0.875
0.814
0.832
0.866
0.930
0.860
0.876
0.885
0.875
0.920
0.821
0.804
0.825
0.949
0.875
0.879
0.898
0.903
0.878
0.864
0.894
0.870
0.880
0.873
0.825
0.829
0.863
0.813
0.831
0.857
0.826
0.909
0.872
0.847
0.752
0.854
0.874
0.873
0.883
0.923
0.814
0.875
0.932
0.822
0.835
0.844
0.898
0.869
0.974
0.919
0.883
0.865
0.871
0.940
0.921
0.880
0.905
0.856
0.861
0.897
0.788
0.817
0.840
0.874
0.912
0.909
0.851
0.868
0.831
0.843
0.874
0.851
0.843
0.829
0.891
0.845
0.846
0.845
0.844
0.862
0.830
0.821
0.842
0.790
0.830
0.901
0.836
0.942
0.834
0.858
0.839
0.880
0.843
0.923
0.925
0.836
0.865
0.797
0.828
0.790
0.790
0.804
0.798
0.815
0.790
0.783
0.803
0.827
0.736
0.684
0.677
0.734
0.772
0.756
0.780
0.779
0.786
0.770
0.774
0.752
0.758
0.875
0.835
0.848
0.772
0.735
0.757
0.743
0.782
0.778
0.767
0.750
0.775
0.807
0.889
0.859
0.797
0.739
0.829
0.776
0.748
0.823
0.877
0.766
0.755
0.779
0.804
0.715
0.747
0.765
0.773
0.778
0.779
0.788
0.843
0.891
0.867
0.753
0.817
0.929
0.850
0.841
0.899
0.914
0.932
0.933
0.907
0.877
0.893
0.830
0.878
0.870
0.887
0.907
0.941
0.917
0.842
0.838
0.857
0.807
0.796
0.757
0.752
0.725
0.778
0.850
0.916
0.901
0.909
0.832
0.886
0.855
0.910
0.927
0.864
0.836
0.867
0.835
0.848
0.931
0.903
0.876
0.874
0.870
0.823
0.783
0.888
0.867
0.859
0.816
0.824
0.801
0.898
0.938
0.831
0.791
0.875
0.772
0.805
0.924
0.871
0.920
0.816
0.859
0.947
0.864
0.864
0.827
0.816
0.856
0.906
0.836
0.894
0.876
0.835
0.830
0.912
0.854
0.920
0.794
0.820
0.869
0.825
0.874
0.743
0.699
0.781
0.779
0.924
0.853
0.813
0.779
0.870
0.864
0.895
0.890
0.947
0.970
0.903
0.889
0.857
0.966
0.817
0.841
0.964
0.817
0.839
0.858
0.834
0.830
0.764
0.845
0.858
0.943
0.960
0.900
0.820
0.894
0.858
0.821
0.942
0.836
0.888
0.924
0.821
0.856
0.963
0.843
0.856
0.920
0.815
0.957
0.872
0.909
0.876
0.832
0.869
0.791
0.870
0.879
0.867
0.877
0.845
0.893
0.954
0.897
0.956
0.823
0.916
0.926
0.845
0.854
0.886
0.936
0.802
0.898
0.940
0.821
0.866
0.866
0.874
0.889
0.862
0.893
0.856
0.964
0.850
0.879
0.837
0.948
0.822
0.897
0.843
0.841
0.875
0.913
0.898
0.896
0.934
0.899
0.880
0.926
0.886
0.845
0.930
0.862
0.833
0.921
0.922
0.910
0.844
0.841
0.879
0.941
0.887
0.894
0.888
0.942
0.848
0.868
0.899
0.897
0.919
0.893
0.852
0.855
0.906
0.967
0.893
0.858
0.847
0.881
0.865
0.843
0.960
0.848
0.854
0.856
0.815
0.821
0.904
0.951
0.881
0.891
0.895
0.902
0.896
0.965
0.862
0.906
0.855
0.913
0.826
0.916
0.882
0.849
0.853
0.860
0.857
0.889
0.852
0.872
0.855
0.810
0.818
0.767
0.785
0.916
0.887
0.954
0.851
0.881
0.967
0.960
0.851
0.924
0.848
0.821
0.934
0.886
0.908
0.871
0.887
0.953
0.856
0.861
0.841
0.932
0.974
0.902
0.911
0.949
0.978
0.976
0.951
0.936
0.899
0.903
0.952
0.951
0.930
0.957
0.954
0.901
0.946
0.963
0.962
0.956
0.935
0.953
0.925
0.878
0.807
0.928
0.893
0.875
0.889
0.954
0.956
0.902
0.937
0.898
0.842
0.825
0.824
0.825
0.799
0.812
0.801
0.841
0.838
0.833
0.824
0.850
0.784
0.809
0.817
0.823
0.845
0.867
0.828
0.809
0.812
0.804
0.807
0.795
0.824
0.780
0.791
0.809
0.807
0.828
0.815
0.823
0.796
0.800
0.792
0.798
0.799
0.774
0.795
0.823
0.813
0.799
0.822
0.814
0.840
0.834
0.830
0.865
0.863
0.846
0.825
0.801
0.783
0.791
0.797
0.845
0.849
0.855
0.833
0.858
0.864
0.844
0.832
0.841
0.840
0.823
0.818
0.857
0.828
0.845
0.805
0.715
0.750
0.763
0.806
0.803
0.828
0.857
0.866
0.859
0.855
0.848
0.815
0.820
0.866
0.883
0.887
0.875
0.874
0.868
0.869
0.864
0.872
0.832
0.842
0.845
0.856
0.856
0.832
0.851
0.860
0.851
0.837
0.831
0.835
0.855
0.866
0.852
0.825
0.804
0.815
0.759
0.758
0.752
0.847
0.861
0.843
0.828
0.829
0.820
0.818
0.846
0.838
0.842
0.844
0.853
0.824
0.854
0.853
0.865
0.842
0.848
0.852
0.859
0.841
0.813
0.843
0.832
0.753
0.743
0.748
0.724
0.768
0.700
0.699
0.725
0.733
0.804
0.834
0.817
0.802
0.866
0.820
0.806
0.829
0.823
0.811
0.812
0.832
0.808
0.795
0.835
0.816
0.810
0.834
0.826
0.834
0.817
0.799
0.811
0.860
0.807
0.778
0.845
0.825
0.838
0.816
0.808
0.801
0.786
0.831
0.839
0.754
0.772
0.766
0.816
0.814
0.811
0.801
0.764
0.790
0.806
0.832
0.828
0.832
0.808
0.772
0.737
0.770
0.780
0.782
0.794
0.816
0.824
0.820
0.797
0.808
0.835
0.834
0.857
0.816
0.777
0.766
0.780
0.838
0.810
0.833
0.825
0.825
0.858
0.811
0.798
0.822
0.828
0.850
0.747
0.804
0.786
0.777
0.804
0.823
0.826
0.836
0.772
0.784
0.811
0.843
0.774
0.797
0.815
0.742
0.749
0.776
0.821
0.812
0.770
0.809
0.734
0.788
0.804
0.819
0.801
0.742
0.779
0.782
0.813
0.756
0.784
0.757
0.787
0.797
0.805
0.814
0.767
0.764
0.846
0.836
0.822
0.789
0.819
0.750
0.789
0.807
0.803
0.808
0.789
0.803
0.813
0.786
0.773
0.781
0.807
0.816
0.830
0.831
0.816
0.835
0.838
0.874
0.846
0.872
0.794
0.760
0.728
0.703
0.725
0.688
0.730
0.786
0.814
0.817
0.830
0.828
0.847
0.796
0.747
0.844
0.834
0.837
0.834
0.826
0.846
0.861
0.845
0.822
0.845
0.810
0.815
0.836
0.838
0.842
0.794
0.814
0.855
0.832
0.805
0.815
0.812
0.812
0.835
0.813
0.845
0.859
0.879
0.848
0.844
0.851
0.855
0.845
0.831
0.853
0.834
0.823
0.846
0.847
0.863
0.874
0.840
0.820
0.849
0.842
0.848
0.831
0.814
0.786
0.807
0.842
0.848
0.833
0.776
0.768
0.804
0.821
0.806
0.818
0.812
0.810
0.803
0.836
0.835
0.824
0.821
0.810
0.839
0.813
0.825
0.817
0.822
0.783
0.816
0.841
0.799
0.770
0.796
0.807
0.775
0.740
0.752
0.772
0.787
0.780
0.811
0.800
0.803
0.826
0.849
0.809
0.785
0.791
0.770
0.796
0.815
0.814
0.834
0.863
0.874
0.865
0.849
0.850
0.827
0.833
0.809
0.803
0.785
0.803
0.794
0.807
0.801
0.811
0.831
0.812
0.844
0.805
0.793
0.799
0.798
0.802
0.801
0.819
0.834
0.839
0.847
0.811
0.784
0.807
0.829
0.831
0.836
0.852
0.847
0.842
0.832
0.867
0.865
0.840
0.817
0.846
0.845
0.877
0.857
0.844
0.847
0.872
0.876
0.844
0.852
0.848
0.852
0.856
0.862
0.840
0.859
0.826
0.808
0.838
0.810
0.817
0.784
0.762
0.800
0.824
0.830
0.838
0.846
0.800
0.825
0.811
0.807
0.768
0.818
0.873
0.848
0.863
0.841
0.837
0.811
0.811
0.836
0.844
0.817
0.837
0.820
0.823
0.872
0.821
0.817
0.840
0.867
0.833
0.849
0.863
0.790
0.833
0.823
0.832
0.809
0.825
0.792
0.788
0.806
0.773
0.860
0.794
0.813
0.798
0.814
0.851
0.809
0.785
0.805
0.808
0.837
0.804
0.792
0.798
0.819
0.769
0.814
0.840
0.834
0.791
0.800
0.821
0.835
0.784
0.765
0.769
0.806
0.817
0.734
0.788
0.838
0.759
0.855
0.761
0.774
0.797
0.775
0.795
0.799
0.796
0.835
0.847
0.782
0.800
0.813
0.838
0.834
0.840
0.790
0.807
0.839
0.810
0.830
0.838
0.823
0.797
0.823
0.775
0.801
0.814
0.827
0.809
0.808
0.833
0.840
0.829
0.855
0.811
0.777
0.841
0.847
0.764
0.798
0.824
0.809
0.840
0.832
0.828
0.804
0.783
0.797
0.763
0.777
0.816
0.816
0.777
0.768
0.804
0.793
0.794
0.810
0.831
0.827
0.824
0.742
0.790
0.840
0.845
0.794
0.793
0.777
0.811
0.823
0.818
0.786
0.803
0.804
0.763
0.812
0.820
0.820
0.816
0.790
0.820
0.859
0.818
0.793
0.786
0.821
0.840
0.829
0.754
0.805
0.760
0.804
0.796
0.790
0.840
0.815
0.808
0.807
0.815
0.823
0.805
0.801
0.799
0.831
0.811
0.800
0.810
0.818
0.776
0.835
0.831
0.838
0.866
0.834
0.770
0.804
0.819
0.827
0.822
0.767
0.760
0.731
0.789
0.828
0.820
0.868
0.798
0.797
0.812
0.821
0.821
0.829
0.854
0.841
0.833
0.846
0.831
0.848
0.812
0.840
0.844
0.837
0.843
0.832
0.821
0.816
0.837
0.844
0.822
0.845
0.861
0.843
0.828
0.829
0.825
0.828
0.809
0.826
0.779
0.780
0.775
0.800
0.814
0.795
0.839
0.844
0.850
0.847
0.816
0.843
0.825
0.828
0.782
0.769
0.765
0.803
0.832
0.834
0.855
0.850
0.840
0.859
0.844
0.836
0.852
0.810
0.789
0.811
0.810
0.797
0.794
0.798
0.790
0.783
0.799
0.795
0.788
0.774
0.719
0.770
0.764
0.761
0.785
0.766
0.769
0.792
0.806
0.780
0.783
0.814
0.865
0.827
0.837
0.831
0.827
0.826
0.807
0.801
0.813
0.825
0.851
0.861
0.866
0.859
0.837
0.847
0.871
0.858
0.831
0.820
0.816
0.801
0.808
0.784
0.791
0.830
0.813
0.782
0.846
0.831
0.828
0.821
0.817
0.819
0.846
0.857
0.860
0.880
0.886
0.878
0.874
0.888
0.892
0.886
0.871
0.874
0.862
0.876
0.887
0.873
0.852
0.839
0.862
0.865
0.881
0.879
0.863
0.845
0.809
0.846
0.864
0.849
0.871
0.860
0.852
0.856
0.872
0.863
0.866
0.873
0.851
0.856
0.878
0.858
0.878
0.869
0.868
0.881
0.883
0.883
0.855
0.869
0.875
0.865
0.866
0.853
0.841
0.840
0.836
0.837
0.775
0.821
0.840
0.861
0.847
0.832
0.824
0.841
0.868
0.854
0.847
0.840
0.759
0.747
0.770
0.829
0.854
0.804
0.790
0.822
0.849
0.840
0.854
0.812
0.801
0.847
0.851
0.835
0.824
0.865
0.833
0.848
0.789
0.840
0.849
0.798
0.794
0.782
0.837
0.779
0.796
0.753
0.784
0.813
0.793
0.808
0.744
0.828
0.780
0.843
0.815
0.805
0.835
0.836
0.818
0.815
0.822
0.792
0.787
0.798
0.812
0.810
0.836
0.849
0.819
0.799
0.828
0.753
0.784
0.828
0.776
0.800
0.823
0.803
0.801
0.772
0.812
0.831
0.804
0.781
0.768
0.822
0.813
0.809
0.808
0.824
0.832
0.807
0.841
0.834
0.783
0.795
0.800
0.805
0.773
0.730
0.758
0.813
0.805
0.810
0.796
0.803
0.803
0.788
0.804
0.812
0.843
0.856
0.834
0.803
0.862
0.804
0.810
0.788
0.848
0.867
0.803
0.853
0.831
0.820
0.820
0.845
0.819
0.826
0.830
0.820
0.763
0.819
0.845
0.820
0.831
0.796
0.792
0.822
0.800
0.805
0.821
0.808
0.753
0.781
0.804
0.841
0.811
0.798
0.788
0.854
0.842
0.855
0.813
0.817
0.796
0.797
0.826
0.799
0.820
0.797
0.846
0.841
0.838
0.801
0.822
0.769
0.794
0.856
0.851
0.748
0.804
0.801
0.795
0.783
0.832
0.810
0.816
0.835
0.824
0.833
0.801
0.800
0.801
0.809
0.825
0.828
0.785
0.757
0.788
0.821
0.823
0.810
0.799
0.824
0.837
0.810
0.827
0.765
0.801
0.742
0.750
0.780
0.815
0.760
0.788
0.767
0.795
0.796
0.857
0.816
0.817
0.842
0.826
0.821
0.785
0.763
0.787
0.825
0.822
0.789
0.810
0.786
0.806
0.823
0.764
0.796
0.791
0.794
0.822
0.784
0.819
0.820
0.824
0.781
0.800
0.839
0.797
0.834
0.832
0.834
0.839
0.851
0.819
0.798
0.821
0.790
0.777
0.733
0.757
0.794
0.766
0.762
0.801
0.785
0.799
0.808
0.815
0.815
0.800
0.787
0.781
0.811
0.830
0.817
0.819
0.786
0.795
0.749
0.727
0.743
0.755
0.785
0.785
0.788
0.817
0.867
0.852
0.820
0.830
0.822
0.832
0.824
0.833
0.813
0.823
0.832
0.815
0.783
0.773
0.789
0.778
0.818
0.806
0.794
0.808
0.822
0.834
0.824
0.817
0.828
0.837
0.827
0.841
0.845
0.816
0.805
0.785
0.794
0.796
0.806
0.815
0.820
0.833
0.831
0.833
0.838
0.851
0.772
0.788
0.793
0.816
0.805
0.816
0.829
0.795
0.773
0.770
0.804
0.823
0.795
0.844
0.807
0.821
0.838
0.848
0.854
0.861
0.840
0.852
0.875
0.843
0.855
0.802
0.813
0.810
0.813
0.829
0.839
0.846
0.870
0.853
0.861
0.844
0.866
0.872
0.856
0.860
0.860
0.851
0.856
0.858
0.841
0.856
0.842
0.839
0.846
0.840
0.844
0.863
0.879
0.870
0.877
0.877
0.835
0.831
0.852
0.858
0.838
0.853
0.816
0.844
0.832
0.845
0.875
0.835
0.821
0.774
0.810
0.805
0.807
0.827
0.849
0.840
0.840
0.860
0.842
0.803
0.791
0.804
0.856
0.773
0.826
0.820
0.833
0.828
0.841
0.807
0.801
0.826
0.815
0.811
0.838
0.809
0.843
0.842
0.847
0.836
0.822
0.803
0.831
0.849
0.819
0.819
0.809
0.827
0.844
0.821
0.774
0.795
0.809
0.804
0.820
0.834
0.805
0.781
0.779
0.814
0.826
0.796
0.817
0.785
0.795
0.812
0.796
0.823
0.809
0.812
0.792
0.813
0.798
0.793
0.813
0.816
0.781
0.805
0.794
0.807
0.815
0.808
0.834
0.814
0.806
0.777
0.801
0.804
0.799
0.808
0.820
0.801
