19790101
0.756
0.764
0.731
0.761
0.767
0.758
0.703
0.682
0.682
0.663
0.688
0.708
0.671
0.725
0.710
0.604
0.608
0.623
0.655
0.649
0.630
0.666
0.627
0.663
0.659
0.667
0.733
0.833
0.854
0.753
0.625
0.653
0.619
0.550
0.535
0.600
0.601
0.582
0.534
0.602
0.698
0.654
0.587
0.655
0.599
0.618
0.647
0.614
0.577
0.495
0.549
0.514
0.543
0.661
0.656
0.707
0.784
0.928
0.920
0.892
0.774
0.714
0.753
0.830
0.792
0.956
0.942
0.905
0.785
0.749
0.766
0.699
0.674
0.646
0.660
0.615
0.569
0.664
0.692
0.823
0.835
0.787
0.713
0.685
0.802
0.762
0.693
0.753
0.689
0.597
0.596
0.640
0.745
0.787
0.767
0.785
0.830
0.825
0.773
0.783
0.679
0.567
0.673
0.856
0.856
0.883
0.920
0.759
0.871
0.872
0.893
0.971
0.902
0.937
0.903
0.977
0.826
0.913
0.966
0.875
0.909
0.957
0.878
0.898
0.943
0.822
0.830
0.858
0.857
0.823
0.896
0.921
0.915
0.875
0.838
0.981
0.821
0.966
0.906
0.904
0.956
0.833
0.904
0.915
0.847
0.912
0.851
0.866
0.943
0.815
0.829
0.864
0.861
0.902
0.794
0.953
0.779
0.944
0.874
0.766
0.795
0.861
0.817
0.775
0.790
0.755
0.766
0.781
0.752
0.758
0.738
0.738
0.730
0.730
0.699
0.716
0.703
0.696
0.712
0.730
0.775
0.782
0.777
0.749
0.740
0.738
0.556
0.516
0.514
0.690
0.682
0.666
0.776
0.742
0.800
0.777
0.743
0.769
0.848
0.805
0.756
0.660
0.701
0.692
0.736
0.747
0.685
0.619
0.524
0.515
0.671
0.870
0.826
0.772
0.745
0.644
0.588
0.619
0.552
0.527
0.547
0.462
0.453
0.607
0.583
0.668
0.760
0.800
0.734
0.731
0.669
0.716
0.746
0.704
0.731
0.889
0.827
0.839
0.729
0.826
0.873
0.897
0.855
0.814
0.857
0.769
0.855
0.961
0.726
0.843
0.942
0.755
0.898
0.890
0.846
0.811
0.964
0.768
0.906
0.714
0.879
0.822
0.772
0.828
0.768
0.808
0.870
0.710
0.843
0.843
0.801
0.872
0.728
0.803
0.704
0.654
0.707
0.777
0.773
0.760
0.811
0.862
0.741
0.936
0.818
0.762
0.916
0.662
0.781
0.912
0.954
0.741
0.921
0.858
0.854
0.655
0.831
0.814
0.863
0.956
0.928
0.936
0.759
0.681
0.883
0.918
0.920
0.945
0.956
0.860
0.874
0.899
0.859
0.888
0.971
0.978
0.933
0.823
0.837
0.928
0.851
0.890
0.881
0.949
0.869
0.924
0.921
0.886
0.879
0.879
0.817
0.855
0.853
0.876
0.851
0.846
0.766
0.785
0.743
0.722
0.731
0.730
0.744
0.785
0.684
0.623
0.587
0.707
0.786
0.829
0.855
0.873
0.973
0.913
0.920
0.830
0.791
0.735
0.754
0.651
0.619
0.680
0.875
0.822
0.880
0.862
0.831
0.805
0.755
0.666
0.642
0.549
0.559
0.595
0.563
0.587
0.594
0.572
0.538
0.628
0.725
0.698
0.666
0.721
0.688
0.669
0.628
0.630
0.718
0.655
0.578
0.590
0.693
0.725
0.640
0.622
0.669
0.583
0.676
0.814
0.734
0.598
0.586
0.562
0.535
0.550
0.645
0.518
0.468
0.493
0.550
0.517
0.699
0.797
0.846
0.795
0.715
0.621
0.572
0.549
0.468
0.426
0.449
0.468
0.514
0.561
0.692
0.673
0.680
0.478
0.484
0.468
0.513
0.447
0.442
0.487
0.523
0.601
0.632
0.508
0.482
0.482
0.498
0.536
0.489
0.444
0.519
0.526
0.432
0.475
0.497
0.446
0.407
0.443
0.489
0.544
0.482
0.515
0.649
0.566
0.458
0.480
0.556
0.495
0.511
0.685
0.756
0.551
0.544
0.741
0.812
0.653
0.578
0.466
0.449
0.492
0.728
0.953
0.660
0.687
0.823
0.830
0.852
0.827
0.804
0.956
0.868
0.903
0.861
0.752
0.838
0.885
0.795
0.813
0.866
0.815
0.702
0.716
0.755
0.858
0.716
0.687
0.700
0.785
0.685
0.705
0.816
0.832
0.779
0.843
0.771
0.906
0.830
0.813
0.777
0.781
0.818
0.891
0.928
0.782
0.782
0.784
0.766
0.763
0.717
0.751
0.777
0.778
0.806
0.798
0.815
0.560
0.514
0.663
0.691
0.818
0.848
0.783
0.630
0.805
0.683
0.654
0.607
0.524
0.471
0.407
0.424
0.547
0.427
0.402
0.483
0.456
0.431
0.472
0.511
0.434
0.502
0.595
0.637
0.626
0.619
0.600
0.455
0.533
0.597
0.635
0.648
0.639
0.696
0.748
0.709
0.705
0.699
0.656
0.682
0.743
0.657
0.624
0.673
0.713
0.674
0.687
0.757
0.767
0.789
0.751
0.748
0.808
0.732
0.686
0.664
0.694
0.687
0.735
0.720
0.748
0.865
0.721
0.717
0.704
0.703
0.556
0.523
0.643
0.623
0.609
0.600
0.601
0.554
0.721
0.821
0.722
0.775
0.787
0.654
0.693
0.728
0.666
0.608
0.571
0.629
0.712
0.753
0.904
0.932
0.652
0.678
0.781
0.798
0.783
0.871
0.853
0.683
0.809
0.865
0.811
0.799
0.853
0.889
0.925
0.867
0.810
0.967
0.936
0.775
0.945
0.790
0.748
0.785
0.894
0.800
0.793
0.798
0.864
0.888
0.954
0.814
0.935
0.925
0.861
0.694
0.654
0.734
0.831
0.868
0.781
0.736
0.824
0.831
0.797
0.814
0.911
0.881
0.948
0.740
0.957
0.795
0.886
0.872
0.897
0.894
0.816
0.880
0.930
0.884
0.863
0.836
0.753
0.716
0.705
0.719
0.722
0.780
0.800
0.903
0.702
0.671
0.711
0.794
0.767
0.730
0.724
0.702
0.741
0.801
0.820
0.756
0.724
0.809
0.696
0.717
0.833
0.845
0.851
0.848
0.866
0.895
0.843
0.741
0.688
0.674
0.724
0.720
0.692
0.657
0.718
0.841
0.876
0.866
0.871
0.815
0.756
0.719
0.653
0.617
0.735
0.673
0.640
0.660
0.637
0.630
0.559
0.532
0.632
0.668
0.604
0.568
0.599
0.598
0.591
0.538
0.510
0.560
0.530
0.650
0.805
0.796
0.624
0.592
0.552
0.604
0.527
0.552
0.649
0.654
0.712
0.655
0.543
0.544
0.567
0.612
0.552
0.531
0.590
0.520
0.623
0.788
0.778
0.777
0.700
0.721
0.735
0.766
0.927
0.955
0.858
0.740
0.679
0.718
0.605
0.627
0.714
0.739
0.742
0.759
0.827
0.811
0.681
0.706
0.742
0.654
0.530
0.624
0.705
0.666
0.565
0.598
0.614
0.707
0.644
0.491
0.479
0.608
0.639
0.520
0.517
0.548
0.505
0.530
0.485
0.434
0.416
0.462
0.510
0.677
0.631
0.548
0.553
0.548
0.550
0.575
0.594
0.729
0.663
0.922
0.751
0.914
0.773
0.871
0.860
0.811
0.752
0.869
0.849
0.834
0.864
0.873
0.774
0.844
0.907
0.969
0.963
0.877
0.897
0.948
0.908
0.948
0.753
0.775
0.907
0.951
0.979
0.897
0.855
0.941
0.786
0.865
0.896
0.812
0.790
0.736
0.798
0.778
0.827
0.964
0.809
0.888
0.818
0.933
0.892
0.834
0.795
0.822
0.890
0.976
0.808
0.890
0.875
0.858
0.980
0.799
0.920
0.896
0.817
0.806
0.807
0.776
0.837
0.919
0.919
0.905
0.719
0.755
0.826
0.809
0.946
0.886
0.702
0.800
0.744
0.757
0.875
0.797
0.744
0.738
0.783
0.901
0.862
0.752
0.712
0.735
0.809
0.772
0.708
0.699
0.700
0.685
0.710
0.754
0.715
0.679
0.680
0.584
0.866
0.694
0.685
0.615
0.615
0.639
0.607
0.601
0.544
0.524
0.486
0.545
0.660
0.635
0.585
0.610
0.734
0.720
0.613
0.577
0.577
0.769
0.688
0.884
0.727
0.730
0.759
0.798
0.684
0.687
0.798
0.764
0.795
0.844
0.849
0.704
0.730
0.660
0.664
0.796
0.799
0.898
0.764
0.846
0.831
0.719
0.741
0.721
0.772
0.850
0.854
0.918
0.752
0.832
0.907
0.698
0.727
0.746
0.729
0.748
0.747
0.680
0.652
0.717
0.673
0.783
0.783
0.751
0.930
0.829
0.742
0.741
0.734
0.747
0.777
0.789
0.747
0.814
0.823
0.882
0.781
0.904
0.799
0.921
0.913
0.856
0.951
0.976
0.841
0.796
0.888
0.821
0.972
0.830
0.964
0.878
0.859
0.786
0.969
0.835
0.944
0.859
0.946
0.864
0.865
0.868
0.883
0.849
0.949
0.916
0.796
0.798
0.943
0.969
0.872
0.900
0.934
0.864
0.851
0.931
0.924
0.902
0.877
0.970
0.792
0.845
0.824
0.735
0.737
0.784
0.934
0.836
0.890
0.819
0.859
0.845
0.965
0.897
0.894
0.751
0.869
0.975
0.957
0.880
0.763
0.856
0.858
0.756
0.761
0.837
0.837
0.815
0.794
0.776
0.758
0.630
0.642
0.689
0.751
0.773
0.765
0.807
0.915
0.872
0.815
0.781
0.917
0.895
0.838
0.649
0.651
0.681
0.749
0.670
0.643
0.633
0.692
0.800
0.730
0.747
0.553
0.541
0.581
0.561
0.667
0.628
0.576
0.579
0.607
0.716
0.586
0.597
0.559
0.647
0.547
0.552
0.676
0.741
0.763
0.691
0.717
0.707
0.713
0.810
0.757
0.660
0.710
0.746
0.706
0.730
0.948
0.848
0.848
0.775
0.806
0.744
0.953
0.713
0.629
0.578
0.598
0.596
0.618
0.700
0.602
0.557
0.575
0.669
0.611
0.596
0.519
0.566
0.587
0.512
0.574
0.641
0.587
0.566
0.623
0.613
0.513
0.513
0.508
0.487
0.526
0.685
0.745
0.828
0.898
0.660
0.702
0.669
0.701
0.823
0.829
0.864
0.702
0.662
0.813
0.941
0.785
0.784
0.733
0.804
0.947
0.962
0.719
0.701
0.781
0.700
0.906
0.890
0.851
0.683
0.699
0.797
0.804
0.718
0.681
0.791
0.802
0.887
0.727
0.971
0.743
0.824
0.926
0.827
0.956
0.789
0.816
0.847
0.752
0.762
0.842
0.869
0.838
0.880
0.733
0.809
0.778
0.948
0.778
0.777
0.766
0.788
0.880
0.819
0.957
0.953
0.874
0.914
0.913
0.732
0.605
0.675
0.785
0.785
0.805
0.769
0.809
0.856
0.736
0.808
0.757
0.731
0.820
0.588
0.638
0.622
0.642
0.699
0.733
0.719
0.817
0.653
0.573
0.516
0.536
0.573
0.460
0.472
0.447
0.420
0.374
0.405
0.494
0.515
0.486
0.571
0.607
0.519
0.490
0.529
0.606
0.669
0.622
0.507
0.448
0.485
0.551
0.569
0.539
0.515
0.611
0.549
0.520
0.572
0.458
0.492
0.694
0.682
0.665
0.576
0.432
0.408
0.480
0.572
0.485
0.419
0.565
0.716
0.664
0.571
0.458
0.464
0.512
0.457
0.511
0.553
0.560
0.505
0.529
0.504
0.373
0.509
0.495
0.438
0.519
0.522
0.546
0.536
0.514
0.563
0.579
0.608
0.646
0.526
0.636
0.666
0.658
0.540
0.458
0.626
0.663
0.670
0.677
0.655
0.650
0.665
0.730
0.801
0.795
0.623
0.561
0.620
0.605
0.575
0.595
0.694
0.774
0.759
0.800
0.831
0.937
0.779
0.934
0.777
0.754
0.883
0.701
0.711
0.816
0.903
0.930
0.772
0.725
0.873
0.833
0.913
0.690
0.825
0.923
0.849
0.888
0.743
0.892
0.860
0.852
0.812
0.755
0.713
0.729
0.717
0.696
0.714
0.694
0.872
0.812
0.976
0.789
0.921
0.882
0.771
0.754
0.767
0.816
0.881
0.865
0.673
0.589
0.539
0.667
0.755
0.861
0.614
0.726
0.873
0.898
0.809
0.733
0.627
0.673
0.829
0.841
0.756
0.647
0.579
0.561
0.617
0.733
0.692
0.588
0.664
0.711
0.739
0.868
0.763
0.813
0.760
0.715
0.549
0.566
0.724
0.776
0.725
0.879
0.756
0.746
0.665
0.601
0.573
0.612
0.760
0.655
0.669
0.691
0.647
0.574
0.536
0.546
0.602
0.614
0.584
0.511
0.460
0.477
0.499
0.464
0.529
0.582
0.579
0.549
0.498
0.498
0.446
0.430
0.498
0.517
0.520
0.491
0.491
0.622
0.534
0.562
0.825
0.582
0.554
0.545
0.468
0.473
0.464
0.537
0.541
0.579
0.525
0.577
0.576
0.487
0.551
0.491
0.602
0.529
0.514
0.471
0.450
0.533
0.509
0.442
0.470
0.498
0.483
0.623
0.559
0.553
0.880
0.578
0.569
0.631
0.623
0.530
0.552
0.636
0.626
0.784
0.753
0.622
0.812
0.699
0.580
0.497
0.538
0.721
0.875
0.724
0.645
0.473
0.471
0.521
0.461
0.516
0.820
0.693
0.614
0.539
0.470
0.464
0.509
0.589
0.665
0.745
0.639
0.637
0.636
0.721
0.698
0.697
0.718
0.775
0.653
0.629
0.645
0.690
0.789
0.951
0.842
0.883
0.680
0.734
0.730
0.733
0.812
0.759
0.749
0.954
0.914
0.963
0.886
0.773
0.847
0.867
0.935
0.812
0.856
0.729
0.854
0.857
0.715
0.699
0.798
0.902
0.837
0.974
0.816
0.818
0.916
0.905
0.967
0.914
0.811
0.664
0.656
0.755
0.941
0.729
0.915
0.787
0.769
0.680
0.759
0.730
0.881
0.825
0.784
0.649
0.813
0.800
0.922
0.771
0.901
0.727
0.779
0.937
0.785
0.699
0.833
0.629
0.563
0.636
0.673
0.824
0.739
0.622
0.694
0.699
0.704
0.686
0.681
0.733
0.617
0.590
0.505
0.591
0.767
0.743
0.710
0.769
0.747
0.757
0.614
0.504
0.484
0.594
0.703
0.628
0.596
0.438
0.429
0.437
0.461
0.614
0.611
0.530
0.389
0.352
0.494
0.594
0.586
0.678
0.645
0.651
0.702
0.683
0.610
0.619
0.882
0.564
0.583
0.560
0.664
0.660
0.656
0.575
0.448
0.545
0.546
0.425
0.460
0.597
0.650
0.617
0.619
0.603
0.594
0.683
0.547
0.651
0.661
0.669
0.666
0.657
0.621
0.713
0.639
0.692
0.678
0.711
0.692
0.790
0.792
0.706
0.712
0.629
0.713
0.737
0.691
0.727
0.768
0.698
0.693
0.653
0.752
0.765
0.691
0.665
0.738
0.721
0.695
0.713
0.636
0.615
0.605
0.657
0.669
0.699
0.725
0.662
0.724
0.744
0.754
0.736
0.699
0.771
0.722
0.814
0.881
0.978
0.889
0.774
0.795
0.865
0.960
0.964
0.739
0.782
0.853
0.859
0.863
0.904
0.767
0.883
0.955
0.853
0.890
0.847
0.866
0.865
0.855
0.733
0.761
0.867
0.881
0.908
0.838
0.834
0.880
0.859
0.869
0.931
0.628
0.640
0.723
0.675
0.708
0.750
0.748
0.777
0.770
0.749
0.853
0.817
0.791
0.761
0.702
0.768
0.868
0.837
0.756
0.787
0.775
0.862
0.722
0.809
0.876
0.754
0.718
0.737
0.729
0.911
0.803
0.874
0.813
0.698
0.620
0.614
0.607
0.617
0.709
0.706
0.660
0.626
0.675
0.684
0.778
0.798
0.786
0.600
0.616
0.644
0.653
0.753
0.786
0.719
0.816
0.696
0.706
0.576
0.635
0.738
0.657
0.578
0.631
0.697
0.612
0.688
0.674
0.683
0.608
0.647
0.651
0.731
0.736
0.752
0.597
0.602
0.696
0.705
0.916
0.853
0.852
0.783
0.740
0.704
0.601
0.626
0.658
0.779
0.778
0.770
0.793
0.769
0.671
0.654
0.636
0.730
0.825
0.729
0.713
0.800
0.749
0.769
0.844
0.804
0.732
0.638
0.676
0.637
0.643
0.765
0.693
0.747
0.739
0.691
0.589
0.512
0.520
0.526
0.489
0.492
0.579
0.718
0.657
0.511
0.488
0.631
0.730
0.765
0.663
0.567
0.687
0.718
0.806
0.746
0.812
0.637
0.604
0.591
0.528
0.705
0.716
0.731
0.714
0.705
0.755
0.720
0.921
0.695
0.846
0.797
0.678
0.756
0.739
0.533
0.658
0.688
0.828
0.942
0.712
0.803
0.832
0.828
0.850
0.854
0.929
0.818
0.872
0.732
0.660
0.661
0.731
0.749
0.705
0.787
0.965
0.929
0.899
0.889
0.953
0.945
0.913
0.810
0.767
0.720
0.665
0.686
0.755
0.764
0.872
0.792
0.898
0.883
0.813
0.697
0.748
0.868
0.766
0.886
0.890
0.771
0.710
0.745
0.817
0.822
0.705
0.710
0.779
0.720
0.683
0.641
0.710
0.666
0.528
0.632
0.666
0.604
0.619
0.625
0.644
0.695
0.798
0.792
0.793
0.751
0.762
0.756
0.821
0.824
0.809
0.795
0.872
0.759
0.765
0.737
0.868
0.758
0.724
0.681
0.674
0.679
0.690
0.641
0.633
0.639
0.658
0.666
0.684
0.743
0.696
0.627
0.679
0.686
0.662
0.705
0.675
0.645
0.686
0.806
0.720
0.707
0.733
0.695
0.669
0.740
0.708
0.657
0.629
0.782
0.739
0.699
0.717
0.787
0.838
0.786
0.858
0.733
0.715
0.793
0.826
0.796
0.779
0.735
0.733
0.714
0.733
0.783
0.676
0.775
0.747
0.659
0.641
0.548
0.561
0.637
0.730
0.705
0.768
0.910
0.692
0.727
0.816
0.810
0.799
0.859
0.810
0.830
0.759
0.974
0.782
0.794
0.906
0.895
0.815
0.756
0.759
0.696
0.772
0.892
0.841
0.682
0.705
0.857
0.825
0.965
0.806
0.845
0.852
0.679
0.746
0.818
0.727
0.832
0.845
0.851
0.884
0.776
0.943
0.832
0.772
0.929
0.856
0.904
0.886
0.923
0.941
0.950
0.909
0.809
0.868
0.944
0.889
0.889
0.957
0.951
0.906
0.908
0.946
0.877
0.881
0.929
0.889
0.893
0.861
0.830
0.791
0.876
0.832
0.843
0.850
0.773
0.790
0.855
0.869
0.894
0.901
0.913
0.902
0.842
0.856
0.776
0.668
0.618
0.635
0.692
0.686
0.717
0.643
0.678
0.608
0.720
0.951
0.851
0.713
0.694
0.783
0.766
0.797
0.729
0.734
0.737
0.795
0.825
0.701
0.632
0.584
0.564
0.557
0.507
0.528
0.480
0.488
0.494
0.665
0.651
0.682
0.573
0.658
0.595
0.584
0.620
0.578
0.555
0.558
0.555
0.575
0.537
0.586
0.634
0.630
0.560
0.533
0.623
0.675
0.509
0.507
0.571
0.618
0.565
0.561
0.605
0.585
0.521
0.537
0.533
0.540
0.480
0.390
0.437
0.585
0.714
0.572
0.501
0.481
0.500
0.507
0.609
0.496
0.483
0.440
0.404
0.368
0.422
0.463
0.493
0.526
0.515
0.548
0.498
0.514
0.607
0.588
0.585
0.683
0.688
0.624
0.584
0.493
0.437
0.537
0.736
0.874
0.770
0.628
0.562
0.577
0.751
0.675
0.876
0.751
0.690
0.657
0.680
0.732
0.629
0.641
0.689
0.626
0.843
0.828
0.842
0.870
0.956
0.816
0.732
0.700
0.672
0.729
0.731
0.837
0.806
0.692
0.627
0.574
0.610
0.734
0.672
0.676
0.635
0.615
0.714
0.852
0.841
0.750
0.697
0.795
0.650
0.585
0.760
0.759
0.688
0.593
0.613
0.722
0.802
0.768
0.727
0.724
0.914
0.747
0.896
0.892
0.873
0.854
0.790
0.777
0.906
0.891
0.962
0.871
0.714
0.739
0.771
0.808
0.836
0.812
0.732
0.773
0.728
0.729
0.686
0.748
0.838
0.945
0.828
0.753
0.882
0.784
0.913
0.695
0.690
0.617
0.514
0.501
0.518
0.504
0.498
0.529
0.490
0.439
0.417
0.409
0.414
0.521
0.454
0.446
0.522
0.668
0.580
0.577
0.440
0.519
0.484
0.498
0.489
0.464
0.597
0.423
0.474
0.668
0.794
0.708
0.631
0.488
0.506
0.556
0.631
0.660
0.629
0.587
0.549
0.624
0.655
0.657
0.795
0.809
0.688
0.717
0.772
0.663
0.712
0.575
0.633
0.720
0.686
0.619
0.692
0.699
0.715
0.778
0.730
0.803
0.780
0.722
0.687
0.796
0.824
0.782
0.738
0.758
0.750
0.686
0.716
0.772
0.703
0.731
0.714
0.777
0.816
0.728
0.680
0.685
0.724
0.706
0.579
0.594
0.624
0.677
0.710
0.725
0.907
0.751
0.955
0.682
0.766
0.830
0.854
0.759
0.741
0.818
0.701
0.670
0.591
0.642
0.853
0.773
0.769
0.781
0.847
0.902
0.705
0.748
0.769
0.718
0.795
0.869
0.772
0.661
0.765
0.869
0.875
0.864
0.773
0.720
0.697
0.653
0.678
0.704
0.759
0.824
0.799
0.767
0.867
0.707
0.861
0.778
0.918
0.967
0.941
0.844
0.976
0.912
0.810
0.892
0.828
0.655
0.655
0.687
0.944
0.795
0.816
0.872
0.789
0.772
0.742
0.719
0.842
0.940
0.856
0.885
0.875
0.891
0.852
0.799
0.783
0.821
0.836
0.862
0.810
0.759
0.821
0.801
0.857
0.881
0.917
0.871
0.854
0.929
0.906
0.961
0.829
0.805
0.922
0.769
0.772
0.726
0.727
0.704
0.731
0.728
0.577
0.556
0.546
0.562
0.580
0.600
0.731
0.637
0.622
0.532
0.591
0.553
0.692
0.748
0.585
0.546
0.581
0.571
0.574
0.686
0.619
0.664
0.571
0.637
0.592
0.575
0.508
0.547
0.548
0.633
0.634
0.525
0.581
0.601
0.544
0.502
0.504
0.525
0.520
0.643
0.611
0.610
0.670
0.681
0.629
0.617
0.592
0.533
0.572
0.583
0.748
0.917
0.579
0.569
0.570
0.558
0.573
0.518
0.534
0.667
0.666
0.596
0.585
0.670
0.626
0.861
0.783
0.782
0.771
0.669
0.743
0.923
0.720
0.621
0.666
0.755
0.883
0.819
0.672
0.661
0.675
0.678
0.558
0.515
0.574
0.631
0.680
0.734
0.807
0.727
0.571
0.628
0.586
0.568
0.524
0.556
0.707
0.661
0.568
0.517
0.435
0.455
0.529
0.581
0.709
0.723
0.969
0.791
0.799
0.793
0.948
0.674
0.620
0.757
0.856
0.956
0.746
0.690
0.756
0.879
0.675
0.657
0.704
0.926
0.834
0.944
0.855
0.967
0.770
0.722
0.858
0.857
0.907
0.870
0.944
0.809
0.733
0.730
0.954
0.810
0.779
0.849
0.867
0.783
0.781
0.818
0.846
0.875
0.679
0.734
0.751
0.936
0.716
0.739
0.766
0.842
0.659
0.713
0.804
0.929
0.707
0.847
0.971
0.942
0.921
-99.000
0.971
0.936
0.933
0.847
0.894
0.910
0.734
0.746
0.794
0.760
0.741
0.616
0.500
0.602
0.681
0.677
0.670
0.685
0.659
0.554
0.500
0.539
0.687
0.671
0.555
0.508
0.524
0.576
0.633
0.667
0.603
0.442
0.401
0.508
0.644
0.602
0.584
0.569
0.455
0.470
0.462
0.447
0.488
0.394
0.429
0.517
0.535
0.543
0.549
0.560
0.578
0.595
0.454
0.363
0.401
0.423
0.421
0.413
0.428
0.504
0.532
0.447
0.438
0.487
0.529
0.579
0.578
0.500
0.376
0.461
0.549
0.504
0.628
0.640
0.663
0.712
0.606
0.651
0.671
0.649
0.625
0.675
0.680
0.589
0.610
0.708
0.670
0.599
0.489
0.599
0.690
0.714
0.726
0.786
0.829
0.723
0.634
0.491
0.494
0.533
0.517
0.530
0.572
0.507
0.627
0.787
0.606
0.554
0.670
0.757
0.724
0.707
0.701
0.702
0.746
0.755
0.821
0.906
0.872
0.776
0.959
0.766
0.773
0.842
0.917
0.800
0.879
0.718
0.688
0.839
0.780
0.856
0.959
0.864
0.876
0.907
0.971
0.753
0.771
0.773
0.979
0.845
0.887
0.942
0.870
0.980
0.828
0.861
0.827
0.816
0.829
0.869
0.825
0.905
0.804
0.837
0.813
0.833
0.741
0.698
0.683
0.883
0.862
0.837
0.867
0.982
0.784
0.857
0.973
0.787
0.831
0.880
0.890
0.930
0.837
0.934
0.902
0.844
0.856
0.874
0.871
0.842
0.750
0.754
0.748
0.797
0.726
0.706
0.791
0.862
0.868
0.730
0.693
0.598
0.531
0.547
0.556
0.648
0.634
0.642
0.625
0.577
0.531
0.549
0.535
0.513
0.567
-99.000
-99.000
-99.000
-99.000
-99.000
-99.000
-99.000
-99.000
0.671
0.631
0.573
0.530
0.741
0.865
0.782
0.677
0.650
0.614
0.556
0.524
0.524
0.539
0.580
0.533
0.487
0.507
0.578
0.614
0.600
0.823
0.847
0.750
0.597
0.599
0.540
0.523
0.531
0.536
0.523
0.494
0.474
0.454
0.487
0.445
0.582
0.694
0.802
0.779
0.680
0.633
0.616
0.852
0.671
0.691
0.706
0.687
0.603
0.522
0.477
0.470
0.534
0.454
0.473
0.456
0.481
0.474
0.487
0.467
0.455
0.538
0.696
0.767
0.727
0.587
0.631
0.737
0.549
0.579
0.518
0.518
0.627
0.651
0.547
0.538
0.521
0.641
0.707
0.808
0.740
0.806
0.736
0.845
0.715
0.745
0.778
0.734
0.761
0.930
0.934
0.773
0.895
0.876
0.800
0.863
0.748
0.741
0.793
0.737
0.636
0.535
0.475
0.577
0.694
0.745
0.682
0.689
0.662
0.754
0.724
0.850
0.708
0.773
0.915
0.868
0.814
0.818
0.731
0.795
0.873
0.867
0.914
0.974
0.836
0.902
0.812
0.949
0.929
0.769
0.711
0.701
0.743
0.802
0.754
0.964
0.705
0.759
0.855
0.961
0.880
0.739
0.907
0.903
0.809
0.863
0.864
0.706
0.679
0.757
0.756
0.710
0.724
0.720
0.814
0.870
0.973
0.839
0.685
0.628
0.661
0.655
0.677
0.690
0.734
0.698
0.673
0.667
0.770
0.780
0.801
0.740
0.835
0.832
0.756
0.727
0.680
0.664
0.666
0.636
0.835
0.741
0.587
0.637
0.764
0.689
0.629
0.658
0.683
0.627
0.645
0.703
0.719
0.665
0.676
0.742
0.767
0.881
0.868
0.676
0.649
0.589
0.610
0.634
0.575
0.614
0.701
0.782
0.815
0.871
0.864
0.705
0.732
0.801
0.870
0.825
0.773
0.738
0.728
0.685
0.781
0.712
0.708
0.731
0.963
0.675
0.585
0.622
0.752
0.792
0.663
0.621
0.669
0.667
0.718
0.668
0.646
0.639
0.604
0.688
0.739
0.729
0.735
0.770
0.761
0.816
0.775
0.885
0.887
0.703
0.801
0.748
0.753
0.679
0.648
0.727
0.811
0.895
0.814
0.688
0.692
0.723
0.726
0.816
0.858
0.820
0.709
0.885
0.762
0.765
0.764
0.867
0.925
0.894
0.832
0.901
0.970
0.934
0.763
0.792
0.876
0.878
0.981
0.787
0.959
0.906
0.975
0.904
0.836
0.930
0.757
0.939
0.782
0.886
0.893
0.862
0.875
0.870
0.883
0.971
0.896
0.901
0.824
0.979
0.897
0.888
0.898
0.919
0.890
0.918
0.863
0.753
0.722
0.751
0.728
0.782
0.874
0.866
0.817
0.882
0.881
0.811
0.828
0.925
0.862
0.855
0.838
0.896
0.963
0.926
0.889
0.952
0.926
0.961
0.924
0.860
0.834
0.907
0.975
0.843
0.900
0.830
0.930
0.912
0.952
0.919
0.822
0.768
0.763
0.727
0.737
0.665
0.601
0.577
0.508
0.502
0.525
0.520
0.523
0.504
0.593
0.616
0.617
0.651
0.577
0.497
0.540
0.575
0.580
0.629
0.626
0.655
0.599
0.553
0.567
0.551
0.533
0.561
0.650
0.599
0.529
0.620
0.699
0.623
0.598
0.577
0.566
0.607
0.627
0.494
0.509
0.522
0.509
0.559
0.551
0.507
0.468
0.479
0.567
0.703
0.612
0.535
0.557
0.593
0.610
0.728
0.706
0.671
0.589
0.575
0.554
0.546
0.563
0.551
0.557
0.536
0.599
0.600
0.512
0.548
0.538
0.532
0.530
0.556
0.508
0.533
0.530
0.493
0.453
0.552
0.544
0.514
0.471
0.536
0.627
0.639
0.669
0.604
0.698
0.696
0.623
0.570
0.492
0.428
0.416
0.432
0.439
0.447
0.468
0.442
0.429
0.401
0.401
0.459
0.508
0.523
0.490
0.476
0.588
0.742
0.800
0.779
0.943
0.951
0.747
0.957
0.906
0.898
0.875
0.840
0.838
0.806
0.769
0.860
0.882
0.869
0.866
0.902
0.787
0.711
0.738
0.783
0.878
0.858
0.853
0.770
0.620
0.887
0.853
0.889
0.866
0.843
0.759
0.779
0.756
0.717
0.708
0.742
0.773
0.804
0.950
0.932
0.769
0.925
0.808
0.844
0.825
0.777
0.711
0.686
0.678
0.763
0.814
0.816
0.848
0.907
0.866
0.795
0.901
0.829
0.862
0.705
0.725
0.671
0.678
0.711
0.759
0.837
0.793
0.823
0.780
0.811
0.848
0.874
0.860
0.837
0.922
0.962
0.784
0.877
0.898
0.865
0.902
0.834
0.760
0.776
0.808
0.845
0.910
0.875
0.900
0.803
0.819
0.781
0.715
0.685
0.744
0.804
0.735
0.670
0.638
0.687
0.683
0.632
0.672
0.614
0.584
0.607
0.681
0.656
0.655
0.698
0.666
0.649
0.614
0.683
0.810
0.729
0.759
0.869
0.748
0.746
0.825
0.789
0.850
0.889
0.929
0.887
0.847
0.787
0.761
0.731
0.737
0.932
0.748
0.934
0.687
0.832
0.875
0.928
0.722
0.850
0.901
0.735
0.912
0.861
0.785
0.899
0.864
0.834
0.873
0.751
0.840
0.847
0.951
0.981
0.772
0.865
0.927
0.900
0.859
0.801
0.934
0.828
0.796
0.936
0.903
0.977
0.808
0.858
0.937
0.895
0.871
0.807
0.826
0.872
0.782
0.813
0.899
0.919
0.857
0.838
0.935
0.935
0.839
0.974
0.854
0.851
0.786
0.817
0.889
0.854
0.900
0.935
0.810
0.888
0.848
0.767
0.893
0.898
0.906
0.912
0.920
0.946
0.981
0.876
0.850
0.867
0.970
0.952
0.837
0.948
0.857
0.876
0.898
0.780
0.818
0.910
0.980
0.895
0.979
0.887
0.816
0.939
0.906
0.943
0.897
0.897
0.913
0.976
0.978
0.878
0.922
0.939
0.921
0.857
0.863
0.886
0.835
0.825
0.776
0.889
0.832
0.864
0.767
0.776
0.778
0.947
0.827
0.789
0.776
0.745
0.802
0.811
0.702
0.687
0.670
0.710
0.664
0.621
0.655
0.755
0.770
0.750
0.791
0.804
0.798
0.863
0.837
0.868
0.940
0.804
0.797
0.732
0.734
0.800
0.747
0.707
0.655
0.657
0.721
0.706
0.689
0.742
0.741
0.724
0.694
0.668
0.651
0.711
0.693
0.677
0.655
0.595
0.598
0.591
0.599
0.573
0.602
0.601
0.581
0.563
0.538
0.568
0.584
0.573
0.530
0.545
0.591
0.549
0.506
0.581
0.674
0.561
0.479
0.478
0.452
0.491
0.491
0.504
0.552
0.619
0.594
0.757
0.925
0.737
0.684
0.738
0.713
0.720
0.699
0.654
0.708
0.692
0.769
0.771
0.775
0.874
0.792
0.910
0.964
0.864
0.796
0.764
0.691
0.631
0.584
0.717
0.843
0.797
0.771
0.766
0.725
0.619
0.610
0.751
0.867
0.824
0.839
0.863
0.738
0.736
0.666
0.619
0.643
0.614
0.578
0.548
0.563
0.625
0.624
0.612
0.511
0.462
0.493
0.492
0.509
0.536
0.501
0.546
0.637
0.698
0.767
0.679
0.548
0.596
0.628
0.697
0.871
0.821
0.722
0.872
0.919
0.758
0.787
0.792
0.776
0.798
0.868
0.847
0.785
0.945
0.958
0.856
0.870
0.772
0.661
0.645
0.555
0.545
0.552
0.545
0.584
0.749
0.660
0.683
0.813
0.835
0.726
0.845
0.704
0.610
0.637
0.783
0.938
0.749
0.801
0.791
0.674
0.647
0.701
0.714
0.721
0.765
0.719
0.579
0.564
0.516
0.585
0.519
0.582
0.609
0.734
0.714
0.779
0.700
0.768
0.858
0.737
0.658
0.595
0.746
0.709
0.689
0.636
0.635
0.758
0.720
0.611
0.663
0.711
0.687
0.557
0.510
0.559
0.510
0.449
0.425
0.457
0.471
0.566
0.676
0.664
0.725
0.704
0.758
0.893
0.784
0.758
0.735
0.696
0.697
0.672
0.703
0.721
0.726
0.711
0.732
0.816
0.688
0.626
0.707
0.600
0.734
0.878
0.635
0.673
0.733
0.778
0.757
0.718
0.770
0.869
0.722
0.739
0.727
0.803
0.742
0.710
0.728
0.849
0.795
0.830
0.781
0.728
0.737
0.854
0.956
0.839
0.925
0.847
0.906
0.771
0.760
0.825
0.825
0.746
0.804
0.703
0.794
0.780
0.789
0.758
0.807
0.785
0.836
0.805
0.785
0.763
0.954
0.753
0.927
0.860
0.646
0.645
0.718
0.814
0.949
0.864
0.781
0.679
0.673
0.791
0.874
0.775
0.814
0.979
0.860
0.779
0.734
0.837
0.722
0.825
0.740
0.820
0.834
0.838
0.959
0.853
0.760
0.787
0.886
0.733
0.800
0.856
0.806
0.960
0.947
0.835
0.917
0.923
0.917
0.869
0.878
0.909
0.794
0.946
0.798
0.771
0.836
0.870
0.868
0.898
0.783
0.746
0.843
0.820
0.764
0.793
0.913
0.835
0.831
0.753
0.747
0.894
0.919
0.975
0.855
0.881
0.967
0.809
0.717
0.688
0.770
0.795
0.766
0.722
0.684
0.632
0.654
0.692
0.656
0.596
0.639
0.611
0.597
0.630
0.590
0.757
0.726
0.742
0.702
0.613
0.553
0.591
0.582
0.669
0.708
0.712
0.775
0.799
0.750
0.764
0.744
0.751
0.666
0.654
0.631
0.725
0.719
0.629
0.577
0.577
0.551
0.525
0.583
0.608
0.588
0.564
0.549
0.546
0.580
0.595
0.542
0.580
0.624
0.559
0.524
0.579
0.617
0.657
0.728
0.712
0.621
0.654
0.610
0.605
0.574
0.602
0.595
0.582
0.578
0.559
0.509
0.565
0.638
0.532
0.510
0.567
0.579
0.596
0.521
0.447
0.511
0.456
0.502
0.505
0.530
0.601
0.530
0.492
0.457
0.472
0.463
0.501
0.483
0.482
0.498
0.551
0.587
0.515
0.509
0.607
0.578
0.522
0.511
0.517
0.585
0.577
0.575
0.588
0.566
0.538
0.500
0.546
0.761
0.804
0.805
0.774
0.754
0.805
0.712
0.673
0.632
0.497
0.491
0.505
0.566
0.633
0.675
0.752
0.798
0.806
0.684
0.682
0.757
0.678
0.727
0.827
0.813
0.879
0.807
0.945
0.976
0.818
0.975
0.884
0.968
0.806
0.767
0.799
0.908
0.761
0.830
0.676
0.720
0.713
0.783
0.816
0.742
0.788
0.640
0.647
0.592
0.539
0.607
0.706
0.773
0.801
0.768
0.741
0.754
0.761
0.783
0.782
0.725
0.659
0.704
0.627
0.587
0.723
0.721
0.703
0.639
0.765
0.566
0.686
0.669
0.821
0.769
0.887
0.973
0.882
0.745
0.637
0.692
0.628
0.536
0.505
0.736
0.608
0.553
0.563
0.586
0.569
0.530
0.556
0.530
0.612
0.563
0.546
0.640
0.731
0.745
0.665
0.681
0.685
0.725
0.675
0.624
0.701
0.734
0.704
0.711
0.799
0.764
0.623
0.562
0.554
0.608
0.680
0.646
0.597
0.753
0.619
0.530
0.616
0.573
0.482
0.505
0.701
0.689
0.570
0.587
0.659
0.670
0.590
0.566
0.528
0.620
0.683
0.688
0.801
0.716
0.605
0.550
0.548
0.577
0.546
0.458
0.490
0.506
0.559
0.686
0.751
0.839
0.799
0.669
0.650
0.631
0.660
0.800
0.612
0.529
0.644
0.679
0.754
0.832
0.643
0.656
0.646
0.751
0.807
0.625
0.654
0.607
0.591
0.679
0.750
0.955
0.894
0.973
0.793
0.771
0.711
0.783
0.831
0.676
0.664
0.711
0.798
0.871
0.808
0.751
0.729
0.972
0.717
0.814
0.970
0.766
0.932
0.802
0.848
0.873
0.888
0.957
0.875
0.915
0.965
0.793
0.945
0.746
0.770
0.970
0.788
0.912
0.779
0.846
0.929
0.883
0.846
0.850
0.925
0.907
0.879
0.935
0.875
0.822
0.877
0.776
0.757
0.793
0.800
0.746
0.684
0.642
0.712
0.753
0.772
0.732
0.787
0.788
0.811
0.818
0.791
0.813
0.873
0.974
0.886
0.927
0.843
0.838
0.887
0.913
0.911
0.881
0.911
0.918
0.971
0.880
0.787
0.742
0.676
0.680
0.578
0.560
0.578
0.581
0.602
0.578
0.554
0.589
0.640
0.589
0.629
0.655
0.651
0.646
0.598
0.601
0.626
0.749
0.745
0.685
0.649
0.651
0.705
0.671
0.691
0.669
0.625
0.604
0.578
0.622
0.589
0.608
0.601
0.510
0.567
0.569
0.550
0.561
0.572
0.542
0.481
0.517
0.480
0.466
0.497
0.472
0.412
0.480
0.526
0.530
0.636
0.557
0.537
0.487
0.534
0.731
0.675
0.781
0.702
0.663
0.607
0.650
0.750
0.757
0.629
0.484
0.576
0.495
0.567
0.453
0.413
0.439
0.411
0.442
0.519
0.471
0.484
0.666
0.797
0.880
0.739
0.754
0.710
0.645
0.634
0.759
0.843
0.849
0.725
0.688
0.666
0.683
0.648
0.584
0.579
0.558
0.502
0.481
0.504
0.514
0.500
0.530
0.652
0.779
0.612
0.536
0.541
0.612
0.577
0.509
0.518
0.554
0.608
0.601
0.638
0.572
0.626
0.737
0.823
0.829
0.860
0.854
0.741
0.807
0.972
0.819
0.771
0.858
0.894
0.683
0.701
0.588
0.643
0.701
0.816
0.746
0.800
0.812
0.897
0.930
0.773
0.735
0.715
0.777
0.702
0.675
0.800
0.878
0.712
0.762
0.712
0.737
0.907
0.783
0.874
0.886
0.811
0.856
0.901
0.882
0.877
0.854
0.772
0.740
0.678
0.696
0.872
0.744
0.852
0.865
0.780
0.738
0.733
0.790
0.862
0.570
0.690
0.660
0.604
0.665
0.715
0.931
0.711
0.717
0.863
0.780
0.762
0.764
0.690
0.676
0.688
0.774
0.968
0.669
0.641
0.682
0.746
0.712
0.733
0.746
0.810
0.656
0.771
0.782
0.698
0.679
0.744
0.544
0.517
0.511
0.555
0.620
0.560
0.535
0.501
0.594
0.546
0.463
0.499
0.483
0.469
0.530
0.524
0.524
0.452
0.550
0.688
0.743
0.718
0.804
0.698
0.604
0.503
0.563
0.585
0.605
0.665
0.726
0.702
0.606
0.568
0.675
0.626
0.421
0.473
0.554
0.749
0.691
0.672
0.623
0.586
0.619
0.523
0.494
0.443
0.480
0.589
0.570
0.581
0.750
0.550
0.428
0.606
0.724
0.728
0.650
0.652
0.553
0.518
0.486
0.544
0.535
0.526
0.575
0.746
0.724
0.707
0.803
0.785
0.728
0.748
0.815
0.812
0.868
0.725
0.830
0.853
0.738
0.691
0.849
0.861
0.833
0.761
0.685
0.694
0.888
0.954
0.701
0.760
0.788
0.815
0.828
0.755
0.768
0.842
0.805
0.756
0.818
0.804
0.633
0.542
0.559
0.623
0.643
0.752
0.888
0.926
0.689
0.703
0.881
0.778
0.737
0.674
0.741
0.830
0.803
0.797
0.770
0.840
0.835
0.907
0.966
0.718
0.877
0.898
0.759
0.748
0.756
0.837
0.718
0.713
0.750
0.907
0.805
0.876
0.800
0.868
0.782
0.735
0.701
0.640
0.607
0.679
0.770
0.937
0.849
0.707
0.632
0.610
0.601
0.643
0.600
0.613
0.603
0.623
0.652
0.703
0.846
0.733
0.714
0.680
0.552
0.613
0.550
0.556
0.592
0.650
0.608
0.626
0.687
0.662
0.488
0.499
0.582
0.671
0.673
0.703
0.682
0.672
0.618
0.466
0.442
0.529
0.532
0.567
0.549
0.544
0.599
0.495
0.467
0.459
0.469
0.482
0.555
0.525
0.516
0.586
0.579
0.502
0.537
0.614
0.604
0.603
0.653
0.684
0.516
0.505
0.539
0.647
0.610
0.551
0.583
0.813
0.748
0.601
0.475
0.511
0.489
0.581
0.497
0.489
0.492
0.470
0.488
0.540
0.513
0.431
0.448
0.486
0.528
0.432
0.461
0.455
0.447
0.431
0.478
0.458
0.486
0.461
0.416
0.454
0.439
0.439
0.483
0.566
0.706
0.611
0.520
0.475
0.408
0.442
0.479
0.565
0.551
0.476
0.500
0.553
0.517
0.473
0.449
0.447
0.525
0.635
0.740
0.615
0.525
0.493
0.478
0.544
0.536
0.444
0.415
0.500
0.641
0.684
0.700
0.744
0.761
0.866
0.800
0.716
0.819
0.813
0.689
0.718
0.674
0.680
0.822
0.851
0.784
0.751
0.866
0.736
0.918
0.739
0.732
0.804
0.960
0.778
0.968
0.731
0.638
0.517
0.514
0.704
0.923
0.822
0.895
0.883
0.880
0.864
0.915
0.945
0.931
0.751
0.926
0.924
0.781
0.870
0.835
0.945
0.942
0.795
0.727
0.711
0.765
0.736
0.755
0.720
0.631
0.649
0.797
0.748
0.718
0.613
0.683
0.598
0.595
0.499
0.538
0.633
0.662
0.914
0.747
0.587
0.467
0.474
0.573
0.659
0.746
0.722
0.729
0.678
0.536
0.472
0.492
0.479
0.426
0.438
0.528
0.587
0.561
0.513
0.522
0.673
0.715
0.716
0.855
0.732
0.689
0.672
0.587
0.425
0.555
0.609
0.686
0.547
0.458
0.496
0.554
0.711
0.722
0.738
0.688
0.712
0.822
0.561
0.555
0.579
0.523
0.555
0.681
0.704
0.680
0.774
0.715
0.617
0.588
0.636
0.784
0.736
0.792
0.671
0.634
0.595
0.605
0.524
0.510
0.567
0.486
0.540
0.599
0.646
0.699
0.683
0.716
0.677
0.604
0.617
0.617
0.699
0.631
0.718
0.633
0.617
0.651
0.571
0.556
0.651
0.799
0.919
0.854
0.758
0.761
0.756
0.797
0.811
0.877
0.790
0.954
0.722
0.763
0.732
0.804
0.759
0.773
0.843
0.818
0.831
0.667
0.815
0.896
0.976
0.804
0.874
0.963
0.722
0.777
0.677
0.546
0.531
0.545
0.645
0.859
0.760
0.727
0.648
0.682
0.837
0.879
0.818
0.774
0.743
0.795
0.819
0.771
0.789
0.737
0.795
0.798
0.811
0.813
0.905
0.956
0.889
0.803
0.794
0.829
0.842
0.856
0.856
0.873
0.877
0.878
0.873
0.921
0.729
0.808
0.919
0.874
0.889
0.900
0.860
0.829
0.875
0.860
0.881
0.886
0.896
0.889
0.828
0.849
0.844
0.840
0.741
0.804
0.824
0.799
0.812
0.907
0.785
0.759
0.874
0.841
0.706
0.687
0.699
0.694
0.656
0.626
0.596
0.575
0.581
0.639
0.627
0.657
0.822
0.651
0.562
0.579
0.541
0.549
0.593
0.677
0.807
0.803
0.786
0.712
0.694
0.610
0.626
0.667
0.756
0.825
0.842
0.796
0.626
0.595
0.660
0.589
0.580
0.542
0.517
0.624
0.803
0.820
0.650
0.585
0.593
0.538
0.532
0.540
0.574
0.526
0.605
0.598
0.613
0.599
0.547
0.546
0.562
0.596
0.562
0.533
0.462
0.508
0.525
0.470
0.460
0.473
0.500
0.474
0.589
0.617
0.549
0.512
0.578
0.532
0.578
0.586
0.559
0.534
0.615
0.576
0.478
0.439
0.502
0.608
0.515
0.465
0.631
0.505
0.534
0.688
0.826
0.816
0.726
0.773
0.753
0.749
0.792
0.781
0.849
0.840
0.878
0.941
0.724
0.708
0.679
0.711
0.652
0.678
0.709
0.833
0.806
0.863
0.875
0.775
0.826
0.908
0.910
0.946
0.764
0.829
0.830
0.886
0.768
0.880
0.646
0.775
0.748
0.789
0.741
0.781
0.834
0.977
0.934
0.726
0.877
0.808
0.829
0.736
0.778
0.896
0.967
0.745
0.944
0.833
0.966
0.738
0.943
0.885
0.884
0.921
0.723
0.855
0.823
0.906
0.786
0.876
0.917
0.759
0.824
0.950
0.774
0.770
0.964
0.769
0.729
0.752
0.663
0.667
0.682
0.584
0.541
0.562
0.546
0.574
0.620
0.616
0.744
0.652
0.809
0.702
0.757
0.683
0.666
0.660
0.687
0.744
0.785
0.810
0.681
0.663
0.628
0.652
0.717
0.666
0.597
0.726
0.891
0.773
0.687
0.729
0.601
0.620
0.544
0.555
0.597
0.737
0.714
0.615
0.582
0.609
0.603
0.738
0.625
0.480
0.547
0.631
0.641
0.645
0.675
0.637
0.653
0.650
0.675
0.637
0.509
0.494
0.534
0.446
0.464
0.479
0.451
0.505
0.676
0.704
0.703
0.774
0.706
0.667
0.655
0.764
0.692
0.739
0.684
0.737
0.650
0.491
0.539
0.589
0.657
0.676
0.791
0.635
0.793
0.849
0.633
0.558
0.726
0.720
0.681
0.709
0.699
0.802
0.824
0.736
0.704
0.679
0.652
0.740
0.798
0.867
0.675
0.932
0.873
0.813
0.883
0.813
0.704
0.632
0.733
0.792
0.856
0.656
0.631
0.688
0.803
0.976
0.789
0.808
0.748
0.814
0.786
0.715
0.745
0.738
0.742
0.792
0.753
0.744
0.717
0.659
0.704
0.737
0.789
0.865
0.832
0.816
0.804
0.796
0.816
0.808
0.846
0.910
0.810
0.859
0.811
0.768
0.752
0.827
0.899
0.882
0.798
0.750
0.808
0.875
0.840
0.769
0.762
0.966
0.936
0.904
0.836
0.758
0.879
0.832
0.835
0.865
0.901
0.830
0.821
0.830
0.886
0.918
0.872
0.976
0.955
0.981
0.921
0.853
0.874
0.888
0.879
0.906
0.867
0.803
0.786
0.717
0.703
0.789
0.929
0.876
0.899
0.849
0.883
0.901
0.796
0.881
0.817
0.748
0.720
0.692
0.644
0.686
0.704
0.670
0.601
0.629
0.657
0.684
0.525
0.618
0.561
0.673
0.886
0.821
0.662
0.651
0.599
0.647
0.628
0.617
0.592
0.585
0.627
0.714
0.652
0.619
0.645
0.580
0.635
0.636
0.622
0.650
0.611
0.558
0.487
0.536
0.558
0.591
0.590
0.624
0.532
0.528
0.546
0.531
0.620
0.644
0.589
0.537
0.556
0.493
0.547
0.596
0.507
0.585
0.743
0.581
0.621
0.689
0.642
0.658
0.640
0.552
0.577
0.806
0.764
0.825
0.857
0.862
0.696
0.643
0.640
0.837
0.796
0.716
0.572
0.550
0.558
0.622
0.625
0.573
0.568
0.626
0.732
0.652
0.669
0.647
0.776
0.791
0.819
0.788
0.972
0.754
0.671
0.667
0.724
0.846
0.826
0.906
0.859
0.876
0.819
0.767
0.783
0.778
0.782
0.847
0.785
0.715
0.608
0.582
0.682
0.860
0.834
0.702
0.723
0.788
0.728
0.792
0.735
0.816
0.661
0.753
0.786
0.865
0.804
0.945
0.862
0.920
0.776
0.812
0.705
0.900
0.665
0.635
0.679
0.710
0.850
0.742
0.952
0.724
0.826
0.710
0.690
0.769
0.732
0.791
0.845
0.845
0.739
0.841
0.831
0.866
0.783
0.939
0.949
0.935
0.848
0.820
0.850
0.821
0.783
0.711
0.765
0.780
0.760
0.884
0.738
0.778
0.644
0.644
0.673
0.860
0.631
0.666
0.640
0.690
0.711
0.715
0.658
0.636
0.794
0.666
0.540
0.518
0.608
0.690
0.633
0.593
0.629
0.737
0.688
0.654
0.696
0.747
0.727
0.747
0.823
0.673
0.566
0.550
0.487
0.446
0.458
0.457
0.435
0.441
0.496
0.575
0.560
0.591
0.680
0.677
0.685
0.581
0.528
0.564
0.626
0.722
0.647
0.675
0.663
0.709
0.655
0.560
0.476
0.515
0.623
0.839
0.696
0.699
0.691
0.925
0.592
0.539
0.620
0.662
0.753
0.677
0.637
0.828
0.867
0.663
0.546
0.712
0.773
0.690
0.607
0.512
0.502
0.596
0.683
0.686
0.692
0.690
0.781
0.667
0.676
0.695
0.671
0.743
0.630
0.678
0.651
0.715
0.678
0.628
0.663
0.649
0.719
0.682
0.701
0.724
0.797
0.885
0.740
0.932
0.880
0.802
0.918
0.757
0.857
0.895
0.734
0.791
0.779
0.780
0.741
0.883
0.932
0.822
0.972
0.756
0.867
0.949
0.888
0.952
0.800
0.800
0.895
0.964
0.979
0.836
0.852
0.861
0.892
0.936
0.909
0.846
0.904
0.820
0.809
0.753
0.797
0.816
0.765
0.813
0.937
0.923
0.855
0.833
0.944
0.903
0.805
0.931
0.924
0.980
0.870
0.849
0.880
0.855
0.855
0.877
0.907
0.907
0.890
0.863
0.877
0.929
0.831
0.764
0.867
0.785
0.726
0.754
0.786
0.826
0.801
0.812
0.798
0.763
0.745
0.784
0.683
0.661
0.637
0.636
0.680
0.692
0.667
0.675
0.608
0.632
0.695
0.731
0.810
0.818
0.910
0.833
0.809
0.811
0.817
0.727
0.666
0.638
0.642
0.680
0.599
0.562
0.632
0.630
0.629
0.562
0.528
0.555
0.537
0.551
0.550
0.570
0.684
0.589
0.524
0.507
0.583
0.633
0.635
0.583
0.553
0.515
0.549
0.511
0.497
0.522
0.541
0.508
0.625
0.610
0.592
0.551
0.578
0.548
0.502
0.593
0.518
0.561
0.497
0.526
0.453
0.503
0.502
0.455
0.427
0.435
0.456
0.448
0.509
0.767
0.620
0.784
0.631
0.855
0.698
0.557
0.549
0.714
0.562
0.522
0.497
0.506
0.517
0.624
0.675
0.746
0.898
0.713
0.895
0.731
0.613
0.730
0.669
0.625
0.551
0.792
0.825
0.791
0.639
0.516
0.486
0.517
0.629
0.805
0.853
0.704
0.695
0.734
0.758
0.813
0.714
0.627
0.663
0.725
0.912
0.909
0.903
0.869
0.731
0.805
0.758
0.806
0.798
0.724
0.957
0.881
0.886
0.847
0.785
0.851
0.819
0.810
0.656
0.682
0.754
0.957
0.918
0.748
0.942
0.915
0.865
0.730
0.805
0.831
0.858
0.753
0.805
0.723
0.744
0.795
0.742
0.842
0.766
0.945
0.781
0.817
0.827
0.918
0.784
0.843
0.743
0.808
0.915
0.852
0.889
0.773
0.851
0.661
0.863
0.668
0.799
0.825
0.782
0.884
0.979
0.846
0.859
0.770
0.711
0.581
0.805
0.928
0.877
0.777
0.886
0.839
0.805
0.780
0.735
0.743
0.698
0.757
0.614
0.680
0.646
0.590
0.653
0.725
0.773
0.743
0.717
0.643
0.611
0.753
0.807
0.763
0.644
0.571
0.584
0.591
0.658
0.686
0.671
0.771
0.794
0.710
0.779
0.819
0.696
0.748
0.780
0.840
0.798
0.901
0.924
0.868
0.884
0.769
0.688
0.818
0.893
0.917
0.904
0.782
0.908
0.823
0.673
0.690
0.715
0.942
0.897
0.841
0.830
0.808
0.821
0.867
0.865
0.815
0.800
0.948
0.766
0.758
0.801
0.837
0.972
0.878
0.794
0.900
0.901
0.770
0.731
0.666
0.727
0.675
0.536
0.586
0.806
0.825
0.869
0.789
0.732
0.747
0.897
0.782
0.802
0.768
0.834
0.914
0.719
0.752
0.800
0.784
0.860
0.923
0.821
0.871
0.863
0.832
0.786
0.899
0.885
0.900
0.804
0.831
0.812
0.873
0.839
0.968
0.735
0.975
0.889
0.784
0.781
0.959
0.829
0.801
0.958
0.960
0.966
0.807
0.953
0.790
0.911
0.892
0.807
0.876
0.873
0.890
0.845
0.726
0.710
0.801
0.755
0.863
0.919
0.972
0.742
0.773
0.764
0.904
0.824
0.781
0.728
0.857
0.880
0.888
0.892
0.810
0.814
0.881
0.799
0.814
0.907
0.948
0.870
0.823
0.817
0.888
0.866
0.770
0.789
0.797
0.744
0.823
0.885
0.883
0.833
0.810
0.819
0.744
0.702
0.721
0.857
0.929
0.795
0.853
0.810
0.771
0.747
0.792
0.882
0.885
0.864
0.865
0.793
0.905
0.827
0.851
0.787
0.759
0.834
0.759
0.676
0.678
0.736
0.689
0.750
0.717
0.673
0.659
0.762
0.731
0.787
0.675
0.655
0.816
0.820
0.662
0.615
0.659
0.781
0.954
0.834
0.696
0.754
0.688
0.620
0.616
0.596
0.633
0.626
0.547
0.528
0.521
0.595
0.658
0.637
0.699
0.625
0.700
0.957
0.922
0.782
0.814
0.688
0.624
0.630
0.628
0.637
0.784
0.818
0.729
0.652
0.613
0.653
0.691
0.718
0.663
0.638
0.565
0.701
0.742
0.800
0.754
0.931
0.769
0.828
0.716
0.689
0.636
0.812
0.784
0.861
0.926
0.969
0.851
0.873
0.890
0.877
0.830
0.677
0.651
0.756
0.807
0.768
0.689
0.593
0.634
0.689
0.666
0.683
0.696
0.701
0.712
0.748
0.761
0.890
0.756
0.698
0.831
0.719
0.707
0.819
0.747
0.905
0.839
0.829
0.712
0.725
0.740
0.780
0.834
0.827
0.786
0.591
0.621
0.793
0.832
0.811
0.828
0.777
0.661
0.709
0.764
0.754
0.865
0.872
0.922
0.839
0.879
0.699
0.841
0.766
0.760
0.705
0.972
0.802
0.842
0.828
0.912
0.966
0.773
0.959
0.748
0.855
0.841
0.899
0.885
0.867
0.742
0.825
0.751
0.799
0.942
0.907
0.882
0.822
0.821
0.761
0.816
0.748
0.589
0.654
0.566
0.580
0.690
0.761
0.841
0.758
0.777
0.757
0.774
0.898
0.966
0.730
0.656
0.671
0.711
0.663
0.668
0.689
0.707
0.798
0.846
0.841
0.866
0.758
0.749
0.752
0.721
0.682
0.777
0.873
0.714
0.750
0.792
0.700
0.799
0.835
0.613
0.660
0.666
0.608
0.528
0.629
0.595
0.546
0.665
0.724
0.757
0.892
0.716
0.804
0.703
0.584
0.613
0.708
0.682
0.713
0.754
0.696
0.717
0.717
0.744
0.771
0.737
0.746
0.656
0.628
0.667
0.688
0.685
0.735
0.924
0.742
0.747
0.790
0.782
0.726
0.762
0.893
0.906
0.857
0.779
0.782
0.886
0.838
0.928
0.843
0.780
0.973
0.771
0.784
0.911
0.883
0.774
0.745
0.797
0.834
0.708
0.699
0.732
0.812
0.712
0.686
0.700
0.823
0.728
0.569
0.624
0.850
0.735
0.825
0.829
0.823
0.860
0.739
0.700
0.719
0.842
0.979
0.884
0.904
0.846
0.942
0.939
0.775
0.875
0.945
0.853
0.882
0.970
0.770
0.859
0.893
0.936
0.824
0.835
0.763
0.802
0.787
0.785
0.749
0.773
0.951
0.812
0.832
0.870
0.868
0.838
0.840
0.807
0.664
0.669
0.826
0.897
0.929
0.961
0.757
0.806
0.763
0.881
0.920
0.913
0.865
0.858
0.769
0.713
0.670
0.667
0.697
0.711
0.825
0.787
0.867
0.928
0.849
0.804
0.778
0.888
0.816
0.782
0.821
0.762
0.752
0.709
0.796
0.786
0.761
0.799
0.817
0.855
0.868
0.834
0.781
0.695
0.633
0.611
0.646
0.658
0.612
0.640
0.591
0.560
0.556
0.631
0.674
0.593
0.615
0.637
0.717
0.655
0.645
0.608
0.568
0.548
0.530
0.626
0.753
0.774
0.745
0.723
0.637
0.628
0.630
0.595
0.598
0.667
0.643
0.605
0.593
0.590
0.617
0.568
0.585
0.631
0.662
0.614
0.558
0.589
0.602
0.713
0.653
0.778
0.784
0.802
0.782
0.788
0.768
0.830
0.864
0.864
0.713
0.603
0.560
0.617
0.906
0.661
0.522
0.516
0.510
0.515
0.540
0.521
0.504
0.486
0.505
0.492
0.564
0.520
0.460
0.485
0.447
0.424
0.453
0.431
0.405
0.423
0.462
0.478
0.504
0.511
0.497
0.507
0.608
0.607
0.645
0.536
0.496
0.503
0.516
0.482
0.530
0.527
0.540
0.512
0.471
0.507
0.517
0.501
0.412
0.446
0.480
0.539
0.609
0.645
0.699
0.769
0.684
0.611
0.559
0.495
0.577
0.630
0.684
0.762
0.942
0.866
0.789
0.799
0.824
0.887
0.966
0.925
0.887
0.831
0.828
0.747
0.701
0.683
0.689
0.614
0.593
0.607
0.646
0.712
0.607
0.658
0.794
0.771
0.732
0.780
0.759
0.737
0.746
0.670
0.546
0.508
0.485
0.556
0.645
0.692
0.617
0.756
0.844
0.864
0.805
0.886
0.863
0.814
0.870
0.850
0.687
0.953
0.748
0.819
0.822
0.797
0.818
0.798
0.793
0.919
0.860
0.772
0.688
0.675
0.599
0.647
0.607
0.635
0.696
0.655
0.708
0.755
0.744
0.774
0.842
0.697
0.783
0.627
0.571
0.564
0.470
0.391
0.408
0.430
0.465
0.472
0.573
0.635
0.475
0.417
0.488
0.565
0.550
0.540
0.625
0.555
0.537
0.495
0.421
0.509
0.379
0.338
0.359
0.522
0.618
0.747
0.702
0.601
0.530
0.583
0.537
0.643
0.532
0.474
0.482
0.410
0.473
0.494
0.392
0.461
0.542
0.586
0.615
0.550
0.410
0.420
0.514
0.625
0.658
0.551
0.561
0.691
0.702
0.655
0.707
0.700
0.651
0.635
0.653
0.646
0.677
0.730
0.823
0.568
0.770
0.843
0.975
0.968
0.772
0.693
0.852
0.577
0.582
0.654
0.592
0.506
0.608
0.608
0.764
0.848
0.785
0.862
0.905
0.980
0.838
0.851
0.675
0.629
0.822
0.732
0.729
0.855
0.958
0.708
0.763
0.755
0.691
0.683
0.978
0.871
0.758
0.817
0.899
0.873
0.810
0.771
0.944
0.864
0.689
0.724
0.788
0.873
0.776
0.747
0.659
0.672
0.707
0.725
0.845
0.810
0.729
0.645
0.709
0.842
0.726
0.746
0.822
0.933
0.843
0.851
0.904
0.770
0.817
0.896
0.872
0.916
0.748
0.791
0.891
0.978
0.788
0.815
0.742
0.877
0.799
0.881
0.895
0.788
0.767
0.840
0.936
0.914
0.869
0.713
0.583
0.622
0.715
0.684
0.534
0.526
0.612
0.659
0.585
0.546
0.642
0.721
0.656
0.559
0.528
0.538
0.616
0.535
0.566
0.476
0.436
0.421
0.403
0.456
0.562
0.561
0.635
0.535
0.480
0.415
0.370
0.450
0.468
0.536
0.662
0.683
0.615
0.593
0.491
0.502
0.498
0.547
0.560
0.612
0.603
0.541
0.513
0.524
0.564
0.538
0.527
0.524
0.520
0.512
0.504
0.577
0.526
0.513
0.488
0.527
0.432
0.645
0.941
0.965
0.638
0.846
0.829
0.724
0.625
0.614
0.636
0.732
0.805
0.684
0.475
0.470
0.611
0.573
0.615
0.653
0.600
0.559
0.582
0.498
0.463
0.539
0.569
0.573
0.584
0.489
0.428
0.511
0.466
0.538
0.642
0.795
0.779
0.595
0.492
0.486
0.426
0.469
0.618
0.624
0.451
0.419
0.564
0.822
0.616
0.850
0.914
0.697
0.645
0.787
0.663
0.809
0.802
0.624
0.447
0.484
0.557
0.723
0.912
0.698
0.731
0.826
0.694
0.705
0.972
0.754
0.936
0.752
0.790
0.793
0.711
0.859
0.817
0.881
0.926
0.872
0.758
0.745
0.717
0.973
0.773
0.831
0.724
0.705
0.853
0.746
0.868
0.869
0.759
0.803
0.951
0.796
0.848
0.769
0.808
0.844
0.734
0.684
0.728
0.913
0.763
0.715
0.822
0.718
0.756
0.760
0.864
0.742
0.857
0.803
0.902
0.918
0.888
0.972
0.889
0.841
0.822
0.849
0.856
0.683
0.754
0.770
0.698
0.706
0.631
0.516
0.578
0.575
0.679
0.754
0.763
0.701
0.610
0.785
0.717
0.694
0.817
0.698
0.729
0.686
0.700
0.686
0.737
0.688
0.582
0.515
0.521
0.537
0.770
0.738
0.804
0.698
0.816
0.754
0.776
0.712
0.765
0.744
0.692
0.724
0.725
0.705
0.852
0.745
0.680
0.692
0.737
0.764
0.809
0.959
0.789
0.785
0.843
0.749
0.705
0.742
0.681
0.653
0.670
0.588
0.653
0.873
0.800
0.763
0.710
0.877
0.828
0.656
0.645
0.751
0.748
0.723
0.683
0.721
0.761
0.910
0.925
0.721
0.741
0.777
0.855
0.875
0.875
0.693
0.696
0.789
0.747
0.825
0.889
0.830
0.774
0.721
0.744
0.807
0.875
0.746
0.817
0.802
0.939
0.896
0.715
0.829
0.759
0.775
0.893
0.812
0.753
0.865
0.882
0.859
0.846
0.753
0.843
0.857
0.878
0.891
0.714
0.743
0.778
0.896
0.840
0.879
0.931
0.782
0.769
0.746
0.776
0.728
0.724
0.886
0.939
0.842
0.768
0.845
0.883
0.824
0.973
0.802
0.860
0.891
0.876
0.807
0.776
0.790
0.849
0.954
0.824
0.932
0.784
0.932
0.973
0.807
0.886
0.904
0.901
0.943
0.904
0.738
0.774
0.850
0.827
0.810
0.896
0.818
0.904
0.944
0.801
0.872
0.935
0.801
0.926
0.814
0.789
0.831
0.884
0.815
0.857
0.840
0.923
0.874
0.894
0.970
0.843
0.903
0.982
0.919
0.926
0.722
0.878
0.912
0.793
0.805
0.819
0.869
0.777
0.763
0.801
0.777
0.787
0.833
0.779
0.727
0.683
0.709
0.790
0.851
0.842
0.902
0.797
0.793
0.799
0.907
0.750
0.717
0.736
0.643
0.661
0.633
0.626
0.711
0.798
0.778
0.629
0.630
0.617
0.564
0.597
0.694
0.611
0.589
0.639
0.721
0.771
0.694
0.644
0.595
0.585
0.564
0.572
0.605
0.734
0.625
0.606
0.638
0.647
0.658
0.617
0.597
0.642
0.717
0.682
0.703
0.770
0.915
0.932
0.846
0.849
0.965
0.899
0.963
0.947
0.866
0.923
0.831
0.777
0.746
0.785
0.769
0.752
0.764
0.717
0.673
0.624
0.624
0.545
0.566
0.561
0.567
0.525
0.567
0.618
0.634
0.763
0.910
0.885
0.770
0.810
0.816
0.835
0.748
0.801
0.779
0.664
0.646
0.757
0.853
0.807
0.746
0.750
0.812
0.936
0.913
0.941
0.826
0.871
0.876
0.964
0.861
0.912
0.866
0.816
0.833
0.915
0.777
0.775
0.665
0.635
0.589
0.625
0.633
0.683
0.723
0.841
0.953
0.819
0.839
0.928
0.881
0.978
0.868
0.940
0.916
0.912
0.888
0.900
0.851
0.908
0.929
0.924
0.878
0.976
0.805
0.967
0.795
0.841
0.833
0.796
0.863
0.812
0.921
0.768
0.789
0.779
0.737
0.792
0.721
0.702
0.711
0.838
0.863
0.979
0.780
0.675
0.824
0.797
0.900
0.900
0.860
0.884
0.886
0.853
0.879
0.828
0.745
0.846
0.915
0.882
0.903
0.848
0.773
0.806
0.777
0.790
0.757
0.793
0.776
0.912
0.957
0.961
0.806
0.788
0.740
0.778
0.830
0.784
0.740
0.768
0.729
0.704
0.712
0.689
0.686
0.722
0.635
0.575
0.570
0.610
0.602
0.611
0.601
0.620
0.621
0.706
0.649
0.617
0.601
0.614
0.793
0.643
0.615
0.584
0.591
0.657
0.726
0.831
0.739
0.720
0.737
0.727
0.735
0.722
0.611
0.665
0.751
0.804
0.850
0.676
0.682
0.706
0.745
0.763
0.928
0.890
0.761
0.916
0.754
0.814
0.841
0.933
0.747
0.635
0.672
0.794
0.856
0.718
0.857
0.805
0.712
0.792
0.921
0.885
0.910
0.838
0.936
0.906
0.877
0.923
0.922
0.806
0.797
0.759
0.770
0.816
0.806
0.887
0.814
0.894
0.918
0.905
0.956
0.900
0.764
0.835
0.826
0.789
0.883
0.832
0.867
0.798
0.820
0.768
0.838
0.965
0.783
0.794
0.785
0.791
0.848
0.817
0.783
0.797
0.892
0.896
0.969
0.890
0.931
0.926
0.870
0.918
0.896
0.903
0.909
0.812
0.838
0.843
0.882
0.874
0.801
0.794
0.921
0.832
0.894
0.942
0.906
0.970
0.941
0.904
0.908
0.941
0.971
0.879
0.870
0.829
0.830
0.799
0.832
0.837
0.917
0.902
0.877
0.827
0.825
0.878
0.932
0.850
0.888
0.894
0.898
0.953
0.852
0.825
0.804
0.820
0.863
0.888
0.910
0.930
0.909
0.864
0.828
0.851
0.840
0.814
0.771
0.770
0.710
0.734
0.896
0.815
0.915
0.757
0.745
0.787
0.771
0.718
0.691
0.745
0.861
0.807
0.836
0.820
0.800
0.778
0.743
0.741
0.679
0.615
0.595
0.603
0.636
0.623
0.690
0.677
0.638
0.649
0.629
0.558
0.615
0.773
0.713
0.611
0.607
0.626
0.630
0.628
0.710
0.750
0.712
0.684
0.757
0.698
0.595
0.599
0.574
0.575
0.703
0.554
0.540
0.497
0.513
0.517
0.501
0.539
0.589
0.570
0.593
0.644
0.672
0.748
0.841
0.817
0.801
0.916
0.727
0.665
0.691
0.668
0.692
0.645
0.628
0.705
0.689
0.602
0.573
0.585
0.553
0.619
0.551
0.533
0.568
0.647
0.551
0.547
0.468
0.497
0.512
0.559
0.538
0.556
0.648
0.757
0.629
0.542
0.606
0.688
0.609
0.516
0.619
0.843
0.888
0.805
0.787
0.659
0.556
0.530
0.597
0.713
0.724
0.766
0.793
0.737
0.813
0.788
0.751
0.794
0.805
0.960
0.764
0.831
0.776
0.673
0.595
0.571
0.669
0.728
0.848
0.756
0.773
0.746
0.812
0.891
0.860
0.712
0.817
0.776
0.775
0.837
0.861
0.901
0.932
0.767
0.685
0.709
0.780
0.845
0.798
0.790
0.846
0.704
0.750
0.639
0.641
0.802
0.783
0.869
0.934
0.960
0.758
0.603
0.684
0.710
0.727
0.744
0.787
0.828
0.721
0.657
0.649
0.718
0.733
0.672
0.629
0.825
0.740
0.709
0.629
0.611
0.646
0.734
0.766
0.633
0.598
0.575
0.603
0.594
0.498
0.524
0.644
0.540
0.583
0.646
0.856
0.641
0.539
0.464
0.436
0.467
0.459
0.495
0.560
0.669
0.632
0.562
0.671
0.733
0.721
0.641
0.602
0.508
0.495
0.618
0.642
0.634
0.709
0.776
0.796
0.644
0.625
0.717
0.751
0.763
0.847
0.786
0.722
0.714
0.669
0.703
0.572
0.420
0.457
0.427
0.521
0.505
0.540
0.497
0.551
0.530
0.462
0.479
0.586
0.734
0.754
0.732
0.653
0.703
0.770
0.601
0.688
0.763
0.882
0.810
0.886
0.879
0.716
0.707
0.767
0.760
0.856
0.787
0.749
0.727
0.783
0.763
0.702
0.734
0.770
0.749
0.764
0.887
0.779
0.841
0.910
0.690
0.733
0.884
0.741
0.949
0.865
0.754
0.659
0.787
0.807
0.701
0.567
0.602
0.735
0.752
0.693
0.650
0.691
0.816
0.777
0.748
0.770
0.846
0.683
0.668
0.738
0.861
0.788
0.819
0.911
0.696
0.859
0.838
0.803
0.834
0.879
0.968
0.893
0.973
0.887
0.875
0.911
0.822
0.806
0.891
0.888
0.847
0.980
0.918
0.882
0.840
0.842
0.780
0.830
0.763
0.823
0.776
0.683
0.682
0.652
0.643
0.658
0.697
0.637
0.713
0.831
0.789
0.835
0.863
0.924
0.769
0.785
0.864
0.810
0.728
0.652
0.706
0.661
0.610
0.534
0.500
0.651
0.588
0.553
0.608
0.605
0.788
0.633
0.556
0.551
0.580
0.564
0.527
0.630
0.774
0.852
0.823
0.612
0.535
0.494
0.578
0.515
0.530
0.582
0.549
0.498
0.525
0.553
0.572
0.585
0.525
0.543
0.563
0.600
0.604
0.625
0.599
0.680
0.614
0.643
0.738
0.626
0.575
0.561
0.502
0.497
0.492
0.454
0.440
0.394
0.464
0.488
0.447
0.436
0.430
0.373
0.394
0.394
0.374
0.353
0.420
0.408
0.435
0.444
0.454
0.428
0.456
0.466
0.474
0.513
0.500
0.507
0.506
0.507
0.600
0.752
0.576
0.528
0.543
0.583
0.662
0.807
0.834
0.897
0.707
0.628
0.718
0.766
0.654
0.482
0.480
0.561
0.641
0.601
0.588
0.618
0.736
0.896
0.945
0.846
0.810
0.794
0.765
0.696
0.657
0.688
0.647
0.720
0.720
0.587
0.497
0.521
0.577
0.665
0.565
0.564
0.727
0.661
0.697
0.669
0.664
0.740
0.880
0.807
0.901
0.688
0.776
0.868
0.629
0.534
0.573
0.608
0.585
0.612
0.659
0.640
0.645
0.784
0.690
0.690
0.856
0.788
0.871
0.836
0.931
0.975
0.872
0.750
0.664
0.692
0.749
0.971
0.773
0.883
0.817
0.734
0.746
0.854
0.877
0.968
0.725
0.768
0.850
0.844
0.797
0.872
0.691
0.673
0.809
0.817
0.901
0.696
0.706
0.709
0.635
0.667
0.629
0.628
0.580
0.642
0.711
0.721
0.756
0.592
0.533
0.687
0.625
0.547
0.604
0.678
0.638
0.552
0.646
0.575
0.414
0.384
0.499
0.587
0.817
0.658
0.609
0.473
0.389
0.479
0.604
0.681
0.763
0.835
0.762
0.704
0.698
0.629
0.701
0.783
0.651
0.550
0.550
0.640
0.766
0.687
0.687
0.676
0.578
0.654
0.715
0.699
0.740
0.610
0.688
0.692
0.571
0.575
0.689
0.702
0.739
0.651
0.685
0.670
0.601
0.487
0.448
0.464
0.550
0.629
0.644
0.654
0.613
0.564
0.671
0.584
0.550
0.722
0.718
0.665
0.662
0.684
0.677
0.635
0.628
0.667
0.624
0.618
0.760
0.750
0.746
0.778
0.706
0.691
0.715
0.757
0.718
0.724
0.817
0.673
0.964
0.793
0.684
0.632
0.681
0.900
0.748
0.714
0.801
0.890
0.950
0.684
0.735
0.904
0.819
0.831
0.804
0.697
0.653
0.608
0.629
0.795
0.750
0.787
0.721
0.736
0.788
0.865
0.758
0.717
0.852
0.860
0.896
0.964
0.790
0.892
0.805
0.767
0.788
0.917
0.839
0.702
0.775
0.859
0.980
0.835
0.852
0.933
0.865
0.877
0.708
0.648
0.721
0.834
0.759
0.694
0.809
0.863
0.826
0.847
0.891
0.913
0.856
0.850
0.816
0.856
0.913
0.866
0.910
0.838
0.717
0.785
0.922
0.902
0.899
0.824
0.700
0.618
0.756
0.771
0.809
0.762
0.774
0.788
0.803
0.902
0.887
0.945
0.726
0.764
0.804
0.791
0.805
0.840
0.863
0.900
0.908
0.864
0.856
0.930
0.853
0.832
0.945
0.949
0.923
0.778
0.754
0.740
0.841
0.714
0.638
0.624
0.649
0.668
0.673
0.743
0.794
0.699
0.619
0.602
0.580
0.689
0.618
0.661
0.717
0.624
0.523
0.476
0.514
0.528
0.509
0.507
0.511
0.507
0.467
0.372
0.428
0.460
0.460
0.487
0.514
0.577
0.699
0.860
0.687
0.552
0.594
0.731
0.755
0.630
0.549
0.572
0.549
0.523
0.503
0.490
0.492
0.556
0.587
0.534
0.482
0.470
0.589
0.565
0.450
0.510
0.578
0.548
0.478
0.447
0.435
0.498
0.585
0.602
0.539
0.471
0.442
0.428
0.533
0.647
0.649
0.692
0.698
0.661
0.666
0.654
0.710
0.797
0.823
0.947
0.775
0.664
0.588
0.667
0.785
0.821
0.867
0.794
0.631
0.667
0.711
0.777
0.751
0.805
0.830
0.924
0.837
0.746
0.838
0.900
0.722
0.718
0.756
0.720
0.632
0.655
0.791
0.899
0.883
0.704
0.899
0.756
0.849
0.818
0.878
0.889
0.748
0.766
0.803
0.727
0.679
0.662
0.654
0.536
0.504
0.614
0.705
0.904
0.627
0.674
0.506
0.540
0.568
0.775
0.645
0.662
0.835
0.675
0.730
0.910
0.970
0.797
0.805
0.963
0.974
0.727
0.703
0.733
0.889
0.923
0.927
0.769
0.827
0.918
0.900
0.854
0.919
0.859
0.961
0.928
0.935
0.816
0.727
0.784
0.822
0.729
0.688
0.689
0.600
0.519
0.586
0.534
0.476
0.474
0.508
0.429
0.439
0.596
0.592
0.504
0.431
0.421
0.487
0.546
0.701
0.742
0.744
0.685
0.590
0.607
0.692
0.723
0.585
0.633
0.531
0.552
0.656
0.756
0.708
0.740
0.806
0.649
0.607
0.601
0.546
0.532
0.530
0.504
0.501
0.465
0.532
0.594
0.597
0.639
0.632
0.620
0.494
0.583
0.778
0.682
0.559
0.560
0.543
0.528
0.485
0.422
0.375
0.370
0.426
0.592
0.733
0.627
0.583
0.666
0.701
0.719
0.808
0.897
0.833
0.870
0.889
0.817
0.736
0.729
0.846
0.797
0.701
0.732
0.634
0.622
0.728
0.753
0.880
0.731
0.680
0.680
0.711
0.860
0.838
0.896
0.814
0.955
0.609
0.662
0.763
0.822
0.844
0.903
0.739
0.866
0.781
0.877
0.805
0.715
0.676
0.610
0.589
0.654
0.767
0.971
0.719
0.685
0.846
0.683
0.863
0.620
0.805
0.885
0.777
0.700
0.769
0.739
0.868
0.887
0.766
0.751
0.812
0.917
0.976
0.824
0.912
0.941
0.876
0.781
0.865
0.812
0.911
0.856
0.826
0.895
0.929
0.914
0.719
0.650
0.647
0.805
0.870
0.748
0.645
0.680
0.767
0.784
0.742
0.738
0.737
0.730
0.696
0.640
0.599
0.583
0.581
0.596
0.608
0.662
0.550
0.472
0.473
0.509
0.611
0.636
0.647
0.678
0.682
0.589
0.547
0.588
0.747
0.906
0.971
0.974
0.808
0.787
0.806
0.766
0.633
0.598
0.558
0.578
0.568
0.540
0.562
0.561
0.497
0.441
0.447
0.462
0.552
0.524
0.574
0.495
0.446
0.537
0.563
0.486
0.475
0.444
0.484
0.595
0.504
0.540
0.537
0.461
0.479
0.534
0.559
0.552
0.584
0.573
0.604
0.500
0.518
0.535
0.515
0.462
0.537
0.579
0.512
0.483
0.486
0.479
0.465
0.463
0.505
0.547
0.503
0.583
0.621
0.577
0.524
0.506
0.542
0.616
0.668
0.722
0.621
0.575
0.668
0.687
0.628
0.650
0.712
0.686
0.595
0.581
0.510
0.516
0.485
0.408
0.399
0.419
0.454
0.461
0.449
0.484
0.467
0.504
0.619
0.803
0.840
0.759
0.832
0.886
0.825
0.789
0.832
0.749
0.761
0.754
0.811
0.826
0.686
0.580
0.664
0.826
0.680
0.560
0.549
0.608
0.678
0.634
0.627
0.671
0.879
0.755
0.779
0.806
0.843
0.740
0.965
0.846
0.823
0.889
0.871
0.751
0.901
0.855
0.943
0.975
0.860
0.967
0.777
0.681
0.667
0.788
0.669
0.661
0.731
0.890
0.770
0.579
0.729
0.666
0.874
0.725
0.673
0.777
0.773
0.680
0.639
0.623
0.679
0.835
0.957
0.856
0.889
0.854
0.980
0.788
0.919
0.794
0.732
0.720
0.739
0.846
0.902
0.891
0.772
0.978
0.793
0.815
0.963
0.813
0.674
0.588
0.703
0.826
0.826
0.822
0.775
0.786
0.763
0.871
0.924
0.945
0.732
0.692
0.818
0.811
0.766
0.691
0.636
0.617
0.651
0.725
0.752
0.962
0.668
0.652
0.712
0.723
0.695
0.688
0.782
0.840
0.676
0.652
0.738
0.776
0.632
0.630
0.647
0.755
0.585
0.577
0.547
0.507
0.518
0.611
0.658
0.727
0.793
0.668
0.618
0.609
0.667
0.698
0.758
0.802
0.689
0.631
0.641
0.641
0.669
0.710
0.706
0.664
0.648
0.660
0.673
0.683
0.723
0.761
0.666
0.622
0.672
0.785
0.963
0.752
0.759
0.692
0.640
0.651
0.671
0.695
0.692
0.784
0.607
0.635
0.676
0.704
0.680
0.818
0.847
0.883
0.829
0.861
0.690
0.818
0.785
0.728
0.738
0.915
0.806
0.839
0.911
0.882
0.759
0.946
0.751
0.815
0.866
0.904
0.786
0.792
0.809
0.883
0.891
0.964
0.891
0.763
0.809
0.797
0.896
0.964
0.898
0.975
0.833
0.890
0.871
0.815
0.833
0.961
0.815
0.774
0.822
0.979
0.853
0.967
0.908
0.831
0.789
0.770
0.862
0.913
0.846
0.916
0.865
0.926
0.873
0.862
0.920
0.863
0.803
0.776
0.879
0.850
0.953
0.889
0.973
0.875
0.958
0.813
0.811
0.773
0.768
0.868
0.842
0.901
0.894
0.857
0.906
0.915
0.903
0.822
0.748
0.744
0.886
0.896
0.977
0.881
0.932
0.821
0.919
0.900
0.843
0.892
0.788
0.800
0.832
0.827
0.833
0.755
0.748
0.609
0.605
0.665
0.620
0.731
0.768
0.775
0.724
0.658
0.681
0.752
0.839
0.881
0.778
0.715
0.673
0.597
0.569
0.597
0.585
0.615
0.678
0.726
0.648
0.710
0.769
0.913
0.776
0.660
0.637
0.642
0.599
0.666
0.773
0.740
0.670
0.613
0.610
0.604
0.616
0.598
0.563
0.526
0.552
0.567
0.544
0.573
0.524
0.446
0.532
0.522
0.443
0.442
0.516
0.466
0.426
0.398
0.432
0.532
0.468
0.503
0.520
0.482
0.533
0.549
0.547
0.543
0.690
0.743
0.727
0.783
0.759
0.741
0.685
0.729
0.688
0.611
0.534
0.475
0.460
0.482
0.580
0.633
0.530
0.522
0.668
0.619
0.555
0.483
0.460
0.471
0.464
0.487
0.511
0.562
0.501
0.460
0.532
0.548
0.554
0.649
0.745
0.851
0.773
0.716
0.594
0.608
0.720
0.899
0.895
0.786
0.673
0.653
0.651
0.690
0.782
0.777
0.812
0.706
0.759
0.890
0.947
0.841
0.775
0.707
0.688
0.953
0.874
0.943
0.929
0.939
0.965
0.819
0.868
0.793
0.743
0.787
0.909
0.939
0.838
0.875
0.793
0.861
0.740
0.717
0.701
0.763
0.687
0.786
0.817
0.661
0.944
0.806
0.827
0.915
0.956
0.910
0.936
0.904
0.780
0.762
0.808
0.805
0.799
0.794
0.908
0.773
0.718
0.679
0.755
0.696
0.706
0.768
0.909
0.747
0.688
0.771
0.752
0.717
0.672
0.624
0.663
0.609
0.660
0.592
0.640
0.633
0.841
0.688
0.569
0.488
0.513
0.564
0.528
0.602
0.637
0.530
0.615
0.720
0.675
0.674
0.717
0.843
0.722
0.681
0.815
0.680
0.633
0.688
0.699
0.703
0.661
0.726
0.720
0.712
0.799
0.744
0.704
0.785
0.829
0.695
0.708
0.685
0.631
0.765
0.791
0.765
0.734
0.580
0.547
0.543
0.740
0.708
0.680
0.905
0.827
0.576
0.517
0.671
0.684
0.609
0.592
0.575
0.654
0.687
0.580
0.541
0.704
0.647
0.605
0.643
0.568
0.732
0.839
0.692
0.758
0.733
0.795
0.801
0.704
0.711
0.682
0.679
0.814
0.960
0.850
0.812
0.864
0.919
0.762
0.920
0.799
0.735
0.786
0.961
0.710
0.907
0.709
0.863
0.872
0.791
0.638
0.693
0.754
0.875
0.743
0.867
0.922
0.872
0.893
0.651
0.601
0.636
0.853
0.740
0.851
0.978
0.900
0.833
0.870
0.815
0.916
0.850
0.710
0.735
0.745
0.762
0.841
0.878
0.884
0.829
0.882
0.797
0.760
0.825
0.854
0.936
0.905
0.961
0.843
0.886
0.782
0.668
0.972
0.850
0.852
0.862
0.977
0.822
0.904
0.869
0.881
0.757
0.730
0.829
0.850
0.952
0.908
0.836
0.788
0.792
0.769
0.727
0.758
0.791
0.906
0.791
0.886
0.788
0.760
0.790
0.772
0.780
0.761
0.744
0.677
0.669
0.708
0.723
0.843
0.751
0.738
0.980
0.901
0.782
0.737
0.734
0.762
0.778
0.776
0.829
0.726
0.627
0.669
0.599
0.581
0.550
0.587
0.727
0.679
0.626
0.582
0.619
0.632
0.559
0.657
0.703
0.637
0.530
0.588
0.722
0.793
0.735
0.787
0.742
0.860
0.771
0.807
0.888
0.794
0.713
0.662
0.718
0.683
0.670
0.884
0.875
0.714
0.606
0.641
0.659
0.617
0.629
0.629
0.625
0.622
0.625
0.584
0.584
0.625
0.756
0.713
0.620
0.699
0.899
0.835
0.717
0.680
0.801
0.757
0.653
0.641
0.615
0.571
0.636
0.562
0.537
0.611
0.536
0.641
0.677
0.744
0.780
0.790
0.698
0.843
0.850
0.696
0.684
0.758
0.769
0.651
0.554
0.510
0.536
0.522
0.459
0.592
0.667
0.666
0.683
0.633
0.506
0.593
0.675
0.688
0.674
0.732
0.800
0.746
0.746
0.736
0.760
0.797
0.884
0.708
0.660
0.653
0.831
0.747
0.953
0.793
0.851
0.943
0.721
0.726
0.758
0.741
0.730
0.747
0.761
0.790
0.932
0.944
0.782
0.652
0.730
0.778
0.865
0.834
0.796
0.785
0.778
0.851
0.938
0.806
0.857
0.847
0.789
0.765
0.933
0.725
0.727
0.823
0.869
0.912
0.969
0.812
0.905
0.814
0.970
0.813
0.912
0.870
0.932
0.943
0.920
0.785
0.764
0.678
0.654
0.705
0.809
0.821
0.854
0.871
0.841
0.908
0.906
0.834
0.897
0.772
0.819
0.957
0.975
0.809
0.863
0.814
0.756
0.741
0.815
0.725
0.718
0.825
0.876
0.778
0.767
0.751
0.791
0.692
0.732
0.838
0.868
0.774
0.706
0.749
0.680
0.710
0.769
0.734
0.719
0.708
0.702
0.713
0.864
0.866
0.843
0.864
0.806
0.751
0.725
0.741
0.755
0.795
0.582
0.620
0.664
0.633
0.551
0.529
0.569
0.628
0.641
0.655
0.735
0.721
0.677
0.666
0.698
0.813
0.548
0.656
0.697
0.643
0.724
0.692
0.749
0.777
0.829
0.974
0.807
0.771
0.626
0.559
0.738
0.892
0.887
0.772
0.766
0.932
0.865
0.892
0.698
0.736
0.695
0.663
0.694
0.746
0.688
0.658
0.678
0.696
0.648
0.619
0.584
0.598
0.912
0.656
0.674
0.673
0.735
0.705
0.728
0.754
0.848
0.888
0.870
0.892
0.883
0.884
0.787
0.857
0.766
0.935
0.772
0.703
0.842
0.805
0.773
0.895
0.776
0.832
0.701
0.848
0.814
0.729
0.935
0.879
0.809
0.975
0.849
0.705
0.791
0.826
0.844
0.753
0.964
0.851
0.977
0.840
0.874
0.954
0.805
0.909
0.906
0.816
0.924
0.816
0.919
0.789
0.797
0.734
0.772
0.808
0.859
0.969
0.981
0.894
0.810
0.940
0.862
0.947
0.923
0.963
0.880
0.897
0.935
0.979
0.981
0.948
0.826
0.851
0.821
0.750
0.764
0.768
0.797
0.785
0.762
0.799
0.889
0.940
0.893
0.801
0.756
0.739
0.751
0.880
0.902
0.812
0.728
0.729
0.743
0.729
0.752
0.766
0.782
0.797
0.815
0.802
0.843
0.904
0.856
0.786
0.743
0.721
0.649
0.683
0.639
0.714
0.881
0.937
0.929
0.882
0.852
0.711
0.796
0.713
0.704
0.697
0.757
0.860
0.785
0.732
0.747
0.656
0.562
0.572
0.560
0.586
0.633
0.599
0.622
0.855
0.673
0.629
0.666
0.647
0.722
0.750
0.881
0.922
0.722
0.697
0.614
0.591
0.587
0.578
0.520
0.580
0.618
0.574
0.505
0.517
0.508
0.518
0.543
0.480
0.512
0.511
0.510
0.526
0.515
0.481
0.794
0.631
0.565
0.623
0.756
0.769
0.698
0.580
0.755
0.919
0.866
0.704
0.690
0.705
0.612
0.543
0.553
0.622
0.697
0.743
0.658
0.640
0.665
0.719
0.902
0.926
0.905
0.767
0.784
0.596
0.592
0.687
0.735
0.690
0.731
0.800
0.903
0.971
0.788
0.850
0.801
0.920
0.846
0.818
0.974
0.930
0.884
0.713
0.671
0.743
0.800
0.871
0.771
0.730
0.625
0.709
0.732
0.840
0.925
0.920
0.921
0.886
0.901
0.855
0.823
0.795
0.807
0.934
0.883
0.814
0.887
0.915
0.912
0.768
0.862
0.779
0.806
0.821
0.818
0.893
0.763
0.771
0.878
0.743
0.663
0.658
0.790
0.695
0.682
0.822
0.812
0.829
0.799
0.741
0.810
0.925
0.813
0.780
0.837
0.847
0.915
0.932
0.816
0.882
0.872
0.692
0.703
0.752
0.847
0.693
0.720
0.707
0.649
0.623
0.703
0.712
0.736
0.907
0.649
0.745
0.625
0.533
0.468
0.446
0.506
0.455
0.528
0.652
0.678
0.639
0.537
0.533
0.624
0.601
0.513
0.542
0.584
0.691
0.659
0.706
0.764
0.773
0.702
0.668
0.663
0.721
0.740
0.597
0.537
0.696
0.861
0.795
0.764
0.886
0.697
0.579
0.665
0.658
0.655
0.600
0.553
0.704
0.696
0.683
0.670
0.688
0.738
0.593
0.604
0.702
0.730
0.788
0.932
0.734
0.725
0.670
0.559
0.530
0.721
0.881
0.847
0.913
0.756
0.650
0.660
0.813
0.713
0.724
0.723
0.818
0.700
0.680
0.812
0.874
0.740
0.659
0.717
0.729
0.761
0.861
0.827
0.753
0.785
0.850
0.916
0.751
0.716
0.694
0.662
0.736
0.748
0.698
0.641
0.671
0.680
0.747
0.731
0.753
0.851
0.827
0.778
0.692
0.749
0.749
0.757
0.767
0.861
0.935
0.920
0.847
0.889
0.885
0.829
0.972
0.857
0.759
0.864
0.804
0.855
0.840
0.801
0.870
0.807
0.850
0.934
0.760
0.959
0.854
0.756
0.827
0.785
0.763
0.819
0.892
0.974
0.784
0.795
0.815
0.878
0.982
0.952
0.926
0.822
0.726
0.873
0.945
0.887
0.923
0.839
0.812
0.895
0.978
0.864
0.874
0.927
0.926
0.803
0.743
0.792
0.886
0.812
0.797
0.735
0.769
0.887
0.880
0.886
0.833
0.822
0.962
0.803
0.760
0.731
0.655
0.651
0.637
0.785
0.702
0.718
0.724
0.718
0.679
0.789
0.821
0.732
0.571
0.563
0.612
0.533
0.523
0.468
0.493
0.507
0.590
0.574
0.505
0.571
0.608
0.634
0.540
0.554
0.617
0.642
0.549
0.551
0.600
0.593
0.560
0.557
0.540
0.552
0.520
0.554
0.722
0.696
0.545
0.563
0.546
0.536
0.539
0.445
0.409
0.435
0.480
0.500
0.551
0.517
0.535
0.607
0.522
0.493
0.585
0.829
0.706
0.729
0.675
0.758
0.700
0.552
0.526
0.588
0.495
0.467
0.478
0.448
0.438
0.442
0.484
0.477
0.440
0.570
0.713
0.618
0.595
0.626
0.629
0.691
0.664
0.619
0.510
0.574
0.734
0.784
0.777
0.946
0.771
0.681
0.680
0.846
0.838
0.861
0.834
0.923
0.894
0.799
0.865
0.809
0.777
0.717
0.696
0.916
0.847
0.969
0.870
0.773
0.774
0.784
0.811
0.802
0.811
0.716
0.810
0.763
0.801
0.824
0.880
0.890
0.934
0.871
0.840
0.777
0.852
0.905
0.957
0.815
0.723
0.776
0.846
0.979
0.810
0.975
0.856
0.784
0.814
0.889
0.907
0.966
0.796
0.828
0.821
0.823
0.840
0.789
0.746
0.890
0.878
0.917
0.891
0.947
0.941
0.864
0.926
0.850
0.964
0.812
0.824
0.847
0.917
0.923
0.884
0.894
0.885
0.834
0.802
0.723
0.729
0.835
0.850
0.838
0.725
0.755
0.739
0.788
0.807
0.726
0.694
0.693
0.657
0.678
0.746
0.725
0.713
0.678
0.579
0.694
0.753
0.648
0.678
0.729
0.604
0.508
0.509
0.497
0.598
0.666
0.756
0.836
0.745
0.640
0.576
0.597
0.726
0.687
0.716
0.865
0.690
0.674
0.761
0.810
0.849
0.807
0.820
0.813
0.770
0.694
0.655
0.677
0.642
0.646
0.658
0.664
0.699
0.725
0.777
0.861
0.819
0.887
0.795
0.860
0.919
0.745
0.769
0.806
0.818
0.763
0.764
0.871
0.784
0.832
0.813
0.790
0.781
0.741
0.745
0.952
0.891
0.721
0.633
0.744
0.861
0.922
0.856
0.910
0.736
0.961
0.904
0.719
0.672
0.825
0.935
0.699
0.646
0.709
0.712
0.755
0.973
0.878
0.729
0.685
0.779
0.849
0.703
0.751
0.788
0.882
0.770
0.886
0.938
0.700
0.786
0.822
0.940
0.852
0.690
0.785
0.917
0.790
0.802
0.866
0.902
0.966
0.814
0.894
0.923
0.715
0.892
0.783
0.945
0.882
0.899
0.964
0.929
0.840
0.889
0.948
0.868
0.838
0.911
0.893
0.787
0.823
0.845
0.958
0.780
0.835
0.913
0.890
0.878
0.854
0.918
0.899
0.876
0.807
0.896
0.811
0.822
0.808
0.786
0.748
0.735
0.654
0.673
0.790
0.875
0.891
0.850
0.755
0.698
0.685
0.761
0.772
0.681
0.589
0.616
0.661
0.871
0.838
0.712
0.743
0.738
0.695
0.695
0.867
0.893
0.873
0.869
0.882
0.955
0.881
0.838
0.835
0.791
0.853
0.824
0.807
0.783
0.741
0.708
0.728
0.709
0.684
0.610
0.520
0.487
0.531
0.598
0.569
0.540
0.560
0.647
0.720
0.809
0.730
0.627
0.609
0.528
0.606
0.668
0.693
0.671
0.651
0.523
0.530
0.588
0.581
0.594
0.603
0.548
0.564
0.622
0.569
0.505
0.499
0.565
0.546
0.551
0.592
0.510
0.569
0.606
0.620
0.613
0.639
0.624
0.548
0.560
0.575
0.632
0.658
0.724
0.760
0.818
0.836
0.791
0.793
0.718
0.625
0.567
0.626
0.578
0.650
0.607
0.559
0.480
0.543
0.584
0.713
0.799
0.954
0.943
0.658
0.575
0.518
0.538
0.569
0.632
0.855
0.653
0.576
0.594
0.659
0.541
0.545
0.588
0.667
0.863
0.700
0.690
0.555
0.497
0.623
0.842
0.846
0.898
0.911
0.768
0.820
0.724
0.773
0.769
0.761
0.826
0.775
0.851
0.897
0.843
0.921
0.968
0.757
0.603
0.536
0.544
0.639
0.705
0.692
0.715
0.877
0.853
0.950
0.880
0.968
0.855
0.775
0.881
0.919
0.842
0.978
0.965
0.975
0.780
0.698
0.854
0.811
0.685
0.823
0.767
0.736
0.685
0.726
0.911
0.736
0.750
0.950
0.851
0.926
0.900
0.906
0.972
0.954
0.912
0.844
0.979
0.846
0.780
0.737
0.850
0.852
0.704
0.747
0.781
0.847
0.737
0.803
0.863
0.781
0.724
0.726
0.627
0.784
0.909
0.719
0.712
0.732
0.731
0.690
0.690
0.928
0.881
0.755
0.895
0.720
0.717
0.682
0.668
0.691
0.664
0.832
0.879
0.791
0.821
0.830
0.734
0.730
0.828
0.817
0.720
0.722
0.848
0.825
0.772
0.788
0.789
0.762
0.764
0.674
0.641
0.676
0.672
0.640
0.659
0.664
0.865
0.719
0.688
0.733
0.803
0.812
0.785
0.893
0.652
0.766
0.688
0.575
0.647
0.754
0.807
0.904
0.806
0.797
0.761
0.916
0.814
0.891
0.902
0.789
0.848
0.765
0.962
0.871
0.943
0.925
0.766
0.943
0.975
0.876
0.881
0.771
0.891
0.934
0.972
0.716
0.650
0.717
0.721
0.849
0.861
0.690
0.652
0.728
0.739
0.839
0.854
0.973
0.860
0.833
0.851
0.831
0.893
0.827
0.924
0.810
0.774
0.941
0.719
0.857
0.771
0.873
0.856
0.783
0.817
0.903
0.979
0.887
0.844
0.758
0.833
0.906
0.799
0.867
0.924
0.920
0.823
0.972
0.810
0.786
0.824
0.838
0.809
0.829
0.780
0.794
0.895
0.918
0.853
0.831
0.913
0.806
0.823
0.949
0.882
0.868
0.892
0.950
0.858
0.902
0.945
0.879
0.852
0.871
0.889
0.911
0.968
0.959
0.961
0.893
0.955
0.915
0.920
0.909
0.892
0.861
0.878
0.964
0.981
0.878
0.946
0.920
0.927
0.952
0.955
0.925
0.882
0.845
0.827
0.825
0.794
0.715
0.751
0.835
0.874
0.893
0.811
0.777
0.786
0.790
0.778
0.809
0.822
0.869
0.952
0.836
0.712
0.704
0.750
0.757
0.701
0.736
0.789
0.817
0.770
0.739
0.722
0.748
0.766
0.727
0.864
0.805
0.912
0.748
0.726
0.702
0.715
0.735
0.740
0.806
0.898
0.930
0.905
0.880
0.949
0.909
0.854
0.824
0.778
0.799
0.766
0.731
0.683
0.812
0.942
0.872
0.786
0.768
0.856
0.814
0.701
0.654
0.635
0.788
0.759
0.627
0.640
0.693
0.825
0.757
0.742
0.641
0.620
0.586
0.630
0.673
0.756
0.781
0.869
0.858
0.831
0.824
0.806
0.787
0.955
0.895
0.822
0.685
0.594
0.633
0.629
0.632
0.641
0.615
0.616
0.734
0.690
0.606
0.601
0.736
0.943
0.710
0.732
0.902
0.880
0.861
0.934
0.761
0.761
0.753
0.809
0.885
0.841
0.789
0.966
0.896
0.879
0.811
0.743
0.709
0.818
0.827
0.812
0.738
0.818
0.915
0.782
0.846
0.808
0.743
0.788
0.814
0.741
0.761
0.849
0.722
0.840
0.786
0.724
0.791
0.639
0.665
0.802
0.936
0.843
0.912
0.963
0.928
0.832
0.877
0.783
0.915
0.702
0.662
0.760
0.818
0.866
0.950
0.880
0.972
0.808
0.854
0.857
0.857
0.821
0.901
0.810
0.867
0.812
0.800
0.839
0.891
0.775
0.857
0.836
0.745
0.662
0.745
0.839
0.868
0.866
0.919
0.802
0.818
0.964
0.926
0.833
0.949
0.978
0.858
0.788
0.781
0.918
0.821
0.787
0.795
0.972
0.958
0.886
0.883
0.745
0.742
0.946
0.957
0.791
0.766
0.758
0.706
0.780
0.902
0.804
0.740
0.783
0.880
0.758
0.772
0.752
0.647
0.656
0.594
0.639
0.606
0.645
0.601
0.766
0.788
0.871
0.760
0.740
0.626
0.645
0.619
0.647
0.709
0.754
0.733
0.702
0.732
0.611
0.654
0.730
0.916
0.852
0.828
0.746
0.699
0.748
0.765
0.771
0.822
0.855
0.860
0.856
0.788
0.850
0.836
0.867
0.844
0.858
0.870
0.786
0.804
0.755
0.784
0.849
0.825
0.814
0.803
0.770
0.816
0.850
0.796
0.738
0.754
0.748
0.858
0.830
0.795
0.826
0.976
0.826
0.862
0.864
0.913
0.799
0.811
0.789
0.809
0.871
0.864
0.824
0.821
0.759
0.747
0.877
0.791
0.718
0.783
0.924
0.978
0.967
0.801
0.818
0.809
0.818
0.703
0.813
0.859
0.882
0.798
0.911
0.966
0.955
0.777
0.874
0.974
0.957
0.920
0.879
0.930
0.973
0.878
0.760
0.792
0.886
0.902
0.970
0.968
0.965
0.940
0.937
0.935
0.977
0.950
0.973
0.845
0.859
0.912
0.964
0.919
0.906
0.940
0.895
0.866
0.939
0.936
0.828
0.806
0.803
0.807
0.797
0.806
0.890
0.897
0.852
0.916
0.873
0.828
0.840
0.825
0.810
0.796
0.784
0.863
0.802
0.813
0.846
0.881
0.830
0.762
0.734
0.664
0.683
0.727
0.750
0.842
0.921
0.931
0.927
0.902
0.967
0.857
0.896
0.890
0.902
0.888
0.830
0.762
0.669
0.666
0.701
0.674
0.710
0.737
0.718
0.711
0.662
0.638
0.707
0.731
0.671
0.629
0.563
0.537
0.551
0.576
0.562
0.575
0.504
0.521
0.645
0.821
0.797
0.753
0.764
0.713
0.590
0.524
0.549
0.555
0.536
0.497
0.497
0.510
0.581
0.812
0.813
0.749
0.682
0.791
0.716
0.603
0.743
0.876
0.737
0.752
0.809
0.693
0.587
0.600
0.678
0.818
0.804
0.816
0.915
0.832
0.803
0.846
0.705
0.724
0.933
0.907
0.887
0.929
0.930
0.913
0.866
0.849
0.904
0.895
0.905
0.843
0.822
0.762
0.903
0.910
0.788
0.750
0.663
0.731
0.687
0.635
0.641
0.639
0.658
0.698
0.712
0.964
0.871
0.831
0.848
0.818
0.914
0.923
0.977
0.922
0.863
0.872
0.866
0.811
0.965
0.865
0.975
0.917
0.797
0.881
0.844
0.843
0.900
0.908
0.717
0.685
0.789
0.786
0.932
0.821
0.928
0.872
0.881
0.858
0.956
0.940
0.967
0.844
0.875
0.853
0.783
0.803
0.760
0.740
0.743
0.769
0.814
0.817
0.762
0.754
0.779
0.842
0.916
0.952
0.866
0.966
0.852
0.974
0.918
0.973
0.790
0.871
0.818
0.800
0.810
0.911
0.891
0.891
0.707
0.671
0.882
0.919
0.886
0.876
0.809
0.795
0.919
0.932
0.863
0.899
0.844
0.812
0.860
0.981
0.843
0.778
0.727
0.868
0.881
0.919
0.907
0.855
0.805
0.794
0.871
0.951
0.902
0.839
0.804
0.935
0.965
0.956
0.812
0.826
0.931
0.917
0.815
0.878
0.936
0.902
0.838
0.971
0.787
0.842
0.863
0.875
0.805
0.791
0.767
0.846
0.792
0.864
0.859
0.901
0.857
0.856
0.861
0.805
0.858
0.731
0.823
0.778
0.873
0.868
0.863
0.835
0.917
0.847
0.909
0.816
0.866
0.887
0.924
0.962
0.924
0.811
0.842
0.887
0.930
0.918
0.942
0.941
0.857
0.882
0.847
0.853
0.973
0.965
0.888
0.893
0.920
0.840
0.930
0.948
0.884
0.752
0.853
0.941
0.890
0.938
0.893
0.980
0.910
0.861
0.967
0.982
0.845
0.905
0.924
0.949
0.885
0.908
0.929
0.858
0.790
0.938
0.947
0.874
0.951
0.976
0.849
0.932
0.885
0.877
0.929
0.897
0.841
0.800
0.825
0.883
0.894
0.965
0.967
0.963
0.961
0.953
0.948
0.934
0.959
0.980
0.884
0.950
0.961
0.963
0.932
0.957
0.920
0.920
0.907
0.947
0.852
0.874
0.941
0.954
0.914
0.873
0.975
0.898
0.923
0.976
0.932
0.896
0.865
0.917
0.892
0.921
0.953
0.895
0.929
0.952
0.876
0.925
0.936
0.927
0.962
0.964
0.962
0.904
0.964
0.971
0.967
0.947
0.854
0.895
0.872
0.882
0.938
0.969
0.963
0.972
0.981
0.920
0.922
0.893
0.930
0.980
0.919
0.908
0.934
0.940
0.897
0.922
0.875
0.880
0.863
0.851
0.862
0.820
0.874
0.854
0.869
0.898
0.869
0.920
0.955
0.904
0.899
0.861
0.849
0.817
0.847
0.850
0.874
0.916
0.935
0.888
0.906
0.851
0.841
0.862
0.850
0.891
0.834
0.872
0.855
0.881
0.872
0.876
0.868
0.821
0.797
0.756
0.747
0.719
0.767
0.876
0.936
0.869
0.881
0.892
0.897
0.939
0.946
0.918
0.937
0.946
0.946
0.900
0.871
0.849
0.833
0.883
0.905
0.927
0.915
0.907
0.881
0.949
0.975
0.970
0.930
0.927
0.922
0.959
0.937
0.922
0.961
0.957
0.907
0.878
0.860
0.838
0.840
0.870
0.939
0.911
0.959
0.944
0.970
0.912
0.906
0.946
0.916
0.936
0.887
0.962
0.920
0.939
0.941
0.899
0.897
0.923
0.943
0.977
0.955
0.933
0.970
0.964
0.934
0.957
0.958
0.954
0.953
0.981
0.957
0.946
0.972
0.981
0.964
0.901
0.925
0.903
0.942
0.960
0.911
0.982
0.945
0.925
0.934
0.890
0.914
0.878
0.966
0.834
0.870
0.852
0.941
0.960
0.862
0.945
0.971
0.979
0.895
0.961
0.955
0.846
0.795
0.802
0.875
0.951
0.934
0.897
0.953
0.943
0.910
0.912
0.907
0.838
0.932
0.953
0.978
0.858
0.981
0.907
0.880
0.922
0.897
0.828
0.854
0.855
0.802
0.793
0.801
0.902
0.941
0.944
0.882
0.909
0.880
0.814
0.979
0.857
0.884
0.912
0.898
0.922
0.779
0.907
0.954
0.961
0.974
0.835
0.873
0.883
0.835
0.940
0.852
0.781
0.881
0.852
0.972
0.942
0.947
0.815
0.756
0.891
0.902
0.929
0.804
0.808
0.795
0.805
0.787
0.813
0.842
0.849
0.850
0.891
0.898
0.810
0.894
0.924
0.937
0.926
0.858
0.777
0.825
0.798
0.829
0.801
0.818
0.932
0.844
0.860
0.882
0.946
0.919
0.909
0.948
0.941
0.889
0.882
0.906
0.978
0.850
0.873
0.904
0.828
0.947
0.842
0.777
0.761
0.843
0.973
0.843
0.893
0.861
0.856
0.938
0.886
0.912
0.882
0.868
0.798
0.855
0.810
0.889
0.932
0.927
0.885
0.952
0.809
0.848
0.859
0.904
0.931
0.891
0.847
0.849
0.907
0.851
0.948
0.937
0.921
0.912
0.837
0.967
0.920
0.948
0.971
0.890
0.931
0.927
0.861
0.947
0.919
0.911
0.969
0.910
0.895
0.877
0.789
0.804
0.765
0.913
0.896
0.932
0.949
0.973
0.932
0.982
0.908
0.875
0.877
0.943
0.962
0.871
0.941
0.972
0.889
0.871
0.962
0.978
0.914
0.904
0.942
0.963
0.971
0.907
0.906
0.939
0.927
0.890
0.895
0.952
0.967
0.969
0.944
0.958
0.928
0.970
0.980
0.974
0.918
0.901
0.889
0.919
0.954
0.949
0.943
0.933
0.942
0.974
0.925
0.903
0.956
0.927
0.943
0.948
0.906
0.918
0.918
0.819
0.796
0.842
0.843
0.836
0.874
0.834
0.918
0.974
0.836
0.800
0.807
0.853
0.943
0.942
0.893
0.880
0.905
0.845
0.870
0.871
0.849
0.880
0.838
0.849
0.870
0.822
0.806
0.836
0.866
0.873
0.755
0.796
0.803
0.816
0.894
0.876
0.848
0.854
0.870
0.908
0.899
0.840
0.814
0.783
0.819
0.861
0.911
0.842
0.900
0.935
0.915
0.866
0.910
0.871
0.847
0.834
0.803
0.797
0.855
0.848
0.839
0.795
0.767
0.765
0.744
0.771
0.796
0.758
0.745
0.821
0.775
0.746
0.728
0.784
0.879
0.862
0.747
0.704
0.748
0.779
0.764
0.772
0.836
0.775
0.798
0.838
0.927
0.940
0.957
0.948
0.928
0.920
0.923
0.947
0.948
0.944
0.895
0.924
0.904
0.875
0.860
0.909
0.883
0.955
0.894
0.960
0.925
0.930
0.965
0.964
0.934
0.948
0.946
0.964
0.946
0.883
0.904
0.941
0.896
0.951
0.895
0.936
0.978
0.904
0.979
0.895
0.967
0.976
0.962
0.897
0.884
0.974
0.927
0.883
0.905
0.972
0.884
0.969
0.886
0.952
0.972
0.936
0.956
0.938
0.960
0.866
0.865
0.859
0.893
0.940
0.929
0.945
0.877
0.836
0.904
0.904
0.959
0.906
0.889
0.838
0.892
0.838
0.837
0.882
0.843
0.866
0.867
0.890
0.878
0.790
0.752
0.801
0.804
0.839
0.878
0.939
0.883
0.945
0.922
0.830
0.873
0.865
0.873
0.843
0.861
0.866
0.913
0.859
0.814
0.794
0.849
0.899
0.902
0.746
0.807
0.876
0.880
0.904
0.830
0.782
0.778
0.805
0.812
0.861
0.898
0.794
0.817
0.754
0.759
0.794
0.809
0.782
0.875
0.802
0.778
0.856
0.823
0.741
0.742
0.863
0.862
0.863
0.861
0.792
0.838
0.917
0.878
0.851
0.875
0.912
0.933
0.855
0.818
0.841
0.939
0.894
0.913
0.845
0.860
0.874
0.894
0.913
0.826
0.862
0.903
0.940
0.895
0.912
0.848
0.787
0.795
0.797
0.819
0.842
0.823
0.836
0.840
0.835
0.925
0.905
0.817
0.821
0.815
0.800
0.837
0.850
0.872
0.798
0.849
0.894
0.831
0.945
0.818
0.889
0.902
0.880
0.888
0.925
0.920
0.860
0.831
0.839
0.878
0.893
0.891
0.820
0.867
0.898
0.939
0.876
0.862
0.983
0.903
0.970
0.856
0.935
0.962
0.971
0.933
0.948
0.969
0.917
0.904
0.858
0.970
0.958
0.944
0.892
0.878
0.885
0.882
0.956
0.919
0.969
0.956
0.924
0.892
0.920
0.890
0.909
0.854
0.918
0.856
0.896
0.881
0.921
0.908
0.904
0.911
0.966
0.971
0.936
0.940
0.922
0.879
0.899
0.960
0.918
0.948
0.914
0.875
0.905
0.890
0.865
0.887
0.962
0.920
0.887
0.843
0.893
0.911
0.878
0.906
0.864
0.839
0.905
0.931
0.934
0.949
0.921
0.892
0.879
0.913
0.896
0.924
0.942
0.949
0.940
0.885
0.916
0.928
0.903
0.827
0.795
0.837
0.769
0.830
0.815
0.840
0.800
0.767
0.740
0.758
0.700
0.679
0.634
0.614
0.662
0.713
0.722
0.730
0.764
0.746
0.790
0.742
0.739
0.724
0.823
0.953
0.977
0.972
0.843
0.865
0.804
0.788
0.874
0.822
0.858
0.862
0.969
0.898
0.914
0.931
0.881
0.916
0.894
0.963
0.880
0.885
0.859
0.841
0.826
0.833
0.924
0.858
0.811
0.792
0.800
0.782
0.800
0.826
0.831
0.793
0.818
0.866
0.940
0.945
0.964
0.894
0.891
0.913
0.897
0.965
0.947
0.897
0.899
0.948
0.936
0.976
0.958
0.907
0.951
0.930
0.941
0.929
0.954
0.914
0.911
0.947
0.934
0.898
0.903
0.905
0.928
0.976
0.965
0.920
0.861
0.927
0.893
0.926
0.963
0.907
0.934
0.872
0.951
0.925
0.929
0.897
0.881
0.937
0.953
0.915
0.934
0.972
0.925
0.881
0.965
0.950
0.930
0.953
0.951
0.944
0.961
0.955
0.939
0.952
0.970
0.948
0.920
0.913
0.913
0.873
0.934
0.971
0.941
0.875
0.899
0.880
0.916
0.907
0.880
0.931
0.868
0.971
0.930
0.982
0.960
0.971
0.977
0.885
0.878
0.862
0.893
0.964
0.832
0.958
0.925
0.912
0.858
0.957
0.793
0.925
0.921
0.841
0.844
0.832
0.873
0.859
0.838
0.876
0.857
0.895
0.865
0.858
0.852
0.964
0.825
0.888
0.824
0.845
0.870
0.841
0.863
0.880
0.878
0.900
0.937
0.835
0.841
0.874
0.919
0.835
0.831
0.825
0.806
0.829
0.809
0.815
0.813
0.822
0.807
0.783
0.759
0.841
0.835
0.892
0.744
0.864
0.808
0.757
0.768
0.786
0.813
0.785
0.771
0.813
0.821
0.826
0.877
0.826
0.817
0.819
0.793
0.840
0.858
0.934
0.850
0.974
0.865
0.905
0.826
0.830
0.820
0.887
0.861
0.907
0.842
0.844
0.808
0.887
0.893
0.921
0.868
0.921
0.866
0.810
0.821
0.869
0.883
0.950
0.901
0.957
0.881
0.927
0.909
0.932
0.921
0.919
0.908
0.839
0.925
0.898
0.874
0.859
0.838
0.935
0.973
0.844
0.774
0.917
0.863
0.834
0.774
0.906
0.861
0.964
0.909
0.891
0.911
0.832
0.962
0.974
0.824
0.873
0.873
0.852
0.887
0.930
0.967
0.864
0.949
0.888
0.861
0.972
0.957
0.857
0.901
0.881
0.932
0.947
0.877
0.956
0.857
0.945
0.962
0.874
0.907
0.902
0.938
0.952
0.881
0.880
0.914
0.928
0.932
0.977
0.923
0.881
0.960
0.871
0.899
0.937
0.863
0.905
0.901
0.873
0.940
0.878
0.910
0.904
0.859
0.908
0.948
0.929
0.936
0.930
0.898
0.949
0.845
0.868
0.863
0.938
0.940
0.880
0.848
0.899
0.926
0.954
0.941
0.851
0.870
0.927
0.862
0.916
0.903
0.931
0.916
0.890
0.857
0.815
0.789
0.809
0.878
0.868
0.883
0.842
0.776
0.716
0.812
0.798
0.819
0.918
0.880
0.845
0.901
0.932
0.932
0.857
0.880
0.846
0.828
0.770
0.766
0.794
0.811
0.804
0.789
0.776
0.841
0.873
0.884
0.957
0.912
0.899
0.874
0.854
0.850
0.876
0.851
0.848
0.869
0.844
0.848
0.849
0.861
0.883
0.859
0.853
0.845
0.837
0.808
0.796
0.797
0.829
0.818
0.961
0.827
0.778
0.794
0.792
0.827
0.774
0.789
0.823
0.782
0.806
0.816
0.939
0.954
0.948
0.900
0.863
0.836
0.869
0.861
0.965
0.961
0.918
0.914
0.845
0.827
0.850
0.904
0.882
0.931
0.886
0.897
0.871
0.852
0.864
0.884
0.848
0.924
0.924
0.896
0.841
0.774
0.781
0.789
0.868
0.828
0.792
0.820
0.890
0.883
0.837
0.873
0.832
0.896
0.851
0.855
0.840
0.897
0.898
0.953
0.964
0.902
0.907
0.900
0.885
0.885
0.970
0.954
0.951
0.917
0.945
0.970
0.892
0.966
0.955
0.889
0.979
0.873
0.963
0.912
0.956
0.969
0.968
0.925
0.883
0.868
0.904
0.854
0.865
0.938
0.913
0.940
0.949
0.977
0.916
0.904
0.881
0.923
0.853
0.817
0.884
0.897
0.846
0.936
0.978
0.866
0.872
0.865
0.892
0.876
0.849
0.843
0.842
0.872
0.862
0.849
0.834
0.752
0.875
0.831
0.860
0.807
0.829
0.816
0.791
0.753
0.757
0.786
0.792
0.826
0.872
0.840
0.830
0.848
0.774
0.863
0.814
0.801
0.820
0.831
0.863
0.765
0.847
0.725
0.693
0.720
0.758
0.837
0.749
0.747
0.759
0.823
0.774
0.734
0.687
0.786
0.778
0.733
0.760
0.727
0.764
0.781
0.793
0.784
0.804
0.923
0.728
