19790101
20.350
21.917
14.960
16.205
12.378
10.831
8.023
5.770
15.132
16.555
14.185
10.357
9.910
4.797
23.087
15.183
22.824
15.114
12.835
11.197
8.101
15.546
16.093
12.980
8.188
16.102
12.605
11.856
6.744
16.405
17.748
12.393
14.136
25.537
16.023
16.626
17.832
12.722
13.700
14.503
6.694
19.032
17.048
15.541
13.068
14.559
10.995
11.200
13.719
18.121
19.989
19.349
20.966
5.433
5.325
3.555
6.675
9.645
8.934
5.436
20.632
14.777
12.423
8.801
6.464
1.045
1.534
7.172
19.718
11.819
12.206
19.511
14.573
16.229
18.361
16.649
3.321
1.599
9.853
13.228
2.848
6.826
2.622
15.976
5.885
14.380
5.452
8.734
15.469
21.382
19.591
11.565
8.227
7.117
8.325
9.504
18.580
16.958
20.890
16.465
28.558
28.733
19.812
9.727
13.030
18.535
14.766
19.995
19.518
4.382
3.232
2.326
5.672
2.155
4.860
1.511
3.649
4.871
7.083
5.059
8.125
3.451
3.804
18.698
23.044
28.527
27.731
25.912
27.200
28.489
17.773
19.961
9.084
24.027
14.098
9.431
5.714
11.556
4.110
5.361
5.058
12.271
5.372
8.804
4.422
14.243
18.979
14.537
8.759
5.985
8.530
11.508
8.290
3.755
11.544
11.877
2.667
2.352
3.895
8.072
15.932
24.316
25.352
25.911
10.961
21.178
10.305
16.096
22.668
22.951
11.494
15.969
18.893
22.108
25.320
23.138
18.170
22.195
18.136
26.606
24.320
25.619
14.144
22.776
18.955
11.417
17.306
23.282
17.762
22.350
14.698
21.725
25.451
17.210
7.601
13.180
16.661
10.931
6.459
11.839
15.681
28.638
18.822
25.272
24.171
17.612
25.600
28.436
28.317
27.001
14.554
13.253
14.230
16.834
17.087
22.871
19.470
26.417
22.602
23.687
22.121
23.642
20.407
25.795
21.159
22.776
13.706
17.211
20.377
17.119
12.093
14.564
14.607
13.411
11.660
3.929
6.793
7.123
14.379
2.560
2.806
5.306
4.652
5.534
5.092
16.415
18.498
4.113
13.827
13.348
3.453
9.813
5.350
15.669
15.692
6.035
1.840
8.301
6.178
13.116
4.327
23.370
15.836
13.879
8.199
8.978
10.617
20.901
16.045
19.740
19.306
13.811
19.249
16.868
22.117
26.923
23.537
17.242
21.087
26.141
10.479
12.283
24.570
15.361
10.895
20.968
9.038
9.944
3.364
3.179
2.131
7.855
4.827
8.154
9.448
17.530
17.271
2.428
2.975
8.170
4.162
3.195
10.701
10.174
7.256
6.348
7.504
5.041
3.870
11.249
12.493
13.550
5.691
1.965
1.648
2.815
3.825
11.029
8.851
4.583
4.680
9.217
3.596
8.664
5.965
11.786
15.724
9.069
7.296
5.834
8.467
24.020
14.648
13.856
11.460
10.284
20.333
21.690
20.290
24.104
22.773
24.304
16.920
8.355
19.875
14.407
18.286
10.669
2.285
11.072
6.691
7.511
3.796
2.511
10.249
11.562
15.820
9.946
20.473
3.998
15.321
18.516
10.586
9.426
3.450
2.965
6.824
11.837
23.011
23.529
21.279
18.695
17.600
20.298
17.474
14.929
21.449
12.046
12.651
19.469
16.770
10.785
1.794
4.607
9.682
7.677
15.328
19.773
10.237
15.034
18.186
15.928
3.205
15.019
7.715
4.569
5.431
1.783
1.755
5.940
7.502
9.933
10.914
14.985
8.201
13.774
18.793
20.809
19.908
16.567
12.779
7.350
1.888
13.756
9.278
14.755
6.382
10.000
8.335
9.034
7.957
16.477
13.516
12.770
5.293
7.967
6.151
8.207
17.558
15.838
14.286
13.460
11.661
13.773
13.194
19.178
22.243
17.187
19.704
20.875
6.576
7.105
9.529
9.795
8.275
16.878
6.388
13.640
21.969
15.864
20.825
27.098
19.657
21.252
26.090
14.954
15.328
11.695
10.713
14.568
14.997
5.724
13.694
9.201
4.321
8.893
7.723
6.445
4.207
4.404
11.888
19.131
23.464
23.968
18.682
16.806
15.257
11.736
17.292
15.996
14.124
6.304
7.025
4.907
9.909
6.648
5.053
1.917
12.939
8.642
10.934
9.713
24.304
15.867
7.167
13.991
20.126
24.199
16.946
5.519
1.677
9.345
19.620
9.234
12.138
22.835
13.274
23.118
26.399
16.867
16.759
16.160
16.344
22.468
26.033
16.746
7.860
1.473
20.940
18.469
21.795
17.842
10.421
19.670
16.506
22.203
15.738
23.005
25.864
10.831
23.948
28.591
25.073
23.878
22.495
15.941
15.768
19.495
15.901
18.805
23.093
23.426
26.308
28.104
26.931
25.580
24.893
28.330
27.902
28.266
19.613
22.532
27.054
28.095
28.279
28.203
23.848
21.084
24.285
20.749
26.740
27.247
26.317
22.392
28.299
24.710
26.214
27.869
17.817
25.774
15.862
26.984
18.959
26.191
16.164
21.569
25.145
25.719
22.997
21.730
19.361
15.673
15.496
19.620
20.622
22.888
24.720
22.125
26.161
16.910
17.383
20.940
23.168
15.132
24.775
25.042
16.874
23.970
22.666
23.756
28.605
29.668
26.415
23.953
18.577
16.712
20.663
24.326
19.669
17.162
12.859
27.266
9.367
14.118
22.804
22.103
20.190
17.841
27.667
29.921
19.775
22.314
16.279
17.154
14.703
24.363
24.844
10.519
13.958
7.453
9.807
17.930
26.545
25.093
14.060
23.064
19.575
3.341
2.544
5.371
10.987
7.268
21.966
4.122
20.048
9.163
8.722
10.687
21.871
10.885
23.292
15.218
15.258
9.645
12.795
3.072
5.303
12.937
18.313
20.966
18.629
22.329
19.733
19.478
21.562
18.755
22.414
9.499
16.497
10.707
8.314
6.459
6.805
2.303
1.299
4.572
6.476
13.383
17.235
11.711
4.398
6.723
3.675
1.745
6.658
9.164
15.585
17.795
18.972
13.256
10.298
7.894
10.585
3.992
4.618
14.353
14.785
6.296
5.809
13.377
2.168
16.344
9.294
9.607
4.721
14.170
16.217
15.128
12.195
20.375
7.915
5.987
4.755
6.156
5.317
3.610
2.391
10.131
6.921
7.721
6.500
10.955
9.117
18.214
12.490
3.813
7.106
8.070
10.486
11.901
10.805
24.327
13.120
15.919
13.632
12.445
20.912
15.199
18.080
10.769
12.199
8.704
12.607
10.549
18.639
17.196
16.994
17.563
19.365
13.253
12.131
21.968
10.421
10.841
8.240
5.283
23.748
11.472
12.691
17.481
15.873
8.862
8.998
12.789
7.941
5.234
4.438
11.943
7.694
8.541
17.440
21.920
17.025
7.646
3.465
0.986
1.680
1.707
9.669
7.719
12.905
12.413
6.320
3.294
1.663
10.485
14.375
19.806
26.270
20.347
15.476
11.663
20.344
22.669
13.463
3.364
14.048
11.630
4.680
5.882
8.873
12.844
13.750
2.755
13.737
11.467
4.806
7.849
6.896
8.397
15.117
13.402
8.287
21.395
13.610
20.342
9.976
6.597
14.413
13.896
17.642
15.495
10.832
14.012
13.330
17.428
11.822
15.972
21.254
15.226
17.027
21.287
17.050
11.904
3.178
7.144
5.339
1.441
5.208
2.835
1.951
5.922
2.924
1.556
2.124
15.838
5.698
9.157
7.484
2.249
1.669
6.327
2.509
7.271
4.730
5.977
4.150
9.973
20.402
4.914
5.346
5.896
7.437
3.166
3.765
7.048
17.868
8.734
9.773
15.253
18.351
20.251
18.095
19.047
6.761
11.317
3.473
22.063
7.694
17.196
7.879
14.039
8.995
11.713
5.801
14.502
24.180
15.400
14.161
3.008
11.307
7.911
11.291
25.732
18.197
24.693
19.891
17.077
14.647
6.375
18.673
19.035
20.963
11.326
17.075
16.230
17.738
26.972
23.772
22.967
14.029
24.789
17.337
16.826
7.630
15.954
15.008
12.151
22.108
21.850
12.616
16.789
20.844
26.302
20.211
28.399
27.513
17.577
12.345
24.723
27.819
23.858
16.124
23.826
28.468
26.642
28.236
26.219
27.217
24.236
24.182
28.161
26.020
15.661
23.158
17.313
25.489
25.741
23.377
20.483
8.711
27.574
29.046
26.192
17.754
19.806
14.278
27.629
20.018
25.689
16.135
22.243
27.207
19.677
20.385
8.154
13.441
22.652
21.878
25.361
29.206
19.014
15.406
14.268
3.919
18.360
17.542
28.641
18.758
19.545
25.765
14.051
18.691
13.093
5.414
16.521
9.659
5.704
20.338
18.675
25.342
29.213
21.431
15.319
22.456
24.770
27.622
21.781
25.043
18.298
20.519
15.633
11.734
15.394
24.691
19.675
12.446
6.800
9.267
12.385
9.707
5.430
13.994
6.637
12.839
10.902
4.292
2.772
3.550
6.698
6.287
13.074
7.518
21.768
9.993
14.640
11.247
10.844
5.025
18.604
16.990
2.926
5.120
2.634
2.006
3.709
3.744
8.008
10.284
9.075
16.546
2.292
4.193
12.409
6.883
1.479
3.119
9.467
2.555
4.542
6.175
8.671
10.215
7.697
2.612
4.774
5.474
3.453
7.791
16.285
7.155
15.223
7.963
8.598
6.087
9.235
4.270
10.201
4.598
5.277
3.125
6.278
8.692
8.672
6.974
5.281
16.785
13.004
10.795
4.218
9.903
8.289
8.839
3.298
8.330
5.334
4.380
13.699
11.901
9.158
15.775
14.661
14.248
15.312
2.095
2.184
4.601
8.493
2.116
2.383
5.450
2.665
13.947
12.009
5.913
7.088
18.229
15.298
16.742
7.774
11.206
9.303
6.778
15.857
12.200
20.636
19.358
15.793
15.830
17.668
7.685
0.841
3.217
5.710
9.512
11.325
13.938
17.221
10.656
3.133
8.245
8.070
6.300
2.376
9.410
4.959
6.525
12.535
16.689
1.737
5.736
4.864
2.101
8.764
2.886
7.322
10.534
3.913
3.520
2.504
7.225
12.373
8.816
11.665
14.851
9.055
3.098
24.865
12.866
9.045
6.889
17.310
9.681
11.173
5.962
9.523
9.348
17.564
9.737
11.800
4.628
4.390
10.344
11.652
10.948
7.898
11.390
14.303
3.694
5.447
7.000
1.972
2.405
6.078
6.583
6.239
5.894
16.274
20.015
4.220
5.071
1.704
2.269
2.053
3.810
9.606
2.716
3.196
10.165
10.608
9.173
3.000
2.067
1.736
7.549
7.441
16.411
12.994
18.629
11.371
21.788
20.386
18.363
9.932
3.312
3.473
8.416
10.727
4.528
9.269
14.031
6.140
17.954
8.875
14.105
24.893
19.903
18.376
16.391
12.927
11.439
11.770
4.468
10.333
9.125
20.541
4.986
7.495
7.221
10.891
4.028
2.701
3.281
7.571
4.101
10.256
17.597
24.326
21.572
21.814
11.145
13.121
16.161
11.435
16.225
22.296
19.129
20.011
18.603
19.810
24.151
26.117
25.121
20.121
15.222
13.249
10.580
16.042
16.063
16.213
21.855
24.270
18.314
23.505
22.233
20.977
25.054
24.292
21.921
22.302
23.892
25.531
21.480
20.937
24.122
22.377
15.687
16.285
19.606
16.030
26.673
23.458
24.954
23.068
23.246
24.998
19.274
22.170
24.292
26.522
27.446
26.821
24.899
21.191
20.890
26.105
26.206
24.033
27.003
21.204
26.972
28.445
26.926
21.898
19.060
16.849
25.089
20.165
28.589
20.642
21.040
17.844
16.009
16.322
15.395
16.352
20.396
15.221
15.844
20.627
17.648
19.587
25.499
18.122
16.880
22.776
22.918
16.620
14.587
18.791
15.056
12.904
16.203
18.738
17.775
17.041
15.147
17.496
20.436
20.199
10.507
15.598
17.005
16.726
14.763
11.991
23.507
20.848
25.263
23.156
19.950
22.139
17.052
10.586
5.836
11.744
3.087
1.660
12.209
2.101
11.388
9.499
7.576
19.247
4.575
12.098
4.774
7.318
7.837
10.368
22.357
4.082
5.587
16.582
17.208
11.862
6.588
9.747
3.627
6.119
6.344
5.854
3.769
17.890
23.996
18.356
16.238
17.189
22.419
23.252
10.347
3.997
4.216
4.194
4.949
6.698
4.486
11.360
10.272
18.586
3.558
10.263
12.121
22.480
22.010
12.712
16.482
19.307
12.018
10.108
1.721
3.613
5.650
16.444
19.925
7.815
1.099
6.543
3.012
17.664
16.392
13.307
15.713
2.459
12.586
7.674
6.030
10.966
6.911
11.186
6.604
9.326
10.849
16.152
15.979
15.285
1.973
1.954
4.660
6.584
16.077
8.298
10.806
11.254
9.829
10.782
4.184
5.672
2.810
5.329
14.197
11.438
10.723
5.017
11.820
13.895
18.629
23.670
23.448
22.188
16.494
22.010
10.715
13.465
9.352
8.088
7.455
14.771
22.392
20.559
13.731
17.183
12.366
17.086
15.533
10.091
13.190
9.447
8.277
14.910
10.445
12.253
11.550
9.865
14.499
12.065
15.376
13.223
8.119
8.135
11.432
3.870
7.616
8.744
8.172
12.162
18.621
18.455
8.426
9.236
17.708
22.544
20.842
21.360
20.018
20.272
23.495
23.972
11.104
22.724
21.895
5.360
9.243
10.580
9.617
9.124
3.124
3.083
7.283
8.317
6.488
10.172
17.105
23.205
22.815
21.506
7.559
12.149
25.685
27.814
16.450
25.557
25.685
12.418
4.087
10.034
7.556
7.623
12.356
9.759
5.593
6.674
10.022
6.108
13.862
13.299
12.010
12.447
7.834
5.140
4.470
4.594
4.229
2.393
9.769
1.259
9.497
8.484
9.605
8.045
12.468
2.517
15.437
13.964
14.356
5.297
6.152
8.275
3.706
7.937
2.713
4.628
1.820
6.682
10.023
12.068
18.068
15.509
15.943
24.847
15.715
17.067
10.088
13.913
15.764
8.779
7.706
3.257
4.303
8.690
5.949
7.400
1.783
2.067
14.419
4.493
10.980
20.939
4.986
9.484
5.993
9.148
14.344
21.042
14.857
12.776
16.248
16.749
13.207
7.855
8.018
12.814
10.171
7.937
15.475
10.628
14.736
17.949
16.237
21.509
27.077
26.714
24.719
19.273
16.731
27.829
20.798
22.020
19.804
20.830
16.435
17.148
16.070
27.533
27.637
24.942
8.603
17.615
13.414
15.536
5.977
10.864
27.473
24.670
26.073
25.141
17.966
21.567
22.157
20.839
23.761
26.271
24.204
22.490
18.780
26.523
28.644
26.600
26.571
24.117
20.927
22.767
15.917
15.637
26.845
24.462
26.403
21.606
23.923
25.015
27.453
24.786
23.702
19.557
21.289
23.227
26.083
21.842
18.688
20.487
23.576
17.496
20.975
17.458
20.254
22.364
16.214
18.398
23.718
25.257
15.828
18.726
19.749
22.276
28.129
7.395
17.898
25.213
24.319
16.178
25.918
16.495
22.160
18.610
27.786
22.216
16.140
17.685
21.818
15.874
19.965
27.760
21.735
23.036
26.596
13.119
27.330
26.590
17.094
28.042
25.045
15.800
20.343
24.636
21.103
19.718
26.106
15.603
17.505
23.479
26.544
23.153
17.390
20.618
20.430
16.123
13.675
7.454
3.731
2.798
3.892
4.809
4.379
4.641
2.226
3.574
9.641
24.427
7.237
4.157
11.949
11.452
14.788
9.854
4.907
10.752
11.949
12.877
10.913
18.593
6.347
11.961
13.445
8.739
4.301
6.077
8.634
3.896
8.186
8.648
2.850
7.788
14.038
16.455
11.638
18.676
19.572
14.232
8.943
5.778
14.711
13.349
1.757
9.309
2.391
12.176
8.505
8.952
5.114
7.458
7.201
8.597
11.827
10.499
6.324
4.624
1.754
6.331
15.504
13.999
6.792
5.446
10.497
3.842
9.942
13.049
17.125
15.994
13.763
10.114
11.587
8.279
13.276
10.813
5.220
4.271
3.007
5.007
8.584
7.405
2.413
20.688
10.117
14.972
7.837
14.298
12.703
15.851
16.826
20.639
13.833
17.201
16.461
17.142
18.647
13.046
3.325
3.021
8.484
7.205
7.676
20.219
13.873
11.223
2.603
9.452
15.275
11.580
8.758
9.735
7.329
4.080
3.153
7.470
12.377
14.805
10.624
12.359
9.012
5.776
7.199
2.823
9.018
13.860
16.632
10.316
12.619
11.697
3.826
12.360
9.301
5.563
8.336
7.881
1.919
14.819
7.998
8.593
11.933
12.287
10.382
9.633
18.936
8.703
7.460
12.142
24.092
15.700
13.046
8.523
9.665
7.533
3.220
5.002
8.155
10.836
11.356
16.799
12.909
5.654
10.561
11.634
6.238
11.342
10.271
18.543
7.521
13.310
11.267
14.144
18.957
11.108
18.682
19.258
5.235
15.554
12.441
9.656
4.726
13.005
8.309
2.353
7.558
15.330
22.184
26.787
8.241
14.478
4.150
5.738
3.850
6.716
5.163
11.822
3.114
6.756
3.816
1.555
2.301
12.343
24.349
19.990
14.259
10.514
6.366
6.280
6.266
6.032
7.742
9.912
5.327
8.678
4.342
14.224
15.739
25.035
14.219
14.172
19.798
15.955
3.632
16.113
1.952
1.271
4.643
12.635
10.884
23.633
8.229
16.134
1.421
15.917
18.180
15.517
9.250
9.162
12.790
17.172
9.754
23.454
24.025
22.401
17.873
23.022
25.523
26.544
18.398
23.511
27.793
24.109
23.081
24.169
12.418
11.611
19.760
26.391
19.774
13.821
7.925
18.023
9.811
15.875
3.994
10.318
12.863
20.009
3.027
11.288
17.392
24.741
20.435
17.522
25.587
21.739
23.067
23.316
21.969
24.671
27.670
18.005
26.265
22.291
19.345
20.011
23.176
25.845
24.797
26.190
23.935
22.650
20.426
20.772
14.964
28.009
27.380
25.708
21.203
24.372
20.462
23.166
23.734
25.984
18.786
11.428
27.538
17.544
10.727
23.616
18.585
13.300
14.130
15.651
19.698
15.284
17.208
23.934
20.563
20.846
27.907
13.913
27.080
24.972
28.823
29.289
26.748
18.597
12.507
27.475
14.380
9.278
19.449
10.137
13.329
5.594
7.079
4.549
23.612
7.167
12.531
4.682
13.271
9.816
4.832
5.633
7.552
20.098
16.375
20.198
21.105
16.339
9.543
15.342
20.631
14.847
12.172
3.813
9.633
5.805
11.664
9.226
23.170
9.124
19.272
8.248
13.202
3.423
9.030
2.761
7.689
6.995
10.946
9.683
12.407
1.846
7.892
5.028
6.935
1.881
2.854
6.123
3.490
4.420
7.014
8.934
11.855
3.217
3.403
2.937
3.870
9.619
2.744
4.810
7.912
16.810
9.524
5.497
7.537
6.410
11.505
6.984
9.636
21.390
5.475
4.783
4.431
3.817
5.249
3.524
7.770
6.659
4.547
19.024
16.520
17.127
12.323
9.074
12.177
9.488
15.655
8.174
6.325
5.084
6.966
11.969
14.078
8.467
2.515
1.546
4.345
7.879
6.692
7.988
6.662
9.014
11.056
6.948
12.406
16.180
15.585
9.358
6.047
8.002
13.069
14.683
19.283
18.046
3.755
12.027
7.974
6.750
9.740
13.328
7.632
14.232
15.397
15.029
17.618
16.047
10.270
7.694
10.719
11.244
14.374
2.400
14.268
16.673
9.562
10.085
16.128
10.106
11.064
10.264
11.987
13.199
15.933
22.461
18.930
21.750
24.443
15.617
10.786
17.823
13.824
15.273
21.675
17.298
22.795
15.541
14.019
21.327
23.740
15.698
12.480
15.244
16.102
19.742
2.674
11.340
10.844
12.348
12.161
12.910
16.176
22.465
6.546
10.668
10.104
9.240
24.180
14.394
6.033
1.302
1.507
1.739
17.111
4.775
2.066
12.571
2.870
6.549
16.283
11.275
2.963
9.387
5.451
6.225
13.901
8.137
5.628
8.559
3.781
3.947
2.673
3.637
13.284
3.947
11.916
15.220
3.600
11.648
3.567
7.608
11.487
18.423
15.911
23.332
12.493
23.041
20.721
24.059
17.443
17.873
3.946
5.536
5.286
3.415
3.318
4.498
12.481
9.383
9.135
13.548
6.666
4.804
7.814
17.828
12.361
7.745
23.669
10.000
13.952
2.920
6.776
5.225
5.285
5.538
5.164
2.800
1.500
2.854
14.189
25.718
9.029
14.325
17.176
16.084
17.774
21.702
15.863
26.415
23.741
24.898
16.825
19.810
7.720
11.857
7.105
16.140
19.275
19.680
17.497
17.917
27.853
24.161
24.314
27.309
27.307
24.742
22.518
23.925
26.090
21.975
17.368
22.575
20.367
26.283
25.848
19.480
22.164
23.088
21.325
21.590
27.519
28.283
27.371
25.765
17.876
27.655
27.455
27.375
14.978
13.166
24.370
20.757
23.790
24.282
23.899
21.506
17.486
15.553
17.803
21.339
25.273
21.193
20.167
18.845
8.519
25.555
11.568
6.861
24.384
27.145
23.843
18.011
20.552
23.145
27.642
16.265
21.012
12.830
13.768
17.464
11.818
24.884
20.709
14.966
23.490
15.256
20.077
21.444
17.041
22.025
19.464
19.057
18.683
21.623
25.778
22.002
18.364
10.946
12.254
18.598
20.487
18.006
16.907
28.323
26.760
28.832
17.753
20.140
14.186
16.787
6.889
5.777
20.520
9.918
14.313
6.761
26.484
14.898
5.725
29.127
27.530
26.350
22.245
16.325
20.499
4.171
21.505
8.192
8.502
12.298
10.353
17.259
21.999
9.467
2.217
10.668
19.800
12.358
10.214
4.783
13.737
10.304
22.520
23.475
23.701
27.830
25.986
8.483
15.078
12.881
13.205
4.104
8.802
5.965
9.434
8.970
2.033
2.089
10.926
3.803
1.435
6.358
5.739
13.295
16.336
12.103
8.452
4.570
7.067
5.691
5.086
13.139
13.711
13.660
17.756
7.271
6.068
2.712
10.091
5.465
16.135
15.624
12.972
23.018
11.133
11.661
14.527
16.946
14.979
11.724
8.905
12.107
6.255
7.947
5.315
10.971
4.712
8.155
4.301
5.043
4.247
4.831
9.606
16.051
16.543
14.999
10.338
16.851
18.745
14.202
14.187
15.995
14.203
16.773
20.830
13.522
9.837
12.573
13.295
17.563
11.746
2.651
20.756
18.646
13.203
17.672
11.866
15.159
14.687
8.804
12.267
15.276
8.189
11.742
16.556
20.458
13.871
16.981
23.581
3.071
6.350
1.068
9.869
5.953
11.636
13.435
14.463
12.226
9.589
13.501
7.353
13.107
17.143
10.226
12.391
2.464
18.484
10.738
1.429
1.333
3.267
7.072
7.398
12.277
13.321
12.839
11.934
12.564
5.571
15.403
3.343
11.126
8.390
3.592
6.727
6.050
4.851
6.507
7.435
2.920
4.057
4.519
3.354
18.806
12.982
6.278
6.161
10.932
12.342
18.810
11.197
10.850
9.155
7.997
2.879
5.974
9.015
15.055
8.591
5.368
16.727
23.317
18.190
24.529
24.263
4.582
22.274
5.557
13.120
16.786
9.616
16.740
5.973
16.599
12.006
5.367
1.365
8.512
1.509
6.275
5.407
6.241
2.954
2.327
5.016
22.237
16.098
20.437
20.541
14.521
9.889
9.987
5.246
4.678
2.470
4.950
4.045
4.163
5.566
7.057
5.925
2.789
10.420
8.626
9.653
16.216
12.358
14.314
20.415
6.886
2.904
10.974
18.457
14.591
11.354
7.085
7.592
11.445
13.322
19.567
15.759
23.534
25.042
5.133
6.607
18.071
14.288
10.627
18.047
15.122
10.483
4.398
1.101
3.352
-99.000
0.000
2.824
9.203
12.242
2.821
11.720
17.351
17.283
16.330
8.419
19.220
18.365
25.447
22.457
19.162
20.305
14.162
15.455
23.053
23.055
16.719
15.998
23.774
20.705
25.033
19.617
19.969
24.813
16.556
18.512
19.802
28.070
26.645
22.377
24.673
20.518
18.266
20.238
25.652
19.802
20.402
26.019
28.016
28.265
26.953
24.767
24.163
20.174
21.558
27.539
20.991
23.041
18.747
17.545
18.136
27.083
19.517
20.826
18.983
26.799
21.332
26.483
23.337
22.525
16.906
17.360
17.814
17.491
17.461
22.300
19.776
20.753
19.911
20.526
19.186
16.081
20.886
8.227
24.242
20.816
29.172
26.562
22.290
24.784
20.084
17.969
20.032
26.130
26.692
19.529
24.783
23.064
22.311
24.187
12.533
25.875
28.496
19.908
28.627
22.852
21.863
21.269
18.968
18.582
25.131
18.622
15.927
21.337
27.960
18.984
16.327
20.349
17.079
11.476
17.587
9.536
9.186
13.271
9.792
16.782
4.759
16.459
27.042
9.050
19.413
9.964
17.638
18.988
20.365
6.405
12.882
4.628
4.084
8.371
5.409
9.656
1.745
2.665
5.542
4.028
3.672
8.071
5.496
9.713
20.014
9.183
16.802
10.214
15.672
10.141
13.338
5.964
13.434
9.136
14.785
14.790
9.152
7.365
25.586
18.096
15.957
19.147
2.883
6.104
8.077
11.465
8.337
9.568
10.380
13.397
15.881
8.948
11.710
7.619
5.867
4.850
4.746
3.146
9.807
3.977
14.441
12.877
8.771
3.588
11.780
9.894
22.376
17.999
19.534
15.814
6.346
9.165
18.135
23.304
20.069
22.897
17.381
6.466
11.991
12.797
14.650
12.297
19.628
20.068
20.822
16.034
8.995
-99.000
-99.000
-99.000
-99.000
-99.000
-99.000
-99.000
-99.000
19.079
14.430
9.789
18.391
12.253
1.206
1.928
13.326
14.225
12.896
11.334
14.997
15.072
11.947
10.340
12.809
10.705
13.641
16.270
12.669
9.225
3.900
6.048
9.263
10.231
13.055
12.492
12.537
13.250
11.526
15.263
9.472
16.852
21.118
25.697
19.427
9.917
16.090
5.323
14.905
18.587
19.333
16.382
2.780
12.905
15.844
23.950
9.552
21.239
16.713
17.330
17.023
12.388
17.483
15.378
17.519
17.305
18.275
16.313
20.139
15.459
16.702
4.595
16.912
26.282
11.910
6.134
6.020
2.346
2.277
16.512
7.980
4.060
14.680
16.818
15.590
15.968
14.541
12.645
11.164
16.040
20.062
18.351
26.361
16.949
5.591
7.981
20.244
3.910
7.887
2.636
2.802
2.748
7.321
7.933
8.139
6.218
20.950
15.813
20.553
27.722
28.415
26.739
14.813
19.694
25.057
16.772
22.777
11.004
13.895
16.959
16.813
17.272
13.870
18.782
8.249
3.251
8.212
5.534
19.565
6.701
3.438
3.957
3.085
9.004
8.727
5.858
7.570
12.434
11.266
17.472
14.786
22.586
21.385
16.691
13.333
13.847
22.025
21.105
9.608
6.097
7.487
3.691
5.939
6.533
7.510
11.474
19.070
26.378
25.452
24.522
26.336
17.758
21.279
9.396
6.764
4.938
10.043
13.716
18.649
28.075
23.202
21.765
15.423
20.589
18.853
26.767
26.426
22.935
22.549
13.727
23.940
19.736
24.932
22.305
18.964
20.028
15.700
23.771
21.599
12.934
23.479
22.005
21.087
14.259
23.374
24.398
21.632
25.565
27.756
25.871
24.772
19.752
19.024
25.431
18.506
23.992
4.851
12.246
20.793
24.138
26.015
20.641
18.718
20.119
16.974
14.484
12.053
2.859
16.711
14.535
23.367
14.533
11.824
11.978
14.701
17.409
22.065
23.369
21.284
18.128
27.163
17.948
21.674
14.492
25.953
27.495
28.677
18.463
22.199
22.111
28.092
21.353
23.943
18.142
23.806
22.780
24.973
24.423
22.519
19.082
22.855
26.921
25.497
27.466
15.073
9.153
3.725
19.638
27.363
25.193
27.174
20.465
27.752
24.846
22.092
14.439
13.066
26.247
29.252
29.326
23.234
25.951
14.022
13.624
5.135
14.665
14.049
17.685
12.471
13.764
18.541
3.387
10.058
8.240
3.861
2.623
3.612
22.223
14.528
12.357
4.582
11.855
8.041
4.009
6.204
8.462
7.204
10.056
5.480
8.276
4.270
7.264
3.835
12.414
17.470
5.846
6.425
6.184
1.432
4.527
4.959
3.912
6.637
1.733
6.842
6.576
4.880
10.549
8.744
8.347
25.311
24.394
16.510
20.176
16.490
6.080
5.689
3.590
13.836
3.137
13.753
2.013
3.636
2.771
6.015
22.611
12.636
3.011
7.383
7.243
3.978
4.999
2.180
3.449
11.363
15.178
3.699
7.452
3.467
4.307
7.466
6.337
8.507
12.537
11.337
14.186
18.096
14.191
19.416
21.564
17.799
20.912
24.916
24.911
24.526
23.667
25.764
18.328
18.899
15.834
20.540
12.378
21.095
21.577
25.100
24.777
18.768
14.830
14.237
9.964
17.626
17.737
15.581
11.556
15.881
16.020
9.818
10.571
10.077
21.096
10.770
9.697
8.230
11.828
13.412
12.303
9.445
9.240
12.376
12.959
11.842
15.191
22.272
16.072
18.040
20.138
21.724
11.032
11.953
23.192
17.184
13.246
16.319
15.019
1.520
1.826
4.102
5.162
14.569
13.807
13.738
15.494
10.446
6.074
17.778
12.761
14.670
17.555
11.475
15.116
7.661
2.490
1.993
11.309
10.298
10.172
9.070
15.031
14.558
13.850
7.285
9.321
4.601
4.254
5.768
5.673
10.940
6.056
11.393
18.975
18.669
26.602
27.452
21.615
24.649
15.273
19.320
20.036
23.711
14.996
13.298
17.153
21.155
21.189
18.564
24.158
15.574
11.171
6.086
14.229
3.936
1.084
13.976
16.445
6.904
7.319
5.509
5.121
6.949
2.920
7.235
13.739
9.055
10.042
8.171
7.328
3.337
10.909
13.609
8.190
9.654
7.199
10.915
14.080
1.673
9.874
1.824
4.300
13.146
11.158
21.059
18.437
16.678
25.696
19.170
14.229
17.538
9.152
5.185
16.754
3.842
18.453
12.630
15.260
5.630
12.373
17.226
26.241
7.220
18.667
9.203
8.844
8.847
2.271
8.277
19.496
10.987
3.509
6.312
16.678
23.350
26.833
25.109
23.012
23.304
14.383
11.212
19.200
24.177
7.107
23.779
15.730
3.466
15.112
8.899
3.683
10.182
16.293
1.895
3.403
4.397
8.326
9.452
20.005
19.408
18.606
21.642
7.730
5.102
4.630
10.583
6.195
18.346
19.699
15.070
12.942
25.957
16.516
18.658
25.996
22.800
24.771
22.811
19.878
28.111
27.955
28.164
22.512
25.478
24.289
19.770
18.256
21.813
26.822
18.897
17.703
13.732
22.943
19.153
26.761
23.097
13.227
27.456
26.505
24.342
6.557
14.713
13.307
27.704
26.693
24.732
18.049
2.492
10.220
9.992
18.348
9.994
10.184
9.510
14.867
9.096
7.102
10.877
8.224
26.235
23.396
10.888
1.332
6.583
5.034
12.823
18.216
15.587
8.360
8.251
8.979
2.656
2.975
2.806
6.084
10.224
8.904
9.415
18.417
5.962
11.284
2.077
13.718
18.152
9.510
9.553
5.203
13.306
26.331
21.820
25.887
21.845
11.627
3.263
10.083
2.380
12.425
8.535
23.476
19.045
9.616
24.338
26.142
16.553
7.537
5.932
1.726
6.886
7.701
4.628
13.039
10.699
12.560
8.794
5.502
15.017
12.352
10.129
7.208
6.156
2.788
4.552
3.424
4.870
14.896
5.995
5.038
9.454
6.639
4.279
3.507
1.532
0.827
12.400
11.448
12.482
12.214
8.467
4.020
3.601
3.556
10.303
9.652
6.165
4.196
16.289
10.151
1.638
6.111
8.678
3.476
10.136
11.304
12.540
5.412
6.216
7.161
4.121
5.748
10.099
11.433
11.682
7.316
12.274
12.340
19.068
8.938
11.060
22.681
16.557
10.421
9.757
15.706
13.868
22.379
20.118
7.645
5.992
12.668
20.036
11.764
10.826
2.565
4.343
3.226
8.301
14.337
16.073
14.855
8.634
12.706
22.106
17.611
22.790
7.540
11.052
16.479
15.367
15.174
16.274
17.020
13.053
17.540
14.101
22.859
17.737
22.518
23.923
14.392
9.540
8.508
10.810
1.790
11.373
10.392
11.888
7.701
6.551
4.258
6.744
9.666
12.131
12.244
13.071
7.746
12.972
9.753
14.157
15.934
8.845
24.752
19.191
9.628
14.450
8.612
16.600
20.193
3.929
2.623
17.819
18.631
9.530
13.330
23.830
24.354
17.361
17.320
20.453
4.445
12.328
11.928
9.366
14.287
5.051
4.040
13.790
6.614
9.451
16.671
14.556
2.046
2.220
3.295
7.397
9.520
1.354
23.986
15.325
9.603
10.493
7.256
8.894
7.899
11.400
4.014
3.982
8.972
10.610
14.128
15.176
23.556
23.970
17.388
19.071
14.848
18.103
21.812
24.339
14.404
14.639
20.013
17.022
23.673
14.743
17.833
15.783
13.958
24.455
19.206
10.669
16.033
11.628
1.083
14.790
2.449
3.757
8.391
13.055
5.922
7.247
2.672
4.173
3.609
14.601
3.731
5.072
8.527
14.302
3.860
12.975
26.457
27.613
28.679
21.225
27.044
22.694
16.977
13.745
21.889
20.974
14.915
12.846
15.939
18.759
23.148
17.907
23.662
15.655
6.125
15.972
11.593
7.374
27.713
15.259
14.329
13.567
23.988
13.766
17.957
23.484
24.499
26.518
25.793
19.962
23.598
26.561
15.959
16.848
14.691
20.686
15.027
16.032
21.850
19.882
14.688
10.609
22.969
27.030
24.982
24.295
13.309
20.075
15.065
25.208
21.671
27.416
27.897
27.483
28.465
28.446
23.779
23.044
24.160
28.153
27.388
18.315
21.113
24.716
18.326
9.752
11.481
9.182
22.008
22.945
22.145
8.490
16.370
24.482
21.178
27.974
22.056
26.132
10.879
27.577
19.765
21.121
27.244
16.379
17.727
27.895
24.354
20.319
15.891
17.906
19.905
23.215
18.048
18.549
14.151
26.182
18.303
23.993
24.860
17.819
12.553
15.340
18.498
14.760
21.161
25.778
8.999
11.595
6.656
1.849
11.175
15.604
22.314
16.813
17.840
16.264
26.146
15.549
27.168
25.376
27.088
19.788
18.954
21.853
16.230
11.510
3.536
26.720
16.181
10.454
12.789
3.145
11.902
21.886
28.305
17.164
14.875
1.974
4.749
9.891
24.071
13.979
8.365
9.894
15.049
9.110
4.939
17.243
14.993
14.206
5.387
22.129
25.521
18.237
12.017
11.153
11.722
2.452
18.014
6.850
2.622
1.930
7.598
9.088
15.371
16.543
4.023
6.408
3.482
8.917
11.345
5.940
3.839
7.903
8.597
8.119
10.447
7.843
12.774
13.705
1.652
7.631
8.130
11.460
16.748
3.211
7.317
19.936
20.777
14.343
16.496
16.049
19.922
16.865
5.997
5.846
2.697
1.939
6.123
5.016
13.440
12.641
14.255
11.139
21.845
19.172
13.355
13.144
13.573
15.523
15.730
19.384
12.416
12.296
16.886
15.696
10.631
7.680
8.922
4.091
9.544
17.143
12.686
11.930
15.088
20.989
14.086
7.035
13.059
12.533
3.895
3.370
1.622
1.105
5.238
13.885
8.231
3.888
13.270
11.952
17.088
15.962
15.377
18.595
21.219
16.696
25.757
13.983
25.298
15.762
15.697
9.831
15.371
14.126
16.152
16.660
13.879
14.616
10.573
11.924
11.190
5.737
9.817
21.381
16.283
11.875
11.073
8.371
3.177
13.696
10.006
14.565
14.295
16.500
7.313
7.639
3.555
15.408
15.484
8.516
1.837
10.754
12.204
21.068
7.976
6.531
10.210
13.569
9.860
11.343
10.406
11.873
15.639
19.068
21.600
13.982
15.613
21.260
12.704
20.872
23.815
11.913
16.142
15.353
14.471
18.654
16.357
8.116
5.479
2.863
5.267
3.139
9.358
6.830
3.099
7.970
4.714
9.550
11.530
12.629
8.609
15.456
19.009
24.246
28.536
18.476
11.889
14.632
18.653
4.563
14.343
10.237
11.001
13.562
2.051
6.285
4.466
2.992
5.437
7.394
6.112
7.817
4.246
1.323
2.176
1.315
7.840
2.513
4.299
9.939
6.267
4.827
6.489
5.143
14.418
22.175
8.601
9.546
10.445
9.959
19.683
22.214
25.643
26.812
26.467
22.193
23.227
13.410
25.804
17.024
23.553
17.935
20.765
21.073
6.060
16.871
18.570
10.851
25.891
21.167
8.988
12.694
19.655
26.010
23.776
24.284
20.481
20.992
13.496
25.664
7.505
10.738
12.407
17.635
24.921
25.116
26.827
27.585
19.945
19.191
15.083
21.831
20.165
18.242
23.744
26.632
18.580
24.697
23.190
26.603
26.034
17.534
12.882
21.038
20.393
17.943
4.929
13.227
25.736
22.883
19.008
15.629
26.955
21.338
15.141
22.172
27.968
26.241
22.811
22.464
24.909
28.365
25.790
12.403
22.277
28.399
20.475
27.479
28.183
24.977
14.665
27.543
27.030
20.251
23.738
28.506
23.807
21.315
22.105
20.506
21.043
21.070
14.728
26.767
27.321
27.122
28.784
23.289
28.315
29.027
29.500
24.558
25.224
14.367
11.855
16.554
9.776
18.190
15.613
21.485
16.152
18.496
25.613
29.513
18.839
20.833
22.113
15.280
27.789
20.361
18.000
19.835
20.722
25.490
26.756
24.842
27.030
27.633
8.802
14.209
11.189
4.793
13.879
19.549
19.213
22.733
11.768
23.596
18.628
21.638
10.920
2.658
8.479
7.267
12.677
8.964
13.832
10.044
3.480
9.995
3.762
8.261
17.054
6.472
2.990
7.360
2.897
2.481
3.738
11.991
10.768
5.445
15.961
7.266
7.689
9.483
5.048
9.279
5.252
10.748
4.527
5.689
3.790
9.203
3.223
10.116
13.331
12.452
12.323
19.037
23.303
13.221
23.916
21.225
20.009
18.900
20.579
11.648
24.542
22.445
17.158
12.120
6.551
13.746
7.497
13.793
8.765
4.682
4.758
14.617
17.879
2.296
1.811
2.862
3.677
5.486
3.357
6.666
14.773
20.272
10.779
15.184
13.074
17.394
20.763
24.616
23.480
22.277
23.158
24.095
18.519
17.728
11.333
8.908
17.073
13.364
17.158
15.688
18.288
6.895
7.290
1.115
2.521
10.921
9.706
15.488
8.251
7.495
4.724
14.367
19.685
6.625
11.016
9.284
10.399
11.747
6.710
10.625
7.139
16.257
11.803
6.574
10.441
19.113
25.256
16.444
15.687
16.072
16.576
16.794
12.666
11.553
12.017
10.960
10.253
4.557
11.016
10.144
10.489
8.681
18.756
19.541
19.384
24.226
10.337
12.209
12.747
16.584
11.149
10.439
4.065
2.104
5.964
25.731
17.953
27.056
20.803
16.343
21.328
24.471
16.982
8.375
3.339
4.756
8.044
2.306
2.468
18.662
18.072
1.394
14.755
3.067
17.234
14.687
13.389
14.581
15.152
19.712
14.060
22.761
16.229
15.827
13.618
13.180
10.774
5.058
4.954
8.459
4.416
18.540
13.257
17.922
5.243
8.311
15.120
29.440
15.949
13.424
13.601
22.945
7.112
7.405
2.205
6.309
4.247
11.125
6.070
7.622
5.270
8.105
18.426
8.144
10.744
16.997
18.953
27.559
17.245
14.216
6.604
10.167
10.482
7.161
4.953
13.870
7.969
13.059
14.465
9.590
25.117
21.458
12.937
21.468
17.428
12.108
12.554
10.213
15.943
11.174
2.823
2.772
11.235
1.570
6.738
10.613
9.557
5.312
20.398
23.064
21.650
25.649
24.692
15.623
14.798
11.805
11.061
16.347
20.873
10.389
9.945
16.602
17.661
26.050
26.330
25.107
18.671
12.345
23.885
12.980
13.070
8.162
8.821
18.791
21.311
24.670
20.234
20.949
18.664
19.843
25.393
24.649
17.244
18.402
20.350
21.329
26.322
19.918
15.766
16.211
24.196
24.165
19.960
26.708
27.426
21.790
23.361
24.903
22.368
19.348
28.299
27.272
23.332
26.033
26.537
27.922
23.015
23.485
21.101
20.975
27.373
25.619
19.874
22.049
11.324
8.994
25.972
21.603
23.467
24.379
27.027
23.170
21.266
14.989
26.053
22.713
22.335
18.037
28.492
27.006
28.769
26.637
17.623
25.227
25.026
28.155
22.832
25.010
27.798
21.498
27.422
22.683
18.848
16.013
18.496
21.434
20.915
17.849
16.428
16.034
16.745
18.517
15.705
19.215
19.630
15.822
19.442
26.563
25.714
18.691
10.862
14.175
19.507
8.138
18.135
20.685
21.740
12.984
21.250
8.825
16.956
13.392
8.749
26.799
26.970
7.046
10.170
16.445
21.624
27.707
25.682
9.370
1.760
11.881
15.460
26.016
13.371
14.780
25.104
18.942
13.154
14.013
9.950
17.377
22.111
24.999
27.422
27.191
25.522
18.019
21.020
16.025
7.456
20.222
21.459
10.527
12.188
16.023
14.039
14.457
12.451
14.841
15.342
14.583
3.955
11.735
2.502
2.692
15.252
1.600
8.458
10.191
13.721
9.091
16.849
17.673
19.382
20.088
3.914
18.914
1.820
16.362
11.066
21.967
16.513
22.267
24.684
24.853
13.821
8.823
4.555
10.466
16.893
20.436
23.126
21.441
9.589
10.098
9.533
12.092
4.312
1.533
2.347
4.874
16.071
13.583
15.794
16.120
9.598
10.920
11.293
19.379
23.120
20.147
16.239
8.509
17.198
22.009
22.231
17.117
17.218
10.405
12.302
19.726
15.080
20.689
22.376
19.843
11.889
11.970
7.290
1.157
6.192
8.394
14.605
16.982
11.878
10.591
16.403
18.335
24.073
13.735
9.056
8.677
9.827
9.903
13.953
9.751
11.721
2.339
10.586
12.434
5.373
11.573
7.892
17.763
13.030
15.302
7.480
6.237
10.575
3.090
7.643
12.135
9.868
11.059
15.041
15.482
10.490
14.735
19.576
13.921
15.682
17.026
27.313
24.958
10.809
11.412
21.205
13.206
14.681
19.764
27.827
20.582
25.617
9.886
12.917
16.356
16.462
11.585
19.062
14.172
15.037
13.492
9.882
25.677
15.660
10.577
13.952
11.208
14.602
14.067
10.895
12.107
12.761
12.945
15.510
16.130
7.075
10.522
14.149
12.194
9.703
27.936
18.624
27.318
28.754
20.878
18.884
12.482
4.528
6.033
10.604
8.392
2.294
1.880
11.457
4.190
10.138
10.806
17.470
23.460
15.286
7.379
13.312
13.871
17.497
6.158
10.438
11.167
25.443
14.167
8.692
5.519
8.439
3.071
12.065
23.366
23.598
26.152
13.352
18.652
15.873
11.162
15.347
11.980
6.927
10.857
20.136
16.749
12.423
11.551
8.385
16.375
7.415
13.620
4.396
6.114
9.490
18.046
19.367
15.858
17.034
13.520
26.898
25.935
23.445
9.313
23.143
21.409
16.244
20.645
22.588
27.065
22.631
18.338
15.151
15.873
14.943
17.801
22.201
28.049
24.076
19.864
24.338
21.408
18.435
23.944
23.093
25.022
22.435
24.491
24.444
26.842
21.899
20.091
18.400
15.798
18.611
16.308
18.557
21.762
17.873
8.499
16.278
22.324
25.639
28.081
20.646
26.866
26.536
19.652
20.950
26.465
21.795
23.730
22.120
19.378
20.137
23.494
16.824
14.745
19.551
22.251
21.470
22.006
24.417
16.099
26.813
20.012
20.501
26.177
22.793
22.012
18.516
16.998
16.736
16.469
27.341
28.552
19.911
28.384
28.803
18.866
25.412
26.353
24.776
22.521
16.474
21.755
26.986
19.134
20.946
23.034
23.374
27.728
25.506
27.172
16.568
28.810
21.747
22.492
28.672
27.830
22.336
12.268
11.450
18.358
14.749
18.623
25.489
25.487
21.424
6.880
15.417
3.569
11.540
16.362
23.913
20.275
27.126
27.624
22.647
22.507
23.117
26.915
19.525
6.900
16.512
16.790
12.706
8.686
9.858
20.161
21.522
24.658
24.393
26.257
19.092
23.123
19.511
23.392
25.638
16.572
7.020
13.588
23.581
26.787
22.806
19.498
13.398
20.659
21.431
24.404
19.877
18.972
11.997
11.485
8.101
5.542
7.931
11.729
20.014
16.796
10.030
3.667
8.099
5.216
2.991
3.036
8.009
4.707
4.654
7.566
5.523
7.073
4.052
8.943
2.642
6.213
6.489
5.473
16.604
7.572
9.025
7.942
4.770
7.820
9.820
13.067
13.624
11.468
9.602
1.817
2.946
7.269
16.188
14.350
7.872
7.740
17.971
13.064
13.206
6.397
15.981
20.474
22.984
16.788
21.653
19.493
15.706
16.069
9.467
11.651
19.088
21.541
22.661
23.594
17.703
6.625
2.379
5.922
10.274
10.638
11.750
11.047
14.375
9.656
1.852
7.344
3.421
15.951
17.764
11.883
10.600
15.519
14.969
17.256
15.659
24.558
21.831
16.305
23.591
25.028
9.991
5.681
12.146
9.259
17.410
12.195
12.115
21.830
18.986
21.263
25.399
16.647
13.495
10.710
16.789
14.860
17.282
18.729
23.170
12.512
11.219
5.061
19.577
18.141
17.777
23.881
12.579
13.642
10.145
9.737
9.677
11.912
9.542
10.161
21.392
18.984
17.883
16.041
18.332
26.721
20.626
25.664
14.050
21.523
25.316
11.245
5.609
21.496
12.508
7.634
6.118
16.810
5.125
6.522
1.494
5.688
1.805
3.618
8.156
14.218
21.192
16.445
17.351
5.250
3.772
14.011
3.119
3.628
5.557
6.329
8.603
4.298
4.043
8.812
9.021
19.680
5.349
7.899
4.595
3.011
22.556
20.724
17.237
16.848
15.519
10.950
8.218
3.205
19.212
21.744
4.316
20.064
6.749
6.064
5.263
7.063
10.810
23.435
9.463
12.393
12.367
7.931
7.406
7.125
6.619
23.931
19.626
19.398
12.984
19.697
12.635
9.202
17.889
12.403
10.175
4.099
7.788
10.307
5.265
2.704
16.141
24.492
28.466
28.495
28.321
28.511
27.569
27.353
22.040
17.263
20.661
21.070
16.726
25.918
15.329
21.070
14.603
27.688
26.753
18.245
15.492
15.810
13.754
23.217
23.068
26.582
24.386
11.019
24.438
26.057
25.860
20.143
1.308
7.687
25.137
16.739
26.815
26.555
27.520
27.244
23.152
18.011
25.133
27.998
24.962
26.427
23.626
26.076
28.425
18.154
20.788
25.192
26.726
22.065
16.109
23.594
19.468
23.071
26.940
25.681
26.664
26.430
27.082
27.496
23.339
26.187
18.542
23.981
22.414
17.425
17.050
12.403
17.131
21.531
21.924
24.366
27.162
19.572
21.095
25.999
28.651
28.727
29.288
29.258
28.772
26.925
25.885
24.164
13.331
23.064
26.033
24.698
12.689
19.689
28.228
16.004
19.043
15.844
24.575
17.756
20.443
20.117
28.964
23.445
14.981
11.844
9.434
11.994
20.326
12.990
20.190
27.270
22.587
22.689
26.262
15.935
5.513
20.586
27.624
19.784
21.762
6.159
13.760
25.190
24.077
5.995
27.751
26.875
26.700
19.430
19.781
15.783
27.529
16.871
27.230
27.133
23.951
23.112
9.956
14.141
11.777
15.123
13.118
8.627
23.673
11.072
20.918
21.385
25.466
23.966
21.589
17.172
11.004
2.544
13.150
2.568
13.778
25.635
10.916
4.924
14.235
13.088
23.297
6.997
10.471
7.665
4.050
7.247
1.763
11.529
13.426
10.367
8.523
2.603
8.252
6.120
4.657
11.850
2.572
1.786
6.910
2.132
1.743
8.009
3.174
2.006
2.869
8.908
10.565
14.876
17.663
24.967
24.579
10.631
3.098
5.778
5.563
2.119
2.829
5.298
11.049
17.520
18.571
11.419
18.927
19.019
14.309
14.097
9.499
13.774
15.533
13.625
13.500
10.515
13.841
17.454
11.978
5.341
7.031
16.330
20.148
11.711
9.653
9.787
20.700
11.683
11.193
13.223
12.752
22.666
14.172
15.667
9.816
10.534
11.336
13.371
10.417
9.825
13.188
15.455
23.633
11.616
16.136
12.916
9.115
11.343
3.266
6.017
6.306
19.994
7.965
2.307
16.251
15.061
17.132
6.737
11.163
17.867
13.847
3.595
3.479
9.298
11.516
10.913
21.052
20.003
18.980
14.814
2.170
5.294
15.182
9.199
6.104
9.254
11.618
10.912
10.871
4.382
4.157
11.248
13.211
9.562
7.484
10.698
15.025
2.881
9.397
1.917
5.565
4.830
8.988
19.336
17.523
9.039
9.367
11.006
3.822
22.533
25.614
23.549
16.183
3.710
3.027
4.423
3.857
6.468
8.090
7.292
6.714
7.336
11.155
10.443
16.564
12.327
15.402
15.440
6.425
4.625
5.273
15.695
26.287
12.876
4.266
8.025
17.237
8.897
21.443
23.572
19.661
16.649
21.702
5.604
5.664
2.164
3.076
6.607
6.728
12.581
26.680
25.950
24.605
16.522
16.647
12.117
12.688
20.980
8.483
19.615
22.054
15.819
21.075
7.216
8.611
9.590
12.374
11.755
10.773
17.535
8.099
3.413
3.652
14.096
7.595
4.999
11.330
14.233
25.125
24.928
25.583
21.405
14.694
3.717
15.564
19.798
25.494
26.492
22.092
20.667
25.151
16.293
18.065
22.233
19.155
27.353
26.288
21.325
10.034
26.317
27.261
26.526
21.845
19.709
23.554
23.201
20.459
26.459
23.234
17.133
25.007
20.523
26.882
12.632
13.395
27.070
20.153
17.278
20.921
26.590
26.170
27.696
26.491
25.945
19.408
26.304
27.049
21.450
25.953
26.191
18.764
27.445
27.449
24.791
20.480
17.350
25.491
26.944
23.623
19.415
18.367
20.869
19.069
27.697
19.816
15.338
24.130
25.914
13.487
22.900
20.769
25.070
27.683
28.182
20.636
19.967
21.658
16.731
19.099
26.084
26.343
16.807
15.452
22.299
26.369
27.353
29.117
27.701
27.032
25.485
19.026
20.331
13.764
27.998
23.947
28.065
27.185
19.140
17.119
20.725
21.660
15.526
24.938
16.798
28.125
24.327
14.402
19.393
23.438
17.396
17.306
3.592
13.279
2.368
5.236
9.120
22.803
15.174
7.102
10.159
9.776
16.088
22.653
6.871
18.455
13.400
12.208
11.865
2.915
10.639
13.051
8.868
5.672
24.527
17.688
19.763
11.675
3.221
3.871
6.380
6.189
5.256
14.552
11.099
3.270
12.159
16.520
19.085
18.761
22.617
24.996
14.506
22.127
13.341
7.278
2.242
1.759
9.578
6.103
11.810
14.787
9.147
14.122
10.481
14.207
13.658
17.363
12.364
9.342
7.695
10.078
3.376
1.866
9.302
0.846
5.963
3.785
7.344
5.594
22.194
14.576
6.858
2.024
4.318
14.243
18.484
14.523
19.882
22.369
22.675
19.061
22.746
21.684
18.115
20.924
18.442
13.058
16.895
17.143
14.150
20.601
15.132
17.555
10.829
9.868
18.547
12.877
11.143
3.780
11.266
21.629
11.237
16.216
13.836
12.796
20.942
15.721
12.629
13.514
13.704
17.466
13.063
11.226
10.103
3.900
14.100
15.356
15.950
18.528
15.811
20.964
10.059
18.144
18.836
19.133
18.072
14.791
17.290
14.894
16.446
14.723
14.899
2.019
16.549
19.007
12.654
6.354
10.079
8.974
6.637
9.007
6.484
23.905
17.649
16.344
14.179
24.355
25.832
19.031
13.238
13.970
10.260
2.257
3.390
7.522
4.224
12.404
2.770
10.806
14.097
10.815
7.478
19.128
20.435
24.400
20.002
14.336
9.411
8.749
6.331
1.914
8.045
3.265
19.725
13.589
17.442
4.808
17.222
9.088
1.200
2.571
2.311
1.467
5.453
12.101
22.743
17.291
14.584
6.941
15.726
4.531
8.517
4.268
18.180
13.602
17.130
12.901
16.867
3.608
6.683
1.379
14.237
12.976
17.981
9.042
9.365
8.560
3.940
1.536
5.076
10.522
6.554
3.735
4.879
22.574
9.672
17.824
23.461
12.425
5.769
2.063
8.223
6.211
2.869
24.400
12.703
7.427
1.440
4.577
5.835
9.957
22.933
18.401
21.036
12.242
14.317
22.547
5.466
12.922
20.708
12.266
20.706
14.427
12.832
10.478
5.752
3.709
8.716
4.132
8.610
7.806
16.056
11.242
20.572
11.252
17.684
21.248
2.925
2.130
9.705
6.199
13.241
14.603
22.606
21.149
13.166
19.831
9.960
12.529
11.040
22.996
22.556
24.918
25.818
24.760
9.990
15.652
14.405
24.927
25.535
27.036
16.429
22.435
22.640
17.487
24.341
25.282
22.193
19.862
25.489
27.852
27.748
27.587
23.204
24.417
23.634
24.829
15.938
16.147
27.815
7.304
4.404
26.155
14.200
23.325
13.940
13.191
10.299
6.754
5.611
4.947
16.109
19.104
11.423
12.450
16.916
18.144
8.544
18.096
23.600
28.895
28.348
26.278
8.978
2.267
20.660
24.011
24.656
16.531
4.081
5.448
8.703
18.544
23.511
22.682
22.190
9.423
20.537
12.473
11.798
19.634
12.588
28.095
29.287
27.775
29.522
28.674
27.058
26.458
27.208
19.277
19.392
20.209
14.081
17.758
7.587
8.174
13.005
14.522
21.863
11.580
19.861
29.089
15.070
16.497
13.829
12.940
12.272
22.287
18.332
25.203
20.958
14.613
3.192
19.165
17.524
19.966
23.596
23.734
3.680
2.878
12.460
13.139
6.284
3.759
4.187
5.748
4.248
11.902
13.754
17.898
3.375
10.505
6.255
4.138
13.410
17.279
12.830
9.583
7.788
8.796
9.800
21.937
26.057
15.549
15.060
13.132
18.304
3.261
6.003
14.295
18.833
15.583
9.635
9.477
9.652
4.337
5.214
1.270
5.058
5.691
17.060
6.916
6.148
8.110
6.162
1.705
1.691
14.250
3.834
7.919
12.223
17.084
19.604
17.761
19.485
4.473
7.806
9.600
2.033
3.285
1.831
12.749
11.938
15.218
2.417
3.174
4.527
1.896
4.796
3.466
2.834
8.344
14.562
14.564
16.616
9.545
16.223
11.562
4.678
8.406
3.988
5.280
13.907
14.636
14.404
9.236
14.359
12.288
16.544
13.793
19.614
13.922
12.812
4.292
9.182
20.014
19.702
12.050
1.267
7.015
14.161
6.242
1.660
4.713
6.010
4.824
3.144
1.796
6.979
5.409
5.942
16.187
12.900
8.980
13.005
13.371
8.710
3.102
9.609
6.711
7.484
13.031
3.261
3.456
8.228
4.617
13.433
11.349
21.967
15.795
19.422
9.382
3.610
6.479
18.077
6.850
6.712
9.632
1.792
4.896
9.798
19.107
22.037
6.217
2.699
2.881
5.014
2.644
13.171
3.939
1.968
1.365
2.284
3.360
6.262
3.976
4.492
3.038
17.758
4.395
4.164
3.971
10.624
23.268
16.450
12.861
13.027
18.749
15.094
17.335
5.398
11.281
15.757
4.291
10.942
13.507
6.127
5.080
10.119
6.288
14.414
11.000
3.683
9.186
20.220
6.455
12.192
3.115
3.170
0.955
8.446
8.478
14.385
6.669
7.963
5.545
4.366
8.999
11.276
6.581
7.088
2.745
10.055
19.536
24.677
13.089
19.500
11.063
10.958
7.131
3.016
19.320
6.066
6.719
4.877
14.085
19.180
20.082
4.267
9.094
11.180
6.401
6.431
7.969
8.175
7.882
3.667
15.571
12.682
7.015
16.949
17.076
13.240
20.213
21.372
8.040
11.243
6.590
9.986
18.160
11.134
12.761
15.835
19.172
22.024
28.240
27.222
26.002
16.605
22.063
18.349
17.786
12.618
16.640
9.458
3.751
14.716
22.037
26.652
23.556
27.158
25.611
7.560
12.214
11.205
4.097
5.029
11.236
20.562
20.694
12.463
24.830
25.427
26.846
10.667
6.170
8.108
19.493
8.153
14.040
23.471
21.614
24.014
16.272
25.904
27.868
28.681
27.361
27.364
16.762
21.743
23.698
22.938
3.483
15.593
19.899
27.493
27.352
20.306
27.797
27.167
21.685
22.422
28.073
16.709
21.174
22.630
15.416
20.113
26.124
26.046
28.799
28.313
21.224
24.295
18.649
20.252
19.588
28.260
13.624
21.795
17.510
20.442
6.561
8.026
12.036
14.876
26.445
10.975
13.359
7.549
24.181
14.414
12.311
15.125
18.495
17.865
8.427
16.180
20.282
21.176
27.593
24.785
27.492
19.440
19.815
28.906
22.272
22.149
17.737
28.155
27.833
28.938
20.975
24.392
20.779
19.329
15.662
16.653
21.245
22.882
18.892
12.166
13.613
11.517
5.779
2.055
7.566
3.349
2.523
5.154
4.534
5.040
9.265
5.980
8.089
7.408
12.153
1.352
9.176
16.479
16.584
19.465
21.905
22.132
13.056
19.507
5.780
14.391
18.519
5.426
12.800
1.584
16.940
21.486
22.165
24.383
16.696
5.473
15.314
13.864
23.126
20.788
18.749
1.489
6.170
4.946
5.554
9.761
16.239
12.192
13.676
21.673
17.194
14.523
14.008
19.520
12.646
5.159
9.571
9.938
11.902
16.463
13.138
15.831
11.384
21.973
17.957
19.256
13.373
12.022
5.327
7.148
19.384
13.462
19.804
13.638
20.420
23.238
24.266
22.089
17.319
20.732
14.356
15.610
15.867
17.522
17.190
12.025
13.879
13.941
9.099
9.479
2.227
7.935
5.556
12.234
10.405
14.371
6.188
11.484
8.935
9.142
7.093
17.310
13.302
11.209
7.278
13.012
2.576
21.509
13.405
7.033
6.173
3.953
3.092
6.687
2.757
2.221
10.043
12.673
11.547
12.928
10.698
12.725
6.599
1.421
4.110
7.009
3.383
5.190
2.395
12.739
6.952
15.751
14.127
19.885
17.498
4.767
1.520
13.482
15.714
20.619
26.801
15.071
23.807
22.074
25.660
26.350
22.741
19.519
5.300
6.736
17.098
25.876
17.477
20.881
21.300
18.538
16.705
17.719
20.054
24.925
22.145
26.228
12.805
6.848
12.229
9.918
5.494
13.513
8.486
15.698
3.967
4.467
6.431
2.378
7.539
11.080
2.727
10.634
3.474
6.545
12.554
12.270
10.502
15.663
19.665
13.877
12.840
19.141
17.994
19.148
19.975
25.856
16.518
6.278
12.287
9.083
2.322
10.412
9.492
7.877
3.369
1.463
5.427
7.560
6.917
9.798
15.893
25.895
21.695
20.850
23.546
28.390
23.351
26.423
23.462
11.215
20.155
17.432
14.259
22.878
12.730
15.806
13.892
22.580
21.956
23.075
25.723
27.354
23.374
26.387
16.419
25.747
15.927
14.843
12.897
7.659
20.617
14.424
21.281
22.101
17.358
3.974
27.520
4.996
8.302
9.580
10.638
18.213
2.616
5.825
4.542
3.295
2.845
17.020
19.495
13.099
15.144
18.315
18.369
27.407
24.345
20.118
25.698
23.417
18.905
14.438
12.705
25.848
16.522
19.527
25.320
28.419
28.188
27.752
25.895
21.363
27.620
17.350
23.104
25.952
26.927
14.759
28.091
18.010
27.448
24.670
21.521
17.362
20.151
28.524
20.647
19.159
25.843
18.329
14.916
14.637
16.351
11.054
14.758
22.180
17.704
26.853
25.556
21.325
24.998
19.755
18.639
25.709
24.052
16.127
18.700
20.675
21.853
17.562
21.081
15.832
25.468
23.309
23.751
21.518
19.739
28.784
28.419
25.393
28.310
21.943
17.770
14.965
19.947
27.659
19.570
22.073
28.480
17.561
22.067
25.512
20.551
10.622
3.261
3.314
6.616
10.202
15.805
27.836
19.971
27.755
22.861
19.493
26.215
29.336
23.986
16.217
15.403
17.413
9.778
4.215
7.573
16.558
8.572
20.618
19.064
13.552
20.254
15.208
10.446
26.736
8.346
28.622
25.088
21.687
13.665
3.014
8.815
11.129
6.495
6.464
16.792
3.560
5.675
9.077
19.489
10.476
6.605
7.154
7.538
16.769
15.360
18.430
10.871
16.002
5.491
4.874
19.134
12.009
21.662
21.300
18.172
17.880
21.435
17.337
18.174
12.751
11.000
19.758
3.415
9.467
7.903
4.940
7.814
9.889
1.924
1.252
12.179
4.203
16.439
5.048
9.386
1.633
2.728
6.419
5.716
3.303
6.434
3.608
8.773
22.246
13.413
10.952
18.337
21.955
24.496
22.958
20.983
19.886
18.843
17.045
5.921
5.287
18.220
7.218
10.319
21.621
13.965
6.712
16.178
15.241
18.506
23.092
24.818
19.298
24.081
15.563
16.258
17.618
21.901
22.235
20.826
13.544
14.983
14.664
6.078
5.304
9.232
12.383
12.909
7.389
15.082
7.211
15.235
17.321
13.025
11.096
7.494
13.153
12.624
10.255
10.523
16.125
12.564
13.031
17.278
10.148
12.839
15.103
8.481
13.798
18.102
14.362
12.484
10.963
17.476
6.712
15.701
17.742
20.969
7.959
5.385
6.848
7.886
9.838
16.031
22.037
17.828
14.091
10.360
9.362
12.485
20.332
11.321
17.301
20.583
12.524
14.085
13.737
18.146
10.978
25.705
15.137
26.231
14.530
14.863
6.901
6.695
16.889
18.094
11.523
12.306
11.833
5.592
14.121
26.154
15.523
24.239
3.698
5.964
1.378
4.494
9.775
11.539
2.469
4.536
3.823
2.062
9.946
12.364
4.721
10.907
5.896
2.919
11.368
13.063
14.057
12.274
8.471
1.810
2.466
3.861
6.221
9.983
4.478
1.980
5.422
2.468
1.295
1.601
9.156
5.874
4.195
6.445
6.231
8.752
1.348
9.818
1.804
3.345
13.801
2.694
5.308
4.313
8.554
5.861
6.843
3.432
15.024
16.576
6.845
16.966
23.777
15.131
15.573
20.696
11.287
24.496
25.748
19.118
25.556
13.414
19.339
12.163
5.276
4.799
4.690
8.116
2.969
7.506
5.262
14.251
17.507
16.166
16.723
20.303
21.031
23.294
16.573
24.912
22.498
23.189
23.469
11.117
19.249
16.639
25.698
23.163
14.888
14.914
15.344
18.645
20.383
24.147
15.537
20.493
23.205
13.315
22.434
28.194
25.576
19.750
21.848
14.917
13.808
20.060
20.355
7.541
13.019
24.914
21.087
25.848
28.572
26.649
26.518
21.738
17.892
14.125
25.060
24.852
25.341
24.049
14.174
20.182
16.596
10.580
13.886
17.540
21.346
26.078
25.344
25.456
20.384
24.810
28.340
12.259
3.282
5.393
17.833
20.075
11.023
16.036
28.122
25.076
15.096
11.449
24.489
25.137
21.432
13.427
4.204
7.085
24.199
22.051
25.401
12.028
9.029
25.363
28.219
28.612
14.408
16.081
16.000
21.646
20.225
22.942
25.310
20.455
10.474
6.916
17.530
24.818
21.846
1.905
5.691
24.078
8.009
25.390
18.465
10.690
24.743
26.645
16.547
16.143
8.135
10.978
21.881
11.591
20.512
9.558
17.257
24.364
26.787
18.872
19.708
8.962
6.680
5.806
6.005
17.661
15.395
23.186
27.344
25.392
16.529
3.484
23.200
20.593
12.259
9.143
6.582
5.603
7.183
11.682
9.626
8.456
8.516
6.361
10.575
3.970
5.791
15.889
9.326
13.326
6.492
11.415
6.463
11.186
4.212
6.035
4.811
10.797
21.478
10.663
13.156
4.317
9.119
4.826
11.861
14.440
21.371
16.359
3.176
12.746
7.934
6.076
7.560
9.712
11.671
10.953
12.647
5.297
9.304
3.770
2.839
10.783
3.819
3.960
4.679
1.718
9.933
8.497
2.424
4.247
4.616
13.641
14.413
10.939
15.333
3.697
6.252
21.920
17.714
4.326
22.787
16.187
14.296
9.682
10.153
4.331
6.119
2.519
10.704
17.715
11.645
14.337
7.419
5.639
4.099
15.415
16.191
15.320
15.413
6.221
8.007
6.137
11.566
11.730
7.670
3.945
17.418
10.787
11.997
19.384
12.562
17.458
8.749
5.189
14.332
8.021
10.074
12.239
17.452
18.150
7.031
5.631
12.028
8.777
8.008
10.456
3.100
12.699
15.896
17.973
12.052
18.651
2.798
11.827
6.488
9.573
8.652
1.562
4.267
1.490
5.416
1.342
6.190
3.363
4.053
6.725
10.994
4.991
2.897
10.599
17.104
22.749
12.149
17.498
19.596
18.351
8.774
11.098
15.980
16.727
20.565
22.368
4.730
3.546
4.931
4.788
3.985
8.220
5.653
11.148
13.947
6.422
12.359
21.468
22.019
13.154
4.601
9.694
2.547
15.279
5.964
1.879
1.815
3.419
4.349
5.474
7.428
3.625
9.747
8.837
15.281
16.292
11.522
6.259
4.855
27.698
26.006
30.092
27.074
20.757
26.237
15.623
23.696
17.140
4.036
3.569
2.756
2.828
9.952
2.757
3.619
11.890
5.875
3.157
11.037
5.708
10.091
6.577
7.927
4.782
5.322
2.868
14.305
5.251
25.200
25.746
18.623
25.492
21.343
18.621
18.336
20.860
25.122
27.611
27.667
27.816
23.864
24.160
19.112
13.925
10.426
20.577
25.235
26.171
6.655
10.152
18.742
18.881
9.151
13.936
21.144
11.648
12.994
8.979
19.020
3.729
8.664
2.245
17.694
3.608
19.123
16.498
20.819
22.535
13.968
16.028
13.797
10.636
11.229
6.783
23.040
20.073
22.588
15.293
14.245
18.245
26.899
19.143
21.315
20.406
28.517
20.793
26.764
23.833
28.198
28.730
28.501
26.402
26.655
25.374
27.127
25.859
27.512
16.502
26.125
27.511
27.857
22.748
28.231
26.475
28.445
27.176
17.441
20.359
13.011
19.558
19.167
21.765
17.964
22.075
20.744
25.152
20.320
26.800
17.916
15.367
19.651
27.947
21.802
23.147
19.768
19.062
10.515
4.222
19.186
3.810
12.693
14.351
3.900
18.786
22.387
24.263
26.527
20.491
8.394
23.672
18.026
18.010
23.308
17.156
12.566
4.906
6.107
17.722
6.591
3.830
5.564
3.159
13.140
14.615
26.505
27.042
26.866
22.576
20.361
5.208
16.094
11.322
8.244
13.647
4.778
7.282
13.374
19.211
20.624
11.931
11.067
14.795
3.133
13.309
15.795
27.331
14.696
17.099
16.514
27.770
28.336
26.655
14.663
10.320
10.712
18.204
14.605
8.328
7.850
7.183
4.222
13.758
12.080
5.629
7.597
4.066
13.779
12.955
12.749
14.683
7.570
6.476
16.043
12.242
5.546
9.265
4.367
9.014
10.933
5.077
8.595
3.990
11.163
10.402
6.019
6.864
3.460
9.801
3.654
6.786
4.310
7.191
2.965
10.951
14.651
20.339
15.838
10.309
11.230
9.027
3.068
3.054
1.699
8.668
10.311
18.921
17.579
10.795
12.024
3.153
2.625
2.838
2.547
5.798
5.845
3.954
12.349
8.333
10.247
24.976
22.119
25.701
1.137
8.379
7.358
12.059
10.666
17.529
19.763
14.146
12.758
17.160
16.364
14.814
4.944
3.471
10.487
15.009
20.074
16.282
22.921
21.675
20.768
26.004
19.482
4.969
14.825
15.135
10.868
18.236
22.954
24.157
16.487
11.572
13.013
17.570
11.049
16.731
7.950
7.544
3.436
15.700
19.517
14.886
8.549
22.000
20.284
18.014
14.772
18.545
10.530
13.871
14.374
11.770
13.352
11.512
17.211
23.655
16.140
14.267
11.877
11.530
12.670
12.841
14.851
13.438
2.095
2.321
17.994
18.963
15.832
17.614
17.482
12.409
17.955
6.040
16.434
23.110
13.223
11.043
12.845
18.730
26.686
17.857
11.594
17.749
21.388
11.975
9.792
16.396
5.361
5.462
5.124
1.883
3.325
4.768
19.820
15.581
21.480
11.137
25.503
13.625
12.725
1.689
6.951
10.389
12.412
15.950
22.263
25.070
5.131
2.632
4.365
8.922
9.273
14.191
13.466
16.492
8.383
9.213
14.088
8.609
8.237
10.517
11.665
8.498
16.858
19.719
18.384
12.494
11.118
17.514
14.967
13.463
5.312
2.674
5.214
15.595
7.093
20.074
12.475
15.630
22.333
6.867
6.169
16.242
15.918
16.395
13.098
8.020
8.286
15.621
20.251
24.199
25.795
24.252
17.525
16.195
23.738
9.486
2.421
10.411
17.811
23.329
22.980
26.530
19.256
23.802
24.618
18.496
22.652
26.771
27.631
25.330
16.525
22.556
21.815
17.006
12.105
15.773
24.921
26.485
22.966
12.304
10.642
18.354
27.478
27.958
27.375
27.451
28.154
20.881
27.743
26.118
27.586
14.070
14.548
22.661
26.264
27.163
23.432
20.449
28.032
26.784
14.321
15.688
27.318
26.438
14.812
20.183
14.799
17.257
24.999
17.520
28.738
22.803
18.046
19.022
16.798
14.646
23.624
28.334
21.146
23.096
23.253
25.026
16.804
18.815
25.098
17.937
28.615
23.931
26.778
28.647
29.480
26.944
29.383
28.920
28.598
27.453
29.960
22.175
28.796
22.650
27.863
23.757
20.649
24.487
27.682
25.838
18.903
27.678
21.982
20.430
17.247
21.527
16.787
14.680
21.348
24.713
19.591
24.529
19.977
20.350
27.241
24.903
18.015
25.605
28.151
28.235
28.907
20.506
21.971
15.947
21.655
9.846
8.566
17.948
24.562
10.692
17.190
14.997
6.881
21.334
19.999
16.042
25.434
18.440
27.764
26.961
14.185
23.641
26.463
28.726
23.232
19.120
27.630
21.151
24.671
25.675
16.828
16.528
13.484
18.179
14.097
7.328
1.908
9.182
3.612
16.672
21.318
12.491
12.050
2.831
6.958
4.916
14.148
3.379
9.569
19.244
25.890
8.795
4.819
6.394
4.823
8.757
9.762
19.635
17.631
15.936
20.180
7.646
17.363
24.158
23.070
24.649
22.210
24.199
22.451
22.590
15.375
14.808
23.695
21.590
22.064
19.345
23.390
22.638
16.503
15.494
22.750
22.967
21.568
19.570
22.224
24.614
23.695
19.292
13.125
19.501
13.467
6.889
8.920
7.787
20.113
21.196
24.422
24.589
19.595
21.509
12.903
14.481
19.810
21.820
21.456
22.910
25.514
15.106
18.578
9.121
11.790
21.880
21.610
15.654
10.365
13.090
8.954
10.572
11.626
15.178
13.810
17.748
10.783
9.205
13.210
23.714
4.125
4.355
19.696
25.334
23.108
18.893
26.187
27.039
24.641
20.861
17.793
17.564
10.596
12.493
17.118
20.185
22.401
17.287
23.720
25.942
21.204
21.978
22.987
16.317
19.919
14.484
12.891
12.788
11.552
15.423
14.658
8.175
6.654
6.441
8.781
3.631
13.258
10.943
9.901
12.802
14.814
4.051
10.720
12.036
11.166
20.113
11.713
10.731
6.273
20.399
16.081
18.133
22.055
14.716
10.128
4.524
1.547
8.117
5.598
12.607
13.863
7.288
2.265
19.455
17.926
16.835
20.300
23.232
24.716
20.753
28.189
24.272
17.694
16.190
14.995
25.033
14.063
13.107
18.249
13.910
21.338
16.042
11.992
4.703
16.643
14.361
14.962
15.454
4.403
26.455
21.518
13.800
15.090
16.537
16.073
21.176
23.051
20.804
14.261
17.662
13.776
19.556
21.649
10.215
16.171
3.568
6.107
3.434
20.599
19.490
16.936
19.338
10.216
6.887
4.758
23.395
21.609
12.752
12.441
9.365
5.624
15.200
14.380
10.053
13.786
7.854
4.105
22.985
20.950
21.460
20.434
4.904
12.931
11.538
24.583
22.374
19.483
27.504
27.666
26.886
27.252
16.600
14.336
16.507
25.129
23.364
16.634
25.267
21.747
22.159
16.974
27.902
23.477
24.858
27.804
28.274
26.360
24.660
19.054
17.446
22.357
18.056
25.575
25.326
17.132
14.658
16.149
18.073
19.299
17.462
17.825
24.204
28.088
13.355
17.112
24.474
16.938
21.108
24.133
17.606
23.872
25.999
28.243
27.717
25.663
18.348
19.919
14.676
25.577
20.308
24.199
27.502
16.508
25.138
25.690
23.514
22.259
27.714
15.019
28.811
29.174
28.520
29.243
28.398
23.593
25.364
21.065
28.301
26.273
27.078
24.893
17.098
17.018
24.372
24.423
17.434
27.128
27.251
26.783
28.679
23.829
29.414
27.495
20.003
23.122
19.727
18.839
28.832
28.521
20.140
18.288
24.373
12.639
10.139
7.616
1.313
21.114
23.766
29.732
17.658
14.647
12.305
26.908
14.712
18.468
9.685
17.485
21.987
11.070
17.160
23.378
11.649
26.530
24.904
22.685
26.167
17.676
21.914
13.957
24.105
24.121
9.354
16.454
25.929
23.663
21.104
17.715
5.709
3.552
9.677
13.166
14.121
9.553
9.653
8.791
22.972
27.099
18.651
3.974
12.741
8.079
4.274
4.238
3.482
1.816
17.613
11.177
13.741
15.964
23.325
24.444
15.927
4.886
10.730
3.634
4.893
5.307
7.995
16.708
22.827
13.510
9.703
3.948
2.911
14.001
19.019
13.000
1.506
3.947
5.145
17.438
12.835
12.618
11.680
9.068
17.088
13.508
14.566
20.357
16.560
8.550
3.354
12.967
13.648
16.129
7.514
10.650
5.508
4.038
14.347
3.668
11.052
11.465
1.968
6.864
13.771
18.356
5.937
3.020
5.700
14.740
21.481
9.229
10.840
22.667
15.463
15.148
12.864
16.183
10.486
19.257
5.767
16.316
15.793
16.148
10.686
15.615
22.759
24.208
18.773
20.954
12.495
23.618
25.100
20.127
21.152
25.673
25.022
22.450
17.940
23.219
15.735
25.633
17.477
23.776
10.987
18.298
2.165
7.504
16.778
2.827
1.314
8.514
6.926
15.305
16.259
16.512
16.931
16.110
15.794
21.978
16.188
18.773
21.956
24.009
23.645
16.303
15.370
23.932
21.129
24.196
18.621
18.706
21.035
25.084
25.910
17.634
21.994
12.397
18.458
19.399
15.823
23.390
18.256
16.452
20.828
16.182
18.398
13.733
15.908
11.906
7.464
5.450
4.217
6.895
8.966
23.017
23.725
8.631
14.610
7.747
12.268
11.081
22.840
16.448
12.971
2.686
18.295
18.900
6.831
3.337
8.069
11.895
4.767
6.826
16.121
4.767
3.867
17.791
17.196
12.894
2.543
7.909
3.689
10.995
10.686
8.569
5.699
2.264
6.870
7.626
12.841
4.900
7.768
18.112
22.233
19.868
17.230
27.828
22.294
26.732
9.280
21.985
22.574
22.159
21.194
28.520
24.479
22.224
22.291
14.128
5.275
20.811
5.373
7.721
6.859
10.816
17.172
9.073
6.044
8.136
21.159
14.135
5.545
4.999
18.683
15.847
12.391
14.436
1.720
3.290
8.709
13.807
13.818
14.928
20.100
20.428
21.263
21.325
23.148
20.521
23.631
28.081
28.202
22.064
22.294
18.367
25.176
22.648
27.042
27.243
19.285
25.463
23.579
24.285
22.377
26.374
28.173
26.147
22.182
13.206
10.986
22.026
27.151
17.460
27.470
20.252
25.258
26.173
19.978
27.261
17.170
12.652
19.581
14.959
12.809
26.573
26.917
26.890
27.285
28.658
25.913
24.887
26.521
24.156
21.725
21.706
26.373
27.302
26.677
27.941
27.201
23.909
22.249
21.619
22.805
24.281
23.166
24.419
23.297
27.983
29.329
28.993
26.265
19.978
14.172
24.350
22.694
18.560
13.115
22.312
15.164
13.074
9.055
12.462
17.010
12.235
26.187
20.978
14.578
27.786
28.158
25.680
28.916
29.531
27.622
23.270
14.019
28.401
25.842
19.056
18.307
11.148
11.909
6.714
7.639
24.012
26.645
29.069
26.098
12.245
10.987
7.611
10.098
12.384
24.615
20.504
19.622
25.900
26.379
28.078
28.030
21.770
12.440
14.219
16.663
22.506
4.017
15.390
18.161
23.014
11.083
3.874
15.142
14.867
17.086
14.269
1.594
6.729
17.924
3.647
12.983
5.228
5.718
10.889
5.367
5.991
4.310
9.718
1.853
9.398
7.632
11.757
14.933
1.718
3.048
13.262
24.725
25.741
19.240
14.169
8.833
23.277
24.594
22.839
7.122
14.904
19.128
21.309
25.773
11.693
25.554
25.340
23.748
24.491
25.082
24.893
21.944
23.206
25.444
25.012
15.526
14.126
19.929
16.370
10.009
12.715
11.507
16.904
22.823
20.426
7.256
0.866
3.308
3.112
11.075
10.567
13.303
19.157
19.533
19.841
20.426
21.418
24.730
22.654
13.849
11.073
10.544
21.529
24.585
24.567
22.782
21.998
24.557
24.867
24.040
25.193
24.901
25.282
21.386
23.533
21.892
17.649
16.250
18.709
21.870
12.612
15.767
20.721
20.872
9.881
3.033
7.659
14.199
19.592
18.956
15.937
21.585
19.289
24.282
12.568
21.873
25.560
22.396
26.444
22.480
25.670
23.281
23.095
23.402
16.169
13.488
13.626
17.541
11.963
2.656
4.370
12.119
17.479
8.024
8.058
17.753
20.284
22.921
20.375
9.637
9.653
24.254
23.323
12.119
19.854
26.671
28.439
28.482
29.253
18.699
15.249
17.076
23.487
21.475
17.602
10.246
2.211
4.727
8.500
9.967
3.644
10.326
8.334
3.007
27.813
14.338
1.785
8.383
13.073
16.126
17.579
8.205
4.626
25.121
27.416
21.225
15.445
23.486
20.784
24.085
11.564
1.790
6.101
7.428
10.293
8.856
8.646
6.655
10.729
5.239
6.224
8.372
13.822
3.600
5.091
3.669
6.192
5.641
6.777
15.109
21.945
18.535
18.689
27.544
19.139
23.746
11.048
6.923
17.806
14.656
8.174
17.169
15.238
25.712
23.819
23.232
26.410
26.702
25.631
18.974
17.834
10.658
13.282
10.433
13.448
11.369
14.790
20.235
3.452
19.107
22.672
19.613
13.764
15.530
20.148
12.970
4.269
6.145
2.612
12.684
14.045
18.791
16.625
18.540
18.605
16.455
12.694
13.781
11.709
18.065
10.561
11.711
4.565
17.524
17.874
15.440
24.516
27.054
28.160
20.160
26.596
26.791
16.544
13.919
15.968
25.002
16.214
23.527
20.458
23.569
22.676
10.904
8.595
22.539
25.305
12.662
20.938
22.560
27.072
25.868
21.415
28.026
24.733
23.991
23.040
25.073
25.594
26.208
22.790
16.277
23.175
24.674
26.845
17.970
13.754
18.080
20.209
17.634
27.063
24.899
28.265
24.071
19.371
24.752
26.920
16.946
22.808
19.811
15.783
21.498
16.537
28.944
26.280
22.416
22.388
10.128
22.192
18.559
24.160
27.932
18.413
18.594
22.701
20.276
16.513
26.431
27.094
29.231
20.775
21.477
20.180
19.868
12.073
11.653
2.392
15.912
20.273
26.444
22.721
21.030
25.613
22.264
21.222
9.065
26.848
5.519
21.049
24.895
14.919
6.259
6.616
10.920
8.046
10.264
5.713
3.061
2.725
15.454
14.669
23.274
10.504
3.326
14.643
3.549
1.952
13.596
9.878
20.520
11.729
11.535
4.791
9.247
18.055
4.419
1.994
9.118
5.374
11.013
19.259
23.441
21.499
15.059
3.915
3.338
5.915
8.517
4.167
6.835
13.562
8.919
14.499
17.420
12.627
5.100
4.503
3.784
5.505
4.971
2.918
6.874
14.670
12.656
18.987
17.207
6.043
10.526
5.082
7.322
3.024
3.461
3.167
3.008
15.264
18.039
16.359
3.381
6.872
3.072
9.740
7.105
14.231
14.907
9.494
6.649
7.655
18.244
19.638
7.750
13.229
15.004
15.814
16.884
22.900
24.741
24.173
23.177
14.531
23.210
18.615
20.365
24.290
17.817
13.716
7.170
3.189
8.071
8.526
13.375
22.220
23.477
25.226
15.630
10.423
8.125
5.562
8.389
5.558
6.895
8.178
16.598
16.324
19.247
8.217
2.978
10.238
6.354
10.705
7.130
11.805
12.565
13.455
16.010
10.785
11.287
17.178
18.306
18.253
18.656
16.849
17.302
20.860
25.901
19.450
21.607
27.565
27.315
26.939
23.286
20.756
17.329
19.554
12.545
9.888
21.544
10.124
14.293
22.253
9.444
10.185
11.270
7.237
4.444
2.085
14.927
17.143
22.405
18.953
19.529
17.448
24.374
25.034
21.978
25.468
6.403
3.909
11.239
18.458
23.192
16.724
27.397
28.410
22.795
19.969
19.898
18.318
22.858
18.125
17.295
17.634
14.489
18.828
18.602
10.514
4.662
5.457
13.323
12.030
9.253
16.822
13.931
13.277
3.560
11.308
25.200
17.859
23.366
22.640
15.499
9.691
13.436
12.652
5.298
0.914
3.556
5.449
9.789
14.875
12.447
1.483
11.802
4.085
7.902
3.003
3.123
6.097
7.833
21.005
26.209
15.094
13.288
6.562
18.548
4.855
24.745
14.167
18.305
19.110
21.543
22.699
26.077
21.877
12.410
20.349
6.598
20.233
4.768
10.154
7.094
8.220
8.767
4.531
19.969
24.793
18.766
19.081
19.098
12.932
3.894
13.025
19.392
20.276
22.453
25.951
18.214
13.060
15.473
22.550
17.937
19.487
24.908
25.319
26.106
19.023
21.324
17.045
17.959
24.773
26.273
23.141
20.263
27.323
28.611
27.814
21.904
17.605
28.117
27.531
22.353
22.714
20.513
27.118
23.495
22.525
17.984
16.538
15.832
14.831
8.173
16.752
20.442
17.902
23.579
20.407
23.868
15.095
23.637
26.191
16.844
18.604
25.335
14.388
18.199
19.508
23.215
24.376
25.750
16.740
17.479
11.390
18.050
20.391
27.532
25.479
21.804
27.788
20.538
19.309
26.639
29.098
26.051
23.447
21.721
22.766
19.551
22.137
17.939
24.486
24.539
14.445
23.716
21.914
16.821
27.729
19.354
15.771
18.414
24.763
8.548
9.714
16.681
13.859
21.987
25.008
20.879
24.598
13.864
6.411
9.595
4.984
2.610
4.867
11.377
4.070
13.517
25.230
14.800
9.774
20.298
11.527
16.507
13.564
19.430
21.449
26.559
18.686
9.715
13.737
13.691
10.501
6.084
7.433
9.563
11.382
17.106
20.357
5.408
21.226
6.878
4.553
7.561
8.008
6.319
19.952
2.877
23.015
20.278
23.508
23.000
14.613
4.306
9.085
1.859
2.420
3.675
5.158
16.495
11.808
9.086
5.416
10.610
6.727
3.574
3.674
17.626
13.622
4.708
3.204
2.740
15.631
7.967
7.089
2.145
12.011
8.301
11.843
7.165
7.363
14.453
4.640
1.826
2.285
2.509
15.596
24.412
25.256
23.252
16.133
3.315
8.035
2.585
11.752
16.985
15.379
12.314
12.677
13.520
13.855
19.305
14.968
12.979
13.893
1.245
12.295
4.776
1.353
12.911
10.623
16.679
10.908
8.362
9.704
14.593
17.589
22.875
19.504
14.593
20.654
18.137
21.895
18.350
10.481
9.712
16.103
12.732
19.242
21.696
19.125
5.657
16.401
12.269
21.612
19.748
7.702
11.902
10.841
14.854
21.119
5.289
14.450
2.600
3.661
13.876
13.103
17.205
20.999
21.714
24.046
11.371
16.302
14.196
18.922
17.963
11.868
12.487
13.120
20.563
10.179
10.499
9.031
16.237
17.841
16.640
11.949
2.334
8.539
13.160
9.979
13.229
18.831
15.062
2.092
21.035
17.385
12.717
10.725
12.385
8.745
12.373
8.579
11.461
17.661
12.817
5.543
12.951
12.515
12.135
9.426
3.598
7.435
10.159
3.283
5.296
14.314
22.733
21.979
27.171
17.101
25.597
16.947
12.118
15.127
20.768
17.578
16.602
25.209
26.525
20.168
19.413
18.752
15.846
7.826
14.233
19.980
10.298
13.849
10.696
12.009
20.049
14.882
16.940
2.123
10.859
10.516
3.325
15.705
9.380
22.461
9.626
25.488
26.593
16.611
12.004
8.618
7.895
3.962
2.286
8.037
16.364
6.992
12.713
16.957
18.471
8.731
12.792
9.366
9.940
5.133
10.462
5.636
11.744
12.640
24.410
5.353
22.129
14.179
20.389
17.669
11.273
10.613
2.640
2.136
7.714
4.822
9.365
5.343
2.736
6.249
7.745
11.773
17.788
26.410
28.270
28.103
24.326
16.161
14.615
14.601
7.759
14.161
14.437
8.258
9.335
12.268
22.792
21.776
10.785
10.161
19.883
17.967
20.419
25.107
26.676
27.943
26.591
19.529
11.949
15.488
19.216
20.881
28.064
27.902
20.521
21.827
23.910
13.185
19.356
27.872
27.435
27.275
7.517
17.217
17.338
22.832
20.288
27.374
27.376
19.293
13.657
11.057
10.763
13.785
19.342
24.057
19.730
17.838
20.034
23.942
28.032
24.737
17.891
26.808
18.761
28.407
27.984
28.545
28.746
25.364
23.836
22.614
24.185
22.013
22.794
26.468
19.762
17.056
23.580
18.057
24.045
23.523
12.499
18.596
5.459
16.662
28.356
21.305
19.190
20.784
9.788
14.610
19.499
11.008
16.174
25.305
26.286
25.317
21.755
21.148
24.776
26.184
27.309
27.792
26.238
20.223
21.606
21.342
16.905
29.147
21.390
15.876
21.465
21.659
21.059
22.138
16.204
19.906
19.485
11.272
9.368
5.673
3.909
7.345
16.114
7.323
16.337
14.262
9.792
6.252
13.831
19.121
13.195
17.877
13.201
26.587
11.746
23.809
13.954
8.539
8.052
3.963
10.056
2.786
6.762
3.282
11.193
16.207
15.438
12.252
10.027
5.674
1.643
6.295
1.324
8.523
9.689
9.996
7.867
1.236
8.373
2.165
12.119
6.039
18.976
12.013
19.202
14.034
2.820
19.310
6.553
1.235
3.545
8.320
3.225
11.621
4.207
6.072
6.694
2.894
10.082
3.584
1.404
3.281
8.320
8.890
5.402
13.256
19.820
13.612
15.517
14.090
8.987
16.662
15.716
9.215
1.279
14.750
18.729
9.389
15.700
18.514
7.793
6.904
2.758
9.646
7.975
17.612
14.381
11.026
11.493
3.051
2.773
9.469
3.537
5.422
6.674
21.890
13.768
11.105
22.944
13.489
15.532
9.704
10.523
6.600
3.563
5.394
8.620
12.577
10.345
7.747
8.272
16.821
24.997
13.703
9.736
22.416
16.960
8.723
23.312
20.621
15.869
21.882
24.078
22.549
14.778
13.616
9.995
16.576
9.175
15.231
4.297
6.568
13.443
1.776
1.912
3.210
8.934
3.975
7.364
13.511
21.616
14.421
20.734
19.737
26.394
14.140
14.883
21.591
17.140
16.932
19.226
19.424
17.710
17.310
19.781
18.209
12.510
2.466
22.715
18.428
20.467
8.497
12.347
11.838
15.022
4.948
3.669
5.606
5.796
3.589
14.775
20.746
10.866
10.872
14.760
7.337
13.122
10.432
8.828
11.206
9.421
5.318
6.893
5.926
6.566
6.090
17.803
16.179
13.534
14.157
10.896
4.227
4.783
1.717
2.250
4.171
8.707
9.024
5.351
9.578
1.833
4.248
2.594
3.884
8.954
13.439
8.539
7.456
5.681
17.461
12.726
27.599
13.726
24.545
6.786
7.941
3.476
3.942
3.726
1.273
24.223
20.148
8.825
5.033
5.878
2.937
12.163
9.527
8.322
3.717
9.299
7.134
21.906
22.945
21.490
21.938
15.453
16.376
16.906
5.325
17.716
22.338
29.241
25.202
21.668
19.846
18.351
17.854
14.245
16.977
12.098
12.090
19.536
10.056
14.343
9.263
10.367
1.750
8.961
20.298
4.488
9.699
27.553
21.954
23.760
24.112
26.169
19.551
21.164
24.026
24.678
24.085
22.363
24.291
18.097
19.441
18.536
27.877
26.814
28.257
26.869
24.191
26.003
17.872
16.095
21.858
16.875
21.313
24.971
13.188
24.546
24.873
16.134
27.334
17.734
19.603
16.981
17.496
14.494
19.626
26.659
21.766
12.303
22.116
26.025
14.410
15.158
3.681
7.876
15.331
24.368
18.525
27.488
18.354
29.161
28.041
21.609
19.001
17.665
23.429
16.935
27.073
17.105
22.604
27.628
28.614
27.656
18.937
18.192
16.367
23.035
26.515
26.425
28.931
23.187
21.286
10.262
11.999
12.372
21.173
25.050
19.787
20.157
23.173
27.658
17.894
12.998
25.907
18.057
13.260
11.928
21.950
27.873
28.668
24.677
15.524
17.759
13.336
25.563
9.799
12.063
11.567
18.315
21.094
22.593
25.848
16.558
15.802
25.491
26.984
27.612
22.183
15.039
23.004
11.862
8.364
17.826
8.242
25.342
26.046
18.990
14.087
17.576
17.060
6.705
5.956
4.815
4.416
4.312
3.398
3.419
7.106
24.455
10.315
17.547
11.729
13.090
14.756
7.406
13.078
5.043
9.783
8.781
2.802
7.611
13.875
15.981
14.905
14.970
4.501
2.917
1.953
11.321
14.883
10.836
2.062
9.754
4.452
1.085
9.446
7.832
3.706
2.174
15.764
2.622
11.053
4.588
6.574
1.998
6.583
4.359
4.900
2.050
9.151
18.138
7.195
4.649
10.704
10.876
16.154
8.005
3.375
6.844
6.456
6.089
11.548
2.407
5.195
9.458
22.208
15.162
12.517
15.832
3.693
9.496
16.679
14.736
14.677
13.233
2.587
4.700
18.136
21.324
24.509
16.828
24.301
24.634
23.552
22.904
17.087
11.141
15.187
12.449
11.947
16.585
17.271
23.046
11.239
18.162
9.810
21.434
7.963
3.214
13.977
20.443
17.232
16.402
16.219
19.328
6.440
1.815
14.046
24.158
23.264
21.155
19.410
21.725
26.933
27.191
22.675
20.104
16.983
13.375
14.214
18.366
11.339
21.309
18.266
15.308
24.589
9.569
7.190
16.182
11.147
21.282
15.752
25.856
20.601
14.046
26.798
20.773
24.337
26.467
23.312
22.402
19.813
27.775
4.577
14.679
5.645
6.893
12.692
16.082
22.845
11.544
22.323
21.773
7.833
8.423
3.787
4.853
12.485
10.064
2.946
2.851
2.005
0.990
17.521
4.746
1.700
6.554
9.109
11.155
2.362
4.786
25.541
10.454
4.221
8.462
5.641
1.514
11.769
13.340
6.666
4.461
15.078
19.438
23.880
8.346
20.034
5.676
14.057
6.059
1.944
2.143
4.692
2.351
9.011
6.999
7.169
3.938
11.811
15.377
6.107
4.275
6.005
7.644
11.787
5.950
17.494
20.176
1.759
4.985
12.150
9.795
27.034
24.646
14.505
25.891
17.855
24.648
8.319
6.112
11.031
4.991
2.572
3.663
12.460
2.602
9.006
1.433
7.262
20.082
5.933
10.786
7.377
8.435
3.714
11.451
23.185
15.279
25.022
19.273
23.968
17.421
22.388
27.049
27.973
28.396
27.185
27.635
24.063
23.784
24.806
23.308
18.325
25.823
16.421
11.050
24.858
20.762
20.159
21.096
24.935
15.896
27.883
24.186
21.377
22.061
25.233
23.403
23.415
20.571
14.572
12.821
17.113
16.205
16.260
21.726
22.995
16.177
19.658
23.769
14.834
25.042
7.153
9.583
13.788
10.570
21.561
19.170
25.035
22.680
26.425
16.255
28.578
23.339
24.211
22.054
11.334
18.162
13.891
24.157
27.562
17.715
7.415
20.441
24.466
16.745
15.412
25.146
18.685
24.276
12.639
9.821
17.689
16.702
18.975
21.621
22.689
10.857
5.475
5.594
9.858
19.697
19.211
8.462
14.148
17.570
16.718
18.147
16.524
14.570
28.342
27.648
14.034
23.617
22.034
27.307
23.356
25.040
12.060
4.788
8.918
19.171
26.625
17.222
17.915
24.881
16.804
15.542
5.638
8.498
13.250
15.869
17.442
18.537
18.564
9.136
20.867
19.176
8.445
10.388
2.671
3.918
7.921
1.297
9.020
12.604
3.916
7.682
10.032
2.665
17.002
3.611
5.085
7.163
5.364
8.194
1.411
10.973
5.619
5.227
12.028
6.070
2.203
2.722
4.740
7.961
3.250
9.982
9.226
10.851
13.626
5.186
11.192
5.159
2.781
13.484
7.658
13.286
12.398
6.926
11.425
9.609
11.698
22.539
24.596
25.099
10.883
2.681
2.216
6.983
12.499
23.725
18.147
6.225
7.578
12.841
15.385
18.185
16.129
10.614
6.317
13.803
14.923
10.845
21.193
11.673
2.538
5.312
3.333
6.770
4.152
4.020
6.353
5.557
5.891
17.762
5.091
12.342
6.831
4.385
11.771
14.117
8.989
21.315
16.338
21.674
23.841
16.826
14.521
13.608
13.465
14.809
19.325
19.590
2.670
4.125
14.297
8.478
6.404
13.187
13.262
13.533
7.359
8.016
17.192
22.850
14.756
18.295
21.370
15.728
20.412
4.295
11.810
9.248
18.446
24.935
17.213
16.292
9.744
13.129
11.831
17.985
11.967
14.950
5.667
18.601
9.675
5.750
16.238
16.780
18.274
18.944
1.648
5.808
4.670
3.885
2.621
3.571
7.617
4.727
17.444
20.722
16.810
11.404
6.936
13.233
26.621
11.961
15.140
6.029
2.109
3.842
4.614
11.916
15.216
11.489
2.637
9.726
7.972
7.804
2.340
10.332
17.832
13.450
15.589
14.405
14.919
21.539
2.585
3.410
17.071
15.942
22.652
5.930
5.391
1.147
0.952
2.725
3.490
15.361
7.362
5.550
7.531
13.198
5.579
3.350
12.250
7.201
6.151
3.703
4.680
7.568
8.179
18.408
26.953
21.999
17.360
9.524
4.799
12.740
3.095
1.336
2.251
4.505
6.890
1.738
4.242
8.574
3.904
9.154
5.815
9.206
4.516
17.486
27.242
16.222
18.648
25.539
14.398
15.523
26.254
23.091
24.883
4.696
8.225
5.635
9.320
9.070
2.850
2.458
3.043
1.677
4.117
2.731
5.546
3.207
8.442
14.518
16.583
20.844
15.868
23.581
24.545
18.694
19.478
21.556
20.890
15.585
12.941
16.440
23.650
21.506
13.657
12.671
20.833
22.519
11.176
17.432
20.208
14.363
3.250
8.327
12.908
7.114
17.576
10.548
16.617
17.143
14.874
11.396
14.272
20.596
19.043
10.214
6.922
16.896
17.993
15.564
17.784
17.063
22.225
5.802
13.148
11.118
7.847
12.877
14.014
21.927
21.121
23.833
11.885
20.150
24.469
22.370
19.630
15.162
24.322
16.824
16.417
13.188
15.153
6.875
15.669
25.528
17.188
25.233
19.590
14.690
23.964
16.489
2.768
7.740
19.933
11.444
4.439
8.041
4.071
12.745
9.167
8.463
12.835
6.002
4.749
4.988
15.896
10.754
19.451
4.451
4.087
6.327
17.154
10.443
4.617
5.793
9.779
20.640
22.669
25.902
13.232
16.422
28.207
28.907
22.856
25.691
20.423
9.824
4.727
10.994
16.587
4.453
6.482
14.441
8.631
4.867
9.574
26.809
9.933
9.432
5.353
12.120
19.787
10.993
7.217
10.383
9.214
8.548
2.975
2.814
15.425
13.172
4.847
3.134
6.516
4.016
7.764
3.986
5.135
12.776
13.902
6.114
6.894
10.613
13.257
14.443
10.592
8.849
15.803
7.274
6.927
3.034
16.960
8.483
4.609
9.404
3.690
3.392
2.521
19.091
14.115
5.525
16.366
18.307
14.976
13.842
3.992
2.704
2.906
1.206
8.363
3.493
4.096
3.541
2.959
6.083
9.546
2.012
2.398
0.995
12.208
1.396
5.085
3.852
8.036
1.042
15.252
3.093
17.385
7.714
13.321
14.720
23.925
21.106
9.394
1.956
10.062
13.891
15.304
25.342
25.135
14.240
2.720
6.682
4.309
3.019
10.339
7.711
13.071
12.038
11.151
20.912
22.075
1.748
1.101
13.008
3.042
20.729
20.949
17.749
12.568
6.890
4.554
2.090
6.195
14.107
14.147
6.063
7.262
6.848
2.731
3.459
3.565
1.581
9.235
6.547
8.469
6.651
8.066
7.912
15.792
17.101
19.525
10.976
4.087
6.099
15.107
7.634
4.072
14.017
19.635
25.347
9.595
7.473
4.914
11.169
23.046
8.826
1.941
5.780
12.044
12.108
10.884
10.119
10.037
8.666
3.728
6.435
16.544
7.402
10.763
2.451
11.792
14.382
9.514
5.211
10.937
23.002
18.683
14.155
12.194
15.110
13.349
17.150
15.004
2.732
6.646
13.353
12.285
10.121
8.420
2.917
17.598
4.008
9.254
7.358
0.855
2.041
2.484
6.978
13.363
4.406
4.453
11.772
1.761
5.246
6.735
8.255
13.919
20.637
21.204
18.561
13.316
11.624
3.847
4.564
16.138
15.224
3.307
16.621
18.148
22.934
15.126
23.770
17.028
10.819
20.324
6.158
8.927
9.730
13.659
19.074
24.747
9.515
5.070
5.456
4.575
5.830
10.382
4.991
5.480
14.914
9.088
19.520
26.787
8.633
21.535
13.215
6.806
10.816
3.052
9.071
10.268
12.927
11.597
10.473
16.924
21.806
8.794
19.165
16.375
13.702
15.140
11.002
5.462
18.381
26.642
28.403
22.446
12.483
6.490
10.251
12.886
21.604
16.732
4.525
7.422
8.163
9.977
3.052
10.130
16.569
18.460
20.184
23.944
14.629
18.144
4.042
1.680
13.152
8.548
14.688
18.519
14.449
14.080
17.081
17.315
19.066
16.897
18.100
13.089
19.242
27.514
9.238
20.129
21.806
13.871
25.983
26.121
26.109
23.054
27.859
24.651
27.294
27.791
11.956
16.216
8.075
20.465
22.786
27.174
27.382
25.842
23.815
25.172
21.327
27.521
25.744
26.922
28.829
22.457
22.711
8.546
9.885
7.194
16.115
24.115
25.792
13.618
23.441
22.317
14.282
15.703
14.888
11.334
11.611
9.865
2.447
11.801
4.640
10.825
18.683
19.796
14.898
23.693
19.837
6.513
15.223
20.982
28.217
18.733
20.903
28.313
29.580
27.178
25.093
15.974
20.508
29.172
16.041
7.855
16.354
12.885
3.309
4.738
16.802
22.993
15.056
27.632
6.254
21.913
26.183
25.072
26.789
24.113
16.430
9.797
27.473
20.920
19.089
12.482
6.102
19.769
14.907
17.288
16.590
28.464
18.827
5.803
8.798
11.780
9.297
4.589
11.812
18.938
4.869
2.071
8.094
2.976
12.257
8.424
6.388
8.268
22.559
11.265
17.229
8.030
3.316
3.069
6.781
3.829
5.555
9.476
1.869
3.822
3.160
4.391
13.593
9.941
5.317
1.922
12.563
5.474
15.676
11.044
3.758
10.309
20.173
9.028
19.927
20.563
8.771
9.195
9.009
15.550
12.873
8.339
5.424
14.437
15.484
20.522
24.694
18.428
24.559
22.196
16.122
9.511
14.567
13.706
17.125
17.425
17.403
25.235
22.050
18.136
12.499
2.436
0.959
2.749
4.238
8.989
7.984
9.729
13.821
13.287
6.203
19.512
19.863
22.238
22.620
23.180
24.865
22.675
23.980
17.640
18.734
24.607
25.172
25.279
14.859
24.150
14.718
25.055
25.896
25.639
24.391
25.378
24.320
25.656
24.646
24.945
24.831
12.483
15.563
14.291
11.757
19.850
23.363
22.442
15.848
20.563
22.176
24.043
20.359
13.628
12.214
8.044
7.038
14.128
19.146
13.797
19.936
16.154
19.704
12.296
21.597
13.928
17.671
19.762
25.094
23.052
14.035
11.683
17.955
5.570
1.984
16.596
9.889
22.033
15.180
23.075
3.224
17.277
17.582
12.786
17.998
3.052
17.438
15.198
11.817
14.054
11.910
17.291
24.713
26.810
2.662
1.457
20.175
23.849
23.514
8.745
17.050
28.174
18.809
27.793
13.920
23.345
15.286
4.466
16.621
3.860
12.862
0.895
5.212
10.569
8.830
2.454
16.450
10.940
3.179
7.799
3.980
12.730
4.788
4.685
12.675
9.206
23.521
11.394
23.532
22.490
25.700
26.381
25.428
11.438
3.514
3.674
8.658
8.758
6.305
7.589
1.958
5.452
6.079
2.929
7.993
8.374
22.427
17.475
23.965
16.819
13.227
21.483
22.041
21.021
25.929
26.450
21.673
12.329
9.767
2.518
10.545
3.922
3.016
2.050
2.900
5.496
4.094
5.509
17.402
13.205
3.475
3.596
9.561
16.531
24.797
25.969
10.658
19.656
11.375
16.775
16.437
24.480
7.699
18.900
12.733
7.535
18.065
16.153
8.337
1.789
6.693
11.929
22.975
16.594
12.319
23.239
17.329
12.817
25.202
13.573
22.613
6.979
14.640
9.743
7.682
3.839
3.682
0.883
19.884
20.320
3.390
12.970
22.397
3.881
2.486
4.417
1.654
16.371
24.675
9.633
14.594
25.353
17.140
25.986
19.474
8.693
15.226
3.996
12.593
1.723
3.103
12.319
13.488
11.002
7.622
22.214
24.564
14.423
23.660
25.713
21.500
28.093
20.832
14.023
18.876
27.690
15.865
21.237
10.109
6.008
4.130
26.172
20.713
24.272
8.775
15.339
3.680
9.053
13.150
11.038
27.593
13.290
6.431
4.662
12.398
8.207
9.113
20.455
14.164
7.234
6.862
11.326
11.813
6.882
3.948
5.879
7.932
14.719
6.118
17.519
2.389
5.987
5.034
3.387
6.211
9.526
4.956
15.449
5.503
5.107
27.422
7.049
13.113
6.436
5.855
2.056
5.004
5.640
7.001
19.935
13.225
24.032
26.371
27.039
22.685
9.926
7.501
4.030
2.275
8.559
14.018
8.058
14.009
10.231
2.376
2.033
13.792
12.541
5.256
6.775
4.294
6.338
6.759
4.394
3.942
3.996
9.982
10.464
5.744
8.826
2.788
10.778
8.525
13.219
1.541
4.049
2.604
4.926
2.107
6.918
12.610
6.986
7.178
10.106
9.210
7.858
2.533
4.517
4.934
9.010
2.930
8.661
7.205
3.152
4.266
6.399
0.925
22.279
17.997
10.490
8.826
1.911
4.707
4.466
7.199
4.212
7.252
4.663
13.242
10.536
20.646
0.998
11.785
14.013
12.941
13.069
12.097
11.377
3.065
15.623
17.769
8.585
9.633
23.090
14.918
12.443
4.450
2.314
7.698
8.690
5.185
3.870
6.887
11.134
13.579
7.134
12.360
5.522
10.749
5.068
7.860
7.691
8.409
7.829
10.442
12.492
7.573
9.647
22.203
8.546
7.026
6.794
8.109
11.057
8.669
10.015
19.182
17.247
13.585
3.804
8.324
2.639
2.635
5.274
10.407
3.964
4.862
1.194
5.404
2.499
0.830
2.980
2.808
11.744
16.480
10.754
15.559
7.176
2.621
12.425
13.163
8.002
4.453
4.474
1.442
6.497
9.652
10.899
2.150
6.625
3.460
8.685
13.701
7.545
8.292
12.367
12.002
7.107
13.371
7.330
6.651
5.635
5.029
2.133
2.571
2.702
6.748
5.306
10.783
3.858
10.798
1.073
9.402
6.236
2.327
13.011
8.829
6.851
5.935
2.655
3.894
7.689
8.117
5.142
6.186
2.897
3.364
4.067
2.185
0.845
8.318
2.455
2.748
1.731
6.377
14.946
1.684
2.758
1.838
7.870
11.342
8.425
7.006
4.443
5.748
11.229
7.078
11.929
4.988
8.274
14.645
10.936
8.297
2.128
4.940
8.679
16.081
2.104
12.692
3.845
8.470
5.290
13.921
15.509
3.640
9.943
9.259
15.356
5.015
4.743
9.940
4.310
8.326
13.180
3.267
6.168
9.572
9.592
6.466
18.859
5.234
7.384
5.412
11.822
10.604
18.705
14.993
14.180
13.003
10.657
10.993
3.680
4.313
3.101
7.771
9.191
9.131
6.752
6.878
2.321
7.984
16.575
15.557
8.153
2.915
12.868
11.975
10.295
14.314
6.984
12.670
13.746
15.636
23.324
17.112
15.077
9.732
7.005
7.064
3.869
10.457
11.255
9.623
6.827
21.155
16.500
16.577
11.520
16.225
19.067
11.686
5.400
4.901
8.018
12.218
15.094
11.838
6.362
12.461
15.354
11.623
16.147
16.754
25.077
19.847
12.887
12.311
2.113
11.020
5.831
8.211
10.486
15.830
10.892
4.198
1.504
1.294
12.850
8.518
1.221
11.986
13.042
9.581
3.850
14.552
17.498
22.845
24.138
10.485
9.046
11.930
20.536
15.892
4.984
3.705
19.118
12.162
10.377
6.888
13.152
15.429
10.907
4.605
12.177
7.123
7.518
3.724
12.136
10.946
14.206
11.788
4.637
11.175
17.333
14.558
9.623
9.961
6.952
3.749
6.416
6.186
11.204
2.999
8.592
5.217
9.074
6.149
4.115
1.733
2.619
9.644
2.482
8.852
1.071
9.511
18.251
21.413
24.366
24.261
8.117
12.383
9.917
10.116
8.707
2.288
4.174
5.816
4.699
12.783
10.016
5.081
18.773
7.115
3.743
8.174
3.485
15.513
10.573
2.818
3.799
3.709
8.916
7.983
4.925
5.443
2.008
1.270
6.040
2.523
5.796
2.431
2.972
7.627
6.064
7.060
8.519
4.980
1.678
1.475
2.655
9.636
5.419
1.981
3.869
0.766
2.189
4.164
3.334
0.775
4.987
1.711
2.492
14.333
2.468
3.155
1.679
2.472
3.332
10.135
13.775
6.103
6.588
7.867
10.120
11.019
10.513
10.382
12.134
11.717
11.616
4.287
2.494
5.425
1.237
10.764
5.339
16.687
12.244
10.292
16.568
12.092
10.938
5.256
9.560
10.798
3.222
5.970
8.062
9.244
5.408
4.809
13.214
8.964
2.958
10.279
2.600
11.443
6.352
3.602
12.811
11.312
3.993
7.803
4.232
6.405
7.344
9.260
4.650
2.750
6.312
11.015
10.331
4.907
17.675
20.910
12.793
10.639
8.948
23.265
19.610
18.062
14.891
7.262
17.351
7.777
3.488
16.971
5.801
11.154
13.125
10.293
14.761
5.967
6.273
4.804
12.640
13.680
15.440
10.699
13.909
13.356
14.739
8.071
13.627
7.891
3.385
6.582
0.944
2.559
2.495
10.193
11.062
11.847
4.574
4.179
13.679
12.456
10.727
7.023
11.732
4.998
10.694
1.270
6.935
3.830
11.411
4.396
2.826
7.804
1.615
1.072
3.806
1.776
3.149
7.453
5.631
6.757
10.241
8.656
9.259
13.333
2.382
3.045
5.383
8.728
5.233
5.484
4.454
7.908
9.960
3.629
3.915
6.004
2.567
3.912
10.187
2.548
14.367
8.053
4.159
5.450
4.623
5.675
1.905
4.990
9.419
6.766
7.966
5.280
4.788
3.633
10.523
9.923
7.236
3.011
9.569
13.307
18.935
12.964
13.247
14.745
10.741
7.489
10.035
12.230
9.972
13.371
15.057
13.015
17.237
20.497
10.252
7.660
3.360
8.507
8.321
9.805
5.524
4.706
10.643
11.818
14.646
15.788
19.113
18.696
12.287
3.787
12.903
13.257
12.630
10.223
11.188
25.088
7.127
9.858
10.137
8.765
11.147
18.195
17.624
10.524
11.061
11.628
4.711
14.109
17.552
20.710
12.008
11.442
12.417
9.562
10.381
17.801
20.630
11.840
17.559
17.886
18.670
16.386
7.943
10.892
19.561
19.191
11.348
7.139
11.928
13.626
5.193
6.635
6.308
8.211
15.193
12.349
9.063
9.932
5.787
10.903
15.152
9.511
9.702
10.417
14.825
11.761
5.927
4.326
8.781
10.973
15.653
14.309
16.501
16.684
17.767
10.978
14.930
14.963
9.572
11.720
10.185
12.186
12.465
18.175
14.554
17.217
10.177
12.496
10.808
12.314
12.823
15.234
9.364
5.222
10.236
14.180
10.460
9.022
8.801
1.432
11.789
8.156
14.777
12.792
5.181
12.379
18.377
10.120
8.700
9.400
5.343
3.141
7.315
11.000
7.205
5.124
9.689
12.045
10.046
5.197
11.572
9.887
3.760
3.373
6.085
6.895
3.159
2.083
12.823
11.645
10.996
7.697
8.099
9.939
9.476
3.190
8.179
7.672
5.698
6.342
12.538
12.084
5.065
5.801
10.930
10.065
7.174
12.387
14.130
9.812
9.627
0.743
2.179
4.509
3.638
5.522
8.834
2.061
3.222
3.243
3.951
4.754
10.405
6.547
3.627
1.596
7.169
3.780
5.137
9.915
5.506
2.372
6.755
15.829
8.786
15.140
11.876
3.183
7.510
4.017
9.032
3.047
9.171
10.806
2.117
2.423
8.244
7.220
4.473
11.552
5.883
6.858
9.218
6.149
5.372
7.541
14.712
15.609
9.106
11.525
13.225
12.571
13.315
13.680
13.664
24.521
17.394
17.258
15.247
13.717
9.974
7.155
10.713
7.631
6.319
7.270
7.634
9.460
9.584
10.655
2.770
4.064
4.111
11.542
14.162
13.651
7.283
6.992
15.537
11.221
1.356
6.362
6.288
0.864
0.901
3.263
1.714
5.502
2.356
3.986
6.298
13.873
4.178
8.063
16.969
3.267
10.219
11.355
10.186
7.270
6.737
6.000
11.201
17.339
9.134
8.678
1.758
3.600
6.183
2.532
16.167
10.161
2.952
14.691
9.152
9.174
7.938
7.376
2.127
3.668
2.251
3.474
11.769
1.605
1.763
2.952
11.150
1.524
7.912
10.741
12.103
5.237
11.101
9.021
12.284
6.160
7.073
11.969
8.695
9.617
7.216
10.755
7.035
8.000
12.245
2.632
11.890
7.733
4.675
3.818
8.725
8.399
6.210
8.924
9.381
8.047
3.120
3.233
2.074
6.151
5.002
12.288
7.155
7.367
7.903
4.492
5.131
10.948
2.120
2.936
5.076
7.999
1.778
6.118
12.080
7.506
6.739
6.934
8.256
12.515
5.795
11.254
4.421
3.281
6.593
6.922
7.065
4.782
2.660
7.766
5.077
6.328
12.660
7.479
6.809
4.835
3.431
11.956
5.098
8.917
7.041
19.707
11.600
9.815
12.617
10.317
14.797
15.129
16.908
6.905
6.757
12.004
13.320
8.765
16.184
11.626
13.982
17.514
5.027
8.833
17.322
14.481
12.516
7.308
10.374
7.443
4.711
3.690
3.784
2.804
16.477
9.535
15.765
12.974
13.841
16.386
13.214
14.310
10.526
12.033
12.136
12.463
16.383
17.612
15.387
15.815
11.087
11.029
10.254
12.088
14.887
13.679
19.162
17.633
13.395
13.831
20.317
19.842
17.422
14.332
16.142
12.013
12.580
7.323
19.320
16.229
5.851
3.848
6.757
5.992
5.979
14.441
10.856
5.129
8.977
10.103
9.013
6.747
4.001
9.823
11.066
9.052
16.083
9.666
7.560
9.791
10.629
10.279
12.563
7.875
6.085
10.135
8.719
6.689
5.494
9.006
5.567
6.853
11.065
5.866
4.776
6.899
3.715
5.670
6.495
8.962
11.541
10.722
6.562
8.588
21.575
22.236
16.680
11.273
6.405
10.550
8.893
9.049
9.055
3.865
4.960
8.645
9.992
13.826
4.896
10.374
16.452
13.149
10.022
15.085
8.936
9.687
5.083
7.678
12.974
10.666
2.198
3.876
4.668
13.448
13.453
10.357
2.392
8.848
2.211
12.020
9.947
8.234
9.779
3.676
10.974
9.339
9.712
8.931
8.114
6.058
4.824
1.657
3.615
11.282
6.278
4.840
9.544
4.086
4.502
10.700
4.657
7.546
13.253
1.480
8.985
5.266
5.000
3.656
3.190
11.651
8.224
10.802
3.240
4.492
8.379
1.171
3.995
2.289
0.818
10.068
5.904
10.404
5.259
6.663
11.819
1.426
11.563
12.945
3.778
5.484
4.137
5.744
6.040
1.592
4.674
12.544
6.538
12.251
6.059
6.393
12.098
19.942
12.772
16.188
21.297
13.033
10.041
9.339
11.461
7.782
14.079
6.784
2.645
5.687
5.977
6.341
10.962
9.445
6.079
15.399
11.165
15.010
13.419
9.135
9.941
9.031
9.201
7.484
1.196
5.901
8.047
11.325
8.744
11.734
8.182
10.847
5.371
12.578
8.621
7.478
2.959
13.336
4.741
9.993
2.459
13.081
3.203
12.444
7.191
10.866
12.276
6.505
7.465
14.580
7.996
7.020
11.257
1.490
2.409
10.318
12.115
7.467
7.557
11.069
2.369
1.805
11.773
11.254
3.840
11.536
1.658
3.807
0.838
2.258
2.272
9.851
12.883
5.257
2.924
15.323
8.360
11.485
3.460
3.989
12.499
15.424
6.720
5.793
16.448
5.046
4.792
8.109
18.007
13.572
20.418
18.289
17.367
20.899
18.054
8.749
12.520
7.904
15.711
7.862
13.143
12.756
8.582
9.763
5.646
9.505
10.137
1.186
3.122
5.947
4.548
7.493
6.864
7.591
7.278
6.082
14.148
1.833
8.502
10.731
11.155
2.387
1.451
5.822
2.564
8.866
3.173
14.219
6.436
7.127
2.492
4.970
13.302
14.587
9.555
11.082
9.092
1.513
12.350
5.242
3.731
7.210
7.391
9.610
10.270
9.772
17.875
23.580
10.263
12.282
9.195
5.444
2.360
10.766
9.356
5.145
4.412
5.667
15.407
18.241
8.218
11.265
7.786
13.669
14.090
14.212
10.608
10.501
10.709
19.810
12.616
18.773
21.984
20.508
21.623
16.830
13.977
6.923
5.866
10.085
6.026
11.770
17.549
22.158
12.858
10.462
10.948
8.025
7.166
13.402
14.956
15.554
24.286
21.538
18.034
15.240
19.568
16.998
17.410
13.648
24.143
22.141
19.476
14.670
19.057
14.796
19.442
20.982
25.913
10.827
16.411
12.234
22.365
19.832
18.546
